imagesource:GoogleEarth
gsd:0.230566259289
4467.0 3349.0 4468.0 3357.0 4441.0 3357.0 4442.0 3347.0 small-vehicle 1
3279.0 3754.0 3278.0 3765.0 3257.0 3763.0 3257.0 3752.0 small-vehicle 0
3012.0 3681.0 3001.0 3680.0 3002.0 3661.0 3011.0 3661.0 small-vehicle 0
3032.0 3676.0 3034.0 3667.0 3055.0 3673.0 3053.0 3683.0 small-vehicle 0
2983.0 3820.0 2984.0 3809.0 3006.0 3812.0 3007.0 3822.0 small-vehicle 0
2983.0 3834.0 2983.0 3824.0 3004.0 3825.0 3005.0 3834.0 small-vehicle 0
3099.0 3750.0 3101.0 3759.0 3080.0 3759.0 3079.0 3749.0 small-vehicle 0
3118.0 3856.0 3128.0 3857.0 3128.0 3880.0 3118.0 3880.0 small-vehicle 0
3132.0 3856.0 3142.0 3858.0 3140.0 3882.0 3130.0 3881.0 small-vehicle 0
3142.0 3859.0 3150.0 3858.0 3150.0 3880.0 3141.0 3881.0 small-vehicle 0
3315.0 3895.0 3315.0 3885.0 3338.0 3885.0 3337.0 3896.0 small-vehicle 0
3318.0 3854.0 3317.0 3843.0 3340.0 3844.0 3340.0 3855.0 small-vehicle 0
3321.0 3725.0 3320.0 3714.0 3342.0 3716.0 3343.0 3727.0 small-vehicle 0
3183.0 3682.0 3191.0 3681.0 3194.0 3703.0 3184.0 3702.0 small-vehicle 0
3966.0 3165.0 3961.0 3173.0 3940.0 3161.0 3945.0 3154.0 small-vehicle 0
3194.0 3682.0 3204.0 3681.0 3206.0 3704.0 3197.0 3704.0 small-vehicle 0
3182.0 3681.0 3171.0 3681.0 3173.0 3661.0 3182.0 3661.0 small-vehicle 0
3169.0 3706.0 3157.0 3707.0 3159.0 3684.0 3167.0 3684.0 small-vehicle 0
3096.0 3854.0 3106.0 3854.0 3104.0 3877.0 3095.0 3878.0 small-vehicle 0
2987.0 3809.0 2988.0 3799.0 3006.0 3800.0 3006.0 3811.0 small-vehicle 0
3024.0 3685.0 3013.0 3684.0 3014.0 3662.0 3025.0 3663.0 small-vehicle 1
3114.0 3673.0 3114.0 3681.0 3092.0 3679.0 3093.0 3671.0 small-vehicle 1
3113.0 3684.0 3113.0 3693.0 3090.0 3692.0 3090.0 3684.0 small-vehicle 1
3145.0 3684.0 3155.0 3684.0 3154.0 3709.0 3144.0 3708.0 small-vehicle 0
3171.0 3684.0 3179.0 3684.0 3179.0 3701.0 3170.0 3702.0 small-vehicle 1
3292.0 3722.0 3293.0 3713.0 3314.0 3715.0 3313.0 3724.0 small-vehicle 1
2991.0 3689.0 2979.0 3689.0 2979.0 3666.0 2990.0 3665.0 small-vehicle 0
2885.0 3716.0 2885.0 3704.0 2907.0 3706.0 2908.0 3716.0 small-vehicle 0
2850.0 3777.0 2858.0 3777.0 2857.0 3798.0 2850.0 3797.0 small-vehicle 0
2794.0 3849.0 2783.0 3847.0 2784.0 3827.0 2793.0 3827.0 small-vehicle 0
1021.0 3416.0 1030.0 3412.0 1039.0 3431.0 1031.0 3435.0 small-vehicle 0
2300.0 3810.0 2312.0 3810.0 2314.0 3834.0 2304.0 3836.0 small-vehicle 0
2400.0 3935.0 2398.0 3924.0 2424.0 3925.0 2424.0 3936.0 small-vehicle 0
2422.0 3958.0 2422.0 3968.0 2397.0 3968.0 2397.0 3959.0 small-vehicle 0
2425.0 3871.0 2425.0 3882.0 2404.0 3880.0 2404.0 3871.0 small-vehicle 0
2645.0 4023.0 2644.0 4033.0 2623.0 4033.0 2622.0 4022.0 small-vehicle 0
2583.0 4032.0 2584.0 4041.0 2562.0 4040.0 2563.0 4031.0 small-vehicle 0
2325.0 3995.0 2324.0 4004.0 2303.0 4003.0 2303.0 3994.0 small-vehicle 0
2179.0 4033.0 2167.0 4033.0 2172.0 4007.0 2180.0 4007.0 small-vehicle 0
2238.0 3997.0 2238.0 3989.0 2261.0 3990.0 2261.0 4000.0 small-vehicle 0
2157.0 3827.0 2167.0 3825.0 2171.0 3848.0 2162.0 3851.0 small-vehicle 1
2182.0 3826.0 2191.0 3824.0 2195.0 3845.0 2186.0 3846.0 small-vehicle 1
2277.0 3815.0 2286.0 3813.0 2288.0 3834.0 2279.0 3836.0 small-vehicle 1
2287.0 3814.0 2298.0 3812.0 2300.0 3834.0 2291.0 3836.0 small-vehicle 1
2154.0 3862.0 2153.0 3852.0 2175.0 3852.0 2176.0 3862.0 small-vehicle 1
2362.0 3916.0 2363.0 3924.0 2344.0 3924.0 2343.0 3916.0 small-vehicle 1
2322.0 3984.0 2322.0 3993.0 2305.0 3992.0 2305.0 3983.0 small-vehicle 1
2422.0 3947.0 2420.0 3958.0 2399.0 3955.0 2399.0 3947.0 small-vehicle 1
2340.0 3807.0 2346.0 3802.0 2358.0 3820.0 2351.0 3825.0 small-vehicle 1
2657.0 4021.0 2656.0 4012.0 2678.0 4012.0 2679.0 4022.0 small-vehicle 1
2679.0 4025.0 2678.0 4033.0 2659.0 4032.0 2660.0 4023.0 small-vehicle 1
2581.0 4007.0 2581.0 4018.0 2562.0 4018.0 2561.0 4008.0 small-vehicle 1
2830.0 3910.0 2841.0 3911.0 2839.0 3936.0 2828.0 3936.0 small-vehicle 0
3177.0 3751.0 3175.0 3762.0 3150.0 3760.0 3151.0 3749.0 small-vehicle 1
3145.0 3751.0 3145.0 3761.0 3125.0 3759.0 3126.0 3749.0 small-vehicle 1
3122.0 3751.0 3122.0 3760.0 3101.0 3759.0 3101.0 3750.0 small-vehicle 1
3504.0 3665.0 3507.0 3656.0 3528.0 3659.0 3525.0 3668.0 small-vehicle 0
4117.0 3365.0 4127.0 3366.0 4126.0 3387.0 4116.0 3388.0 small-vehicle 0
4114.0 3387.0 4107.0 3387.0 4107.0 3367.0 4114.0 3367.0 small-vehicle 0
4141.0 3369.0 4148.0 3368.0 4150.0 3389.0 4142.0 3389.0 small-vehicle 0
4283.0 3369.0 4292.0 3369.0 4291.0 3390.0 4282.0 3390.0 small-vehicle 0
4327.0 3372.0 4337.0 3372.0 4336.0 3396.0 4327.0 3396.0 small-vehicle 0
4366.0 3297.0 4374.0 3297.0 4376.0 3317.0 4366.0 3318.0 small-vehicle 0
4426.0 3460.0 4417.0 3460.0 4417.0 3437.0 4425.0 3438.0 small-vehicle 0
4439.0 3461.0 4430.0 3462.0 4428.0 3439.0 4437.0 3437.0 small-vehicle 0
4405.0 3438.0 4414.0 3438.0 4415.0 3462.0 4406.0 3461.0 small-vehicle 0
4369.0 3396.0 4358.0 3397.0 4360.0 3373.0 4370.0 3373.0 small-vehicle 1
4353.0 3299.0 4361.0 3299.0 4361.0 3319.0 4351.0 3318.0 small-vehicle 1
4342.0 3298.0 4348.0 3298.0 4348.0 3317.0 4341.0 3317.0 small-vehicle 1
4259.0 3370.0 4267.0 3371.0 4268.0 3391.0 4259.0 3391.0 small-vehicle 1
4270.0 3454.0 4258.0 3456.0 4258.0 3432.0 4268.0 3433.0 small-vehicle 1
4247.0 3432.0 4256.0 3432.0 4257.0 3455.0 4248.0 3454.0 small-vehicle 1
4164.0 3454.0 4155.0 3453.0 4154.0 3430.0 4162.0 3430.0 small-vehicle 1
4136.0 3453.0 4125.0 3452.0 4125.0 3429.0 4136.0 3430.0 small-vehicle 1
4102.0 3455.0 4092.0 3455.0 4092.0 3431.0 4101.0 3430.0 small-vehicle 1
4307.0 3294.0 4315.0 3294.0 4316.0 3316.0 4307.0 3316.0 small-vehicle 0
4284.0 3294.0 4292.0 3294.0 4293.0 3316.0 4284.0 3316.0 small-vehicle 0
4282.0 3321.0 4270.0 3321.0 4272.0 3293.0 4282.0 3293.0 small-vehicle 0
4262.0 3292.0 4272.0 3292.0 4271.0 3313.0 4261.0 3313.0 small-vehicle 0
4035.0 3217.0 4026.0 3212.0 4037.0 3194.0 4045.0 3199.0 small-vehicle 0
4082.0 3364.0 4092.0 3364.0 4093.0 3385.0 4082.0 3385.0 small-vehicle 0
3429.0 3546.0 3439.0 3544.0 3437.0 3564.0 3429.0 3564.0 small-vehicle 0
3010.0 3787.0 3010.0 3799.0 2988.0 3797.0 2988.0 3787.0 small-vehicle 1
3480.0 3551.0 3489.0 3551.0 3488.0 3572.0 3479.0 3571.0 small-vehicle 0
3002.0 3880.0 3001.0 3890.0 2982.0 3889.0 2981.0 3879.0 small-vehicle 1
3384.0 3987.0 3392.0 3987.0 3393.0 4009.0 3383.0 4009.0 small-vehicle 0
3340.0 3821.0 3340.0 3831.0 3321.0 3830.0 3321.0 3820.0 small-vehicle 0
3316.0 3882.0 3316.0 3873.0 3336.0 3873.0 3335.0 3883.0 small-vehicle 1
3411.0 3729.0 3411.0 3719.0 3435.0 3722.0 3433.0 3731.0 small-vehicle 1
3451.0 3733.0 3451.0 3721.0 3473.0 3723.0 3473.0 3734.0 small-vehicle 0
3582.0 3738.0 3581.0 3728.0 3603.0 3729.0 3602.0 3740.0 small-vehicle 0
3692.0 3744.0 3692.0 3734.0 3715.0 3735.0 3715.0 3745.0 small-vehicle 0
3719.0 3746.0 3718.0 3735.0 3741.0 3737.0 3740.0 3748.0 small-vehicle 0
3544.0 3774.0 3554.0 3774.0 3553.0 3793.0 3546.0 3794.0 small-vehicle 0
3569.0 3774.0 3577.0 3771.0 3586.0 3794.0 3578.0 3798.0 small-vehicle 0
3603.0 3844.0 3594.0 3844.0 3594.0 3822.0 3602.0 3821.0 small-vehicle 0
3593.0 3851.0 3604.0 3850.0 3603.0 3874.0 3593.0 3875.0 small-vehicle 0
3710.0 3840.0 3700.0 3841.0 3700.0 3818.0 3710.0 3819.0 small-vehicle 0
3807.0 3799.0 3818.0 3799.0 3817.0 3824.0 3807.0 3824.0 large-vehicle 0
3846.0 3807.0 3837.0 3807.0 3836.0 3788.0 3843.0 3787.0 small-vehicle 0
3845.0 3787.0 3856.0 3787.0 3858.0 3809.0 3849.0 3810.0 small-vehicle 0
3871.0 3792.0 3880.0 3791.0 3883.0 3808.0 3874.0 3810.0 small-vehicle 1
3618.0 4061.0 3616.0 4070.0 3595.0 4066.0 3595.0 4058.0 small-vehicle 0
3868.0 3609.0 3860.0 3614.0 3844.0 3594.0 3853.0 3587.0 small-vehicle 0
3543.0 3554.0 3552.0 3555.0 3550.0 3576.0 3541.0 3576.0 small-vehicle 0
3563.0 3554.0 3573.0 3554.0 3573.0 3576.0 3564.0 3576.0 small-vehicle 0
3526.0 3554.0 3536.0 3554.0 3536.0 3576.0 3527.0 3576.0 small-vehicle 0
1349.0 3420.0 1356.0 3415.0 1365.0 3432.0 1357.0 3438.0 small-vehicle 1
1329.0 3431.0 1337.0 3426.0 1346.0 3443.0 1337.0 3448.0 small-vehicle 1
1144.0 3504.0 1134.0 3504.0 1135.0 3480.0 1146.0 3480.0 small-vehicle 1
725.0 2432.0 724.0 2447.0 531.0 2425.0 532.0 2411.0 harbor 0
161.0 95.0 170.0 99.0 160.0 118.0 150.0 113.0 small-vehicle 1
400.0 220.0 405.0 228.0 386.0 241.0 381.0 231.0 small-vehicle 1
638.0 349.0 631.0 354.0 617.0 338.0 622.0 332.0 small-vehicle 0
311.0 480.0 309.0 491.0 288.0 488.0 289.0 478.0 small-vehicle 0
389.0 597.0 381.0 604.0 371.0 583.0 378.0 580.0 small-vehicle 0
375.0 607.0 366.0 610.0 359.0 590.0 367.0 587.0 small-vehicle 0
456.0 638.0 463.0 632.0 478.0 647.0 471.0 654.0 small-vehicle 0
448.0 647.0 453.0 642.0 466.0 657.0 460.0 662.0 small-vehicle 0
427.0 665.0 433.0 659.0 446.0 674.0 441.0 681.0 small-vehicle 0
419.0 660.0 411.0 667.0 393.0 649.0 400.0 642.0 small-vehicle 0
453.0 632.0 446.0 637.0 431.0 620.0 438.0 614.0 small-vehicle 0
431.0 647.0 425.0 655.0 409.0 638.0 415.0 633.0 small-vehicle 0
404.0 686.0 410.0 680.0 426.0 694.0 419.0 701.0 small-vehicle 0
305.0 708.0 303.0 698.0 324.0 692.0 326.0 703.0 small-vehicle 0
331.0 715.0 333.0 724.0 309.0 727.0 308.0 717.0 small-vehicle 0
474.0 613.0 469.0 619.0 455.0 605.0 461.0 598.0 small-vehicle 0
471.0 629.0 478.0 622.0 492.0 640.0 485.0 646.0 small-vehicle 0
482.0 604.0 475.0 609.0 461.0 591.0 467.0 586.0 small-vehicle 0
407.0 674.0 401.0 682.0 382.0 662.0 387.0 657.0 small-vehicle 0
308.0 531.0 310.0 540.0 290.0 543.0 287.0 534.0 small-vehicle 1
287.0 570.0 286.0 561.0 306.0 560.0 306.0 570.0 small-vehicle 1
289.0 582.0 289.0 573.0 308.0 573.0 307.0 582.0 small-vehicle 1
328.0 556.0 317.0 557.0 316.0 536.0 327.0 536.0 small-vehicle 1
148.0 56.0 157.0 61.0 147.0 80.0 138.0 75.0 small-vehicle 1
587.0 2678.0 592.0 2691.0 480.0 2730.0 476.0 2719.0 harbor 0
361.0 612.0 352.0 616.0 344.0 594.0 351.0 591.0 small-vehicle 1
571.0 2728.0 576.0 2742.0 496.0 2770.0 490.0 2757.0 harbor 0
1045.0 1287.0 1032.0 1291.0 1018.0 1201.0 1030.0 1197.0 harbor 0
1171.0 1360.0 1157.0 1366.0 1122.0 1196.0 1138.0 1192.0 harbor 0
1270.0 1187.0 1260.0 1195.0 1234.0 1134.0 1247.0 1125.0 harbor 0
1465.0 1021.0 1454.0 1029.0 1435.0 989.0 1446.0 980.0 harbor 0
1709.0 826.0 1695.0 827.0 1695.0 779.0 1707.0 779.0 harbor 0
1787.0 768.0 1779.0 777.0 1750.0 742.0 1756.0 732.0 harbor 0
1863.0 709.0 1851.0 717.0 1815.0 660.0 1825.0 647.0 harbor 0
1995.0 532.0 1977.0 539.0 1964.0 476.0 1977.0 467.0 harbor 0
2086.0 459.0 2072.0 464.0 2057.0 395.0 2071.0 387.0 harbor 0
2167.0 429.0 2156.0 429.0 2158.0 357.0 2169.0 356.0 harbor 0
2332.0 428.0 2318.0 430.0 2321.0 366.0 2332.0 364.0 harbor 0
2495.0 421.0 2481.0 422.0 2485.0 326.0 2497.0 326.0 harbor 0
3307.0 542.0 3288.0 540.0 3296.0 458.0 3313.0 459.0 harbor 0
3569.0 1769.0 3584.0 1757.0 3636.0 1827.0 3617.0 1840.0 harbor 0
2327.0 3306.0 2332.0 3292.0 2529.0 3388.0 2521.0 3403.0 harbor 0
2344.0 3514.0 2351.0 3499.0 2419.0 3534.0 2411.0 3551.0 harbor 0
877.0 2919.0 884.0 2930.0 772.0 3014.0 766.0 3005.0 harbor 0
1012.0 3135.0 1024.0 3144.0 983.0 3194.0 971.0 3185.0 harbor 0
1147.0 3236.0 1155.0 3247.0 1117.0 3280.0 1110.0 3271.0 harbor 0
911.0 3037.0 921.0 3052.0 865.0 3087.0 857.0 3076.0 harbor 0
778.0 2782.0 788.0 2794.0 651.0 2913.0 640.0 2902.0 harbor 0
716.0 2784.0 722.0 2796.0 602.0 2880.0 597.0 2871.0 harbor 0
616.0 2771.0 626.0 2787.0 550.0 2837.0 543.0 2824.0 harbor 0
376.0 568.0 368.0 574.0 350.0 552.0 357.0 547.0 small-vehicle 1
516.0 582.0 511.0 587.0 493.0 566.0 501.0 559.0 small-vehicle 1
1155.0 3504.0 1146.0 3505.0 1145.0 3478.0 1154.0 3478.0 small-vehicle 1
401.0 3710.0 409.0 3717.0 397.0 3734.0 389.0 3728.0 small-vehicle 0
724.0 3815.0 731.0 3821.0 716.0 3837.0 710.0 3831.0 small-vehicle 0
1276.0 3926.0 1277.0 3936.0 1257.0 3942.0 1254.0 3932.0 small-vehicle 0
1274.0 3938.0 1277.0 3948.0 1258.0 3954.0 1254.0 3945.0 small-vehicle 0
1459.0 3929.0 1460.0 3938.0 1437.0 3940.0 1436.0 3930.0 small-vehicle 0
1457.0 3917.0 1457.0 3926.0 1437.0 3927.0 1436.0 3918.0 small-vehicle 0
1231.0 3800.0 1234.0 3791.0 1257.0 3799.0 1255.0 3807.0 small-vehicle 0
1377.0 3841.0 1376.0 3831.0 1400.0 3829.0 1401.0 3839.0 small-vehicle 0
1461.0 3782.0 1462.0 3791.0 1441.0 3790.0 1441.0 3782.0 small-vehicle 0
1438.0 3866.0 1437.0 3858.0 1459.0 3856.0 1460.0 3866.0 small-vehicle 1
1440.0 3856.0 1439.0 3846.0 1461.0 3846.0 1461.0 3855.0 small-vehicle 1
1458.0 3835.0 1458.0 3844.0 1438.0 3845.0 1437.0 3835.0 small-vehicle 1
1441.0 3814.0 1440.0 3804.0 1461.0 3804.0 1461.0 3816.0 small-vehicle 1
1235.0 3787.0 1238.0 3778.0 1261.0 3787.0 1257.0 3796.0 small-vehicle 1
1439.0 3766.0 1439.0 3756.0 1459.0 3758.0 1459.0 3768.0 small-vehicle 1
1241.0 3703.0 1245.0 3714.0 1227.0 3720.0 1223.0 3709.0 small-vehicle 1
1152.0 3674.0 1150.0 3664.0 1171.0 3660.0 1172.0 3669.0 small-vehicle 0
1221.0 3612.0 1223.0 3621.0 1206.0 3626.0 1202.0 3617.0 small-vehicle 0
1219.0 3598.0 1222.0 3608.0 1201.0 3614.0 1199.0 3603.0 small-vehicle 0
1210.0 3579.0 1213.0 3587.0 1195.0 3594.0 1192.0 3584.0 small-vehicle 0
1240.0 3475.0 1249.0 3469.0 1260.0 3490.0 1251.0 3496.0 small-vehicle 0
1460.0 3566.0 1461.0 3575.0 1441.0 3576.0 1439.0 3566.0 small-vehicle 0
1357.0 3621.0 1347.0 3615.0 1356.0 3597.0 1364.0 3600.0 small-vehicle 0
1157.0 3480.0 1167.0 3481.0 1166.0 3502.0 1158.0 3503.0 small-vehicle 0
678.0 3697.0 677.0 3689.0 697.0 3686.0 698.0 3695.0 small-vehicle 0
360.0 3649.0 358.0 3640.0 380.0 3638.0 380.0 3647.0 small-vehicle 0
515.0 595.0 521.0 590.0 534.0 606.0 527.0 612.0 small-vehicle 1
816.0 3628.0 818.0 3637.0 799.0 3639.0 797.0 3630.0 small-vehicle 0
503.0 603.0 507.0 597.0 523.0 614.0 519.0 620.0 small-vehicle 1
491.0 610.0 496.0 605.0 511.0 620.0 505.0 626.0 small-vehicle 1
479.0 621.0 487.0 615.0 501.0 633.0 494.0 638.0 small-vehicle 1
437.0 656.0 443.0 648.0 456.0 664.0 451.0 670.0 small-vehicle 1
421.0 631.0 425.0 626.0 441.0 641.0 435.0 645.0 small-vehicle 1
398.0 683.0 393.0 690.0 376.0 674.0 381.0 668.0 small-vehicle 1
94.0 2753.0 102.0 2754.0 101.0 2776.0 94.0 2776.0 small-vehicle 1
230.0 2785.0 221.0 2786.0 216.0 2765.0 226.0 2763.0 small-vehicle 1
333.0 2813.0 336.0 2823.0 319.0 2827.0 316.0 2820.0 small-vehicle 1
341.0 2827.0 344.0 2835.0 325.0 2842.0 320.0 2835.0 small-vehicle 1
228.0 3171.0 218.0 3172.0 216.0 3147.0 225.0 3147.0 small-vehicle 1
234.0 3145.0 242.0 3144.0 241.0 3164.0 233.0 3164.0 small-vehicle 1
486.0 3036.0 482.0 3026.0 501.0 3015.0 506.0 3024.0 small-vehicle 0
587.0 3066.0 594.0 3074.0 572.0 3091.0 566.0 3082.0 small-vehicle 0
631.0 3143.0 636.0 3151.0 616.0 3164.0 610.0 3157.0 small-vehicle 0
683.0 3201.0 688.0 3210.0 671.0 3222.0 665.0 3213.0 small-vehicle 0
686.0 3212.0 693.0 3218.0 678.0 3232.0 672.0 3223.0 small-vehicle 1
696.0 3219.0 704.0 3226.0 689.0 3240.0 682.0 3232.0 small-vehicle 1
350.0 3299.0 340.0 3301.0 337.0 3277.0 347.0 3275.0 small-vehicle 0
371.0 3329.0 380.0 3329.0 383.0 3349.0 373.0 3351.0 small-vehicle 1
316.0 3314.0 307.0 3314.0 307.0 3294.0 316.0 3294.0 small-vehicle 0
639.0 3308.0 638.0 3319.0 616.0 3316.0 617.0 3305.0 small-vehicle 0
779.0 3581.0 769.0 3579.0 773.0 3557.0 782.0 3559.0 small-vehicle 0
4024.0 3210.0 4016.0 3206.0 4026.0 3188.0 4033.0 3194.0 small-vehicle 0
3861.0 3160.0 3864.0 3152.0 3884.0 3163.0 3879.0 3172.0 small-vehicle 0
4318.0 2801.0 4308.0 2794.0 4319.0 2781.0 4327.0 2786.0 small-vehicle 1
2660.0 145.0 2650.0 145.0 2649.0 125.0 2659.0 125.0 small-vehicle 0
3117.0 347.0 3112.0 356.0 3089.0 343.0 3091.0 335.0 small-vehicle 1
3098.0 307.0 3101.0 298.0 3120.0 307.0 3116.0 315.0 small-vehicle 1
2998.0 174.0 3004.0 170.0 3016.0 184.0 3009.0 190.0 small-vehicle 1
2934.0 125.0 2943.0 120.0 2954.0 139.0 2945.0 145.0 small-vehicle 0
3001.0 227.0 3010.0 219.0 3024.0 235.0 3018.0 244.0 small-vehicle 0
2849.0 349.0 2850.0 357.0 2833.0 364.0 2828.0 354.0 small-vehicle 0
2753.0 349.0 2748.0 338.0 2767.0 331.0 2772.0 344.0 small-vehicle 0
2747.0 366.0 2742.0 355.0 2765.0 346.0 2770.0 354.0 small-vehicle 1
2749.0 311.0 2744.0 302.0 2764.0 296.0 2766.0 306.0 small-vehicle 1
2760.0 240.0 2751.0 242.0 2748.0 222.0 2757.0 222.0 small-vehicle 0
2651.0 203.0 2659.0 203.0 2656.0 223.0 2648.0 223.0 small-vehicle 0
2539.0 225.0 2540.0 215.0 2566.0 220.0 2564.0 232.0 ship 0
3845.0 3232.0 3841.0 3242.0 3817.0 3229.0 3823.0 3220.0 small-vehicle 0
2477.0 176.0 2485.0 176.0 2485.0 199.0 2476.0 198.0 small-vehicle 0
2224.0 146.0 2234.0 146.0 2237.0 168.0 2226.0 169.0 small-vehicle 1
2209.0 156.0 2197.0 155.0 2198.0 129.0 2209.0 129.0 small-vehicle 1
2180.0 213.0 2170.0 212.0 2169.0 192.0 2178.0 192.0 small-vehicle 0
2054.0 178.0 2065.0 178.0 2064.0 202.0 2054.0 202.0 small-vehicle 0
1937.0 325.0 1927.0 324.0 1926.0 301.0 1936.0 301.0 small-vehicle 0
1922.0 325.0 1913.0 325.0 1912.0 307.0 1921.0 306.0 small-vehicle 1
1743.0 403.0 1748.0 393.0 1766.0 403.0 1762.0 412.0 small-vehicle 0
1769.0 450.0 1769.0 463.0 1745.0 463.0 1745.0 450.0 large-vehicle 0
1487.0 215.0 1485.0 204.0 1505.0 199.0 1508.0 210.0 large-vehicle 0
1534.0 437.0 1535.0 429.0 1556.0 428.0 1555.0 438.0 small-vehicle 1
3392.0 364.0 3394.0 352.0 3415.0 354.0 3415.0 367.0 small-vehicle 1
3537.0 399.0 3536.0 408.0 3514.0 407.0 3514.0 399.0 small-vehicle 1
3710.0 107.0 3722.0 106.0 3720.0 128.0 3710.0 129.0 small-vehicle 0
3709.0 130.0 3719.0 132.0 3715.0 154.0 3706.0 153.0 small-vehicle 0
4348.0 1180.0 4354.0 1171.0 4372.0 1184.0 4367.0 1192.0 small-vehicle 0
4402.0 1152.0 4402.0 1142.0 4425.0 1144.0 4425.0 1153.0 small-vehicle 0
4268.0 1187.0 4257.0 1183.0 4267.0 1164.0 4275.0 1167.0 small-vehicle 0
4340.0 1257.0 4340.0 1248.0 4359.0 1248.0 4360.0 1257.0 small-vehicle 0
4403.0 1327.0 4405.0 1317.0 4427.0 1318.0 4427.0 1330.0 small-vehicle 0
4405.0 1303.0 4405.0 1295.0 4423.0 1296.0 4422.0 1306.0 small-vehicle 0
4467.0 1280.0 4476.0 1280.0 4476.0 1298.0 4467.0 1298.0 small-vehicle 0
4459.0 1362.0 4450.0 1362.0 4449.0 1342.0 4458.0 1340.0 small-vehicle 0
4304.0 1084.0 4294.0 1080.0 4301.0 1060.0 4310.0 1063.0 small-vehicle 0
4312.0 982.0 4301.0 980.0 4303.0 957.0 4311.0 958.0 small-vehicle 0
4290.0 787.0 4281.0 790.0 4272.0 767.0 4281.0 764.0 small-vehicle 0
4299.0 767.0 4290.0 771.0 4282.0 749.0 4291.0 744.0 small-vehicle 0
4489.0 883.0 4498.0 884.0 4498.0 903.0 4487.0 902.0 small-vehicle 1
4348.0 898.0 4357.0 897.0 4359.0 918.0 4350.0 919.0 small-vehicle 1
4314.0 898.0 4304.0 900.0 4299.0 881.0 4309.0 878.0 small-vehicle 1
4395.0 683.0 4403.0 689.0 4391.0 705.0 4383.0 697.0 small-vehicle 1
4523.0 539.0 4521.0 530.0 4543.0 526.0 4545.0 536.0 small-vehicle 0
4189.0 515.0 4182.0 523.0 4163.0 504.0 4171.0 496.0 small-vehicle 0
4073.0 458.0 4071.0 470.0 4043.0 465.0 4046.0 452.0 large-vehicle 0
4216.0 295.0 4212.0 305.0 4191.0 294.0 4194.0 286.0 small-vehicle 0
4342.0 135.0 4333.0 140.0 4321.0 123.0 4327.0 119.0 small-vehicle 0
4066.0 136.0 4073.0 139.0 4064.0 160.0 4057.0 159.0 small-vehicle 0
3872.0 274.0 3873.0 264.0 3899.0 267.0 3898.0 277.0 small-vehicle 0
1549.0 559.0 1548.0 569.0 1531.0 570.0 1531.0 560.0 small-vehicle 1
1551.0 547.0 1551.0 558.0 1531.0 555.0 1532.0 546.0 small-vehicle 1
1625.0 573.0 1624.0 564.0 1644.0 564.0 1644.0 574.0 small-vehicle 1
3417.0 2176.0 3410.0 2169.0 3426.0 2155.0 3432.0 2163.0 small-vehicle 0
3563.0 2239.0 3573.0 2241.0 3569.0 2261.0 3559.0 2259.0 small-vehicle 0
3513.0 2273.0 3504.0 2281.0 3482.0 2259.0 3490.0 2251.0 large-vehicle 0
3846.0 1808.0 3855.0 1815.0 3839.0 1830.0 3832.0 1821.0 small-vehicle 1
3683.0 1908.0 3689.0 1916.0 3676.0 1929.0 3669.0 1921.0 small-vehicle 1
854.0 90.0 852.0 81.0 871.0 77.0 872.0 88.0 small-vehicle 1
927.0 61.0 928.0 71.0 905.0 72.0 903.0 62.0 small-vehicle 1
272.0 893.0 262.0 893.0 263.0 870.0 273.0 871.0 small-vehicle 1
205.0 1122.0 212.0 1125.0 204.0 1145.0 196.0 1140.0 small-vehicle 1
3257.0 3538.0 3266.0 3538.0 3265.0 3559.0 3256.0 3558.0 small-vehicle 0
2558.0 452.0 2578.0 455.0 2588.0 339.0 2571.0 337.0 harbor 0
2689.0 454.0 2697.0 456.0 2702.0 420.0 2694.0 419.0 harbor 0
2372.0 369.0 2401.0 368.0 2400.0 344.0 2373.0 344.0 harbor 0
1923.0 573.0 1939.0 564.0 1927.0 535.0 1912.0 541.0 harbor 0
929.0 3115.0 942.0 3124.0 916.0 3160.0 903.0 3151.0 harbor 0
2947.0 2487.0 3006.0 2430.0 3075.0 2500.0 3019.0 2560.0 harbor 0
2416.0 314.0 2425.0 313.0 2426.0 330.0 2417.0 332.0 ship 0
2408.0 313.0 2415.0 313.0 2415.0 329.0 2409.0 329.0 ship 0
1625.0 821.0 1629.0 817.0 1637.0 829.0 1631.0 833.0 ship 1
784.0 3043.0 778.0 3038.0 790.0 3028.0 794.0 3033.0 ship 0
4110.0 1773.0 4121.0 1773.0 4120.0 1799.0 4110.0 1797.0 small-vehicle 1
4090.0 1775.0 4099.0 1773.0 4100.0 1794.0 4091.0 1795.0 small-vehicle 1
4077.0 1772.0 4088.0 1772.0 4087.0 1792.0 4077.0 1792.0 small-vehicle 1
4058.0 1767.0 4069.0 1767.0 4068.0 1792.0 4058.0 1794.0 small-vehicle 1
3501.0 2249.0 3508.0 2244.0 3522.0 2264.0 3514.0 2269.0 small-vehicle 0
3075.0 2705.0 3084.0 2710.0 3074.0 2725.0 3065.0 2720.0 small-vehicle 1
1563.0 615.0 1553.0 615.0 1554.0 592.0 1562.0 592.0 small-vehicle 0
3004.0 2749.0 2995.0 2742.0 3002.0 2729.0 3011.0 2735.0 small-vehicle 1
1560.0 675.0 1549.0 673.0 1551.0 645.0 1562.0 645.0 small-vehicle 0
1499.0 773.0 1499.0 762.0 1521.0 763.0 1522.0 773.0 small-vehicle 0
1554.0 698.0 1553.0 710.0 1524.0 708.0 1525.0 695.0 ship 0
1265.0 419.0 1264.0 429.0 1240.0 429.0 1240.0 419.0 small-vehicle 0
1261.0 439.0 1260.0 449.0 1241.0 448.0 1241.0 439.0 small-vehicle 1
1260.0 453.0 1260.0 461.0 1240.0 461.0 1241.0 452.0 small-vehicle 1
1177.0 837.0 1176.0 826.0 1200.0 825.0 1200.0 836.0 large-vehicle 0
1300.0 219.0 1289.0 218.0 1287.0 193.0 1297.0 191.0 small-vehicle 0
1506.0 153.0 1514.0 147.0 1525.0 169.0 1518.0 172.0 small-vehicle 0
1436.0 156.0 1436.0 167.0 1413.0 165.0 1414.0 154.0 small-vehicle 0
1439.0 173.0 1437.0 185.0 1413.0 181.0 1414.0 171.0 small-vehicle 0
1260.0 343.0 1262.0 352.0 1242.0 356.0 1240.0 348.0 small-vehicle 0
1411.0 929.0 1420.0 928.0 1419.0 950.0 1412.0 951.0 small-vehicle 0
847.0 79.0 847.0 70.0 872.0 66.0 873.0 75.0 small-vehicle 0
903.0 57.0 900.0 45.0 923.0 40.0 926.0 51.0 small-vehicle 0
490.0 3895.0 494.0 3886.0 513.0 3896.0 509.0 3905.0 small-vehicle 0
2748.0 3336.0 2749.0 3325.0 2774.0 3327.0 2774.0 3337.0 large-vehicle 0
2649.0 3263.0 2657.0 3270.0 2643.0 3288.0 2637.0 3282.0 large-vehicle 0
2708.0 3080.0 2706.0 3093.0 2675.0 3087.0 2678.0 3076.0 large-vehicle 0
2698.0 3127.0 2699.0 3118.0 2720.0 3119.0 2719.0 3129.0 small-vehicle 0
2773.0 3099.0 2773.0 3089.0 2795.0 3091.0 2794.0 3100.0 small-vehicle 0
2849.0 3424.0 2859.0 3425.0 2861.0 3446.0 2849.0 3446.0 small-vehicle 0
2959.0 3077.0 2968.0 3077.0 2966.0 3095.0 2958.0 3094.0 small-vehicle 1
4334.0 1200.0 4337.0 1191.0 4357.0 1196.0 4354.0 1206.0 small-vehicle 0
4440.0 1246.0 4450.0 1245.0 4452.0 1268.0 4443.0 1268.0 small-vehicle 0
4489.0 1273.0 4479.0 1272.0 4480.0 1252.0 4488.0 1252.0 small-vehicle 0
3255.0 2949.0 3261.0 2943.0 3274.0 2955.0 3269.0 2962.0 small-vehicle 0
3362.0 2953.0 3356.0 2961.0 3340.0 2946.0 3346.0 2938.0 small-vehicle 1
3255.0 2981.0 3249.0 2987.0 3232.0 2971.0 3237.0 2965.0 small-vehicle 1
3569.0 2888.0 3561.0 2884.0 3570.0 2868.0 3577.0 2871.0 small-vehicle 1
3275.0 2921.0 3281.0 2914.0 3299.0 2931.0 3294.0 2937.0 small-vehicle 1
3401.0 2765.0 3409.0 2769.0 3397.0 2788.0 3388.0 2785.0 small-vehicle 0
3356.0 2732.0 3364.0 2738.0 3350.0 2756.0 3344.0 2751.0 small-vehicle 0
3346.0 2724.0 3354.0 2730.0 3344.0 2747.0 3336.0 2743.0 small-vehicle 0
3340.0 2640.0 3348.0 2646.0 3336.0 2664.0 3328.0 2658.0 small-vehicle 0
3245.0 2865.0 3237.0 2859.0 3249.0 2841.0 3257.0 2847.0 small-vehicle 0
3237.0 2858.0 3227.0 2853.0 3240.0 2835.0 3247.0 2840.0 small-vehicle 0
3227.0 2853.0 3218.0 2845.0 3229.0 2829.0 3238.0 2836.0 small-vehicle 1
3324.0 2668.0 3319.0 2677.0 3300.0 2662.0 3307.0 2654.0 small-vehicle 1
3405.0 2792.0 3397.0 2786.0 3412.0 2768.0 3420.0 2774.0 small-vehicle 1
3364.0 3214.0 3358.0 3220.0 3342.0 3204.0 3349.0 3198.0 small-vehicle 1
3313.0 3358.0 3307.0 3363.0 3292.0 3348.0 3299.0 3341.0 small-vehicle 0
3538.0 3417.0 3533.0 3423.0 3515.0 3409.0 3521.0 3403.0 small-vehicle 0
3604.0 2600.0 3607.0 2593.0 3622.0 2604.0 3618.0 2610.0 small-vehicle 0
3572.0 2583.0 3577.0 2575.0 3594.0 2586.0 3589.0 2595.0 small-vehicle 0
3543.0 2564.0 3548.0 2555.0 3567.0 2568.0 3561.0 2578.0 small-vehicle 0
3518.0 2547.0 3522.0 2539.0 3540.0 2552.0 3536.0 2560.0 small-vehicle 0
3511.0 2484.0 3519.0 2490.0 3509.0 2506.0 3501.0 2500.0 small-vehicle 0
3527.0 2457.0 3535.0 2463.0 3524.0 2479.0 3516.0 2474.0 small-vehicle 0
3543.0 2434.0 3552.0 2441.0 3543.0 2456.0 3532.0 2450.0 small-vehicle 1
3343.0 2979.0 3336.0 2988.0 3317.0 2969.0 3324.0 2961.0 small-vehicle 1
3284.0 2914.0 3289.0 2908.0 3305.0 2922.0 3299.0 2929.0 small-vehicle 0
3573.0 2392.0 3580.0 2397.0 3569.0 2415.0 3562.0 2409.0 small-vehicle 1
3312.0 3013.0 3304.0 3020.0 3289.0 3004.0 3297.0 2998.0 small-vehicle 0
3825.0 3260.0 3820.0 3267.0 3800.0 3254.0 3806.0 3247.0 small-vehicle 0
3729.0 3230.0 3722.0 3238.0 3707.0 3227.0 3711.0 3217.0 small-vehicle 0
3726.0 3328.0 3717.0 3323.0 3731.0 3301.0 3739.0 3306.0 small-vehicle 0
3716.0 3321.0 3706.0 3315.0 3719.0 3297.0 3727.0 3302.0 small-vehicle 0
3863.0 3319.0 3858.0 3326.0 3841.0 3315.0 3846.0 3306.0 small-vehicle 0
3623.0 3082.0 3615.0 3077.0 3626.0 3060.0 3635.0 3066.0 small-vehicle 0
3590.0 3058.0 3581.0 3054.0 3591.0 3036.0 3599.0 3041.0 small-vehicle 0
3872.0 3297.0 3868.0 3305.0 3851.0 3294.0 3856.0 3288.0 small-vehicle 1
3804.0 3234.0 3799.0 3240.0 3777.0 3228.0 3781.0 3221.0 small-vehicle 1
3798.0 3244.0 3793.0 3251.0 3773.0 3238.0 3778.0 3231.0 small-vehicle 1
3825.0 3246.0 3820.0 3255.0 3803.0 3246.0 3810.0 3236.0 small-vehicle 1
3953.0 3117.0 3946.0 3112.0 3954.0 3099.0 3961.0 3103.0 small-vehicle 1
3916.0 3095.0 3906.0 3089.0 3917.0 3075.0 3926.0 3081.0 small-vehicle 1
3868.0 3075.0 3859.0 3071.0 3869.0 3053.0 3876.0 3057.0 small-vehicle 1
3692.0 3024.0 3701.0 3030.0 3690.0 3045.0 3681.0 3039.0 small-vehicle 1
3673.0 3011.0 3682.0 3017.0 3672.0 3032.0 3663.0 3025.0 small-vehicle 1
3674.0 3005.0 3662.0 2997.0 3672.0 2982.0 3684.0 2989.0 small-vehicle 1
3654.0 2991.0 3645.0 2987.0 3656.0 2970.0 3665.0 2977.0 small-vehicle 1
3630.0 2953.0 3637.0 2957.0 3628.0 2975.0 3619.0 2970.0 small-vehicle 1
3639.0 2898.0 3647.0 2901.0 3637.0 2924.0 3629.0 2920.0 large-vehicle 0
3403.0 2913.0 3397.0 2919.0 3381.0 2903.0 3386.0 2897.0 small-vehicle 1
3356.0 2929.0 3362.0 2922.0 3379.0 2938.0 3374.0 2946.0 small-vehicle 0
3329.0 2966.0 3335.0 2959.0 3352.0 2972.0 3345.0 2981.0 small-vehicle 0
3561.0 2411.0 3567.0 2416.0 3556.0 2435.0 3549.0 2430.0 small-vehicle 1
4051.0 2944.0 4047.0 2952.0 4027.0 2936.0 4031.0 2930.0 small-vehicle 0
4476.0 1282.0 4487.0 1282.0 4489.0 1302.0 4478.0 1301.0 small-vehicle 0
4193.0 2347.0 4204.0 2346.0 4201.0 2370.0 4191.0 2369.0 small-vehicle 0
4129.0 1860.0 4130.0 1871.0 4108.0 1870.0 4108.0 1861.0 small-vehicle 1
4072.0 1843.0 4072.0 1854.0 4048.0 1852.0 4048.0 1841.0 small-vehicle 1
4133.0 1776.0 4142.0 1777.0 4141.0 1797.0 4133.0 1796.0 small-vehicle 1
4039.0 1767.0 4047.0 1767.0 4047.0 1784.0 4038.0 1784.0 small-vehicle 1
3995.0 1861.0 3994.0 1871.0 3973.0 1869.0 3973.0 1859.0 small-vehicle 0
3992.0 1785.0 3997.0 1779.0 4012.0 1791.0 4007.0 1797.0 small-vehicle 0
3950.0 1723.0 3958.0 1731.0 3942.0 1746.0 3935.0 1738.0 small-vehicle 0
3916.0 1737.0 3923.0 1746.0 3908.0 1759.0 3902.0 1752.0 small-vehicle 0
3930.0 1702.0 3937.0 1708.0 3952.0 1691.0 3943.0 1685.0 small-vehicle 0
3935.0 1686.0 3926.0 1679.0 3940.0 1665.0 3947.0 1671.0 small-vehicle 0
4030.0 1626.0 4038.0 1631.0 4026.0 1650.0 4018.0 1643.0 small-vehicle 0
3999.0 1634.0 3989.0 1628.0 4001.0 1612.0 4009.0 1618.0 large-vehicle 0
4112.0 1484.0 4119.0 1491.0 4108.0 1507.0 4100.0 1500.0 small-vehicle 1
4115.0 1474.0 4105.0 1468.0 4118.0 1447.0 4127.0 1452.0 small-vehicle 0
4182.0 1383.0 4191.0 1389.0 4178.0 1407.0 4170.0 1401.0 small-vehicle 0
4158.0 1384.0 4149.0 1379.0 4158.0 1363.0 4167.0 1369.0 small-vehicle 1
4321.0 1136.0 4332.0 1133.0 4338.0 1155.0 4327.0 1157.0 small-vehicle 1
4407.0 1207.0 4403.0 1214.0 4385.0 1202.0 4389.0 1193.0 small-vehicle 1
4513.0 1253.0 4524.0 1253.0 4524.0 1273.0 4514.0 1273.0 small-vehicle 1
4469.0 1347.0 4477.0 1347.0 4479.0 1366.0 4470.0 1365.0 small-vehicle 1
4437.0 1342.0 4445.0 1341.0 4447.0 1364.0 4437.0 1364.0 small-vehicle 1
4403.0 1293.0 4403.0 1283.0 4425.0 1282.0 4424.0 1293.0 small-vehicle 1
4502.0 1280.0 4511.0 1280.0 4512.0 1301.0 4502.0 1301.0 small-vehicle 0
4342.0 2323.0 4345.0 2312.0 4369.0 2319.0 4366.0 2329.0 small-vehicle 1
4397.0 2318.0 4398.0 2328.0 4379.0 2329.0 4376.0 2320.0 small-vehicle 0
3990.0 2899.0 3997.0 2904.0 3985.0 2923.0 3977.0 2919.0 small-vehicle 0
4315.0 2327.0 4304.0 2324.0 4310.0 2302.0 4320.0 2305.0 small-vehicle 0
3975.0 2919.0 3968.0 2912.0 3978.0 2896.0 3987.0 2903.0 small-vehicle 1
4159.0 2896.0 4165.0 2901.0 4155.0 2916.0 4147.0 2911.0 small-vehicle 0
4087.0 2839.0 4094.0 2843.0 4083.0 2861.0 4077.0 2856.0 small-vehicle 0
4167.0 2963.0 4173.0 2954.0 4193.0 2968.0 4188.0 2975.0 small-vehicle 0
4192.0 2977.0 4197.0 2969.0 4215.0 2983.0 4209.0 2991.0 small-vehicle 0
4263.0 3025.0 4268.0 3016.0 4291.0 3029.0 4285.0 3037.0 small-vehicle 0
4362.0 3019.0 4368.0 3011.0 4387.0 3024.0 4382.0 3030.0 small-vehicle 0
4371.0 3009.0 4375.0 3001.0 4392.0 3012.0 4388.0 3020.0 small-vehicle 0
4395.0 2970.0 4399.0 2962.0 4416.0 2974.0 4412.0 2982.0 small-vehicle 1
4402.0 2961.0 4407.0 2954.0 4422.0 2964.0 4418.0 2971.0 small-vehicle 1
4431.0 2953.0 4426.0 2963.0 4409.0 2950.0 4414.0 2943.0 small-vehicle 1
4472.0 2995.0 4470.0 3003.0 4451.0 2992.0 4454.0 2986.0 small-vehicle 1
4478.0 2984.0 4475.0 2992.0 4455.0 2982.0 4458.0 2974.0 small-vehicle 1
4484.0 2974.0 4480.0 2983.0 4462.0 2972.0 4465.0 2965.0 small-vehicle 1
4365.0 2840.0 4357.0 2832.0 4370.0 2817.0 4377.0 2822.0 small-vehicle 0
4333.0 2820.0 4325.0 2814.0 4337.0 2797.0 4344.0 2802.0 small-vehicle 0
4402.0 2763.0 4409.0 2767.0 4399.0 2787.0 4392.0 2782.0 small-vehicle 0
4382.0 2750.0 4391.0 2757.0 4379.0 2775.0 4370.0 2769.0 small-vehicle 0
4312.0 2704.0 4320.0 2710.0 4310.0 2729.0 4300.0 2724.0 small-vehicle 0
4287.0 2692.0 4295.0 2697.0 4286.0 2715.0 4277.0 2711.0 small-vehicle 1
4275.0 2779.0 4265.0 2773.0 4276.0 2756.0 4284.0 2761.0 small-vehicle 1
4263.0 2771.0 4254.0 2765.0 4265.0 2747.0 4276.0 2753.0 small-vehicle 1
4244.0 2761.0 4235.0 2754.0 4246.0 2740.0 4254.0 2745.0 small-vehicle 0
976.0 1364.0 963.0 1372.0 904.0 1256.0 914.0 1245.0 harbor 0
