imagesource:GoogleEarth
gsd:0.13305258515
1774.0 1716.0 1810.0 1641.0 1865.0 1665.0 1834.0 1745.0 plane 0
1818.0 1623.0 1853.0 1551.0 1906.0 1571.0 1870.0 1649.0 plane 0
2312.0 656.0 2319.0 644.0 2351.0 658.0 2344.0 672.0 small-vehicle 1
2307.0 674.0 2313.0 663.0 2344.0 677.0 2339.0 691.0 small-vehicle 0
2301.0 692.0 2305.0 680.0 2332.0 690.0 2326.0 704.0 small-vehicle 0
2291.0 706.0 2296.0 695.0 2330.0 711.0 2323.0 723.0 small-vehicle 0
2279.0 736.0 2283.0 726.0 2311.0 738.0 2306.0 751.0 small-vehicle 0
2268.0 754.0 2275.0 743.0 2301.0 758.0 2296.0 770.0 small-vehicle 0
2246.0 805.0 2252.0 792.0 2287.0 805.0 2282.0 818.0 small-vehicle 0
2314.0 1604.0 2335.0 1530.0 2388.0 1539.0 2370.0 1617.0 plane 0
2917.0 1248.0 2854.0 1204.0 2881.0 1165.0 2949.0 1214.0 plane 0
2807.0 1224.0 2738.0 1241.0 2724.0 1187.0 2799.0 1173.0 plane 0
2688.0 1387.0 2621.0 1296.0 2685.0 1248.0 2759.0 1338.0 plane 0
2563.0 1299.0 2497.0 1269.0 2509.0 1224.0 2580.0 1248.0 plane 0
2467.0 1279.0 2396.0 1248.0 2413.0 1205.0 2484.0 1229.0 plane 0
2385.0 1216.0 2317.0 1188.0 2329.0 1143.0 2405.0 1165.0 plane 0
2292.0 1178.0 2225.0 1147.0 2241.0 1103.0 2309.0 1127.0 plane 0
1910.0 1423.0 1935.0 1353.0 1985.0 1368.0 1967.0 1442.0 plane 0
1864.0 1524.0 1886.0 1450.0 1943.0 1460.0 1930.0 1538.0 plane 0
2330.0 844.0 2334.0 831.0 2366.0 843.0 2363.0 856.0 small-vehicle 0
2336.0 827.0 2340.0 814.0 2370.0 826.0 2367.0 837.0 small-vehicle 0
2345.0 809.0 2351.0 796.0 2384.0 812.0 2377.0 825.0 small-vehicle 1
1251.0 768.0 1223.0 679.0 1286.0 660.0 1315.0 741.0 plane 0
1573.0 1622.0 1608.0 1545.0 1666.0 1568.0 1630.0 1652.0 plane 0
1364.0 1540.0 1406.0 1453.0 1470.0 1478.0 1433.0 1566.0 plane 0
1522.0 1381.0 1486.0 1467.0 1421.0 1441.0 1462.0 1354.0 plane 0
1506.0 1238.0 1539.0 1160.0 1594.0 1186.0 1564.0 1264.0 plane 0
2095.0 1085.0 2018.0 1050.0 2040.0 1000.0 2118.0 1032.0 plane 0
1927.0 996.0 1846.0 1012.0 1832.0 944.0 1916.0 928.0 plane 0
1384.0 757.0 1306.0 790.0 1281.0 728.0 1363.0 695.0 plane 0
474.0 803.0 394.0 768.0 420.0 714.0 501.0 749.0 plane 0
2358.0 794.0 2363.0 784.0 2389.0 796.0 2384.0 806.0 small-vehicle 1
2319.0 638.0 2323.0 624.0 2355.0 638.0 2350.0 650.0 small-vehicle 0
2438.0 698.0 2430.0 712.0 2396.0 696.0 2405.0 681.0 small-vehicle 0
2390.0 708.0 2395.0 696.0 2422.0 710.0 2416.0 723.0 small-vehicle 0
2419.0 727.0 2413.0 741.0 2382.0 727.0 2387.0 712.0 small-vehicle 0
2411.0 744.0 2404.0 759.0 2371.0 743.0 2379.0 728.0 small-vehicle 1
2407.0 760.0 2403.0 774.0 2366.0 762.0 2371.0 749.0 small-vehicle 0
2362.0 776.0 2368.0 766.0 2397.0 781.0 2392.0 790.0 small-vehicle 0
1649.0 1430.0 1680.0 1343.0 1751.0 1364.0 1726.0 1458.0 plane 0
