imagesource:GoogleEarth
gsd:0.263562437468
1674.0 776.0 1672.0 788.0 1651.0 784.0 1653.0 772.0 small-vehicle 1
1503.0 105.0 1536.0 71.0 1560.0 93.0 1521.0 127.0 swimming-pool 0
334.0 241.0 328.0 233.0 345.0 222.0 350.0 230.0 small-vehicle 0
351.0 229.0 348.0 219.0 367.0 212.0 370.0 222.0 small-vehicle 0
326.0 200.0 334.0 195.0 341.0 212.0 332.0 215.0 small-vehicle 0
335.0 193.0 345.0 190.0 351.0 205.0 343.0 210.0 small-vehicle 0
344.0 186.0 354.0 182.0 362.0 203.0 352.0 206.0 small-vehicle 0
368.0 186.0 379.0 187.0 377.0 205.0 366.0 204.0 small-vehicle 0
382.0 188.0 393.0 187.0 391.0 206.0 380.0 206.0 small-vehicle 0
396.0 219.0 399.0 210.0 417.0 215.0 415.0 226.0 small-vehicle 0
450.0 195.0 461.0 195.0 460.0 217.0 449.0 217.0 small-vehicle 0
513.0 275.0 511.0 286.0 489.0 283.0 492.0 271.0 small-vehicle 0
777.0 38.0 798.0 38.0 797.0 49.0 776.0 49.0 small-vehicle 0
325.0 393.0 313.0 391.0 314.0 368.0 326.0 367.0 small-vehicle 0
706.0 204.0 716.0 205.0 711.0 226.0 701.0 224.0 small-vehicle 0
847.0 237.0 835.0 233.0 840.0 211.0 851.0 214.0 small-vehicle 0
645.0 181.0 657.0 182.0 654.0 203.0 643.0 201.0 small-vehicle 0
570.0 274.0 568.0 286.0 537.0 283.0 538.0 271.0 small-vehicle 0
603.0 275.0 604.0 290.0 581.0 288.0 581.0 275.0 small-vehicle 0
673.0 270.0 672.0 283.0 645.0 283.0 646.0 269.0 small-vehicle 1
715.0 284.0 715.0 295.0 693.0 294.0 692.0 283.0 small-vehicle 1
770.0 285.0 770.0 298.0 743.0 296.0 746.0 281.0 small-vehicle 1
843.0 304.0 856.0 305.0 853.0 331.0 839.0 329.0 small-vehicle 0
144.0 436.0 158.0 437.0 156.0 461.0 141.0 460.0 small-vehicle 0
74.0 411.0 85.0 411.0 84.0 432.0 73.0 431.0 small-vehicle 0
286.0 357.0 286.0 347.0 306.0 348.0 305.0 359.0 small-vehicle 0
1721.0 907.0 1747.0 910.0 1746.0 968.0 1710.0 961.0 swimming-pool 0
1843.0 1012.0 1842.0 1076.0 1865.0 1077.0 1870.0 1020.0 swimming-pool 0
1700.0 1288.0 1735.0 1284.0 1726.0 1341.0 1694.0 1343.0 swimming-pool 0
1698.0 1503.0 1719.0 1503.0 1717.0 1550.0 1690.0 1547.0 swimming-pool 0
1700.0 1447.0 1715.0 1447.0 1717.0 1466.0 1694.0 1466.0 swimming-pool 0
1657.0 1764.0 1685.0 1765.0 1681.0 1807.0 1660.0 1808.0 swimming-pool 0
1812.0 1672.0 1827.0 1651.0 1861.0 1693.0 1839.0 1709.0 swimming-pool 0
1862.0 1634.0 1857.0 1658.0 1885.0 1665.0 1887.0 1641.0 swimming-pool 0
1825.0 1319.0 1825.0 1386.0 1850.0 1386.0 1854.0 1326.0 swimming-pool 0
1834.0 1240.0 1830.0 1291.0 1852.0 1291.0 1860.0 1241.0 swimming-pool 0
1837.0 1178.0 1834.0 1225.0 1862.0 1220.0 1860.0 1174.0 swimming-pool 0
1840.0 1100.0 1841.0 1145.0 1870.0 1150.0 1867.0 1103.0 swimming-pool 0
1845.0 952.0 1848.0 1001.0 1873.0 1001.0 1871.0 954.0 swimming-pool 0
308.0 263.0 321.0 265.0 318.0 285.0 305.0 285.0 small-vehicle 1
1856.0 817.0 1851.0 854.0 1870.0 860.0 1875.0 821.0 swimming-pool 0
102.0 20.0 95.0 29.0 79.0 17.0 86.0 8.0 small-vehicle 0
249.0 11.0 247.0 20.0 232.0 19.0 232.0 10.0 small-vehicle 0
262.0 19.0 265.0 7.0 285.0 11.0 281.0 21.0 small-vehicle 0
207.0 34.0 208.0 25.0 228.0 27.0 226.0 36.0 small-vehicle 0
209.0 21.0 210.0 12.0 228.0 15.0 227.0 23.0 small-vehicle 0
161.0 148.0 172.0 150.0 170.0 170.0 159.0 170.0 small-vehicle 1
144.0 207.0 156.0 209.0 153.0 231.0 141.0 229.0 small-vehicle 0
127.0 239.0 138.0 240.0 136.0 264.0 126.0 263.0 small-vehicle 0
285.0 246.0 285.0 235.0 307.0 234.0 306.0 245.0 small-vehicle 0
133.0 400.0 145.0 401.0 146.0 424.0 131.0 423.0 small-vehicle 0
115.0 506.0 126.0 507.0 123.0 532.0 112.0 531.0 small-vehicle 0
83.0 668.0 69.0 668.0 72.0 643.0 84.0 644.0 small-vehicle 0
280.0 967.0 276.0 979.0 257.0 975.0 259.0 965.0 small-vehicle 1
585.0 999.0 587.0 1011.0 565.0 1016.0 563.0 1003.0 small-vehicle 0
364.0 1017.0 363.0 1029.0 341.0 1027.0 342.0 1016.0 small-vehicle 1
336.0 958.0 349.0 960.0 346.0 984.0 330.0 983.0 small-vehicle 0
294.0 1056.0 281.0 1057.0 281.0 1038.0 294.0 1037.0 small-vehicle 0
300.0 938.0 286.0 937.0 286.0 915.0 301.0 914.0 small-vehicle 0
259.0 925.0 256.0 937.0 237.0 930.0 240.0 920.0 small-vehicle 0
231.0 946.0 234.0 935.0 256.0 937.0 257.0 949.0 small-vehicle 0
258.0 948.0 260.0 937.0 278.0 941.0 275.0 951.0 small-vehicle 0
233.0 957.0 234.0 948.0 256.0 949.0 254.0 960.0 small-vehicle 0
255.0 960.0 256.0 950.0 277.0 951.0 275.0 961.0 small-vehicle 0
278.0 977.0 279.0 987.0 258.0 988.0 260.0 978.0 small-vehicle 1
582.0 838.0 583.0 850.0 558.0 850.0 559.0 838.0 small-vehicle 0
280.0 988.0 279.0 998.0 256.0 997.0 257.0 988.0 small-vehicle 0
253.0 1073.0 253.0 1063.0 271.0 1063.0 269.0 1072.0 small-vehicle 0
251.0 1086.0 252.0 1074.0 276.0 1074.0 274.0 1087.0 small-vehicle 0
395.0 894.0 383.0 898.0 377.0 877.0 389.0 875.0 small-vehicle 0
291.0 1112.0 277.0 1111.0 278.0 1085.0 291.0 1086.0 small-vehicle 0
610.0 1069.0 597.0 1067.0 600.0 1045.0 612.0 1048.0 small-vehicle 1
275.0 1137.0 274.0 1149.0 252.0 1148.0 254.0 1135.0 small-vehicle 0
253.0 1166.0 252.0 1154.0 271.0 1149.0 274.0 1158.0 small-vehicle 0
288.0 1206.0 274.0 1205.0 275.0 1181.0 289.0 1181.0 small-vehicle 0
244.0 1221.0 247.0 1208.0 267.0 1210.0 266.0 1222.0 small-vehicle 0
659.0 1029.0 668.0 1039.0 646.0 1050.0 641.0 1040.0 small-vehicle 0
689.0 886.0 688.0 898.0 670.0 898.0 669.0 887.0 small-vehicle 0
693.0 910.0 694.0 923.0 668.0 922.0 669.0 911.0 small-vehicle 0
598.0 977.0 608.0 982.0 599.0 1000.0 590.0 995.0 small-vehicle 0
627.0 900.0 613.0 900.0 612.0 876.0 627.0 876.0 small-vehicle 1
568.0 919.0 569.0 907.0 590.0 909.0 589.0 922.0 small-vehicle 0
347.0 717.0 359.0 716.0 357.0 738.0 346.0 736.0 small-vehicle 1
293.0 716.0 293.0 731.0 270.0 729.0 272.0 716.0 small-vehicle 0
291.0 729.0 290.0 741.0 272.0 739.0 270.0 729.0 small-vehicle 0
263.0 751.0 263.0 739.0 291.0 739.0 291.0 753.0 large-vehicle 0
265.0 774.0 267.0 758.0 292.0 761.0 291.0 774.0 small-vehicle 0
294.0 776.0 293.0 788.0 265.0 786.0 268.0 774.0 small-vehicle 0
59.0 923.0 46.0 922.0 47.0 904.0 60.0 904.0 small-vehicle 0
914.0 698.0 914.0 684.0 942.0 681.0 941.0 695.0 small-vehicle 0
928.0 913.0 942.0 913.0 941.0 940.0 926.0 940.0 small-vehicle 1
923.0 961.0 936.0 968.0 925.0 985.0 915.0 979.0 small-vehicle 0
914.0 980.0 926.0 987.0 914.0 1004.0 904.0 996.0 small-vehicle 0
905.0 1032.0 899.0 1021.0 915.0 1011.0 920.0 1022.0 small-vehicle 0
883.0 1036.0 880.0 1024.0 898.0 1019.0 901.0 1031.0 small-vehicle 0
879.0 1023.0 878.0 1012.0 899.0 1011.0 900.0 1021.0 small-vehicle 0
901.0 1000.0 901.0 1012.0 876.0 1013.0 879.0 1001.0 small-vehicle 0
704.0 958.0 714.0 967.0 691.0 983.0 684.0 974.0 small-vehicle 0
650.0 934.0 660.0 934.0 661.0 955.0 649.0 956.0 small-vehicle 0
603.0 930.0 605.0 942.0 580.0 942.0 580.0 932.0 small-vehicle 0
607.0 958.0 619.0 963.0 611.0 982.0 598.0 975.0 small-vehicle 0
1714.0 990.0 1734.0 987.0 1743.0 1031.0 1721.0 1028.0 swimming-pool 0
1728.0 757.0 1753.0 759.0 1761.0 824.0 1725.0 823.0 swimming-pool 0
270.0 1264.0 268.0 1274.0 244.0 1274.0 243.0 1262.0 small-vehicle 0
448.0 949.0 448.0 994.0 470.0 996.0 475.0 947.0 swimming-pool 0
441.0 1209.0 465.0 1209.0 467.0 1266.0 444.0 1257.0 swimming-pool 0
500.0 1170.0 492.0 1188.0 524.0 1204.0 539.0 1183.0 swimming-pool 0
667.0 1176.0 653.0 1186.0 664.0 1213.0 681.0 1206.0 swimming-pool 0
690.0 1181.0 691.0 1203.0 731.0 1209.0 739.0 1184.0 swimming-pool 0
693.0 1148.0 695.0 1178.0 739.0 1170.0 745.0 1143.0 swimming-pool 0
783.0 1176.0 783.0 1198.0 816.0 1207.0 822.0 1180.0 swimming-pool 0
793.0 1052.0 798.0 1105.0 827.0 1102.0 816.0 1053.0 swimming-pool 0
477.0 1037.0 476.0 1103.0 511.0 1100.0 505.0 1038.0 swimming-pool 0
447.0 1072.0 442.0 1111.0 458.0 1117.0 466.0 1077.0 swimming-pool 0
452.0 1008.0 448.0 1048.0 470.0 1046.0 474.0 1006.0 swimming-pool 0
446.0 900.0 442.0 921.0 466.0 926.0 470.0 903.0 swimming-pool 0
1127.0 1516.0 1125.0 1538.0 1172.0 1545.0 1173.0 1520.0 swimming-pool 0
485.0 933.0 484.0 979.0 506.0 974.0 504.0 937.0 swimming-pool 0
489.0 846.0 487.0 891.0 512.0 891.0 511.0 855.0 swimming-pool 0
810.0 850.0 805.0 898.0 823.0 900.0 832.0 856.0 swimming-pool 0
764.0 851.0 762.0 866.0 794.0 872.0 794.0 856.0 swimming-pool 0
809.0 780.0 804.0 826.0 829.0 830.0 830.0 783.0 swimming-pool 0
771.0 784.0 771.0 827.0 795.0 827.0 797.0 781.0 swimming-pool 0
782.0 716.0 771.0 770.0 800.0 774.0 805.0 720.0 swimming-pool 0
812.0 620.0 812.0 673.0 835.0 677.0 844.0 624.0 swimming-pool 0
468.0 581.0 469.0 630.0 487.0 633.0 494.0 581.0 swimming-pool 0
466.0 651.0 468.0 710.0 486.0 704.0 490.0 655.0 swimming-pool 0
1293.0 1506.0 1271.0 1524.0 1302.0 1556.0 1317.0 1535.0 swimming-pool 0
1073.0 1501.0 1063.0 1518.0 1085.0 1539.0 1100.0 1519.0 swimming-pool 0
1717.0 675.0 1744.0 672.0 1752.0 724.0 1722.0 719.0 swimming-pool 0
123.0 1533.0 116.0 1578.0 138.0 1588.0 146.0 1548.0 swimming-pool 0
340.0 88.0 336.0 143.0 380.0 136.0 383.0 93.0 swimming-pool 0
180.0 348.0 179.0 391.0 206.0 402.0 206.0 360.0 swimming-pool 0
183.0 409.0 180.0 452.0 199.0 456.0 199.0 409.0 swimming-pool 0
173.0 625.0 171.0 668.0 190.0 670.0 195.0 631.0 swimming-pool 0
168.0 679.0 164.0 743.0 192.0 738.0 192.0 683.0 swimming-pool 0
164.0 837.0 156.0 880.0 184.0 881.0 183.0 837.0 swimming-pool 0
149.0 1099.0 146.0 1153.0 170.0 1156.0 173.0 1105.0 swimming-pool 0
150.0 1183.0 145.0 1226.0 162.0 1227.0 166.0 1184.0 swimming-pool 0
134.0 1391.0 129.0 1444.0 156.0 1445.0 163.0 1392.0 swimming-pool 0
128.0 1456.0 124.0 1505.0 154.0 1507.0 168.0 1465.0 swimming-pool 0
353.0 1445.0 352.0 1474.0 408.0 1477.0 406.0 1451.0 swimming-pool 0
1046.0 1462.0 1048.0 1488.0 1092.0 1493.0 1101.0 1459.0 swimming-pool 0
427.0 1453.0 423.0 1472.0 470.0 1474.0 476.0 1454.0 swimming-pool 0
506.0 1455.0 503.0 1481.0 542.0 1481.0 548.0 1455.0 swimming-pool 0
564.0 1452.0 555.0 1479.0 601.0 1481.0 606.0 1460.0 swimming-pool 0
632.0 1458.0 627.0 1486.0 665.0 1491.0 672.0 1468.0 swimming-pool 0
550.0 1488.0 551.0 1516.0 580.0 1519.0 582.0 1491.0 swimming-pool 0
707.0 1491.0 703.0 1517.0 742.0 1521.0 747.0 1497.0 swimming-pool 0
850.0 1497.0 850.0 1532.0 897.0 1528.0 904.0 1503.0 swimming-pool 0
918.0 1507.0 911.0 1526.0 934.0 1533.0 949.0 1513.0 swimming-pool 0
862.0 1466.0 863.0 1493.0 886.0 1495.0 893.0 1474.0 swimming-pool 0
997.0 1505.0 990.0 1525.0 1006.0 1547.0 1033.0 1533.0 swimming-pool 0
514.0 660.0 510.0 700.0 524.0 698.0 526.0 664.0 swimming-pool 0
504.0 540.0 505.0 589.0 529.0 587.0 531.0 547.0 swimming-pool 0
539.0 385.0 532.0 418.0 576.0 418.0 578.0 397.0 swimming-pool 0
881.0 119.0 879.0 145.0 921.0 147.0 931.0 124.0 swimming-pool 0
1423.0 1070.0 1423.0 1121.0 1453.0 1122.0 1443.0 1071.0 swimming-pool 0
1425.0 1014.0 1423.0 1056.0 1441.0 1059.0 1449.0 1011.0 swimming-pool 0
1435.0 933.0 1432.0 986.0 1455.0 987.0 1458.0 941.0 swimming-pool 0
1392.0 910.0 1392.0 949.0 1422.0 952.0 1425.0 913.0 swimming-pool 0
1404.0 809.0 1401.0 857.0 1425.0 848.0 1430.0 813.0 swimming-pool 0
1441.0 790.0 1435.0 831.0 1461.0 831.0 1464.0 791.0 swimming-pool 0
1446.0 733.0 1441.0 781.0 1460.0 785.0 1463.0 738.0 swimming-pool 0
1401.0 717.0 1424.0 687.0 1455.0 705.0 1420.0 739.0 swimming-pool 0
1467.0 648.0 1498.0 623.0 1517.0 642.0 1478.0 669.0 swimming-pool 0
813.0 110.0 811.0 136.0 860.0 140.0 866.0 116.0 swimming-pool 0
966.0 120.0 964.0 147.0 1007.0 147.0 1007.0 128.0 swimming-pool 0
476.0 326.0 474.0 366.0 493.0 368.0 503.0 326.0 swimming-pool 0
1030.0 121.0 1030.0 144.0 1065.0 152.0 1080.0 125.0 swimming-pool 0
1171.0 126.0 1168.0 150.0 1220.0 159.0 1224.0 138.0 swimming-pool 0
1254.0 154.0 1244.0 171.0 1302.0 189.0 1310.0 166.0 swimming-pool 0
1471.0 260.0 1455.0 279.0 1487.0 310.0 1502.0 286.0 swimming-pool 0
1511.0 157.0 1544.0 126.0 1563.0 142.0 1528.0 178.0 swimming-pool 0
1438.0 111.0 1453.0 96.0 1495.0 126.0 1481.0 146.0 swimming-pool 0
1587.0 96.0 1610.0 69.0 1629.0 89.0 1600.0 121.0 swimming-pool 0
1539.0 371.0 1556.0 354.0 1578.0 387.0 1565.0 402.0 swimming-pool 0
1616.0 466.0 1639.0 448.0 1676.0 501.0 1654.0 510.0 swimming-pool 0
1663.0 540.0 1681.0 522.0 1716.0 583.0 1685.0 593.0 swimming-pool 0
1417.0 1150.0 1416.0 1195.0 1444.0 1198.0 1439.0 1154.0 swimming-pool 0
1469.0 1207.0 1458.0 1240.0 1511.0 1236.0 1511.0 1214.0 swimming-pool 0
1398.0 1203.0 1394.0 1233.0 1448.0 1232.0 1446.0 1204.0 swimming-pool 0
1401.0 1563.0 1396.0 1618.0 1416.0 1617.0 1421.0 1566.0 swimming-pool 0
588.0 380.0 585.0 423.0 620.0 424.0 627.0 396.0 swimming-pool 0
773.0 387.0 747.0 418.0 768.0 430.0 801.0 404.0 swimming-pool 0
743.0 437.0 738.0 458.0 786.0 461.0 797.0 439.0 swimming-pool 0
807.0 433.0 801.0 465.0 854.0 467.0 858.0 445.0 swimming-pool 0
881.0 405.0 881.0 433.0 919.0 433.0 919.0 409.0 swimming-pool 0
1034.0 416.0 1031.0 439.0 1077.0 441.0 1079.0 416.0 swimming-pool 0
1098.0 418.0 1098.0 446.0 1146.0 450.0 1147.0 413.0 swimming-pool 0
1143.0 583.0 1152.0 629.0 1173.0 620.0 1165.0 582.0 swimming-pool 0
1138.0 648.0 1126.0 698.0 1150.0 703.0 1164.0 657.0 swimming-pool 0
1095.0 733.0 1095.0 781.0 1114.0 780.0 1121.0 736.0 swimming-pool 0
1088.0 819.0 1088.0 872.0 1112.0 873.0 1117.0 822.0 swimming-pool 0
1123.0 818.0 1121.0 868.0 1143.0 867.0 1145.0 823.0 swimming-pool 0
1084.0 876.0 1080.0 924.0 1107.0 923.0 1112.0 877.0 swimming-pool 0
1084.0 944.0 1076.0 998.0 1099.0 1000.0 1110.0 954.0 swimming-pool 0
1014.0 1161.0 1057.0 1144.0 1074.0 1176.0 1016.0 1188.0 swimming-pool 0
912.0 1187.0 910.0 1208.0 948.0 1213.0 954.0 1189.0 swimming-pool 0
1051.0 1190.0 1040.0 1221.0 1098.0 1226.0 1099.0 1195.0 swimming-pool 0
1146.0 1150.0 1170.0 1142.0 1184.0 1183.0 1159.0 1192.0 swimming-pool 0
1331.0 1488.0 1328.0 1514.0 1378.0 1514.0 1385.0 1493.0 swimming-pool 0
1324.0 1519.0 1320.0 1547.0 1365.0 1543.0 1371.0 1522.0 swimming-pool 0
1404.0 1493.0 1398.0 1551.0 1423.0 1545.0 1425.0 1497.0 swimming-pool 0
272.0 1250.0 271.0 1262.0 247.0 1262.0 246.0 1252.0 small-vehicle 0
142.0 1280.0 145.0 1244.0 162.0 1245.0 160.0 1279.0 swimming-pool 0
943.0 1355.0 943.0 1367.0 922.0 1367.0 921.0 1355.0 small-vehicle 1
1829.0 107.0 1835.0 117.0 1814.0 135.0 1805.0 128.0 small-vehicle 1
1302.0 374.0 1310.0 379.0 1301.0 395.0 1290.0 390.0 small-vehicle 1
1476.0 450.0 1467.0 440.0 1484.0 427.0 1494.0 436.0 small-vehicle 1
1029.0 78.0 1029.0 91.0 1006.0 90.0 1005.0 78.0 small-vehicle 0
1183.0 73.0 1188.0 59.0 1211.0 66.0 1207.0 81.0 small-vehicle 0
1295.0 118.0 1291.0 132.0 1270.0 125.0 1272.0 110.0 small-vehicle 0
1672.0 234.0 1681.0 244.0 1662.0 258.0 1654.0 248.0 small-vehicle 1
1689.0 220.0 1697.0 229.0 1682.0 243.0 1674.0 233.0 small-vehicle 1
1703.0 208.0 1711.0 218.0 1694.0 232.0 1684.0 221.0 small-vehicle 0
1764.0 158.0 1774.0 166.0 1756.0 181.0 1748.0 174.0 small-vehicle 0
1782.0 143.0 1790.0 152.0 1774.0 165.0 1766.0 157.0 small-vehicle 0
1863.0 72.0 1873.0 81.0 1857.0 96.0 1846.0 87.0 small-vehicle 1
1283.0 362.0 1293.0 369.0 1281.0 384.0 1273.0 378.0 small-vehicle 0
1726.0 96.0 1736.0 88.0 1748.0 105.0 1741.0 113.0 small-vehicle 0
1718.0 104.0 1728.0 96.0 1747.0 116.0 1736.0 124.0 small-vehicle 0
1692.0 173.0 1684.0 163.0 1700.0 149.0 1708.0 158.0 small-vehicle 1
1802.0 239.0 1794.0 245.0 1778.0 224.0 1791.0 219.0 small-vehicle 1
1796.0 314.0 1840.0 313.0 1841.0 408.0 1796.0 410.0 tennis-court 0
1861.0 316.0 1907.0 318.0 1909.0 411.0 1860.0 412.0 tennis-court 0
1591.0 657.0 1603.0 654.0 1609.0 677.0 1597.0 680.0 small-vehicle 0
1199.0 531.0 1180.0 501.0 1200.0 490.0 1219.0 517.0 swimming-pool 0
1797.0 1140.0 1811.0 1141.0 1809.0 1165.0 1796.0 1163.0 small-vehicle 1
1521.0 1064.0 1521.0 1052.0 1544.0 1054.0 1544.0 1064.0 small-vehicle 0
1294.0 369.0 1300.0 375.0 1292.0 389.0 1283.0 385.0 small-vehicle 1
1243.0 366.0 1233.0 362.0 1241.0 344.0 1249.0 349.0 small-vehicle 0
1377.0 566.0 1387.0 575.0 1370.0 592.0 1360.0 586.0 small-vehicle 0
1113.0 303.0 1113.0 315.0 1090.0 314.0 1089.0 302.0 small-vehicle 0
1385.0 614.0 1385.0 627.0 1365.0 629.0 1364.0 617.0 small-vehicle 0
1363.0 431.0 1370.0 438.0 1354.0 453.0 1347.0 445.0 small-vehicle 0
1010.0 504.0 1008.0 490.0 1031.0 490.0 1031.0 503.0 small-vehicle 1
1432.0 428.0 1443.0 418.0 1460.0 438.0 1449.0 447.0 small-vehicle 0
1373.0 362.0 1381.0 354.0 1397.0 368.0 1388.0 377.0 small-vehicle 0
1278.0 343.0 1271.0 354.0 1254.0 344.0 1261.0 333.0 small-vehicle 0
1233.0 322.0 1230.0 334.0 1205.0 325.0 1209.0 314.0 small-vehicle 0
1204.0 314.0 1203.0 326.0 1184.0 320.0 1185.0 310.0 small-vehicle 0
1180.0 309.0 1178.0 321.0 1153.0 319.0 1154.0 306.0 small-vehicle 0
1150.0 303.0 1149.0 317.0 1126.0 314.0 1129.0 301.0 small-vehicle 0
1059.0 301.0 1059.0 313.0 1034.0 310.0 1034.0 299.0 small-vehicle 0
1100.0 318.0 1112.0 319.0 1110.0 341.0 1100.0 340.0 small-vehicle 0
1247.0 248.0 1258.0 250.0 1254.0 272.0 1242.0 268.0 small-vehicle 0
965.0 258.0 965.0 248.0 990.0 248.0 989.0 258.0 small-vehicle 0
948.0 259.0 947.0 249.0 964.0 249.0 963.0 259.0 large-vehicle 0
998.0 246.0 985.0 244.0 986.0 222.0 999.0 222.0 small-vehicle 0
1003.0 224.0 1015.0 224.0 1014.0 247.0 1004.0 247.0 small-vehicle 0
1014.0 223.0 1025.0 223.0 1023.0 246.0 1012.0 245.0 small-vehicle 0
1025.0 225.0 1035.0 225.0 1033.0 246.0 1023.0 245.0 small-vehicle 0
1100.0 221.0 1099.0 209.0 1116.0 206.0 1118.0 218.0 small-vehicle 1
1089.0 339.0 1078.0 338.0 1080.0 320.0 1089.0 322.0 small-vehicle 0
1077.0 340.0 1069.0 338.0 1071.0 322.0 1079.0 323.0 small-vehicle 1
1525.0 1041.0 1525.0 1029.0 1544.0 1030.0 1543.0 1044.0 small-vehicle 1
1566.0 1029.0 1553.0 1028.0 1553.0 1005.0 1565.0 1005.0 small-vehicle 1
1519.0 1087.0 1521.0 1076.0 1537.0 1078.0 1535.0 1089.0 small-vehicle 1
705.0 528.0 720.0 528.0 720.0 552.0 706.0 553.0 small-vehicle 1
367.0 618.0 366.0 609.0 385.0 608.0 385.0 617.0 small-vehicle 1
273.0 666.0 274.0 654.0 297.0 655.0 297.0 666.0 small-vehicle 1
348.0 682.0 360.0 681.0 360.0 708.0 346.0 707.0 small-vehicle 1
627.0 611.0 617.0 608.0 621.0 588.0 631.0 591.0 small-vehicle 1
592.0 628.0 594.0 616.0 611.0 619.0 610.0 630.0 small-vehicle 1
665.0 639.0 676.0 639.0 674.0 658.0 665.0 658.0 small-vehicle 1
616.0 735.0 615.0 748.0 591.0 748.0 591.0 736.0 small-vehicle 1
660.0 732.0 671.0 731.0 671.0 755.0 659.0 755.0 small-vehicle 1
680.0 717.0 679.0 707.0 698.0 707.0 697.0 716.0 small-vehicle 1
699.0 662.0 700.0 674.0 680.0 673.0 679.0 662.0 small-vehicle 1
338.0 884.0 349.0 883.0 347.0 906.0 336.0 905.0 small-vehicle 1
1559.0 1123.0 1547.0 1123.0 1548.0 1100.0 1559.0 1100.0 large-vehicle 0
743.0 1296.0 732.0 1297.0 730.0 1279.0 741.0 1276.0 small-vehicle 1
691.0 1320.0 691.0 1311.0 711.0 1311.0 710.0 1322.0 small-vehicle 1
540.0 1318.0 538.0 1307.0 559.0 1305.0 560.0 1316.0 small-vehicle 1
278.0 1439.0 265.0 1439.0 264.0 1417.0 276.0 1417.0 small-vehicle 1
274.0 1479.0 264.0 1478.0 265.0 1458.0 275.0 1458.0 small-vehicle 1
480.0 1652.0 481.0 1662.0 461.0 1662.0 460.0 1652.0 small-vehicle 1
432.0 1651.0 431.0 1662.0 411.0 1660.0 413.0 1651.0 small-vehicle 1
902.0 1643.0 903.0 1632.0 924.0 1633.0 923.0 1643.0 small-vehicle 1
1000.0 1645.0 1001.0 1636.0 1020.0 1637.0 1019.0 1647.0 small-vehicle 1
934.0 1668.0 934.0 1681.0 913.0 1680.0 914.0 1668.0 small-vehicle 1
367.0 606.0 367.0 597.0 385.0 597.0 386.0 606.0 small-vehicle 1
280.0 566.0 280.0 554.0 301.0 554.0 302.0 566.0 small-vehicle 1
884.0 540.0 895.0 540.0 894.0 559.0 884.0 558.0 small-vehicle 1
776.0 519.0 787.0 519.0 785.0 538.0 773.0 538.0 small-vehicle 1
1556.0 1189.0 1544.0 1188.0 1545.0 1166.0 1555.0 1167.0 small-vehicle 1
1595.0 1138.0 1606.0 1138.0 1606.0 1161.0 1595.0 1160.0 small-vehicle 0
1603.0 1216.0 1591.0 1215.0 1591.0 1196.0 1602.0 1196.0 small-vehicle 0
1589.0 1216.0 1604.0 1216.0 1602.0 1237.0 1588.0 1235.0 small-vehicle 0
1505.0 1164.0 1506.0 1152.0 1534.0 1153.0 1533.0 1164.0 large-vehicle 0
1630.0 1267.0 1631.0 1279.0 1607.0 1283.0 1607.0 1270.0 small-vehicle 1
1626.0 1284.0 1627.0 1294.0 1606.0 1294.0 1607.0 1283.0 small-vehicle 0
1585.0 1341.0 1597.0 1340.0 1596.0 1363.0 1583.0 1362.0 small-vehicle 1
1617.0 1415.0 1616.0 1427.0 1597.0 1425.0 1598.0 1412.0 small-vehicle 1
1350.0 1412.0 1337.0 1412.0 1336.0 1394.0 1350.0 1393.0 large-vehicle 0
1362.0 1414.0 1353.0 1413.0 1353.0 1396.0 1361.0 1397.0 large-vehicle 0
1576.0 1544.0 1587.0 1544.0 1584.0 1568.0 1572.0 1565.0 small-vehicle 0
1777.0 1774.0 1763.0 1773.0 1765.0 1749.0 1778.0 1751.0 small-vehicle 0
1549.0 1737.0 1535.0 1741.0 1531.0 1723.0 1545.0 1718.0 small-vehicle 0
1568.0 1724.0 1561.0 1730.0 1550.0 1719.0 1557.0 1712.0 small-vehicle 0
1600.0 1713.0 1593.0 1719.0 1581.0 1707.0 1589.0 1699.0 small-vehicle 0
1608.0 1707.0 1600.0 1713.0 1586.0 1700.0 1594.0 1692.0 small-vehicle 0
1632.0 1578.0 1640.0 1587.0 1626.0 1599.0 1619.0 1591.0 small-vehicle 0
1609.0 1383.0 1610.0 1373.0 1629.0 1374.0 1628.0 1385.0 small-vehicle 1
358.0 179.0 347.0 185.0 338.0 166.0 349.0 161.0 small-vehicle 1
348.0 157.0 338.0 161.0 330.0 143.0 338.0 137.0 small-vehicle 1
1409.0 586.0 1399.0 592.0 1389.0 579.0 1399.0 572.0 small-vehicle 0
989.0 348.0 1009.0 350.0 1000.0 441.0 981.0 440.0 large-vehicle 0
362.0 1166.0 362.0 1181.0 340.0 1181.0 338.0 1167.0 small-vehicle 1
809.0 1663.0 810.0 1675.0 784.0 1675.0 783.0 1664.0 small-vehicle 0
408.0 1583.0 418.0 1582.0 416.0 1603.0 409.0 1602.0 small-vehicle 0
415.0 1583.0 428.0 1584.0 425.0 1603.0 417.0 1603.0 small-vehicle 0
783.0 1595.0 796.0 1597.0 792.0 1623.0 780.0 1621.0 small-vehicle 0
815.0 1622.0 802.0 1621.0 802.0 1601.0 815.0 1600.0 small-vehicle 0
827.0 1597.0 839.0 1599.0 839.0 1621.0 827.0 1623.0 small-vehicle 0
854.0 1605.0 867.0 1608.0 864.0 1627.0 851.0 1626.0 small-vehicle 0
384.0 1662.0 394.0 1662.0 394.0 1682.0 383.0 1683.0 small-vehicle 0
400.0 1661.0 412.0 1663.0 410.0 1685.0 396.0 1684.0 small-vehicle 0
642.0 1657.0 641.0 1670.0 622.0 1671.0 621.0 1658.0 small-vehicle 0
665.0 1656.0 666.0 1669.0 643.0 1671.0 642.0 1658.0 small-vehicle 0
868.0 1640.0 867.0 1629.0 890.0 1630.0 890.0 1640.0 small-vehicle 1
599.0 1633.0 599.0 1619.0 624.0 1621.0 622.0 1635.0 small-vehicle 0
913.0 1667.0 913.0 1680.0 888.0 1681.0 887.0 1668.0 small-vehicle 0
692.0 1696.0 675.0 1697.0 675.0 1679.0 690.0 1679.0 small-vehicle 0
824.0 1678.0 837.0 1679.0 835.0 1702.0 822.0 1702.0 small-vehicle 0
851.0 1681.0 865.0 1682.0 864.0 1705.0 851.0 1703.0 small-vehicle 0
878.0 1704.0 867.0 1705.0 867.0 1686.0 880.0 1687.0 small-vehicle 0
838.0 1688.0 851.0 1689.0 849.0 1707.0 837.0 1707.0 small-vehicle 0
244.0 1618.0 247.0 1627.0 233.0 1634.0 228.0 1625.0 small-vehicle 0
268.0 1665.0 274.0 1673.0 258.0 1685.0 250.0 1675.0 small-vehicle 0
629.0 297.0 641.0 298.0 639.0 317.0 629.0 315.0 small-vehicle 0
654.0 316.0 642.0 317.0 642.0 294.0 654.0 295.0 large-vehicle 0
564.0 1593.0 575.0 1593.0 575.0 1616.0 563.0 1615.0 small-vehicle 0
500.0 1625.0 500.0 1615.0 517.0 1615.0 517.0 1627.0 small-vehicle 0
985.0 523.0 999.0 523.0 999.0 548.0 985.0 549.0 small-vehicle 0
39.0 1559.0 24.0 1558.0 25.0 1538.0 39.0 1536.0 small-vehicle 0
362.0 1184.0 361.0 1194.0 344.0 1194.0 344.0 1185.0 small-vehicle 1
869.0 1284.0 883.0 1285.0 880.0 1305.0 868.0 1303.0 small-vehicle 0
830.0 1259.0 841.0 1260.0 840.0 1284.0 826.0 1284.0 small-vehicle 0
34.0 1402.0 20.0 1401.0 19.0 1378.0 33.0 1377.0 small-vehicle 0
255.0 1380.0 256.0 1395.0 225.0 1391.0 228.0 1379.0 small-vehicle 0
221.0 1383.0 221.0 1394.0 196.0 1392.0 197.0 1382.0 small-vehicle 0
240.0 1395.0 239.0 1405.0 217.0 1405.0 219.0 1396.0 small-vehicle 0
244.0 1404.0 245.0 1414.0 224.0 1416.0 223.0 1407.0 small-vehicle 0
273.0 1503.0 261.0 1503.0 261.0 1484.0 273.0 1483.0 small-vehicle 0
235.0 1528.0 234.0 1516.0 252.0 1513.0 253.0 1525.0 small-vehicle 0
391.0 1375.0 378.0 1376.0 379.0 1352.0 392.0 1353.0 small-vehicle 0
476.0 1626.0 478.0 1615.0 497.0 1616.0 496.0 1628.0 small-vehicle 0
565.0 1357.0 578.0 1357.0 577.0 1376.0 565.0 1376.0 small-vehicle 0
577.0 1357.0 587.0 1357.0 588.0 1375.0 576.0 1377.0 small-vehicle 0
765.0 1349.0 765.0 1359.0 744.0 1358.0 744.0 1349.0 small-vehicle 0
803.0 1369.0 815.0 1368.0 815.0 1387.0 802.0 1387.0 small-vehicle 0
816.0 1367.0 828.0 1368.0 827.0 1388.0 814.0 1389.0 small-vehicle 0
791.0 1473.0 825.0 1474.0 825.0 1492.0 793.0 1490.0 swimming-pool 0
427.0 1492.0 471.0 1483.0 474.0 1506.0 431.0 1515.0 swimming-pool 0
279.0 1650.0 269.0 1657.0 257.0 1639.0 266.0 1632.0 small-vehicle 0
395.0 1622.0 395.0 1612.0 414.0 1611.0 413.0 1622.0 small-vehicle 0
445.0 1625.0 445.0 1613.0 466.0 1614.0 465.0 1623.0 small-vehicle 0
548.0 447.0 572.0 450.0 562.0 497.0 535.0 493.0 swimming-pool 0
621.0 690.0 621.0 702.0 600.0 702.0 600.0 690.0 small-vehicle 0
949.0 763.0 935.0 762.0 937.0 743.0 948.0 744.0 small-vehicle 0
990.0 850.0 990.0 839.0 1009.0 840.0 1009.0 850.0 small-vehicle 1
1280.0 992.0 1295.0 986.0 1302.0 1008.0 1290.0 1013.0 small-vehicle 0
1280.0 939.0 1294.0 941.0 1290.0 961.0 1279.0 959.0 small-vehicle 0
1280.0 910.0 1293.0 911.0 1290.0 934.0 1279.0 933.0 small-vehicle 0
1192.0 940.0 1194.0 926.0 1216.0 928.0 1216.0 940.0 small-vehicle 0
1015.0 1025.0 1011.0 1035.0 992.0 1027.0 996.0 1019.0 small-vehicle 1
1015.0 1036.0 1010.0 1048.0 991.0 1039.0 996.0 1028.0 small-vehicle 0
992.0 1076.0 978.0 1081.0 967.0 1058.0 982.0 1053.0 small-vehicle 0
984.0 950.0 984.0 939.0 1003.0 941.0 1003.0 951.0 small-vehicle 1
985.0 962.0 985.0 953.0 1001.0 953.0 1002.0 963.0 small-vehicle 0
970.0 864.0 980.0 864.0 979.0 888.0 968.0 887.0 small-vehicle 1
1221.0 820.0 1221.0 806.0 1242.0 806.0 1242.0 818.0 small-vehicle 0
981.0 1710.0 971.0 1710.0 970.0 1688.0 982.0 1688.0 small-vehicle 0
976.0 692.0 991.0 692.0 987.0 716.0 975.0 715.0 small-vehicle 0
981.0 624.0 993.0 625.0 993.0 647.0 980.0 648.0 small-vehicle 1
1329.0 737.0 1325.0 726.0 1348.0 721.0 1348.0 734.0 small-vehicle 0
1386.0 726.0 1385.0 736.0 1361.0 736.0 1362.0 726.0 small-vehicle 0
1407.0 729.0 1408.0 739.0 1383.0 739.0 1385.0 727.0 small-vehicle 0
1290.0 650.0 1279.0 644.0 1289.0 625.0 1300.0 630.0 small-vehicle 0
1278.0 585.0 1288.0 574.0 1309.0 588.0 1300.0 600.0 small-vehicle 0
960.0 547.0 948.0 547.0 948.0 523.0 961.0 523.0 large-vehicle 0
962.0 486.0 951.0 487.0 951.0 466.0 961.0 466.0 small-vehicle 0
968.0 415.0 955.0 416.0 956.0 396.0 969.0 394.0 small-vehicle 0
1319.0 1045.0 1314.0 1057.0 1297.0 1051.0 1298.0 1040.0 small-vehicle 0
1295.0 1049.0 1303.0 1057.0 1287.0 1071.0 1281.0 1063.0 small-vehicle 0
1234.0 991.0 1241.0 998.0 1225.0 1015.0 1217.0 1010.0 small-vehicle 0
1247.0 1034.0 1260.0 1036.0 1253.0 1061.0 1240.0 1059.0 small-vehicle 0
986.0 1686.0 999.0 1686.0 996.0 1710.0 982.0 1710.0 small-vehicle 0
1069.0 1610.0 1082.0 1611.0 1082.0 1634.0 1068.0 1633.0 small-vehicle 0
1084.0 1609.0 1096.0 1609.0 1095.0 1627.0 1084.0 1628.0 small-vehicle 0
1117.0 1674.0 1117.0 1686.0 1096.0 1687.0 1094.0 1675.0 small-vehicle 1
1142.0 1651.0 1141.0 1642.0 1164.0 1640.0 1164.0 1650.0 small-vehicle 1
1358.0 1685.0 1357.0 1696.0 1333.0 1696.0 1332.0 1684.0 small-vehicle 1
1518.0 1712.0 1514.0 1723.0 1496.0 1716.0 1499.0 1706.0 small-vehicle 0
1363.0 1620.0 1375.0 1621.0 1375.0 1644.0 1364.0 1645.0 small-vehicle 0
941.0 1604.0 953.0 1604.0 953.0 1625.0 942.0 1625.0 small-vehicle 0
1496.0 1598.0 1496.0 1585.0 1521.0 1586.0 1521.0 1599.0 small-vehicle 0
1145.0 1721.0 1133.0 1719.0 1135.0 1696.0 1146.0 1699.0 small-vehicle 0
1320.0 1700.0 1330.0 1701.0 1331.0 1720.0 1320.0 1721.0 small-vehicle 1
1307.0 1703.0 1319.0 1702.0 1318.0 1724.0 1307.0 1722.0 small-vehicle 0
1084.0 1359.0 1083.0 1371.0 1055.0 1371.0 1054.0 1358.0 small-vehicle 0
1393.0 1370.0 1395.0 1384.0 1366.0 1385.0 1365.0 1370.0 large-vehicle 0
1420.0 1306.0 1433.0 1308.0 1430.0 1329.0 1416.0 1326.0 small-vehicle 0
1272.0 1278.0 1282.0 1284.0 1268.0 1300.0 1258.0 1293.0 small-vehicle 0
1188.0 1302.0 1202.0 1302.0 1202.0 1324.0 1189.0 1323.0 small-vehicle 0
1526.0 1468.0 1523.0 1484.0 1497.0 1481.0 1498.0 1464.0 large-vehicle 0
1289.0 1096.0 1277.0 1101.0 1272.0 1080.0 1283.0 1076.0 small-vehicle 0
1241.0 1061.0 1231.0 1067.0 1219.0 1049.0 1230.0 1042.0 small-vehicle 0
208.0 144.0 199.0 191.0 230.0 197.0 249.0 141.0 swimming-pool 0
