imagesource:GoogleEarth
gsd:0.132580884824
231.0 372.0 378.0 372.0 378.0 520.0 231.0 520.0 roundabout 0
449.0 755.0 458.0 740.0 488.0 757.0 478.0 771.0 small-vehicle 1
410.0 732.0 419.0 722.0 445.0 738.0 436.0 751.0 small-vehicle 0
434.0 862.0 445.0 850.0 466.0 863.0 458.0 877.0 small-vehicle 0
295.0 589.0 284.0 581.0 307.0 557.0 315.0 568.0 small-vehicle 0
410.0 445.0 420.0 454.0 401.0 483.0 387.0 474.0 small-vehicle 0
242.0 435.0 234.0 430.0 254.0 402.0 266.0 412.0 small-vehicle 0
451.0 343.0 467.0 353.0 446.0 379.0 433.0 370.0 small-vehicle 0
540.0 286.0 551.0 294.0 530.0 321.0 516.0 312.0 small-vehicle 0
523.0 261.0 534.0 269.0 510.0 297.0 498.0 287.0 small-vehicle 0
456.0 251.0 447.0 242.0 467.0 222.0 475.0 228.0 small-vehicle 0
