imagesource:GoogleEarth
gsd:0.132584758626
397.0 495.0 911.0 495.0 911.0 1005.0 397.0 1005.0 roundabout 0
145.0 694.0 155.0 703.0 141.0 727.0 128.0 718.0 small-vehicle 0
950.0 1284.0 962.0 1294.0 944.0 1319.0 928.0 1309.0 small-vehicle 0
852.0 958.0 863.0 969.0 837.0 992.0 827.0 982.0 small-vehicle 0
754.0 1002.0 759.0 1020.0 656.0 1041.0 651.0 1019.0 large-vehicle 0
669.0 998.0 669.0 1009.0 641.0 1011.0 640.0 999.0 small-vehicle 0
571.0 1007.0 571.0 1020.0 542.0 1024.0 538.0 1010.0 small-vehicle 0
898.0 540.0 910.0 540.0 913.0 570.0 899.0 571.0 small-vehicle 0
783.0 449.0 779.0 436.0 812.0 431.0 812.0 443.0 small-vehicle 0
697.0 103.0 686.0 92.0 709.0 63.0 724.0 77.0 small-vehicle 0
288.0 1282.0 299.0 1290.0 282.0 1314.0 268.0 1307.0 small-vehicle 0
217.0 1212.0 206.0 1202.0 222.0 1180.0 237.0 1190.0 small-vehicle 0
448.0 1048.0 456.0 1056.0 438.0 1081.0 424.0 1071.0 small-vehicle 0
387.0 725.0 372.0 726.0 372.0 695.0 388.0 694.0 small-vehicle 0
114.0 738.0 123.0 746.0 108.0 766.0 96.0 758.0 small-vehicle 0
927.0 1247.0 927.0 1235.0 966.0 1236.0 965.0 1250.0 small-vehicle 0
204.0 618.0 214.0 625.0 196.0 648.0 186.0 640.0 small-vehicle 0
168.0 397.0 160.0 408.0 136.0 386.0 144.0 378.0 small-vehicle 0
142.0 374.0 133.0 384.0 110.0 361.0 119.0 350.0 small-vehicle 0
109.0 346.0 101.0 355.0 77.0 335.0 86.0 324.0 small-vehicle 0
172.0 370.0 164.0 378.0 142.0 359.0 150.0 350.0 small-vehicle 0
267.0 326.0 277.0 316.0 298.0 336.0 287.0 345.0 small-vehicle 0
226.0 290.0 234.0 281.0 258.0 303.0 250.0 312.0 small-vehicle 0
196.0 264.0 203.0 254.0 227.0 274.0 218.0 284.0 small-vehicle 0
168.0 245.0 176.0 234.0 196.0 251.0 188.0 260.0 small-vehicle 0
147.0 221.0 155.0 212.0 174.0 232.0 166.0 239.0 small-vehicle 0
119.0 198.0 126.0 189.0 151.0 210.0 141.0 218.0 small-vehicle 0
64.0 178.0 73.0 170.0 92.0 187.0 84.0 196.0 small-vehicle 0
931.0 1270.0 934.0 1258.0 966.0 1261.0 964.0 1275.0 small-vehicle 0
930.0 1224.0 931.0 1210.0 967.0 1216.0 965.0 1228.0 small-vehicle 0
54.0 148.0 64.0 137.0 92.0 162.0 82.0 172.0 small-vehicle 1
1015.0 1183.0 1029.0 1184.0 1028.0 1218.0 1011.0 1218.0 small-vehicle 0
964.0 973.0 982.0 963.0 1003.0 989.0 987.0 1002.0 small-vehicle 1
926.0 230.0 940.0 240.0 912.0 274.0 895.0 264.0 large-vehicle 0
94.0 687.0 77.0 676.0 98.0 653.0 113.0 660.0 small-vehicle 1
383.0 577.0 367.0 585.0 349.0 554.0 367.0 546.0 small-vehicle 1
1126.0 272.0 1143.0 292.0 1057.0 360.0 1043.0 344.0 large-vehicle 0
1088.0 275.0 1096.0 283.0 1076.0 303.0 1067.0 296.0 small-vehicle 0
1026.0 361.0 1017.0 356.0 1031.0 335.0 1039.0 340.0 small-vehicle 0
937.0 714.0 952.0 714.0 952.0 748.0 936.0 750.0 small-vehicle 0
929.0 769.0 943.0 772.0 937.0 796.0 922.0 796.0 small-vehicle 0
922.0 831.0 936.0 834.0 922.0 866.0 910.0 860.0 small-vehicle 0
1003.0 1249.0 1017.0 1250.0 1014.0 1276.0 998.0 1277.0 small-vehicle 0
984.0 1171.0 1001.0 1172.0 1000.0 1204.0 982.0 1202.0 small-vehicle 0
1036.0 1194.0 1050.0 1193.0 1051.0 1227.0 1038.0 1228.0 small-vehicle 0
926.0 1204.0 928.0 1192.0 962.0 1195.0 961.0 1208.0 small-vehicle 0
1057.0 1206.0 1074.0 1208.0 1071.0 1237.0 1053.0 1236.0 small-vehicle 0
1091.0 1162.0 1105.0 1167.0 1100.0 1194.0 1087.0 1191.0 small-vehicle 0
1073.0 1152.0 1088.0 1153.0 1082.0 1185.0 1068.0 1183.0 small-vehicle 0
1055.0 1135.0 1065.0 1139.0 1060.0 1170.0 1047.0 1168.0 small-vehicle 0
1026.0 1117.0 1044.0 1119.0 1041.0 1153.0 1027.0 1153.0 small-vehicle 0
1010.0 1102.0 1024.0 1104.0 1021.0 1134.0 1008.0 1135.0 small-vehicle 0
986.0 1086.0 1001.0 1086.0 1000.0 1118.0 987.0 1119.0 small-vehicle 0
964.0 1070.0 979.0 1069.0 981.0 1106.0 965.0 1108.0 small-vehicle 0
928.0 1096.0 936.0 1083.0 959.0 1105.0 950.0 1113.0 small-vehicle 0
924.0 1129.0 932.0 1116.0 960.0 1130.0 953.0 1141.0 small-vehicle 0
928.0 1151.0 932.0 1141.0 966.0 1152.0 962.0 1162.0 small-vehicle 0
927.0 1179.0 930.0 1166.0 966.0 1172.0 963.0 1184.0 small-vehicle 0
89.0 174.0 100.0 165.0 120.0 185.0 115.0 195.0 small-vehicle 0
