imagesource:GoogleEarth
gsd:0.257268700806
319.0 1977.0 319.0 1986.0 300.0 1987.0 300.0 1978.0 small-vehicle 1
2497.0 1463.0 2544.0 1463.0 2544.0 1496.0 2497.0 1496.0 swimming-pool 0
2688.0 1422.0 2724.0 1422.0 2724.0 1460.0 2688.0 1460.0 swimming-pool 0
2672.0 1466.0 2727.0 1466.0 2727.0 1506.0 2672.0 1506.0 swimming-pool 0
2868.0 1485.0 2916.0 1485.0 2916.0 1518.0 2868.0 1518.0 swimming-pool 0
2865.0 1426.0 2900.0 1426.0 2900.0 1467.0 2865.0 1467.0 swimming-pool 0
2842.0 1794.0 2892.0 1794.0 2892.0 1823.0 2842.0 1823.0 swimming-pool 0
2840.0 1823.0 2896.0 1823.0 2896.0 1858.0 2840.0 1858.0 swimming-pool 0
2537.0 1816.0 2570.0 1816.0 2570.0 1846.0 2537.0 1846.0 swimming-pool 0
2482.0 1770.0 2519.0 1770.0 2519.0 1797.0 2482.0 1797.0 swimming-pool 0
2289.0 1763.0 2342.0 1763.0 2342.0 1797.0 2289.0 1797.0 swimming-pool 0
2255.0 1803.0 2324.0 1803.0 2324.0 1838.0 2255.0 1838.0 swimming-pool 0
2145.0 1795.0 2202.0 1795.0 2202.0 1831.0 2145.0 1831.0 swimming-pool 0
2174.0 1755.0 2226.0 1755.0 2226.0 1789.0 2174.0 1789.0 swimming-pool 0
2612.0 2073.0 2643.0 2073.0 2643.0 2142.0 2612.0 2142.0 swimming-pool 0
2844.0 2063.0 2884.0 2063.0 2884.0 2099.0 2844.0 2099.0 swimming-pool 0
495.0 575.0 542.0 575.0 542.0 612.0 495.0 612.0 swimming-pool 0
520.0 625.0 572.0 625.0 572.0 659.0 520.0 659.0 swimming-pool 0
425.0 624.0 481.0 624.0 481.0 663.0 425.0 663.0 swimming-pool 0
332.0 580.0 382.0 580.0 382.0 612.0 332.0 612.0 swimming-pool 0
821.0 640.0 865.0 640.0 865.0 676.0 821.0 676.0 swimming-pool 0
728.0 841.0 775.0 841.0 775.0 891.0 728.0 891.0 swimming-pool 0
705.0 641.0 758.0 641.0 758.0 686.0 705.0 686.0 swimming-pool 0
444.0 561.0 481.0 561.0 481.0 615.0 444.0 615.0 swimming-pool 0
724.0 949.0 759.0 949.0 759.0 1004.0 724.0 1004.0 swimming-pool 0
667.0 1210.0 698.0 1210.0 698.0 1269.0 667.0 1269.0 swimming-pool 0
717.0 1241.0 758.0 1241.0 758.0 1274.0 717.0 1274.0 swimming-pool 0
2581.0 1408.0 2618.0 1408.0 2618.0 1461.0 2581.0 1461.0 swimming-pool 0
2461.0 1415.0 2521.0 1415.0 2521.0 1456.0 2461.0 1456.0 swimming-pool 0
867.0 1682.0 880.0 1683.0 879.0 1707.0 866.0 1706.0 small-vehicle 1
2386.0 1451.0 2443.0 1451.0 2443.0 1491.0 2386.0 1491.0 swimming-pool 0
2511.0 1066.0 2566.0 1066.0 2566.0 1112.0 2511.0 1112.0 swimming-pool 0
2417.0 1066.0 2469.0 1066.0 2469.0 1103.0 2417.0 1103.0 swimming-pool 0
2410.0 1114.0 2461.0 1114.0 2461.0 1144.0 2410.0 1144.0 swimming-pool 0
2320.0 1104.0 2365.0 1104.0 2365.0 1139.0 2320.0 1139.0 swimming-pool 0
2295.0 1061.0 2358.0 1061.0 2358.0 1105.0 2295.0 1105.0 swimming-pool 0
2156.0 1049.0 2209.0 1049.0 2209.0 1084.0 2156.0 1084.0 swimming-pool 0
2121.0 1091.0 2176.0 1091.0 2176.0 1135.0 2121.0 1135.0 swimming-pool 0
2050.0 1088.0 2101.0 1088.0 2101.0 1122.0 2050.0 1122.0 swimming-pool 0
1930.0 1050.0 1987.0 1050.0 1987.0 1086.0 1930.0 1086.0 swimming-pool 0
1928.0 1085.0 1984.0 1085.0 1984.0 1123.0 1928.0 1123.0 swimming-pool 0
1856.0 1100.0 1912.0 1100.0 1912.0 1141.0 1856.0 1141.0 swimming-pool 0
1865.0 1037.0 1915.0 1037.0 1915.0 1081.0 1865.0 1081.0 swimming-pool 0
1751.0 1036.0 1795.0 1036.0 1795.0 1064.0 1751.0 1064.0 swimming-pool 0
1764.0 1081.0 1825.0 1081.0 1825.0 1112.0 1764.0 1112.0 swimming-pool 0
1671.0 1075.0 1734.0 1075.0 1734.0 1109.0 1671.0 1109.0 swimming-pool 0
1588.0 1026.0 1645.0 1026.0 1645.0 1059.0 1588.0 1059.0 swimming-pool 0
1582.0 1064.0 1645.0 1064.0 1645.0 1102.0 1582.0 1102.0 swimming-pool 0
1479.0 1019.0 1543.0 1019.0 1543.0 1058.0 1479.0 1058.0 swimming-pool 0
1484.0 1079.0 1531.0 1079.0 1531.0 1119.0 1484.0 1119.0 swimming-pool 0
1397.0 1062.0 1446.0 1062.0 1446.0 1094.0 1397.0 1094.0 swimming-pool 0
1288.0 1010.0 1336.0 1010.0 1336.0 1048.0 1288.0 1048.0 swimming-pool 0
2123.0 1441.0 2178.0 1441.0 2178.0 1481.0 2123.0 1481.0 swimming-pool 0
2205.0 1442.0 2262.0 1442.0 2262.0 1480.0 2205.0 1480.0 swimming-pool 0
2283.0 1417.0 2336.0 1417.0 2336.0 1449.0 2283.0 1449.0 swimming-pool 0
2301.0 1459.0 2351.0 1459.0 2351.0 1494.0 2301.0 1494.0 swimming-pool 0
705.0 1401.0 739.0 1401.0 739.0 1451.0 705.0 1451.0 swimming-pool 0
387.0 1067.0 418.0 1067.0 418.0 1121.0 387.0 1121.0 swimming-pool 0
81.0 1343.0 107.0 1343.0 107.0 1394.0 81.0 1394.0 swimming-pool 0
379.0 1450.0 434.0 1450.0 434.0 1488.0 379.0 1488.0 swimming-pool 0
405.0 458.0 405.0 469.0 384.0 470.0 385.0 459.0 small-vehicle 1
377.0 389.0 389.0 391.0 386.0 409.0 377.0 408.0 small-vehicle 1
500.0 392.0 514.0 391.0 513.0 410.0 501.0 410.0 small-vehicle 1
259.0 346.0 268.0 346.0 268.0 367.0 256.0 367.0 small-vehicle 1
205.0 399.0 206.0 388.0 226.0 388.0 225.0 399.0 small-vehicle 1
807.0 181.0 819.0 185.0 807.0 204.0 797.0 201.0 small-vehicle 1
589.0 543.0 598.0 543.0 600.0 562.0 587.0 562.0 small-vehicle 1
179.0 672.0 178.0 683.0 158.0 682.0 158.0 672.0 small-vehicle 1
397.0 732.0 408.0 729.0 411.0 748.0 397.0 750.0 small-vehicle 1
414.0 727.0 427.0 727.0 425.0 749.0 413.0 747.0 small-vehicle 1
837.0 887.0 850.0 887.0 852.0 908.0 839.0 908.0 small-vehicle 1
643.0 991.0 664.0 1026.0 644.0 1035.0 621.0 1000.0 swimming-pool 0
101.0 965.0 121.0 958.0 133.0 992.0 113.0 998.0 swimming-pool 1
226.0 1108.0 213.0 1107.0 216.0 1081.0 230.0 1081.0 small-vehicle 1
303.0 1274.0 314.0 1276.0 305.0 1299.0 295.0 1295.0 small-vehicle 1
287.0 1410.0 298.0 1406.0 302.0 1427.0 291.0 1428.0 small-vehicle 1
493.0 1482.0 491.0 1471.0 514.0 1467.0 515.0 1479.0 small-vehicle 1
862.0 1302.0 849.0 1302.0 849.0 1281.0 862.0 1281.0 small-vehicle 1
185.0 1239.0 180.0 1231.0 202.0 1223.0 205.0 1233.0 small-vehicle 1
183.0 1133.0 186.0 1124.0 206.0 1125.0 203.0 1137.0 small-vehicle 1
39.0 1047.0 60.0 1078.0 43.0 1093.0 25.0 1061.0 swimming-pool 1
196.0 1479.0 210.0 1478.0 210.0 1504.0 196.0 1505.0 small-vehicle 0
104.0 1688.0 106.0 1677.0 131.0 1678.0 131.0 1688.0 small-vehicle 1
24.0 1683.0 24.0 1672.0 46.0 1675.0 44.0 1685.0 small-vehicle 1
916.0 1569.0 916.0 1558.0 938.0 1560.0 937.0 1570.0 small-vehicle 1
399.0 479.0 411.0 481.0 410.0 498.0 398.0 498.0 small-vehicle 1
412.0 479.0 419.0 481.0 418.0 500.0 409.0 498.0 small-vehicle 1
420.0 477.0 432.0 475.0 432.0 499.0 421.0 501.0 small-vehicle 1
805.0 137.0 803.0 150.0 782.0 147.0 783.0 135.0 small-vehicle 1
284.0 1523.0 321.0 1523.0 321.0 1552.0 284.0 1552.0 swimming-pool 0
452.0 2054.0 503.0 2054.0 503.0 2085.0 452.0 2085.0 swimming-pool 0
575.0 2083.0 625.0 2083.0 625.0 2103.0 575.0 2103.0 swimming-pool 0
1005.0 2063.0 1049.0 2063.0 1049.0 2101.0 1005.0 2101.0 swimming-pool 0
287.0 2065.0 332.0 2065.0 332.0 2092.0 287.0 2092.0 swimming-pool 0
136.0 1971.0 179.0 1971.0 179.0 2019.0 136.0 2019.0 swimming-pool 0
76.0 1826.0 136.0 1826.0 136.0 1860.0 76.0 1860.0 swimming-pool 0
145.0 2059.0 176.0 2059.0 176.0 2085.0 145.0 2085.0 swimming-pool 0
598.0 1398.0 632.0 1398.0 632.0 1458.0 598.0 1458.0 swimming-pool 0
624.0 595.0 641.0 570.0 672.0 603.0 658.0 620.0 swimming-pool 0
643.0 128.0 643.0 140.0 618.0 140.0 619.0 128.0 small-vehicle 1
763.0 70.0 777.0 70.0 776.0 86.0 764.0 87.0 small-vehicle 1
558.0 464.0 557.0 476.0 533.0 476.0 535.0 463.0 small-vehicle 1
780.0 67.0 792.0 67.0 790.0 87.0 778.0 87.0 small-vehicle 1
801.0 74.0 811.0 74.0 813.0 96.0 800.0 94.0 small-vehicle 1
812.0 70.0 823.0 70.0 819.0 91.0 810.0 88.0 small-vehicle 1
919.0 211.0 907.0 210.0 908.0 192.0 919.0 191.0 small-vehicle 1
400.0 136.0 411.0 135.0 409.0 156.0 398.0 155.0 small-vehicle 1
93.0 230.0 93.0 242.0 75.0 242.0 76.0 230.0 small-vehicle 1
726.0 446.0 728.0 435.0 755.0 435.0 756.0 448.0 small-vehicle 1
746.0 475.0 746.0 486.0 724.0 484.0 724.0 474.0 small-vehicle 1
673.0 470.0 673.0 481.0 650.0 480.0 650.0 469.0 small-vehicle 1
633.0 466.0 633.0 479.0 610.0 479.0 609.0 467.0 small-vehicle 1
582.0 465.0 582.0 477.0 559.0 473.0 561.0 464.0 small-vehicle 1
2868.0 1134.0 2925.0 1134.0 2925.0 1168.0 2868.0 1168.0 swimming-pool 0
2910.0 741.0 2948.0 741.0 2948.0 771.0 2910.0 771.0 swimming-pool 0
2910.0 432.0 2961.0 432.0 2961.0 455.0 2910.0 455.0 swimming-pool 0
1670.0 1440.0 1672.0 1482.0 1704.0 1474.0 1709.0 1436.0 swimming-pool 0
1071.0 966.0 1061.0 1026.0 1095.0 1025.0 1101.0 962.0 swimming-pool 0
1047.0 1041.0 1045.0 1070.0 1091.0 1065.0 1097.0 1037.0 swimming-pool 0
977.0 1040.0 975.0 1069.0 1001.0 1071.0 1004.0 1035.0 swimming-pool 0
1018.0 947.0 1018.0 1005.0 1040.0 1004.0 1051.0 956.0 swimming-pool 0
1044.0 1348.0 1038.0 1369.0 1077.0 1378.0 1086.0 1356.0 swimming-pool 0
934.0 1343.0 931.0 1366.0 988.0 1369.0 992.0 1344.0 swimming-pool 0
1047.0 1469.0 1042.0 1518.0 1076.0 1524.0 1091.0 1478.0 swimming-pool 0
1002.0 1569.0 990.0 1619.0 1020.0 1623.0 1030.0 1569.0 swimming-pool 0
1062.0 1739.0 1061.0 1767.0 1107.0 1775.0 1112.0 1747.0 swimming-pool 0
1272.0 1734.0 1311.0 1698.0 1330.0 1722.0 1290.0 1757.0 swimming-pool 0
1332.0 1708.0 1352.0 1696.0 1385.0 1738.0 1354.0 1752.0 swimming-pool 0
1332.0 1776.0 1376.0 1752.0 1390.0 1780.0 1338.0 1802.0 swimming-pool 0
1438.0 1763.0 1435.0 1792.0 1481.0 1794.0 1485.0 1774.0 swimming-pool 0
1463.0 1726.0 1458.0 1747.0 1515.0 1756.0 1511.0 1731.0 swimming-pool 0
1531.0 1700.0 1523.0 1746.0 1555.0 1747.0 1559.0 1710.0 swimming-pool 0
1598.0 1759.0 1575.0 1784.0 1609.0 1814.0 1627.0 1790.0 swimming-pool 0
1635.0 1775.0 1631.0 1811.0 1677.0 1814.0 1687.0 1779.0 swimming-pool 0
1746.0 1734.0 1742.0 1754.0 1784.0 1772.0 1795.0 1745.0 swimming-pool 0
1783.0 1769.0 1774.0 1799.0 1816.0 1816.0 1829.0 1775.0 swimming-pool 0
1826.0 1742.0 1826.0 1767.0 1875.0 1774.0 1876.0 1746.0 swimming-pool 0
1912.0 1741.0 1910.0 1777.0 1954.0 1779.0 1963.0 1746.0 swimming-pool 0
1931.0 1388.0 1923.0 1423.0 1976.0 1431.0 1986.0 1399.0 swimming-pool 0
1837.0 1376.0 1834.0 1415.0 1869.0 1415.0 1878.0 1376.0 swimming-pool 0
1829.0 1429.0 1829.0 1465.0 1886.0 1459.0 1889.0 1435.0 swimming-pool 0
1726.0 1389.0 1735.0 1420.0 1772.0 1419.0 1779.0 1392.0 swimming-pool 0
1023.0 877.0 1014.0 934.0 1051.0 926.0 1049.0 874.0 swimming-pool 0
1078.0 855.0 1076.0 904.0 1099.0 907.0 1105.0 866.0 swimming-pool 0
1080.0 772.0 1074.0 818.0 1102.0 814.0 1112.0 768.0 swimming-pool 0
142.0 2.0 134.0 65.0 158.0 67.0 164.0 6.0 swimming-pool 0
448.0 248.0 445.0 270.0 497.0 279.0 500.0 250.0 swimming-pool 0
518.0 242.0 506.0 254.0 534.0 281.0 547.0 257.0 swimming-pool 0
649.0 254.0 647.0 285.0 688.0 288.0 695.0 263.0 swimming-pool 0
740.0 261.0 738.0 288.0 780.0 292.0 787.0 261.0 swimming-pool 0
823.0 262.0 818.0 287.0 867.0 297.0 867.0 269.0 swimming-pool 0
801.0 299.0 804.0 332.0 856.0 325.0 855.0 302.0 swimming-pool 0
745.0 290.0 744.0 318.0 775.0 325.0 782.0 300.0 swimming-pool 0
616.0 299.0 615.0 328.0 660.0 329.0 674.0 306.0 swimming-pool 0
450.0 279.0 450.0 310.0 495.0 316.0 501.0 284.0 swimming-pool 0
354.0 271.0 350.0 301.0 405.0 302.0 408.0 277.0 swimming-pool 0
134.0 110.0 128.0 175.0 158.0 176.0 170.0 114.0 swimming-pool 0
1055.0 41.0 1074.0 92.0 1104.0 82.0 1102.0 47.0 swimming-pool 0
1029.0 755.0 1026.0 805.0 1055.0 810.0 1061.0 758.0 swimming-pool 0
1116.0 62.0 1112.0 107.0 1135.0 106.0 1137.0 63.0 swimming-pool 0
1105.0 137.0 1106.0 196.0 1135.0 197.0 1141.0 142.0 swimming-pool 0
1060.0 167.0 1062.0 219.0 1082.0 220.0 1089.0 170.0 swimming-pool 0
1107.0 244.0 1104.0 294.0 1129.0 297.0 1126.0 247.0 swimming-pool 0
1048.0 320.0 1044.0 369.0 1078.0 371.0 1086.0 319.0 swimming-pool 0
1105.0 315.0 1100.0 364.0 1119.0 364.0 1124.0 316.0 swimming-pool 0
1095.0 425.0 1098.0 476.0 1120.0 480.0 1130.0 432.0 swimming-pool 0
1047.0 496.0 1044.0 557.0 1075.0 560.0 1075.0 503.0 swimming-pool 0
1087.0 509.0 1087.0 557.0 1111.0 556.0 1110.0 508.0 swimming-pool 0
1087.0 579.0 1080.0 631.0 1101.0 630.0 1116.0 585.0 swimming-pool 0
1045.0 582.0 1042.0 634.0 1067.0 628.0 1078.0 585.0 swimming-pool 0
1629.0 1385.0 1629.0 1418.0 1685.0 1411.0 1694.0 1383.0 swimming-pool 0
1568.0 1408.0 1564.0 1459.0 1592.0 1459.0 1599.0 1419.0 swimming-pool 0
2873.0 388.0 2934.0 388.0 2934.0 419.0 2873.0 419.0 swimming-pool 0
1582.0 1371.0 1572.0 1403.0 1621.0 1410.0 1627.0 1390.0 swimming-pool 0
1509.0 659.0 1567.0 659.0 1567.0 696.0 1509.0 696.0 swimming-pool 0
1392.0 663.0 1456.0 663.0 1456.0 700.0 1392.0 700.0 swimming-pool 0
1355.0 621.0 1387.0 621.0 1387.0 672.0 1355.0 672.0 swimming-pool 0
1569.0 712.0 1636.0 712.0 1636.0 752.0 1569.0 752.0 swimming-pool 0
1782.0 728.0 1829.0 728.0 1829.0 759.0 1782.0 759.0 swimming-pool 0
1851.0 724.0 1920.0 724.0 1920.0 764.0 1851.0 764.0 swimming-pool 0
1967.0 732.0 2010.0 732.0 2010.0 769.0 1967.0 769.0 swimming-pool 0
2031.0 734.0 2077.0 734.0 2077.0 781.0 2031.0 781.0 swimming-pool 0
2250.0 714.0 2299.0 714.0 2299.0 741.0 2250.0 741.0 swimming-pool 0
2217.0 745.0 2277.0 745.0 2277.0 790.0 2217.0 790.0 swimming-pool 0
2316.0 712.0 2383.0 712.0 2383.0 744.0 2316.0 744.0 swimming-pool 0
2344.0 752.0 2400.0 752.0 2400.0 783.0 2344.0 783.0 swimming-pool 0
2407.0 711.0 2471.0 711.0 2471.0 746.0 2407.0 746.0 swimming-pool 0
2504.0 756.0 2549.0 756.0 2549.0 792.0 2504.0 792.0 swimming-pool 0
2521.0 717.0 2578.0 717.0 2578.0 756.0 2521.0 756.0 swimming-pool 0
2604.0 759.0 2656.0 759.0 2656.0 805.0 2604.0 805.0 swimming-pool 0
2625.0 718.0 2685.0 718.0 2685.0 763.0 2625.0 763.0 swimming-pool 0
2689.0 687.0 2712.0 687.0 2712.0 747.0 2689.0 747.0 swimming-pool 0
2716.0 770.0 2769.0 770.0 2769.0 802.0 2716.0 802.0 swimming-pool 0
2566.0 340.0 2589.0 340.0 2589.0 404.0 2566.0 404.0 swimming-pool 0
2614.0 408.0 2674.0 408.0 2674.0 446.0 2614.0 446.0 swimming-pool 0
2454.0 399.0 2508.0 399.0 2508.0 445.0 2454.0 445.0 swimming-pool 0
2364.0 394.0 2421.0 394.0 2421.0 436.0 2364.0 436.0 swimming-pool 0
2326.0 345.0 2384.0 345.0 2384.0 388.0 2326.0 388.0 swimming-pool 0
2239.0 344.0 2301.0 344.0 2301.0 391.0 2239.0 391.0 swimming-pool 0
1582.0 674.0 1648.0 674.0 1648.0 706.0 1582.0 706.0 swimming-pool 0
1719.0 650.0 1756.0 650.0 1756.0 704.0 1719.0 704.0 swimming-pool 0
1667.0 715.0 1738.0 715.0 1738.0 749.0 1667.0 749.0 swimming-pool 0
1622.0 363.0 1671.0 363.0 1671.0 400.0 1622.0 400.0 swimming-pool 0
1481.0 1408.0 1482.0 1448.0 1536.0 1452.0 1536.0 1418.0 swimming-pool 0
1395.0 1415.0 1392.0 1438.0 1434.0 1447.0 1438.0 1421.0 swimming-pool 0
1246.0 1314.0 1247.0 1361.0 1287.0 1365.0 1288.0 1323.0 swimming-pool 0
1682.0 2038.0 1678.0 2085.0 1704.0 2085.0 1705.0 2039.0 swimming-pool 0
1646.0 2089.0 1643.0 2137.0 1671.0 2140.0 1671.0 2097.0 swimming-pool 0
1964.0 2031.0 1961.0 2094.0 1996.0 2094.0 2002.0 2036.0 swimming-pool 0
1966.0 2106.0 1959.0 2153.0 1985.0 2150.0 1992.0 2106.0 swimming-pool 0
1996.0 1734.0 1991.0 1772.0 2038.0 1779.0 2044.0 1739.0 swimming-pool 0
2031.0 1400.0 2052.0 1378.0 2075.0 1419.0 2055.0 1436.0 swimming-pool 0
1351.0 298.0 1402.0 298.0 1402.0 324.0 1351.0 324.0 swimming-pool 0
1619.0 307.0 1666.0 307.0 1666.0 340.0 1619.0 340.0 swimming-pool 0
1363.0 369.0 1401.0 369.0 1401.0 415.0 1363.0 415.0 swimming-pool 0
2036.0 697.0 2099.0 697.0 2099.0 737.0 2036.0 737.0 swimming-pool 0
1805.0 325.0 1857.0 325.0 1857.0 357.0 1805.0 357.0 swimming-pool 0
1903.0 330.0 1949.0 330.0 1949.0 362.0 1903.0 362.0 swimming-pool 0
1977.0 335.0 2020.0 335.0 2020.0 363.0 1977.0 363.0 swimming-pool 0
2070.0 344.0 2129.0 344.0 2129.0 376.0 2070.0 376.0 swimming-pool 0
2155.0 340.0 2205.0 340.0 2205.0 374.0 2155.0 374.0 swimming-pool 0
2150.0 382.0 2214.0 382.0 2214.0 420.0 2150.0 420.0 swimming-pool 0
1955.0 371.0 2006.0 371.0 2006.0 421.0 1955.0 421.0 swimming-pool 0
1902.0 369.0 1949.0 369.0 1949.0 406.0 1902.0 406.0 swimming-pool 0
1790.0 686.0 1839.0 686.0 1839.0 716.0 1790.0 716.0 swimming-pool 0
1854.0 678.0 1904.0 678.0 1904.0 720.0 1854.0 720.0 swimming-pool 0
1947.0 687.0 1997.0 687.0 1997.0 732.0 1947.0 732.0 swimming-pool 0
939.0 1572.0 940.0 1584.0 912.0 1582.0 914.0 1572.0 small-vehicle 1
871.0 1621.0 885.0 1622.0 883.0 1645.0 869.0 1644.0 small-vehicle 1
367.0 1984.0 360.0 1988.0 353.0 1971.0 361.0 1967.0 small-vehicle 1
2287.0 2108.0 2276.0 2113.0 2265.0 2093.0 2274.0 2089.0 small-vehicle 1
2320.0 2111.0 2309.0 2117.0 2297.0 2097.0 2308.0 2091.0 small-vehicle 1
2334.0 2109.0 2324.0 2115.0 2314.0 2099.0 2325.0 2093.0 small-vehicle 1
2109.0 2002.0 2109.0 2013.0 2090.0 2014.0 2091.0 2003.0 small-vehicle 1
2086.0 2004.0 2085.0 2014.0 2065.0 2012.0 2066.0 2001.0 small-vehicle 1
2286.0 1913.0 2301.0 1914.0 2298.0 1938.0 2283.0 1935.0 small-vehicle 1
2331.0 2101.0 2339.0 2095.0 2350.0 2112.0 2344.0 2118.0 small-vehicle 1
2348.0 2101.0 2357.0 2095.0 2368.0 2112.0 2357.0 2116.0 small-vehicle 1
2391.0 2116.0 2380.0 2122.0 2370.0 2104.0 2381.0 2098.0 small-vehicle 1
2428.0 2119.0 2418.0 2123.0 2407.0 2102.0 2416.0 2099.0 small-vehicle 1
2395.0 2043.0 2404.0 2051.0 2390.0 2068.0 2382.0 2062.0 small-vehicle 1
2379.0 2045.0 2388.0 2051.0 2376.0 2068.0 2368.0 2061.0 small-vehicle 1
2354.0 2041.0 2364.0 2049.0 2348.0 2068.0 2340.0 2061.0 small-vehicle 1
2338.0 2044.0 2347.0 2050.0 2333.0 2065.0 2326.0 2057.0 small-vehicle 1
2477.0 1977.0 2476.0 1966.0 2497.0 1967.0 2496.0 1978.0 small-vehicle 1
2502.0 1965.0 2504.0 1953.0 2528.0 1954.0 2526.0 1965.0 small-vehicle 1
2799.0 2007.0 2799.0 1998.0 2824.0 1998.0 2825.0 2008.0 small-vehicle 1
2647.0 1930.0 2657.0 1933.0 2656.0 1952.0 2641.0 1952.0 small-vehicle 1
2467.0 1924.0 2478.0 1925.0 2480.0 1943.0 2469.0 1945.0 small-vehicle 1
2405.0 1918.0 2416.0 1918.0 2416.0 1938.0 2406.0 1937.0 small-vehicle 1
2394.0 1911.0 2406.0 1911.0 2403.0 1933.0 2392.0 1934.0 small-vehicle 1
2557.0 1784.0 2602.0 1783.0 2601.0 1800.0 2556.0 1802.0 swimming-pool 0
2116.0 1762.0 2156.0 1763.0 2155.0 1783.0 2111.0 1780.0 swimming-pool 0
2127.0 1670.0 2116.0 1680.0 2097.0 1665.0 2106.0 1654.0 ship 0
2373.0 1659.0 2384.0 1660.0 2383.0 1684.0 2372.0 1682.0 small-vehicle 1
2251.0 1681.0 2239.0 1680.0 2239.0 1664.0 2250.0 1663.0 small-vehicle 1
2304.0 2107.0 2294.0 2113.0 2281.0 2096.0 2291.0 2090.0 small-vehicle 1
2323.0 2046.0 2333.0 2054.0 2321.0 2065.0 2314.0 2059.0 small-vehicle 1
847.0 1594.0 835.0 1595.0 835.0 1574.0 846.0 1575.0 small-vehicle 1
2312.0 2041.0 2323.0 2047.0 2312.0 2061.0 2301.0 2054.0 small-vehicle 1
1979.0 1616.0 1979.0 1629.0 1950.0 1629.0 1951.0 1615.0 small-vehicle 1
1910.0 1615.0 1911.0 1631.0 1887.0 1628.0 1889.0 1614.0 small-vehicle 1
1772.0 1606.0 1772.0 1619.0 1748.0 1619.0 1749.0 1606.0 small-vehicle 1
1717.0 1623.0 1730.0 1622.0 1728.0 1646.0 1715.0 1644.0 small-vehicle 1
1730.0 1629.0 1739.0 1629.0 1740.0 1650.0 1727.0 1648.0 small-vehicle 1
1755.0 1650.0 1740.0 1651.0 1736.0 1629.0 1750.0 1627.0 small-vehicle 1
1546.0 1637.0 1533.0 1638.0 1533.0 1619.0 1545.0 1618.0 small-vehicle 1
1915.0 1633.0 1928.0 1632.0 1928.0 1654.0 1917.0 1655.0 small-vehicle 1
2069.0 1925.0 2055.0 1921.0 2058.0 1902.0 2071.0 1904.0 small-vehicle 1
2055.0 1923.0 2041.0 1921.0 2044.0 1900.0 2056.0 1899.0 small-vehicle 1
2044.0 1980.0 2045.0 1968.0 2071.0 1971.0 2069.0 1984.0 small-vehicle 1
1936.0 1949.0 1936.0 1935.0 1961.0 1938.0 1960.0 1951.0 small-vehicle 1
1719.0 1966.0 1720.0 1953.0 1748.0 1955.0 1747.0 1970.0 small-vehicle 1
1523.0 2099.0 1533.0 2100.0 1533.0 2125.0 1520.0 2123.0 small-vehicle 1
1858.0 2131.0 1861.0 2123.0 1881.0 2125.0 1879.0 2135.0 small-vehicle 1
1863.0 2119.0 1863.0 2109.0 1882.0 2110.0 1879.0 2122.0 small-vehicle 1
2025.0 2110.0 2065.0 2113.0 2061.0 2183.0 2020.0 2180.0 tennis-court 1
2071.0 2112.0 2112.0 2115.0 2109.0 2187.0 2069.0 2183.0 tennis-court 1
1921.0 1900.0 1931.0 1897.0 1935.0 1915.0 1925.0 1919.0 small-vehicle 1
2222.0 2041.0 2231.0 2050.0 2215.0 2067.0 2206.0 2057.0 small-vehicle 1
2245.0 2036.0 2251.0 2045.0 2239.0 2060.0 2229.0 2053.0 small-vehicle 1
2257.0 2043.0 2265.0 2049.0 2248.0 2063.0 2243.0 2057.0 small-vehicle 1
2271.0 2040.0 2279.0 2049.0 2264.0 2063.0 2258.0 2058.0 small-vehicle 1
2280.0 2041.0 2292.0 2046.0 2282.0 2065.0 2272.0 2059.0 small-vehicle 1
2300.0 2040.0 2310.0 2048.0 2296.0 2062.0 2289.0 2054.0 small-vehicle 1
2228.0 1658.0 2239.0 1658.0 2238.0 1681.0 2228.0 1681.0 small-vehicle 1
2551.0 1621.0 2552.0 1611.0 2573.0 1613.0 2571.0 1624.0 small-vehicle 1
2608.0 1626.0 2609.0 1611.0 2638.0 1615.0 2638.0 1629.0 small-vehicle 1
2303.0 1607.0 2304.0 1597.0 2329.0 1598.0 2331.0 1608.0 small-vehicle 1
2729.0 548.0 2722.0 541.0 2735.0 530.0 2740.0 536.0 small-vehicle 1
2744.0 533.0 2737.0 523.0 2755.0 512.0 2759.0 523.0 small-vehicle 1
2331.0 518.0 2343.0 519.0 2342.0 542.0 2329.0 542.0 small-vehicle 1
2622.0 308.0 2609.0 308.0 2609.0 283.0 2621.0 283.0 small-vehicle 1
2400.0 260.0 2413.0 259.0 2411.0 287.0 2399.0 289.0 small-vehicle 1
2254.0 262.0 2237.0 258.0 2245.0 238.0 2258.0 240.0 small-vehicle 1
2135.0 278.0 2125.0 277.0 2126.0 256.0 2137.0 257.0 small-vehicle 1
2270.0 195.0 2271.0 183.0 2296.0 186.0 2296.0 197.0 small-vehicle 1
2457.0 160.0 2458.0 148.0 2478.0 150.0 2477.0 161.0 small-vehicle 1
2367.0 135.0 2377.0 141.0 2369.0 158.0 2357.0 153.0 small-vehicle 1
2513.0 180.0 2497.0 180.0 2502.0 156.0 2513.0 157.0 small-vehicle 1
2527.0 133.0 2538.0 133.0 2535.0 153.0 2525.0 151.0 small-vehicle 1
376.0 115.0 374.0 127.0 352.0 126.0 352.0 113.0 small-vehicle 1
931.0 758.0 933.0 745.0 957.0 745.0 955.0 758.0 small-vehicle 1
943.0 629.0 945.0 615.0 969.0 618.0 966.0 630.0 small-vehicle 1
572.0 152.0 584.0 153.0 583.0 174.0 571.0 175.0 small-vehicle 1
1016.0 1272.0 1029.0 1272.0 1029.0 1294.0 1017.0 1295.0 small-vehicle 1
1680.0 1325.0 1674.0 1314.0 1691.0 1304.0 1697.0 1314.0 small-vehicle 1
1278.0 1980.0 1286.0 1973.0 1299.0 1985.0 1292.0 1995.0 small-vehicle 1
1863.0 2085.0 1865.0 2075.0 1883.0 2075.0 1884.0 2086.0 small-vehicle 1
1854.0 1241.0 1856.0 1226.0 1893.0 1229.0 1892.0 1242.0 large-vehicle 0
2367.0 987.0 2355.0 985.0 2358.0 965.0 2370.0 967.0 small-vehicle 1
2697.0 2179.0 2706.0 2168.0 2722.0 2181.0 2716.0 2192.0 small-vehicle 1
2807.0 2155.0 2819.0 2156.0 2817.0 2179.0 2805.0 2177.0 small-vehicle 1
395.0 1966.0 402.0 1974.0 387.0 1987.0 380.0 1979.0 small-vehicle 1
2571.0 615.0 2579.0 626.0 2563.0 636.0 2556.0 628.0 small-vehicle 1
2359.0 648.0 2344.0 647.0 2347.0 628.0 2355.0 628.0 small-vehicle 1
2564.0 594.0 2564.0 605.0 2533.0 601.0 2537.0 592.0 small-vehicle 1
2218.0 951.0 2231.0 954.0 2227.0 976.0 2214.0 976.0 small-vehicle 1
2296.0 1560.0 2308.0 1560.0 2307.0 1581.0 2295.0 1580.0 small-vehicle 1
2224.0 1577.0 2219.0 1565.0 2246.0 1559.0 2248.0 1571.0 small-vehicle 1
2251.0 1563.0 2266.0 1563.0 2259.0 1595.0 2244.0 1593.0 small-vehicle 1
2759.0 1391.0 2770.0 1391.0 2770.0 1411.0 2758.0 1412.0 small-vehicle 1
2831.0 1461.0 2833.0 1470.0 2816.0 1472.0 2814.0 1462.0 small-vehicle 1
2405.0 1430.0 2449.0 1413.0 2455.0 1435.0 2417.0 1452.0 swimming-pool 0
2422.0 1348.0 2408.0 1357.0 2386.0 1324.0 2399.0 1318.0 large-vehicle 0
2658.0 1278.0 2660.0 1269.0 2682.0 1272.0 2679.0 1281.0 small-vehicle 1
2466.0 1204.0 2475.0 1204.0 2474.0 1227.0 2463.0 1226.0 small-vehicle 1
2423.0 1208.0 2427.0 1198.0 2443.0 1207.0 2439.0 1219.0 small-vehicle 1
2571.0 1090.0 2585.0 1070.0 2614.0 1094.0 2601.0 1112.0 swimming-pool 0
2157.0 902.0 2159.0 890.0 2180.0 892.0 2181.0 903.0 small-vehicle 1
2934.0 609.0 2932.0 623.0 2906.0 622.0 2908.0 608.0 small-vehicle 1
2187.0 904.0 2187.0 892.0 2206.0 893.0 2202.0 905.0 small-vehicle 1
2362.0 910.0 2362.0 899.0 2388.0 901.0 2387.0 913.0 small-vehicle 1
2431.0 915.0 2432.0 903.0 2458.0 906.0 2458.0 918.0 small-vehicle 1
2444.0 884.0 2450.0 875.0 2467.0 883.0 2461.0 894.0 small-vehicle 1
2701.0 882.0 2712.0 884.0 2711.0 904.0 2699.0 903.0 small-vehicle 1
2691.0 954.0 2691.0 967.0 2669.0 967.0 2670.0 953.0 small-vehicle 1
2915.0 965.0 2914.0 978.0 2893.0 978.0 2893.0 966.0 small-vehicle 1
2922.0 991.0 2934.0 991.0 2933.0 1012.0 2921.0 1011.0 small-vehicle 1
2903.0 795.0 2904.0 785.0 2929.0 786.0 2925.0 799.0 small-vehicle 1
2767.0 688.0 2779.0 686.0 2783.0 709.0 2770.0 712.0 small-vehicle 1
2893.0 632.0 2903.0 623.0 2917.0 645.0 2908.0 653.0 small-vehicle 1
1938.0 1602.0 1938.0 1588.0 1960.0 1589.0 1960.0 1603.0 small-vehicle 1
2086.0 1551.0 2099.0 1552.0 2098.0 1578.0 2082.0 1575.0 small-vehicle 1
1594.0 1530.0 1606.0 1531.0 1602.0 1553.0 1589.0 1552.0 small-vehicle 1
938.0 278.0 951.0 278.0 951.0 301.0 938.0 303.0 small-vehicle 1
1275.0 1743.0 1280.0 1758.0 1252.0 1765.0 1246.0 1753.0 large-vehicle 0
1254.0 1780.0 1254.0 1768.0 1279.0 1768.0 1279.0 1781.0 small-vehicle 1
1254.0 1722.0 1253.0 1734.0 1234.0 1734.0 1234.0 1723.0 small-vehicle 1
1161.0 1705.0 1161.0 1719.0 1142.0 1718.0 1141.0 1705.0 small-vehicle 1
1170.0 1649.0 1185.0 1649.0 1186.0 1673.0 1173.0 1674.0 small-vehicle 1
1176.0 1603.0 1188.0 1602.0 1188.0 1623.0 1176.0 1623.0 small-vehicle 1
1144.0 1639.0 1144.0 1627.0 1164.0 1628.0 1164.0 1639.0 small-vehicle 1
1139.0 1639.0 1151.0 1638.0 1151.0 1652.0 1142.0 1653.0 small-vehicle 1
935.0 1444.0 934.0 1457.0 914.0 1455.0 914.0 1444.0 small-vehicle 1
1149.0 1543.0 1148.0 1531.0 1172.0 1531.0 1171.0 1544.0 small-vehicle 1
1316.0 1238.0 1313.0 1250.0 1294.0 1246.0 1296.0 1235.0 small-vehicle 1
1345.0 1239.0 1346.0 1252.0 1318.0 1251.0 1319.0 1239.0 small-vehicle 1
1420.0 1261.0 1433.0 1267.0 1417.0 1287.0 1406.0 1277.0 small-vehicle 1
1458.0 1164.0 1470.0 1165.0 1468.0 1182.0 1457.0 1182.0 small-vehicle 1
1026.0 1154.0 1038.0 1155.0 1034.0 1175.0 1022.0 1174.0 small-vehicle 1
1012.0 1154.0 1025.0 1156.0 1021.0 1180.0 1006.0 1177.0 small-vehicle 1
1396.0 1149.0 1406.0 1153.0 1397.0 1173.0 1385.0 1169.0 small-vehicle 1
1286.0 1056.0 1285.0 1068.0 1264.0 1068.0 1264.0 1056.0 small-vehicle 1
1327.0 886.0 1328.0 898.0 1308.0 897.0 1307.0 886.0 small-vehicle 1
1318.0 858.0 1318.0 846.0 1341.0 845.0 1341.0 860.0 small-vehicle 1
1488.0 936.0 1477.0 936.0 1475.0 917.0 1487.0 917.0 small-vehicle 1
1280.0 752.0 1279.0 739.0 1298.0 739.0 1299.0 750.0 small-vehicle 1
1190.0 596.0 1191.0 583.0 1215.0 586.0 1214.0 597.0 small-vehicle 1
1191.0 569.0 1193.0 557.0 1213.0 560.0 1213.0 571.0 small-vehicle 1
1307.0 645.0 1293.0 644.0 1292.0 619.0 1305.0 619.0 small-vehicle 1
1361.0 2079.0 1376.0 2077.0 1377.0 2109.0 1360.0 2112.0 swimming-pool 0
1318.0 1979.0 1351.0 1997.0 1340.0 2013.0 1309.0 1997.0 swimming-pool 0
1379.0 1989.0 1419.0 1991.0 1418.0 2010.0 1378.0 2008.0 swimming-pool 0
1032.0 1987.0 1027.0 1977.0 1047.0 1969.0 1052.0 1981.0 small-vehicle 1
850.0 1549.0 837.0 1549.0 835.0 1524.0 847.0 1524.0 small-vehicle 1
827.0 1574.0 827.0 1588.0 805.0 1588.0 805.0 1575.0 small-vehicle 1
652.0 1682.0 640.0 1683.0 638.0 1663.0 650.0 1663.0 small-vehicle 1
805.0 1824.0 809.0 1835.0 790.0 1842.0 784.0 1831.0 small-vehicle 1
653.0 1815.0 666.0 1809.0 674.0 1825.0 661.0 1831.0 small-vehicle 1
678.0 1773.0 689.0 1776.0 684.0 1798.0 673.0 1797.0 small-vehicle 1
48.0 2059.0 48.0 2046.0 72.0 2047.0 72.0 2058.0 small-vehicle 1
71.0 2062.0 70.0 2072.0 52.0 2071.0 53.0 2061.0 small-vehicle 1
28.0 2036.0 38.0 2034.0 39.0 2055.0 28.0 2057.0 small-vehicle 1
26.0 2012.0 40.0 2010.0 40.0 2034.0 28.0 2036.0 small-vehicle 1
1017.0 1983.0 1005.0 1990.0 995.0 1972.0 1007.0 1966.0 small-vehicle 1
1084.0 1988.0 1074.0 1989.0 1074.0 1969.0 1084.0 1966.0 small-vehicle 1
1454.0 2070.0 1454.0 2056.0 1477.0 2059.0 1476.0 2071.0 small-vehicle 1
1087.0 1972.0 1097.0 1971.0 1100.0 1990.0 1088.0 1992.0 small-vehicle 1
1174.0 2017.0 1186.0 2016.0 1187.0 2033.0 1174.0 2034.0 small-vehicle 1
1022.0 1849.0 1031.0 1840.0 1045.0 1854.0 1035.0 1862.0 small-vehicle 1
1174.0 1844.0 1189.0 1843.0 1189.0 1870.0 1175.0 1869.0 small-vehicle 1
1282.0 1862.0 1295.0 1863.0 1294.0 1883.0 1281.0 1881.0 small-vehicle 1
1298.0 1861.0 1309.0 1862.0 1311.0 1884.0 1297.0 1884.0 small-vehicle 1
1332.0 1860.0 1342.0 1860.0 1343.0 1880.0 1332.0 1881.0 small-vehicle 1
1346.0 1859.0 1358.0 1860.0 1355.0 1884.0 1344.0 1883.0 small-vehicle 1
1364.0 1879.0 1365.0 1866.0 1383.0 1867.0 1382.0 1881.0 small-vehicle 1
1469.0 1871.0 1483.0 1870.0 1484.0 1893.0 1470.0 1891.0 small-vehicle 1
1472.0 2103.0 1472.0 2088.0 1494.0 2088.0 1494.0 2103.0 small-vehicle 1
1445.0 444.0 1456.0 443.0 1459.0 463.0 1445.0 463.0 small-vehicle 1
1365.0 172.0 1364.0 186.0 1342.0 184.0 1342.0 171.0 small-vehicle 1
1613.0 1498.0 1625.0 1501.0 1618.0 1530.0 1606.0 1527.0 small-vehicle 1
1470.0 179.0 1469.0 194.0 1443.0 192.0 1445.0 178.0 small-vehicle 1
1669.0 599.0 1678.0 599.0 1678.0 619.0 1670.0 622.0 small-vehicle 1
2140.0 855.0 2151.0 856.0 2150.0 875.0 2139.0 875.0 small-vehicle 1
2128.0 861.0 2139.0 859.0 2141.0 876.0 2129.0 879.0 small-vehicle 1
1726.0 834.0 1741.0 834.0 1738.0 854.0 1725.0 855.0 small-vehicle 1
1683.0 878.0 1683.0 862.0 1708.0 861.0 1708.0 879.0 small-vehicle 1
2083.0 923.0 2085.0 933.0 2064.0 932.0 2064.0 922.0 small-vehicle 1
1924.0 915.0 1924.0 927.0 1899.0 926.0 1900.0 915.0 small-vehicle 1
1797.0 908.0 1797.0 920.0 1771.0 920.0 1772.0 908.0 small-vehicle 1
1732.0 906.0 1731.0 920.0 1707.0 917.0 1709.0 905.0 small-vehicle 1
1487.0 919.0 1500.0 920.0 1499.0 938.0 1488.0 939.0 small-vehicle 1
1265.0 947.0 1267.0 936.0 1283.0 938.0 1284.0 949.0 small-vehicle 1
1985.0 938.0 1998.0 940.0 1996.0 962.0 1982.0 959.0 small-vehicle 1
1842.0 934.0 1855.0 934.0 1852.0 957.0 1843.0 956.0 small-vehicle 1
1854.0 942.0 1862.0 941.0 1862.0 961.0 1853.0 960.0 small-vehicle 1
1864.0 939.0 1874.0 939.0 1874.0 958.0 1863.0 959.0 small-vehicle 1
1826.0 956.0 1814.0 957.0 1811.0 932.0 1823.0 931.0 small-vehicle 1
1803.0 931.0 1815.0 931.0 1813.0 956.0 1803.0 954.0 small-vehicle 1
1979.0 991.0 1970.0 982.0 1989.0 968.0 1995.0 977.0 small-vehicle 1
2034.0 967.0 2020.0 968.0 2021.0 947.0 2032.0 945.0 small-vehicle 1
1642.0 1163.0 1653.0 1163.0 1652.0 1186.0 1640.0 1186.0 small-vehicle 1
1638.0 1188.0 1653.0 1188.0 1652.0 1209.0 1636.0 1209.0 small-vehicle 1
2022.0 1187.0 2030.0 1176.0 2048.0 1188.0 2041.0 1198.0 small-vehicle 1
1925.0 1178.0 1939.0 1179.0 1936.0 1208.0 1923.0 1205.0 small-vehicle 1
2096.0 1333.0 2111.0 1335.0 2106.0 1355.0 2093.0 1354.0 small-vehicle 1
2019.0 1440.0 2073.0 1446.0 2069.0 1472.0 2016.0 1467.0 swimming-pool 0
1679.0 597.0 1692.0 597.0 1690.0 619.0 1680.0 617.0 small-vehicle 1
1874.0 606.0 1888.0 604.0 1892.0 625.0 1879.0 629.0 small-vehicle 1
1815.0 601.0 1822.0 605.0 1810.0 627.0 1799.0 619.0 small-vehicle 1
1914.0 178.0 1913.0 166.0 1939.0 166.0 1940.0 178.0 small-vehicle 1
1321.0 176.0 1327.0 189.0 1298.0 203.0 1293.0 190.0 small-vehicle 1
1292.0 92.0 1306.0 92.0 1304.0 114.0 1290.0 113.0 small-vehicle 1
1406.0 173.0 1406.0 188.0 1376.0 186.0 1374.0 172.0 large-vehicle 0
948.0 71.0 959.0 76.0 945.0 94.0 937.0 90.0 small-vehicle 0
988.0 103.0 995.0 114.0 976.0 121.0 971.0 111.0 small-vehicle 1
1481.0 106.0 1494.0 106.0 1492.0 126.0 1481.0 125.0 small-vehicle 1
1536.0 168.0 1536.0 180.0 1514.0 181.0 1516.0 168.0 small-vehicle 1
1631.0 188.0 1629.0 200.0 1605.0 196.0 1608.0 185.0 small-vehicle 1
1656.0 189.0 1656.0 200.0 1632.0 199.0 1634.0 189.0 small-vehicle 1
1705.0 190.0 1705.0 204.0 1678.0 203.0 1680.0 190.0 small-vehicle 1
1790.0 168.0 1790.0 158.0 1814.0 157.0 1814.0 168.0 small-vehicle 1
1878.0 126.0 1891.0 126.0 1893.0 145.0 1881.0 145.0 small-vehicle 1
1835.0 474.0 1848.0 475.0 1846.0 501.0 1834.0 500.0 small-vehicle 1
1902.0 124.0 1916.0 124.0 1912.0 147.0 1903.0 146.0 small-vehicle 1
2166.0 213.0 2166.0 227.0 2141.0 227.0 2141.0 214.0 small-vehicle 1
1979.0 233.0 1990.0 232.0 1988.0 251.0 1978.0 251.0 small-vehicle 1
1857.0 247.0 1868.0 253.0 1857.0 269.0 1846.0 262.0 small-vehicle 1
1675.0 234.0 1663.0 234.0 1664.0 215.0 1674.0 215.0 small-vehicle 1
1974.0 507.0 1969.0 495.0 1990.0 486.0 1995.0 497.0 small-vehicle 1
1975.0 541.0 1973.0 526.0 2000.0 526.0 2001.0 539.0 small-vehicle 1
1718.0 525.0 1719.0 511.0 1742.0 512.0 1741.0 525.0 small-vehicle 1
1662.0 525.0 1661.0 508.0 1712.0 511.0 1711.0 526.0 large-vehicle 0
1523.0 449.0 1538.0 453.0 1525.0 476.0 1513.0 471.0 small-vehicle 1
1631.0 465.0 1637.0 453.0 1658.0 460.0 1650.0 472.0 small-vehicle 1
350.0 226.0 344.0 251.0 389.0 262.0 388.0 241.0 swimming-pool 0
