imagesource:GoogleEarth
gsd:0.133309685373
659.0 1176.0 643.0 1176.0 644.0 1140.0 659.0 1139.0 small-vehicle 1
1609.0 1442.0 1628.0 1429.0 1672.0 1484.0 1660.0 1495.0 large-vehicle 0
1686.0 1441.0 1699.0 1429.0 1745.0 1484.0 1730.0 1496.0 large-vehicle 0
1722.0 1440.0 1733.0 1428.0 1780.0 1480.0 1767.0 1491.0 large-vehicle 0
1803.0 1451.0 1817.0 1439.0 1865.0 1489.0 1854.0 1503.0 large-vehicle 0
1844.0 1454.0 1856.0 1443.0 1907.0 1492.0 1894.0 1505.0 large-vehicle 0
1888.0 1455.0 1899.0 1445.0 1949.0 1499.0 1931.0 1513.0 large-vehicle 0
1920.0 1454.0 1934.0 1442.0 1983.0 1495.0 1969.0 1511.0 large-vehicle 0
1627.0 1503.0 1641.0 1519.0 1588.0 1566.0 1572.0 1552.0 large-vehicle 0
1671.0 1503.0 1683.0 1518.0 1626.0 1566.0 1616.0 1550.0 large-vehicle 0
1716.0 1498.0 1728.0 1510.0 1676.0 1561.0 1663.0 1551.0 large-vehicle 0
1741.0 1510.0 1757.0 1522.0 1703.0 1576.0 1689.0 1563.0 large-vehicle 0
1790.0 1505.0 1803.0 1519.0 1750.0 1569.0 1738.0 1556.0 large-vehicle 0
1832.0 1504.0 1845.0 1518.0 1792.0 1568.0 1776.0 1554.0 large-vehicle 0
1871.0 1503.0 1884.0 1517.0 1832.0 1568.0 1816.0 1555.0 large-vehicle 0
1903.0 1513.0 1921.0 1531.0 1868.0 1575.0 1848.0 1565.0 large-vehicle 0
1925.0 1530.0 1942.0 1545.0 1889.0 1591.0 1873.0 1579.0 large-vehicle 0
1991.0 1511.0 2007.0 1528.0 1951.0 1574.0 1939.0 1562.0 large-vehicle 0
1660.0 1723.0 1646.0 1733.0 1591.0 1681.0 1606.0 1665.0 large-vehicle 0
1696.0 1722.0 1679.0 1734.0 1629.0 1680.0 1643.0 1668.0 large-vehicle 0
1729.0 1719.0 1715.0 1732.0 1666.0 1680.0 1681.0 1666.0 large-vehicle 0
1645.0 1441.0 1665.0 1431.0 1710.0 1484.0 1694.0 1498.0 large-vehicle 0
1839.0 1264.0 1855.0 1279.0 1796.0 1331.0 1782.0 1316.0 large-vehicle 0
1855.0 2510.0 1871.0 2523.0 1808.0 2583.0 1790.0 2574.0 large-vehicle 0
1791.0 1263.0 1808.0 1279.0 1753.0 1335.0 1739.0 1320.0 large-vehicle 0
1818.0 1009.0 1832.0 1024.0 1774.0 1079.0 1759.0 1068.0 large-vehicle 0
1849.0 1020.0 1865.0 1033.0 1805.0 1089.0 1791.0 1076.0 large-vehicle 0
1887.0 1018.0 1904.0 1035.0 1845.0 1088.0 1831.0 1073.0 large-vehicle 0
1931.0 1017.0 1945.0 1031.0 1892.0 1086.0 1874.0 1071.0 large-vehicle 0
1970.0 1020.0 1983.0 1034.0 1926.0 1088.0 1913.0 1075.0 large-vehicle 0
2010.0 1023.0 2026.0 1037.0 1969.0 1091.0 1953.0 1077.0 large-vehicle 0
1680.0 1237.0 1667.0 1251.0 1616.0 1199.0 1630.0 1181.0 large-vehicle 0
1715.0 1229.0 1702.0 1244.0 1649.0 1189.0 1663.0 1173.0 large-vehicle 0
1752.0 1228.0 1736.0 1243.0 1683.0 1192.0 1698.0 1177.0 large-vehicle 0
1794.0 1234.0 1781.0 1246.0 1728.0 1198.0 1742.0 1180.0 large-vehicle 0
1834.0 1242.0 1818.0 1257.0 1772.0 1205.0 1786.0 1187.0 large-vehicle 0
1878.0 1244.0 1865.0 1256.0 1811.0 1202.0 1828.0 1187.0 large-vehicle 0
1918.0 1248.0 1901.0 1263.0 1853.0 1208.0 1868.0 1191.0 large-vehicle 0
1958.0 1251.0 1944.0 1265.0 1892.0 1212.0 1906.0 1196.0 large-vehicle 0
1996.0 1250.0 1982.0 1267.0 1930.0 1209.0 1945.0 1195.0 large-vehicle 0
1640.0 1250.0 1656.0 1268.0 1600.0 1320.0 1584.0 1306.0 large-vehicle 0
1682.0 1256.0 1698.0 1269.0 1639.0 1323.0 1626.0 1311.0 large-vehicle 0
1718.0 1261.0 1731.0 1276.0 1674.0 1328.0 1661.0 1313.0 large-vehicle 0
1764.0 1254.0 1779.0 1266.0 1722.0 1321.0 1709.0 1309.0 large-vehicle 0
1773.0 1727.0 1759.0 1740.0 1713.0 1687.0 1722.0 1670.0 large-vehicle 0
1809.0 1728.0 1792.0 1738.0 1745.0 1684.0 1761.0 1670.0 large-vehicle 0
1846.0 1728.0 1832.0 1740.0 1783.0 1685.0 1802.0 1670.0 large-vehicle 0
1624.0 1735.0 1640.0 1753.0 1587.0 1803.0 1568.0 1785.0 large-vehicle 0
1966.0 1999.0 1980.0 2011.0 1926.0 2064.0 1913.0 2052.0 large-vehicle 0
1792.0 2222.0 1776.0 2237.0 1721.0 2180.0 1734.0 2161.0 large-vehicle 0
1829.0 2222.0 1815.0 2236.0 1762.0 2182.0 1773.0 2164.0 large-vehicle 0
1871.0 2227.0 1856.0 2240.0 1802.0 2183.0 1819.0 2168.0 large-vehicle 0
1908.0 2230.0 1894.0 2242.0 1839.0 2184.0 1855.0 2169.0 large-vehicle 0
1948.0 2229.0 1936.0 2240.0 1886.0 2192.0 1898.0 2178.0 large-vehicle 0
1716.0 2231.0 1730.0 2247.0 1660.0 2307.0 1647.0 2296.0 large-vehicle 0
1679.0 2229.0 1691.0 2245.0 1623.0 2309.0 1609.0 2292.0 large-vehicle 0
1635.0 2229.0 1651.0 2242.0 1597.0 2293.0 1581.0 2281.0 large-vehicle 0
1598.0 2228.0 1612.0 2244.0 1554.0 2298.0 1536.0 2281.0 large-vehicle 0
1704.0 2482.0 1688.0 2498.0 1626.0 2431.0 1640.0 2416.0 large-vehicle 0
1743.0 2487.0 1726.0 2503.0 1667.0 2431.0 1681.0 2418.0 large-vehicle 0
1782.0 2487.0 1763.0 2504.0 1702.0 2432.0 1716.0 2415.0 large-vehicle 0
1821.0 2493.0 1807.0 2506.0 1743.0 2434.0 1758.0 2417.0 large-vehicle 0
1861.0 2491.0 1843.0 2507.0 1781.0 2438.0 1797.0 2421.0 large-vehicle 0
1934.0 2492.0 1915.0 2505.0 1856.0 2436.0 1874.0 2420.0 large-vehicle 0
1591.0 2488.0 1610.0 2502.0 1540.0 2564.0 1520.0 2548.0 large-vehicle 0
1668.0 2492.0 1678.0 2508.0 1613.0 2572.0 1596.0 2558.0 large-vehicle 0
1705.0 2500.0 1721.0 2512.0 1652.0 2575.0 1636.0 2561.0 large-vehicle 0
1926.0 1996.0 1939.0 2008.0 1889.0 2060.0 1871.0 2045.0 large-vehicle 0
1889.0 1995.0 1901.0 2010.0 1848.0 2058.0 1834.0 2046.0 large-vehicle 0
1846.0 1990.0 1863.0 2005.0 1810.0 2055.0 1796.0 2043.0 large-vehicle 0
1731.0 1974.0 1714.0 1987.0 1664.0 1936.0 1684.0 1919.0 large-vehicle 0
1659.0 1745.0 1671.0 1763.0 1614.0 1814.0 1601.0 1800.0 large-vehicle 0
1702.0 1742.0 1716.0 1758.0 1660.0 1810.0 1644.0 1795.0 large-vehicle 0
1741.0 1743.0 1756.0 1759.0 1704.0 1810.0 1687.0 1794.0 large-vehicle 0
1785.0 1747.0 1798.0 1766.0 1744.0 1809.0 1728.0 1793.0 large-vehicle 0
1817.0 1752.0 1832.0 1768.0 1776.0 1817.0 1761.0 1804.0 large-vehicle 0
1851.0 1753.0 1864.0 1772.0 1810.0 1821.0 1793.0 1807.0 large-vehicle 0
1891.0 1759.0 1910.0 1777.0 1850.0 1824.0 1838.0 1810.0 large-vehicle 0
1691.0 1974.0 1675.0 1986.0 1625.0 1934.0 1640.0 1917.0 large-vehicle 0
1769.0 1975.0 1759.0 1989.0 1702.0 1933.0 1719.0 1920.0 large-vehicle 0
1805.0 1991.0 1819.0 2002.0 1773.0 2055.0 1756.0 2040.0 large-vehicle 0
1799.0 1970.0 1778.0 1983.0 1732.0 1931.0 1749.0 1915.0 large-vehicle 0
1882.0 1981.0 1870.0 1994.0 1818.0 1944.0 1832.0 1927.0 large-vehicle 0
1922.0 1982.0 1906.0 1995.0 1859.0 1941.0 1870.0 1929.0 large-vehicle 0
1956.0 1982.0 1942.0 1993.0 1893.0 1939.0 1912.0 1927.0 large-vehicle 0
1617.0 1977.0 1631.0 1994.0 1578.0 2042.0 1559.0 2027.0 large-vehicle 0
1650.0 1986.0 1664.0 2001.0 1610.0 2050.0 1594.0 2035.0 large-vehicle 0
1729.0 1990.0 1742.0 2004.0 1690.0 2053.0 1672.0 2043.0 large-vehicle 0
1773.0 1990.0 1787.0 2001.0 1735.0 2052.0 1722.0 2040.0 large-vehicle 0
1773.0 1015.0 1787.0 1033.0 1729.0 1085.0 1712.0 1074.0 large-vehicle 0
1733.0 1018.0 1744.0 1035.0 1686.0 1084.0 1669.0 1073.0 large-vehicle 0
1699.0 1010.0 1713.0 1026.0 1656.0 1077.0 1639.0 1063.0 large-vehicle 0
1397.0 710.0 1382.0 724.0 1329.0 671.0 1344.0 655.0 large-vehicle 0
1518.0 485.0 1532.0 498.0 1473.0 553.0 1458.0 542.0 large-vehicle 0
1558.0 485.0 1572.0 497.0 1514.0 553.0 1498.0 541.0 large-vehicle 0
1594.0 492.0 1607.0 505.0 1548.0 562.0 1532.0 545.0 large-vehicle 0
1669.0 500.0 1684.0 513.0 1626.0 569.0 1611.0 552.0 large-vehicle 0
1709.0 496.0 1724.0 510.0 1664.0 566.0 1653.0 551.0 large-vehicle 0
1784.0 504.0 1797.0 518.0 1742.0 571.0 1722.0 555.0 large-vehicle 0
1828.0 501.0 1844.0 515.0 1786.0 567.0 1771.0 552.0 large-vehicle 0
1863.0 503.0 1876.0 519.0 1823.0 571.0 1809.0 560.0 large-vehicle 0
1903.0 506.0 1919.0 522.0 1861.0 573.0 1847.0 558.0 large-vehicle 0
1663.0 424.0 1676.0 439.0 1629.0 484.0 1614.0 471.0 large-vehicle 0
1701.0 428.0 1716.0 442.0 1665.0 486.0 1652.0 474.0 large-vehicle 0
1738.0 429.0 1752.0 444.0 1703.0 490.0 1689.0 473.0 large-vehicle 0
1809.0 444.0 1824.0 458.0 1775.0 502.0 1759.0 486.0 large-vehicle 0
1124.0 699.0 1109.0 713.0 1058.0 659.0 1071.0 643.0 large-vehicle 0
1163.0 700.0 1150.0 716.0 1096.0 662.0 1110.0 648.0 large-vehicle 0
1203.0 702.0 1187.0 718.0 1136.0 664.0 1149.0 649.0 large-vehicle 0
1240.0 703.0 1225.0 719.0 1173.0 662.0 1188.0 648.0 large-vehicle 0
1278.0 703.0 1268.0 719.0 1214.0 665.0 1227.0 651.0 large-vehicle 0
1321.0 707.0 1308.0 724.0 1255.0 668.0 1268.0 658.0 large-vehicle 0
1474.0 487.0 1489.0 501.0 1428.0 554.0 1412.0 541.0 large-vehicle 0
1428.0 487.0 1444.0 502.0 1387.0 560.0 1369.0 545.0 large-vehicle 0
1399.0 481.0 1414.0 495.0 1362.0 546.0 1347.0 531.0 large-vehicle 0
1394.0 476.0 1379.0 463.0 1428.0 416.0 1444.0 434.0 large-vehicle 0
1037.0 468.0 1022.0 452.0 1074.0 400.0 1093.0 419.0 large-vehicle 0
1078.0 470.0 1062.0 455.0 1115.0 403.0 1129.0 418.0 large-vehicle 0
1116.0 470.0 1102.0 456.0 1153.0 404.0 1169.0 416.0 large-vehicle 0
1156.0 467.0 1142.0 456.0 1198.0 401.0 1212.0 416.0 large-vehicle 0
1193.0 472.0 1180.0 459.0 1234.0 407.0 1248.0 422.0 large-vehicle 0
1268.0 479.0 1256.0 466.0 1302.0 420.0 1315.0 431.0 large-vehicle 0
1309.0 479.0 1293.0 469.0 1344.0 416.0 1360.0 433.0 large-vehicle 0
1353.0 474.0 1339.0 460.0 1389.0 413.0 1404.0 430.0 large-vehicle 0
1469.0 480.0 1452.0 466.0 1503.0 418.0 1517.0 435.0 large-vehicle 0
1355.0 483.0 1374.0 497.0 1321.0 548.0 1304.0 536.0 large-vehicle 0
1504.0 483.0 1491.0 471.0 1536.0 426.0 1552.0 439.0 large-vehicle 0
1541.0 487.0 1525.0 478.0 1575.0 431.0 1588.0 445.0 large-vehicle 0
1085.0 466.0 1101.0 483.0 1043.0 536.0 1029.0 522.0 large-vehicle 0
1168.0 469.0 1185.0 482.0 1130.0 531.0 1115.0 516.0 large-vehicle 0
1207.0 470.0 1221.0 485.0 1170.0 532.0 1155.0 521.0 large-vehicle 0
1243.0 474.0 1256.0 486.0 1207.0 535.0 1191.0 522.0 large-vehicle 0
1285.0 475.0 1300.0 488.0 1248.0 538.0 1231.0 523.0 large-vehicle 0
1323.0 480.0 1336.0 495.0 1282.0 543.0 1269.0 530.0 large-vehicle 0
1357.0 710.0 1345.0 724.0 1291.0 668.0 1306.0 653.0 large-vehicle 0
1433.0 709.0 1420.0 725.0 1367.0 672.0 1379.0 655.0 large-vehicle 0
1662.0 1003.0 1675.0 1018.0 1617.0 1071.0 1603.0 1056.0 large-vehicle 0
961.0 719.0 979.0 704.0 1029.0 760.0 1016.0 774.0 large-vehicle 0
1508.0 745.0 1523.0 733.0 1575.0 789.0 1559.0 805.0 large-vehicle 0
1552.0 750.0 1565.0 738.0 1619.0 795.0 1606.0 813.0 large-vehicle 0
1587.0 744.0 1600.0 731.0 1651.0 790.0 1638.0 806.0 large-vehicle 0
1632.0 756.0 1645.0 743.0 1698.0 803.0 1685.0 815.0 large-vehicle 0
1668.0 756.0 1679.0 741.0 1735.0 798.0 1717.0 813.0 large-vehicle 0
1704.0 755.0 1716.0 742.0 1771.0 799.0 1757.0 812.0 large-vehicle 0
1743.0 754.0 1755.0 741.0 1808.0 799.0 1794.0 813.0 large-vehicle 0
1788.0 760.0 1801.0 747.0 1854.0 805.0 1841.0 819.0 large-vehicle 0
1822.0 761.0 1835.0 749.0 1887.0 805.0 1875.0 821.0 large-vehicle 0
1859.0 761.0 1872.0 746.0 1924.0 805.0 1912.0 821.0 large-vehicle 0
1901.0 765.0 1912.0 752.0 1968.0 808.0 1954.0 823.0 large-vehicle 0
1690.0 983.0 1671.0 1000.0 1618.0 946.0 1635.0 926.0 large-vehicle 0
1734.0 993.0 1720.0 1008.0 1669.0 954.0 1684.0 938.0 large-vehicle 0
1772.0 995.0 1757.0 1009.0 1704.0 954.0 1718.0 938.0 large-vehicle 0
1810.0 996.0 1796.0 1008.0 1746.0 957.0 1759.0 942.0 large-vehicle 0
1848.0 995.0 1834.0 1010.0 1781.0 956.0 1793.0 943.0 large-vehicle 0
1886.0 998.0 1870.0 1009.0 1819.0 956.0 1837.0 940.0 large-vehicle 0
1965.0 1002.0 1950.0 1018.0 1899.0 965.0 1915.0 947.0 large-vehicle 0
2002.0 998.0 1990.0 1011.0 1936.0 960.0 1951.0 942.0 large-vehicle 0
1948.0 738.0 1930.0 751.0 1876.0 699.0 1892.0 680.0 large-vehicle 0
1903.0 736.0 1891.0 752.0 1836.0 692.0 1852.0 678.0 large-vehicle 0
1865.0 735.0 1849.0 746.0 1796.0 694.0 1810.0 679.0 large-vehicle 0
1355.0 738.0 1368.0 726.0 1420.0 782.0 1404.0 796.0 large-vehicle 0
1005.0 725.0 1019.0 712.0 1069.0 769.0 1056.0 780.0 large-vehicle 0
1081.0 726.0 1094.0 715.0 1147.0 770.0 1131.0 784.0 large-vehicle 0
1120.0 728.0 1131.0 715.0 1186.0 773.0 1173.0 786.0 large-vehicle 0
1156.0 731.0 1171.0 716.0 1225.0 774.0 1211.0 786.0 large-vehicle 0
1195.0 729.0 1209.0 715.0 1261.0 771.0 1246.0 786.0 large-vehicle 0
1233.0 730.0 1248.0 719.0 1300.0 773.0 1286.0 788.0 large-vehicle 0
1270.0 731.0 1283.0 718.0 1339.0 773.0 1324.0 787.0 large-vehicle 0
1310.0 731.0 1328.0 720.0 1377.0 777.0 1363.0 793.0 large-vehicle 0
1393.0 739.0 1405.0 729.0 1458.0 783.0 1447.0 796.0 large-vehicle 0
1786.0 726.0 1773.0 744.0 1720.0 690.0 1736.0 673.0 large-vehicle 0
1427.0 736.0 1441.0 721.0 1493.0 780.0 1479.0 795.0 large-vehicle 0
1514.0 718.0 1501.0 734.0 1447.0 679.0 1462.0 662.0 large-vehicle 0
1553.0 719.0 1539.0 733.0 1486.0 680.0 1500.0 662.0 large-vehicle 0
1592.0 720.0 1581.0 734.0 1526.0 680.0 1540.0 665.0 large-vehicle 0
1632.0 722.0 1617.0 738.0 1566.0 683.0 1579.0 667.0 large-vehicle 0
1670.0 723.0 1657.0 736.0 1604.0 682.0 1616.0 667.0 large-vehicle 0
1705.0 723.0 1694.0 738.0 1638.0 683.0 1653.0 668.0 large-vehicle 0
1741.0 720.0 1728.0 730.0 1671.0 677.0 1686.0 662.0 large-vehicle 0
1744.0 2508.0 1758.0 2521.0 1688.0 2583.0 1674.0 2569.0 large-vehicle 0
1930.0 2513.0 1945.0 2527.0 1875.0 2588.0 1861.0 2576.0 large-vehicle 0
719.0 1187.0 702.0 1186.0 702.0 1147.0 720.0 1148.0 small-vehicle 1
2580.0 2013.0 2562.0 2026.0 2502.0 1958.0 2514.0 1945.0 large-vehicle 0
2701.0 2019.0 2680.0 2031.0 2618.0 1966.0 2635.0 1948.0 large-vehicle 0
2734.0 2013.0 2716.0 2027.0 2654.0 1962.0 2669.0 1944.0 large-vehicle 0
2778.0 2022.0 2762.0 2035.0 2701.0 1968.0 2718.0 1952.0 large-vehicle 0
2270.0 2016.0 2285.0 2033.0 2215.0 2091.0 2200.0 2075.0 large-vehicle 0
2311.0 2015.0 2326.0 2031.0 2259.0 2090.0 2246.0 2072.0 large-vehicle 0
2352.0 2021.0 2365.0 2036.0 2295.0 2094.0 2281.0 2079.0 large-vehicle 0
2390.0 2021.0 2404.0 2033.0 2337.0 2092.0 2323.0 2078.0 large-vehicle 0
2421.0 2023.0 2436.0 2039.0 2366.0 2099.0 2351.0 2084.0 large-vehicle 0
2470.0 2028.0 2481.0 2041.0 2411.0 2099.0 2400.0 2086.0 large-vehicle 0
2506.0 2029.0 2521.0 2043.0 2454.0 2103.0 2438.0 2086.0 large-vehicle 0
2579.0 2030.0 2594.0 2045.0 2522.0 2108.0 2506.0 2092.0 large-vehicle 0
2624.0 2031.0 2639.0 2045.0 2571.0 2107.0 2560.0 2092.0 large-vehicle 0
2661.0 2031.0 2673.0 2046.0 2608.0 2115.0 2586.0 2094.0 large-vehicle 0
2738.0 2038.0 2751.0 2053.0 2684.0 2113.0 2667.0 2096.0 large-vehicle 0
2779.0 2042.0 2793.0 2057.0 2726.0 2115.0 2709.0 2103.0 large-vehicle 0
2253.0 2237.0 2237.0 2250.0 2174.0 2181.0 2189.0 2166.0 large-vehicle 0
2297.0 2242.0 2283.0 2255.0 2222.0 2188.0 2238.0 2173.0 large-vehicle 0
2339.0 2249.0 2322.0 2259.0 2262.0 2190.0 2275.0 2175.0 large-vehicle 0
2373.0 2248.0 2362.0 2261.0 2302.0 2191.0 2313.0 2178.0 large-vehicle 0
2616.0 2010.0 2595.0 2026.0 2535.0 1957.0 2550.0 1937.0 large-vehicle 0
2460.0 2004.0 2444.0 2017.0 2380.0 1950.0 2396.0 1935.0 large-vehicle 0
1560.0 2713.0 1572.0 2732.0 1500.0 2789.0 1484.0 2774.0 large-vehicle 0
2417.0 2001.0 2403.0 2012.0 2338.0 1945.0 2357.0 1930.0 large-vehicle 0
2670.0 1770.0 2650.0 1785.0 2588.0 1718.0 2603.0 1701.0 large-vehicle 0
2708.0 1771.0 2690.0 1788.0 2628.0 1720.0 2640.0 1701.0 large-vehicle 0
2749.0 1773.0 2730.0 1786.0 2665.0 1719.0 2680.0 1700.0 large-vehicle 0
2790.0 1779.0 2771.0 1791.0 2710.0 1724.0 2724.0 1709.0 large-vehicle 0
2285.0 1765.0 2303.0 1783.0 2229.0 1848.0 2214.0 1831.0 large-vehicle 0
2398.0 1776.0 2414.0 1793.0 2346.0 1851.0 2328.0 1838.0 large-vehicle 0
2436.0 1778.0 2450.0 1793.0 2384.0 1853.0 2369.0 1842.0 large-vehicle 0
2475.0 1780.0 2492.0 1792.0 2420.0 1854.0 2407.0 1842.0 large-vehicle 0
2518.0 1784.0 2532.0 1800.0 2462.0 1859.0 2444.0 1845.0 large-vehicle 0
2556.0 1783.0 2571.0 1796.0 2501.0 1859.0 2488.0 1843.0 large-vehicle 0
2593.0 1788.0 2605.0 1800.0 2540.0 1860.0 2523.0 1844.0 large-vehicle 0
2632.0 1786.0 2646.0 1802.0 2578.0 1862.0 2564.0 1844.0 large-vehicle 0
2672.0 1788.0 2685.0 1802.0 2620.0 1862.0 2604.0 1849.0 large-vehicle 0
2715.0 1789.0 2727.0 1803.0 2660.0 1866.0 2641.0 1850.0 large-vehicle 0
2749.0 1793.0 2765.0 1808.0 2697.0 1869.0 2682.0 1855.0 large-vehicle 0
2793.0 1796.0 2806.0 1807.0 2741.0 1872.0 2723.0 1856.0 large-vehicle 0
2275.0 2004.0 2256.0 2022.0 2193.0 1948.0 2214.0 1930.0 large-vehicle 0
2311.0 1994.0 2291.0 2010.0 2230.0 1943.0 2245.0 1925.0 large-vehicle 0
2383.0 2006.0 2365.0 2016.0 2306.0 1950.0 2321.0 1931.0 large-vehicle 0
2417.0 2251.0 2396.0 2268.0 2338.0 2199.0 2355.0 2180.0 large-vehicle 0
2454.0 2251.0 2439.0 2264.0 2375.0 2198.0 2390.0 2185.0 large-vehicle 0
2492.0 2249.0 2475.0 2263.0 2409.0 2195.0 2425.0 2180.0 large-vehicle 0
2569.0 2258.0 2553.0 2271.0 2494.0 2203.0 2506.0 2186.0 large-vehicle 0
614.0 890.0 631.0 890.0 628.0 931.0 607.0 927.0 small-vehicle 0
714.0 892.0 737.0 894.0 732.0 932.0 714.0 930.0 small-vehicle 0
756.0 895.0 772.0 894.0 775.0 933.0 754.0 934.0 small-vehicle 0
790.0 899.0 809.0 898.0 809.0 934.0 789.0 935.0 small-vehicle 0
818.0 900.0 837.0 902.0 835.0 943.0 815.0 940.0 small-vehicle 0
873.0 942.0 854.0 939.0 859.0 900.0 879.0 903.0 small-vehicle 0
829.0 1040.0 809.0 1040.0 810.0 1003.0 829.0 1003.0 small-vehicle 0
802.0 1037.0 784.0 1036.0 787.0 992.0 803.0 995.0 large-vehicle 0
376.0 1026.0 397.0 1025.0 394.0 1067.0 376.0 1066.0 small-vehicle 0
540.0 1080.0 522.0 1079.0 523.0 1038.0 545.0 1039.0 small-vehicle 1
582.0 1079.0 559.0 1075.0 562.0 1034.0 583.0 1034.0 small-vehicle 1
626.0 1035.0 648.0 1037.0 644.0 1078.0 620.0 1077.0 small-vehicle 1
666.0 1041.0 685.0 1041.0 683.0 1082.0 662.0 1082.0 small-vehicle 1
733.0 1041.0 755.0 1042.0 753.0 1085.0 729.0 1083.0 small-vehicle 1
805.0 1045.0 828.0 1046.0 830.0 1085.0 808.0 1088.0 small-vehicle 1
474.0 1135.0 496.0 1135.0 498.0 1172.0 475.0 1173.0 small-vehicle 1
872.0 1492.0 851.0 1492.0 853.0 1451.0 873.0 1450.0 small-vehicle 1
828.0 1949.0 809.0 1946.0 813.0 1908.0 832.0 1912.0 small-vehicle 1
992.0 1415.0 989.0 1434.0 946.0 1428.0 949.0 1414.0 small-vehicle 0
552.0 886.0 567.0 887.0 564.0 925.0 550.0 922.0 small-vehicle 0
491.0 885.0 509.0 889.0 504.0 925.0 489.0 924.0 small-vehicle 0
448.0 878.0 467.0 879.0 465.0 917.0 446.0 916.0 small-vehicle 0
2457.0 2267.0 2470.0 2281.0 2404.0 2342.0 2391.0 2331.0 large-vehicle 0
2612.0 2259.0 2596.0 2271.0 2532.0 2201.0 2546.0 2188.0 large-vehicle 0
2651.0 2258.0 2633.0 2271.0 2571.0 2209.0 2586.0 2194.0 large-vehicle 0
2724.0 2262.0 2708.0 2273.0 2646.0 2208.0 2667.0 2193.0 large-vehicle 0
2267.0 2251.0 2282.0 2270.0 2219.0 2329.0 2195.0 2317.0 large-vehicle 0
2302.0 2258.0 2318.0 2276.0 2251.0 2333.0 2234.0 2321.0 large-vehicle 0
2341.0 2263.0 2356.0 2278.0 2285.0 2340.0 2271.0 2326.0 large-vehicle 0
2378.0 2267.0 2392.0 2279.0 2331.0 2343.0 2316.0 2332.0 large-vehicle 0
2420.0 2264.0 2433.0 2275.0 2368.0 2340.0 2351.0 2327.0 large-vehicle 0
2533.0 2269.0 2550.0 2280.0 2482.0 2349.0 2470.0 2335.0 large-vehicle 0
385.0 880.0 407.0 878.0 405.0 920.0 385.0 920.0 small-vehicle 0
2614.0 2273.0 2628.0 2288.0 2563.0 2350.0 2549.0 2340.0 large-vehicle 0
2691.0 2275.0 2706.0 2291.0 2642.0 2351.0 2626.0 2338.0 large-vehicle 0
2728.0 2275.0 2745.0 2292.0 2681.0 2349.0 2666.0 2339.0 large-vehicle 0
2663.0 3024.0 2648.0 3038.0 2582.0 2971.0 2595.0 2955.0 large-vehicle 0
2730.0 3033.0 2713.0 3045.0 2651.0 2978.0 2664.0 2962.0 large-vehicle 0
2769.0 3035.0 2754.0 3046.0 2688.0 2976.0 2703.0 2961.0 large-vehicle 0
2812.0 3037.0 2794.0 3052.0 2734.0 2981.0 2749.0 2966.0 large-vehicle 0
2847.0 3030.0 2832.0 3043.0 2765.0 2978.0 2780.0 2963.0 large-vehicle 0
2626.0 1765.0 2609.0 1784.0 2546.0 1714.0 2561.0 1696.0 large-vehicle 0
2593.0 1771.0 2575.0 1785.0 2511.0 1714.0 2524.0 1699.0 large-vehicle 0
2555.0 1769.0 2540.0 1784.0 2481.0 1720.0 2495.0 1700.0 large-vehicle 0
2694.0 1282.0 2675.0 1296.0 2613.0 1228.0 2628.0 1214.0 large-vehicle 0
2591.0 1051.0 2604.0 1065.0 2535.0 1127.0 2520.0 1109.0 large-vehicle 0
2629.0 1050.0 2644.0 1066.0 2578.0 1130.0 2562.0 1113.0 large-vehicle 0
2665.0 1053.0 2679.0 1071.0 2613.0 1134.0 2596.0 1119.0 large-vehicle 0
2708.0 1055.0 2721.0 1071.0 2653.0 1130.0 2639.0 1116.0 large-vehicle 0
2707.0 1041.0 2691.0 1052.0 2627.0 987.0 2641.0 971.0 large-vehicle 0
2739.0 1041.0 2727.0 1054.0 2668.0 986.0 2680.0 970.0 large-vehicle 0
2782.0 1042.0 2765.0 1055.0 2702.0 991.0 2714.0 973.0 large-vehicle 0
2821.0 1045.0 2802.0 1057.0 2746.0 990.0 2758.0 973.0 large-vehicle 0
2745.0 1058.0 2758.0 1074.0 2693.0 1134.0 2673.0 1120.0 large-vehicle 0
2783.0 1059.0 2796.0 1074.0 2731.0 1134.0 2714.0 1122.0 large-vehicle 0
2822.0 1064.0 2838.0 1080.0 2771.0 1137.0 2754.0 1124.0 large-vehicle 0
2342.0 1267.0 2326.0 1278.0 2264.0 1213.0 2280.0 1196.0 large-vehicle 0
2380.0 1267.0 2364.0 1280.0 2302.0 1213.0 2315.0 1195.0 large-vehicle 0
2423.0 1273.0 2405.0 1286.0 2339.0 1212.0 2354.0 1202.0 large-vehicle 0
2461.0 1272.0 2444.0 1286.0 2383.0 1221.0 2396.0 1205.0 large-vehicle 0
2495.0 1276.0 2476.0 1288.0 2421.0 1218.0 2437.0 1203.0 large-vehicle 0
2535.0 1275.0 2519.0 1286.0 2459.0 1221.0 2475.0 1206.0 large-vehicle 0
2576.0 1280.0 2560.0 1291.0 2499.0 1226.0 2514.0 1209.0 large-vehicle 0
2614.0 1278.0 2598.0 1291.0 2536.0 1226.0 2549.0 1210.0 large-vehicle 0
2554.0 1051.0 2566.0 1064.0 2497.0 1129.0 2482.0 1112.0 large-vehicle 0
2505.0 1050.0 2521.0 1068.0 2456.0 1132.0 2440.0 1120.0 large-vehicle 0
2475.0 1042.0 2490.0 1055.0 2423.0 1118.0 2406.0 1103.0 large-vehicle 0
1255.0 2409.0 1270.0 2427.0 1216.0 2483.0 1199.0 2468.0 large-vehicle 0
1574.0 2736.0 1586.0 2751.0 1517.0 2812.0 1503.0 2800.0 large-vehicle 0
1690.0 2741.0 1703.0 2754.0 1633.0 2820.0 1618.0 2803.0 large-vehicle 0
1758.0 2755.0 1771.0 2769.0 1718.0 2819.0 1702.0 2804.0 large-vehicle 0
1590.0 2922.0 1606.0 2902.0 1660.0 2971.0 1636.0 2983.0 large-vehicle 0
1060.0 2405.0 1075.0 2420.0 1022.0 2469.0 1005.0 2458.0 large-vehicle 0
1094.0 2411.0 1111.0 2428.0 1043.0 2492.0 1028.0 2477.0 large-vehicle 0
1185.0 2400.0 1202.0 2418.0 1140.0 2480.0 1117.0 2460.0 large-vehicle 0
1221.0 2405.0 1241.0 2422.0 1181.0 2481.0 1166.0 2463.0 large-vehicle 0
1282.0 2423.0 1296.0 2440.0 1255.0 2479.0 1237.0 2463.0 large-vehicle 0
2392.0 1048.0 2406.0 1061.0 2338.0 1125.0 2321.0 1111.0 large-vehicle 0
2317.0 1022.0 2301.0 1035.0 2238.0 969.0 2252.0 953.0 large-vehicle 0
2348.0 1018.0 2333.0 1031.0 2269.0 963.0 2285.0 948.0 large-vehicle 0
2397.0 1031.0 2381.0 1045.0 2319.0 975.0 2333.0 958.0 large-vehicle 0
2431.0 1028.0 2416.0 1040.0 2353.0 968.0 2370.0 955.0 large-vehicle 0
2515.0 1033.0 2500.0 1048.0 2433.0 980.0 2446.0 964.0 large-vehicle 0
2548.0 1036.0 2532.0 1048.0 2475.0 978.0 2490.0 964.0 large-vehicle 0
2315.0 1037.0 2329.0 1057.0 2260.0 1117.0 2243.0 1100.0 large-vehicle 0
2350.0 1045.0 2367.0 1064.0 2299.0 1122.0 2282.0 1109.0 large-vehicle 0
2653.0 1280.0 2637.0 1292.0 2574.0 1226.0 2591.0 1212.0 large-vehicle 0
2731.0 1282.0 2713.0 1296.0 2651.0 1228.0 2665.0 1213.0 large-vehicle 0
2514.0 1771.0 2500.0 1783.0 2442.0 1710.0 2454.0 1697.0 large-vehicle 0
2808.0 1289.0 2795.0 1301.0 2734.0 1235.0 2749.0 1219.0 large-vehicle 0
2759.0 1530.0 2742.0 1546.0 2683.0 1479.0 2696.0 1461.0 large-vehicle 0
2795.0 1530.0 2781.0 1543.0 2722.0 1476.0 2736.0 1461.0 large-vehicle 0
2333.0 1528.0 2344.0 1548.0 2277.0 1605.0 2261.0 1590.0 large-vehicle 0
2369.0 1534.0 2381.0 1549.0 2314.0 1610.0 2299.0 1598.0 large-vehicle 0
2412.0 1533.0 2426.0 1545.0 2355.0 1610.0 2338.0 1597.0 large-vehicle 0
2444.0 1540.0 2459.0 1554.0 2390.0 1614.0 2374.0 1602.0 large-vehicle 0
2526.0 1540.0 2542.0 1554.0 2474.0 1614.0 2461.0 1600.0 large-vehicle 0
2572.0 1536.0 2584.0 1550.0 2518.0 1609.0 2503.0 1595.0 large-vehicle 0
2604.0 1545.0 2619.0 1560.0 2546.0 1620.0 2534.0 1608.0 large-vehicle 0
2642.0 1544.0 2658.0 1560.0 2591.0 1620.0 2572.0 1608.0 large-vehicle 0
2682.0 1545.0 2696.0 1563.0 2628.0 1626.0 2615.0 1612.0 large-vehicle 0
2721.0 1550.0 2735.0 1563.0 2666.0 1628.0 2649.0 1613.0 large-vehicle 0
2756.0 1556.0 2773.0 1568.0 2704.0 1631.0 2688.0 1617.0 large-vehicle 0
2799.0 1556.0 2814.0 1571.0 2747.0 1634.0 2731.0 1620.0 large-vehicle 0
2284.0 1753.0 2268.0 1768.0 2203.0 1698.0 2219.0 1682.0 large-vehicle 0
2325.0 1762.0 2306.0 1774.0 2245.0 1703.0 2261.0 1687.0 large-vehicle 0
2360.0 1760.0 2342.0 1775.0 2281.0 1700.0 2298.0 1686.0 large-vehicle 0
2399.0 1758.0 2380.0 1768.0 2320.0 1703.0 2334.0 1685.0 large-vehicle 0
2479.0 1765.0 2461.0 1780.0 2398.0 1711.0 2413.0 1692.0 large-vehicle 0
2714.0 1525.0 2699.0 1536.0 2640.0 1465.0 2658.0 1449.0 large-vehicle 0
2673.0 1524.0 2657.0 1536.0 2599.0 1471.0 2619.0 1451.0 large-vehicle 0
2607.0 1524.0 2582.0 1538.0 2528.0 1469.0 2541.0 1454.0 large-vehicle 0
2741.0 1296.0 2752.0 1312.0 2683.0 1373.0 2669.0 1361.0 large-vehicle 0
2369.0 1298.0 2381.0 1315.0 2318.0 1374.0 2300.0 1357.0 large-vehicle 0
2425.0 1285.0 2443.0 1301.0 2374.0 1361.0 2354.0 1345.0 large-vehicle 0
2460.0 1291.0 2473.0 1305.0 2411.0 1365.0 2392.0 1354.0 large-vehicle 0
2502.0 1291.0 2516.0 1308.0 2445.0 1370.0 2434.0 1353.0 large-vehicle 0
2536.0 1295.0 2555.0 1312.0 2482.0 1374.0 2470.0 1363.0 large-vehicle 0
2579.0 1295.0 2592.0 1308.0 2526.0 1374.0 2511.0 1358.0 large-vehicle 0
2621.0 1296.0 2634.0 1312.0 2566.0 1373.0 2549.0 1358.0 large-vehicle 0
2659.0 1300.0 2674.0 1312.0 2609.0 1376.0 2590.0 1364.0 large-vehicle 0
2771.0 1309.0 2785.0 1325.0 2718.0 1383.0 2699.0 1370.0 large-vehicle 0
2568.0 1520.0 2553.0 1534.0 2483.0 1463.0 2503.0 1451.0 large-vehicle 0
2806.0 1312.0 2823.0 1329.0 2753.0 1389.0 2738.0 1378.0 large-vehicle 0
2291.0 1509.0 2273.0 1520.0 2212.0 1451.0 2229.0 1435.0 large-vehicle 0
2326.0 1505.0 2305.0 1517.0 2248.0 1445.0 2264.0 1432.0 large-vehicle 0
2365.0 1506.0 2348.0 1521.0 2286.0 1451.0 2302.0 1436.0 large-vehicle 0
2414.0 1518.0 2398.0 1533.0 2332.0 1463.0 2350.0 1450.0 large-vehicle 0
2448.0 1518.0 2427.0 1531.0 2368.0 1460.0 2385.0 1445.0 large-vehicle 0
2488.0 1519.0 2472.0 1529.0 2408.0 1464.0 2420.0 1448.0 large-vehicle 0
2526.0 1523.0 2513.0 1533.0 2450.0 1465.0 2464.0 1450.0 large-vehicle 0
1000.0 467.0 979.0 448.0 1041.0 392.0 1055.0 413.0 large-vehicle 0
