imagesource:GoogleEarth
gsd:0.126281619876
5297.0 1934.0 5306.0 1914.0 5349.0 1929.0 5341.0 1955.0 small-vehicle 0
1845.0 2416.0 1932.0 2552.0 2005.0 2497.0 1911.0 2367.0 tennis-court 0
3981.0 2415.0 4072.0 2415.0 4072.0 2606.0 3981.0 2606.0 tennis-court 0
2867.0 2765.0 2957.0 2765.0 2957.0 2958.0 2867.0 2958.0 tennis-court 0
3012.0 2769.0 3104.0 2769.0 3104.0 2965.0 3012.0 2965.0 tennis-court 0
3192.0 2730.0 3288.0 2730.0 3288.0 2925.0 3192.0 2925.0 tennis-court 0
3338.0 2732.0 3431.0 2732.0 3431.0 2935.0 3338.0 2935.0 tennis-court 0
3521.0 2739.0 3605.0 2739.0 3605.0 2928.0 3521.0 2928.0 tennis-court 0
3666.0 2741.0 3755.0 2741.0 3755.0 2935.0 3666.0 2935.0 tennis-court 0
3172.0 3067.0 3266.0 3067.0 3266.0 3262.0 3172.0 3262.0 tennis-court 0
3319.0 3066.0 3407.0 3066.0 3407.0 3262.0 3319.0 3262.0 tennis-court 0
3459.0 3070.0 3552.0 3070.0 3552.0 3268.0 3459.0 3268.0 tennis-court 0
3641.0 3070.0 3731.0 3070.0 3731.0 3269.0 3641.0 3269.0 tennis-court 0
3844.0 2862.0 3934.0 2862.0 3934.0 3056.0 3844.0 3056.0 tennis-court 0
3990.0 2864.0 4079.0 2864.0 4079.0 3059.0 3990.0 3059.0 tennis-court 0
3812.0 3149.0 3902.0 3149.0 3902.0 3349.0 3812.0 3349.0 tennis-court 0
2429.0 2231.0 2400.0 2382.0 2481.0 2395.0 2504.0 2244.0 tennis-court 0
2506.0 2247.0 2485.0 2388.0 2558.0 2399.0 2584.0 2255.0 tennis-court 0
2617.0 2258.0 2600.0 2407.0 2675.0 2416.0 2700.0 2263.0 tennis-court 0
2400.0 2425.0 2376.0 2568.0 2450.0 2577.0 2475.0 2434.0 tennis-court 0
2480.0 2430.0 2458.0 2572.0 2536.0 2583.0 2554.0 2444.0 tennis-court 0
3834.0 2408.0 3931.0 2408.0 3931.0 2607.0 3834.0 2607.0 tennis-court 0
3692.0 2407.0 3782.0 2407.0 3782.0 2600.0 3692.0 2600.0 tennis-court 0
3543.0 2401.0 3638.0 2401.0 3638.0 2596.0 3543.0 2596.0 tennis-court 0
2586.0 4377.0 2618.0 4340.0 2692.0 4400.0 2661.0 4441.0 swimming-pool 0
1014.0 4426.0 1080.0 4409.0 1088.0 4437.0 1029.0 4458.0 swimming-pool 0
1529.0 4069.0 1571.0 4054.0 1590.0 4126.0 1546.0 4142.0 swimming-pool 0
1149.0 4150.0 1163.0 4220.0 1215.0 4207.0 1194.0 4137.0 swimming-pool 0
1274.0 4576.0 1282.0 4621.0 1358.0 4597.0 1348.0 4557.0 swimming-pool 0
123.0 4778.0 105.0 4839.0 180.0 4855.0 195.0 4814.0 swimming-pool 0
1554.0 3674.0 1574.0 3760.0 1644.0 3744.0 1619.0 3651.0 swimming-pool 0
2703.0 1897.0 3109.0 1772.0 2955.0 1367.0 2568.0 1464.0 swimming-pool 0
2267.0 3975.0 2338.0 3902.0 2366.0 3944.0 2294.0 4012.0 swimming-pool 0
4452.0 2811.0 4441.0 2625.0 4600.0 2616.0 4614.0 2807.0 swimming-pool 0
3395.0 2398.0 3482.0 2398.0 3482.0 2596.0 3395.0 2596.0 tennis-court 0
4700.0 1418.0 4689.0 1509.0 4745.0 1514.0 4757.0 1421.0 swimming-pool 0
5100.0 2029.0 5089.0 2127.0 5142.0 2131.0 5152.0 2034.0 swimming-pool 0
4869.0 2562.0 4817.0 2756.0 4916.0 2783.0 4967.0 2588.0 swimming-pool 0
5024.0 2603.0 4970.0 2798.0 5072.0 2825.0 5126.0 2625.0 swimming-pool 0
4449.0 4395.0 4512.0 4324.0 4547.0 4359.0 4482.0 4425.0 swimming-pool 0
2961.0 2389.0 3050.0 2389.0 3050.0 2588.0 2961.0 2588.0 tennis-court 0
3103.0 2394.0 3195.0 2394.0 3195.0 2587.0 3103.0 2587.0 tennis-court 0
3248.0 2397.0 3338.0 2397.0 3338.0 2592.0 3248.0 2592.0 tennis-court 0
2597.0 2438.0 2569.0 2585.0 2652.0 2598.0 2671.0 2448.0 tennis-court 0
1918.0 2368.0 2010.0 2498.0 2067.0 2447.0 1984.0 2319.0 tennis-court 0
4833.0 4993.0 4805.0 5010.0 4775.0 4939.0 4809.0 4930.0 large-vehicle 0
1999.0 2305.0 2086.0 2438.0 2158.0 2387.0 2061.0 2258.0 tennis-court 0
3794.0 1996.0 3809.0 1999.0 3798.0 2033.0 3786.0 2030.0 small-vehicle 0
3817.0 2129.0 3817.0 2141.0 3782.0 2139.0 3783.0 2124.0 small-vehicle 0
5201.0 3005.0 5215.0 3009.0 5209.0 3042.0 5194.0 3040.0 small-vehicle 0
5179.0 2977.0 5165.0 2972.0 5174.0 2942.0 5185.0 2945.0 small-vehicle 0
289.0 217.0 263.0 211.0 279.0 168.0 298.0 174.0 small-vehicle 1
1475.0 611.0 1484.0 626.0 1460.0 640.0 1453.0 626.0 small-vehicle 1
1741.0 659.0 1751.0 677.0 1726.0 694.0 1716.0 678.0 small-vehicle 1
1427.0 4722.0 1433.0 4748.0 1391.0 4760.0 1386.0 4733.0 small-vehicle 1
2325.0 209.0 2320.0 229.0 2290.0 221.0 2294.0 206.0 small-vehicle 1
3600.0 2126.0 3632.0 2126.0 3630.0 2165.0 3604.0 2169.0 small-vehicle 1
3431.0 2135.0 3457.0 2135.0 3458.0 2167.0 3436.0 2166.0 small-vehicle 1
3353.0 2152.0 3330.0 2157.0 3327.0 2121.0 3346.0 2118.0 small-vehicle 1
3321.0 2156.0 3299.0 2154.0 3296.0 2116.0 3315.0 2117.0 small-vehicle 1
3300.0 2155.0 3278.0 2160.0 3274.0 2120.0 3297.0 2117.0 small-vehicle 1
3269.0 2158.0 3250.0 2158.0 3246.0 2125.0 3268.0 2127.0 small-vehicle 1
3726.0 1979.0 3747.0 1984.0 3740.0 2022.0 3719.0 2015.0 small-vehicle 1
3463.0 4262.0 3455.0 4241.0 3502.0 4228.0 3509.0 4251.0 small-vehicle 1
3755.0 4780.0 3733.0 4787.0 3728.0 4746.0 3750.0 4739.0 small-vehicle 1
4755.0 5009.0 4723.0 5020.0 4699.0 4951.0 4733.0 4945.0 large-vehicle 0
3807.0 4426.0 3792.0 4426.0 3795.0 4390.0 3809.0 4390.0 small-vehicle 0
3481.0 2165.0 3464.0 2163.0 3461.0 2133.0 3475.0 2132.0 small-vehicle 0
3521.0 2164.0 3501.0 2169.0 3500.0 2133.0 3517.0 2130.0 small-vehicle 0
4915.0 3470.0 4871.0 3619.0 4960.0 3648.0 5003.0 3495.0 basketball-court 0
2111.0 2224.0 2205.0 2349.0 2263.0 2308.0 2176.0 2179.0 tennis-court 0
2264.0 2936.0 2329.0 3065.0 2400.0 3027.0 2326.0 2903.0 tennis-court 0
2334.0 2896.0 2401.0 3022.0 2471.0 2982.0 2397.0 2857.0 tennis-court 0
2341.0 3075.0 2410.0 3205.0 2487.0 3166.0 2405.0 3036.0 tennis-court 0
2403.0 3031.0 2488.0 3168.0 2560.0 3134.0 2472.0 2996.0 tennis-court 0
866.0 882.0 830.0 1316.0 1552.0 1370.0 1588.0 932.0 soccer-ball-field 0
3371.0 3852.0 3355.0 4004.0 3672.0 4040.0 3686.0 3883.0 soccer-ball-field 0
2399.0 3400.0 2827.0 3766.0 3030.0 3529.0 2610.0 3150.0 soccer-ball-field 0
4118.0 2550.0 4109.0 2703.0 4182.0 2704.0 4191.0 2557.0 tennis-court 0
2655.0 4166.0 2651.0 4148.0 2686.0 4144.0 2689.0 4163.0 small-vehicle 0
4108.0 2708.0 4102.0 2866.0 4180.0 2869.0 4187.0 2714.0 tennis-court 0
132.0 3689.0 120.0 3703.0 72.0 3662.0 87.0 3646.0 large-vehicle 0
1428.0 629.0 1444.0 625.0 1453.0 661.0 1438.0 666.0 small-vehicle 0
1615.0 393.0 1609.0 378.0 1638.0 360.0 1647.0 374.0 small-vehicle 0
1766.0 716.0 1780.0 709.0 1799.0 741.0 1785.0 751.0 small-vehicle 0
1820.0 891.0 1829.0 904.0 1801.0 918.0 1792.0 905.0 small-vehicle 0
1432.0 4284.0 1445.0 4282.0 1450.0 4315.0 1436.0 4317.0 small-vehicle 0
1399.0 4275.0 1411.0 4268.0 1427.0 4298.0 1414.0 4307.0 small-vehicle 0
221.0 4219.0 294.0 4219.0 294.0 4294.0 221.0 4294.0 swimming-pool 0
