imagesource:GoogleEarth
gsd:0.126987172052
1811.0 903.0 2146.0 903.0 2146.0 1235.0 1811.0 1235.0 roundabout 0
543.0 1256.0 870.0 1256.0 870.0 1593.0 543.0 1593.0 roundabout 0
1033.0 58.0 1057.0 50.0 1069.0 93.0 1044.0 100.0 small-vehicle 0
1813.0 1024.0 1785.0 993.0 1888.0 899.0 1911.0 927.0 large-vehicle 0
1617.0 2428.0 1597.0 2434.0 1555.0 2310.0 1576.0 2302.0 large-vehicle 0
1216.0 591.0 1238.0 586.0 1270.0 725.0 1255.0 731.0 large-vehicle 0
1956.0 1560.0 1972.0 1563.0 1969.0 1600.0 1952.0 1598.0 small-vehicle 0
1990.0 850.0 1979.0 841.0 1997.0 811.0 2010.0 819.0 small-vehicle 0
1920.0 918.0 1910.0 906.0 1939.0 880.0 1949.0 894.0 small-vehicle 0
1106.0 601.0 1089.0 606.0 1079.0 569.0 1095.0 565.0 small-vehicle 0
1319.0 1053.0 1335.0 1048.0 1349.0 1090.0 1330.0 1096.0 small-vehicle 0
1455.0 1526.0 1471.0 1521.0 1482.0 1560.0 1466.0 1565.0 small-vehicle 0
1635.0 2071.0 1650.0 2068.0 1659.0 2101.0 1643.0 2106.0 small-vehicle 0
1580.0 2183.0 1566.0 2187.0 1555.0 2151.0 1570.0 2146.0 small-vehicle 0
450.0 1233.0 434.0 1240.0 421.0 1203.0 437.0 1198.0 small-vehicle 0
409.0 1096.0 390.0 1097.0 389.0 1056.0 407.0 1055.0 small-vehicle 0
