imagesource:GoogleEarth
gsd:0.132610097476
324.0 485.0 710.0 485.0 710.0 871.0 324.0 871.0 roundabout 0
157.0 1123.0 143.0 1111.0 162.0 1086.0 175.0 1094.0 small-vehicle 1
838.0 258.0 850.0 263.0 839.0 290.0 826.0 287.0 small-vehicle 0
806.0 350.0 825.0 355.0 814.0 406.0 795.0 402.0 small-vehicle 0
792.0 423.0 803.0 423.0 800.0 450.0 787.0 446.0 small-vehicle 0
648.0 397.0 636.0 392.0 646.0 373.0 657.0 378.0 small-vehicle 0
778.0 582.0 795.0 581.0 799.0 626.0 782.0 626.0 large-vehicle 0
783.0 635.0 796.0 634.0 796.0 663.0 783.0 662.0 small-vehicle 0
886.0 648.0 891.0 662.0 843.0 679.0 836.0 663.0 large-vehicle 0
830.0 486.0 848.0 487.0 849.0 539.0 831.0 541.0 large-vehicle 0
779.0 521.0 796.0 521.0 796.0 567.0 780.0 568.0 large-vehicle 0
786.0 462.0 798.0 464.0 796.0 494.0 781.0 492.0 small-vehicle 0
786.0 687.0 799.0 688.0 798.0 720.0 786.0 720.0 small-vehicle 0
784.0 725.0 798.0 724.0 797.0 757.0 787.0 757.0 small-vehicle 0
788.0 768.0 802.0 766.0 805.0 797.0 793.0 799.0 small-vehicle 0
843.0 791.0 859.0 790.0 859.0 824.0 849.0 824.0 small-vehicle 0
836.0 719.0 849.0 716.0 852.0 752.0 841.0 751.0 small-vehicle 0
771.0 1157.0 782.0 1143.0 809.0 1164.0 800.0 1176.0 small-vehicle 0
711.0 1124.0 711.0 1111.0 741.0 1113.0 742.0 1125.0 small-vehicle 0
708.0 1108.0 708.0 1094.0 736.0 1093.0 737.0 1106.0 small-vehicle 0
706.0 1089.0 706.0 1075.0 738.0 1075.0 739.0 1090.0 small-vehicle 0
702.0 1072.0 701.0 1056.0 734.0 1053.0 737.0 1067.0 small-vehicle 0
702.0 1056.0 695.0 1044.0 725.0 1034.0 731.0 1046.0 small-vehicle 0
853.0 216.0 865.0 221.0 853.0 254.0 839.0 250.0 small-vehicle 0
856.0 101.0 870.0 106.0 854.0 144.0 840.0 139.0 small-vehicle 0
704.0 332.0 691.0 328.0 703.0 298.0 716.0 303.0 small-vehicle 0
65.0 581.0 52.0 582.0 47.0 554.0 58.0 551.0 small-vehicle 0
60.0 385.0 73.0 385.0 75.0 416.0 64.0 415.0 small-vehicle 0
78.0 395.0 89.0 394.0 94.0 425.0 81.0 425.0 small-vehicle 0
99.0 405.0 111.0 404.0 114.0 433.0 102.0 436.0 small-vehicle 0
122.0 412.0 134.0 412.0 136.0 444.0 124.0 444.0 small-vehicle 0
161.0 429.0 174.0 430.0 174.0 462.0 161.0 461.0 small-vehicle 0
84.0 591.0 73.0 592.0 67.0 564.0 78.0 562.0 small-vehicle 0
103.0 600.0 91.0 602.0 87.0 572.0 98.0 571.0 small-vehicle 0
124.0 606.0 112.0 608.0 106.0 580.0 120.0 578.0 small-vehicle 0
322.0 699.0 306.0 698.0 309.0 659.0 325.0 661.0 small-vehicle 0
44.0 573.0 32.0 576.0 28.0 550.0 41.0 547.0 small-vehicle 0
695.0 236.0 684.0 233.0 693.0 212.0 703.0 218.0 small-vehicle 0
282.0 1013.0 267.0 1009.0 285.0 972.0 299.0 978.0 small-vehicle 0
242.0 990.0 231.0 984.0 240.0 971.0 250.0 975.0 small-vehicle 0
214.0 1030.0 201.0 1024.0 214.0 1000.0 227.0 1007.0 small-vehicle 0
188.0 1072.0 179.0 1066.0 193.0 1046.0 203.0 1053.0 small-vehicle 0
134.0 1156.0 120.0 1154.0 136.0 1128.0 146.0 1134.0 small-vehicle 0
760.0 76.0 748.0 72.0 762.0 43.0 773.0 50.0 small-vehicle 0
745.0 113.0 732.0 109.0 743.0 80.0 757.0 86.0 small-vehicle 0
725.0 152.0 714.0 150.0 726.0 123.0 738.0 129.0 small-vehicle 0
711.0 197.0 699.0 194.0 709.0 171.0 719.0 174.0 small-vehicle 0
698.0 1039.0 690.0 1027.0 717.0 1012.0 725.0 1024.0 small-vehicle 0
716.0 991.0 722.0 1005.0 697.0 1019.0 687.0 1008.0 small-vehicle 0
694.0 971.0 704.0 984.0 681.0 1003.0 669.0 993.0 small-vehicle 0
586.0 1072.0 601.0 1075.0 599.0 1104.0 583.0 1102.0 small-vehicle 0
517.0 1026.0 531.0 1026.0 528.0 1061.0 515.0 1060.0 small-vehicle 0
526.0 1095.0 511.0 1093.0 513.0 1062.0 528.0 1064.0 small-vehicle 0
545.0 1058.0 533.0 1060.0 535.0 1029.0 547.0 1030.0 small-vehicle 0
543.0 1098.0 530.0 1096.0 533.0 1067.0 548.0 1069.0 small-vehicle 0
551.0 1029.0 565.0 1031.0 562.0 1062.0 549.0 1061.0 small-vehicle 0
548.0 1066.0 564.0 1068.0 562.0 1102.0 547.0 1100.0 small-vehicle 0
571.0 1031.0 583.0 1034.0 581.0 1064.0 567.0 1062.0 small-vehicle 0
569.0 1073.0 581.0 1074.0 579.0 1104.0 566.0 1104.0 small-vehicle 0
588.0 1032.0 601.0 1032.0 602.0 1066.0 586.0 1065.0 small-vehicle 0
607.0 1033.0 619.0 1034.0 620.0 1067.0 606.0 1066.0 small-vehicle 0
497.0 1026.0 514.0 1026.0 510.0 1058.0 496.0 1058.0 small-vehicle 0
617.0 1110.0 603.0 1106.0 604.0 1079.0 615.0 1080.0 small-vehicle 0
620.0 1080.0 637.0 1082.0 637.0 1117.0 620.0 1117.0 small-vehicle 0
653.0 1122.0 639.0 1121.0 641.0 1088.0 655.0 1088.0 small-vehicle 0
635.0 1071.0 623.0 1070.0 624.0 1041.0 638.0 1040.0 small-vehicle 0
641.0 1041.0 657.0 1040.0 654.0 1076.0 639.0 1074.0 small-vehicle 0
673.0 1084.0 659.0 1084.0 658.0 1054.0 673.0 1054.0 small-vehicle 0
668.0 1118.0 655.0 1118.0 658.0 1090.0 671.0 1088.0 small-vehicle 0
680.0 280.0 662.0 272.0 672.0 244.0 688.0 249.0 small-vehicle 1
836.0 680.0 854.0 680.0 854.0 712.0 836.0 713.0 small-vehicle 1
506.0 1094.0 493.0 1095.0 494.0 1060.0 508.0 1061.0 small-vehicle 0
499.0 1143.0 514.0 1146.0 506.0 1170.0 494.0 1169.0 small-vehicle 0
672.0 959.0 683.0 967.0 670.0 987.0 658.0 981.0 small-vehicle 0
455.0 984.0 464.0 973.0 488.0 995.0 478.0 1004.0 small-vehicle 0
642.0 947.0 657.0 948.0 651.0 982.0 635.0 982.0 small-vehicle 0
620.0 940.0 634.0 942.0 631.0 971.0 619.0 973.0 small-vehicle 0
599.0 940.0 615.0 938.0 615.0 971.0 598.0 971.0 small-vehicle 0
579.0 941.0 594.0 940.0 595.0 971.0 582.0 972.0 small-vehicle 0
579.0 975.0 565.0 976.0 563.0 945.0 576.0 945.0 small-vehicle 0
562.0 976.0 546.0 978.0 544.0 944.0 558.0 943.0 small-vehicle 0
544.0 976.0 529.0 980.0 519.0 948.0 534.0 942.0 small-vehicle 0
523.0 976.0 508.0 981.0 498.0 949.0 513.0 944.0 small-vehicle 0
474.0 970.0 486.0 959.0 507.0 985.0 497.0 992.0 small-vehicle 0
444.0 1003.0 451.0 989.0 474.0 1010.0 467.0 1021.0 small-vehicle 0
482.0 1139.0 493.0 1145.0 485.0 1171.0 473.0 1170.0 small-vehicle 0
461.0 1025.0 454.0 1034.0 425.0 1019.0 433.0 1007.0 small-vehicle 0
417.0 1037.0 420.0 1027.0 446.0 1035.0 443.0 1047.0 small-vehicle 0
451.0 1060.0 426.0 1046.0 422.0 1058.0 446.0 1070.0 small-vehicle 0
414.0 1064.0 411.0 1074.0 433.0 1081.0 437.0 1070.0 small-vehicle 0
430.0 1086.0 428.0 1099.0 398.0 1098.0 398.0 1086.0 small-vehicle 0
425.0 1105.0 427.0 1115.0 404.0 1124.0 398.0 1112.0 small-vehicle 0
435.0 1118.0 447.0 1122.0 433.0 1149.0 422.0 1146.0 small-vehicle 0
452.0 1125.0 464.0 1130.0 452.0 1155.0 439.0 1153.0 small-vehicle 0
466.0 1135.0 479.0 1141.0 467.0 1167.0 453.0 1160.0 small-vehicle 0
42.0 380.0 53.0 379.0 57.0 405.0 46.0 407.0 small-vehicle 0
