imagesource:GoogleEarth
gsd:0.132607356281
389.0 471.0 856.0 471.0 856.0 940.0 389.0 940.0 roundabout 0
279.0 765.0 273.0 776.0 242.0 761.0 244.0 750.0 small-vehicle 0
922.0 79.0 925.0 93.0 901.0 98.0 897.0 88.0 small-vehicle 0
929.0 61.0 931.0 74.0 907.0 73.0 904.0 59.0 small-vehicle 0
567.0 1191.0 581.0 1194.0 572.0 1220.0 559.0 1218.0 small-vehicle 0
626.0 1001.0 637.0 1018.0 610.0 1033.0 600.0 1019.0 small-vehicle 0
740.0 909.0 749.0 923.0 725.0 941.0 716.0 926.0 small-vehicle 0
491.0 937.0 480.0 946.0 453.0 922.0 463.0 909.0 small-vehicle 0
415.0 835.0 402.0 845.0 382.0 821.0 390.0 809.0 small-vehicle 0
385.0 859.0 376.0 867.0 353.0 843.0 360.0 833.0 small-vehicle 0
70.0 813.0 62.0 817.0 48.0 788.0 59.0 782.0 small-vehicle 0
51.0 811.0 38.0 815.0 26.0 792.0 38.0 782.0 small-vehicle 0
386.0 656.0 373.0 656.0 379.0 620.0 390.0 625.0 small-vehicle 0
360.0 163.0 455.0 163.0 455.0 257.0 360.0 257.0 roundabout 0
770.0 476.0 779.0 462.0 805.0 487.0 795.0 495.0 small-vehicle 0
791.0 422.0 777.0 407.0 811.0 386.0 820.0 404.0 small-vehicle 0
583.0 483.0 577.0 466.0 624.0 452.0 629.0 468.0 small-vehicle 0
105.0 586.0 102.0 573.0 131.0 569.0 134.0 582.0 small-vehicle 0
277.0 465.0 260.0 458.0 273.0 434.0 284.0 440.0 small-vehicle 0
292.0 431.0 278.0 428.0 288.0 400.0 302.0 404.0 small-vehicle 0
308.0 399.0 294.0 393.0 306.0 367.0 319.0 373.0 small-vehicle 0
253.0 367.0 242.0 361.0 250.0 340.0 264.0 343.0 small-vehicle 0
322.0 362.0 308.0 358.0 319.0 330.0 335.0 333.0 small-vehicle 0
342.0 193.0 329.0 195.0 333.0 162.0 345.0 160.0 small-vehicle 0
917.0 101.0 918.0 116.0 887.0 115.0 885.0 99.0 small-vehicle 0
912.0 122.0 911.0 135.0 888.0 134.0 884.0 123.0 small-vehicle 0
1101.0 56.0 1104.0 67.0 1080.0 73.0 1079.0 60.0 small-vehicle 0
1098.0 75.0 1103.0 87.0 1065.0 90.0 1063.0 78.0 small-vehicle 0
855.0 1115.0 866.0 1108.0 884.0 1136.0 874.0 1144.0 small-vehicle 1
933.0 357.0 949.0 356.0 947.0 389.0 932.0 390.0 small-vehicle 1
1062.0 180.0 1061.0 198.0 1024.0 195.0 1027.0 178.0 small-vehicle 0
1113.0 32.0 1114.0 51.0 1084.0 53.0 1080.0 36.0 small-vehicle 1
908.0 57.0 906.0 41.0 939.0 38.0 940.0 54.0 small-vehicle 1
213.0 453.0 197.0 444.0 214.0 411.0 229.0 421.0 small-vehicle 1
233.0 417.0 215.0 410.0 229.0 382.0 247.0 389.0 small-vehicle 1
68.0 596.0 66.0 582.0 95.0 578.0 97.0 594.0 small-vehicle 1
252.0 506.0 236.0 495.0 255.0 469.0 268.0 479.0 small-vehicle 1
58.0 543.0 54.0 523.0 97.0 513.0 101.0 537.0 small-vehicle 1
1106.0 728.0 1108.0 740.0 1082.0 743.0 1081.0 730.0 small-vehicle 0
894.0 805.0 904.0 814.0 883.0 839.0 873.0 830.0 small-vehicle 0
888.0 703.0 901.0 702.0 901.0 731.0 887.0 731.0 small-vehicle 0
829.0 606.0 842.0 603.0 849.0 629.0 838.0 636.0 small-vehicle 0
944.0 675.0 947.0 662.0 976.0 671.0 972.0 684.0 small-vehicle 0
982.0 661.0 983.0 645.0 1016.0 653.0 1013.0 668.0 small-vehicle 0
917.0 631.0 922.0 615.0 949.0 627.0 946.0 641.0 small-vehicle 0
1062.0 154.0 1065.0 165.0 1038.0 172.0 1035.0 157.0 small-vehicle 0
1070.0 137.0 1071.0 149.0 1049.0 154.0 1044.0 141.0 small-vehicle 0
1078.0 117.0 1079.0 125.0 1051.0 129.0 1049.0 118.0 small-vehicle 0
1087.0 97.0 1090.0 109.0 1062.0 110.0 1060.0 99.0 small-vehicle 0
73.0 225.0 84.0 231.0 78.0 259.0 62.0 257.0 small-vehicle 0
