imagesource:GoogleEarth
gsd:0.1276036395
307.0 210.0 700.0 210.0 700.0 606.0 307.0 606.0 roundabout 0
522.0 901.0 511.0 905.0 505.0 878.0 517.0 876.0 small-vehicle 0
604.0 892.0 617.0 889.0 622.0 919.0 607.0 922.0 small-vehicle 0
600.0 768.0 611.0 766.0 612.0 802.0 598.0 802.0 small-vehicle 0
504.0 755.0 489.0 762.0 474.0 733.0 488.0 725.0 small-vehicle 0
628.0 586.0 642.0 592.0 626.0 624.0 611.0 618.0 small-vehicle 0
722.0 456.0 735.0 460.0 730.0 486.0 718.0 483.0 small-vehicle 0
763.0 336.0 771.0 322.0 801.0 343.0 794.0 357.0 small-vehicle 0
537.0 156.0 548.0 149.0 565.0 173.0 553.0 180.0 small-vehicle 0
515.0 52.0 523.0 48.0 536.0 73.0 523.0 80.0 small-vehicle 0
