imagesource:GoogleEarth
gsd:0.899684033923
2134.0 3946.0 2132.0 3943.0 2147.0 3934.0 2149.0 3937.0 large-vehicle 1
791.0 3025.0 795.0 3023.0 804.0 3035.0 801.0 3037.0 large-vehicle 1
135.0 329.0 138.0 329.0 138.0 345.0 134.0 345.0 large-vehicle 1
132.0 366.0 136.0 366.0 135.0 374.0 131.0 375.0 large-vehicle 1
896.0 2596.0 899.0 2598.0 892.0 2614.0 889.0 2612.0 large-vehicle 1
766.0 2869.0 770.0 2872.0 764.0 2880.0 762.0 2879.0 large-vehicle 1
673.0 2955.0 677.0 2958.0 670.0 2967.0 667.0 2964.0 large-vehicle 1
599.0 3056.0 602.0 3059.0 592.0 3073.0 588.0 3070.0 large-vehicle 1
848.0 3119.0 850.0 3122.0 834.0 3131.0 832.0 3129.0 large-vehicle 1
923.0 3116.0 927.0 3120.0 910.0 3130.0 908.0 3127.0 large-vehicle 1
897.0 3067.0 899.0 3071.0 884.0 3080.0 881.0 3077.0 large-vehicle 1
842.0 2999.0 844.0 2997.0 850.0 3007.0 847.0 3009.0 large-vehicle 1
1384.0 1256.0 1380.0 1254.0 1386.0 1240.0 1390.0 1241.0 large-vehicle 1
571.0 3162.0 574.0 3165.0 565.0 3174.0 562.0 3172.0 large-vehicle 1
435.0 3361.0 437.0 3365.0 425.0 3379.0 421.0 3376.0 large-vehicle 1
417.0 3373.0 414.0 3369.0 426.0 3355.0 429.0 3359.0 large-vehicle 1
169.0 3593.0 171.0 3597.0 160.0 3611.0 156.0 3608.0 large-vehicle 1
492.0 3484.0 496.0 3481.0 504.0 3494.0 501.0 3497.0 large-vehicle 1
487.0 3490.0 491.0 3486.0 498.0 3498.0 494.0 3501.0 large-vehicle 1
446.0 3495.0 449.0 3500.0 433.0 3509.0 430.0 3505.0 large-vehicle 1
451.0 3501.0 453.0 3505.0 438.0 3516.0 436.0 3513.0 large-vehicle 1
403.0 3532.0 406.0 3529.0 415.0 3543.0 411.0 3546.0 large-vehicle 1
95.0 668.0 91.0 668.0 92.0 650.0 96.0 650.0 large-vehicle 1
2343.0 1323.0 2342.0 1253.0 2411.0 1250.0 2412.0 1322.0 plane 0
301.0 3603.0 305.0 3601.0 315.0 3613.0 311.0 3616.0 large-vehicle 1
3100.0 2921.0 3130.0 2921.0 3130.0 2952.0 3100.0 2952.0 storage-tank 0
2308.0 3422.0 2260.0 3450.0 2217.0 3385.0 2270.0 3353.0 plane 0
2902.0 2946.0 2940.0 2946.0 2940.0 2981.0 2902.0 2981.0 storage-tank 0
2943.0 2982.0 2976.0 2982.0 2976.0 3015.0 2943.0 3015.0 storage-tank 0
2979.0 3015.0 3015.0 3015.0 3015.0 3049.0 2979.0 3049.0 storage-tank 0
3055.0 3013.0 3091.0 3013.0 3091.0 3050.0 3055.0 3050.0 storage-tank 0
3094.0 3047.0 3129.0 3047.0 3129.0 3084.0 3094.0 3084.0 storage-tank 0
3057.0 2857.0 3087.0 2857.0 3087.0 2887.0 3057.0 2887.0 storage-tank 0
3097.0 2876.0 3129.0 2876.0 3129.0 2907.0 3097.0 2907.0 storage-tank 0
3060.0 2902.0 3090.0 2902.0 3090.0 2933.0 3060.0 2933.0 storage-tank 0
3150.0 2900.0 3182.0 2900.0 3182.0 2932.0 3150.0 2932.0 storage-tank 0
2366.0 1239.0 2349.0 1173.0 2415.0 1156.0 2433.0 1222.0 plane 0
3149.0 2945.0 3183.0 2945.0 3183.0 2976.0 3149.0 2976.0 storage-tank 0
3198.0 2922.0 3228.0 2922.0 3228.0 2953.0 3198.0 2953.0 storage-tank 0
3193.0 2966.0 3224.0 2966.0 3224.0 2997.0 3193.0 2997.0 storage-tank 0
3188.0 3010.0 3220.0 3010.0 3220.0 3040.0 3188.0 3040.0 storage-tank 0
3133.0 3083.0 3166.0 3083.0 3166.0 3118.0 3133.0 3118.0 storage-tank 0
2252.0 1283.0 2251.0 1360.0 2161.0 1356.0 2161.0 1280.0 plane 0
2238.0 1210.0 2212.0 1275.0 2141.0 1248.0 2164.0 1181.0 plane 0
2316.0 1142.0 2246.0 1146.0 2241.0 1070.0 2311.0 1065.0 plane 0
2381.0 1159.0 2316.0 1124.0 2350.0 1056.0 2415.0 1089.0 plane 0
418.0 3524.0 416.0 3521.0 428.0 3513.0 430.0 3517.0 large-vehicle 1
296.0 3609.0 300.0 3606.0 307.0 3618.0 304.0 3620.0 large-vehicle 1
2098.0 3560.0 2035.0 3597.0 1991.0 3520.0 2059.0 3481.0 plane 0
1513.0 1213.0 1517.0 1213.0 1513.0 1232.0 1509.0 1230.0 large-vehicle 1
1613.0 2331.0 1615.0 2327.0 1634.0 2332.0 1632.0 2336.0 large-vehicle 1
1604.0 2334.0 1606.0 2330.0 1624.0 2333.0 1623.0 2338.0 large-vehicle 1
1594.0 2341.0 1596.0 2336.0 1614.0 2341.0 1613.0 2345.0 large-vehicle 1
1590.0 2344.0 1590.0 2340.0 1608.0 2345.0 1607.0 2348.0 large-vehicle 1
1576.0 2351.0 1578.0 2346.0 1596.0 2350.0 1595.0 2354.0 large-vehicle 1
1483.0 2354.0 1481.0 2351.0 1497.0 2342.0 1499.0 2345.0 large-vehicle 1
1081.0 2053.0 1085.0 2055.0 1079.0 2070.0 1075.0 2068.0 large-vehicle 1
1365.0 1400.0 1368.0 1402.0 1362.0 1419.0 1358.0 1418.0 large-vehicle 1
1494.0 1318.0 1498.0 1319.0 1494.0 1339.0 1489.0 1337.0 large-vehicle 1
1919.0 367.0 1922.0 370.0 1908.0 385.0 1905.0 382.0 large-vehicle 1
1553.0 2401.0 1556.0 2398.0 1563.0 2409.0 1560.0 2412.0 large-vehicle 1
2377.0 1930.0 2375.0 1927.0 2386.0 1917.0 2389.0 1920.0 large-vehicle 1
2282.0 1770.0 2285.0 1767.0 2297.0 1783.0 2294.0 1785.0 large-vehicle 1
2284.0 1761.0 2287.0 1758.0 2294.0 1772.0 2291.0 1774.0 large-vehicle 1
2254.0 1682.0 2258.0 1680.0 2266.0 1693.0 2262.0 1696.0 large-vehicle 1
2232.0 1677.0 2236.0 1676.0 2243.0 1687.0 2240.0 1689.0 large-vehicle 1
2222.0 1699.0 2225.0 1697.0 2233.0 1709.0 2229.0 1711.0 large-vehicle 1
2238.0 1727.0 2242.0 1724.0 2249.0 1736.0 2246.0 1738.0 large-vehicle 1
2241.0 1737.0 2243.0 1734.0 2251.0 1746.0 2249.0 1747.0 large-vehicle 1
2213.0 1682.0 2215.0 1680.0 2221.0 1691.0 2219.0 1693.0 large-vehicle 1
1613.0 2360.0 1618.0 2359.0 1625.0 2373.0 1621.0 2375.0 large-vehicle 1
1549.0 2405.0 1552.0 2403.0 1558.0 2412.0 1554.0 2414.0 large-vehicle 1
474.0 3683.0 476.0 3685.0 464.0 3696.0 461.0 3693.0 large-vehicle 1
1013.0 3085.0 1016.0 3083.0 1023.0 3094.0 1020.0 3097.0 large-vehicle 1
456.0 3697.0 458.0 3701.0 448.0 3707.0 447.0 3704.0 large-vehicle 1
931.0 3052.0 929.0 3049.0 945.0 3039.0 946.0 3043.0 large-vehicle 1
1004.0 3048.0 1008.0 3051.0 1000.0 3063.0 997.0 3063.0 large-vehicle 1
1012.0 3044.0 1015.0 3047.0 1006.0 3059.0 1003.0 3058.0 large-vehicle 1
1023.0 3040.0 1026.0 3041.0 1019.0 3054.0 1015.0 3053.0 large-vehicle 1
1030.0 3035.0 1033.0 3037.0 1028.0 3049.0 1024.0 3047.0 large-vehicle 1
1044.0 3062.0 1047.0 3059.0 1056.0 3074.0 1053.0 3076.0 large-vehicle 1
1041.0 3065.0 1043.0 3062.0 1053.0 3076.0 1050.0 3079.0 large-vehicle 1
1018.0 3080.0 1022.0 3079.0 1030.0 3090.0 1026.0 3093.0 large-vehicle 1
1009.0 3088.0 1012.0 3086.0 1019.0 3097.0 1016.0 3100.0 large-vehicle 1
1542.0 2406.0 1545.0 2403.0 1553.0 2415.0 1550.0 2417.0 large-vehicle 1
1000.0 3093.0 1003.0 3091.0 1011.0 3101.0 1007.0 3104.0 large-vehicle 1
1385.0 2468.0 1386.0 2464.0 1401.0 2469.0 1400.0 2472.0 large-vehicle 1
1398.0 2467.0 1398.0 2463.0 1410.0 2465.0 1409.0 2469.0 large-vehicle 1
1424.0 2466.0 1427.0 2469.0 1419.0 2477.0 1416.0 2474.0 large-vehicle 1
1460.0 2454.0 1463.0 2452.0 1470.0 2463.0 1467.0 2465.0 large-vehicle 1
1465.0 2450.0 1467.0 2448.0 1475.0 2460.0 1472.0 2461.0 large-vehicle 1
1447.0 2328.0 1450.0 2326.0 1459.0 2338.0 1456.0 2340.0 large-vehicle 1
1274.0 2492.0 1274.0 2496.0 1264.0 2502.0 1263.0 2499.0 large-vehicle 1
1372.0 2448.0 1374.0 2452.0 1358.0 2463.0 1356.0 2459.0 large-vehicle 1
2247.0 3470.0 2179.0 3505.0 2132.0 3435.0 2207.0 3392.0 plane 0
1976.0 3621.0 2027.0 3621.0 2027.0 3667.0 1976.0 3667.0 roundabout 0
2839.0 3353.0 2841.0 3351.0 2849.0 3364.0 2847.0 3365.0 large-vehicle 1
3089.0 1864.0 3039.0 1860.0 3045.0 1808.0 3093.0 1809.0 plane 0
3645.0 183.0 3648.0 224.0 3592.0 234.0 3593.0 181.0 plane 0
3462.0 838.0 3463.0 876.0 3416.0 881.0 3412.0 839.0 plane 0
3651.0 999.0 3616.0 997.0 3618.0 948.0 3655.0 947.0 plane 0
3287.0 1508.0 3251.0 1507.0 3253.0 1463.0 3293.0 1464.0 plane 0
3201.0 1621.0 3127.0 1613.0 3132.0 1531.0 3218.0 1535.0 plane 0
3103.0 1613.0 3046.0 1610.0 3051.0 1536.0 3110.0 1536.0 plane 0
3038.0 1603.0 2980.0 1601.0 2979.0 1526.0 3047.0 1527.0 plane 0
2890.0 1618.0 2847.0 1653.0 2795.0 1602.0 2838.0 1556.0 plane 0
2836.0 1661.0 2798.0 1691.0 2766.0 1657.0 2803.0 1626.0 plane 0
2857.0 1908.0 2887.0 1930.0 2855.0 1972.0 2821.0 1953.0 plane 0
3316.0 1898.0 3367.0 1898.0 3367.0 1963.0 3316.0 1963.0 plane 0
2824.0 1867.0 2855.0 1905.0 2811.0 1939.0 2782.0 1909.0 plane 0
3313.0 2028.0 3349.0 2042.0 3333.0 2084.0 3295.0 2073.0 plane 0
2621.0 2254.0 2664.0 2276.0 2637.0 2321.0 2595.0 2299.0 plane 0
2554.0 2153.0 2577.0 2189.0 2536.0 2213.0 2511.0 2184.0 plane 0
2527.0 2114.0 2547.0 2147.0 2498.0 2174.0 2478.0 2137.0 plane 0
2474.0 2041.0 2491.0 2071.0 2455.0 2096.0 2436.0 2063.0 plane 0
2308.0 2401.0 2326.0 2432.0 2287.0 2458.0 2269.0 2423.0 plane 1
2756.0 3156.0 2697.0 3192.0 2649.0 3115.0 2714.0 3078.0 plane 0
824.0 3366.0 892.0 3324.0 940.0 3402.0 868.0 3438.0 plane 0
3482.0 271.0 3545.0 316.0 3477.0 385.0 3423.0 324.0 plane 0
3337.0 1689.0 3384.0 1689.0 3384.0 1735.0 3337.0 1735.0 plane 0
679.0 3460.0 728.0 3434.0 756.0 3488.0 705.0 3516.0 plane 0
2649.0 1705.0 2582.0 1704.0 2586.0 1625.0 2656.0 1626.0 plane 0
2693.0 1382.0 2722.0 1333.0 2801.0 1372.0 2762.0 1434.0 plane 0
2625.0 1317.0 2587.0 1365.0 2492.0 1320.0 2543.0 1256.0 plane 0
2741.0 1305.0 2779.0 1246.0 2857.0 1299.0 2815.0 1356.0 plane 0
2800.0 1222.0 2832.0 1174.0 2906.0 1220.0 2864.0 1282.0 plane 0
2840.0 1155.0 2879.0 1107.0 2946.0 1148.0 2909.0 1203.0 plane 0
2686.0 1040.0 2682.0 1112.0 2583.0 1110.0 2591.0 1017.0 plane 0
2667.0 1240.0 2626.0 1290.0 2551.0 1245.0 2594.0 1183.0 plane 0
2710.0 1158.0 2665.0 1220.0 2601.0 1178.0 2639.0 1117.0 plane 0
2553.0 1545.0 2588.0 1493.0 2646.0 1535.0 2608.0 1591.0 plane 0
2575.0 1779.0 2633.0 1779.0 2633.0 1868.0 2575.0 1868.0 plane 0
2960.0 1682.0 2997.0 1682.0 2997.0 1725.0 2960.0 1725.0 plane 1
2644.0 1778.0 2695.0 1778.0 2695.0 1855.0 2644.0 1855.0 plane 0
2703.0 1783.0 2757.0 1783.0 2757.0 1861.0 2703.0 1861.0 plane 0
3034.0 1922.0 3079.0 1922.0 3079.0 1978.0 3034.0 1978.0 plane 0
2986.0 1920.0 3029.0 1920.0 3029.0 1967.0 2986.0 1967.0 plane 0
2939.0 1918.0 2980.0 1918.0 2980.0 1970.0 2939.0 1970.0 plane 0
2894.0 1916.0 2925.0 1916.0 2925.0 1963.0 2894.0 1963.0 plane 0
3076.0 1386.0 3118.0 1386.0 3118.0 1439.0 3076.0 1439.0 plane 0
3174.0 1391.0 3219.0 1391.0 3219.0 1443.0 3174.0 1443.0 plane 0
3021.0 1381.0 3071.0 1381.0 3071.0 1436.0 3021.0 1436.0 plane 0
946.0 3302.0 986.0 3276.0 1017.0 3326.0 974.0 3354.0 plane 0
2802.0 2962.0 2753.0 2916.0 2819.0 2847.0 2868.0 2899.0 plane 0
1303.0 1204.0 1346.0 1213.0 1330.0 1250.0 1295.0 1241.0 storage-tank 0
2153.0 2502.0 2126.0 2469.0 2167.0 2435.0 2192.0 2468.0 plane 0
1604.0 1338.0 1599.0 1262.0 1677.0 1253.0 1682.0 1333.0 plane 0
1865.0 1248.0 1867.0 1315.0 1794.0 1322.0 1788.0 1250.0 plane 0
1866.0 1167.0 1867.0 1242.0 1782.0 1246.0 1780.0 1168.0 plane 0
1864.0 1092.0 1863.0 1149.0 1790.0 1154.0 1789.0 1094.0 plane 0
1974.0 1235.0 1971.0 1159.0 2042.0 1152.0 2042.0 1232.0 plane 0
1981.0 1362.0 1981.0 1314.0 2035.0 1312.0 2036.0 1360.0 plane 0
1790.0 2677.0 1764.0 2646.0 1803.0 2616.0 1831.0 2640.0 plane 0
1980.0 2609.0 1956.0 2570.0 1992.0 2544.0 2012.0 2577.0 plane 0
2001.0 2642.0 1984.0 2616.0 2015.0 2590.0 2035.0 2618.0 plane 0
2295.0 2153.0 2279.0 2125.0 2311.0 2102.0 2333.0 2136.0 plane 0
893.0 1597.0 897.0 1521.0 975.0 1527.0 962.0 1603.0 plane 0
100.0 2816.0 68.0 2831.0 46.0 2790.0 84.0 2773.0 plane 0
695.0 1862.0 655.0 1867.0 650.0 1811.0 698.0 1807.0 plane 0
166.0 1655.0 124.0 1654.0 126.0 1607.0 170.0 1606.0 plane 0
1360.0 459.0 1326.0 432.0 1354.0 384.0 1397.0 419.0 plane 0
1269.0 1119.0 1306.0 1121.0 1299.0 1165.0 1262.0 1160.0 storage-tank 0
1309.0 1122.0 1351.0 1132.0 1338.0 1167.0 1305.0 1161.0 storage-tank 0
1262.0 1162.0 1303.0 1169.0 1295.0 1203.0 1255.0 1198.0 storage-tank 0
1305.0 1164.0 1345.0 1172.0 1332.0 1206.0 1298.0 1199.0 storage-tank 0
1261.0 1201.0 1299.0 1208.0 1291.0 1244.0 1255.0 1239.0 storage-tank 0
1587.0 1176.0 1583.0 1100.0 1668.0 1091.0 1669.0 1179.0 plane 0
1193.0 1557.0 1187.0 1631.0 1098.0 1623.0 1110.0 1551.0 plane 0
2321.0 2666.0 2336.0 2694.0 2299.0 2718.0 2283.0 2684.0 plane 0
1312.0 3095.0 1351.0 3071.0 1376.0 3109.0 1334.0 3133.0 plane 0
2455.0 2402.0 2438.0 2374.0 2473.0 2347.0 2494.0 2380.0 plane 0
2418.0 2367.0 2404.0 2338.0 2442.0 2311.0 2461.0 2342.0 plane 0
2395.0 2321.0 2379.0 2290.0 2413.0 2269.0 2431.0 2298.0 plane 0
2370.0 2280.0 2351.0 2247.0 2389.0 2229.0 2405.0 2260.0 plane 1
2319.0 2196.0 2304.0 2165.0 2342.0 2142.0 2357.0 2177.0 plane 0
3142.0 1349.0 3061.0 1344.0 3065.0 1269.0 3148.0 1272.0 plane 1
1841.0 1482.0 1806.0 1500.0 1773.0 1461.0 1815.0 1435.0 plane 0
1871.0 1323.0 1871.0 1404.0 1796.0 1408.0 1794.0 1326.0 plane 0
2535.0 1770.0 2566.0 1770.0 2566.0 1822.0 2535.0 1822.0 plane 0
1374.0 3075.0 1407.0 3054.0 1436.0 3093.0 1393.0 3117.0 plane 0
1200.0 1482.0 1195.0 1548.0 1106.0 1548.0 1112.0 1477.0 plane 0
1277.0 2753.0 1250.0 2789.0 1197.0 2751.0 1232.0 2713.0 plane 0
1134.0 2627.0 1106.0 2655.0 1069.0 2626.0 1093.0 2595.0 plane 0
891.0 2134.0 897.0 2066.0 980.0 2071.0 970.0 2148.0 plane 0
892.0 2059.0 894.0 1989.0 976.0 1991.0 970.0 2066.0 plane 0
920.0 1221.0 926.0 1144.0 999.0 1150.0 989.0 1232.0 plane 0
1226.0 1144.0 1220.0 1221.0 1135.0 1221.0 1141.0 1138.0 plane 0
1218.0 1231.0 1213.0 1311.0 1123.0 1311.0 1129.0 1226.0 plane 0
905.0 1424.0 908.0 1344.0 1001.0 1348.0 993.0 1433.0 plane 0
1207.0 1390.0 1200.0 1475.0 1111.0 1473.0 1118.0 1385.0 plane 0
2865.0 3343.0 2868.0 3339.0 2875.0 3349.0 2872.0 3351.0 large-vehicle 1
2822.0 3362.0 2825.0 3360.0 2833.0 3373.0 2831.0 3374.0 large-vehicle 1
2049.0 3997.0 2047.0 3994.0 2062.0 3985.0 2064.0 3987.0 large-vehicle 1
2734.0 3817.0 2736.0 3813.0 2751.0 3819.0 2749.0 3822.0 large-vehicle 1
2682.0 3853.0 2684.0 3849.0 2697.0 3853.0 2696.0 3856.0 large-vehicle 1
2686.0 3850.0 2687.0 3846.0 2703.0 3850.0 2701.0 3853.0 large-vehicle 1
2690.0 3845.0 2691.0 3842.0 2706.0 3847.0 2705.0 3849.0 large-vehicle 1
2696.0 3842.0 2697.0 3839.0 2710.0 3843.0 2709.0 3846.0 large-vehicle 1
2701.0 3840.0 2703.0 3836.0 2717.0 3840.0 2715.0 3844.0 large-vehicle 1
2716.0 3831.0 2718.0 3827.0 2732.0 3831.0 2732.0 3835.0 large-vehicle 1
2720.0 3827.0 2722.0 3823.0 2736.0 3828.0 2735.0 3832.0 large-vehicle 1
2726.0 3824.0 2728.0 3821.0 2743.0 3824.0 2742.0 3827.0 large-vehicle 1
2733.0 3821.0 2733.0 3817.0 2748.0 3822.0 2746.0 3825.0 large-vehicle 1
2743.0 3814.0 2743.0 3811.0 2757.0 3815.0 2756.0 3818.0 large-vehicle 1
2728.0 3856.0 2729.0 3852.0 2744.0 3857.0 2744.0 3860.0 large-vehicle 1
2556.0 3753.0 2559.0 3752.0 2569.0 3766.0 2565.0 3769.0 large-vehicle 1
2526.0 3763.0 2529.0 3766.0 2515.0 3775.0 2514.0 3770.0 large-vehicle 1
2596.0 3755.0 2594.0 3752.0 2609.0 3743.0 2610.0 3747.0 large-vehicle 1
2582.0 3731.0 2579.0 3728.0 2593.0 3720.0 2595.0 3723.0 large-vehicle 1
2576.0 3722.0 2574.0 3719.0 2587.0 3712.0 2589.0 3715.0 large-vehicle 1
2573.0 3718.0 2571.0 3715.0 2584.0 3707.0 2586.0 3711.0 large-vehicle 1
2725.0 3691.0 2727.0 3695.0 2712.0 3704.0 2710.0 3701.0 large-vehicle 1
2705.0 3659.0 2707.0 3663.0 2692.0 3671.0 2690.0 3669.0 large-vehicle 1
2180.0 3800.0 2182.0 3796.0 2200.0 3804.0 2198.0 3808.0 large-vehicle 1
2671.0 3858.0 2671.0 3855.0 2686.0 3859.0 2685.0 3862.0 large-vehicle 1
2724.0 3859.0 2725.0 3856.0 2740.0 3860.0 2739.0 3863.0 large-vehicle 1
2696.0 3642.0 2699.0 3640.0 2704.0 3652.0 2701.0 3654.0 large-vehicle 1
2738.0 3849.0 2739.0 3846.0 2754.0 3850.0 2753.0 3853.0 large-vehicle 1
2791.0 3835.0 2793.0 3831.0 2808.0 3836.0 2806.0 3839.0 large-vehicle 1
2822.0 3827.0 2826.0 3825.0 2834.0 3836.0 2831.0 3838.0 large-vehicle 1
2814.0 3804.0 2817.0 3802.0 2825.0 3815.0 2823.0 3817.0 large-vehicle 1
2803.0 3785.0 2806.0 3782.0 2816.0 3796.0 2812.0 3798.0 large-vehicle 1
2766.0 3799.0 2768.0 3795.0 2785.0 3800.0 2784.0 3804.0 large-vehicle 1
2784.0 3821.0 2785.0 3818.0 2800.0 3821.0 2800.0 3824.0 large-vehicle 1
2760.0 3837.0 2761.0 3833.0 2776.0 3837.0 2775.0 3841.0 large-vehicle 1
2754.0 3840.0 2754.0 3836.0 2770.0 3840.0 2769.0 3844.0 large-vehicle 1
2747.0 3844.0 2748.0 3840.0 2764.0 3844.0 2763.0 3847.0 large-vehicle 1
2734.0 3853.0 2735.0 3850.0 2750.0 3853.0 2749.0 3855.0 large-vehicle 1
2712.0 3866.0 2713.0 3863.0 2727.0 3866.0 2726.0 3869.0 large-vehicle 1
1786.0 2263.0 1782.0 2263.0 1785.0 2245.0 1789.0 2246.0 large-vehicle 1
1791.0 2258.0 1788.0 2257.0 1791.0 2240.0 1795.0 2241.0 large-vehicle 1
1815.0 2267.0 1817.0 2264.0 1824.0 2273.0 1821.0 2275.0 large-vehicle 1
1770.0 2249.0 1773.0 2247.0 1780.0 2261.0 1777.0 2262.0 large-vehicle 1
2626.0 3862.0 2629.0 3861.0 2638.0 3874.0 2635.0 3875.0 large-vehicle 1
2691.0 3878.0 2691.0 3875.0 2708.0 3878.0 2707.0 3881.0 large-vehicle 1
2696.0 3875.0 2695.0 3871.0 2713.0 3876.0 2712.0 3879.0 large-vehicle 1
2704.0 3872.0 2705.0 3869.0 2720.0 3873.0 2719.0 3876.0 large-vehicle 1
2708.0 3869.0 2710.0 3865.0 2724.0 3870.0 2723.0 3873.0 large-vehicle 1
2727.0 3666.0 2729.0 3664.0 2739.0 3677.0 2737.0 3679.0 large-vehicle 1
2980.0 3713.0 2978.0 3710.0 2990.0 3701.0 2992.0 3705.0 large-vehicle 1
2756.0 3857.0 2757.0 3853.0 2771.0 3857.0 2771.0 3860.0 large-vehicle 1
2751.0 3616.0 2749.0 3612.0 2762.0 3605.0 2764.0 3608.0 large-vehicle 1
2902.0 3631.0 2900.0 3627.0 2913.0 3620.0 2915.0 3623.0 large-vehicle 1
2874.0 3585.0 2872.0 3581.0 2887.0 3571.0 2889.0 3575.0 large-vehicle 1
2871.0 3580.0 2869.0 3576.0 2884.0 3567.0 2885.0 3571.0 large-vehicle 1
2790.0 3680.0 2787.0 3677.0 2800.0 3668.0 2802.0 3671.0 large-vehicle 1
2784.0 3677.0 2783.0 3675.0 2797.0 3666.0 2799.0 3668.0 large-vehicle 1
2784.0 3672.0 2782.0 3669.0 2795.0 3661.0 2796.0 3664.0 large-vehicle 1
2781.0 3663.0 2780.0 3660.0 2791.0 3654.0 2792.0 3657.0 large-vehicle 1
2754.0 3629.0 2752.0 3625.0 2767.0 3617.0 2769.0 3621.0 large-vehicle 1
2749.0 3645.0 2752.0 3643.0 2760.0 3659.0 2757.0 3660.0 large-vehicle 1
2742.0 3611.0 2741.0 3608.0 2753.0 3600.0 2755.0 3603.0 large-vehicle 1
2913.0 3680.0 2911.0 3677.0 2923.0 3670.0 2925.0 3673.0 large-vehicle 1
2152.0 4092.0 2153.0 4088.0 2168.0 4092.0 2167.0 4096.0 large-vehicle 1
2149.0 4096.0 2150.0 4093.0 2166.0 4096.0 2165.0 4099.0 large-vehicle 1
2145.0 4100.0 2145.0 4097.0 2159.0 4100.0 2159.0 4103.0 large-vehicle 1
2135.0 4102.0 2136.0 4098.0 2155.0 4104.0 2153.0 4106.0 large-vehicle 1
2131.0 4106.0 2131.0 4102.0 2150.0 4106.0 2149.0 4110.0 large-vehicle 1
1955.0 4095.0 1958.0 4093.0 1966.0 4106.0 1963.0 4107.0 large-vehicle 1
1959.0 4094.0 1962.0 4091.0 1970.0 4103.0 1967.0 4105.0 large-vehicle 1
1963.0 4091.0 1965.0 4089.0 1973.0 4101.0 1971.0 4102.0 large-vehicle 1
1967.0 4090.0 1970.0 4088.0 1976.0 4099.0 1974.0 4101.0 large-vehicle 1
2910.0 3677.0 2907.0 3674.0 2922.0 3666.0 2923.0 3669.0 large-vehicle 1
2915.0 3683.0 2913.0 3680.0 2927.0 3673.0 2928.0 3676.0 large-vehicle 1
2978.0 3709.0 2976.0 3706.0 2989.0 3698.0 2990.0 3701.0 large-vehicle 1
2951.0 3666.0 2948.0 3664.0 2962.0 3656.0 2964.0 3658.0 large-vehicle 1
2976.0 3706.0 2974.0 3703.0 2987.0 3695.0 2988.0 3698.0 large-vehicle 1
2975.0 3665.0 2978.0 3663.0 2987.0 3678.0 2985.0 3679.0 large-vehicle 1
2971.0 3700.0 2970.0 3696.0 2982.0 3688.0 2984.0 3692.0 large-vehicle 1
2969.0 3696.0 2967.0 3692.0 2980.0 3686.0 2981.0 3688.0 large-vehicle 1
2967.0 3691.0 2966.0 3689.0 2979.0 3682.0 2980.0 3685.0 large-vehicle 1
2963.0 3687.0 2961.0 3685.0 2973.0 3676.0 2975.0 3679.0 large-vehicle 1
2962.0 3683.0 2960.0 3679.0 2973.0 3672.0 2975.0 3675.0 large-vehicle 1
2959.0 3679.0 2957.0 3676.0 2970.0 3669.0 2972.0 3672.0 large-vehicle 1
2955.0 3672.0 2954.0 3669.0 2966.0 3661.0 2968.0 3664.0 large-vehicle 1
2949.0 3662.0 2948.0 3659.0 2960.0 3652.0 2962.0 3655.0 large-vehicle 1
2917.0 3687.0 2915.0 3684.0 2927.0 3677.0 2928.0 3679.0 large-vehicle 1
2945.0 3656.0 2943.0 3653.0 2956.0 3645.0 2958.0 3648.0 large-vehicle 1
2944.0 3652.0 2942.0 3650.0 2953.0 3642.0 2955.0 3645.0 large-vehicle 1
2947.0 3737.0 2945.0 3733.0 2959.0 3725.0 2960.0 3729.0 large-vehicle 1
2939.0 3723.0 2937.0 3721.0 2949.0 3713.0 2951.0 3716.0 large-vehicle 1
2938.0 3720.0 2935.0 3717.0 2948.0 3709.0 2949.0 3712.0 large-vehicle 1
2935.0 3716.0 2933.0 3713.0 2945.0 3706.0 2946.0 3709.0 large-vehicle 1
2928.0 3707.0 2927.0 3704.0 2941.0 3696.0 2942.0 3699.0 large-vehicle 1
2922.0 3697.0 2920.0 3693.0 2933.0 3686.0 2935.0 3690.0 large-vehicle 1
2921.0 3693.0 2919.0 3690.0 2931.0 3683.0 2932.0 3685.0 large-vehicle 1
2764.0 3855.0 2765.0 3852.0 2778.0 3855.0 2777.0 3858.0 large-vehicle 1
2750.0 3861.0 2752.0 3857.0 2767.0 3861.0 2765.0 3864.0 large-vehicle 1
2812.0 3371.0 2813.0 3369.0 2821.0 3378.0 2819.0 3381.0 large-vehicle 1
2601.0 3612.0 2599.0 3609.0 2610.0 3601.0 2612.0 3604.0 large-vehicle 1
2510.0 3552.0 2513.0 3550.0 2521.0 3561.0 2518.0 3562.0 large-vehicle 1
2504.0 3557.0 2506.0 3554.0 2513.0 3565.0 2511.0 3567.0 large-vehicle 1
2499.0 3560.0 2502.0 3557.0 2509.0 3568.0 2507.0 3571.0 large-vehicle 1
2511.0 3608.0 2513.0 3604.0 2526.0 3611.0 2525.0 3614.0 large-vehicle 1
2508.0 3610.0 2509.0 3607.0 2523.0 3615.0 2521.0 3618.0 large-vehicle 1
2502.0 3612.0 2504.0 3609.0 2518.0 3617.0 2516.0 3619.0 large-vehicle 1
2420.0 3677.0 2423.0 3675.0 2431.0 3690.0 2429.0 3693.0 large-vehicle 1
2270.0 3746.0 2271.0 3743.0 2287.0 3752.0 2284.0 3755.0 large-vehicle 1
2562.0 3634.0 2561.0 3630.0 2572.0 3623.0 2574.0 3627.0 large-vehicle 1
2582.0 3624.0 2579.0 3620.0 2592.0 3612.0 2594.0 3615.0 large-vehicle 1
2532.0 3549.0 2534.0 3546.0 2544.0 3562.0 2541.0 3564.0 large-vehicle 1
2580.0 3610.0 2578.0 3606.0 2597.0 3594.0 2599.0 3597.0 large-vehicle 1
2509.0 4070.0 2511.0 4067.0 2522.0 4081.0 2519.0 4083.0 large-vehicle 1
2441.0 3948.0 2444.0 3946.0 2453.0 3960.0 2451.0 3961.0 large-vehicle 1
2470.0 4082.0 2472.0 4080.0 2480.0 4092.0 2477.0 4095.0 large-vehicle 1
2456.0 4059.0 2459.0 4057.0 2469.0 4071.0 2466.0 4072.0 large-vehicle 1
2445.0 4041.0 2448.0 4039.0 2457.0 4053.0 2454.0 4054.0 large-vehicle 1
2443.0 4069.0 2445.0 4067.0 2454.0 4080.0 2452.0 4082.0 large-vehicle 1
2429.0 4046.0 2432.0 4044.0 2441.0 4059.0 2438.0 4061.0 large-vehicle 1
2406.0 4009.0 2409.0 4007.0 2419.0 4023.0 2417.0 4024.0 large-vehicle 1
2563.0 3564.0 2564.0 3568.0 2550.0 3576.0 2548.0 3574.0 large-vehicle 1
2543.0 3533.0 2545.0 3532.0 2553.0 3541.0 2550.0 3544.0 large-vehicle 1
2411.0 3985.0 2414.0 3982.0 2422.0 3994.0 2419.0 3996.0 large-vehicle 1
2738.0 3411.0 2741.0 3409.0 2749.0 3423.0 2747.0 3424.0 large-vehicle 1
2892.0 3361.0 2893.0 3364.0 2880.0 3373.0 2878.0 3370.0 large-vehicle 1
2874.0 3372.0 2876.0 3376.0 2862.0 3385.0 2860.0 3382.0 large-vehicle 1
2852.0 3385.0 2853.0 3388.0 2838.0 3398.0 2836.0 3395.0 large-vehicle 1
2949.0 3396.0 2951.0 3400.0 2937.0 3408.0 2935.0 3405.0 large-vehicle 1
2915.0 3398.0 2917.0 3401.0 2903.0 3409.0 2901.0 3406.0 large-vehicle 1
2921.0 3413.0 2923.0 3416.0 2908.0 3427.0 2906.0 3424.0 large-vehicle 1
2956.0 3478.0 2959.0 3476.0 2968.0 3489.0 2965.0 3491.0 large-vehicle 1
2948.0 3483.0 2951.0 3481.0 2959.0 3494.0 2957.0 3496.0 large-vehicle 1
2943.0 3486.0 2946.0 3484.0 2955.0 3496.0 2953.0 3497.0 large-vehicle 1
2725.0 3425.0 2729.0 3423.0 2737.0 3438.0 2735.0 3440.0 large-vehicle 1
2551.0 3528.0 2554.0 3526.0 2562.0 3536.0 2559.0 3538.0 large-vehicle 1
2839.0 3464.0 2841.0 3468.0 2829.0 3475.0 2827.0 3471.0 large-vehicle 1
2810.0 3481.0 2812.0 3484.0 2795.0 3495.0 2793.0 3491.0 large-vehicle 1
2787.0 3474.0 2788.0 3478.0 2774.0 3486.0 2772.0 3483.0 large-vehicle 1
2768.0 3506.0 2770.0 3510.0 2755.0 3518.0 2752.0 3515.0 large-vehicle 1
2748.0 3517.0 2751.0 3522.0 2736.0 3531.0 2733.0 3527.0 large-vehicle 1
2643.0 3489.0 2647.0 3487.0 2656.0 3500.0 2654.0 3501.0 large-vehicle 1
2615.0 3488.0 2618.0 3486.0 2626.0 3498.0 2623.0 3500.0 large-vehicle 1
2611.0 3491.0 2614.0 3489.0 2622.0 3500.0 2619.0 3501.0 large-vehicle 1
2647.0 3514.0 2649.0 3517.0 2634.0 3525.0 2632.0 3523.0 large-vehicle 1
2392.0 3989.0 2396.0 3986.0 2405.0 3999.0 2402.0 4002.0 large-vehicle 1
2401.0 3967.0 2403.0 3966.0 2411.0 3978.0 2409.0 3979.0 large-vehicle 1
2740.0 3866.0 2742.0 3863.0 2757.0 3868.0 2756.0 3870.0 large-vehicle 1
2721.0 3929.0 2722.0 3925.0 2738.0 3929.0 2736.0 3932.0 large-vehicle 1
2811.0 3856.0 2811.0 3853.0 2828.0 3855.0 2827.0 3858.0 large-vehicle 1
2814.0 3873.0 2815.0 3870.0 2829.0 3873.0 2828.0 3877.0 large-vehicle 1
2802.0 3862.0 2802.0 3858.0 2817.0 3862.0 2817.0 3865.0 large-vehicle 1
2791.0 3868.0 2792.0 3865.0 2807.0 3868.0 2806.0 3871.0 large-vehicle 1
2766.0 3884.0 2767.0 3881.0 2784.0 3886.0 2783.0 3889.0 large-vehicle 1
2756.0 3891.0 2757.0 3887.0 2772.0 3890.0 2772.0 3894.0 large-vehicle 1
2769.0 3902.0 2769.0 3898.0 2785.0 3902.0 2784.0 3905.0 large-vehicle 1
2764.0 3904.0 2764.0 3900.0 2781.0 3905.0 2780.0 3908.0 large-vehicle 1
2724.0 3909.0 2725.0 3906.0 2743.0 3911.0 2742.0 3913.0 large-vehicle 1
2698.0 3924.0 2699.0 3921.0 2716.0 3926.0 2715.0 3928.0 large-vehicle 1
2853.0 3870.0 2855.0 3867.0 2864.0 3881.0 2861.0 3883.0 large-vehicle 1
2702.0 3922.0 2703.0 3917.0 2721.0 3922.0 2719.0 3925.0 large-vehicle 1
2683.0 3905.0 2683.0 3901.0 2698.0 3906.0 2698.0 3909.0 large-vehicle 1
2691.0 3902.0 2691.0 3899.0 2702.0 3901.0 2701.0 3904.0 large-vehicle 1
2689.0 3897.0 2691.0 3894.0 2705.0 3898.0 2703.0 3901.0 large-vehicle 1
2694.0 3894.0 2695.0 3891.0 2712.0 3897.0 2711.0 3899.0 large-vehicle 1
2700.0 3890.0 2701.0 3887.0 2714.0 3891.0 2714.0 3895.0 large-vehicle 1
2705.0 3888.0 2705.0 3885.0 2721.0 3889.0 2719.0 3893.0 large-vehicle 1
2718.0 3880.0 2719.0 3875.0 2734.0 3878.0 2733.0 3883.0 large-vehicle 1
2723.0 3876.0 2725.0 3872.0 2741.0 3876.0 2739.0 3881.0 large-vehicle 1
2832.0 3833.0 2836.0 3830.0 2843.0 3844.0 2840.0 3846.0 large-vehicle 1
2846.0 3879.0 2847.0 3882.0 2832.0 3889.0 2830.0 3887.0 large-vehicle 1
2390.0 3947.0 2392.0 3945.0 2399.0 3956.0 2396.0 3959.0 large-vehicle 1
2405.0 3846.0 2409.0 3848.0 2404.0 3861.0 2400.0 3859.0 large-vehicle 1
2376.0 3925.0 2379.0 3923.0 2388.0 3937.0 2384.0 3940.0 large-vehicle 1
2364.0 3908.0 2369.0 3905.0 2377.0 3918.0 2374.0 3920.0 large-vehicle 1
2353.0 3889.0 2356.0 3887.0 2365.0 3899.0 2362.0 3902.0 large-vehicle 1
2338.0 3896.0 2341.0 3893.0 2350.0 3907.0 2346.0 3908.0 large-vehicle 1
2350.0 3915.0 2353.0 3913.0 2363.0 3927.0 2360.0 3929.0 large-vehicle 1
2363.0 3938.0 2366.0 3935.0 2373.0 3948.0 2371.0 3950.0 large-vehicle 1
2374.0 3955.0 2376.0 3953.0 2386.0 3966.0 2383.0 3969.0 large-vehicle 1
2375.0 3837.0 2377.0 3835.0 2386.0 3849.0 2383.0 3851.0 large-vehicle 1
2389.0 3824.0 2391.0 3822.0 2401.0 3836.0 2398.0 3838.0 large-vehicle 1
2418.0 3847.0 2415.0 3844.0 2429.0 3836.0 2431.0 3840.0 large-vehicle 1
2827.0 3896.0 2829.0 3897.0 2825.0 3912.0 2822.0 3911.0 large-vehicle 1
2481.0 3953.0 2479.0 3950.0 2493.0 3941.0 2495.0 3945.0 large-vehicle 1
2485.0 3957.0 2483.0 3954.0 2496.0 3946.0 2498.0 3949.0 large-vehicle 1
2512.0 3997.0 2510.0 3994.0 2521.0 3988.0 2523.0 3990.0 large-vehicle 1
2515.0 4002.0 2513.0 3999.0 2524.0 3992.0 2526.0 3995.0 large-vehicle 1
2526.0 4013.0 2523.0 4009.0 2533.0 4002.0 2535.0 4005.0 large-vehicle 1
2996.0 3776.0 2998.0 3779.0 2987.0 3793.0 2983.0 3789.0 large-vehicle 1
2921.0 3858.0 2924.0 3860.0 2912.0 3873.0 2909.0 3870.0 large-vehicle 1
2794.0 3950.0 2796.0 3954.0 2780.0 3963.0 2779.0 3960.0 large-vehicle 1
2769.0 3966.0 2770.0 3969.0 2758.0 3978.0 2757.0 3975.0 large-vehicle 1
2848.0 1499.0 2872.0 1429.0 2959.0 1452.0 2934.0 1523.0 plane 0
