imagesource:GoogleEarth
gsd:0.107336935151
229.0 1185.0 407.0 792.0 877.0 1006.0 695.0 1394.0 soccer-ball-field 0
1384.0 543.0 1367.0 534.0 1386.0 494.0 1403.0 502.0 small-vehicle 0
1412.0 745.0 1394.0 735.0 1414.0 691.0 1432.0 700.0 small-vehicle 0
1399.0 679.0 1413.0 688.0 1395.0 723.0 1380.0 714.0 small-vehicle 0
1354.0 664.0 1369.0 672.0 1353.0 711.0 1337.0 703.0 small-vehicle 0
1373.0 667.0 1356.0 660.0 1373.0 624.0 1391.0 631.0 small-vehicle 0
1331.0 659.0 1347.0 666.0 1332.0 704.0 1313.0 695.0 small-vehicle 0
1311.0 652.0 1326.0 659.0 1310.0 694.0 1294.0 686.0 small-vehicle 0
1332.0 648.0 1316.0 641.0 1333.0 603.0 1349.0 611.0 small-vehicle 0
1311.0 640.0 1296.0 630.0 1312.0 594.0 1327.0 601.0 small-vehicle 0
1292.0 633.0 1274.0 625.0 1292.0 589.0 1307.0 595.0 small-vehicle 0
1248.0 626.0 1263.0 632.0 1246.0 668.0 1232.0 659.0 small-vehicle 0
1253.0 614.0 1268.0 622.0 1287.0 587.0 1270.0 578.0 small-vehicle 0
1471.0 535.0 1486.0 542.0 1469.0 576.0 1455.0 568.0 small-vehicle 0
1452.0 522.0 1467.0 529.0 1449.0 566.0 1433.0 556.0 small-vehicle 0
1366.0 528.0 1349.0 519.0 1366.0 487.0 1382.0 494.0 small-vehicle 0
994.0 88.0 1001.0 71.0 1028.0 84.0 1022.0 100.0 small-vehicle 1
1326.0 509.0 1311.0 500.0 1327.0 467.0 1342.0 475.0 small-vehicle 0
950.0 1211.0 933.0 1203.0 951.0 1163.0 969.0 1172.0 small-vehicle 0
970.0 1168.0 954.0 1159.0 972.0 1120.0 989.0 1128.0 small-vehicle 0
957.0 170.0 965.0 154.0 999.0 174.0 992.0 188.0 large-vehicle 0
909.0 251.0 915.0 237.0 952.0 254.0 945.0 267.0 large-vehicle 0
951.0 130.0 938.0 133.0 929.0 95.0 943.0 90.0 small-vehicle 0
820.0 146.0 835.0 143.0 842.0 178.0 827.0 181.0 small-vehicle 0
846.0 1192.0 844.0 1173.0 881.0 1164.0 885.0 1182.0 small-vehicle 0
865.0 1144.0 862.0 1128.0 903.0 1121.0 906.0 1135.0 small-vehicle 0
927.0 1258.0 910.0 1250.0 931.0 1206.0 948.0 1214.0 small-vehicle 0
890.0 1335.0 874.0 1327.0 889.0 1292.0 907.0 1301.0 small-vehicle 0
869.0 1384.0 853.0 1376.0 870.0 1338.0 887.0 1346.0 large-vehicle 0
845.0 1434.0 829.0 1425.0 847.0 1383.0 863.0 1389.0 large-vehicle 0
1435.0 703.0 1451.0 711.0 1433.0 748.0 1417.0 740.0 small-vehicle 0
1456.0 656.0 1473.0 665.0 1455.0 701.0 1439.0 693.0 small-vehicle 0
1477.0 670.0 1492.0 678.0 1475.0 713.0 1459.0 704.0 small-vehicle 0
1455.0 712.0 1471.0 721.0 1455.0 758.0 1437.0 749.0 small-vehicle 0
195.0 598.0 410.0 130.0 1185.0 486.0 970.0 947.0 soccer-ball-field 0
723.0 712.0 925.0 806.0 881.0 901.0 678.0 808.0 tennis-court 0
778.0 594.0 979.0 686.0 937.0 780.0 735.0 688.0 tennis-court 0
833.0 477.0 1032.0 568.0 990.0 663.0 785.0 571.0 tennis-court 0
886.0 361.0 1086.0 452.0 1043.0 547.0 841.0 455.0 tennis-court 0
336.0 536.0 538.0 628.0 494.0 720.0 291.0 628.0 tennis-court 0
390.0 416.0 593.0 508.0 548.0 604.0 347.0 511.0 tennis-court 0
444.0 298.0 648.0 391.0 604.0 488.0 399.0 393.0 tennis-court 0
497.0 181.0 699.0 274.0 656.0 369.0 453.0 276.0 tennis-court 0
1458.0 887.0 1444.0 878.0 1458.0 843.0 1474.0 852.0 small-vehicle 0
1437.0 882.0 1420.0 874.0 1436.0 841.0 1452.0 849.0 small-vehicle 0
1416.0 869.0 1403.0 863.0 1414.0 829.0 1430.0 837.0 small-vehicle 0
1392.0 822.0 1407.0 826.0 1400.0 863.0 1383.0 861.0 small-vehicle 0
1373.0 807.0 1390.0 814.0 1374.0 850.0 1359.0 842.0 small-vehicle 0
1354.0 845.0 1338.0 837.0 1353.0 802.0 1369.0 808.0 small-vehicle 0
1335.0 827.0 1319.0 820.0 1332.0 789.0 1348.0 796.0 small-vehicle 0
1311.0 830.0 1294.0 822.0 1312.0 784.0 1329.0 790.0 small-vehicle 0
1293.0 816.0 1278.0 808.0 1291.0 774.0 1308.0 781.0 small-vehicle 0
1272.0 806.0 1256.0 798.0 1269.0 767.0 1286.0 775.0 small-vehicle 0
1254.0 799.0 1237.0 793.0 1249.0 758.0 1264.0 762.0 small-vehicle 0
1231.0 791.0 1216.0 785.0 1230.0 749.0 1246.0 754.0 small-vehicle 0
1210.0 785.0 1195.0 776.0 1213.0 733.0 1231.0 741.0 small-vehicle 0
1194.0 768.0 1179.0 762.0 1193.0 722.0 1208.0 727.0 small-vehicle 0
1516.0 745.0 1526.0 752.0 1513.0 794.0 1498.0 785.0 small-vehicle 0
1496.0 780.0 1478.0 771.0 1494.0 733.0 1513.0 741.0 small-vehicle 0
1515.0 734.0 1499.0 725.0 1519.0 685.0 1529.0 694.0 small-vehicle 0
1472.0 731.0 1485.0 736.0 1473.0 772.0 1458.0 767.0 small-vehicle 0
727.0 1439.0 725.0 1421.0 764.0 1416.0 767.0 1432.0 small-vehicle 0
