imagesource:GoogleEarth
gsd:0.233035800551
1447.0 104.0 1446.0 95.0 1465.0 95.0 1465.0 104.0 small-vehicle 1
1460.0 89.0 1452.0 89.0 1451.0 69.0 1460.0 71.0 small-vehicle 0
861.0 993.0 901.0 963.0 962.0 1047.0 921.0 1077.0 tennis-court 0
911.0 955.0 951.0 926.0 1012.0 1011.0 972.0 1039.0 tennis-court 0
826.0 810.0 868.0 788.0 918.0 879.0 875.0 902.0 tennis-court 0
1441.0 48.0 1450.0 48.0 1450.0 67.0 1440.0 66.0 small-vehicle 0
1460.0 68.0 1453.0 69.0 1451.0 48.0 1460.0 46.0 small-vehicle 0
1463.0 45.0 1470.0 46.0 1470.0 65.0 1463.0 65.0 small-vehicle 0
1472.0 46.0 1480.0 46.0 1480.0 62.0 1472.0 63.0 small-vehicle 0
1483.0 46.0 1491.0 46.0 1491.0 66.0 1482.0 66.0 small-vehicle 0
1502.0 67.0 1493.0 66.0 1494.0 45.0 1504.0 45.0 small-vehicle 0
1440.0 68.0 1449.0 68.0 1450.0 90.0 1440.0 90.0 small-vehicle 0
1463.0 67.0 1471.0 66.0 1471.0 84.0 1463.0 84.0 small-vehicle 0
1459.0 341.0 1466.0 338.0 1471.0 353.0 1465.0 355.0 small-vehicle 1
1474.0 67.0 1482.0 67.0 1482.0 86.0 1474.0 86.0 small-vehicle 0
1492.0 88.0 1484.0 88.0 1484.0 69.0 1492.0 69.0 small-vehicle 0
1494.0 68.0 1502.0 68.0 1501.0 87.0 1493.0 86.0 small-vehicle 0
1458.0 139.0 1450.0 139.0 1447.0 122.0 1455.0 120.0 small-vehicle 0
1456.0 119.0 1463.0 117.0 1467.0 134.0 1459.0 137.0 small-vehicle 0
1466.0 115.0 1473.0 114.0 1477.0 130.0 1469.0 132.0 small-vehicle 0
1475.0 112.0 1482.0 110.0 1487.0 127.0 1479.0 129.0 small-vehicle 0
1484.0 108.0 1492.0 106.0 1497.0 124.0 1489.0 126.0 small-vehicle 0
1468.0 159.0 1459.0 160.0 1454.0 140.0 1463.0 138.0 small-vehicle 0
1478.0 155.0 1469.0 157.0 1465.0 139.0 1473.0 137.0 small-vehicle 0
978.0 1079.0 984.0 1075.0 995.0 1095.0 987.0 1099.0 small-vehicle 0
1079.0 1217.0 1071.0 1213.0 1078.0 1198.0 1086.0 1201.0 small-vehicle 0
969.0 1376.0 1023.0 1404.0 962.0 1519.0 909.0 1494.0 basketball-court 0
909.0 1337.0 940.0 1278.0 1059.0 1338.0 1028.0 1398.0 basketball-court 0
291.0 1203.0 299.0 1200.0 304.0 1223.0 295.0 1224.0 small-vehicle 0
303.0 1197.0 311.0 1194.0 316.0 1217.0 308.0 1218.0 small-vehicle 0
324.0 1247.0 318.0 1254.0 336.0 1271.0 342.0 1262.0 small-vehicle 0
328.0 1244.0 335.0 1236.0 351.0 1253.0 345.0 1259.0 small-vehicle 0
102.0 2281.0 95.0 2276.0 106.0 2261.0 113.0 2267.0 small-vehicle 0
37.0 2217.0 42.0 2210.0 58.0 2222.0 50.0 2228.0 small-vehicle 0
487.0 2143.0 525.0 2175.0 455.0 2250.0 420.0 2221.0 tennis-court 0
632.0 545.0 641.0 542.0 650.0 562.0 642.0 566.0 small-vehicle 0
657.0 539.0 665.0 535.0 670.0 550.0 663.0 553.0 small-vehicle 0
682.0 529.0 688.0 527.0 696.0 545.0 689.0 549.0 small-vehicle 0
702.0 522.0 709.0 520.0 715.0 535.0 708.0 538.0 small-vehicle 0
725.0 515.0 732.0 512.0 737.0 529.0 730.0 531.0 small-vehicle 0
700.0 693.0 745.0 672.0 789.0 766.0 747.0 786.0 tennis-court 0
754.0 667.0 799.0 646.0 843.0 739.0 800.0 760.0 tennis-court 0
773.0 840.0 817.0 816.0 866.0 906.0 823.0 931.0 tennis-court 0
552.0 1077.0 926.0 1267.0 806.0 1501.0 435.0 1306.0 soccer-ball-field 0
965.0 1636.0 959.0 1643.0 946.0 1630.0 953.0 1623.0 small-vehicle 0
976.0 1625.0 970.0 1632.0 958.0 1619.0 965.0 1610.0 small-vehicle 0
988.0 1617.0 983.0 1622.0 967.0 1607.0 972.0 1600.0 small-vehicle 0
992.0 1578.0 997.0 1571.0 1014.0 1588.0 1006.0 1594.0 small-vehicle 0
903.0 1342.0 962.0 1373.0 901.0 1491.0 840.0 1463.0 basketball-court 0
1475.0 134.0 1482.0 132.0 1488.0 152.0 1480.0 154.0 small-vehicle 0
1486.0 130.0 1494.0 129.0 1498.0 151.0 1489.0 150.0 small-vehicle 0
1498.0 128.0 1505.0 127.0 1508.0 146.0 1500.0 148.0 small-vehicle 0
1563.0 242.0 1556.0 246.0 1547.0 228.0 1555.0 222.0 small-vehicle 0
1488.0 323.0 1480.0 326.0 1472.0 309.0 1481.0 304.0 small-vehicle 0
1496.0 343.0 1488.0 346.0 1479.0 328.0 1488.0 324.0 small-vehicle 0
1507.0 317.0 1516.0 314.0 1526.0 333.0 1517.0 336.0 small-vehicle 0
1469.0 332.0 1476.0 330.0 1485.0 346.0 1477.0 350.0 small-vehicle 0
1497.0 297.0 1505.0 294.0 1515.0 312.0 1506.0 316.0 small-vehicle 0
1506.0 291.0 1515.0 287.0 1525.0 307.0 1516.0 310.0 small-vehicle 0
1516.0 359.0 1526.0 355.0 1534.0 375.0 1525.0 379.0 small-vehicle 0
1492.0 371.0 1500.0 367.0 1508.0 388.0 1499.0 390.0 small-vehicle 0
1482.0 377.0 1489.0 373.0 1498.0 392.0 1490.0 396.0 small-vehicle 0
1470.0 379.0 1478.0 375.0 1488.0 395.0 1479.0 399.0 small-vehicle 0
1560.0 413.0 1566.0 410.0 1574.0 426.0 1567.0 429.0 small-vehicle 1
1520.0 431.0 1525.0 427.0 1535.0 442.0 1529.0 445.0 small-vehicle 1
382.0 1188.0 388.0 1194.0 377.0 1209.0 369.0 1202.0 small-vehicle 1
223.0 43.0 228.0 51.0 210.0 62.0 205.0 56.0 small-vehicle 1
99.0 122.0 108.0 116.0 118.0 134.0 110.0 139.0 small-vehicle 1
927.0 1335.0 948.0 1292.0 1040.0 1338.0 1017.0 1382.0 tennis-court 0
904.0 1358.0 945.0 1380.0 902.0 1475.0 858.0 1451.0 tennis-court 0
968.0 1392.0 1007.0 1410.0 963.0 1501.0 925.0 1483.0 tennis-court 0
1168.0 2122.0 1164.0 2115.0 1177.0 2105.0 1181.0 2111.0 small-vehicle 1
1538.0 283.0 1544.0 278.0 1551.0 291.0 1545.0 295.0 small-vehicle 1
1549.0 278.0 1556.0 275.0 1561.0 289.0 1554.0 291.0 small-vehicle 1
1477.0 326.0 1470.0 330.0 1461.0 311.0 1469.0 308.0 small-vehicle 0
1545.0 228.0 1537.0 231.0 1528.0 213.0 1537.0 208.0 small-vehicle 0
1451.0 196.0 1459.0 192.0 1467.0 210.0 1460.0 213.0 small-vehicle 0
1552.0 245.0 1544.0 247.0 1536.0 232.0 1545.0 229.0 small-vehicle 0
1476.0 207.0 1470.0 210.0 1461.0 193.0 1469.0 188.0 small-vehicle 0
1486.0 202.0 1480.0 206.0 1471.0 189.0 1478.0 184.0 small-vehicle 0
1479.0 183.0 1485.0 180.0 1494.0 196.0 1487.0 199.0 small-vehicle 0
1488.0 180.0 1495.0 176.0 1503.0 194.0 1495.0 198.0 small-vehicle 0
1515.0 193.0 1507.0 197.0 1497.0 176.0 1504.0 172.0 small-vehicle 0
1526.0 189.0 1517.0 193.0 1507.0 174.0 1515.0 170.0 small-vehicle 0
1426.0 259.0 1434.0 256.0 1440.0 272.0 1433.0 275.0 small-vehicle 0
1434.0 277.0 1441.0 273.0 1450.0 293.0 1442.0 297.0 small-vehicle 0
1450.0 271.0 1442.0 274.0 1434.0 257.0 1442.0 254.0 small-vehicle 0
1459.0 289.0 1452.0 293.0 1443.0 276.0 1451.0 272.0 small-vehicle 0
1442.0 248.0 1449.0 244.0 1459.0 264.0 1451.0 267.0 small-vehicle 0
1468.0 285.0 1461.0 287.0 1452.0 269.0 1460.0 265.0 small-vehicle 0
1468.0 236.0 1476.0 232.0 1485.0 251.0 1477.0 255.0 small-vehicle 0
1496.0 249.0 1489.0 254.0 1480.0 236.0 1488.0 231.0 small-vehicle 0
1504.0 267.0 1497.0 270.0 1490.0 255.0 1497.0 251.0 small-vehicle 0
1515.0 264.0 1507.0 267.0 1498.0 250.0 1507.0 245.0 small-vehicle 0
1506.0 243.0 1498.0 247.0 1491.0 232.0 1498.0 227.0 small-vehicle 0
1509.0 244.0 1516.0 240.0 1524.0 257.0 1518.0 260.0 small-vehicle 0
1518.0 217.0 1527.0 213.0 1534.0 231.0 1526.0 235.0 small-vehicle 0
1528.0 236.0 1534.0 233.0 1541.0 248.0 1533.0 251.0 small-vehicle 0
1508.0 222.0 1515.0 219.0 1524.0 237.0 1518.0 240.0 small-vehicle 0
278.0 1209.0 288.0 1207.0 294.0 1228.0 286.0 1231.0 small-vehicle 0
