imagesource:GoogleEarth
gsd:0.107011143287
2081.0 1441.0 2511.0 1441.0 2511.0 1882.0 2081.0 1882.0 roundabout 0
1199.0 1583.0 1198.0 1603.0 1155.0 1603.0 1154.0 1584.0 small-vehicle 1
893.0 680.0 897.0 664.0 931.0 670.0 927.0 688.0 small-vehicle 0
774.0 2065.0 792.0 2059.0 811.0 2099.0 791.0 2107.0 small-vehicle 0
936.0 2414.0 924.0 2423.0 906.0 2393.0 918.0 2385.0 small-vehicle 0
679.0 1627.0 663.0 1634.0 648.0 1601.0 661.0 1593.0 small-vehicle 0
290.0 317.0 309.0 317.0 307.0 356.0 288.0 355.0 small-vehicle 0
392.0 371.0 408.0 382.0 387.0 421.0 372.0 412.0 small-vehicle 0
338.0 435.0 357.0 432.0 363.0 469.0 345.0 472.0 small-vehicle 0
353.0 512.0 374.0 508.0 383.0 546.0 363.0 551.0 small-vehicle 0
365.0 559.0 384.0 555.0 394.0 592.0 375.0 594.0 small-vehicle 0
537.0 570.0 534.0 583.0 493.0 574.0 496.0 559.0 small-vehicle 0
505.0 628.0 490.0 636.0 465.0 605.0 480.0 593.0 small-vehicle 0
396.0 674.0 415.0 671.0 426.0 711.0 406.0 716.0 small-vehicle 0
408.0 724.0 426.0 720.0 436.0 758.0 417.0 763.0 small-vehicle 0
423.0 782.0 442.0 779.0 452.0 824.0 432.0 827.0 small-vehicle 0
456.0 981.0 477.0 980.0 485.0 1023.0 466.0 1025.0 small-vehicle 0
255.0 654.0 254.0 639.0 290.0 635.0 291.0 652.0 small-vehicle 0
184.0 671.0 181.0 657.0 218.0 652.0 220.0 665.0 small-vehicle 0
937.0 688.0 940.0 672.0 982.0 682.0 979.0 701.0 small-vehicle 0
1058.0 745.0 1042.0 754.0 1020.0 724.0 1037.0 712.0 small-vehicle 0
1008.0 2522.0 993.0 2527.0 975.0 2509.0 991.0 2500.0 small-vehicle 0
2769.0 1780.0 2764.0 1793.0 2734.0 1782.0 2738.0 1768.0 small-vehicle 0
1830.0 1583.0 1826.0 1601.0 1792.0 1597.0 1792.0 1580.0 small-vehicle 1
467.0 1041.0 481.0 1038.0 493.0 1088.0 475.0 1091.0 small-vehicle 1
544.0 1291.0 561.0 1285.0 571.0 1325.0 552.0 1330.0 small-vehicle 1
1800.0 220.0 1785.0 222.0 1779.0 183.0 1794.0 182.0 small-vehicle 1
1484.0 192.0 1467.0 186.0 1480.0 157.0 1496.0 165.0 small-vehicle 1
2709.0 1813.0 2703.0 1827.0 2666.0 1815.0 2674.0 1797.0 small-vehicle 0
2840.0 1803.0 2836.0 1817.0 2792.0 1802.0 2798.0 1786.0 small-vehicle 0
2722.0 1758.0 2715.0 1773.0 2677.0 1758.0 2683.0 1742.0 small-vehicle 0
1969.0 104.0 1954.0 114.0 1930.0 78.0 1948.0 69.0 small-vehicle 0
2579.0 1608.0 2562.0 1610.0 2559.0 1578.0 2576.0 1575.0 small-vehicle 0
2520.0 1852.0 2507.0 1842.0 2525.0 1812.0 2540.0 1822.0 small-vehicle 0
2460.0 2521.0 2456.0 2536.0 2419.0 2528.0 2423.0 2511.0 small-vehicle 0
2141.0 1404.0 2152.0 1420.0 2116.0 1447.0 2103.0 1431.0 small-vehicle 0
2171.0 2357.0 2155.0 2353.0 2165.0 2317.0 2178.0 2319.0 small-vehicle 0
2133.0 2392.0 2116.0 2388.0 2125.0 2355.0 2140.0 2358.0 small-vehicle 0
1855.0 174.0 1842.0 181.0 1825.0 156.0 1840.0 147.0 small-vehicle 0
557.0 1580.0 646.0 1580.0 646.0 1670.0 557.0 1670.0 roundabout 0
