imagesource:GoogleEarth
gsd:0.537965878878
630.0 114.0 634.0 114.0 635.0 123.0 631.0 123.0 small-vehicle 1
589.0 404.0 589.0 407.0 580.0 407.0 578.0 403.0 small-vehicle 1
578.0 442.0 578.0 439.0 586.0 440.0 586.0 443.0 small-vehicle 1
578.0 434.0 577.0 430.0 587.0 431.0 586.0 434.0 small-vehicle 1
577.0 424.0 577.0 421.0 585.0 421.0 586.0 424.0 small-vehicle 1
604.0 417.0 601.0 418.0 601.0 409.0 604.0 408.0 small-vehicle 1
619.0 408.0 615.0 411.0 608.0 403.0 611.0 400.0 small-vehicle 1
626.0 407.0 623.0 411.0 617.0 403.0 618.0 401.0 small-vehicle 1
640.0 409.0 636.0 412.0 630.0 405.0 633.0 402.0 small-vehicle 1
647.0 408.0 643.0 411.0 637.0 402.0 639.0 399.0 small-vehicle 1
652.0 408.0 650.0 410.0 643.0 403.0 644.0 400.0 small-vehicle 1
587.0 409.0 587.0 412.0 578.0 412.0 578.0 408.0 small-vehicle 1
588.0 399.0 588.0 403.0 577.0 402.0 577.0 399.0 small-vehicle 1
468.0 621.0 471.0 621.0 471.0 630.0 468.0 630.0 small-vehicle 1
588.0 394.0 588.0 398.0 579.0 398.0 579.0 395.0 small-vehicle 1
588.0 389.0 588.0 392.0 578.0 391.0 578.0 388.0 small-vehicle 1
586.0 384.0 585.0 387.0 578.0 387.0 578.0 383.0 small-vehicle 1
587.0 343.0 586.0 348.0 576.0 347.0 575.0 343.0 small-vehicle 1
587.0 336.0 587.0 341.0 578.0 341.0 577.0 336.0 small-vehicle 1
587.0 331.0 586.0 335.0 577.0 334.0 577.0 329.0 small-vehicle 1
588.0 326.0 587.0 330.0 578.0 329.0 577.0 325.0 small-vehicle 1
587.0 320.0 588.0 325.0 578.0 324.0 578.0 320.0 small-vehicle 1
588.0 314.0 588.0 318.0 578.0 317.0 578.0 314.0 small-vehicle 1
588.0 309.0 587.0 313.0 579.0 312.0 579.0 309.0 small-vehicle 1
601.0 445.0 607.0 444.0 606.0 454.0 601.0 453.0 small-vehicle 1
576.0 453.0 576.0 450.0 586.0 450.0 585.0 454.0 small-vehicle 1
577.0 459.0 576.0 455.0 585.0 455.0 585.0 459.0 small-vehicle 1
576.0 469.0 576.0 466.0 585.0 466.0 586.0 469.0 small-vehicle 1
453.0 689.0 457.0 689.0 457.0 697.0 453.0 697.0 small-vehicle 1
428.0 679.0 432.0 679.0 432.0 688.0 429.0 688.0 small-vehicle 1
461.0 644.0 466.0 644.0 466.0 653.0 462.0 653.0 small-vehicle 1
477.0 620.0 481.0 619.0 481.0 629.0 477.0 629.0 small-vehicle 1
397.0 683.0 398.0 678.0 407.0 679.0 407.0 682.0 small-vehicle 1
398.0 626.0 397.0 621.0 406.0 621.0 406.0 625.0 small-vehicle 1
162.0 835.0 164.0 837.0 160.0 843.0 157.0 841.0 small-vehicle 1
203.0 780.0 205.0 781.0 204.0 789.0 200.0 789.0 small-vehicle 1
206.0 762.0 210.0 762.0 208.0 772.0 204.0 771.0 small-vehicle 1
202.0 737.0 206.0 738.0 202.0 747.0 200.0 745.0 small-vehicle 1
208.0 735.0 211.0 735.0 211.0 744.0 207.0 744.0 small-vehicle 1
204.0 721.0 207.0 720.0 206.0 729.0 203.0 730.0 small-vehicle 1
207.0 696.0 210.0 696.0 209.0 706.0 206.0 706.0 small-vehicle 1
206.0 676.0 211.0 676.0 211.0 685.0 207.0 685.0 small-vehicle 1
218.0 658.0 223.0 658.0 222.0 669.0 218.0 668.0 small-vehicle 1
208.0 651.0 211.0 651.0 210.0 661.0 206.0 662.0 small-vehicle 1
214.0 621.0 219.0 622.0 219.0 631.0 215.0 631.0 small-vehicle 1
200.0 586.0 203.0 586.0 203.0 594.0 200.0 595.0 small-vehicle 1
210.0 581.0 213.0 581.0 214.0 590.0 210.0 591.0 small-vehicle 1
575.0 485.0 576.0 481.0 587.0 481.0 587.0 486.0 small-vehicle 1
576.0 476.0 576.0 472.0 585.0 472.0 585.0 475.0 small-vehicle 1
619.0 371.0 624.0 372.0 623.0 382.0 619.0 382.0 small-vehicle 1
626.0 372.0 631.0 373.0 629.0 382.0 625.0 381.0 small-vehicle 1
632.0 372.0 637.0 372.0 636.0 383.0 632.0 383.0 small-vehicle 1
205.0 508.0 210.0 507.0 209.0 518.0 206.0 519.0 small-vehicle 1
206.0 490.0 209.0 490.0 209.0 499.0 206.0 500.0 small-vehicle 1
77.0 363.0 73.0 363.0 74.0 353.0 77.0 354.0 small-vehicle 1
199.0 496.0 194.0 496.0 194.0 486.0 198.0 486.0 small-vehicle 1
253.0 457.0 253.0 452.0 262.0 452.0 262.0 456.0 small-vehicle 1
219.0 215.0 222.0 215.0 222.0 223.0 218.0 223.0 small-vehicle 1
63.0 352.0 66.0 352.0 67.0 361.0 62.0 363.0 small-vehicle 1
66.0 330.0 69.0 330.0 68.0 338.0 66.0 338.0 small-vehicle 1
216.0 296.0 211.0 296.0 212.0 283.0 216.0 283.0 large-vehicle 1
202.0 125.0 206.0 124.0 208.0 132.0 203.0 134.0 small-vehicle 1
243.0 119.0 244.0 116.0 251.0 116.0 252.0 121.0 small-vehicle 1
241.0 89.0 242.0 85.0 251.0 85.0 251.0 89.0 small-vehicle 1
366.0 126.0 370.0 125.0 371.0 133.0 368.0 134.0 small-vehicle 1
364.0 80.0 367.0 79.0 368.0 88.0 365.0 88.0 small-vehicle 1
361.0 59.0 365.0 58.0 366.0 66.0 363.0 67.0 small-vehicle 1
359.0 36.0 363.0 35.0 363.0 45.0 360.0 46.0 small-vehicle 1
79.0 188.0 81.0 187.0 83.0 195.0 80.0 195.0 small-vehicle 1
186.0 86.0 182.0 87.0 178.0 79.0 180.0 77.0 small-vehicle 1
66.0 112.0 64.0 110.0 70.0 103.0 72.0 107.0 small-vehicle 1
42.0 105.0 45.0 103.0 49.0 109.0 47.0 111.0 small-vehicle 1
287.0 503.0 292.0 300.0 571.0 313.0 575.0 510.0 ground-track-field 0
334.0 339.0 534.0 344.0 534.0 435.0 329.0 430.0 soccer-ball-field 1
195.0 520.0 197.0 520.0 198.0 529.0 195.0 529.0 small-vehicle 1
206.0 525.0 210.0 525.0 210.0 537.0 206.0 537.0 small-vehicle 1
645.0 376.0 649.0 377.0 648.0 385.0 644.0 385.0 small-vehicle 1
195.0 541.0 199.0 541.0 199.0 550.0 196.0 551.0 small-vehicle 1
659.0 377.0 663.0 377.0 663.0 385.0 659.0 385.0 small-vehicle 1
664.0 376.0 668.0 376.0 667.0 386.0 663.0 385.0 small-vehicle 1
672.0 378.0 676.0 378.0 676.0 386.0 672.0 386.0 small-vehicle 1
654.0 274.0 654.0 278.0 645.0 278.0 645.0 274.0 small-vehicle 1
630.0 214.0 633.0 214.0 633.0 223.0 629.0 223.0 small-vehicle 1
680.0 153.0 679.0 150.0 687.0 151.0 687.0 153.0 small-vehicle 1
652.0 151.0 652.0 148.0 662.0 149.0 661.0 153.0 small-vehicle 1
642.0 151.0 642.0 148.0 650.0 148.0 651.0 152.0 small-vehicle 1
354.0 237.0 357.0 237.0 357.0 246.0 354.0 246.0 small-vehicle 1
460.0 219.0 460.0 222.0 451.0 221.0 451.0 217.0 small-vehicle 1
597.0 225.0 597.0 229.0 588.0 228.0 587.0 225.0 small-vehicle 1
475.0 214.0 473.0 219.0 461.0 217.0 462.0 213.0 small-vehicle 1
500.0 181.0 503.0 181.0 503.0 189.0 499.0 189.0 small-vehicle 1
500.0 158.0 504.0 158.0 504.0 168.0 500.0 168.0 small-vehicle 1
59.0 567.0 63.0 567.0 62.0 575.0 59.0 576.0 small-vehicle 1
70.0 545.0 72.0 545.0 73.0 554.0 70.0 554.0 small-vehicle 1
67.0 507.0 70.0 507.0 71.0 517.0 67.0 517.0 small-vehicle 1
56.0 495.0 60.0 495.0 59.0 503.0 56.0 503.0 small-vehicle 1
74.0 487.0 73.0 483.0 81.0 483.0 82.0 486.0 small-vehicle 1
67.0 470.0 71.0 470.0 71.0 479.0 68.0 480.0 small-vehicle 1
60.0 370.0 65.0 372.0 62.0 381.0 59.0 381.0 small-vehicle 1
493.0 621.0 497.0 620.0 496.0 629.0 492.0 629.0 small-vehicle 1
515.0 596.0 520.0 596.0 519.0 604.0 515.0 604.0 small-vehicle 1
218.0 231.0 222.0 232.0 222.0 240.0 217.0 240.0 small-vehicle 1
212.0 601.0 216.0 601.0 218.0 612.0 213.0 611.0 small-vehicle 1
60.0 740.0 63.0 742.0 59.0 752.0 55.0 750.0 small-vehicle 1
81.0 702.0 84.0 702.0 84.0 712.0 80.0 712.0 small-vehicle 1
71.0 688.0 76.0 689.0 75.0 698.0 70.0 698.0 small-vehicle 1
83.0 685.0 86.0 685.0 86.0 694.0 82.0 694.0 small-vehicle 1
69.0 654.0 74.0 653.0 75.0 662.0 70.0 663.0 small-vehicle 1
77.0 629.0 81.0 629.0 81.0 638.0 77.0 638.0 small-vehicle 1
66.0 634.0 70.0 633.0 72.0 642.0 67.0 642.0 small-vehicle 1
63.0 607.0 68.0 607.0 68.0 618.0 64.0 618.0 small-vehicle 1
61.0 589.0 65.0 588.0 66.0 597.0 62.0 596.0 small-vehicle 1
58.0 539.0 61.0 539.0 63.0 549.0 59.0 549.0 small-vehicle 1
197.0 564.0 200.0 563.0 201.0 572.0 198.0 572.0 small-vehicle 1
549.0 597.0 554.0 596.0 554.0 604.0 550.0 604.0 small-vehicle 1
160.0 465.0 160.0 460.0 169.0 461.0 169.0 465.0 small-vehicle 1
171.0 454.0 171.0 450.0 180.0 450.0 180.0 455.0 small-vehicle 1
158.0 455.0 157.0 450.0 167.0 451.0 167.0 455.0 small-vehicle 1
202.0 351.0 207.0 351.0 205.0 361.0 201.0 360.0 small-vehicle 1
205.0 330.0 208.0 330.0 207.0 339.0 204.0 338.0 small-vehicle 1
221.0 193.0 217.0 193.0 215.0 183.0 219.0 183.0 small-vehicle 1
44.0 124.0 48.0 122.0 53.0 129.0 50.0 131.0 small-vehicle 1
669.0 626.0 673.0 626.0 673.0 634.0 669.0 634.0 small-vehicle 1
625.0 673.0 629.0 673.0 629.0 683.0 625.0 682.0 small-vehicle 1
648.0 619.0 648.0 614.0 658.0 614.0 658.0 618.0 small-vehicle 1
501.0 677.0 505.0 677.0 505.0 686.0 501.0 686.0 small-vehicle 1
491.0 690.0 496.0 689.0 496.0 699.0 491.0 698.0 small-vehicle 1
511.0 655.0 514.0 655.0 515.0 664.0 511.0 664.0 small-vehicle 1
515.0 655.0 519.0 655.0 519.0 662.0 515.0 662.0 small-vehicle 1
670.0 410.0 674.0 407.0 680.0 413.0 677.0 416.0 small-vehicle 1
665.0 411.0 667.0 408.0 673.0 414.0 671.0 416.0 small-vehicle 1
658.0 412.0 660.0 409.0 666.0 414.0 663.0 417.0 small-vehicle 1
650.0 413.0 652.0 410.0 659.0 415.0 656.0 417.0 small-vehicle 1
608.0 409.0 611.0 407.0 616.0 411.0 614.0 414.0 small-vehicle 1
624.0 412.0 627.0 409.0 633.0 416.0 631.0 418.0 small-vehicle 1
663.0 402.0 667.0 399.0 671.0 404.0 668.0 407.0 small-vehicle 1
642.0 538.0 643.0 532.0 652.0 532.0 652.0 537.0 small-vehicle 1
650.0 585.0 650.0 581.0 659.0 581.0 658.0 585.0 small-vehicle 1
649.0 631.0 649.0 625.0 658.0 625.0 658.0 631.0 small-vehicle 1
649.0 657.0 649.0 653.0 657.0 652.0 657.0 656.0 small-vehicle 1
673.0 662.0 677.0 661.0 678.0 669.0 673.0 670.0 small-vehicle 1
649.0 671.0 649.0 666.0 657.0 666.0 657.0 671.0 small-vehicle 1
649.0 713.0 649.0 709.0 657.0 709.0 656.0 712.0 small-vehicle 1
646.0 766.0 646.0 762.0 655.0 761.0 655.0 766.0 small-vehicle 1
114.0 786.0 117.0 788.0 112.0 796.0 109.0 793.0 small-vehicle 1
102.0 761.0 103.0 757.0 111.0 760.0 109.0 764.0 small-vehicle 1
515.0 644.0 519.0 644.0 519.0 651.0 515.0 651.0 small-vehicle 1
526.0 645.0 530.0 645.0 530.0 652.0 526.0 653.0 small-vehicle 1
525.0 655.0 529.0 654.0 529.0 661.0 525.0 661.0 small-vehicle 1
520.0 653.0 524.0 654.0 524.0 661.0 520.0 661.0 small-vehicle 1
671.0 592.0 674.0 593.0 675.0 602.0 670.0 603.0 small-vehicle 1
651.0 596.0 650.0 592.0 658.0 592.0 659.0 596.0 small-vehicle 1
650.0 610.0 650.0 606.0 658.0 606.0 658.0 610.0 small-vehicle 1
510.0 816.0 513.0 816.0 513.0 825.0 510.0 825.0 small-vehicle 1
411.0 808.0 417.0 807.0 417.0 817.0 412.0 817.0 small-vehicle 1
567.0 765.0 567.0 760.0 576.0 760.0 576.0 765.0 small-vehicle 1
568.0 747.0 568.0 742.0 577.0 742.0 577.0 747.0 small-vehicle 1
569.0 737.0 569.0 733.0 578.0 733.0 579.0 737.0 small-vehicle 1
568.0 731.0 568.0 727.0 577.0 727.0 577.0 731.0 small-vehicle 1
545.0 713.0 548.0 713.0 549.0 722.0 544.0 721.0 small-vehicle 1
534.0 713.0 539.0 713.0 538.0 721.0 534.0 721.0 small-vehicle 1
501.0 711.0 505.0 711.0 505.0 720.0 501.0 720.0 small-vehicle 1
487.0 678.0 490.0 678.0 491.0 688.0 487.0 688.0 small-vehicle 1
492.0 679.0 496.0 678.0 496.0 688.0 492.0 687.0 small-vehicle 1
506.0 679.0 509.0 678.0 510.0 686.0 506.0 686.0 small-vehicle 1
516.0 679.0 519.0 679.0 519.0 686.0 516.0 687.0 small-vehicle 1
525.0 679.0 529.0 678.0 529.0 687.0 526.0 687.0 small-vehicle 1
505.0 645.0 509.0 644.0 509.0 654.0 505.0 654.0 small-vehicle 1
482.0 655.0 487.0 655.0 486.0 663.0 482.0 664.0 small-vehicle 1
534.0 645.0 539.0 644.0 540.0 653.0 536.0 654.0 small-vehicle 1
540.0 655.0 544.0 655.0 543.0 664.0 541.0 664.0 small-vehicle 1
540.0 644.0 543.0 644.0 544.0 653.0 541.0 653.0 small-vehicle 1
541.0 620.0 545.0 620.0 546.0 630.0 542.0 630.0 small-vehicle 1
527.0 621.0 531.0 621.0 530.0 632.0 526.0 632.0 small-vehicle 1
518.0 621.0 521.0 622.0 521.0 630.0 517.0 629.0 small-vehicle 1
468.0 825.0 473.0 825.0 473.0 833.0 468.0 833.0 small-vehicle 1
536.0 825.0 539.0 825.0 539.0 834.0 535.0 834.0 small-vehicle 1
648.0 636.0 648.0 632.0 658.0 631.0 659.0 636.0 small-vehicle 1
566.0 851.0 566.0 847.0 574.0 848.0 574.0 852.0 small-vehicle 1
649.0 677.0 648.0 672.0 656.0 672.0 656.0 677.0 small-vehicle 1
647.0 724.0 647.0 719.0 655.0 719.0 655.0 723.0 small-vehicle 1
647.0 745.0 647.0 741.0 655.0 742.0 655.0 746.0 small-vehicle 1
647.0 754.0 646.0 750.0 656.0 750.0 656.0 754.0 small-vehicle 1
646.0 771.0 646.0 767.0 656.0 767.0 656.0 771.0 small-vehicle 1
630.0 755.0 634.0 755.0 634.0 763.0 631.0 763.0 small-vehicle 1
672.0 650.0 676.0 649.0 677.0 659.0 673.0 660.0 small-vehicle 1
672.0 720.0 676.0 719.0 676.0 727.0 673.0 728.0 small-vehicle 1
672.0 759.0 676.0 759.0 675.0 768.0 671.0 768.0 small-vehicle 1
646.0 777.0 646.0 773.0 655.0 773.0 656.0 777.0 small-vehicle 1
647.0 781.0 647.0 778.0 655.0 778.0 655.0 781.0 small-vehicle 1
647.0 791.0 646.0 787.0 654.0 787.0 654.0 791.0 small-vehicle 1
645.0 797.0 646.0 793.0 656.0 793.0 656.0 797.0 small-vehicle 1
647.0 813.0 647.0 809.0 657.0 810.0 657.0 813.0 small-vehicle 1
671.0 795.0 675.0 795.0 674.0 804.0 670.0 804.0 small-vehicle 1
661.0 830.0 665.0 829.0 664.0 839.0 661.0 838.0 small-vehicle 1
644.0 849.0 644.0 845.0 652.0 846.0 652.0 849.0 small-vehicle 1
644.0 855.0 644.0 852.0 653.0 852.0 653.0 855.0 small-vehicle 1
670.0 850.0 673.0 849.0 673.0 856.0 670.0 857.0 small-vehicle 1
484.0 850.0 488.0 850.0 488.0 858.0 484.0 858.0 small-vehicle 1
565.0 860.0 565.0 856.0 575.0 857.0 575.0 861.0 small-vehicle 1
527.0 492.0 447.0 490.0 444.0 404.0 541.0 410.0 baseball-diamond 0
