imagesource:GoogleEarth
gsd:0.53796861362
664.0 658.0 667.0 656.0 670.0 667.0 667.0 668.0 small-vehicle 1
192.0 351.0 194.0 351.0 196.0 358.0 193.0 359.0 small-vehicle 1
491.0 19.0 491.0 22.0 483.0 25.0 481.0 22.0 small-vehicle 1
491.0 25.0 492.0 28.0 485.0 30.0 483.0 27.0 small-vehicle 1
493.0 28.0 494.0 32.0 487.0 34.0 486.0 31.0 small-vehicle 1
496.0 33.0 496.0 38.0 487.0 40.0 487.0 36.0 small-vehicle 1
498.0 39.0 499.0 44.0 490.0 46.0 488.0 41.0 small-vehicle 1
474.0 40.0 477.0 39.0 477.0 48.0 475.0 49.0 small-vehicle 1
477.0 51.0 480.0 50.0 482.0 60.0 478.0 61.0 small-vehicle 1
341.0 87.0 344.0 86.0 346.0 95.0 343.0 96.0 small-vehicle 1
352.0 86.0 354.0 86.0 355.0 94.0 353.0 95.0 small-vehicle 1
365.0 82.0 368.0 81.0 369.0 90.0 366.0 90.0 small-vehicle 1
375.0 82.0 378.0 82.0 379.0 89.0 375.0 90.0 small-vehicle 1
435.0 71.0 439.0 70.0 440.0 78.0 436.0 78.0 small-vehicle 1
469.0 55.0 470.0 59.0 463.0 61.0 461.0 58.0 small-vehicle 1
466.0 46.0 467.0 49.0 460.0 51.0 459.0 49.0 small-vehicle 1
464.0 40.0 465.0 44.0 458.0 47.0 457.0 44.0 small-vehicle 1
421.0 38.0 424.0 36.0 427.0 43.0 424.0 45.0 small-vehicle 1
373.0 52.0 378.0 50.0 381.0 59.0 377.0 60.0 small-vehicle 1
353.0 57.0 356.0 56.0 359.0 64.0 356.0 65.0 small-vehicle 1
343.0 61.0 346.0 59.0 349.0 67.0 345.0 69.0 small-vehicle 1
393.0 162.0 393.0 157.0 401.0 156.0 402.0 160.0 small-vehicle 1
380.0 166.0 379.0 161.0 387.0 159.0 388.0 163.0 small-vehicle 1
334.0 172.0 333.0 168.0 342.0 167.0 343.0 171.0 small-vehicle 1
147.0 143.0 145.0 139.0 153.0 137.0 154.0 141.0 small-vehicle 1
148.0 147.0 147.0 143.0 155.0 142.0 156.0 146.0 small-vehicle 1
149.0 156.0 148.0 152.0 157.0 149.0 158.0 152.0 small-vehicle 1
488.0 13.0 489.0 17.0 481.0 21.0 479.0 17.0 small-vehicle 1
506.0 68.0 507.0 72.0 499.0 74.0 498.0 70.0 small-vehicle 1
508.0 74.0 507.0 77.0 500.0 79.0 499.0 76.0 small-vehicle 1
272.0 328.0 275.0 326.0 278.0 336.0 274.0 337.0 small-vehicle 1
201.0 347.0 204.0 347.0 206.0 355.0 203.0 356.0 small-vehicle 1
206.0 346.0 209.0 345.0 212.0 353.0 209.0 354.0 small-vehicle 1
216.0 365.0 214.0 361.0 223.0 359.0 224.0 363.0 small-vehicle 1
218.0 342.0 222.0 341.0 224.0 350.0 221.0 351.0 small-vehicle 1
225.0 341.0 228.0 340.0 230.0 349.0 227.0 350.0 small-vehicle 1
229.0 341.0 232.0 339.0 234.0 347.0 231.0 348.0 small-vehicle 1
234.0 365.0 232.0 361.0 241.0 360.0 243.0 362.0 small-vehicle 1
234.0 340.0 237.0 338.0 239.0 347.0 236.0 348.0 small-vehicle 1
252.0 333.0 258.0 332.0 261.0 341.0 257.0 342.0 small-vehicle 1
261.0 358.0 259.0 354.0 268.0 352.0 269.0 356.0 small-vehicle 1
264.0 329.0 268.0 328.0 271.0 337.0 267.0 339.0 small-vehicle 1
280.0 332.0 278.0 329.0 288.0 326.0 289.0 331.0 small-vehicle 1
509.0 79.0 510.0 82.0 502.0 85.0 501.0 81.0 small-vehicle 1
29.0 345.0 27.0 341.0 37.0 338.0 39.0 342.0 small-vehicle 1
21.0 317.0 20.0 313.0 28.0 311.0 29.0 315.0 small-vehicle 1
17.0 304.0 16.0 300.0 27.0 297.0 27.0 301.0 small-vehicle 1
29.0 272.0 32.0 269.0 35.0 279.0 32.0 280.0 small-vehicle 1
526.0 140.0 527.0 146.0 517.0 147.0 515.0 142.0 small-vehicle 1
523.0 129.0 525.0 132.0 517.0 137.0 515.0 133.0 small-vehicle 1
522.0 123.0 523.0 126.0 517.0 131.0 515.0 127.0 small-vehicle 1
519.0 113.0 521.0 117.0 514.0 120.0 511.0 118.0 small-vehicle 1
514.0 94.0 515.0 98.0 508.0 101.0 507.0 97.0 small-vehicle 1
512.0 88.0 513.0 93.0 506.0 95.0 504.0 92.0 small-vehicle 1
512.0 83.0 512.0 87.0 504.0 91.0 501.0 87.0 small-vehicle 1
152.0 162.0 150.0 157.0 159.0 155.0 160.0 158.0 small-vehicle 1
153.0 167.0 152.0 164.0 160.0 161.0 161.0 164.0 small-vehicle 1
154.0 175.0 153.0 173.0 163.0 171.0 163.0 174.0 small-vehicle 1
75.0 102.0 76.0 107.0 68.0 109.0 67.0 106.0 small-vehicle 1
264.0 28.0 263.0 25.0 271.0 22.0 272.0 26.0 small-vehicle 1
255.0 32.0 253.0 28.0 261.0 25.0 262.0 29.0 small-vehicle 1
242.0 36.0 240.0 32.0 249.0 29.0 251.0 32.0 small-vehicle 1
211.0 46.0 209.0 43.0 216.0 40.0 218.0 44.0 small-vehicle 1
195.0 50.0 195.0 46.0 203.0 44.0 204.0 48.0 small-vehicle 1
185.0 52.0 184.0 48.0 192.0 47.0 192.0 50.0 small-vehicle 1
177.0 56.0 175.0 51.0 182.0 48.0 184.0 52.0 small-vehicle 1
166.0 59.0 165.0 55.0 172.0 52.0 174.0 56.0 small-vehicle 1
139.0 44.0 143.0 44.0 145.0 53.0 141.0 54.0 small-vehicle 1
130.0 14.0 134.0 13.0 135.0 22.0 131.0 23.0 small-vehicle 1
39.0 114.0 39.0 119.0 29.0 120.0 29.0 115.0 small-vehicle 1
93.0 96.0 94.0 100.0 85.0 104.0 84.0 100.0 small-vehicle 1
305.0 56.0 302.0 57.0 299.0 49.0 302.0 47.0 small-vehicle 1
99.0 79.0 98.0 76.0 104.0 73.0 105.0 76.0 small-vehicle 1
77.0 86.0 75.0 82.0 84.0 79.0 86.0 83.0 small-vehicle 1
28.0 99.0 27.0 97.0 34.0 95.0 35.0 97.0 small-vehicle 1
107.0 12.0 110.0 11.0 113.0 19.0 109.0 21.0 small-vehicle 1
454.0 791.0 453.0 786.0 466.0 782.0 467.0 787.0 large-vehicle 1
560.0 804.0 560.0 809.0 547.0 814.0 545.0 809.0 large-vehicle 1
311.0 321.0 445.0 288.0 531.0 612.0 389.0 648.0 ground-track-field 0
253.0 397.0 297.0 386.0 301.0 406.0 259.0 417.0 tennis-court 0
187.0 414.0 231.0 403.0 235.0 422.0 192.0 433.0 tennis-court 0
247.0 370.0 290.0 360.0 294.0 380.0 251.0 390.0 tennis-court 0
180.0 386.0 224.0 375.0 229.0 395.0 186.0 406.0 tennis-court 0
316.0 21.0 315.0 16.0 326.0 13.0 328.0 17.0 small-vehicle 1
309.0 71.0 305.0 71.0 303.0 63.0 306.0 62.0 small-vehicle 1
156.0 182.0 156.0 178.0 165.0 176.0 166.0 179.0 small-vehicle 1
152.0 89.0 156.0 87.0 159.0 96.0 155.0 97.0 small-vehicle 1
160.0 191.0 159.0 186.0 166.0 184.0 168.0 188.0 small-vehicle 1
163.0 196.0 161.0 193.0 169.0 190.0 169.0 193.0 small-vehicle 1
164.0 205.0 163.0 201.0 171.0 199.0 174.0 203.0 small-vehicle 1
154.0 215.0 153.0 211.0 162.0 209.0 163.0 213.0 small-vehicle 1
114.0 232.0 112.0 229.0 124.0 225.0 125.0 228.0 small-vehicle 1
116.0 237.0 115.0 234.0 124.0 231.0 126.0 234.0 small-vehicle 1
153.0 225.0 151.0 222.0 159.0 219.0 161.0 222.0 small-vehicle 1
222.0 205.0 222.0 202.0 229.0 200.0 230.0 202.0 small-vehicle 1
252.0 197.0 251.0 193.0 258.0 190.0 260.0 194.0 small-vehicle 1
281.0 186.0 280.0 183.0 287.0 181.0 288.0 184.0 small-vehicle 1
132.0 98.0 131.0 95.0 140.0 91.0 141.0 95.0 small-vehicle 1
155.0 101.0 159.0 100.0 160.0 108.0 157.0 110.0 small-vehicle 1
313.0 87.0 310.0 88.0 308.0 80.0 311.0 78.0 small-vehicle 1
158.0 110.0 161.0 109.0 165.0 119.0 161.0 120.0 small-vehicle 1
162.0 124.0 165.0 121.0 168.0 130.0 165.0 132.0 small-vehicle 1
165.0 134.0 168.0 133.0 170.0 140.0 167.0 142.0 small-vehicle 1
175.0 154.0 171.0 155.0 169.0 145.0 173.0 144.0 small-vehicle 1
182.0 174.0 177.0 175.0 174.0 165.0 177.0 164.0 small-vehicle 1
343.0 126.0 338.0 127.0 335.0 119.0 339.0 118.0 small-vehicle 1
346.0 138.0 342.0 138.0 340.0 130.0 343.0 130.0 small-vehicle 1
330.0 141.0 326.0 142.0 324.0 133.0 327.0 132.0 small-vehicle 1
326.0 129.0 323.0 130.0 320.0 120.0 323.0 119.0 small-vehicle 1
320.0 65.0 323.0 63.0 326.0 73.0 323.0 74.0 small-vehicle 1
324.0 80.0 328.0 79.0 331.0 89.0 328.0 90.0 small-vehicle 1
197.0 349.0 201.0 348.0 202.0 356.0 199.0 357.0 small-vehicle 1
181.0 354.0 184.0 353.0 185.0 361.0 181.0 362.0 small-vehicle 1
662.0 649.0 664.0 648.0 667.0 655.0 664.0 657.0 small-vehicle 1
207.0 366.0 208.0 369.0 200.0 371.0 199.0 368.0 small-vehicle 1
388.0 810.0 387.0 805.0 398.0 802.0 399.0 806.0 small-vehicle 1
358.0 819.0 356.0 815.0 364.0 812.0 366.0 816.0 small-vehicle 1
308.0 834.0 306.0 831.0 312.0 828.0 315.0 831.0 small-vehicle 1
295.0 837.0 294.0 833.0 300.0 831.0 302.0 835.0 small-vehicle 1
284.0 840.0 283.0 837.0 291.0 834.0 292.0 837.0 small-vehicle 1
268.0 846.0 266.0 842.0 274.0 839.0 275.0 842.0 small-vehicle 1
249.0 851.0 248.0 847.0 255.0 845.0 256.0 848.0 small-vehicle 1
165.0 778.0 168.0 776.0 173.0 782.0 170.0 785.0 small-vehicle 1
159.0 778.0 162.0 776.0 167.0 782.0 164.0 784.0 small-vehicle 1
118.0 779.0 120.0 776.0 126.0 784.0 123.0 787.0 small-vehicle 1
113.0 779.0 115.0 777.0 120.0 784.0 117.0 787.0 small-vehicle 1
107.0 780.0 110.0 778.0 115.0 786.0 111.0 789.0 small-vehicle 1
99.0 782.0 101.0 780.0 105.0 785.0 103.0 788.0 small-vehicle 1
4.0 846.0 1.0 841.0 10.0 838.0 13.0 843.0 small-vehicle 1
17.0 822.0 21.0 820.0 23.0 828.0 19.0 829.0 small-vehicle 1
12.0 808.0 16.0 806.0 19.0 814.0 15.0 817.0 small-vehicle 1
544.0 762.0 543.0 757.0 551.0 756.0 553.0 760.0 small-vehicle 1
554.0 760.0 554.0 757.0 560.0 754.0 561.0 758.0 small-vehicle 1
563.0 757.0 562.0 754.0 568.0 751.0 570.0 755.0 small-vehicle 1
594.0 748.0 592.0 743.0 601.0 742.0 602.0 746.0 small-vehicle 1
347.0 779.0 347.0 776.0 355.0 774.0 355.0 777.0 small-vehicle 1
359.0 777.0 358.0 773.0 367.0 771.0 368.0 775.0 small-vehicle 1
375.0 776.0 373.0 772.0 379.0 769.0 381.0 773.0 small-vehicle 1
257.0 685.0 260.0 685.0 261.0 694.0 257.0 694.0 small-vehicle 1
246.0 688.0 248.0 688.0 249.0 694.0 246.0 695.0 small-vehicle 1
553.0 828.0 556.0 827.0 559.0 835.0 555.0 837.0 small-vehicle 1
556.0 841.0 559.0 839.0 562.0 848.0 559.0 849.0 small-vehicle 1
540.0 832.0 543.0 831.0 545.0 839.0 542.0 840.0 small-vehicle 1
635.0 513.0 639.0 511.0 641.0 520.0 637.0 522.0 small-vehicle 1
658.0 634.0 663.0 633.0 664.0 641.0 659.0 642.0 small-vehicle 1
654.0 621.0 658.0 620.0 658.0 629.0 655.0 629.0 small-vehicle 1
641.0 581.0 645.0 580.0 646.0 589.0 643.0 590.0 small-vehicle 1
637.0 566.0 640.0 565.0 642.0 574.0 639.0 575.0 small-vehicle 1
632.0 546.0 635.0 545.0 638.0 554.0 635.0 555.0 small-vehicle 1
671.0 630.0 674.0 628.0 675.0 637.0 672.0 637.0 small-vehicle 1
664.0 612.0 668.0 612.0 671.0 619.0 667.0 620.0 small-vehicle 1
656.0 580.0 659.0 580.0 660.0 588.0 656.0 588.0 small-vehicle 1
655.0 578.0 655.0 574.0 663.0 573.0 663.0 577.0 small-vehicle 1
646.0 549.0 649.0 548.0 652.0 556.0 648.0 557.0 small-vehicle 1
642.0 538.0 645.0 537.0 648.0 544.0 645.0 545.0 small-vehicle 1
618.0 196.0 617.0 191.0 625.0 188.0 626.0 191.0 small-vehicle 1
544.0 844.0 548.0 843.0 549.0 852.0 545.0 853.0 small-vehicle 1
648.0 187.0 646.0 183.0 654.0 180.0 655.0 184.0 small-vehicle 1
675.0 177.0 674.0 173.0 681.0 172.0 683.0 175.0 small-vehicle 1
689.0 156.0 686.0 157.0 683.0 149.0 687.0 148.0 small-vehicle 1
659.0 73.0 662.0 71.0 665.0 80.0 662.0 81.0 small-vehicle 1
688.0 99.0 692.0 98.0 695.0 106.0 690.0 108.0 small-vehicle 1
679.0 69.0 682.0 67.0 684.0 77.0 682.0 78.0 small-vehicle 1
673.0 50.0 677.0 48.0 679.0 57.0 676.0 58.0 small-vehicle 1
668.0 31.0 672.0 29.0 674.0 37.0 671.0 38.0 small-vehicle 1
664.0 18.0 667.0 17.0 669.0 23.0 666.0 25.0 small-vehicle 1
453.0 841.0 452.0 836.0 460.0 834.0 461.0 838.0 small-vehicle 1
511.0 838.0 510.0 833.0 520.0 831.0 522.0 835.0 small-vehicle 1
241.0 690.0 244.0 689.0 245.0 696.0 243.0 697.0 small-vehicle 1
236.0 690.0 239.0 689.0 239.0 696.0 237.0 697.0 small-vehicle 1
231.0 691.0 234.0 691.0 234.0 697.0 232.0 698.0 small-vehicle 1
596.0 431.0 600.0 430.0 603.0 439.0 599.0 440.0 small-vehicle 1
176.0 437.0 175.0 432.0 185.0 431.0 186.0 435.0 small-vehicle 1
168.0 402.0 167.0 398.0 174.0 395.0 176.0 399.0 small-vehicle 1
558.0 482.0 562.0 480.0 564.0 490.0 561.0 491.0 small-vehicle 1
564.0 480.0 568.0 479.0 569.0 484.0 565.0 486.0 small-vehicle 1
570.0 478.0 574.0 477.0 575.0 483.0 571.0 484.0 small-vehicle 1
576.0 475.0 578.0 475.0 580.0 481.0 576.0 482.0 small-vehicle 1
584.0 475.0 587.0 473.0 590.0 480.0 586.0 481.0 small-vehicle 1
588.0 472.0 592.0 471.0 594.0 478.0 590.0 479.0 small-vehicle 1
594.0 470.0 597.0 470.0 599.0 476.0 595.0 477.0 small-vehicle 1
599.0 469.0 601.0 468.0 603.0 476.0 600.0 477.0 small-vehicle 1
605.0 438.0 608.0 437.0 610.0 445.0 607.0 447.0 small-vehicle 1
591.0 413.0 595.0 412.0 596.0 418.0 592.0 419.0 small-vehicle 1
156.0 548.0 153.0 545.0 163.0 539.0 165.0 542.0 small-vehicle 1
586.0 398.0 591.0 398.0 592.0 405.0 589.0 407.0 small-vehicle 1
583.0 385.0 586.0 383.0 589.0 392.0 585.0 393.0 small-vehicle 1
617.0 449.0 620.0 447.0 621.0 455.0 619.0 457.0 small-vehicle 1
614.0 439.0 616.0 438.0 620.0 445.0 616.0 446.0 small-vehicle 1
610.0 428.0 613.0 427.0 616.0 434.0 612.0 436.0 small-vehicle 1
606.0 416.0 610.0 415.0 611.0 423.0 608.0 425.0 small-vehicle 1
597.0 388.0 599.0 387.0 601.0 395.0 598.0 397.0 small-vehicle 1
589.0 363.0 592.0 362.0 594.0 370.0 592.0 372.0 small-vehicle 1
555.0 315.0 558.0 313.0 562.0 321.0 559.0 322.0 small-vehicle 1
309.0 397.0 305.0 397.0 304.0 387.0 307.0 386.0 small-vehicle 1
196.0 369.0 197.0 373.0 189.0 377.0 188.0 373.0 small-vehicle 1
181.0 454.0 180.0 448.0 188.0 446.0 190.0 450.0 small-vehicle 1
211.0 559.0 214.0 558.0 214.0 568.0 211.0 568.0 small-vehicle 1
220.0 697.0 219.0 692.0 228.0 692.0 229.0 696.0 small-vehicle 1
119.0 627.0 115.0 628.0 113.0 619.0 116.0 617.0 small-vehicle 1
206.0 699.0 206.0 696.0 213.0 695.0 213.0 699.0 small-vehicle 1
171.0 726.0 167.0 726.0 168.0 717.0 170.0 716.0 small-vehicle 1
216.0 722.0 213.0 722.0 213.0 715.0 216.0 714.0 small-vehicle 1
222.0 723.0 219.0 723.0 219.0 716.0 221.0 715.0 small-vehicle 1
274.0 719.0 271.0 719.0 270.0 710.0 274.0 710.0 small-vehicle 1
35.0 670.0 32.0 670.0 29.0 664.0 32.0 662.0 small-vehicle 1
43.0 666.0 39.0 665.0 37.0 659.0 40.0 657.0 small-vehicle 1
81.0 635.0 76.0 637.0 74.0 627.0 77.0 625.0 small-vehicle 1
89.0 635.0 85.0 635.0 83.0 628.0 86.0 626.0 small-vehicle 1
94.0 634.0 90.0 635.0 89.0 626.0 91.0 625.0 small-vehicle 1
99.0 631.0 95.0 632.0 92.0 623.0 96.0 621.0 small-vehicle 1
125.0 627.0 121.0 628.0 118.0 617.0 122.0 615.0 small-vehicle 1
202.0 559.0 206.0 558.0 206.0 569.0 203.0 568.0 small-vehicle 1
129.0 624.0 126.0 624.0 124.0 615.0 128.0 614.0 small-vehicle 1
136.0 624.0 131.0 625.0 131.0 616.0 135.0 616.0 small-vehicle 1
177.0 572.0 173.0 573.0 171.0 566.0 175.0 564.0 small-vehicle 1
172.0 576.0 168.0 576.0 166.0 568.0 170.0 566.0 small-vehicle 1
156.0 599.0 151.0 599.0 152.0 589.0 155.0 590.0 small-vehicle 1
171.0 600.0 167.0 601.0 165.0 592.0 169.0 592.0 small-vehicle 1
179.0 599.0 175.0 599.0 174.0 591.0 177.0 589.0 small-vehicle 1
185.0 598.0 182.0 599.0 180.0 590.0 183.0 588.0 small-vehicle 1
191.0 595.0 186.0 596.0 185.0 588.0 189.0 586.0 small-vehicle 1
206.0 592.0 202.0 592.0 200.0 582.0 204.0 582.0 small-vehicle 1
190.0 562.0 194.0 561.0 196.0 571.0 193.0 571.0 small-vehicle 1
343.0 369.0 446.0 344.0 501.0 555.0 395.0 582.0 soccer-ball-field 1
