imagesource:GoogleEarth
gsd:0.253069704926
1214.0 705.0 1324.0 761.0 1271.0 871.0 1166.0 810.0 baseball-diamond 0
534.0 677.0 540.0 679.0 534.0 692.0 528.0 690.0 small-vehicle 1
557.0 688.0 563.0 691.0 556.0 706.0 551.0 704.0 small-vehicle 1
567.0 693.0 572.0 696.0 565.0 709.0 560.0 707.0 small-vehicle 1
532.0 730.0 535.0 724.0 548.0 733.0 545.0 739.0 small-vehicle 1
607.0 751.0 610.0 745.0 623.0 750.0 621.0 755.0 small-vehicle 1
522.0 757.0 515.0 760.0 507.0 752.0 509.0 748.0 small-vehicle 1
511.0 717.0 514.0 711.0 528.0 722.0 526.0 728.0 small-vehicle 1
486.0 704.0 489.0 698.0 505.0 707.0 502.0 712.0 small-vehicle 1
463.0 690.0 466.0 685.0 480.0 693.0 477.0 699.0 small-vehicle 1
442.0 679.0 444.0 673.0 458.0 680.0 455.0 687.0 small-vehicle 1
418.0 668.0 422.0 661.0 438.0 671.0 433.0 678.0 small-vehicle 1
400.0 661.0 402.0 653.0 419.0 662.0 416.0 668.0 small-vehicle 1
382.0 648.0 384.0 643.0 397.0 648.0 395.0 654.0 small-vehicle 1
364.0 640.0 366.0 634.0 379.0 640.0 376.0 646.0 small-vehicle 1
334.0 624.0 335.0 618.0 350.0 625.0 348.0 631.0 small-vehicle 1
305.0 610.0 306.0 603.0 324.0 609.0 320.0 615.0 small-vehicle 1
283.0 594.0 285.0 589.0 296.0 596.0 294.0 600.0 small-vehicle 1
250.0 582.0 252.0 575.0 267.0 581.0 265.0 587.0 small-vehicle 1
135.0 543.0 133.0 550.0 118.0 544.0 121.0 538.0 small-vehicle 1
205.0 581.0 203.0 588.0 190.0 580.0 191.0 574.0 small-vehicle 1
546.0 683.0 552.0 686.0 546.0 703.0 539.0 701.0 small-vehicle 1
526.0 672.0 530.0 674.0 523.0 688.0 519.0 686.0 small-vehicle 1
498.0 611.0 501.0 614.0 496.0 628.0 490.0 625.0 small-vehicle 1
515.0 668.0 522.0 669.0 515.0 683.0 509.0 680.0 small-vehicle 1
517.0 623.0 523.0 625.0 515.0 641.0 510.0 639.0 small-vehicle 1
527.0 627.0 533.0 631.0 525.0 649.0 519.0 646.0 small-vehicle 1
536.0 632.0 543.0 636.0 535.0 653.0 530.0 649.0 small-vehicle 1
547.0 638.0 553.0 641.0 544.0 657.0 537.0 654.0 small-vehicle 1
556.0 643.0 564.0 646.0 555.0 662.0 550.0 660.0 small-vehicle 1
567.0 649.0 571.0 652.0 566.0 668.0 559.0 664.0 small-vehicle 1
389.0 598.0 394.0 602.0 385.0 619.0 380.0 616.0 small-vehicle 1
397.0 604.0 403.0 606.0 394.0 622.0 388.0 621.0 small-vehicle 1
408.0 610.0 414.0 614.0 408.0 629.0 401.0 627.0 small-vehicle 1
417.0 614.0 424.0 618.0 416.0 636.0 410.0 633.0 small-vehicle 1
429.0 619.0 435.0 625.0 425.0 641.0 420.0 638.0 small-vehicle 1
437.0 625.0 444.0 629.0 435.0 646.0 429.0 642.0 small-vehicle 1
445.0 631.0 453.0 632.0 442.0 648.0 437.0 643.0 small-vehicle 1
454.0 635.0 460.0 638.0 455.0 653.0 449.0 651.0 small-vehicle 1
466.0 641.0 470.0 643.0 464.0 659.0 459.0 658.0 small-vehicle 1
474.0 646.0 481.0 649.0 474.0 664.0 468.0 662.0 small-vehicle 1
486.0 651.0 492.0 655.0 484.0 670.0 478.0 666.0 small-vehicle 1
496.0 656.0 502.0 659.0 496.0 676.0 490.0 673.0 small-vehicle 1
506.0 662.0 511.0 665.0 504.0 680.0 498.0 676.0 small-vehicle 1
239.0 598.0 234.0 602.0 217.0 595.0 221.0 589.0 small-vehicle 1
268.0 613.0 265.0 617.0 251.0 611.0 252.0 606.0 small-vehicle 1
295.0 630.0 290.0 635.0 279.0 627.0 283.0 621.0 small-vehicle 1
364.0 663.0 360.0 668.0 345.0 661.0 348.0 655.0 small-vehicle 1
28.0 608.0 34.0 611.0 27.0 627.0 21.0 622.0 small-vehicle 1
38.0 730.0 43.0 724.0 54.0 731.0 51.0 738.0 small-vehicle 1
62.0 747.0 69.0 741.0 81.0 752.0 78.0 757.0 small-vehicle 1
95.0 772.0 99.0 765.0 112.0 777.0 108.0 783.0 small-vehicle 1
119.0 795.0 122.0 789.0 136.0 801.0 131.0 805.0 small-vehicle 1
141.0 814.0 145.0 809.0 156.0 823.0 151.0 827.0 small-vehicle 1
171.0 848.0 177.0 843.0 189.0 857.0 184.0 863.0 small-vehicle 1
131.0 847.0 135.0 841.0 145.0 854.0 141.0 858.0 small-vehicle 1
189.0 898.0 183.0 903.0 173.0 888.0 179.0 884.0 small-vehicle 1
209.0 921.0 204.0 925.0 193.0 911.0 199.0 907.0 small-vehicle 1
231.0 907.0 235.0 903.0 244.0 917.0 240.0 921.0 small-vehicle 1
692.0 916.0 697.0 912.0 705.0 924.0 701.0 929.0 small-vehicle 1
702.0 934.0 709.0 931.0 714.0 946.0 709.0 948.0 small-vehicle 1
711.0 956.0 719.0 953.0 723.0 965.0 716.0 970.0 small-vehicle 1
720.0 981.0 726.0 977.0 730.0 991.0 724.0 994.0 small-vehicle 1
727.0 1004.0 734.0 1004.0 738.0 1019.0 731.0 1022.0 small-vehicle 1
735.0 1046.0 742.0 1043.0 745.0 1059.0 739.0 1062.0 small-vehicle 0
742.0 1066.0 749.0 1064.0 751.0 1080.0 746.0 1082.0 small-vehicle 1
748.0 1086.0 753.0 1084.0 757.0 1098.0 750.0 1100.0 small-vehicle 1
36.0 587.0 45.0 590.0 38.0 605.0 32.0 603.0 small-vehicle 1
51.0 561.0 59.0 564.0 52.0 579.0 44.0 576.0 small-vehicle 1
64.0 542.0 69.0 544.0 62.0 560.0 54.0 559.0 small-vehicle 0
643.0 834.0 648.0 830.0 659.0 845.0 653.0 849.0 small-vehicle 1
396.0 680.0 392.0 686.0 377.0 677.0 380.0 670.0 small-vehicle 1
449.0 709.0 447.0 715.0 435.0 707.0 437.0 702.0 small-vehicle 1
485.0 727.0 481.0 734.0 464.0 723.0 468.0 716.0 small-vehicle 1
672.0 782.0 668.0 789.0 650.0 777.0 653.0 770.0 small-vehicle 1
581.0 770.0 586.0 764.0 598.0 773.0 593.0 779.0 small-vehicle 1
599.0 787.0 603.0 783.0 614.0 793.0 609.0 797.0 small-vehicle 1
615.0 801.0 620.0 796.0 631.0 810.0 625.0 814.0 small-vehicle 1
631.0 817.0 636.0 812.0 646.0 827.0 642.0 831.0 small-vehicle 1
656.0 854.0 662.0 850.0 670.0 863.0 664.0 867.0 small-vehicle 1
397.0 720.0 391.0 717.0 398.0 703.0 403.0 706.0 small-vehicle 1
669.0 876.0 675.0 871.0 684.0 883.0 680.0 888.0 small-vehicle 1
682.0 896.0 687.0 892.0 695.0 904.0 690.0 909.0 small-vehicle 1
644.0 907.0 648.0 905.0 656.0 917.0 650.0 920.0 small-vehicle 1
621.0 869.0 625.0 867.0 632.0 880.0 627.0 883.0 small-vehicle 1
599.0 841.0 604.0 838.0 612.0 849.0 609.0 853.0 small-vehicle 1
567.0 807.0 570.0 801.0 583.0 815.0 578.0 819.0 small-vehicle 1
535.0 778.0 540.0 771.0 552.0 783.0 549.0 789.0 small-vehicle 1
423.0 734.0 417.0 731.0 424.0 717.0 429.0 720.0 small-vehicle 1
508.0 616.0 513.0 619.0 506.0 639.0 499.0 634.0 small-vehicle 1
489.0 605.0 494.0 607.0 488.0 624.0 481.0 623.0 small-vehicle 1
706.0 1090.0 712.0 1088.0 718.0 1106.0 710.0 1109.0 small-vehicle 1
574.0 143.0 570.0 150.0 557.0 144.0 559.0 139.0 small-vehicle 1
578.0 153.0 582.0 147.0 599.0 156.0 595.0 163.0 small-vehicle 1
677.0 199.0 672.0 208.0 650.0 196.0 652.0 188.0 small-vehicle 1
820.0 274.0 816.0 278.0 802.0 267.0 806.0 262.0 small-vehicle 1
797.0 240.0 801.0 233.0 815.0 240.0 812.0 247.0 small-vehicle 1
829.0 254.0 832.0 249.0 847.0 257.0 844.0 263.0 small-vehicle 1
851.0 266.0 854.0 260.0 869.0 267.0 865.0 273.0 small-vehicle 1
698.0 142.0 704.0 145.0 695.0 164.0 689.0 162.0 small-vehicle 1
925.0 297.0 931.0 301.0 923.0 320.0 916.0 316.0 small-vehicle 0
936.0 191.0 942.0 196.0 932.0 213.0 927.0 209.0 small-vehicle 1
920.0 227.0 926.0 230.0 919.0 242.0 913.0 239.0 small-vehicle 1
912.0 242.0 917.0 244.0 909.0 261.0 904.0 257.0 small-vehicle 1
280.0 300.0 283.0 295.0 296.0 301.0 293.0 308.0 small-vehicle 1
273.0 309.0 276.0 302.0 291.0 311.0 288.0 318.0 small-vehicle 0
273.0 320.0 274.0 314.0 286.0 320.0 285.0 325.0 small-vehicle 1
270.0 329.0 271.0 324.0 283.0 328.0 281.0 335.0 small-vehicle 1
265.0 336.0 267.0 331.0 281.0 338.0 277.0 344.0 small-vehicle 1
256.0 343.0 260.0 337.0 274.0 345.0 270.0 350.0 small-vehicle 1
251.0 354.0 253.0 346.0 270.0 354.0 268.0 360.0 small-vehicle 1
248.0 362.0 251.0 356.0 267.0 362.0 264.0 368.0 small-vehicle 1
403.0 60.0 407.0 50.0 446.0 68.0 441.0 77.0 large-vehicle 0
493.0 102.0 489.0 107.0 472.0 98.0 476.0 93.0 small-vehicle 1
479.0 601.0 484.0 603.0 477.0 620.0 471.0 618.0 small-vehicle 1
449.0 55.0 453.0 47.0 467.0 56.0 465.0 62.0 small-vehicle 0
1004.0 342.0 1042.0 364.0 998.0 446.0 960.0 426.0 tennis-court 0
1054.0 369.0 1093.0 392.0 1048.0 473.0 1008.0 451.0 tennis-court 0
1103.0 394.0 1142.0 416.0 1099.0 499.0 1060.0 479.0 tennis-court 0
1154.0 423.0 1191.0 446.0 1150.0 526.0 1109.0 506.0 tennis-court 0
903.0 443.0 1177.0 554.0 1008.0 1089.0 700.0 1007.0 ground-track-field 0
906.0 502.0 1146.0 580.0 995.0 1045.0 749.0 974.0 soccer-ball-field 0
437.0 244.0 385.0 341.0 467.0 383.0 518.0 286.0 soccer-ball-field 0
375.0 349.0 318.0 456.0 408.0 509.0 472.0 396.0 soccer-ball-field 0
646.0 359.0 712.0 393.0 690.0 436.0 625.0 402.0 basketball-court 0
622.0 404.0 687.0 438.0 664.0 481.0 600.0 449.0 basketball-court 0
598.0 450.0 664.0 484.0 641.0 527.0 576.0 494.0 basketball-court 0
401.0 598.0 476.0 456.0 750.0 602.0 674.0 742.0 soccer-ball-field 0
748.0 604.0 674.0 739.0 403.0 596.0 477.0 458.0 ground-track-field 0
473.0 548.0 505.0 477.0 715.0 589.0 676.0 661.0 ground-track-field 0
219.0 115.0 218.0 122.0 196.0 115.0 198.0 109.0 large-vehicle 0
161.0 209.0 168.0 213.0 158.0 233.0 151.0 229.0 large-vehicle 0
148.0 230.0 156.0 233.0 145.0 253.0 138.0 249.0 large-vehicle 0
385.0 21.0 388.0 15.0 403.0 22.0 400.0 29.0 small-vehicle 0
407.0 33.0 410.0 28.0 425.0 34.0 423.0 40.0 small-vehicle 0
244.0 369.0 247.0 364.0 263.0 370.0 259.0 376.0 small-vehicle 1
241.0 378.0 244.0 373.0 258.0 380.0 255.0 386.0 small-vehicle 1
237.0 388.0 239.0 383.0 253.0 389.0 250.0 394.0 small-vehicle 1
299.0 311.0 302.0 305.0 316.0 312.0 313.0 319.0 small-vehicle 1
299.0 421.0 302.0 414.0 318.0 423.0 313.0 429.0 small-vehicle 1
295.0 428.0 298.0 422.0 311.0 428.0 307.0 434.0 small-vehicle 1
291.0 437.0 293.0 430.0 306.0 435.0 303.0 442.0 small-vehicle 1
206.0 481.0 200.0 477.0 207.0 465.0 214.0 468.0 small-vehicle 1
199.0 476.0 193.0 473.0 199.0 459.0 206.0 460.0 small-vehicle 1
177.0 460.0 169.0 457.0 174.0 442.0 181.0 445.0 small-vehicle 1
156.0 435.0 158.0 428.0 171.0 432.0 169.0 439.0 small-vehicle 1
161.0 425.0 162.0 418.0 174.0 423.0 172.0 429.0 small-vehicle 1
167.0 417.0 169.0 411.0 180.0 417.0 179.0 422.0 small-vehicle 1
176.0 395.0 178.0 389.0 191.0 397.0 189.0 403.0 small-vehicle 1
683.0 612.0 690.0 615.0 683.0 631.0 676.0 628.0 small-vehicle 1
677.0 635.0 682.0 638.0 671.0 656.0 665.0 652.0 small-vehicle 1
409.0 568.0 414.0 570.0 407.0 587.0 402.0 583.0 small-vehicle 1
417.0 575.0 423.0 575.0 417.0 590.0 412.0 588.0 small-vehicle 1
426.0 599.0 419.0 596.0 430.0 578.0 435.0 581.0 small-vehicle 1
440.0 582.0 445.0 583.0 437.0 601.0 433.0 598.0 small-vehicle 1
449.0 587.0 454.0 590.0 447.0 605.0 441.0 603.0 small-vehicle 1
459.0 592.0 464.0 593.0 457.0 611.0 451.0 607.0 small-vehicle 1
467.0 597.0 472.0 599.0 465.0 616.0 461.0 613.0 small-vehicle 1
303.0 411.0 307.0 405.0 320.0 412.0 316.0 418.0 small-vehicle 1
309.0 403.0 312.0 397.0 326.0 403.0 323.0 410.0 small-vehicle 1
312.0 393.0 315.0 387.0 328.0 393.0 325.0 399.0 small-vehicle 1
260.0 389.0 264.0 383.0 276.0 389.0 272.0 395.0 small-vehicle 1
295.0 319.0 298.0 314.0 311.0 321.0 308.0 326.0 small-vehicle 1
291.0 328.0 293.0 322.0 308.0 329.0 306.0 335.0 small-vehicle 1
286.0 337.0 289.0 332.0 301.0 336.0 299.0 343.0 small-vehicle 1
281.0 347.0 284.0 340.0 300.0 348.0 297.0 353.0 small-vehicle 1
277.0 354.0 279.0 349.0 293.0 356.0 291.0 362.0 small-vehicle 1
271.0 361.0 273.0 355.0 285.0 363.0 282.0 368.0 small-vehicle 1
267.0 369.0 270.0 364.0 285.0 374.0 282.0 381.0 small-vehicle 1
265.0 378.0 268.0 372.0 282.0 380.0 279.0 387.0 small-vehicle 1
253.0 397.0 257.0 390.0 270.0 398.0 267.0 405.0 small-vehicle 1
316.0 386.0 318.0 381.0 331.0 386.0 328.0 392.0 small-vehicle 1
355.0 321.0 358.0 314.0 369.0 321.0 365.0 327.0 small-vehicle 1
350.0 328.0 353.0 322.0 366.0 327.0 363.0 333.0 small-vehicle 1
343.0 336.0 345.0 330.0 360.0 335.0 358.0 342.0 small-vehicle 1
338.0 345.0 340.0 337.0 355.0 342.0 353.0 350.0 small-vehicle 1
334.0 355.0 335.0 348.0 350.0 353.0 348.0 360.0 small-vehicle 1
331.0 362.0 335.0 355.0 347.0 361.0 345.0 367.0 small-vehicle 1
324.0 370.0 328.0 362.0 341.0 370.0 338.0 377.0 small-vehicle 1
319.0 379.0 323.0 371.0 335.0 378.0 331.0 384.0 small-vehicle 1
751.0 1103.0 760.0 1101.0 764.0 1114.0 757.0 1118.0 small-vehicle 1
699.0 1065.0 705.0 1062.0 709.0 1078.0 703.0 1082.0 small-vehicle 1
29.0 760.0 35.0 764.0 28.0 776.0 22.0 772.0 small-vehicle 1
1320.0 869.0 1314.0 865.0 1320.0 850.0 1326.0 853.0 small-vehicle 1
1337.0 904.0 1343.0 907.0 1331.0 928.0 1325.0 924.0 small-vehicle 1
1320.0 926.0 1327.0 929.0 1317.0 945.0 1311.0 941.0 small-vehicle 1
1307.0 946.0 1312.0 951.0 1296.0 969.0 1291.0 964.0 small-vehicle 1
1280.0 981.0 1283.0 985.0 1272.0 996.0 1268.0 993.0 small-vehicle 1
1496.0 951.0 1501.0 945.0 1511.0 959.0 1507.0 962.0 small-vehicle 1
1515.0 972.0 1520.0 966.0 1531.0 977.0 1526.0 983.0 small-vehicle 1
1539.0 998.0 1544.0 991.0 1556.0 1006.0 1552.0 1010.0 small-vehicle 1
1567.0 1017.0 1573.0 1021.0 1562.0 1033.0 1555.0 1029.0 small-vehicle 1
1575.0 1026.0 1580.0 1031.0 1569.0 1043.0 1563.0 1038.0 small-vehicle 1
1553.0 1054.0 1556.0 1058.0 1546.0 1073.0 1540.0 1068.0 small-vehicle 1
1537.0 1069.0 1541.0 1075.0 1531.0 1086.0 1526.0 1081.0 small-vehicle 1
1520.0 1085.0 1524.0 1089.0 1513.0 1102.0 1507.0 1098.0 small-vehicle 1
1503.0 1099.0 1508.0 1106.0 1496.0 1117.0 1490.0 1113.0 small-vehicle 1
1521.0 1039.0 1527.0 1044.0 1518.0 1058.0 1512.0 1054.0 small-vehicle 1
1482.0 1095.0 1477.0 1090.0 1489.0 1078.0 1495.0 1081.0 small-vehicle 1
1462.0 1110.0 1457.0 1105.0 1469.0 1094.0 1474.0 1098.0 small-vehicle 1
1483.0 1118.0 1489.0 1123.0 1476.0 1137.0 1470.0 1132.0 small-vehicle 1
1466.0 1132.0 1473.0 1139.0 1462.0 1150.0 1455.0 1145.0 small-vehicle 1
1493.0 1237.0 1489.0 1232.0 1499.0 1220.0 1504.0 1225.0 small-vehicle 1
1355.0 873.0 1361.0 875.0 1351.0 894.0 1346.0 891.0 small-vehicle 1
1329.0 849.0 1325.0 846.0 1333.0 831.0 1338.0 833.0 small-vehicle 1
1642.0 681.0 1645.0 674.0 1659.0 683.0 1658.0 689.0 small-vehicle 1
1339.0 830.0 1333.0 827.0 1341.0 814.0 1346.0 817.0 small-vehicle 1
1645.0 367.0 1648.0 360.0 1664.0 367.0 1662.0 375.0 small-vehicle 1
1666.0 377.0 1669.0 371.0 1685.0 379.0 1682.0 385.0 small-vehicle 1
1659.0 392.0 1656.0 399.0 1639.0 391.0 1642.0 386.0 small-vehicle 1
1680.0 404.0 1678.0 409.0 1664.0 402.0 1665.0 396.0 small-vehicle 1
1597.0 696.0 1600.0 688.0 1615.0 697.0 1613.0 704.0 small-vehicle 1
1579.0 676.0 1576.0 683.0 1562.0 675.0 1564.0 669.0 small-vehicle 1
1562.0 668.0 1559.0 674.0 1543.0 666.0 1547.0 659.0 small-vehicle 1
1465.0 665.0 1470.0 667.0 1461.0 686.0 1456.0 683.0 small-vehicle 1
1433.0 651.0 1428.0 647.0 1435.0 630.0 1441.0 633.0 small-vehicle 1
1424.0 672.0 1416.0 669.0 1424.0 653.0 1431.0 656.0 small-vehicle 1
1413.0 693.0 1406.0 690.0 1414.0 675.0 1420.0 676.0 small-vehicle 1
1404.0 712.0 1398.0 708.0 1404.0 694.0 1410.0 696.0 small-vehicle 1
1439.0 713.0 1444.0 716.0 1436.0 732.0 1429.0 730.0 small-vehicle 1
1423.0 741.0 1429.0 745.0 1422.0 760.0 1415.0 758.0 small-vehicle 1
1395.0 712.0 1402.0 718.0 1393.0 731.0 1387.0 729.0 small-vehicle 1
1377.0 760.0 1371.0 755.0 1378.0 741.0 1383.0 743.0 small-vehicle 1
1366.0 778.0 1359.0 775.0 1369.0 759.0 1375.0 762.0 small-vehicle 1
1357.0 795.0 1352.0 791.0 1359.0 777.0 1365.0 782.0 small-vehicle 1
1347.0 815.0 1342.0 811.0 1349.0 796.0 1355.0 798.0 small-vehicle 1
1436.0 1162.0 1439.0 1166.0 1428.0 1178.0 1423.0 1173.0 small-vehicle 1
1418.0 1178.0 1423.0 1182.0 1413.0 1195.0 1409.0 1191.0 small-vehicle 1
1402.0 1195.0 1407.0 1200.0 1397.0 1211.0 1392.0 1206.0 small-vehicle 1
1386.0 1210.0 1392.0 1215.0 1382.0 1226.0 1375.0 1222.0 small-vehicle 1
1204.0 1000.0 1200.0 995.0 1210.0 985.0 1216.0 990.0 small-vehicle 1
1188.0 1014.0 1184.0 1008.0 1196.0 998.0 1200.0 1002.0 small-vehicle 1
1168.0 1027.0 1165.0 1021.0 1179.0 1012.0 1184.0 1018.0 small-vehicle 1
1148.0 1039.0 1145.0 1033.0 1159.0 1025.0 1164.0 1031.0 small-vehicle 1
1127.0 1050.0 1123.0 1044.0 1137.0 1034.0 1143.0 1040.0 small-vehicle 1
1102.0 1061.0 1099.0 1054.0 1115.0 1048.0 1118.0 1054.0 small-vehicle 1
1081.0 1067.0 1079.0 1061.0 1094.0 1055.0 1097.0 1061.0 small-vehicle 1
1058.0 1074.0 1057.0 1068.0 1074.0 1062.0 1077.0 1069.0 small-vehicle 1
1037.0 1081.0 1035.0 1074.0 1052.0 1070.0 1055.0 1076.0 small-vehicle 1
1015.0 1083.0 1014.0 1078.0 1033.0 1074.0 1035.0 1081.0 small-vehicle 1
994.0 1088.0 992.0 1082.0 1008.0 1075.0 1011.0 1082.0 small-vehicle 1
972.0 1094.0 970.0 1086.0 989.0 1083.0 991.0 1090.0 small-vehicle 1
949.0 1100.0 946.0 1094.0 961.0 1087.0 963.0 1095.0 small-vehicle 1
983.0 190.0 990.0 193.0 985.0 209.0 977.0 205.0 small-vehicle 1
974.0 209.0 980.0 213.0 972.0 228.0 966.0 226.0 small-vehicle 1
996.0 221.0 999.0 215.0 1009.0 228.0 1005.0 234.0 small-vehicle 1
998.0 211.0 1001.0 204.0 1014.0 219.0 1009.0 225.0 small-vehicle 1
1004.0 202.0 1009.0 196.0 1021.0 210.0 1016.0 216.0 small-vehicle 1
1011.0 191.0 1016.0 186.0 1025.0 199.0 1020.0 206.0 small-vehicle 1
1219.0 992.0 1213.0 983.0 1226.0 973.0 1233.0 979.0 small-vehicle 1
1240.0 972.0 1234.0 968.0 1246.0 954.0 1252.0 959.0 small-vehicle 1
1258.0 956.0 1251.0 949.0 1264.0 933.0 1270.0 939.0 small-vehicle 1
1159.0 1112.0 1162.0 1107.0 1171.0 1117.0 1167.0 1123.0 small-vehicle 1
1411.0 1147.0 1417.0 1150.0 1405.0 1164.0 1400.0 1160.0 small-vehicle 1
1375.0 1192.0 1370.0 1187.0 1382.0 1175.0 1387.0 1180.0 small-vehicle 1
1358.0 1208.0 1355.0 1204.0 1364.0 1193.0 1370.0 1197.0 small-vehicle 1
1341.0 1224.0 1338.0 1219.0 1350.0 1206.0 1356.0 1210.0 small-vehicle 1
1284.0 1204.0 1288.0 1199.0 1299.0 1213.0 1295.0 1217.0 small-vehicle 1
1255.0 1203.0 1251.0 1210.0 1238.0 1195.0 1242.0 1191.0 small-vehicle 1
1188.0 1143.0 1191.0 1139.0 1200.0 1150.0 1196.0 1154.0 small-vehicle 1
1171.0 1126.0 1176.0 1122.0 1186.0 1133.0 1182.0 1137.0 small-vehicle 1
1090.0 1134.0 1086.0 1133.0 1085.0 1118.0 1091.0 1116.0 small-vehicle 1
1273.0 934.0 1269.0 929.0 1279.0 917.0 1286.0 921.0 small-vehicle 1
993.0 1131.0 991.0 1125.0 1005.0 1120.0 1008.0 1125.0 small-vehicle 1
1143.0 1097.0 1149.0 1091.0 1156.0 1101.0 1152.0 1104.0 small-vehicle 1
1182.0 1085.0 1187.0 1083.0 1194.0 1097.0 1188.0 1100.0 small-vehicle 1
1189.0 1057.0 1195.0 1059.0 1189.0 1077.0 1182.0 1074.0 small-vehicle 1
1216.0 1033.0 1220.0 1040.0 1207.0 1051.0 1203.0 1045.0 small-vehicle 1
1237.0 1019.0 1241.0 1026.0 1225.0 1036.0 1221.0 1031.0 small-vehicle 1
1305.0 894.0 1298.0 889.0 1309.0 875.0 1315.0 878.0 small-vehicle 1
1291.0 914.0 1285.0 908.0 1295.0 894.0 1301.0 896.0 small-vehicle 1
1682.0 664.0 1690.0 668.0 1679.0 682.0 1674.0 677.0 small-vehicle 1
1612.0 667.0 1615.0 659.0 1631.0 669.0 1629.0 674.0 small-vehicle 1
689.0 1028.0 696.0 1027.0 700.0 1040.0 693.0 1044.0 small-vehicle 1
878.0 1149.0 880.0 1156.0 865.0 1160.0 862.0 1154.0 small-vehicle 1
691.0 1193.0 693.0 1200.0 677.0 1208.0 674.0 1200.0 small-vehicle 1
661.0 1186.0 657.0 1179.0 670.0 1172.0 673.0 1178.0 small-vehicle 1
624.0 1174.0 627.0 1182.0 614.0 1189.0 610.0 1182.0 small-vehicle 1
492.0 1187.0 496.0 1182.0 509.0 1196.0 502.0 1201.0 small-vehicle 1
450.0 1142.0 455.0 1138.0 467.0 1152.0 462.0 1157.0 small-vehicle 1
456.0 1183.0 450.0 1187.0 441.0 1177.0 445.0 1171.0 small-vehicle 1
477.0 1205.0 472.0 1210.0 463.0 1197.0 467.0 1193.0 small-vehicle 1
15.0 1047.0 21.0 1043.0 32.0 1055.0 28.0 1061.0 small-vehicle 1
42.0 1100.0 47.0 1097.0 58.0 1109.0 52.0 1115.0 small-vehicle 1
51.0 1165.0 43.0 1170.0 32.0 1155.0 36.0 1151.0 small-vehicle 1
35.0 1168.0 30.0 1173.0 21.0 1160.0 24.0 1155.0 small-vehicle 1
118.0 1193.0 112.0 1198.0 102.0 1185.0 107.0 1181.0 small-vehicle 1
1017.0 58.0 1011.0 54.0 1020.0 39.0 1026.0 41.0 small-vehicle 1
1005.0 77.0 999.0 75.0 1006.0 57.0 1013.0 59.0 small-vehicle 1
989.0 109.0 982.0 106.0 988.0 89.0 996.0 91.0 small-vehicle 1
968.0 149.0 961.0 145.0 969.0 127.0 977.0 129.0 small-vehicle 1
951.0 178.0 946.0 174.0 955.0 155.0 962.0 157.0 small-vehicle 1
952.0 245.0 959.0 249.0 952.0 265.0 945.0 262.0 small-vehicle 1
1007.0 164.0 1000.0 159.0 1009.0 141.0 1015.0 144.0 small-vehicle 1
808.0 1208.0 814.0 1204.0 821.0 1221.0 815.0 1223.0 small-vehicle 1
942.0 1134.0 944.0 1144.0 926.0 1147.0 924.0 1138.0 small-vehicle 1
1582.0 647.0 1583.0 642.0 1598.0 651.0 1596.0 656.0 small-vehicle 1
925.0 1106.0 924.0 1099.0 937.0 1094.0 940.0 1100.0 small-vehicle 1
713.0 1030.0 705.0 1032.0 700.0 1015.0 708.0 1012.0 small-vehicle 1
690.0 1002.0 683.0 1004.0 680.0 988.0 688.0 986.0 small-vehicle 1
675.0 960.0 668.0 962.0 661.0 946.0 668.0 943.0 small-vehicle 1
403.0 1095.0 407.0 1090.0 421.0 1105.0 417.0 1111.0 small-vehicle 1
395.0 1119.0 390.0 1123.0 378.0 1112.0 383.0 1106.0 small-vehicle 1
374.0 1094.0 368.0 1100.0 357.0 1088.0 363.0 1083.0 small-vehicle 1
335.0 1052.0 329.0 1057.0 319.0 1044.0 323.0 1039.0 small-vehicle 1
325.0 1061.0 331.0 1069.0 319.0 1080.0 313.0 1075.0 small-vehicle 1
317.0 1002.0 323.0 996.0 334.0 1011.0 328.0 1018.0 small-vehicle 1
274.0 956.0 278.0 951.0 291.0 965.0 286.0 969.0 small-vehicle 1
261.0 943.0 266.0 938.0 278.0 951.0 273.0 956.0 small-vehicle 1
231.0 944.0 224.0 948.0 214.0 935.0 219.0 930.0 small-vehicle 1
261.0 975.0 257.0 980.0 247.0 967.0 251.0 963.0 small-vehicle 1
293.0 1009.0 288.0 1013.0 278.0 1002.0 281.0 996.0 small-vehicle 1
803.0 1134.0 801.0 1127.0 818.0 1122.0 821.0 1129.0 small-vehicle 1
827.0 1128.0 825.0 1120.0 841.0 1115.0 844.0 1122.0 small-vehicle 1
851.0 1122.0 849.0 1114.0 867.0 1112.0 870.0 1119.0 small-vehicle 1
874.0 1116.0 873.0 1110.0 885.0 1107.0 887.0 1113.0 small-vehicle 1
897.0 1110.0 895.0 1101.0 912.0 1098.0 915.0 1106.0 small-vehicle 1
1015.0 260.0 1021.0 263.0 1013.0 280.0 1006.0 279.0 small-vehicle 1
973.0 285.0 975.0 279.0 986.0 283.0 985.0 291.0 small-vehicle 1
988.0 294.0 992.0 285.0 1008.0 293.0 1004.0 301.0 small-vehicle 1
1032.0 314.0 1037.0 306.0 1052.0 315.0 1048.0 322.0 small-vehicle 1
1668.0 295.0 1661.0 292.0 1667.0 278.0 1675.0 279.0 small-vehicle 1
1651.0 329.0 1644.0 324.0 1653.0 306.0 1659.0 307.0 small-vehicle 1
1600.0 423.0 1592.0 419.0 1601.0 403.0 1609.0 407.0 small-vehicle 1
1585.0 436.0 1590.0 438.0 1583.0 456.0 1577.0 453.0 small-vehicle 1
1562.0 413.0 1555.0 409.0 1563.0 392.0 1569.0 394.0 small-vehicle 1
1551.0 431.0 1545.0 428.0 1552.0 411.0 1559.0 414.0 small-vehicle 1
1540.0 449.0 1534.0 446.0 1542.0 432.0 1547.0 434.0 small-vehicle 1
1532.0 467.0 1526.0 463.0 1533.0 447.0 1539.0 450.0 small-vehicle 1
1523.0 483.0 1517.0 480.0 1524.0 467.0 1530.0 469.0 small-vehicle 1
1512.0 505.0 1506.0 500.0 1513.0 487.0 1518.0 490.0 small-vehicle 1
1501.0 523.0 1495.0 519.0 1503.0 504.0 1509.0 506.0 small-vehicle 1
1493.0 542.0 1486.0 538.0 1492.0 523.0 1499.0 525.0 small-vehicle 1
1479.0 569.0 1472.0 564.0 1483.0 544.0 1490.0 547.0 small-vehicle 1
1463.0 598.0 1458.0 594.0 1464.0 578.0 1470.0 579.0 small-vehicle 1
1454.0 618.0 1446.0 614.0 1454.0 598.0 1460.0 600.0 small-vehicle 1
1566.0 468.0 1572.0 471.0 1565.0 488.0 1559.0 486.0 small-vehicle 1
1537.0 521.0 1543.0 525.0 1536.0 539.0 1531.0 535.0 small-vehicle 1
1522.0 619.0 1525.0 613.0 1538.0 619.0 1535.0 626.0 small-vehicle 1
1561.0 638.0 1563.0 632.0 1577.0 640.0 1575.0 645.0 small-vehicle 1
1580.0 378.0 1572.0 374.0 1581.0 357.0 1588.0 359.0 small-vehicle 1
1590.0 354.0 1585.0 351.0 1594.0 333.0 1599.0 337.0 small-vehicle 1
1602.0 332.0 1596.0 330.0 1604.0 314.0 1611.0 315.0 small-vehicle 1
1174.0 369.0 1180.0 373.0 1173.0 386.0 1167.0 384.0 small-vehicle 1
1067.0 330.0 1060.0 327.0 1067.0 314.0 1074.0 317.0 small-vehicle 1
1076.0 316.0 1082.0 320.0 1076.0 335.0 1071.0 333.0 small-vehicle 1
1083.0 323.0 1089.0 325.0 1082.0 340.0 1076.0 338.0 small-vehicle 1
1099.0 329.0 1105.0 333.0 1096.0 349.0 1091.0 345.0 small-vehicle 1
1127.0 344.0 1136.0 347.0 1128.0 365.0 1121.0 363.0 small-vehicle 1
1141.0 352.0 1148.0 358.0 1140.0 374.0 1133.0 369.0 small-vehicle 1
1149.0 357.0 1155.0 360.0 1149.0 376.0 1142.0 374.0 small-vehicle 1
1164.0 362.0 1170.0 366.0 1164.0 380.0 1158.0 378.0 small-vehicle 1
1200.0 394.0 1199.0 399.0 1182.0 397.0 1182.0 391.0 small-vehicle 1
1614.0 313.0 1608.0 310.0 1615.0 294.0 1621.0 297.0 small-vehicle 1
1571.0 50.0 1567.0 55.0 1553.0 46.0 1556.0 41.0 small-vehicle 1
1614.0 73.0 1610.0 79.0 1596.0 69.0 1599.0 63.0 small-vehicle 1
1688.0 170.0 1681.0 165.0 1689.0 150.0 1697.0 153.0 small-vehicle 1
1675.0 195.0 1669.0 191.0 1676.0 174.0 1682.0 175.0 small-vehicle 1
1653.0 232.0 1648.0 228.0 1656.0 211.0 1663.0 214.0 small-vehicle 1
1641.0 258.0 1634.0 253.0 1643.0 235.0 1650.0 237.0 small-vehicle 1
1632.0 273.0 1627.0 269.0 1632.0 254.0 1638.0 258.0 small-vehicle 1
1623.0 293.0 1618.0 289.0 1625.0 272.0 1631.0 277.0 small-vehicle 1
952.0 316.0 991.0 339.0 948.0 418.0 909.0 400.0 tennis-court 0
