imagesource:GoogleEarth
gsd:0.27792854592
476.0 425.0 483.0 425.0 482.0 440.0 475.0 440.0 small-vehicle 1
238.0 869.0 238.0 874.0 220.0 872.0 220.0 866.0 small-vehicle 1
152.0 1028.0 159.0 1027.0 160.0 1045.0 153.0 1046.0 small-vehicle 1
195.0 975.0 190.0 977.0 187.0 962.0 192.0 961.0 small-vehicle 1
203.0 975.0 197.0 975.0 196.0 961.0 202.0 959.0 small-vehicle 1
239.0 948.0 239.0 953.0 226.0 954.0 226.0 949.0 small-vehicle 1
243.0 938.0 242.0 946.0 224.0 945.0 223.0 939.0 small-vehicle 1
237.0 926.0 237.0 932.0 222.0 934.0 220.0 928.0 small-vehicle 1
235.0 897.0 235.0 903.0 218.0 904.0 217.0 898.0 small-vehicle 1
359.0 932.0 351.0 932.0 351.0 915.0 358.0 915.0 small-vehicle 1
98.0 907.0 97.0 914.0 79.0 915.0 79.0 909.0 small-vehicle 1
391.0 952.0 390.0 942.0 409.0 943.0 409.0 952.0 small-vehicle 1
392.0 916.0 401.0 915.0 401.0 933.0 393.0 933.0 small-vehicle 1
414.0 915.0 422.0 915.0 422.0 931.0 415.0 931.0 small-vehicle 1
457.0 915.0 464.0 915.0 465.0 931.0 458.0 932.0 small-vehicle 1
493.0 927.0 487.0 927.0 487.0 912.0 494.0 912.0 small-vehicle 1
622.0 842.0 622.0 851.0 601.0 852.0 599.0 844.0 small-vehicle 1
741.0 913.0 741.0 906.0 760.0 910.0 759.0 916.0 small-vehicle 1
94.0 894.0 94.0 901.0 78.0 903.0 78.0 896.0 small-vehicle 1
36.0 934.0 36.0 927.0 52.0 927.0 52.0 934.0 small-vehicle 1
744.0 857.0 743.0 852.0 759.0 851.0 759.0 857.0 small-vehicle 1
519.0 1062.0 512.0 1062.0 512.0 1047.0 519.0 1047.0 small-vehicle 1
620.0 1032.0 624.0 1026.0 637.0 1040.0 634.0 1045.0 small-vehicle 1
605.0 1033.0 610.0 1028.0 621.0 1042.0 616.0 1045.0 small-vehicle 1
591.0 1030.0 596.0 1026.0 607.0 1038.0 602.0 1043.0 small-vehicle 1
576.0 1029.0 580.0 1024.0 594.0 1037.0 589.0 1041.0 small-vehicle 1
547.0 1032.0 552.0 1026.0 567.0 1037.0 561.0 1042.0 small-vehicle 1
523.0 1073.0 530.0 1076.0 524.0 1095.0 516.0 1092.0 small-vehicle 1
543.0 1059.0 542.0 1050.0 558.0 1051.0 558.0 1059.0 small-vehicle 1
509.0 928.0 500.0 927.0 500.0 874.0 509.0 874.0 small-vehicle 1
102.0 968.0 103.0 975.0 84.0 976.0 84.0 969.0 small-vehicle 1
373.0 915.0 379.0 915.0 380.0 931.0 373.0 931.0 small-vehicle 1
363.0 915.0 369.0 915.0 370.0 934.0 363.0 934.0 small-vehicle 1
307.0 1029.0 306.0 1023.0 321.0 1023.0 322.0 1029.0 small-vehicle 1
305.0 996.0 305.0 988.0 321.0 988.0 322.0 997.0 small-vehicle 1
306.0 975.0 305.0 967.0 325.0 967.0 324.0 975.0 small-vehicle 1
102.0 1004.0 101.0 1011.0 81.0 1012.0 81.0 1005.0 small-vehicle 1
100.0 984.0 100.0 992.0 85.0 993.0 84.0 985.0 small-vehicle 1
741.0 897.0 740.0 890.0 763.0 888.0 763.0 895.0 small-vehicle 1
744.0 848.0 743.0 841.0 760.0 841.0 760.0 848.0 small-vehicle 1
648.0 1031.0 652.0 1027.0 665.0 1040.0 660.0 1044.0 small-vehicle 1
834.0 45.0 828.0 45.0 826.0 27.0 833.0 27.0 small-vehicle 1
759.0 195.0 752.0 195.0 752.0 177.0 759.0 178.0 small-vehicle 1
726.0 220.0 726.0 228.0 706.0 228.0 706.0 221.0 small-vehicle 1
453.0 75.0 454.0 69.0 470.0 71.0 470.0 77.0 small-vehicle 1
486.0 153.0 492.0 153.0 492.0 171.0 486.0 171.0 small-vehicle 1
467.0 143.0 466.0 136.0 482.0 137.0 481.0 144.0 small-vehicle 1
816.0 133.0 823.0 136.0 815.0 149.0 810.0 146.0 small-vehicle 1
879.0 90.0 879.0 84.0 898.0 83.0 898.0 91.0 small-vehicle 1
341.0 276.0 350.0 276.0 350.0 293.0 343.0 294.0 small-vehicle 1
915.0 278.0 923.0 278.0 925.0 295.0 916.0 296.0 small-vehicle 1
333.0 279.0 339.0 279.0 340.0 294.0 333.0 296.0 small-vehicle 1
131.0 303.0 137.0 301.0 139.0 319.0 132.0 319.0 small-vehicle 1
146.0 130.0 145.0 124.0 162.0 125.0 163.0 130.0 small-vehicle 1
144.0 120.0 144.0 112.0 162.0 114.0 163.0 121.0 small-vehicle 1
61.0 26.0 61.0 19.0 78.0 19.0 78.0 26.0 small-vehicle 1
575.0 467.0 575.0 546.0 642.0 545.0 640.0 467.0 basketball-court 0
574.0 385.0 576.0 463.0 638.0 460.0 637.0 382.0 basketball-court 0
770.0 182.0 778.0 181.0 779.0 198.0 771.0 199.0 small-vehicle 1
902.0 395.0 902.0 390.0 920.0 390.0 921.0 396.0 small-vehicle 1
818.0 886.0 817.0 879.0 834.0 877.0 835.0 885.0 small-vehicle 1
193.0 584.0 187.0 584.0 186.0 570.0 192.0 569.0 small-vehicle 1
898.0 651.0 897.0 659.0 879.0 660.0 879.0 652.0 small-vehicle 1
770.0 784.0 776.0 783.0 779.0 799.0 772.0 799.0 small-vehicle 1
699.0 784.0 706.0 784.0 706.0 801.0 698.0 801.0 small-vehicle 1
409.0 780.0 415.0 779.0 414.0 796.0 409.0 796.0 small-vehicle 1
822.0 744.0 823.0 737.0 839.0 736.0 839.0 743.0 small-vehicle 1
825.0 707.0 823.0 700.0 840.0 700.0 841.0 707.0 small-vehicle 1
206.0 587.0 200.0 588.0 199.0 573.0 205.0 573.0 small-vehicle 1
47.0 558.0 47.0 566.0 28.0 565.0 28.0 559.0 small-vehicle 1
872.0 394.0 872.0 389.0 885.0 389.0 887.0 394.0 small-vehicle 1
479.0 459.0 472.0 458.0 473.0 440.0 481.0 440.0 small-vehicle 1
857.0 443.0 866.0 442.0 867.0 460.0 857.0 461.0 small-vehicle 1
63.0 302.0 60.0 309.0 44.0 306.0 45.0 299.0 small-vehicle 1
218.0 467.0 211.0 467.0 212.0 448.0 218.0 448.0 small-vehicle 1
526.0 456.0 526.0 451.0 541.0 450.0 542.0 456.0 small-vehicle 1
545.0 432.0 545.0 440.0 525.0 440.0 525.0 433.0 small-vehicle 1
861.0 401.0 861.0 395.0 878.0 396.0 878.0 402.0 small-vehicle 1
634.0 1030.0 638.0 1026.0 650.0 1039.0 646.0 1043.0 small-vehicle 1
659.0 1029.0 664.0 1023.0 677.0 1038.0 671.0 1042.0 small-vehicle 1
219.0 893.0 220.0 886.0 236.0 887.0 235.0 893.0 small-vehicle 1
946.0 954.0 952.0 953.0 954.0 971.0 947.0 972.0 small-vehicle 1
1378.0 990.0 1372.0 985.0 1380.0 974.0 1385.0 978.0 small-vehicle 1
1281.0 961.0 1288.0 959.0 1291.0 982.0 1282.0 982.0 small-vehicle 1
1279.0 981.0 1273.0 982.0 1270.0 965.0 1276.0 964.0 small-vehicle 1
1203.0 981.0 1195.0 981.0 1194.0 966.0 1201.0 967.0 small-vehicle 1
1203.0 1003.0 1197.0 1004.0 1196.0 986.0 1201.0 986.0 small-vehicle 1
1203.0 1029.0 1197.0 1029.0 1196.0 1009.0 1204.0 1010.0 small-vehicle 1
959.0 956.0 965.0 955.0 966.0 972.0 958.0 972.0 small-vehicle 1
1207.0 942.0 1198.0 942.0 1197.0 924.0 1203.0 922.0 small-vehicle 1
1378.0 932.0 1374.0 926.0 1390.0 920.0 1394.0 926.0 small-vehicle 1
1132.0 913.0 1124.0 913.0 1125.0 896.0 1131.0 896.0 small-vehicle 1
1144.0 848.0 1136.0 850.0 1131.0 825.0 1137.0 824.0 small-vehicle 1
1300.0 834.0 1298.0 828.0 1317.0 825.0 1319.0 832.0 small-vehicle 1
1373.0 826.0 1370.0 820.0 1387.0 813.0 1389.0 820.0 small-vehicle 1
1193.0 651.0 1187.0 647.0 1197.0 636.0 1203.0 639.0 small-vehicle 1
1367.0 694.0 1367.0 685.0 1385.0 685.0 1386.0 693.0 small-vehicle 1
1368.0 681.0 1367.0 673.0 1385.0 673.0 1386.0 680.0 small-vehicle 1
1355.0 946.0 1355.0 938.0 1375.0 941.0 1374.0 948.0 small-vehicle 1
1374.0 919.0 1369.0 913.0 1383.0 904.0 1389.0 912.0 small-vehicle 1
1338.0 628.0 1337.0 620.0 1354.0 619.0 1355.0 627.0 small-vehicle 1
1304.0 843.0 1303.0 837.0 1315.0 836.0 1316.0 841.0 small-vehicle 1
745.0 887.0 744.0 879.0 761.0 879.0 761.0 887.0 small-vehicle 1
1167.0 1083.0 1167.0 1091.0 1141.0 1090.0 1142.0 1081.0 small-vehicle 1
1332.0 1108.0 1332.0 1117.0 1312.0 1116.0 1311.0 1108.0 small-vehicle 1
1202.0 1077.0 1201.0 1069.0 1222.0 1069.0 1223.0 1077.0 small-vehicle 1
1290.0 1063.0 1290.0 1054.0 1311.0 1051.0 1314.0 1061.0 large-vehicle 0
1407.0 1082.0 1406.0 1073.0 1421.0 1073.0 1424.0 1082.0 small-vehicle 1
1411.0 1068.0 1411.0 1059.0 1432.0 1060.0 1432.0 1068.0 small-vehicle 1
1302.0 870.0 1302.0 864.0 1318.0 864.0 1320.0 870.0 small-vehicle 1
1377.0 900.0 1374.0 895.0 1386.0 887.0 1390.0 891.0 small-vehicle 1
1303.0 880.0 1302.0 873.0 1320.0 872.0 1320.0 878.0 small-vehicle 1
1254.0 868.0 1254.0 860.0 1271.0 860.0 1271.0 868.0 small-vehicle 1
1440.0 999.0 1444.0 1008.0 1427.0 1015.0 1422.0 1007.0 small-vehicle 1
1431.0 889.0 1438.0 896.0 1424.0 907.0 1418.0 901.0 small-vehicle 1
1377.0 865.0 1373.0 858.0 1390.0 850.0 1392.0 858.0 small-vehicle 1
1376.0 878.0 1373.0 871.0 1388.0 864.0 1392.0 871.0 small-vehicle 1
1375.0 889.0 1372.0 883.0 1387.0 875.0 1391.0 881.0 small-vehicle 1
1339.0 637.0 1338.0 630.0 1354.0 630.0 1355.0 637.0 small-vehicle 1
1320.0 613.0 1319.0 606.0 1337.0 606.0 1338.0 614.0 small-vehicle 1
834.0 1086.0 834.0 1076.0 853.0 1078.0 853.0 1087.0 small-vehicle 1
377.0 1066.0 369.0 1065.0 369.0 1048.0 375.0 1047.0 small-vehicle 1
1354.0 121.0 1353.0 116.0 1371.0 116.0 1371.0 122.0 small-vehicle 1
1423.0 140.0 1430.0 140.0 1430.0 156.0 1422.0 157.0 small-vehicle 1
1321.0 209.0 1321.0 200.0 1343.0 200.0 1343.0 209.0 large-vehicle 0
1261.0 139.0 1261.0 144.0 1242.0 144.0 1242.0 138.0 large-vehicle 0
1241.0 94.0 1247.0 96.0 1242.0 112.0 1235.0 110.0 small-vehicle 1
1155.0 135.0 1155.0 125.0 1174.0 124.0 1176.0 134.0 small-vehicle 1
370.0 1011.0 369.0 1002.0 388.0 1003.0 388.0 1011.0 small-vehicle 1
397.0 1062.0 390.0 1061.0 391.0 1045.0 396.0 1045.0 small-vehicle 1
1362.0 312.0 1367.0 311.0 1369.0 330.0 1362.0 330.0 small-vehicle 1
452.0 1061.0 446.0 1061.0 446.0 1044.0 450.0 1044.0 small-vehicle 1
494.0 1015.0 495.0 1023.0 476.0 1022.0 476.0 1015.0 small-vehicle 1
492.0 1005.0 491.0 1011.0 474.0 1012.0 474.0 1006.0 small-vehicle 1
491.0 995.0 491.0 1002.0 473.0 1003.0 473.0 995.0 small-vehicle 1
746.0 961.0 748.0 969.0 733.0 972.0 730.0 965.0 small-vehicle 1
924.0 974.0 915.0 975.0 914.0 954.0 923.0 954.0 small-vehicle 1
849.0 1034.0 842.0 1034.0 842.0 1016.0 848.0 1016.0 small-vehicle 1
1341.0 113.0 1340.0 106.0 1358.0 106.0 1358.0 112.0 small-vehicle 1
1261.0 360.0 1261.0 366.0 1242.0 367.0 1242.0 360.0 small-vehicle 1
1251.0 660.0 1260.0 660.0 1261.0 682.0 1251.0 682.0 large-vehicle 0
1118.0 535.0 1121.0 544.0 1103.0 547.0 1101.0 540.0 small-vehicle 1
1206.0 713.0 1198.0 713.0 1197.0 695.0 1205.0 695.0 small-vehicle 1
1063.0 611.0 1063.0 603.0 1083.0 603.0 1082.0 612.0 small-vehicle 1
1024.0 633.0 1034.0 633.0 1034.0 649.0 1025.0 649.0 small-vehicle 1
919.0 565.0 919.0 558.0 938.0 560.0 938.0 567.0 small-vehicle 1
1291.0 546.0 1291.0 539.0 1309.0 538.0 1311.0 545.0 small-vehicle 1
1336.0 547.0 1335.0 540.0 1354.0 540.0 1353.0 546.0 small-vehicle 1
1465.0 490.0 1463.0 482.0 1477.0 481.0 1479.0 489.0 small-vehicle 1
1097.0 509.0 1097.0 502.0 1117.0 505.0 1116.0 511.0 small-vehicle 1
1334.0 404.0 1335.0 398.0 1349.0 400.0 1349.0 405.0 small-vehicle 1
950.0 482.0 958.0 482.0 958.0 500.0 951.0 500.0 small-vehicle 1
959.0 480.0 966.0 480.0 968.0 496.0 960.0 497.0 small-vehicle 1
1165.0 432.0 1165.0 426.0 1181.0 427.0 1181.0 432.0 small-vehicle 1
1163.0 422.0 1162.0 415.0 1180.0 415.0 1182.0 423.0 small-vehicle 1
1164.0 408.0 1164.0 400.0 1183.0 400.0 1183.0 408.0 small-vehicle 1
1192.0 445.0 1199.0 445.0 1199.0 460.0 1192.0 460.0 small-vehicle 1
1334.0 471.0 1336.0 478.0 1317.0 480.0 1315.0 473.0 small-vehicle 1
557.0 772.0 556.0 540.0 801.0 533.0 802.0 774.0 baseball-diamond 0
