imagesource:GoogleEarth
gsd:0.49811032101
1179.0 984.0 1172.0 1210.0 864.0 1196.0 868.0 972.0 soccer-ball-field 0
2072.0 1675.0 2076.0 1675.0 2076.0 1686.0 2072.0 1686.0 small-vehicle 1
2064.0 1722.0 2069.0 1722.0 2069.0 1733.0 2064.0 1733.0 small-vehicle 1
2056.0 1722.0 2062.0 1722.0 2062.0 1733.0 2056.0 1733.0 small-vehicle 1
2075.0 1708.0 2079.0 1708.0 2079.0 1717.0 2075.0 1717.0 small-vehicle 1
2070.0 1708.0 2074.0 1708.0 2074.0 1719.0 2070.0 1719.0 small-vehicle 1
2065.0 1708.0 2068.0 1708.0 2068.0 1718.0 2065.0 1718.0 small-vehicle 1
2066.0 1686.0 2070.0 1686.0 2070.0 1695.0 2066.0 1695.0 small-vehicle 1
2057.0 1707.0 2062.0 1707.0 2062.0 1717.0 2057.0 1717.0 small-vehicle 1
2057.0 1686.0 2062.0 1686.0 2062.0 1696.0 2057.0 1696.0 small-vehicle 1
2052.0 1686.0 2056.0 1686.0 2056.0 1695.0 2052.0 1695.0 small-vehicle 1
2045.0 1684.0 2050.0 1684.0 2050.0 1695.0 2045.0 1695.0 small-vehicle 1
2067.0 1676.0 2071.0 1676.0 2071.0 1685.0 2067.0 1685.0 small-vehicle 1
2061.0 1677.0 2065.0 1677.0 2065.0 1686.0 2061.0 1686.0 small-vehicle 1
1280.0 838.0 1289.0 838.0 1289.0 842.0 1280.0 842.0 small-vehicle 1
1303.0 813.0 1313.0 813.0 1313.0 817.0 1303.0 817.0 small-vehicle 1
1279.0 832.0 1290.0 832.0 1290.0 837.0 1279.0 837.0 small-vehicle 1
1280.0 827.0 1290.0 827.0 1290.0 831.0 1280.0 831.0 small-vehicle 1
1280.0 817.0 1290.0 817.0 1290.0 822.0 1280.0 822.0 small-vehicle 1
1301.0 864.0 1311.0 864.0 1311.0 868.0 1301.0 868.0 small-vehicle 1
1301.0 858.0 1311.0 858.0 1311.0 863.0 1301.0 863.0 small-vehicle 1
1302.0 853.0 1312.0 853.0 1312.0 858.0 1302.0 858.0 small-vehicle 1
1302.0 849.0 1312.0 849.0 1312.0 853.0 1302.0 853.0 small-vehicle 1
1302.0 844.0 1312.0 844.0 1312.0 849.0 1302.0 849.0 small-vehicle 1
1303.0 839.0 1312.0 839.0 1312.0 844.0 1303.0 844.0 small-vehicle 1
1303.0 833.0 1313.0 833.0 1313.0 838.0 1303.0 838.0 small-vehicle 1
1303.0 828.0 1312.0 828.0 1312.0 833.0 1303.0 833.0 small-vehicle 1
1303.0 823.0 1313.0 823.0 1313.0 828.0 1303.0 828.0 small-vehicle 1
2071.0 1723.0 2075.0 1723.0 2075.0 1733.0 2071.0 1733.0 small-vehicle 1
2077.0 1723.0 2082.0 1723.0 2082.0 1733.0 2077.0 1733.0 small-vehicle 1
2082.0 1723.0 2087.0 1723.0 2087.0 1733.0 2082.0 1733.0 small-vehicle 1
2056.0 1735.0 2061.0 1735.0 2061.0 1745.0 2056.0 1745.0 small-vehicle 1
1972.0 1693.0 1984.0 1693.0 1984.0 1699.0 1972.0 1699.0 small-vehicle 1
1971.0 1683.0 1981.0 1683.0 1981.0 1687.0 1971.0 1687.0 small-vehicle 1
1971.0 1679.0 1981.0 1679.0 1981.0 1683.0 1971.0 1683.0 small-vehicle 1
1972.0 1673.0 1981.0 1673.0 1981.0 1678.0 1972.0 1678.0 small-vehicle 1
1971.0 1667.0 1982.0 1667.0 1982.0 1673.0 1971.0 1673.0 small-vehicle 1
1971.0 1658.0 1982.0 1658.0 1982.0 1662.0 1971.0 1662.0 small-vehicle 1
1973.0 1653.0 1983.0 1653.0 1983.0 1657.0 1973.0 1657.0 small-vehicle 1
1973.0 1648.0 1982.0 1648.0 1982.0 1653.0 1973.0 1653.0 small-vehicle 1
1973.0 1642.0 1983.0 1642.0 1983.0 1647.0 1973.0 1647.0 small-vehicle 1
1973.0 1636.0 1984.0 1636.0 1984.0 1642.0 1973.0 1642.0 small-vehicle 1
1974.0 1627.0 1983.0 1627.0 1983.0 1632.0 1974.0 1632.0 small-vehicle 1
1975.0 1613.0 1985.0 1613.0 1985.0 1619.0 1975.0 1619.0 small-vehicle 1
1977.0 1823.0 1982.0 1823.0 1982.0 1833.0 1977.0 1833.0 small-vehicle 1
2010.0 1812.0 2015.0 1812.0 2015.0 1823.0 2010.0 1823.0 small-vehicle 1
2000.0 1813.0 2005.0 1813.0 2005.0 1821.0 2000.0 1821.0 small-vehicle 1
1995.0 1811.0 2000.0 1811.0 2000.0 1822.0 1995.0 1822.0 small-vehicle 1
1989.0 1811.0 1994.0 1811.0 1994.0 1822.0 1989.0 1822.0 small-vehicle 1
1983.0 1812.0 1988.0 1812.0 1988.0 1821.0 1983.0 1821.0 small-vehicle 1
1933.0 1741.0 1983.0 1741.0 1983.0 1794.0 1933.0 1794.0 roundabout 0
2073.0 1788.0 2077.0 1788.0 2077.0 1798.0 2073.0 1798.0 small-vehicle 1
2090.0 1735.0 2094.0 1735.0 2094.0 1746.0 2090.0 1746.0 small-vehicle 1
2083.0 1736.0 2087.0 1736.0 2087.0 1746.0 2083.0 1746.0 small-vehicle 1
2076.0 1736.0 2081.0 1736.0 2081.0 1746.0 2076.0 1746.0 small-vehicle 1
2070.0 1737.0 2075.0 1737.0 2075.0 1746.0 2070.0 1746.0 small-vehicle 1
2062.0 1735.0 2066.0 1735.0 2066.0 1745.0 2062.0 1745.0 small-vehicle 1
1303.0 818.0 1313.0 818.0 1313.0 823.0 1303.0 823.0 small-vehicle 1
1303.0 808.0 1313.0 808.0 1313.0 813.0 1303.0 813.0 small-vehicle 1
1996.0 1640.0 2001.0 1640.0 2001.0 1650.0 1996.0 1650.0 small-vehicle 1
617.0 2140.0 621.0 2140.0 620.0 2150.0 617.0 2150.0 small-vehicle 1
945.0 143.0 947.0 145.0 942.0 152.0 939.0 149.0 small-vehicle 1
945.0 142.0 940.0 138.0 950.0 126.0 955.0 130.0 large-vehicle 0
410.0 78.0 413.0 76.0 417.0 86.0 413.0 88.0 small-vehicle 1
403.0 81.0 408.0 80.0 411.0 89.0 407.0 90.0 small-vehicle 1
650.0 797.0 656.0 797.0 656.0 809.0 650.0 809.0 small-vehicle 1
649.0 851.0 654.0 851.0 654.0 862.0 649.0 862.0 small-vehicle 1
617.0 1607.0 623.0 1607.0 623.0 1617.0 617.0 1617.0 small-vehicle 1
626.0 1575.0 631.0 1575.0 631.0 1585.0 626.0 1585.0 small-vehicle 1
512.0 1662.0 517.0 1662.0 517.0 1673.0 512.0 1673.0 small-vehicle 1
665.0 1629.0 672.0 1629.0 672.0 1654.0 665.0 1654.0 large-vehicle 0
531.0 1735.0 535.0 1735.0 535.0 1746.0 531.0 1746.0 small-vehicle 1
520.0 1824.0 633.0 1824.0 633.0 1941.0 520.0 1941.0 roundabout 0
495.0 2278.0 499.0 2278.0 499.0 2287.0 494.0 2288.0 small-vehicle 1
1281.0 807.0 1290.0 807.0 1290.0 813.0 1281.0 813.0 small-vehicle 1
505.0 2381.0 509.0 2382.0 508.0 2389.0 504.0 2389.0 small-vehicle 1
398.0 84.0 402.0 83.0 404.0 90.0 400.0 91.0 small-vehicle 1
393.0 86.0 397.0 86.0 397.0 91.0 393.0 91.0 small-vehicle 1
387.0 88.0 391.0 88.0 392.0 96.0 388.0 96.0 small-vehicle 1
375.0 85.0 377.0 89.0 369.0 93.0 368.0 89.0 large-vehicle 1
376.0 77.0 377.0 81.0 371.0 85.0 369.0 81.0 small-vehicle 1
371.0 62.0 373.0 68.0 364.0 73.0 361.0 68.0 small-vehicle 1
370.0 72.0 372.0 75.0 368.0 80.0 365.0 77.0 small-vehicle 1
364.0 58.0 367.0 62.0 356.0 70.0 353.0 66.0 small-vehicle 1
363.0 44.0 367.0 51.0 348.0 60.0 345.0 54.0 large-vehicle 0
358.0 38.0 359.0 45.0 344.0 49.0 342.0 42.0 large-vehicle 0
322.0 26.0 324.0 29.0 331.0 27.0 330.0 23.0 small-vehicle 1
754.0 363.0 749.0 359.0 755.0 353.0 760.0 356.0 small-vehicle 1
867.0 286.0 863.0 283.0 869.0 275.0 873.0 277.0 small-vehicle 1
882.0 489.0 882.0 484.0 893.0 485.0 893.0 490.0 small-vehicle 1
1056.0 506.0 1056.0 502.0 1065.0 502.0 1065.0 506.0 small-vehicle 1
1282.0 781.0 1291.0 781.0 1291.0 786.0 1282.0 786.0 small-vehicle 1
1304.0 781.0 1314.0 781.0 1314.0 787.0 1304.0 787.0 small-vehicle 1
1304.0 772.0 1314.0 772.0 1314.0 777.0 1304.0 777.0 small-vehicle 1
1298.0 903.0 1297.0 899.0 1305.0 899.0 1305.0 903.0 small-vehicle 1
1297.0 904.0 1306.0 904.0 1306.0 908.0 1297.0 908.0 small-vehicle 1
1297.0 913.0 1307.0 913.0 1307.0 919.0 1297.0 919.0 small-vehicle 1
1296.0 924.0 1305.0 924.0 1305.0 928.0 1296.0 928.0 small-vehicle 1
1294.0 970.0 1304.0 970.0 1304.0 975.0 1294.0 975.0 small-vehicle 1
1293.0 954.0 1304.0 954.0 1304.0 959.0 1293.0 959.0 small-vehicle 1
1295.0 946.0 1305.0 946.0 1305.0 950.0 1295.0 950.0 large-vehicle 1
1295.0 941.0 1306.0 941.0 1306.0 945.0 1295.0 945.0 large-vehicle 1
1295.0 934.0 1306.0 934.0 1306.0 939.0 1295.0 939.0 large-vehicle 1
1274.0 945.0 1274.0 950.0 1283.0 951.0 1284.0 946.0 large-vehicle 1
1274.0 939.0 1274.0 944.0 1283.0 945.0 1284.0 940.0 large-vehicle 1
1275.0 923.0 1274.0 928.0 1284.0 929.0 1284.0 924.0 large-vehicle 1
876.0 728.0 874.0 797.0 983.0 802.0 985.0 732.0 soccer-ball-field 0
1046.0 638.0 1049.0 638.0 1049.0 645.0 1046.0 645.0 small-vehicle 1
1066.0 617.0 1065.0 621.0 1073.0 622.0 1074.0 618.0 small-vehicle 1
1052.0 617.0 1052.0 622.0 1044.0 621.0 1044.0 617.0 small-vehicle 1
888.0 624.0 887.0 628.0 880.0 628.0 880.0 624.0 small-vehicle 1
1073.0 478.0 1076.0 476.0 1080.0 483.0 1077.0 486.0 small-vehicle 1
1066.0 478.0 1070.0 476.0 1073.0 484.0 1070.0 485.0 small-vehicle 1
1061.0 477.0 1065.0 476.0 1067.0 485.0 1064.0 485.0 small-vehicle 1
1080.0 507.0 1080.0 502.0 1087.0 502.0 1087.0 506.0 small-vehicle 1
1069.0 506.0 1069.0 502.0 1077.0 501.0 1077.0 506.0 small-vehicle 1
1974.0 1700.0 1984.0 1700.0 1984.0 1705.0 1974.0 1705.0 small-vehicle 1
1996.0 1651.0 2000.0 1651.0 2000.0 1660.0 1996.0 1660.0 small-vehicle 1
1110.0 1320.0 1264.0 1326.0 1257.0 1548.0 1105.0 1547.0 soccer-ball-field 0
1288.0 1236.0 1288.0 1231.0 1299.0 1232.0 1299.0 1235.0 small-vehicle 1
1152.0 509.0 1152.0 506.0 1159.0 506.0 1159.0 509.0 small-vehicle 1
1136.0 508.0 1137.0 505.0 1144.0 505.0 1143.0 507.0 small-vehicle 1
1126.0 507.0 1126.0 504.0 1134.0 506.0 1134.0 508.0 small-vehicle 1
1115.0 507.0 1115.0 504.0 1124.0 504.0 1123.0 508.0 small-vehicle 1
1105.0 507.0 1106.0 503.0 1114.0 503.0 1114.0 507.0 small-vehicle 1
1093.0 507.0 1092.0 503.0 1101.0 503.0 1101.0 507.0 small-vehicle 1
1147.0 481.0 1150.0 480.0 1152.0 487.0 1150.0 490.0 small-vehicle 1
1101.0 481.0 1103.0 480.0 1106.0 484.0 1104.0 486.0 small-vehicle 1
1091.0 480.0 1093.0 478.0 1097.0 483.0 1094.0 484.0 small-vehicle 1
1085.0 478.0 1088.0 476.0 1092.0 486.0 1088.0 486.0 small-vehicle 1
1079.0 479.0 1082.0 477.0 1085.0 482.0 1083.0 484.0 small-vehicle 1
1246.0 1210.0 1245.0 1206.0 1253.0 1206.0 1254.0 1209.0 small-vehicle 1
1289.0 1226.0 1289.0 1223.0 1297.0 1224.0 1298.0 1226.0 small-vehicle 1
1718.0 1211.0 1870.0 1217.0 1863.0 1438.0 1710.0 1438.0 soccer-ball-field 0
1290.0 1221.0 1290.0 1216.0 1299.0 1217.0 1299.0 1222.0 small-vehicle 1
184.0 456.0 185.0 448.0 204.0 450.0 204.0 457.0 large-vehicle 0
301.0 458.0 301.0 452.0 321.0 455.0 320.0 458.0 large-vehicle 0
375.0 461.0 375.0 455.0 397.0 456.0 397.0 460.0 large-vehicle 0
348.0 457.0 350.0 454.0 359.0 456.0 359.0 460.0 small-vehicle 1
266.0 125.0 269.0 124.0 274.0 132.0 271.0 133.0 small-vehicle 1
253.0 127.0 257.0 125.0 261.0 132.0 257.0 134.0 small-vehicle 1
1335.0 1186.0 1490.0 1191.0 1482.0 1418.0 1326.0 1412.0 soccer-ball-field 1
502.0 420.0 745.0 420.0 745.0 669.0 502.0 669.0 roundabout 0
1349.0 792.0 1502.0 799.0 1496.0 1026.0 1340.0 1021.0 soccer-ball-field 0
1542.0 783.0 1693.0 789.0 1687.0 1016.0 1533.0 1010.0 soccer-ball-field 0
1731.0 806.0 1883.0 814.0 1878.0 1038.0 1723.0 1033.0 soccer-ball-field 0
1169.0 509.0 1168.0 505.0 1176.0 506.0 1176.0 508.0 small-vehicle 1
1179.0 509.0 1178.0 505.0 1187.0 505.0 1187.0 510.0 small-vehicle 1
1190.0 509.0 1189.0 507.0 1198.0 506.0 1198.0 509.0 small-vehicle 1
1202.0 510.0 1201.0 505.0 1208.0 506.0 1209.0 510.0 small-vehicle 1
942.0 1319.0 1094.0 1325.0 1089.0 1552.0 933.0 1544.0 soccer-ball-field 0
1914.0 2374.0 1918.0 2377.0 1913.0 2385.0 1911.0 2383.0 small-vehicle 1
2015.0 1832.0 2013.0 1828.0 2020.0 1826.0 2023.0 1828.0 small-vehicle 1
1900.0 1238.0 1901.0 1234.0 1908.0 1234.0 1908.0 1237.0 small-vehicle 1
1962.0 1223.0 1961.0 1219.0 1971.0 1219.0 1971.0 1222.0 small-vehicle 1
1961.0 1233.0 1962.0 1229.0 1968.0 1230.0 1969.0 1232.0 small-vehicle 1
1961.0 1241.0 1960.0 1236.0 1968.0 1237.0 1969.0 1241.0 small-vehicle 1
1959.0 1325.0 1959.0 1321.0 1967.0 1321.0 1967.0 1323.0 small-vehicle 1
1961.0 1320.0 1960.0 1316.0 1967.0 1316.0 1968.0 1319.0 small-vehicle 1
1898.0 1296.0 1897.0 1291.0 1906.0 1291.0 1908.0 1295.0 small-vehicle 1
1898.0 1281.0 1898.0 1278.0 1909.0 1278.0 1909.0 1282.0 small-vehicle 1
1925.0 1249.0 1924.0 1244.0 1932.0 1244.0 1932.0 1247.0 small-vehicle 1
1925.0 1239.0 1925.0 1234.0 1933.0 1235.0 1933.0 1238.0 small-vehicle 1
1925.0 1226.0 1925.0 1223.0 1932.0 1223.0 1931.0 1226.0 small-vehicle 1
1938.0 1244.0 1938.0 1240.0 1947.0 1240.0 1947.0 1243.0 small-vehicle 1
1133.0 483.0 1135.0 481.0 1140.0 486.0 1138.0 488.0 small-vehicle 1
1128.0 482.0 1131.0 480.0 1133.0 486.0 1130.0 489.0 small-vehicle 1
1107.0 481.0 1109.0 479.0 1112.0 484.0 1110.0 487.0 small-vehicle 1
1112.0 480.0 1115.0 477.0 1119.0 485.0 1118.0 488.0 small-vehicle 1
1140.0 481.0 1143.0 478.0 1145.0 486.0 1143.0 487.0 small-vehicle 1
1154.0 482.0 1157.0 481.0 1161.0 487.0 1158.0 488.0 small-vehicle 1
1160.0 481.0 1163.0 481.0 1165.0 485.0 1162.0 487.0 small-vehicle 1
1166.0 481.0 1169.0 480.0 1172.0 486.0 1170.0 487.0 small-vehicle 1
1180.0 484.0 1183.0 484.0 1185.0 486.0 1183.0 489.0 small-vehicle 1
1185.0 482.0 1189.0 481.0 1192.0 486.0 1190.0 488.0 small-vehicle 1
1540.0 1230.0 1665.0 1234.0 1658.0 1418.0 1532.0 1416.0 soccer-ball-field 0
1165.0 1644.0 1319.0 1652.0 1310.0 1881.0 1156.0 1876.0 soccer-ball-field 0
2001.0 1652.0 2005.0 1652.0 2005.0 1660.0 2001.0 1660.0 small-vehicle 1
2011.0 1684.0 2015.0 1684.0 2015.0 1694.0 2011.0 1694.0 small-vehicle 1
2041.0 650.0 2051.0 650.0 2051.0 656.0 2041.0 656.0 small-vehicle 1
2029.0 652.0 2037.0 652.0 2037.0 656.0 2029.0 656.0 small-vehicle 1
2009.0 650.0 2017.0 650.0 2017.0 655.0 2009.0 655.0 small-vehicle 1
1997.0 650.0 2006.0 650.0 2006.0 655.0 1997.0 655.0 small-vehicle 1
1984.0 651.0 1992.0 651.0 1992.0 655.0 1984.0 655.0 small-vehicle 1
1934.0 648.0 1942.0 648.0 1942.0 653.0 1934.0 653.0 small-vehicle 1
1922.0 649.0 1930.0 649.0 1930.0 653.0 1922.0 653.0 small-vehicle 1
1896.0 647.0 1904.0 647.0 1904.0 652.0 1896.0 652.0 small-vehicle 1
1919.0 1080.0 1915.0 1076.0 1922.0 1065.0 1927.0 1068.0 large-vehicle 1
2025.0 1684.0 2029.0 1684.0 2029.0 1692.0 2025.0 1692.0 small-vehicle 1
2021.0 1683.0 2024.0 1683.0 2024.0 1692.0 2021.0 1692.0 small-vehicle 1
2015.0 1684.0 2020.0 1684.0 2020.0 1693.0 2015.0 1693.0 small-vehicle 1
2005.0 1685.0 2011.0 1685.0 2011.0 1693.0 2005.0 1693.0 small-vehicle 1
2167.0 485.0 2412.0 485.0 2412.0 726.0 2167.0 726.0 roundabout 0
2000.0 1684.0 2005.0 1684.0 2005.0 1694.0 2000.0 1694.0 small-vehicle 1
1994.0 1684.0 1999.0 1684.0 1999.0 1694.0 1994.0 1694.0 small-vehicle 1
2025.0 1674.0 2030.0 1674.0 2030.0 1682.0 2025.0 1682.0 small-vehicle 1
2021.0 1672.0 2025.0 1672.0 2025.0 1682.0 2021.0 1682.0 small-vehicle 1
2015.0 1674.0 2019.0 1674.0 2019.0 1683.0 2015.0 1683.0 small-vehicle 1
2011.0 1674.0 2014.0 1674.0 2014.0 1683.0 2011.0 1683.0 small-vehicle 1
2005.0 1673.0 2011.0 1673.0 2011.0 1684.0 2005.0 1684.0 small-vehicle 1
2001.0 1673.0 2005.0 1673.0 2005.0 1683.0 2001.0 1683.0 small-vehicle 1
1995.0 1674.0 1999.0 1674.0 1999.0 1682.0 1995.0 1682.0 small-vehicle 1
2026.0 1652.0 2031.0 1652.0 2031.0 1664.0 2026.0 1664.0 small-vehicle 1
2017.0 1652.0 2022.0 1652.0 2022.0 1662.0 2017.0 1662.0 small-vehicle 1
2011.0 1652.0 2016.0 1652.0 2016.0 1662.0 2011.0 1662.0 small-vehicle 1
2053.0 653.0 2062.0 653.0 2062.0 658.0 2053.0 658.0 small-vehicle 1
2019.0 671.0 2023.0 671.0 2023.0 680.0 2019.0 680.0 small-vehicle 1
2026.0 671.0 2031.0 671.0 2031.0 680.0 2026.0 680.0 small-vehicle 1
2033.0 672.0 2038.0 672.0 2038.0 682.0 2033.0 682.0 small-vehicle 1
3021.0 971.0 3049.0 971.0 3049.0 999.0 3021.0 999.0 roundabout 0
3014.0 1256.0 3017.0 1260.0 3009.0 1266.0 3006.0 1263.0 small-vehicle 1
2946.0 1380.0 2950.0 1380.0 2950.0 1390.0 2945.0 1391.0 small-vehicle 1
2945.0 1412.0 2951.0 1412.0 2952.0 1423.0 2947.0 1424.0 small-vehicle 1
2951.0 1444.0 2957.0 1442.0 2960.0 1452.0 2954.0 1454.0 small-vehicle 1
2978.0 1491.0 2981.0 1488.0 2986.0 1495.0 2982.0 1498.0 small-vehicle 1
3021.0 1530.0 3024.0 1525.0 3033.0 1532.0 3030.0 1535.0 small-vehicle 1
2681.0 956.0 2747.0 956.0 2747.0 1020.0 2681.0 1020.0 roundabout 0
2251.0 743.0 2251.0 747.0 2258.0 749.0 2259.0 744.0 small-vehicle 1
2242.0 741.0 2241.0 744.0 2249.0 747.0 2250.0 744.0 small-vehicle 1
2177.0 696.0 2174.0 698.0 2179.0 705.0 2183.0 702.0 small-vehicle 1
2288.0 747.0 2299.0 747.0 2299.0 752.0 2288.0 752.0 large-vehicle 1
2273.0 420.0 2280.0 420.0 2280.0 434.0 2273.0 434.0 large-vehicle 1
1910.0 911.0 1919.0 911.0 1919.0 916.0 1910.0 916.0 small-vehicle 1
1971.0 969.0 1980.0 969.0 1980.0 975.0 1971.0 975.0 small-vehicle 1
1934.0 952.0 1942.0 952.0 1942.0 956.0 1934.0 956.0 small-vehicle 1
1908.0 972.0 1918.0 972.0 1918.0 977.0 1908.0 977.0 small-vehicle 1
1908.0 960.0 1918.0 960.0 1918.0 965.0 1908.0 965.0 small-vehicle 1
1908.0 950.0 1918.0 950.0 1918.0 956.0 1908.0 956.0 small-vehicle 1
2100.0 833.0 2103.0 833.0 2103.0 841.0 2100.0 841.0 small-vehicle 1
2075.0 675.0 2079.0 675.0 2079.0 683.0 2075.0 683.0 small-vehicle 1
2060.0 674.0 2063.0 674.0 2063.0 682.0 2060.0 682.0 small-vehicle 1
2053.0 673.0 2058.0 673.0 2058.0 682.0 2053.0 682.0 small-vehicle 1
2047.0 673.0 2052.0 673.0 2052.0 682.0 2047.0 682.0 small-vehicle 1
2041.0 674.0 2045.0 674.0 2045.0 682.0 2041.0 682.0 small-vehicle 1
321.0 21.0 322.0 24.0 330.0 21.0 329.0 18.0 small-vehicle 1
