imagesource:GoogleEarth
gsd:0.268982799509
639.0 128.0 646.0 129.0 645.0 142.0 639.0 141.0 small-vehicle 1
314.0 411.0 322.0 411.0 322.0 426.0 315.0 426.0 small-vehicle 1
364.0 395.0 365.0 389.0 383.0 387.0 383.0 393.0 small-vehicle 1
363.0 386.0 363.0 377.0 384.0 378.0 385.0 385.0 small-vehicle 1
384.0 368.0 385.0 375.0 364.0 376.0 364.0 370.0 small-vehicle 1
644.0 407.0 649.0 407.0 648.0 421.0 643.0 419.0 small-vehicle 1
648.0 363.0 657.0 364.0 654.0 382.0 648.0 381.0 small-vehicle 1
649.0 342.0 654.0 342.0 655.0 358.0 649.0 358.0 small-vehicle 1
657.0 334.0 651.0 333.0 651.0 321.0 657.0 320.0 small-vehicle 1
658.0 315.0 650.0 316.0 652.0 300.0 658.0 298.0 small-vehicle 1
660.0 294.0 652.0 293.0 654.0 277.0 660.0 277.0 small-vehicle 1
662.0 265.0 654.0 265.0 656.0 248.0 662.0 247.0 small-vehicle 1
665.0 243.0 659.0 242.0 659.0 225.0 664.0 224.0 small-vehicle 1
665.0 223.0 656.0 223.0 657.0 204.0 663.0 203.0 small-vehicle 1
584.0 156.0 585.0 150.0 601.0 151.0 602.0 157.0 small-vehicle 1
677.0 75.0 670.0 74.0 671.0 55.0 677.0 54.0 small-vehicle 1
673.0 124.0 666.0 124.0 666.0 105.0 673.0 105.0 small-vehicle 1
596.0 171.0 596.0 179.0 577.0 178.0 577.0 170.0 small-vehicle 1
498.0 140.0 491.0 133.0 503.0 119.0 510.0 124.0 small-vehicle 1
359.0 114.0 353.0 117.0 346.0 100.0 352.0 97.0 small-vehicle 1
317.0 91.0 313.0 85.0 332.0 79.0 335.0 85.0 small-vehicle 1
453.0 489.0 539.0 486.0 540.0 526.0 454.0 527.0 tennis-court 0
448.0 434.0 539.0 434.0 539.0 475.0 450.0 476.0 tennis-court 0
367.0 407.0 365.0 401.0 383.0 399.0 384.0 405.0 small-vehicle 1
261.0 423.0 267.0 423.0 269.0 437.0 262.0 437.0 small-vehicle 1
577.0 717.0 575.0 708.0 595.0 707.0 595.0 716.0 small-vehicle 1
250.0 422.0 257.0 421.0 257.0 438.0 250.0 440.0 small-vehicle 1
310.0 758.0 308.0 752.0 322.0 747.0 326.0 753.0 small-vehicle 1
348.0 696.0 356.0 693.0 363.0 710.0 356.0 713.0 small-vehicle 1
360.0 696.0 365.0 696.0 368.0 713.0 362.0 713.0 small-vehicle 1
424.0 705.0 421.0 698.0 440.0 694.0 443.0 701.0 small-vehicle 1
629.0 638.0 637.0 639.0 636.0 658.0 627.0 656.0 small-vehicle 1
631.0 615.0 639.0 615.0 637.0 633.0 630.0 633.0 small-vehicle 1
632.0 592.0 640.0 591.0 640.0 611.0 632.0 611.0 small-vehicle 1
635.0 525.0 644.0 526.0 643.0 542.0 633.0 541.0 small-vehicle 1
639.0 505.0 645.0 506.0 644.0 524.0 636.0 523.0 small-vehicle 1
235.0 311.0 242.0 306.0 250.0 322.0 243.0 325.0 small-vehicle 1
189.0 283.0 189.0 273.0 213.0 276.0 212.0 284.0 small-vehicle 1
193.0 297.0 193.0 290.0 214.0 293.0 214.0 299.0 small-vehicle 1
193.0 308.0 193.0 300.0 214.0 301.0 213.0 308.0 small-vehicle 1
192.0 321.0 192.0 313.0 216.0 314.0 214.0 320.0 small-vehicle 1
191.0 333.0 193.0 325.0 212.0 326.0 212.0 335.0 small-vehicle 1
198.0 352.0 198.0 345.0 217.0 345.0 216.0 352.0 small-vehicle 1
197.0 363.0 198.0 355.0 217.0 355.0 217.0 362.0 small-vehicle 1
197.0 375.0 198.0 368.0 218.0 368.0 217.0 375.0 small-vehicle 1
196.0 398.0 197.0 390.0 214.0 391.0 216.0 399.0 small-vehicle 1
197.0 415.0 197.0 407.0 216.0 407.0 216.0 414.0 small-vehicle 1
202.0 422.0 202.0 416.0 218.0 416.0 219.0 424.0 small-vehicle 1
448.0 385.0 536.0 382.0 536.0 422.0 449.0 426.0 tennis-court 0
