imagesource:GoogleEarth
gsd:0.137199724602
1374.0 1138.0 1388.0 1156.0 1307.0 1220.0 1294.0 1201.0 large-vehicle 0
355.0 1045.0 451.0 1010.0 475.0 1068.0 386.0 1112.0 plane 0
70.0 964.0 52.0 956.0 67.0 919.0 85.0 925.0 small-vehicle 0
74.0 447.0 82.0 430.0 115.0 446.0 108.0 462.0 small-vehicle 0
25.0 487.0 9.0 479.0 25.0 451.0 40.0 459.0 small-vehicle 0
97.0 490.0 90.0 505.0 56.0 490.0 62.0 475.0 small-vehicle 0
78.0 567.0 86.0 553.0 116.0 567.0 109.0 582.0 small-vehicle 0
86.0 547.0 93.0 531.0 129.0 545.0 122.0 561.0 small-vehicle 0
94.0 524.0 100.0 509.0 137.0 524.0 131.0 539.0 small-vehicle 0
118.0 463.0 124.0 447.0 164.0 462.0 159.0 479.0 small-vehicle 0
1619.0 757.0 1701.0 790.0 1672.0 862.0 1588.0 829.0 plane 0
1710.0 791.0 1797.0 816.0 1782.0 881.0 1690.0 859.0 plane 0
1571.0 647.0 1547.0 711.0 1494.0 691.0 1520.0 629.0 plane 0
1699.0 708.0 1729.0 634.0 1775.0 651.0 1751.0 727.0 plane 0
1739.0 595.0 1765.0 521.0 1819.0 538.0 1797.0 616.0 plane 0
133.0 924.0 166.0 859.0 220.0 884.0 189.0 950.0 plane 0
44.0 1141.0 58.0 1148.0 42.0 1178.0 27.0 1170.0 small-vehicle 0
252.0 942.0 225.0 1017.0 171.0 1001.0 199.0 921.0 plane 0
301.0 844.0 261.0 938.0 207.0 914.0 244.0 817.0 plane 0
181.0 835.0 214.0 760.0 257.0 778.0 225.0 856.0 plane 0
348.0 770.0 320.0 847.0 249.0 818.0 277.0 742.0 plane 0
209.0 742.0 238.0 667.0 288.0 685.0 261.0 762.0 plane 0
364.0 666.0 340.0 739.0 280.0 713.0 305.0 642.0 plane 0
408.0 562.0 370.0 653.0 315.0 632.0 356.0 540.0 plane 0
275.0 568.0 309.0 467.0 391.0 493.0 363.0 593.0 plane 0
443.0 486.0 408.0 554.0 357.0 529.0 390.0 460.0 plane 0
319.0 453.0 349.0 394.0 399.0 417.0 369.0 477.0 plane 0
483.0 380.0 446.0 471.0 386.0 450.0 426.0 355.0 plane 0
360.0 369.0 387.0 300.0 441.0 319.0 413.0 389.0 plane 0
97.0 236.0 146.0 111.0 261.0 161.0 204.0 281.0 plane 0
20.0 1129.0 33.0 1136.0 17.0 1168.0 4.0 1162.0 small-vehicle 0
61.0 1154.0 78.0 1160.0 59.0 1200.0 41.0 1192.0 small-vehicle 0
1358.0 1121.0 1373.0 1138.0 1293.0 1201.0 1279.0 1184.0 large-vehicle 0
734.0 1313.0 744.0 1329.0 719.0 1349.0 709.0 1335.0 small-vehicle 0
890.0 1221.0 906.0 1227.0 895.0 1260.0 881.0 1256.0 small-vehicle 1
419.0 1113.0 434.0 1120.0 422.0 1151.0 407.0 1147.0 small-vehicle 1
729.0 963.0 716.0 958.0 727.0 924.0 738.0 926.0 small-vehicle 1
777.0 831.0 763.0 825.0 778.0 786.0 793.0 792.0 small-vehicle 1
818.0 725.0 831.0 732.0 814.0 766.0 800.0 760.0 small-vehicle 1
1536.0 760.0 1561.0 769.0 1537.0 838.0 1512.0 829.0 large-vehicle 0
1329.0 672.0 1344.0 678.0 1329.0 709.0 1315.0 703.0 small-vehicle 0
1304.0 662.0 1318.0 666.0 1307.0 701.0 1294.0 698.0 small-vehicle 0
1571.0 765.0 1587.0 771.0 1571.0 810.0 1556.0 804.0 small-vehicle 0
1032.0 1312.0 1016.0 1307.0 1028.0 1275.0 1044.0 1283.0 small-vehicle 0
840.0 1300.0 857.0 1306.0 838.0 1348.0 822.0 1342.0 small-vehicle 0
819.0 1288.0 835.0 1295.0 817.0 1342.0 800.0 1335.0 small-vehicle 0
749.0 1309.0 730.0 1302.0 746.0 1264.0 764.0 1271.0 small-vehicle 0
692.0 1294.0 702.0 1311.0 668.0 1335.0 657.0 1319.0 small-vehicle 0
22.0 1175.0 37.0 1184.0 20.0 1216.0 6.0 1207.0 small-vehicle 0
41.0 1198.0 56.0 1204.0 41.0 1239.0 25.0 1233.0 small-vehicle 0
61.0 609.0 66.0 591.0 105.0 607.0 99.0 625.0 small-vehicle 0
104.0 502.0 110.0 484.0 151.0 498.0 144.0 517.0 small-vehicle 0
113.0 482.0 118.0 468.0 152.0 479.0 147.0 494.0 small-vehicle 0
71.0 466.0 77.0 451.0 112.0 465.0 105.0 481.0 small-vehicle 0
581.0 361.0 560.0 365.0 552.0 310.0 573.0 309.0 large-vehicle 0
87.0 518.0 81.0 535.0 49.0 524.0 57.0 506.0 small-vehicle 0
1347.0 687.0 1363.0 695.0 1347.0 729.0 1331.0 721.0 small-vehicle 0
1500.0 769.0 1516.0 773.0 1505.0 808.0 1489.0 803.0 small-vehicle 0
1366.0 695.0 1380.0 704.0 1364.0 732.0 1350.0 724.0 small-vehicle 0
959.0 1258.0 976.0 1264.0 963.0 1301.0 946.0 1294.0 small-vehicle 0
705.0 1242.0 721.0 1250.0 705.0 1285.0 689.0 1278.0 small-vehicle 0
442.0 1124.0 460.0 1130.0 442.0 1168.0 426.0 1160.0 small-vehicle 0
314.0 49.0 277.0 131.0 185.0 96.0 223.0 11.0 plane 0
