imagesource:GoogleEarth
gsd:0.134810099448
4993.0 993.0 4987.0 1067.0 4938.0 1063.0 4944.0 990.0 plane 0
3106.0 666.0 3031.0 659.0 3043.0 601.0 3116.0 609.0 plane 0
2990.0 542.0 3071.0 552.0 3064.0 608.0 2982.0 600.0 plane 0
2889.0 539.0 2971.0 548.0 2965.0 597.0 2882.0 589.0 plane 0
2785.0 533.0 2864.0 536.0 2861.0 591.0 2781.0 588.0 plane 0
3413.0 902.0 3501.0 890.0 3513.0 947.0 3425.0 958.0 plane 0
1470.0 1320.0 1429.0 1390.0 1375.0 1363.0 1411.0 1289.0 plane 0
1258.0 1462.0 1298.0 1399.0 1343.0 1427.0 1301.0 1491.0 plane 0
1355.0 1497.0 1321.0 1559.0 1279.0 1537.0 1309.0 1473.0 plane 0
1199.0 1541.0 1242.0 1476.0 1286.0 1508.0 1243.0 1575.0 plane 0
1205.0 1292.0 1171.0 1349.0 1125.0 1322.0 1158.0 1262.0 plane 0
1044.0 1342.0 1081.0 1273.0 1133.0 1301.0 1091.0 1378.0 plane 0
1156.0 1373.0 1115.0 1441.0 1072.0 1410.0 1114.0 1346.0 plane 0
1094.0 1449.0 1049.0 1519.0 1014.0 1499.0 1060.0 1424.0 plane 0
998.0 1423.0 1042.0 1356.0 1084.0 1384.0 1042.0 1454.0 plane 0
948.0 1509.0 986.0 1445.0 1024.0 1469.0 987.0 1536.0 plane 0
3010.0 868.0 3094.0 881.0 3087.0 936.0 3000.0 923.0 plane 0
2904.0 862.0 2985.0 870.0 2983.0 925.0 2901.0 916.0 plane 0
2696.0 853.0 2777.0 859.0 2775.0 911.0 2692.0 906.0 plane 0
2805.0 851.0 2886.0 866.0 2877.0 920.0 2792.0 906.0 plane 0
2592.0 908.0 2638.0 838.0 2688.0 871.0 2650.0 943.0 plane 0
2719.0 958.0 2665.0 1020.0 2623.0 982.0 2673.0 919.0 plane 0
2534.0 991.0 2574.0 927.0 2629.0 961.0 2590.0 1026.0 plane 0
2479.0 1078.0 2525.0 1011.0 2580.0 1046.0 2536.0 1114.0 plane 0
2687.0 1042.0 2611.0 1128.0 2552.0 1074.0 2624.0 990.0 plane 0
2309.0 958.0 2260.0 1024.0 2212.0 984.0 2261.0 923.0 plane 0
2242.0 823.0 2287.0 756.0 2334.0 788.0 2290.0 862.0 plane 0
2421.0 782.0 2379.0 853.0 2327.0 819.0 2371.0 749.0 plane 0
2483.0 693.0 2435.0 764.0 2382.0 730.0 2427.0 662.0 plane 0
2535.0 609.0 2491.0 674.0 2442.0 641.0 2485.0 574.0 plane 0
2591.0 518.0 2546.0 587.0 2491.0 554.0 2537.0 486.0 plane 0
3102.0 550.0 3159.0 558.0 3153.0 602.0 3095.0 593.0 plane 0
3206.0 666.0 3123.0 664.0 3126.0 604.0 3211.0 606.0 plane 0
5329.0 1157.0 5342.0 1157.0 5342.0 1190.0 5327.0 1190.0 small-vehicle 1
3313.0 673.0 3233.0 665.0 3240.0 607.0 3319.0 618.0 plane 0
5195.0 462.0 5252.0 406.0 5289.0 442.0 5233.0 500.0 plane 0
5356.0 448.0 5349.0 538.0 5285.0 531.0 5290.0 443.0 plane 0
5502.0 462.0 5502.0 563.0 5427.0 562.0 5429.0 459.0 plane 0
5611.0 558.0 5618.0 477.0 5675.0 480.0 5668.0 564.0 plane 0
5669.0 891.0 5612.0 972.0 5557.0 932.0 5606.0 854.0 plane 0
5630.0 1278.0 5743.0 1294.0 5731.0 1382.0 5625.0 1369.0 plane 0
5612.0 1029.0 5657.0 1090.0 5609.0 1126.0 5562.0 1064.0 plane 0
5019.0 751.0 5011.0 827.0 4944.0 818.0 4949.0 745.0 plane 0
5047.0 551.0 5042.0 626.0 4985.0 623.0 4988.0 546.0 plane 0
5050.0 432.0 5048.0 512.0 4995.0 508.0 4993.0 429.0 plane 0
4921.0 565.0 4926.0 490.0 4989.0 493.0 4984.0 572.0 plane 0
4593.0 518.0 4595.0 428.0 4667.0 430.0 4663.0 521.0 plane 0
4734.0 529.0 4727.0 642.0 4643.0 633.0 4650.0 523.0 plane 0
3961.0 869.0 3960.0 794.0 4023.0 795.0 4020.0 874.0 plane 0
3968.0 774.0 3968.0 698.0 4024.0 697.0 4026.0 772.0 plane 0
3988.0 505.0 3989.0 431.0 4047.0 432.0 4049.0 503.0 plane 0
3835.0 683.0 3733.0 680.0 3738.0 608.0 3835.0 615.0 plane 0
3714.0 677.0 3628.0 671.0 3632.0 606.0 3722.0 614.0 plane 0
3585.0 694.0 3509.0 678.0 3522.0 608.0 3599.0 621.0 plane 0
3752.0 440.0 3660.0 431.0 3665.0 368.0 3754.0 376.0 plane 0
3642.0 427.0 3561.0 416.0 3566.0 359.0 3649.0 370.0 plane 0
3538.0 420.0 3459.0 409.0 3467.0 353.0 3548.0 363.0 plane 0
3442.0 414.0 3360.0 411.0 3360.0 349.0 3442.0 352.0 plane 0
3333.0 412.0 3258.0 405.0 3261.0 346.0 3337.0 352.0 plane 0
3236.0 400.0 3163.0 395.0 3162.0 338.0 3239.0 341.0 plane 0
3122.0 395.0 3058.0 387.0 3067.0 337.0 3127.0 347.0 plane 0
3030.0 397.0 2949.0 385.0 2960.0 329.0 3041.0 343.0 plane 0
3389.0 568.0 3471.0 568.0 3475.0 622.0 3390.0 623.0 plane 0
3300.0 553.0 3372.0 564.0 3365.0 618.0 3289.0 605.0 plane 0
2649.0 431.0 2606.0 503.0 2556.0 474.0 2595.0 405.0 plane 0
2711.0 339.0 2666.0 414.0 2606.0 384.0 2646.0 308.0 plane 0
2204.0 371.0 2246.0 305.0 2293.0 336.0 2248.0 405.0 plane 0
2326.0 419.0 2278.0 485.0 2230.0 447.0 2278.0 382.0 plane 0
1281.0 770.0 1321.0 714.0 1357.0 737.0 1318.0 798.0 plane 0
1336.0 907.0 1294.0 976.0 1251.0 948.0 1295.0 879.0 plane 0
1277.0 993.0 1227.0 1063.0 1186.0 1036.0 1231.0 961.0 plane 0
1108.0 1037.0 1149.0 967.0 1194.0 997.0 1148.0 1067.0 plane 0
801.0 1251.0 857.0 1169.0 919.0 1208.0 871.0 1292.0 plane 0
927.0 1292.0 890.0 1349.0 843.0 1322.0 884.0 1257.0 plane 0
875.0 1371.0 831.0 1439.0 784.0 1411.0 833.0 1340.0 plane 0
822.0 1458.0 780.0 1527.0 733.0 1498.0 774.0 1425.0 plane 0
664.0 1506.0 702.0 1447.0 741.0 1470.0 710.0 1532.0 plane 0
434.0 1423.0 472.0 1363.0 513.0 1391.0 475.0 1450.0 plane 0
486.0 1336.0 523.0 1274.0 579.0 1310.0 537.0 1375.0 plane 0
720.0 1191.0 661.0 1287.0 591.0 1241.0 650.0 1147.0 plane 0
981.0 776.0 929.0 840.0 889.0 807.0 937.0 741.0 plane 0
926.0 649.0 971.0 587.0 1019.0 621.0 979.0 685.0 plane 0
1085.0 595.0 1041.0 663.0 999.0 633.0 1041.0 566.0 plane 0
1020.0 469.0 1071.0 407.0 1130.0 459.0 1082.0 523.0 plane 0
1191.0 430.0 1151.0 494.0 1109.0 466.0 1148.0 402.0 plane 0
1100.0 392.0 1139.0 337.0 1176.0 362.0 1139.0 417.0 plane 0
1151.0 297.0 1190.0 238.0 1246.0 272.0 1204.0 336.0 plane 0
993.0 331.0 938.0 411.0 882.0 369.0 935.0 292.0 plane 0
926.0 417.0 882.0 486.0 833.0 454.0 880.0 386.0 plane 0
893.0 498.0 829.0 591.0 761.0 544.0 825.0 449.0 plane 0
755.0 682.0 716.0 735.0 676.0 703.0 714.0 649.0 plane 0
921.0 860.0 890.0 920.0 837.0 892.0 874.0 833.0 plane 0
704.0 993.0 752.0 926.0 799.0 956.0 755.0 1033.0 plane 0
649.0 845.0 607.0 915.0 553.0 884.0 596.0 812.0 plane 0
473.0 1109.0 440.0 1159.0 407.0 1141.0 441.0 1086.0 plane 0
377.0 1278.0 333.0 1346.0 279.0 1307.0 329.0 1240.0 plane 0
322.0 1360.0 275.0 1430.0 224.0 1396.0 271.0 1326.0 plane 0
1454.0 738.0 1409.0 800.0 1366.0 771.0 1411.0 709.0 plane 0
1342.0 686.0 1377.0 635.0 1413.0 658.0 1378.0 711.0 plane 0
1504.0 647.0 1466.0 710.0 1419.0 681.0 1454.0 618.0 plane 0
1424.0 1054.0 1473.0 982.0 1520.0 1012.0 1474.0 1092.0 plane 0
2146.0 461.0 2191.0 393.0 2233.0 417.0 2191.0 489.0 plane 0
2089.0 546.0 2133.0 479.0 2179.0 510.0 2136.0 581.0 plane 0
2211.0 591.0 2168.0 657.0 2117.0 626.0 2157.0 557.0 plane 0
2036.0 636.0 2077.0 567.0 2121.0 595.0 2077.0 664.0 plane 0
1977.0 721.0 2018.0 653.0 2063.0 681.0 2019.0 747.0 plane 0
2096.0 771.0 2063.0 830.0 2012.0 803.0 2046.0 743.0 plane 0
1924.0 808.0 1964.0 744.0 2010.0 771.0 1969.0 842.0 plane 0
2049.0 856.0 1995.0 921.0 1950.0 882.0 2003.0 819.0 plane 0
1867.0 892.0 1907.0 832.0 1951.0 862.0 1913.0 920.0 plane 0
1983.0 950.0 1947.0 1006.0 1899.0 975.0 1936.0 916.0 plane 0
1808.0 976.0 1844.0 918.0 1890.0 942.0 1855.0 1005.0 plane 0
1932.0 1034.0 1889.0 1100.0 1833.0 1062.0 1881.0 997.0 plane 0
1751.0 1066.0 1795.0 1006.0 1839.0 1033.0 1799.0 1099.0 plane 0
1488.0 966.0 1523.0 905.0 1572.0 927.0 1539.0 991.0 plane 0
1566.0 557.0 1525.0 631.0 1468.0 602.0 1512.0 525.0 plane 0
1665.0 926.0 1617.0 994.0 1566.0 957.0 1614.0 887.0 plane 0
1540.0 881.0 1586.0 811.0 1635.0 846.0 1588.0 913.0 plane 0
1719.0 840.0 1673.0 907.0 1628.0 878.0 1671.0 807.0 plane 0
1595.0 791.0 1640.0 724.0 1688.0 753.0 1646.0 826.0 plane 0
1773.0 747.0 1731.0 818.0 1683.0 787.0 1719.0 714.0 plane 0
1705.0 616.0 1754.0 543.0 1807.0 573.0 1761.0 651.0 plane 0
1889.0 576.0 1841.0 643.0 1796.0 611.0 1840.0 542.0 plane 0
1773.0 530.0 1814.0 468.0 1855.0 495.0 1814.0 558.0 plane 0
1945.0 485.0 1905.0 556.0 1856.0 528.0 1897.0 456.0 plane 0
1996.0 399.0 1949.0 466.0 1904.0 432.0 1947.0 365.0 plane 0
2062.0 314.0 2015.0 383.0 1956.0 347.0 2001.0 275.0 plane 0
1544.0 338.0 1596.0 265.0 1642.0 298.0 1596.0 372.0 plane 0
1619.0 468.0 1572.0 538.0 1531.0 508.0 1576.0 438.0 plane 0
5219.0 571.0 5225.0 498.0 5284.0 504.0 5280.0 577.0 plane 0
5349.0 556.0 5341.0 630.0 5290.0 625.0 5296.0 549.0 plane 0
5214.0 671.0 5221.0 601.0 5280.0 605.0 5276.0 678.0 plane 0
3296.0 1365.0 3313.0 1367.0 3308.0 1413.0 3292.0 1411.0 small-vehicle 0
618.0 1848.0 620.0 1834.0 660.0 1839.0 660.0 1854.0 small-vehicle 1
293.0 1863.0 294.0 1849.0 347.0 1855.0 346.0 1869.0 small-vehicle 1
62.0 1855.0 63.0 1843.0 104.0 1844.0 102.0 1858.0 small-vehicle 1
117.0 1832.0 118.0 1818.0 157.0 1820.0 157.0 1836.0 small-vehicle 1
5795.0 399.0 5792.0 415.0 5755.0 404.0 5761.0 388.0 small-vehicle 0
5704.0 1344.0 5724.0 1345.0 5720.0 1381.0 5703.0 1379.0 small-vehicle 0
6211.0 1415.0 6197.0 1414.0 6201.0 1382.0 6215.0 1384.0 small-vehicle 0
6184.0 1416.0 6171.0 1412.0 6184.0 1382.0 6198.0 1388.0 small-vehicle 0
6132.0 1373.0 6145.0 1388.0 6118.0 1414.0 6105.0 1402.0 small-vehicle 0
5431.0 775.0 5421.0 788.0 5388.0 761.0 5399.0 747.0 small-vehicle 0
5432.0 750.0 5421.0 762.0 5394.0 738.0 5406.0 725.0 small-vehicle 0
5327.0 1204.0 5343.0 1205.0 5340.0 1233.0 5325.0 1232.0 small-vehicle 0
5340.0 980.0 5357.0 980.0 5354.0 1025.0 5337.0 1025.0 small-vehicle 0
5559.0 921.0 5579.0 921.0 5580.0 965.0 5563.0 964.0 small-vehicle 0
5759.0 1137.0 5743.0 1134.0 5745.0 1099.0 5762.0 1101.0 small-vehicle 0
5586.0 1129.0 5587.0 1113.0 5624.0 1114.0 5624.0 1129.0 small-vehicle 0
5890.0 1380.0 5898.0 1366.0 5935.0 1389.0 5928.0 1403.0 small-vehicle 0
5858.0 1376.0 5869.0 1363.0 5899.0 1391.0 5889.0 1405.0 small-vehicle 0
5591.0 1390.0 5573.0 1384.0 5588.0 1344.0 5607.0 1351.0 small-vehicle 0
5637.0 1339.0 5659.0 1345.0 5645.0 1386.0 5626.0 1381.0 small-vehicle 0
4657.0 1451.0 4678.0 1452.0 4674.0 1491.0 4656.0 1490.0 small-vehicle 0
4530.0 934.0 4508.0 934.0 4511.0 861.0 4534.0 864.0 large-vehicle 0
4520.0 1082.0 4519.0 1060.0 4585.0 1060.0 4584.0 1082.0 large-vehicle 0
4172.0 1303.0 4188.0 1302.0 4188.0 1335.0 4175.0 1336.0 small-vehicle 0
4074.0 1404.0 4091.0 1406.0 4089.0 1440.0 4073.0 1438.0 small-vehicle 0
4005.0 1399.0 4021.0 1401.0 4017.0 1434.0 4002.0 1433.0 small-vehicle 0
3802.0 1083.0 3819.0 1084.0 3817.0 1120.0 3801.0 1119.0 small-vehicle 0
3822.0 1048.0 3837.0 1048.0 3838.0 1084.0 3824.0 1083.0 small-vehicle 0
3823.0 1005.0 3839.0 1005.0 3838.0 1041.0 3824.0 1039.0 small-vehicle 0
1665.0 803.0 1670.0 791.0 1701.0 808.0 1695.0 820.0 small-vehicle 1
1694.0 692.0 1701.0 682.0 1733.0 700.0 1727.0 712.0 small-vehicle 1
1361.0 695.0 1367.0 684.0 1397.0 702.0 1391.0 714.0 small-vehicle 1
4412.0 1264.0 4399.0 1263.0 4400.0 1217.0 4414.0 1216.0 small-vehicle 1
3304.0 1043.0 3313.0 1056.0 3288.0 1075.0 3278.0 1064.0 small-vehicle 1
5438.0 1682.0 5422.0 1683.0 5424.0 1640.0 5439.0 1640.0 small-vehicle 1
6275.0 629.0 6276.0 615.0 6304.0 617.0 6306.0 631.0 small-vehicle 1
5445.0 573.0 5437.0 586.0 5407.0 572.0 5412.0 559.0 small-vehicle 1
5326.0 641.0 5326.0 654.0 5283.0 651.0 5286.0 635.0 small-vehicle 1
5170.0 794.0 5172.0 778.0 5213.0 782.0 5211.0 799.0 ship 0
5458.0 1512.0 5441.0 1512.0 5443.0 1470.0 5459.0 1469.0 small-vehicle 1
5435.0 1510.0 5419.0 1510.0 5420.0 1469.0 5434.0 1467.0 small-vehicle 1
5389.0 1518.0 5373.0 1518.0 5374.0 1478.0 5388.0 1477.0 small-vehicle 1
5345.0 1629.0 5359.0 1628.0 5358.0 1662.0 5342.0 1662.0 small-vehicle 1
5326.0 1667.0 5311.0 1665.0 5311.0 1626.0 5326.0 1625.0 small-vehicle 1
4584.0 1486.0 4569.0 1484.0 4572.0 1450.0 4586.0 1450.0 small-vehicle 1
4606.0 1486.0 4594.0 1486.0 4593.0 1455.0 4606.0 1453.0 small-vehicle 1
4592.0 1166.0 4589.0 1181.0 4551.0 1177.0 4551.0 1163.0 small-vehicle 1
2241.0 1820.0 2244.0 1803.0 2288.0 1807.0 2286.0 1825.0 small-vehicle 1
4950.0 983.0 4949.0 972.0 4983.0 974.0 4983.0 987.0 small-vehicle 1
4896.0 929.0 4897.0 915.0 4930.0 917.0 4931.0 930.0 small-vehicle 1
4879.0 811.0 4881.0 797.0 4920.0 805.0 4918.0 821.0 small-vehicle 1
4242.0 1309.0 4259.0 1310.0 4257.0 1349.0 4240.0 1348.0 small-vehicle 1
3395.0 1842.0 3395.0 1821.0 3479.0 1830.0 3475.0 1849.0 large-vehicle 1
3302.0 1814.0 3304.0 1798.0 3345.0 1801.0 3345.0 1816.0 small-vehicle 1
3407.0 1377.0 3420.0 1376.0 3419.0 1403.0 3408.0 1402.0 small-vehicle 1
3361.0 1376.0 3376.0 1376.0 3378.0 1408.0 3363.0 1408.0 small-vehicle 1
3258.0 1270.0 3275.0 1270.0 3271.0 1309.0 3254.0 1306.0 small-vehicle 1
3279.0 1271.0 3294.0 1271.0 3291.0 1310.0 3274.0 1307.0 small-vehicle 1
3554.0 1172.0 3553.0 1156.0 3593.0 1159.0 3593.0 1176.0 small-vehicle 1
3549.0 1193.0 3549.0 1176.0 3589.0 1182.0 3588.0 1196.0 small-vehicle 1
2381.0 1331.0 2370.0 1331.0 2368.0 1306.0 2381.0 1305.0 small-vehicle 1
3849.0 1016.0 3866.0 1016.0 3864.0 1057.0 3848.0 1056.0 small-vehicle 0
3337.0 1375.0 3354.0 1378.0 3352.0 1415.0 3336.0 1413.0 small-vehicle 0
6003.0 498.0 5828.0 630.0 5741.0 506.0 5916.0 383.0 plane 0
3335.0 1313.0 3321.0 1311.0 3322.0 1274.0 3338.0 1276.0 small-vehicle 0
5359.0 894.0 5343.0 894.0 5343.0 861.0 5359.0 859.0 small-vehicle 0
4993.0 1084.0 4990.0 1103.0 4951.0 1095.0 4955.0 1076.0 small-vehicle 0
4197.0 1305.0 4212.0 1305.0 4211.0 1339.0 4196.0 1339.0 small-vehicle 0
4106.0 1301.0 4124.0 1301.0 4121.0 1335.0 4104.0 1333.0 small-vehicle 0
4100.0 1335.0 4084.0 1334.0 4087.0 1294.0 4103.0 1294.0 small-vehicle 0
3790.0 1181.0 3806.0 1181.0 3804.0 1215.0 3789.0 1216.0 small-vehicle 0
3672.0 1102.0 3688.0 1102.0 3685.0 1136.0 3669.0 1135.0 small-vehicle 0
3649.0 1098.0 3665.0 1100.0 3662.0 1134.0 3646.0 1132.0 small-vehicle 0
3399.0 1076.0 3389.0 1089.0 3359.0 1061.0 3372.0 1047.0 small-vehicle 0
3421.0 939.0 3408.0 946.0 3389.0 918.0 3404.0 909.0 small-vehicle 0
3271.0 991.0 3282.0 1006.0 3253.0 1029.0 3242.0 1016.0 small-vehicle 0
3271.0 1044.0 3281.0 1058.0 3256.0 1082.0 3246.0 1068.0 small-vehicle 0
3289.0 1049.0 3280.0 1036.0 3307.0 1013.0 3316.0 1027.0 small-vehicle 0
3274.0 1068.0 3283.0 1083.0 3255.0 1107.0 3245.0 1094.0 small-vehicle 0
3273.0 1367.0 3290.0 1369.0 3287.0 1405.0 3271.0 1404.0 small-vehicle 0
3264.0 1408.0 3247.0 1406.0 3251.0 1369.0 3267.0 1371.0 small-vehicle 0
3228.0 1369.0 3245.0 1369.0 3241.0 1405.0 3225.0 1404.0 small-vehicle 0
2787.0 1481.0 2769.0 1480.0 2773.0 1437.0 2791.0 1438.0 small-vehicle 0
3120.0 1293.0 3100.0 1292.0 3102.0 1258.0 3119.0 1259.0 small-vehicle 0
3094.0 1296.0 3077.0 1293.0 3081.0 1259.0 3099.0 1261.0 small-vehicle 0
3070.0 1290.0 3054.0 1290.0 3054.0 1257.0 3072.0 1256.0 small-vehicle 0
3046.0 1291.0 3029.0 1289.0 3031.0 1259.0 3046.0 1260.0 small-vehicle 0
3024.0 1292.0 3005.0 1291.0 3007.0 1258.0 3025.0 1258.0 small-vehicle 0
3013.0 1379.0 2995.0 1377.0 2998.0 1344.0 3016.0 1346.0 small-vehicle 0
2441.0 1621.0 2425.0 1619.0 2428.0 1581.0 2446.0 1581.0 small-vehicle 0
2338.0 1612.0 2321.0 1611.0 2323.0 1576.0 2343.0 1576.0 small-vehicle 0
4297.0 631.0 4294.0 550.0 4357.0 546.0 4358.0 629.0 plane 0
6277.0 483.0 6272.0 563.0 6210.0 558.0 6212.0 478.0 plane 0
6109.0 552.0 6119.0 468.0 6196.0 478.0 6191.0 563.0 plane 0
5365.0 1623.0 5381.0 1624.0 5375.0 1665.0 5360.0 1663.0 small-vehicle 0
2988.0 1336.0 2986.0 1356.0 2941.0 1351.0 2943.0 1331.0 small-vehicle 0
2998.0 1292.0 2981.0 1291.0 2985.0 1259.0 3001.0 1260.0 small-vehicle 0
1685.0 1302.0 1669.0 1302.0 1670.0 1266.0 1688.0 1268.0 small-vehicle 0
3409.0 952.0 3400.0 964.0 3368.0 941.0 3378.0 927.0 small-vehicle 0
3260.0 945.0 3270.0 957.0 3240.0 981.0 3229.0 966.0 small-vehicle 0
3293.0 1000.0 3282.0 989.0 3306.0 964.0 3316.0 976.0 small-vehicle 0
3269.0 965.0 3279.0 977.0 3253.0 1000.0 3241.0 989.0 small-vehicle 0
3273.0 1018.0 3282.0 1031.0 3256.0 1052.0 3247.0 1041.0 small-vehicle 0
3273.0 1119.0 3282.0 1134.0 3254.0 1156.0 3245.0 1144.0 small-vehicle 0
3389.0 1142.0 3378.0 1157.0 3348.0 1133.0 3362.0 1117.0 small-vehicle 0
3292.0 1126.0 3282.0 1116.0 3304.0 1096.0 3314.0 1108.0 small-vehicle 0
3192.0 1094.0 3209.0 1098.0 3200.0 1134.0 3185.0 1129.0 small-vehicle 0
3358.0 1315.0 3341.0 1311.0 3348.0 1272.0 3365.0 1276.0 small-vehicle 0
3204.0 1357.0 3222.0 1358.0 3220.0 1399.0 3202.0 1398.0 small-vehicle 0
3169.0 1294.0 3149.0 1294.0 3151.0 1246.0 3169.0 1248.0 small-vehicle 0
3145.0 1291.0 3124.0 1291.0 3125.0 1252.0 3145.0 1251.0 small-vehicle 0
1767.0 1301.0 1748.0 1300.0 1751.0 1259.0 1769.0 1260.0 small-vehicle 0
2726.0 1231.0 2729.0 1249.0 2686.0 1253.0 2685.0 1236.0 small-vehicle 0
1816.0 1302.0 1798.0 1301.0 1799.0 1268.0 1816.0 1269.0 small-vehicle 0
1880.0 1300.0 1862.0 1298.0 1865.0 1264.0 1882.0 1266.0 small-vehicle 0
1856.0 1298.0 1838.0 1297.0 1841.0 1267.0 1856.0 1268.0 small-vehicle 0
1834.0 1302.0 1816.0 1299.0 1821.0 1260.0 1838.0 1262.0 small-vehicle 0
1793.0 1302.0 1776.0 1302.0 1776.0 1269.0 1793.0 1270.0 small-vehicle 0
1660.0 1536.0 1675.0 1541.0 1664.0 1588.0 1647.0 1582.0 small-vehicle 0
1696.0 1582.0 1679.0 1582.0 1684.0 1551.0 1698.0 1552.0 small-vehicle 0
1740.0 1583.0 1723.0 1581.0 1726.0 1548.0 1742.0 1550.0 small-vehicle 0
1764.0 1582.0 1752.0 1568.0 1785.0 1539.0 1795.0 1552.0 small-vehicle 0
2287.0 1613.0 2270.0 1611.0 2272.0 1580.0 2289.0 1580.0 small-vehicle 0
2298.0 1570.0 2314.0 1572.0 2309.0 1613.0 2295.0 1610.0 small-vehicle 0
2364.0 1616.0 2345.0 1615.0 2348.0 1575.0 2365.0 1576.0 small-vehicle 0
2390.0 1615.0 2372.0 1616.0 2370.0 1582.0 2388.0 1582.0 small-vehicle 0
263.0 1439.0 231.0 1514.0 179.0 1490.0 209.0 1414.0 plane 0
