imagesource:GoogleEarth
gsd:0.283608964498
579.0 699.0 591.0 700.0 593.0 744.0 580.0 746.0 large-vehicle 0
619.0 664.0 624.0 666.0 620.0 681.0 614.0 678.0 small-vehicle 1
851.0 558.0 860.0 559.0 859.0 583.0 851.0 583.0 large-vehicle 0
802.0 580.0 808.0 573.0 823.0 591.0 816.0 599.0 large-vehicle 0
782.0 538.0 789.0 539.0 790.0 558.0 781.0 558.0 large-vehicle 0
590.0 592.0 582.0 593.0 580.0 574.0 587.0 571.0 large-vehicle 0
567.0 592.0 560.0 593.0 558.0 574.0 564.0 572.0 large-vehicle 0
608.0 582.0 606.0 575.0 625.0 575.0 628.0 582.0 small-vehicle 1
537.0 629.0 540.0 634.0 530.0 646.0 525.0 640.0 small-vehicle 1
545.0 636.0 550.0 640.0 541.0 655.0 533.0 650.0 small-vehicle 1
553.0 642.0 559.0 644.0 555.0 660.0 545.0 659.0 small-vehicle 1
563.0 665.0 556.0 663.0 561.0 644.0 568.0 646.0 small-vehicle 1
574.0 667.0 566.0 666.0 572.0 647.0 578.0 648.0 small-vehicle 1
582.0 671.0 574.0 667.0 583.0 651.0 588.0 653.0 small-vehicle 1
591.0 654.0 599.0 655.0 592.0 671.0 586.0 668.0 small-vehicle 1
601.0 656.0 608.0 659.0 601.0 674.0 595.0 672.0 small-vehicle 1
629.0 685.0 620.0 683.0 627.0 667.0 632.0 669.0 small-vehicle 1
552.0 702.0 564.0 702.0 568.0 746.0 556.0 748.0 large-vehicle 0
635.0 687.0 631.0 686.0 634.0 671.0 643.0 673.0 small-vehicle 1
329.0 629.0 334.0 635.0 321.0 647.0 315.0 642.0 small-vehicle 1
748.0 533.0 755.0 532.0 756.0 549.0 750.0 549.0 small-vehicle 1
759.0 536.0 764.0 533.0 767.0 549.0 762.0 552.0 small-vehicle 1
771.0 539.0 777.0 539.0 778.0 553.0 772.0 554.0 small-vehicle 1
796.0 839.0 801.0 846.0 792.0 858.0 785.0 851.0 small-vehicle 1
286.0 1039.0 287.0 1047.0 265.0 1048.0 266.0 1040.0 small-vehicle 1
319.0 1458.0 325.0 1454.0 338.0 1466.0 333.0 1472.0 small-vehicle 1
849.0 1778.0 842.0 1785.0 831.0 1770.0 836.0 1765.0 small-vehicle 1
1273.0 1920.0 1278.0 1925.0 1272.0 1937.0 1267.0 1934.0 small-vehicle 1
1348.0 1735.0 1356.0 1731.0 1362.0 1746.0 1356.0 1748.0 small-vehicle 1
1376.0 1720.0 1381.0 1713.0 1389.0 1732.0 1383.0 1733.0 small-vehicle 1
1386.0 1711.0 1390.0 1707.0 1398.0 1723.0 1393.0 1729.0 small-vehicle 1
1396.0 1707.0 1401.0 1704.0 1408.0 1716.0 1402.0 1721.0 small-vehicle 1
521.0 419.0 513.0 419.0 511.0 399.0 521.0 400.0 large-vehicle 0
331.0 383.0 332.0 391.0 308.0 393.0 308.0 385.0 large-vehicle 0
304.0 294.0 299.0 301.0 281.0 285.0 286.0 279.0 large-vehicle 0
764.0 254.0 764.0 248.0 781.0 245.0 781.0 253.0 small-vehicle 1
622.0 657.0 653.0 564.0 760.0 599.0 726.0 696.0 plane 0
1223.0 382.0 1120.0 443.0 1035.0 303.0 1147.0 248.0 plane 0
1697.0 502.0 1574.0 474.0 1604.0 335.0 1723.0 362.0 plane 0
1838.0 682.0 1905.0 782.0 1821.0 876.0 1734.0 788.0 plane 1
1755.0 55.0 1861.0 111.0 1791.0 243.0 1686.0 183.0 plane 0
1672.0 1307.0 1566.0 1327.0 1527.0 1160.0 1640.0 1140.0 plane 0
1823.0 1186.0 1723.0 1212.0 1686.0 1081.0 1790.0 1064.0 plane 0
1187.0 1863.0 1312.0 1936.0 1219.0 2083.0 1107.0 2016.0 plane 0
484.0 285.0 483.0 277.0 501.0 275.0 501.0 284.0 small-vehicle 1
537.0 292.0 531.0 286.0 545.0 271.0 550.0 278.0 small-vehicle 1
596.0 198.0 602.0 207.0 585.0 218.0 581.0 213.0 small-vehicle 1
700.0 176.0 700.0 167.0 716.0 168.0 717.0 174.0 small-vehicle 1
918.0 203.0 927.0 202.0 927.0 223.0 915.0 223.0 small-vehicle 1
905.0 294.0 913.0 293.0 912.0 313.0 906.0 314.0 small-vehicle 1
881.0 320.0 876.0 315.0 887.0 301.0 894.0 305.0 small-vehicle 1
839.0 324.0 840.0 317.0 862.0 319.0 861.0 326.0 small-vehicle 1
844.0 259.0 851.0 257.0 858.0 275.0 853.0 278.0 small-vehicle 1
868.0 273.0 874.0 267.0 885.0 280.0 879.0 287.0 small-vehicle 1
833.0 306.0 833.0 298.0 852.0 298.0 851.0 306.0 small-vehicle 1
815.0 251.0 811.0 244.0 827.0 236.0 833.0 243.0 small-vehicle 1
799.0 226.0 797.0 217.0 816.0 210.0 819.0 218.0 small-vehicle 1
612.0 282.0 610.0 275.0 627.0 266.0 629.0 272.0 small-vehicle 1
312.0 406.0 311.0 400.0 326.0 397.0 328.0 402.0 small-vehicle 1
519.0 378.0 513.0 378.0 508.0 363.0 513.0 360.0 small-vehicle 1
875.0 420.0 873.0 413.0 888.0 412.0 889.0 418.0 small-vehicle 1
872.0 408.0 871.0 400.0 886.0 400.0 887.0 408.0 small-vehicle 1
868.0 383.0 868.0 377.0 880.0 374.0 882.0 381.0 small-vehicle 1
864.0 374.0 860.0 367.0 876.0 364.0 877.0 369.0 small-vehicle 1
890.0 348.0 890.0 356.0 874.0 359.0 872.0 352.0 small-vehicle 1
967.0 567.0 967.0 561.0 983.0 560.0 984.0 567.0 small-vehicle 1
1240.0 399.0 1234.0 402.0 1228.0 388.0 1232.0 386.0 small-vehicle 1
1213.0 498.0 1220.0 497.0 1221.0 512.0 1213.0 513.0 small-vehicle 1
1890.0 331.0 1889.0 336.0 1872.0 335.0 1872.0 330.0 small-vehicle 1
1863.0 362.0 1860.0 357.0 1874.0 349.0 1876.0 353.0 small-vehicle 1
1874.0 359.0 1877.0 363.0 1866.0 370.0 1863.0 367.0 small-vehicle 1
1876.0 372.0 1879.0 376.0 1865.0 384.0 1863.0 378.0 small-vehicle 1
1876.0 383.0 1878.0 387.0 1864.0 396.0 1862.0 390.0 small-vehicle 1
1876.0 395.0 1879.0 399.0 1868.0 407.0 1864.0 402.0 small-vehicle 1
1872.0 407.0 1875.0 411.0 1862.0 422.0 1856.0 418.0 small-vehicle 1
1875.0 417.0 1881.0 420.0 1866.0 430.0 1862.0 426.0 small-vehicle 1
1874.0 430.0 1878.0 435.0 1861.0 442.0 1856.0 437.0 small-vehicle 1
1876.0 440.0 1881.0 445.0 1866.0 452.0 1862.0 447.0 small-vehicle 1
1875.0 452.0 1881.0 456.0 1866.0 464.0 1864.0 459.0 small-vehicle 1
1876.0 461.0 1880.0 465.0 1863.0 475.0 1860.0 471.0 small-vehicle 1
1820.0 389.0 1824.0 382.0 1839.0 393.0 1837.0 399.0 small-vehicle 1
1815.0 395.0 1817.0 392.0 1833.0 400.0 1829.0 406.0 small-vehicle 1
1836.0 377.0 1830.0 379.0 1830.0 361.0 1837.0 361.0 small-vehicle 1
1550.0 745.0 1558.0 745.0 1558.0 759.0 1550.0 760.0 small-vehicle 1
1544.0 1106.0 1545.0 1114.0 1529.0 1120.0 1526.0 1113.0 small-vehicle 1
1628.0 1488.0 1630.0 1498.0 1596.0 1502.0 1593.0 1493.0 large-vehicle 0
1577.0 1484.0 1579.0 1492.0 1547.0 1496.0 1548.0 1486.0 large-vehicle 0
1580.0 1496.0 1581.0 1506.0 1553.0 1508.0 1551.0 1498.0 large-vehicle 0
1580.0 1509.0 1580.0 1518.0 1549.0 1520.0 1548.0 1512.0 large-vehicle 0
1564.0 1520.0 1566.0 1529.0 1539.0 1533.0 1537.0 1525.0 large-vehicle 0
1570.0 1531.0 1572.0 1541.0 1543.0 1545.0 1541.0 1538.0 large-vehicle 0
1622.0 1515.0 1623.0 1524.0 1595.0 1527.0 1594.0 1519.0 large-vehicle 0
1656.0 1523.0 1660.0 1535.0 1628.0 1538.0 1625.0 1528.0 large-vehicle 0
1693.0 1767.0 1703.0 1769.0 1699.0 1797.0 1687.0 1795.0 large-vehicle 0
1114.0 668.0 1118.0 665.0 1128.0 679.0 1124.0 682.0 small-vehicle 1
506.0 700.0 520.0 701.0 520.0 750.0 508.0 750.0 large-vehicle 0
522.0 706.0 534.0 706.0 538.0 755.0 524.0 755.0 large-vehicle 0
536.0 705.0 548.0 705.0 552.0 752.0 539.0 754.0 large-vehicle 0
1870.0 339.0 1873.0 343.0 1861.0 353.0 1858.0 349.0 small-vehicle 1
1885.0 352.0 1883.0 346.0 1898.0 345.0 1899.0 350.0 small-vehicle 1
1438.0 272.0 1446.0 278.0 1426.0 301.0 1416.0 294.0 large-vehicle 0
1884.0 373.0 1881.0 365.0 1898.0 366.0 1898.0 371.0 small-vehicle 1
1431.0 269.0 1421.0 263.0 1446.0 240.0 1453.0 247.0 large-vehicle 0
1668.0 384.0 1665.0 373.0 1698.0 370.0 1701.0 378.0 large-vehicle 0
1199.0 501.0 1207.0 502.0 1205.0 523.0 1192.0 524.0 large-vehicle 0
1660.0 13.0 1657.0 19.0 1642.0 12.0 1644.0 7.0 small-vehicle 1
1731.0 40.0 1723.0 42.0 1716.0 23.0 1722.0 20.0 small-vehicle 1
1764.0 95.0 1761.0 100.0 1751.0 93.0 1752.0 89.0 small-vehicle 1
1725.0 328.0 1720.0 323.0 1729.0 310.0 1735.0 314.0 small-vehicle 1
1692.0 486.0 1681.0 486.0 1681.0 469.0 1687.0 468.0 small-vehicle 1
1823.0 470.0 1819.0 477.0 1803.0 468.0 1805.0 461.0 small-vehicle 1
1807.0 444.0 1809.0 440.0 1820.0 446.0 1817.0 452.0 small-vehicle 1
1822.0 446.0 1825.0 440.0 1836.0 446.0 1834.0 452.0 small-vehicle 1
1822.0 434.0 1825.0 429.0 1837.0 436.0 1833.0 439.0 small-vehicle 1
1801.0 424.0 1805.0 418.0 1818.0 423.0 1814.0 429.0 small-vehicle 1
1805.0 412.0 1807.0 407.0 1820.0 413.0 1817.0 419.0 small-vehicle 1
1814.0 406.0 1817.0 403.0 1830.0 410.0 1828.0 413.0 small-vehicle 1
1829.0 379.0 1822.0 379.0 1822.0 365.0 1830.0 364.0 small-vehicle 1
1878.0 472.0 1881.0 476.0 1868.0 484.0 1866.0 481.0 small-vehicle 1
1902.0 492.0 1902.0 496.0 1889.0 498.0 1887.0 494.0 small-vehicle 1
1889.0 509.0 1887.0 502.0 1900.0 501.0 1900.0 506.0 small-vehicle 1
1875.0 535.0 1873.0 539.0 1860.0 529.0 1863.0 526.0 small-vehicle 1
1889.0 462.0 1889.0 455.0 1903.0 453.0 1902.0 460.0 small-vehicle 1
1887.0 452.0 1887.0 444.0 1902.0 445.0 1902.0 451.0 small-vehicle 1
1883.0 440.0 1884.0 434.0 1899.0 435.0 1899.0 441.0 small-vehicle 1
1883.0 432.0 1883.0 425.0 1898.0 426.0 1899.0 432.0 small-vehicle 1
1885.0 420.0 1886.0 414.0 1902.0 415.0 1902.0 421.0 small-vehicle 1
1884.0 412.0 1883.0 406.0 1897.0 405.0 1899.0 411.0 small-vehicle 1
1882.0 402.0 1883.0 397.0 1896.0 395.0 1897.0 400.0 small-vehicle 1
1883.0 393.0 1883.0 387.0 1896.0 386.0 1896.0 391.0 small-vehicle 1
1880.0 381.0 1880.0 375.0 1897.0 375.0 1897.0 382.0 small-vehicle 1
633.0 814.0 663.0 726.0 760.0 762.0 732.0 852.0 plane 0
