imagesource:GoogleEarth
gsd:0.141424159503
355.0 595.0 341.0 596.0 341.0 566.0 356.0 565.0 small-vehicle 1
160.0 295.0 160.0 279.0 197.0 278.0 197.0 295.0 small-vehicle 0
447.0 476.0 463.0 476.0 462.0 512.0 446.0 510.0 small-vehicle 0
509.0 474.0 526.0 474.0 525.0 507.0 509.0 507.0 small-vehicle 0
488.0 476.0 504.0 476.0 503.0 509.0 487.0 508.0 small-vehicle 0
623.0 343.0 639.0 343.0 637.0 379.0 621.0 379.0 small-vehicle 0
541.0 336.0 557.0 336.0 555.0 367.0 541.0 366.0 small-vehicle 0
500.0 333.0 516.0 333.0 516.0 368.0 502.0 368.0 small-vehicle 0
403.0 331.0 420.0 331.0 418.0 366.0 402.0 365.0 small-vehicle 0
341.0 331.0 359.0 331.0 356.0 365.0 339.0 365.0 small-vehicle 0
160.0 316.0 161.0 298.0 201.0 298.0 199.0 316.0 small-vehicle 0
292.0 253.0 291.0 273.0 256.0 272.0 256.0 253.0 small-vehicle 0
295.0 211.0 294.0 229.0 257.0 228.0 258.0 213.0 small-vehicle 0
352.0 64.0 431.0 67.0 427.0 234.0 349.0 234.0 tennis-court 0
482.0 67.0 562.0 68.0 556.0 237.0 476.0 234.0 tennis-court 0
612.0 70.0 691.0 72.0 686.0 241.0 605.0 240.0 tennis-court 0
788.0 409.0 869.0 412.0 865.0 580.0 788.0 578.0 tennis-court 0
920.0 412.0 1000.0 413.0 996.0 584.0 915.0 581.0 tennis-court 0
653.0 698.0 734.0 701.0 729.0 868.0 651.0 867.0 tennis-court 0
782.0 700.0 863.0 702.0 858.0 872.0 779.0 870.0 tennis-court 0
913.0 703.0 992.0 705.0 988.0 874.0 912.0 873.0 tennis-court 0
131.0 1185.0 234.0 1045.0 396.0 1172.0 296.0 1308.0 swimming-pool 0
408.0 471.0 425.0 472.0 422.0 507.0 407.0 505.0 small-vehicle 0
386.0 468.0 406.0 468.0 404.0 506.0 386.0 506.0 small-vehicle 0
258.0 497.0 258.0 478.0 298.0 479.0 298.0 498.0 small-vehicle 0
259.0 518.0 260.0 500.0 295.0 501.0 295.0 519.0 small-vehicle 0
756.0 1101.0 802.0 1103.0 800.0 1200.0 754.0 1198.0 tennis-court 0
687.0 1101.0 732.0 1103.0 730.0 1197.0 684.0 1197.0 tennis-court 0
759.0 973.0 805.0 974.0 803.0 1070.0 757.0 1069.0 tennis-court 0
689.0 970.0 735.0 971.0 733.0 1068.0 687.0 1068.0 tennis-court 0
467.0 474.0 484.0 475.0 481.0 505.0 466.0 505.0 small-vehicle 0
591.0 615.0 591.0 629.0 548.0 629.0 550.0 614.0 small-vehicle 1
337.0 599.0 320.0 598.0 321.0 560.0 338.0 560.0 small-vehicle 0
256.0 330.0 256.0 315.0 293.0 316.0 292.0 330.0 small-vehicle 1
160.0 336.0 161.0 320.0 198.0 321.0 196.0 336.0 small-vehicle 0
295.0 148.0 294.0 164.0 257.0 162.0 258.0 147.0 small-vehicle 0
166.0 165.0 166.0 150.0 200.0 150.0 200.0 165.0 small-vehicle 1
584.0 659.0 585.0 676.0 548.0 675.0 548.0 657.0 small-vehicle 0
433.0 631.0 433.0 614.0 467.0 615.0 466.0 633.0 small-vehicle 0
435.0 652.0 435.0 635.0 469.0 636.0 468.0 653.0 small-vehicle 0
436.0 694.0 436.0 677.0 471.0 677.0 471.0 695.0 small-vehicle 0
432.0 675.0 434.0 656.0 472.0 657.0 472.0 676.0 small-vehicle 0
315.0 599.0 298.0 598.0 299.0 562.0 316.0 564.0 small-vehicle 0
258.0 558.0 258.0 540.0 297.0 540.0 296.0 558.0 small-vehicle 0
261.0 535.0 261.0 519.0 297.0 519.0 298.0 537.0 small-vehicle 0
54.0 1324.0 31.0 1242.0 155.0 1208.0 178.0 1294.0 swimming-pool 0
