imagesource:GoogleEarth
gsd:0.133566115735
2930.0 1194.0 2941.0 1206.0 2908.0 1236.0 2899.0 1227.0 small-vehicle 1
2920.0 1620.0 2867.0 1682.0 2829.0 1645.0 2881.0 1586.0 plane 0
3721.0 641.0 3766.0 587.0 3808.0 618.0 3761.0 674.0 plane 0
3828.0 685.0 3776.0 759.0 3728.0 720.0 3780.0 649.0 plane 0
3613.0 766.0 3664.0 708.0 3704.0 745.0 3651.0 804.0 plane 0
3662.0 881.0 3605.0 946.0 3562.0 901.0 3616.0 839.0 plane 0
3556.0 834.0 3605.0 773.0 3643.0 806.0 3596.0 868.0 plane 0
3503.0 899.0 3554.0 843.0 3589.0 880.0 3537.0 935.0 plane 0
3597.0 952.0 3536.0 1018.0 3491.0 973.0 3551.0 909.0 plane 0
3713.0 1463.0 3713.0 1550.0 3642.0 1548.0 3643.0 1464.0 plane 0
2790.0 1666.0 2841.0 1608.0 2884.0 1646.0 2828.0 1704.0 plane 0
2852.0 1599.0 2903.0 1544.0 2940.0 1577.0 2890.0 1635.0 plane 0
1516.0 534.0 1590.0 589.0 1553.0 639.0 1478.0 583.0 plane 0
2912.0 1538.0 2958.0 1477.0 2996.0 1507.0 2952.0 1568.0 plane 0
3040.0 1486.0 2986.0 1545.0 2948.0 1510.0 3003.0 1449.0 plane 0
2969.0 1469.0 3018.0 1406.0 3058.0 1436.0 3008.0 1500.0 plane 0
3026.0 1398.0 3076.0 1338.0 3115.0 1376.0 3062.0 1434.0 plane 0
3156.0 1344.0 3110.0 1408.0 3067.0 1372.0 3114.0 1310.0 plane 0
3144.0 1261.0 3190.0 1198.0 3234.0 1229.0 3186.0 1295.0 plane 0
3276.0 1209.0 3223.0 1270.0 3185.0 1236.0 3242.0 1175.0 plane 0
3325.0 881.0 3275.0 940.0 3235.0 902.0 3289.0 846.0 plane 0
3392.0 806.0 3340.0 869.0 3300.0 833.0 3354.0 771.0 plane 0
3886.0 622.0 3832.0 683.0 3791.0 640.0 3847.0 585.0 plane 0
1251.0 415.0 1202.0 470.0 1161.0 432.0 1208.0 377.0 plane 0
3589.0 593.0 3534.0 652.0 3498.0 612.0 3551.0 557.0 plane 0
1907.0 872.0 1981.0 915.0 1955.0 966.0 1880.0 923.0 plane 0
448.0 1367.0 387.0 1431.0 346.0 1385.0 410.0 1328.0 plane 0
514.0 1289.0 456.0 1343.0 422.0 1300.0 481.0 1250.0 plane 0
594.0 1200.0 543.0 1260.0 504.0 1224.0 555.0 1167.0 plane 0
672.0 1113.0 619.0 1174.0 583.0 1142.0 633.0 1080.0 plane 0
757.0 1016.0 696.0 1066.0 665.0 1026.0 723.0 977.0 plane 0
1716.0 692.0 1783.0 755.0 1741.0 799.0 1672.0 737.0 plane 0
1760.0 879.0 1693.0 823.0 1731.0 780.0 1794.0 837.0 plane 0
1818.0 783.0 1880.0 837.0 1844.0 881.0 1779.0 827.0 plane 0
1858.0 963.0 1796.0 901.0 1832.0 865.0 1893.0 918.0 plane 0
1964.0 1050.0 1896.0 993.0 1935.0 952.0 1996.0 1007.0 plane 0
2513.0 1822.0 2572.0 1869.0 2552.0 1889.0 2467.0 1887.0 plane 1
2021.0 955.0 2084.0 1014.0 2043.0 1055.0 1980.0 998.0 plane 0
2057.0 1138.0 1996.0 1080.0 2028.0 1041.0 2091.0 1099.0 plane 0
2162.0 1226.0 2093.0 1172.0 2125.0 1130.0 2196.0 1183.0 plane 0
2298.0 1134.0 2246.0 1204.0 2199.0 1162.0 2255.0 1099.0 plane 0
2319.0 1214.0 2380.0 1269.0 2341.0 1315.0 2276.0 1258.0 plane 0
2359.0 1404.0 2290.0 1345.0 2329.0 1301.0 2395.0 1353.0 plane 0
2176.0 1523.0 2235.0 1574.0 2201.0 1615.0 2141.0 1566.0 plane 0
2520.0 1380.0 2585.0 1439.0 2543.0 1486.0 2477.0 1425.0 plane 0
2559.0 1564.0 2498.0 1510.0 2538.0 1469.0 2598.0 1519.0 plane 0
3659.0 514.0 3613.0 578.0 3563.0 546.0 3607.0 480.0 plane 0
2190.0 254.0 2200.0 241.0 2225.0 266.0 2215.0 278.0 small-vehicle 0
2399.0 26.0 2409.0 15.0 2439.0 40.0 2431.0 50.0 small-vehicle 1
2211.0 235.0 2223.0 223.0 2257.0 253.0 2245.0 266.0 small-vehicle 1
1596.0 1086.0 1584.0 1075.0 1618.0 1042.0 1630.0 1056.0 small-vehicle 0
1522.0 978.0 1537.0 992.0 1514.0 1019.0 1500.0 1008.0 small-vehicle 0
1535.0 1042.0 1516.0 1026.0 1545.0 990.0 1565.0 1006.0 large-vehicle 0
1569.0 1074.0 1552.0 1061.0 1590.0 1015.0 1606.0 1028.0 large-vehicle 0
2114.0 1515.0 2099.0 1502.0 2119.0 1476.0 2135.0 1486.0 small-vehicle 0
2490.0 1806.0 2493.0 1826.0 2449.0 1833.0 2445.0 1815.0 small-vehicle 0
844.0 1720.0 827.0 1740.0 765.0 1691.0 780.0 1669.0 large-vehicle 0
690.0 1420.0 705.0 1410.0 729.0 1434.0 718.0 1446.0 small-vehicle 0
1956.0 1068.0 1941.0 1083.0 1905.0 1051.0 1919.0 1032.0 small-vehicle 0
2171.0 326.0 2182.0 312.0 2211.0 334.0 2200.0 348.0 small-vehicle 0
1726.0 1387.0 1738.0 1397.0 1718.0 1426.0 1704.0 1415.0 small-vehicle 0
2273.0 21.0 2281.0 12.0 2308.0 35.0 2300.0 44.0 small-vehicle 1
2208.0 1623.0 2198.0 1607.0 2224.0 1593.0 2233.0 1609.0 small-vehicle 0
2940.0 1187.0 2929.0 1171.0 2964.0 1156.0 2972.0 1169.0 small-vehicle 0
3245.0 1666.0 3256.0 1652.0 3283.0 1673.0 3273.0 1684.0 small-vehicle 1
3347.0 1720.0 3359.0 1709.0 3390.0 1737.0 3380.0 1751.0 small-vehicle 0
623.0 316.0 636.0 330.0 571.0 399.0 557.0 384.0 large-vehicle 0
778.0 571.0 779.0 588.0 683.0 595.0 682.0 576.0 large-vehicle 0
780.0 595.0 780.0 614.0 687.0 621.0 686.0 599.0 large-vehicle 0
2379.0 44.0 2392.0 31.0 2429.0 64.0 2417.0 78.0 small-vehicle 1
1755.0 1424.0 1770.0 1432.0 1753.0 1460.0 1738.0 1451.0 small-vehicle 0
1709.0 1371.0 1722.0 1384.0 1696.0 1413.0 1683.0 1400.0 small-vehicle 0
2181.0 296.0 2195.0 279.0 2223.0 305.0 2212.0 320.0 small-vehicle 0
3676.0 1548.0 3682.0 1566.0 3648.0 1578.0 3642.0 1561.0 small-vehicle 0
1976.0 641.0 1988.0 627.0 2014.0 651.0 2003.0 665.0 small-vehicle 0
2312.0 958.0 2242.0 919.0 2261.0 884.0 2330.0 922.0 plane 0
2435.0 1066.0 2392.0 1039.0 2411.0 1009.0 2452.0 1035.0 plane 0
2566.0 781.0 2580.0 792.0 2555.0 822.0 2542.0 810.0 small-vehicle 0
3415.0 1525.0 3428.0 1538.0 3402.0 1565.0 3390.0 1554.0 small-vehicle 0
3305.0 1598.0 3317.0 1585.0 3346.0 1611.0 3332.0 1624.0 small-vehicle 0
3259.0 1648.0 3270.0 1633.0 3302.0 1660.0 3291.0 1674.0 small-vehicle 0
3372.0 1754.0 3359.0 1769.0 3330.0 1743.0 3344.0 1728.0 small-vehicle 0
3422.0 1703.0 3409.0 1719.0 3382.0 1692.0 3397.0 1678.0 small-vehicle 0
703.0 297.0 688.0 314.0 647.0 274.0 661.0 256.0 large-vehicle 0
911.0 1558.0 921.0 1545.0 955.0 1574.0 945.0 1587.0 small-vehicle 0
3403.0 1510.0 3414.0 1521.0 3392.0 1552.0 3377.0 1541.0 large-vehicle 0
3376.0 1535.0 3362.0 1522.0 3390.0 1492.0 3404.0 1506.0 large-vehicle 0
3401.0 1675.0 3414.0 1662.0 3442.0 1693.0 3430.0 1707.0 large-vehicle 0
3499.0 1595.0 3513.0 1605.0 3493.0 1635.0 3479.0 1626.0 large-vehicle 0
3409.0 1722.0 3396.0 1738.0 3364.0 1706.0 3376.0 1691.0 large-vehicle 0
3331.0 1622.0 3319.0 1638.0 3283.0 1613.0 3294.0 1596.0 large-vehicle 0
3274.0 1631.0 3285.0 1616.0 3318.0 1643.0 3306.0 1658.0 small-vehicle 0
1017.0 1433.0 1029.0 1417.0 1065.0 1448.0 1055.0 1462.0 small-vehicle 0
1008.0 1502.0 998.0 1514.0 968.0 1488.0 978.0 1475.0 small-vehicle 0
376.0 1471.0 302.0 1545.0 249.0 1490.0 320.0 1417.0 plane 0
