imagesource:GoogleEarth
gsd:0.129921368116
939.0 175.0 953.0 196.0 894.0 234.0 878.0 216.0 large-vehicle 1
452.0 359.0 454.0 377.0 375.0 387.0 373.0 369.0 large-vehicle 0
726.0 199.0 706.0 199.0 699.0 143.0 720.0 140.0 large-vehicle 0
162.0 220.0 134.0 207.0 172.0 136.0 202.0 148.0 large-vehicle 0
89.0 226.0 66.0 215.0 105.0 150.0 126.0 162.0 large-vehicle 0
291.0 301.0 286.0 319.0 241.0 308.0 247.0 291.0 small-vehicle 0
40.0 414.0 57.0 404.0 82.0 439.0 67.0 451.0 small-vehicle 0
182.0 557.0 199.0 555.0 205.0 600.0 188.0 603.0 small-vehicle 0
22.0 628.0 46.0 610.0 77.0 646.0 53.0 666.0 small-vehicle 0
48.0 710.0 74.0 727.0 31.0 799.0 5.0 782.0 large-vehicle 0
93.0 747.0 75.0 736.0 96.0 699.0 111.0 713.0 small-vehicle 0
70.0 791.0 53.0 780.0 73.0 747.0 90.0 754.0 small-vehicle 0
264.0 700.0 274.0 679.0 315.0 697.0 304.0 716.0 small-vehicle 0
263.0 757.0 273.0 739.0 305.0 755.0 294.0 776.0 small-vehicle 0
274.0 830.0 285.0 806.0 325.0 826.0 314.0 849.0 small-vehicle 0
266.0 789.0 279.0 768.0 309.0 788.0 298.0 805.0 small-vehicle 0
455.0 67.0 430.0 66.0 429.0 23.0 455.0 23.0 small-vehicle 0
491.0 65.0 469.0 62.0 469.0 19.0 489.0 17.0 small-vehicle 0
495.0 25.0 513.0 25.0 513.0 65.0 495.0 65.0 small-vehicle 0
515.0 20.0 535.0 20.0 535.0 63.0 515.0 63.0 small-vehicle 0
548.0 25.0 576.0 25.0 576.0 67.0 548.0 67.0 small-vehicle 0
576.0 18.0 597.0 18.0 597.0 63.0 576.0 63.0 small-vehicle 0
599.0 19.0 620.0 19.0 620.0 63.0 599.0 63.0 small-vehicle 0
461.0 417.0 461.0 436.0 387.0 441.0 387.0 423.0 large-vehicle 0
699.0 201.0 680.0 204.0 673.0 143.0 691.0 140.0 large-vehicle 0
641.0 14.0 660.0 14.0 660.0 72.0 641.0 72.0 small-vehicle 0
671.0 203.0 648.0 203.0 645.0 146.0 665.0 144.0 large-vehicle 0
203.0 360.0 212.0 343.0 280.0 368.0 271.0 386.0 large-vehicle 0
213.0 429.0 220.0 408.0 287.0 434.0 277.0 457.0 large-vehicle 0
222.0 467.0 229.0 452.0 296.0 473.0 285.0 492.0 large-vehicle 0
224.0 499.0 231.0 480.0 298.0 507.0 287.0 524.0 large-vehicle 0
234.0 566.0 243.0 548.0 311.0 572.0 300.0 594.0 large-vehicle 0
235.0 598.0 239.0 579.0 312.0 606.0 302.0 628.0 large-vehicle 0
244.0 631.0 250.0 612.0 315.0 638.0 306.0 658.0 large-vehicle 0
262.0 728.0 268.0 708.0 331.0 739.0 324.0 759.0 large-vehicle 0
275.0 855.0 283.0 840.0 352.0 869.0 344.0 887.0 large-vehicle 0
288.0 924.0 296.0 907.0 356.0 933.0 348.0 952.0 large-vehicle 0
465.0 507.0 467.0 528.0 398.0 536.0 391.0 516.0 large-vehicle 0
477.0 703.0 478.0 726.0 408.0 738.0 401.0 715.0 large-vehicle 0
494.0 781.0 495.0 805.0 419.0 816.0 415.0 796.0 large-vehicle 0
465.0 476.0 469.0 500.0 391.0 509.0 384.0 490.0 large-vehicle 0
452.0 446.0 458.0 470.0 380.0 480.0 376.0 459.0 large-vehicle 0
485.0 739.0 489.0 762.0 409.0 772.0 405.0 749.0 large-vehicle 0
539.0 250.0 515.0 253.0 507.0 192.0 528.0 191.0 large-vehicle 0
565.0 273.0 540.0 274.0 538.0 194.0 560.0 193.0 large-vehicle 0
587.0 239.0 566.0 239.0 565.0 180.0 585.0 180.0 large-vehicle 0
612.0 212.0 595.0 212.0 591.0 149.0 614.0 149.0 large-vehicle 0
645.0 212.0 619.0 214.0 618.0 153.0 642.0 156.0 large-vehicle 0
619.0 16.0 639.0 16.0 639.0 69.0 619.0 69.0 small-vehicle 0
658.0 16.0 682.0 16.0 682.0 71.0 658.0 71.0 small-vehicle 0
150.0 958.0 135.0 973.0 67.0 915.0 82.0 897.0 large-vehicle 1
763.0 1027.0 780.0 1022.0 787.0 1054.0 770.0 1059.0 small-vehicle 0
816.0 1012.0 834.0 1012.0 837.0 1056.0 820.0 1058.0 small-vehicle 0
834.0 1021.0 858.0 1017.0 864.0 1059.0 841.0 1063.0 small-vehicle 0
858.0 1022.0 888.0 1018.0 891.0 1064.0 864.0 1068.0 small-vehicle 0
24.0 920.0 42.0 898.0 97.0 952.0 76.0 970.0 large-vehicle 0
126.0 1044.0 105.0 1069.0 50.0 1015.0 72.0 992.0 large-vehicle 0
50.0 1025.0 32.0 1039.0 6.0 1013.0 24.0 995.0 small-vehicle 0
578.0 1099.0 607.0 1115.0 571.0 1179.0 545.0 1166.0 large-vehicle 0
508.0 1107.0 532.0 1122.0 488.0 1190.0 463.0 1170.0 large-vehicle 0
448.0 389.0 450.0 410.0 382.0 418.0 379.0 401.0 large-vehicle 0
341.0 62.0 325.0 64.0 322.0 31.0 338.0 30.0 small-vehicle 0
863.0 412.0 865.0 428.0 829.0 431.0 826.0 415.0 small-vehicle 0
887.0 646.0 856.0 649.0 858.0 663.0 888.0 661.0 small-vehicle 1
903.0 706.0 904.0 722.0 864.0 727.0 862.0 711.0 small-vehicle 1
905.0 748.0 907.0 762.0 871.0 767.0 869.0 751.0 small-vehicle 0
884.0 825.0 881.0 809.0 920.0 803.0 922.0 819.0 small-vehicle 0
891.0 851.0 887.0 839.0 926.0 834.0 930.0 847.0 small-vehicle 0
957.0 641.0 953.0 620.0 1002.0 612.0 1005.0 634.0 small-vehicle 0
983.0 775.0 979.0 760.0 1014.0 753.0 1018.0 769.0 small-vehicle 1
996.0 834.0 991.0 818.0 1026.0 810.0 1030.0 828.0 small-vehicle 0
996.0 874.0 990.0 860.0 1028.0 852.0 1031.0 868.0 small-vehicle 1
546.0 727.0 548.0 748.0 595.0 744.0 593.0 723.0 large-vehicle 0
781.0 1026.0 800.0 1020.0 805.0 1052.0 783.0 1057.0 small-vehicle 0
735.0 1036.0 752.0 1031.0 759.0 1067.0 744.0 1072.0 small-vehicle 0
683.0 13.0 705.0 13.0 705.0 63.0 683.0 63.0 small-vehicle 0
711.0 1039.0 732.0 1035.0 740.0 1073.0 719.0 1078.0 small-vehicle 0
701.0 17.0 724.0 17.0 724.0 70.0 701.0 70.0 small-vehicle 0
722.0 11.0 746.0 11.0 746.0 61.0 722.0 61.0 small-vehicle 0
744.0 17.0 765.0 17.0 765.0 68.0 744.0 68.0 small-vehicle 0
759.0 20.0 786.0 20.0 786.0 64.0 759.0 64.0 small-vehicle 0
785.0 16.0 809.0 16.0 809.0 66.0 785.0 66.0 small-vehicle 0
805.0 19.0 829.0 19.0 829.0 65.0 805.0 65.0 small-vehicle 0
830.0 13.0 853.0 13.0 853.0 69.0 830.0 69.0 small-vehicle 0
851.0 16.0 870.0 16.0 870.0 63.0 851.0 63.0 small-vehicle 0
915.0 62.0 889.0 61.0 891.0 16.0 917.0 16.0 small-vehicle 0
939.0 56.0 913.0 55.0 915.0 14.0 940.0 16.0 small-vehicle 0
922.0 145.0 939.0 173.0 886.0 205.0 868.0 179.0 large-vehicle 0
923.0 246.0 907.0 230.0 946.0 201.0 961.0 218.0 small-vehicle 0
936.0 466.0 926.0 445.0 968.0 436.0 977.0 455.0 small-vehicle 0
874.0 523.0 877.0 540.0 842.0 547.0 841.0 528.0 small-vehicle 0
881.0 546.0 883.0 561.0 844.0 570.0 841.0 553.0 small-vehicle 0
885.0 568.0 885.0 585.0 840.0 591.0 840.0 575.0 small-vehicle 0
431.0 835.0 427.0 818.0 481.0 810.0 483.0 828.0 small-vehicle 0
633.0 797.0 649.0 818.0 610.0 852.0 594.0 826.0 small-vehicle 0
644.0 827.0 664.0 847.0 614.0 885.0 594.0 867.0 small-vehicle 0
646.0 881.0 656.0 901.0 616.0 923.0 609.0 904.0 small-vehicle 0
1001.0 678.0 1003.0 696.0 956.0 700.0 954.0 679.0 small-vehicle 0
197.0 328.0 205.0 310.0 274.0 336.0 264.0 355.0 large-vehicle 0
