imagesource:GoogleEarth
gsd:0.253236827727
2897.0 2448.0 2892.0 2458.0 2867.0 2440.0 2873.0 2430.0 large-vehicle 0
796.0 2326.0 803.0 2331.0 793.0 2347.0 786.0 2343.0 small-vehicle 1
631.0 2169.0 637.0 2174.0 624.0 2191.0 618.0 2185.0 small-vehicle 1
611.0 2154.0 620.0 2159.0 606.0 2177.0 599.0 2173.0 small-vehicle 0
586.0 2160.0 581.0 2155.0 593.0 2139.0 599.0 2145.0 small-vehicle 0
576.0 2156.0 567.0 2150.0 583.0 2132.0 590.0 2137.0 small-vehicle 0
561.0 2173.0 555.0 2167.0 567.0 2151.0 574.0 2157.0 small-vehicle 0
571.0 2179.0 565.0 2174.0 578.0 2158.0 583.0 2163.0 small-vehicle 0
588.0 2162.0 594.0 2169.0 582.0 2185.0 575.0 2180.0 small-vehicle 0
598.0 2203.0 592.0 2198.0 606.0 2179.0 613.0 2185.0 small-vehicle 0
630.0 2224.0 622.0 2218.0 633.0 2203.0 640.0 2209.0 small-vehicle 0
737.0 2302.0 729.0 2297.0 740.0 2281.0 747.0 2286.0 small-vehicle 1
806.0 2332.0 814.0 2339.0 803.0 2356.0 795.0 2350.0 small-vehicle 1
764.0 2270.0 771.0 2275.0 760.0 2290.0 753.0 2286.0 small-vehicle 0
810.0 2362.0 803.0 2359.0 817.0 2339.0 823.0 2344.0 small-vehicle 1
826.0 2348.0 832.0 2352.0 822.0 2366.0 816.0 2362.0 small-vehicle 1
834.0 2354.0 842.0 2359.0 832.0 2374.0 824.0 2371.0 small-vehicle 0
537.0 2222.0 532.0 2216.0 544.0 2201.0 550.0 2204.0 small-vehicle 0
548.0 2230.0 542.0 2223.0 556.0 2206.0 562.0 2211.0 small-vehicle 0
567.0 2245.0 560.0 2240.0 573.0 2226.0 580.0 2230.0 small-vehicle 0
579.0 2250.0 572.0 2245.0 585.0 2229.0 591.0 2234.0 small-vehicle 0
703.0 2346.0 694.0 2342.0 706.0 2323.0 713.0 2331.0 small-vehicle 0
716.0 2331.0 723.0 2336.0 710.0 2354.0 704.0 2349.0 small-vehicle 0
731.0 2366.0 725.0 2361.0 737.0 2344.0 742.0 2351.0 small-vehicle 1
685.0 2215.0 692.0 2220.0 683.0 2234.0 675.0 2229.0 small-vehicle 0
779.0 2307.0 771.0 2302.0 783.0 2286.0 790.0 2292.0 small-vehicle 0
758.0 2392.0 752.0 2386.0 763.0 2370.0 770.0 2374.0 small-vehicle 0
706.0 2129.0 712.0 2136.0 699.0 2152.0 694.0 2146.0 small-vehicle 0
625.0 2096.0 632.0 2103.0 622.0 2117.0 615.0 2112.0 small-vehicle 1
616.0 2090.0 622.0 2095.0 609.0 2109.0 603.0 2104.0 small-vehicle 0
631.0 2069.0 638.0 2075.0 624.0 2091.0 619.0 2087.0 small-vehicle 0
639.0 2077.0 647.0 2083.0 635.0 2100.0 628.0 2095.0 small-vehicle 0
650.0 2085.0 657.0 2089.0 648.0 2104.0 639.0 2100.0 small-vehicle 1
660.0 2092.0 667.0 2095.0 655.0 2110.0 649.0 2106.0 small-vehicle 1
664.0 2120.0 657.0 2116.0 668.0 2100.0 674.0 2104.0 small-vehicle 0
677.0 2107.0 684.0 2113.0 673.0 2129.0 666.0 2124.0 small-vehicle 0
681.0 2139.0 674.0 2132.0 686.0 2117.0 693.0 2122.0 small-vehicle 0
695.0 2125.0 702.0 2130.0 692.0 2145.0 683.0 2140.0 small-vehicle 0
883.0 2289.0 875.0 2284.0 888.0 2264.0 897.0 2270.0 small-vehicle 0
788.0 2315.0 781.0 2310.0 792.0 2294.0 800.0 2298.0 small-vehicle 0
824.0 2251.0 831.0 2255.0 822.0 2272.0 815.0 2268.0 small-vehicle 0
835.0 2254.0 844.0 2262.0 831.0 2277.0 824.0 2274.0 small-vehicle 0
854.0 2269.0 860.0 2276.0 850.0 2291.0 843.0 2286.0 small-vehicle 0
864.0 2279.0 870.0 2284.0 858.0 2301.0 852.0 2296.0 small-vehicle 0
872.0 2286.0 880.0 2293.0 867.0 2309.0 860.0 2305.0 small-vehicle 0
882.0 2295.0 889.0 2301.0 876.0 2316.0 870.0 2311.0 small-vehicle 0
837.0 2351.0 830.0 2347.0 838.0 2333.0 844.0 2337.0 small-vehicle 1
824.0 2344.0 818.0 2338.0 831.0 2322.0 839.0 2327.0 small-vehicle 0
812.0 2305.0 819.0 2311.0 805.0 2328.0 799.0 2323.0 small-vehicle 0
802.0 2300.0 809.0 2305.0 797.0 2322.0 789.0 2318.0 small-vehicle 0
747.0 2381.0 741.0 2375.0 753.0 2359.0 759.0 2364.0 small-vehicle 1
769.0 2394.0 762.0 2389.0 775.0 2374.0 781.0 2379.0 small-vehicle 1
654.0 2120.0 660.0 2124.0 647.0 2138.0 642.0 2134.0 small-vehicle 1
336.0 451.0 330.0 460.0 307.0 444.0 313.0 436.0 large-vehicle 0
604.0 2536.0 611.0 2530.0 625.0 2547.0 619.0 2553.0 small-vehicle 0
60.0 2527.0 53.0 2534.0 38.0 2519.0 45.0 2512.0 small-vehicle 0
54.0 2486.0 47.0 2480.0 61.0 2462.0 69.0 2470.0 small-vehicle 0
405.0 2249.0 411.0 2239.0 432.0 2258.0 425.0 2266.0 small-vehicle 0
191.0 2102.0 186.0 2109.0 166.0 2093.0 170.0 2085.0 small-vehicle 0
100.0 2179.0 106.0 2173.0 120.0 2183.0 113.0 2190.0 small-vehicle 0
707.0 1395.0 713.0 1386.0 739.0 1403.0 733.0 1413.0 large-vehicle 0
887.0 1518.0 882.0 1526.0 860.0 1511.0 867.0 1500.0 large-vehicle 0
509.0 1246.0 519.0 1243.0 523.0 1265.0 515.0 1268.0 small-vehicle 0
477.0 796.0 470.0 803.0 449.0 789.0 454.0 781.0 large-vehicle 0
2918.0 2452.0 2710.0 2289.0 2893.0 2058.0 3117.0 2227.0 plane 0
775.0 2431.0 766.0 2426.0 778.0 2410.0 786.0 2415.0 small-vehicle 0
2690.0 2275.0 2496.0 2109.0 2674.0 1870.0 2890.0 2044.0 plane 0
2472.0 2103.0 2259.0 1920.0 2434.0 1691.0 2656.0 1867.0 plane 0
2232.0 1912.0 2027.0 1750.0 2203.0 1510.0 2424.0 1683.0 plane 0
2013.0 1734.0 1796.0 1571.0 1958.0 1328.0 2186.0 1488.0 plane 0
1775.0 1558.0 1560.0 1391.0 1734.0 1152.0 1958.0 1314.0 plane 0
1537.0 1384.0 1328.0 1209.0 1510.0 974.0 1736.0 1141.0 plane 0
1309.0 1196.0 1102.0 1031.0 1269.0 803.0 1499.0 962.0 plane 0
1095.0 1027.0 879.0 850.0 1058.0 614.0 1258.0 776.0 plane 0
836.0 836.0 637.0 665.0 818.0 431.0 1040.0 598.0 plane 0
641.0 650.0 410.0 495.0 568.0 268.0 791.0 418.0 plane 0
643.0 2547.0 631.0 2552.0 619.0 2530.0 630.0 2523.0 large-vehicle 0
763.0 2424.0 756.0 2418.0 767.0 2404.0 774.0 2410.0 small-vehicle 1
778.0 2405.0 771.0 2399.0 785.0 2378.0 791.0 2384.0 small-vehicle 0
624.0 2288.0 616.0 2282.0 629.0 2267.0 635.0 2271.0 small-vehicle 0
794.0 2385.0 803.0 2391.0 789.0 2412.0 782.0 2408.0 small-vehicle 0
799.0 2418.0 792.0 2415.0 802.0 2399.0 809.0 2403.0 small-vehicle 1
523.0 2240.0 516.0 2233.0 530.0 2218.0 536.0 2224.0 small-vehicle 0
540.0 2226.0 548.0 2232.0 534.0 2248.0 527.0 2242.0 small-vehicle 1
545.0 2253.0 537.0 2250.0 548.0 2233.0 555.0 2238.0 small-vehicle 1
552.0 2263.0 546.0 2257.0 559.0 2241.0 564.0 2248.0 small-vehicle 0
568.0 2247.0 577.0 2252.0 564.0 2268.0 557.0 2262.0 small-vehicle 1
579.0 2254.0 586.0 2261.0 572.0 2276.0 565.0 2270.0 small-vehicle 1
582.0 2284.0 576.0 2280.0 590.0 2263.0 596.0 2266.0 small-vehicle 1
591.0 2290.0 584.0 2286.0 598.0 2267.0 605.0 2272.0 small-vehicle 1
598.0 2301.0 591.0 2296.0 605.0 2277.0 612.0 2283.0 small-vehicle 0
754.0 2415.0 746.0 2410.0 757.0 2396.0 763.0 2400.0 small-vehicle 1
615.0 2284.0 623.0 2290.0 611.0 2307.0 602.0 2302.0 small-vehicle 1
625.0 2291.0 633.0 2296.0 619.0 2316.0 610.0 2311.0 small-vehicle 0
636.0 2298.0 642.0 2303.0 631.0 2319.0 624.0 2313.0 small-vehicle 0
648.0 2335.0 642.0 2332.0 652.0 2315.0 658.0 2318.0 small-vehicle 1
659.0 2343.0 651.0 2340.0 662.0 2323.0 668.0 2326.0 small-vehicle 1
665.0 2352.0 659.0 2348.0 672.0 2332.0 679.0 2337.0 large-vehicle 0
675.0 2359.0 668.0 2354.0 685.0 2333.0 691.0 2340.0 small-vehicle 0
687.0 2364.0 680.0 2360.0 693.0 2341.0 699.0 2347.0 small-vehicle 1
695.0 2371.0 689.0 2366.0 703.0 2349.0 708.0 2354.0 small-vehicle 1
706.0 2378.0 699.0 2374.0 711.0 2357.0 717.0 2362.0 small-vehicle 1
644.0 2110.0 651.0 2114.0 639.0 2133.0 633.0 2128.0 small-vehicle 0
860.0 2147.0 867.0 2154.0 855.0 2169.0 848.0 2165.0 small-vehicle 1
2916.0 2463.0 2911.0 2470.0 2895.0 2459.0 2900.0 2451.0 small-vehicle 0
1293.0 2495.0 1301.0 2492.0 1306.0 2510.0 1299.0 2512.0 small-vehicle 0
1262.0 2521.0 1256.0 2524.0 1250.0 2509.0 1256.0 2506.0 small-vehicle 1
1272.0 2511.0 1264.0 2515.0 1256.0 2495.0 1265.0 2494.0 small-vehicle 1
1280.0 2505.0 1273.0 2508.0 1266.0 2489.0 1273.0 2486.0 small-vehicle 0
1288.0 2496.0 1280.0 2498.0 1274.0 2479.0 1281.0 2476.0 small-vehicle 0
1282.0 2472.0 1292.0 2468.0 1297.0 2487.0 1290.0 2489.0 small-vehicle 1
1252.0 2546.0 1261.0 2544.0 1267.0 2563.0 1257.0 2566.0 small-vehicle 1
1258.0 2533.0 1267.0 2529.0 1276.0 2551.0 1266.0 2554.0 small-vehicle 1
1266.0 2520.0 1272.0 2518.0 1280.0 2535.0 1273.0 2537.0 small-vehicle 0
1275.0 2513.0 1283.0 2509.0 1291.0 2527.0 1281.0 2531.0 small-vehicle 0
1285.0 2502.0 1292.0 2499.0 1298.0 2517.0 1291.0 2519.0 small-vehicle 0
1300.0 2482.0 1308.0 2479.0 1314.0 2497.0 1306.0 2501.0 small-vehicle 0
1249.0 2548.0 1241.0 2551.0 1233.0 2534.0 1241.0 2530.0 small-vehicle 0
1309.0 2471.0 1317.0 2468.0 1322.0 2486.0 1314.0 2490.0 small-vehicle 0
1292.0 2464.0 1299.0 2461.0 1305.0 2475.0 1298.0 2478.0 small-vehicle 1
1151.0 2576.0 1151.0 2568.0 1170.0 2568.0 1169.0 2577.0 small-vehicle 0
1167.0 2554.0 1167.0 2547.0 1184.0 2548.0 1184.0 2555.0 small-vehicle 1
1177.0 2545.0 1177.0 2537.0 1196.0 2539.0 1195.0 2547.0 small-vehicle 1
1184.0 2534.0 1185.0 2526.0 1203.0 2529.0 1202.0 2537.0 small-vehicle 0
1192.0 2522.0 1192.0 2515.0 1211.0 2518.0 1210.0 2525.0 small-vehicle 1
1199.0 2513.0 1200.0 2504.0 1217.0 2506.0 1217.0 2514.0 small-vehicle 0
1206.0 2503.0 1207.0 2495.0 1225.0 2496.0 1223.0 2504.0 small-vehicle 1
1215.0 2492.0 1215.0 2483.0 1235.0 2487.0 1233.0 2495.0 small-vehicle 0
1257.0 2537.0 1249.0 2540.0 1242.0 2522.0 1251.0 2519.0 small-vehicle 0
1240.0 2556.0 1232.0 2560.0 1226.0 2544.0 1233.0 2540.0 small-vehicle 1
1232.0 2471.0 1233.0 2462.0 1253.0 2465.0 1252.0 2472.0 small-vehicle 0
715.0 1475.0 708.0 1471.0 718.0 1457.0 724.0 1462.0 small-vehicle 1
2092.0 1820.0 2087.0 1826.0 2074.0 1815.0 2078.0 1809.0 large-vehicle 1
1781.0 1876.0 1792.0 1875.0 1792.0 1901.0 1783.0 1900.0 small-vehicle 1
1164.0 2566.0 1163.0 2556.0 1183.0 2557.0 1183.0 2566.0 small-vehicle 1
1243.0 2461.0 1243.0 2453.0 1261.0 2454.0 1260.0 2462.0 small-vehicle 1
1373.0 2536.0 1366.0 2542.0 1347.0 2524.0 1353.0 2517.0 small-vehicle 1
1014.0 989.0 1008.0 996.0 991.0 984.0 995.0 976.0 small-vehicle 1
269.0 2405.0 273.0 2399.0 289.0 2412.0 285.0 2417.0 small-vehicle 1
639.0 2380.0 644.0 2373.0 663.0 2384.0 659.0 2391.0 small-vehicle 1
700.0 2058.0 706.0 2062.0 696.0 2078.0 691.0 2074.0 small-vehicle 1
758.0 2098.0 751.0 2093.0 761.0 2078.0 768.0 2084.0 small-vehicle 1
732.0 1491.0 724.0 1484.0 739.0 1467.0 745.0 1473.0 small-vehicle 1
1231.0 2566.0 1224.0 2568.0 1218.0 2553.0 1225.0 2550.0 small-vehicle 1
241.0 385.0 235.0 393.0 214.0 379.0 219.0 371.0 small-vehicle 1
2446.0 2098.0 2441.0 2105.0 2418.0 2090.0 2424.0 2080.0 large-vehicle 0
2967.0 2505.0 2960.0 2512.0 2940.0 2498.0 2946.0 2488.0 large-vehicle 0
2503.0 2145.0 2497.0 2151.0 2475.0 2136.0 2481.0 2126.0 large-vehicle 0
1933.0 2579.0 1926.0 2573.0 1940.0 2555.0 1946.0 2561.0 large-vehicle 0
1517.0 1325.0 1520.0 1315.0 1547.0 1322.0 1544.0 1331.0 large-vehicle 0
1724.0 1535.0 1718.0 1543.0 1694.0 1526.0 1702.0 1515.0 large-vehicle 0
1688.0 2331.0 1682.0 2337.0 1664.0 2323.0 1671.0 2314.0 small-vehicle 1
928.0 2559.0 934.0 2551.0 951.0 2564.0 946.0 2572.0 small-vehicle 1
1223.0 2574.0 1215.0 2577.0 1207.0 2560.0 1216.0 2556.0 small-vehicle 1
1226.0 2481.0 1226.0 2474.0 1247.0 2477.0 1245.0 2483.0 small-vehicle 0
920.0 2568.0 927.0 2560.0 942.0 2574.0 936.0 2580.0 small-vehicle 0
849.0 2143.0 854.0 2147.0 844.0 2163.0 839.0 2159.0 small-vehicle 0
748.0 2090.0 740.0 2084.0 751.0 2070.0 758.0 2076.0 small-vehicle 0
887.0 2128.0 882.0 2122.0 893.0 2107.0 900.0 2112.0 small-vehicle 0
657.0 2047.0 652.0 2043.0 662.0 2027.0 669.0 2031.0 small-vehicle 1
671.0 2030.0 664.0 2023.0 678.0 2005.0 688.0 2011.0 small-vehicle 1
682.0 2038.0 676.0 2034.0 686.0 2019.0 694.0 2024.0 small-vehicle 0
696.0 2026.0 702.0 2030.0 692.0 2044.0 687.0 2040.0 small-vehicle 1
700.0 2054.0 694.0 2048.0 704.0 2032.0 711.0 2039.0 small-vehicle 0
714.0 2038.0 721.0 2044.0 709.0 2061.0 703.0 2056.0 small-vehicle 0
725.0 2048.0 731.0 2054.0 719.0 2068.0 713.0 2063.0 small-vehicle 0
729.0 2076.0 723.0 2072.0 732.0 2057.0 738.0 2062.0 small-vehicle 0
742.0 2062.0 750.0 2069.0 738.0 2083.0 731.0 2078.0 small-vehicle 0
673.0 2036.0 679.0 2041.0 668.0 2054.0 662.0 2050.0 small-vehicle 1
867.0 2116.0 861.0 2109.0 875.0 2091.0 882.0 2096.0 small-vehicle 0
682.0 2040.0 690.0 2045.0 680.0 2060.0 672.0 2055.0 small-vehicle 0
691.0 2048.0 698.0 2055.0 689.0 2070.0 679.0 2065.0 small-vehicle 0
709.0 2066.0 716.0 2073.0 704.0 2086.0 697.0 2081.0 small-vehicle 0
720.0 2073.0 727.0 2080.0 715.0 2094.0 708.0 2089.0 small-vehicle 0
729.0 2081.0 734.0 2086.0 725.0 2099.0 720.0 2095.0 small-vehicle 1
738.0 2087.0 746.0 2091.0 736.0 2104.0 730.0 2101.0 small-vehicle 0
774.0 2083.0 780.0 2088.0 770.0 2103.0 763.0 2098.0 small-vehicle 0
776.0 2114.0 769.0 2110.0 780.0 2091.0 786.0 2097.0 small-vehicle 0
792.0 2094.0 800.0 2101.0 786.0 2121.0 779.0 2115.0 small-vehicle 0
842.0 2190.0 834.0 2186.0 846.0 2170.0 853.0 2174.0 small-vehicle 0
880.0 2119.0 872.0 2114.0 883.0 2099.0 891.0 2105.0 small-vehicle 1
859.0 2104.0 853.0 2099.0 864.0 2082.0 870.0 2086.0 small-vehicle 1
1157.0 2386.0 1162.0 2377.0 1181.0 2389.0 1178.0 2396.0 small-vehicle 0
726.0 2003.0 719.0 1998.0 731.0 1980.0 739.0 1985.0 small-vehicle 1
1168.0 2374.0 1176.0 2367.0 1190.0 2380.0 1182.0 2387.0 small-vehicle 0
1180.0 2366.0 1184.0 2360.0 1199.0 2371.0 1194.0 2376.0 small-vehicle 1
1186.0 2358.0 1192.0 2350.0 1206.0 2362.0 1200.0 2367.0 small-vehicle 1
1194.0 2345.0 1199.0 2337.0 1216.0 2348.0 1208.0 2356.0 small-vehicle 1
1039.0 2424.0 1046.0 2415.0 1060.0 2428.0 1054.0 2436.0 small-vehicle 0
1023.0 2407.0 1029.0 2403.0 1044.0 2417.0 1040.0 2423.0 small-vehicle 0
719.0 1959.0 710.0 1954.0 725.0 1934.0 734.0 1940.0 small-vehicle 1
763.0 1997.0 752.0 1989.0 766.0 1970.0 774.0 1977.0 large-vehicle 0
711.0 1966.0 718.0 1972.0 708.0 1986.0 701.0 1982.0 small-vehicle 1
722.0 1974.0 728.0 1979.0 717.0 1994.0 710.0 1989.0 small-vehicle 1
735.0 2013.0 728.0 2009.0 739.0 1991.0 746.0 1993.0 small-vehicle 0
848.0 2100.0 840.0 2093.0 854.0 2074.0 863.0 2081.0 small-vehicle 1
751.0 1993.0 758.0 1998.0 746.0 2016.0 739.0 2012.0 small-vehicle 0
756.0 2025.0 748.0 2020.0 759.0 2002.0 767.0 2009.0 small-vehicle 1
763.0 2036.0 755.0 2032.0 770.0 2008.0 778.0 2014.0 small-vehicle 0
780.0 2016.0 786.0 2022.0 775.0 2035.0 769.0 2033.0 small-vehicle 0
788.0 2026.0 794.0 2031.0 782.0 2046.0 776.0 2042.0 small-vehicle 0
790.0 2057.0 783.0 2051.0 797.0 2031.0 803.0 2037.0 small-vehicle 0
807.0 2039.0 814.0 2044.0 804.0 2057.0 798.0 2051.0 small-vehicle 1
815.0 2048.0 821.0 2052.0 811.0 2068.0 804.0 2064.0 small-vehicle 0
821.0 2076.0 814.0 2070.0 824.0 2055.0 832.0 2061.0 small-vehicle 0
839.0 2089.0 834.0 2084.0 845.0 2068.0 851.0 2072.0 small-vehicle 0
384.0 427.0 220.0 284.0 348.0 122.0 519.0 259.0 plane 0
