imagesource:GoogleEarth
gsd:0.11964212513
2278.0 626.0 2182.0 628.0 2186.0 564.0 2278.0 563.0 plane 0
2260.0 510.0 2337.0 507.0 2339.0 566.0 2260.0 572.0 plane 0
888.0 442.0 786.0 475.0 745.0 344.0 839.0 314.0 plane 0
980.0 531.0 982.0 465.0 1030.0 467.0 1028.0 536.0 plane 0
976.0 457.0 977.0 363.0 1049.0 362.0 1050.0 460.0 plane 0
1104.0 320.0 1106.0 414.0 1043.0 414.0 1038.0 321.0 plane 0
1603.0 369.0 1521.0 366.0 1523.0 310.0 1604.0 311.0 plane 0
1725.0 370.0 1634.0 368.0 1638.0 306.0 1727.0 307.0 plane 0
1846.0 365.0 1752.0 359.0 1756.0 298.0 1847.0 303.0 plane 0
1967.0 374.0 1873.0 371.0 1874.0 304.0 1965.0 307.0 plane 0
1879.0 511.0 1971.0 514.0 1969.0 571.0 1877.0 568.0 plane 0
2035.0 619.0 1940.0 620.0 1937.0 557.0 2032.0 556.0 plane 0
1792.0 624.0 1705.0 626.0 1703.0 552.0 1789.0 550.0 plane 0
1633.0 502.0 1712.0 498.0 1715.0 564.0 1638.0 569.0 plane 0
1661.0 624.0 1571.0 623.0 1575.0 557.0 1664.0 560.0 plane 0
1391.0 486.0 1488.0 497.0 1480.0 579.0 1384.0 569.0 plane 0
1387.0 755.0 1475.0 755.0 1475.0 824.0 1388.0 820.0 plane 0
1631.0 762.0 1723.0 761.0 1726.0 824.0 1633.0 828.0 plane 0
1762.0 758.0 1838.0 760.0 1835.0 824.0 1761.0 821.0 plane 0
1879.0 758.0 1971.0 767.0 1966.0 831.0 1873.0 822.0 plane 0
1996.0 758.0 2090.0 757.0 2091.0 824.0 1998.0 827.0 plane 0
248.0 969.0 156.0 964.0 160.0 902.0 254.0 906.0 plane 0
711.0 946.0 618.0 939.0 625.0 872.0 713.0 881.0 plane 0
528.0 715.0 643.0 727.0 632.0 830.0 519.0 816.0 plane 0
682.0 735.0 781.0 748.0 771.0 828.0 672.0 817.0 plane 0
865.0 888.0 771.0 895.0 768.0 832.0 859.0 826.0 plane 0
830.0 757.0 920.0 756.0 922.0 829.0 833.0 832.0 plane 0
953.0 765.0 1046.0 762.0 1047.0 829.0 954.0 830.0 plane 0
2376.0 758.0 2453.0 761.0 2452.0 825.0 2373.0 818.0 plane 0
2361.0 491.0 2468.0 486.0 2470.0 568.0 2365.0 570.0 plane 0
2401.0 632.0 2307.0 620.0 2316.0 549.0 2409.0 564.0 plane 0
770.0 444.0 686.0 558.0 592.0 481.0 682.0 375.0 plane 0
