imagesource:GoogleEarth
gsd:0.129765598256
940.0 771.0 948.0 786.0 917.0 802.0 909.0 787.0 small-vehicle 1
820.0 538.0 867.0 585.0 792.0 660.0 746.0 612.0 plane 0
2837.0 587.0 2905.0 665.0 2799.0 767.0 2729.0 682.0 plane 0
2650.0 576.0 2724.0 650.0 2619.0 758.0 2548.0 677.0 plane 0
2466.0 573.0 2539.0 648.0 2437.0 751.0 2368.0 675.0 plane 0
2288.0 561.0 2356.0 637.0 2251.0 746.0 2176.0 667.0 plane 0
1747.0 565.0 1791.0 622.0 1706.0 698.0 1664.0 640.0 plane 0
1560.0 551.0 1611.0 608.0 1529.0 684.0 1479.0 629.0 plane 0
994.0 546.0 1044.0 596.0 974.0 669.0 928.0 620.0 plane 0
640.0 534.0 682.0 583.0 610.0 653.0 565.0 604.0 plane 0
2557.0 301.0 2490.0 374.0 2383.0 276.0 2452.0 197.0 plane 0
2383.0 298.0 2304.0 380.0 2187.0 266.0 2271.0 184.0 plane 0
1992.0 286.0 1935.0 347.0 1851.0 261.0 1914.0 203.0 plane 0
1812.0 278.0 1757.0 341.0 1672.0 259.0 1730.0 198.0 plane 0
1632.0 269.0 1575.0 334.0 1489.0 248.0 1550.0 191.0 plane 0
1269.0 265.0 1213.0 322.0 1128.0 232.0 1191.0 179.0 plane 0
540.0 233.0 478.0 292.0 400.0 208.0 461.0 150.0 plane 0
725.0 249.0 665.0 307.0 585.0 219.0 646.0 164.0 plane 0
3011.0 598.0 3087.0 671.0 2987.0 776.0 2913.0 694.0 plane 0
2889.0 1176.0 2809.0 1247.0 2710.0 1138.0 2788.0 1060.0 plane 0
485.0 1266.0 474.0 1255.0 505.0 1223.0 520.0 1240.0 small-vehicle 1
412.0 571.0 399.0 567.0 418.0 525.0 429.0 532.0 small-vehicle 0
1741.0 926.0 1741.0 909.0 1790.0 911.0 1789.0 926.0 small-vehicle 1
3062.0 283.0 3043.0 289.0 3027.0 246.0 3049.0 238.0 large-vehicle 0
2757.0 293.0 2742.0 285.0 2767.0 225.0 2781.0 232.0 small-vehicle 0
93.0 1108.0 79.0 1094.0 112.0 1063.0 124.0 1079.0 small-vehicle 0
200.0 1155.0 212.0 1165.0 183.0 1190.0 171.0 1180.0 small-vehicle 0
295.0 1014.0 310.0 1007.0 336.0 1040.0 319.0 1050.0 small-vehicle 0
372.0 552.0 362.0 545.0 383.0 507.0 395.0 517.0 small-vehicle 0
460.0 567.0 446.0 564.0 463.0 521.0 476.0 528.0 small-vehicle 0
2529.0 1160.0 2450.0 1239.0 2346.0 1124.0 2424.0 1048.0 plane 0
1033.0 1095.0 985.0 1139.0 908.0 1060.0 964.0 1014.0 plane 0
1218.0 1108.0 1170.0 1154.0 1094.0 1067.0 1146.0 1022.0 plane 0
1414.0 1121.0 1352.0 1184.0 1276.0 1093.0 1337.0 1038.0 plane 0
1595.0 1130.0 1536.0 1187.0 1460.0 1101.0 1516.0 1045.0 plane 0
1775.0 1135.0 1720.0 1192.0 1637.0 1110.0 1697.0 1052.0 plane 0
1934.0 1121.0 1882.0 1174.0 1799.0 1082.0 1856.0 1033.0 plane 0
2345.0 1149.0 2260.0 1224.0 2161.0 1116.0 2242.0 1041.0 plane 0
904.0 250.0 846.0 314.0 765.0 229.0 826.0 170.0 plane 0
