imagesource:GoogleEarth
gsd:0.242915555194
1668.0 772.0 1677.0 761.0 1716.0 793.0 1707.0 804.0 large-vehicle 1
189.0 953.0 179.0 956.0 176.0 935.0 186.0 933.0 small-vehicle 1
1453.0 695.0 1499.0 684.0 1506.0 719.0 1460.0 728.0 plane 0
1485.0 760.0 1443.0 769.0 1438.0 740.0 1479.0 731.0 plane 0
1428.0 773.0 1390.0 783.0 1382.0 747.0 1420.0 737.0 plane 0
1339.0 719.0 1385.0 709.0 1391.0 744.0 1345.0 755.0 plane 0
1371.0 787.0 1325.0 797.0 1320.0 763.0 1366.0 754.0 plane 0
1226.0 745.0 1272.0 733.0 1278.0 768.0 1232.0 778.0 plane 0
1256.0 809.0 1211.0 821.0 1201.0 787.0 1247.0 775.0 plane 0
1538.0 234.0 1494.0 244.0 1485.0 211.0 1532.0 199.0 plane 0
1591.0 223.0 1554.0 232.0 1547.0 199.0 1583.0 190.0 plane 0
1498.0 339.0 1540.0 330.0 1548.0 361.0 1504.0 370.0 plane 0
1585.0 395.0 1540.0 407.0 1531.0 373.0 1576.0 360.0 plane 0
1471.0 423.0 1425.0 430.0 1420.0 396.0 1465.0 388.0 plane 0
1261.0 910.0 1305.0 898.0 1312.0 933.0 1267.0 944.0 plane 0
1109.0 992.0 1065.0 1000.0 1060.0 970.0 1102.0 961.0 plane 0
820.0 1056.0 779.0 1064.0 772.0 1030.0 812.0 1021.0 plane 0
706.0 1083.0 660.0 1094.0 652.0 1054.0 697.0 1042.0 plane 0
868.0 753.0 912.0 739.0 926.0 785.0 883.0 798.0 helicopter 0
860.0 646.0 909.0 635.0 918.0 680.0 871.0 691.0 helicopter 0
230.0 923.0 241.0 920.0 247.0 944.0 236.0 945.0 small-vehicle 1
234.0 948.0 222.0 950.0 213.0 924.0 225.0 921.0 small-vehicle 0
202.0 930.0 211.0 927.0 216.0 950.0 206.0 951.0 small-vehicle 0
1514.0 683.0 1557.0 668.0 1567.0 703.0 1523.0 715.0 plane 0
1531.0 505.0 1576.0 494.0 1585.0 530.0 1540.0 540.0 plane 0
1475.0 518.0 1524.0 507.0 1533.0 542.0 1483.0 553.0 plane 0
1355.0 448.0 1312.0 458.0 1304.0 426.0 1348.0 416.0 plane 0
618.0 563.0 550.0 581.0 539.0 530.0 603.0 513.0 plane 0
369.0 620.0 326.0 629.0 321.0 596.0 363.0 586.0 plane 0
771.0 297.0 767.0 249.0 823.0 243.0 829.0 291.0 helicopter 0
1080.0 340.0 1034.0 349.0 1028.0 316.0 1074.0 306.0 plane 0
1191.0 318.0 1153.0 326.0 1146.0 296.0 1184.0 287.0 plane 0
1248.0 299.0 1209.0 309.0 1202.0 281.0 1241.0 271.0 plane 0
1307.0 287.0 1266.0 297.0 1259.0 267.0 1299.0 255.0 plane 0
1324.0 382.0 1364.0 369.0 1374.0 399.0 1334.0 413.0 plane 0
1212.0 408.0 1254.0 399.0 1258.0 430.0 1217.0 438.0 plane 0
1181.0 486.0 1137.0 497.0 1131.0 464.0 1175.0 454.0 plane 0
1507.0 584.0 1463.0 595.0 1454.0 562.0 1498.0 550.0 plane 0
1092.0 436.0 1141.0 424.0 1146.0 459.0 1098.0 470.0 plane 0
1133.0 596.0 1179.0 585.0 1186.0 619.0 1140.0 629.0 plane 0
1190.0 584.0 1232.0 573.0 1240.0 607.0 1198.0 619.0 plane 0
1245.0 570.0 1290.0 562.0 1296.0 597.0 1251.0 603.0 plane 0
1302.0 558.0 1346.0 547.0 1353.0 582.0 1311.0 592.0 plane 0
1334.0 624.0 1291.0 635.0 1283.0 603.0 1326.0 592.0 plane 0
1276.0 635.0 1232.0 647.0 1224.0 611.0 1267.0 601.0 plane 0
1220.0 650.0 1177.0 660.0 1171.0 624.0 1214.0 615.0 plane 0
1447.0 597.0 1407.0 606.0 1399.0 572.0 1441.0 562.0 plane 0
204.0 951.0 194.0 954.0 191.0 932.0 200.0 930.0 small-vehicle 1
176.0 956.0 167.0 959.0 162.0 938.0 171.0 934.0 small-vehicle 1
724.0 959.0 728.0 971.0 686.0 980.0 682.0 970.0 large-vehicle 1
226.0 1005.0 215.0 1009.0 207.0 987.0 219.0 982.0 small-vehicle 0
707.0 1033.0 698.0 1036.0 691.0 1017.0 703.0 1013.0 small-vehicle 0
696.0 1040.0 684.0 1043.0 678.0 1021.0 687.0 1016.0 small-vehicle 0
665.0 1025.0 674.0 1023.0 679.0 1041.0 670.0 1045.0 small-vehicle 1
651.0 1028.0 661.0 1025.0 666.0 1043.0 658.0 1048.0 small-vehicle 0
641.0 1032.0 651.0 1029.0 656.0 1047.0 646.0 1050.0 small-vehicle 1
628.0 1034.0 637.0 1032.0 642.0 1050.0 632.0 1052.0 small-vehicle 1
628.0 1052.0 619.0 1054.0 612.0 1036.0 622.0 1032.0 small-vehicle 0
600.0 1037.0 609.0 1035.0 614.0 1056.0 605.0 1057.0 small-vehicle 1
584.0 1041.0 594.0 1038.0 601.0 1060.0 590.0 1065.0 small-vehicle 1
571.0 1047.0 581.0 1043.0 586.0 1064.0 578.0 1066.0 small-vehicle 1
558.0 1051.0 569.0 1048.0 574.0 1068.0 564.0 1070.0 small-vehicle 1
560.0 1069.0 550.0 1073.0 544.0 1054.0 555.0 1049.0 small-vehicle 1
531.0 1054.0 541.0 1049.0 548.0 1073.0 538.0 1075.0 small-vehicle 1
889.0 975.0 900.0 974.0 901.0 992.0 892.0 994.0 small-vehicle 1
975.0 973.0 963.0 976.0 957.0 956.0 969.0 953.0 small-vehicle 0
1010.0 946.0 1021.0 943.0 1024.0 964.0 1014.0 967.0 small-vehicle 1
1038.0 960.0 1030.0 963.0 1023.0 943.0 1032.0 941.0 small-vehicle 0
1042.0 939.0 1053.0 936.0 1059.0 956.0 1049.0 960.0 small-vehicle 1
1060.0 931.0 1073.0 928.0 1077.0 952.0 1067.0 956.0 small-vehicle 0
914.0 968.0 924.0 964.0 929.0 985.0 920.0 989.0 small-vehicle 1
723.0 946.0 725.0 957.0 682.0 967.0 679.0 956.0 large-vehicle 1
729.0 1012.0 738.0 1010.0 741.0 1031.0 733.0 1032.0 small-vehicle 1
764.0 997.0 777.0 993.0 784.0 1018.0 771.0 1020.0 small-vehicle 1
799.0 1013.0 786.0 1016.0 776.0 992.0 791.0 988.0 small-vehicle 0
240.0 1088.0 233.0 1090.0 230.0 1069.0 237.0 1067.0 small-vehicle 1
200.0 1011.0 211.0 1008.0 217.0 1031.0 206.0 1033.0 small-vehicle 0
210.0 1010.0 200.0 1011.0 198.0 992.0 208.0 990.0 small-vehicle 1
187.0 1010.0 200.0 1008.0 204.0 1031.0 192.0 1034.0 small-vehicle 1
148.0 1107.0 138.0 1110.0 133.0 1089.0 144.0 1086.0 small-vehicle 0
161.0 1104.0 152.0 1106.0 147.0 1087.0 156.0 1085.0 small-vehicle 0
171.0 1083.0 182.0 1081.0 185.0 1102.0 175.0 1105.0 small-vehicle 0
184.0 1080.0 193.0 1080.0 194.0 1096.0 186.0 1097.0 small-vehicle 1
211.0 1093.0 204.0 1096.0 198.0 1075.0 204.0 1071.0 small-vehicle 1
221.0 1091.0 213.0 1093.0 208.0 1068.0 217.0 1065.0 small-vehicle 0
240.0 1067.0 249.0 1066.0 252.0 1088.0 244.0 1088.0 small-vehicle 0
828.0 980.0 825.0 970.0 844.0 965.0 847.0 974.0 small-vehicle 1
253.0 1064.0 263.0 1062.0 267.0 1082.0 257.0 1084.0 small-vehicle 1
282.0 1080.0 272.0 1084.0 266.0 1060.0 275.0 1057.0 small-vehicle 0
281.0 1060.0 291.0 1059.0 294.0 1080.0 285.0 1081.0 small-vehicle 1
306.0 1074.0 296.0 1076.0 291.0 1054.0 298.0 1051.0 small-vehicle 0
317.0 1074.0 308.0 1076.0 303.0 1053.0 312.0 1050.0 small-vehicle 0
333.0 1068.0 322.0 1072.0 316.0 1048.0 328.0 1045.0 small-vehicle 1
346.0 1066.0 336.0 1068.0 330.0 1045.0 340.0 1041.0 small-vehicle 1
362.0 1061.0 352.0 1064.0 345.0 1040.0 356.0 1036.0 small-vehicle 1
828.0 971.0 825.0 960.0 847.0 955.0 849.0 965.0 small-vehicle 0
450.0 593.0 405.0 606.0 397.0 574.0 441.0 561.0 plane 0
