imagesource:GoogleEarth
gsd:0.247175506275
919.0 592.0 939.0 592.0 938.0 632.0 919.0 633.0 swimming-pool 0
692.0 306.0 736.0 300.0 746.0 397.0 701.0 401.0 tennis-court 0
297.0 220.0 343.0 214.0 353.0 312.0 307.0 316.0 tennis-court 0
371.0 212.0 416.0 206.0 427.0 303.0 381.0 308.0 tennis-court 0
232.0 399.0 278.0 394.0 288.0 490.0 243.0 494.0 tennis-court 0
307.0 391.0 353.0 386.0 362.0 483.0 316.0 488.0 tennis-court 0
404.0 382.0 449.0 377.0 459.0 474.0 414.0 478.0 tennis-court 0
199.0 876.0 196.0 850.0 252.0 845.0 254.0 871.0 tennis-court 0
705.0 452.0 751.0 448.0 762.0 546.0 716.0 549.0 tennis-court 0
619.0 462.0 664.0 456.0 674.0 553.0 629.0 558.0 tennis-court 0
546.0 469.0 591.0 465.0 601.0 561.0 555.0 565.0 tennis-court 0
531.0 321.0 577.0 317.0 587.0 413.0 541.0 418.0 tennis-court 0
604.0 313.0 650.0 309.0 660.0 406.0 615.0 410.0 tennis-court 0
542.0 146.0 588.0 141.0 598.0 239.0 552.0 244.0 tennis-court 0
1112.0 780.0 1104.0 786.0 1092.0 775.0 1096.0 769.0 small-vehicle 1
616.0 139.0 663.0 135.0 670.0 232.0 627.0 236.0 tennis-court 0
703.0 131.0 748.0 126.0 757.0 224.0 711.0 228.0 tennis-court 0
774.0 124.0 820.0 119.0 830.0 216.0 785.0 220.0 tennis-court 0
736.0 599.0 747.0 596.0 750.0 617.0 742.0 619.0 small-vehicle 1
559.0 620.0 571.0 618.0 577.0 639.0 564.0 643.0 small-vehicle 1
153.0 605.0 152.0 594.0 178.0 592.0 178.0 603.0 small-vehicle 1
162.0 588.0 161.0 580.0 180.0 576.0 181.0 585.0 small-vehicle 1
211.0 704.0 221.0 703.0 225.0 722.0 216.0 723.0 small-vehicle 1
251.0 702.0 263.0 702.0 264.0 719.0 254.0 722.0 small-vehicle 1
290.0 699.0 300.0 700.0 300.0 718.0 291.0 719.0 small-vehicle 1
172.0 781.0 184.0 781.0 185.0 800.0 174.0 801.0 small-vehicle 1
324.0 51.0 330.0 32.0 377.0 48.0 372.0 65.0 swimming-pool 0
