imagesource:GoogleEarth
gsd:0.269526089706
16.0 1553.0 16.0 1559.0 1.0 1562.0 1.0 1556.0 small-vehicle 1
863.0 1920.0 853.0 1879.0 877.0 1871.0 889.0 1910.0 plane 0
492.0 1941.0 504.0 1981.0 478.0 1991.0 466.0 1950.0 plane 0
481.0 1897.0 492.0 1938.0 464.0 1947.0 452.0 1908.0 plane 0
534.0 1902.0 520.0 1861.0 547.0 1853.0 559.0 1895.0 plane 0
520.0 1857.0 509.0 1815.0 536.0 1808.0 548.0 1849.0 plane 0
505.0 1815.0 492.0 1772.0 520.0 1762.0 536.0 1804.0 plane 0
509.0 1632.0 485.0 1642.0 477.0 1620.0 502.0 1612.0 plane 0
493.0 1567.0 523.0 1560.0 529.0 1588.0 496.0 1595.0 plane 0
577.0 1613.0 537.0 1627.0 531.0 1599.0 568.0 1587.0 plane 0
550.0 1554.0 588.0 1542.0 594.0 1568.0 556.0 1580.0 plane 0
630.0 1595.0 604.0 1605.0 597.0 1583.0 623.0 1573.0 plane 0
672.0 1524.0 712.0 1512.0 720.0 1544.0 679.0 1556.0 plane 0
693.0 1578.0 659.0 1585.0 655.0 1556.0 689.0 1549.0 plane 0
723.0 1655.0 737.0 1696.0 712.0 1708.0 697.0 1668.0 plane 0
757.0 1747.0 765.0 1789.0 737.0 1794.0 729.0 1751.0 plane 0
768.0 1792.0 778.0 1825.0 753.0 1834.0 743.0 1800.0 plane 0
781.0 1833.0 792.0 1871.0 763.0 1879.0 754.0 1843.0 plane 0
791.0 1875.0 802.0 1916.0 778.0 1924.0 765.0 1884.0 plane 0
811.0 1918.0 822.0 1955.0 787.0 1966.0 776.0 1929.0 plane 0
1080.0 1950.0 1068.0 1907.0 1097.0 1898.0 1110.0 1942.0 plane 0
468.0 1856.0 479.0 1894.0 450.0 1904.0 440.0 1865.0 plane 0
414.0 1886.0 408.0 1846.0 434.0 1842.0 441.0 1882.0 plane 0
571.0 2029.0 560.0 1988.0 586.0 1981.0 599.0 2023.0 plane 0
672.0 291.0 713.0 337.0 693.0 361.0 652.0 316.0 plane 0
1138.0 1008.0 1116.0 982.0 1133.0 966.0 1154.0 991.0 plane 0
1105.0 975.0 1078.0 944.0 1097.0 924.0 1126.0 954.0 plane 0
1029.0 894.0 1011.0 873.0 1027.0 858.0 1046.0 879.0 plane 0
995.0 878.0 963.0 834.0 991.0 808.0 1025.0 850.0 plane 0
966.0 825.0 940.0 796.0 961.0 776.0 986.0 805.0 plane 0
925.0 794.0 898.0 760.0 926.0 734.0 956.0 767.0 plane 0
806.0 694.0 781.0 677.0 792.0 659.0 816.0 674.0 plane 0
625.0 238.0 663.0 285.0 640.0 305.0 602.0 261.0 plane 0
721.0 343.0 754.0 380.0 736.0 397.0 704.0 362.0 plane 0
518.0 2029.0 530.0 2069.0 503.0 2078.0 491.0 2038.0 plane 0
869.0 500.0 905.0 545.0 881.0 565.0 847.0 520.0 plane 0
717.0 1401.0 754.0 1389.0 765.0 1419.0 726.0 1430.0 plane 0
670.0 1414.0 711.0 1400.0 721.0 1431.0 680.0 1443.0 plane 0
691.0 669.0 715.0 695.0 697.0 714.0 673.0 688.0 plane 0
650.0 731.0 627.0 700.0 645.0 685.0 668.0 713.0 plane 0
1111.0 1994.0 1100.0 1958.0 1124.0 1949.0 1136.0 1987.0 plane 0
1058.0 2001.0 1061.0 1963.0 1086.0 1966.0 1083.0 2004.0 plane 0
415.0 1752.0 441.0 1783.0 423.0 1802.0 397.0 1772.0 plane 0
1021.0 1921.0 1060.0 1907.0 1069.0 1937.0 1031.0 1951.0 plane 0
849.0 1873.0 841.0 1833.0 868.0 1827.0 877.0 1867.0 plane 0
1051.0 1041.0 1074.0 1069.0 1052.0 1088.0 1030.0 1060.0 plane 0
838.0 1833.0 824.0 1793.0 853.0 1781.0 868.0 1822.0 plane 0
868.0 1049.0 894.0 1076.0 873.0 1096.0 848.0 1069.0 plane 0
946.0 1012.0 920.0 984.0 939.0 966.0 966.0 995.0 plane 0
946.0 924.0 972.0 956.0 953.0 974.0 925.0 944.0 plane 0
910.0 889.0 937.0 921.0 919.0 938.0 890.0 906.0 plane 0
877.0 852.0 904.0 882.0 885.0 899.0 859.0 871.0 plane 0
840.0 816.0 870.0 842.0 853.0 863.0 823.0 836.0 plane 0
766.0 936.0 792.0 964.0 775.0 982.0 747.0 955.0 plane 0
833.0 1012.0 861.0 1041.0 842.0 1061.0 813.0 1032.0 plane 0
300.0 1054.0 339.0 1042.0 345.0 1070.0 307.0 1082.0 plane 0
346.0 1037.0 385.0 1024.0 394.0 1058.0 354.0 1070.0 plane 0
387.0 1032.0 423.0 1015.0 435.0 1042.0 396.0 1058.0 plane 0
431.0 1011.0 470.0 999.0 478.0 1028.0 439.0 1040.0 plane 0
479.0 997.0 521.0 991.0 525.0 1021.0 483.0 1027.0 plane 0
526.0 1002.0 566.0 991.0 572.0 1018.0 534.0 1029.0 plane 0
623.0 846.0 648.0 878.0 628.0 892.0 603.0 863.0 plane 0
442.0 764.0 431.0 723.0 455.0 716.0 468.0 758.0 plane 0
574.0 530.0 598.0 564.0 572.0 584.0 546.0 549.0 plane 0
508.0 464.0 537.0 496.0 517.0 514.0 488.0 485.0 plane 0
448.0 400.0 476.0 428.0 459.0 446.0 431.0 420.0 plane 0
94.0 800.0 133.0 786.0 144.0 821.0 105.0 834.0 plane 0
91.0 826.0 54.0 841.0 45.0 815.0 82.0 800.0 plane 0
62.0 807.0 20.0 819.0 14.0 792.0 55.0 779.0 plane 0
860.0 1475.0 893.0 1465.0 899.0 1488.0 868.0 1499.0 plane 0
822.0 1788.0 811.0 1746.0 841.0 1737.0 852.0 1779.0 plane 0
957.0 1759.0 968.0 1799.0 941.0 1807.0 929.0 1767.0 plane 0
1090.0 1764.0 1075.0 1729.0 1099.0 1720.0 1113.0 1754.0 plane 0
1072.0 1723.0 1063.0 1687.0 1085.0 1681.0 1095.0 1719.0 plane 0
1059.0 1679.0 1050.0 1650.0 1071.0 1645.0 1081.0 1674.0 plane 0
1048.0 1646.0 1036.0 1605.0 1060.0 1598.0 1074.0 1639.0 plane 0
851.0 1630.0 811.0 1642.0 804.0 1611.0 844.0 1601.0 plane 0
907.0 1612.0 869.0 1625.0 859.0 1598.0 899.0 1584.0 plane 0
939.0 1491.0 902.0 1504.0 894.0 1478.0 932.0 1466.0 plane 0
60.0 842.0 28.0 848.0 24.0 820.0 57.0 814.0 plane 0
1041.0 1236.0 1070.0 1266.0 1049.0 1288.0 1018.0 1257.0 plane 0
971.0 1163.0 998.0 1189.0 977.0 1210.0 950.0 1182.0 plane 0
938.0 1122.0 964.0 1151.0 940.0 1172.0 914.0 1145.0 plane 0
903.0 1091.0 926.0 1115.0 907.0 1132.0 885.0 1108.0 plane 0
1019.0 1087.0 992.0 1057.0 1008.0 1040.0 1035.0 1068.0 plane 0
1014.0 1002.0 1043.0 1032.0 1025.0 1052.0 995.0 1022.0 plane 0
982.0 1049.0 955.0 1020.0 972.0 1001.0 1000.0 1032.0 plane 0
50.0 847.0 57.0 876.0 34.0 883.0 26.0 854.0 plane 0
1176.0 1050.0 1147.0 1020.0 1162.0 1002.0 1192.0 1032.0 plane 0
1084.0 1076.0 1112.0 1104.0 1094.0 1124.0 1067.0 1098.0 plane 0
1371.0 2170.0 1373.0 2176.0 1355.0 2182.0 1352.0 2175.0 small-vehicle 1
147.0 1727.0 156.0 1725.0 164.0 1743.0 153.0 1747.0 small-vehicle 0
1172.0 1422.0 1165.0 1428.0 1156.0 1411.0 1163.0 1406.0 small-vehicle 0
1240.0 1602.0 1241.0 1611.0 1218.0 1615.0 1215.0 1606.0 small-vehicle 1
1194.0 1635.0 1196.0 1642.0 1179.0 1648.0 1177.0 1640.0 small-vehicle 1
1197.0 1646.0 1199.0 1654.0 1177.0 1658.0 1175.0 1650.0 small-vehicle 1
1184.0 1686.0 1185.0 1695.0 1163.0 1699.0 1162.0 1688.0 small-vehicle 0
1166.0 1764.0 1163.0 1756.0 1183.0 1750.0 1186.0 1758.0 small-vehicle 0
1215.0 1789.0 1219.0 1798.0 1199.0 1806.0 1195.0 1797.0 small-vehicle 0
1369.0 1866.0 1372.0 1874.0 1351.0 1882.0 1349.0 1872.0 small-vehicle 1
1375.0 1877.0 1376.0 1884.0 1355.0 1892.0 1352.0 1884.0 small-vehicle 1
1385.0 1903.0 1389.0 1911.0 1367.0 1920.0 1363.0 1910.0 small-vehicle 1
1034.0 1772.0 1028.0 1775.0 1021.0 1757.0 1031.0 1754.0 small-vehicle 0
517.0 1455.0 525.0 1453.0 529.0 1468.0 521.0 1471.0 small-vehicle 1
657.0 792.0 664.0 784.0 699.0 814.0 690.0 825.0 large-vehicle 0
721.0 2021.0 724.0 2029.0 702.0 2037.0 698.0 2027.0 small-vehicle 0
86.0 2028.0 88.0 2036.0 69.0 2044.0 64.0 2035.0 small-vehicle 1
289.0 2177.0 284.0 2167.0 308.0 2160.0 311.0 2168.0 large-vehicle 1
285.0 2158.0 280.0 2147.0 308.0 2138.0 313.0 2149.0 large-vehicle 1
243.0 2129.0 252.0 2125.0 258.0 2145.0 249.0 2150.0 small-vehicle 0
102.0 1917.0 103.0 1925.0 82.0 1928.0 81.0 1920.0 small-vehicle 0
1152.0 803.0 1159.0 796.0 1177.0 816.0 1170.0 824.0 small-vehicle 0
1091.0 1559.0 1088.0 1548.0 1109.0 1542.0 1113.0 1552.0 small-vehicle 1
59.0 783.0 67.0 780.0 73.0 798.0 65.0 800.0 small-vehicle 1
773.0 1388.0 784.0 1384.0 794.0 1407.0 784.0 1412.0 large-vehicle 1
1264.0 1768.0 1267.0 1775.0 1251.0 1781.0 1249.0 1772.0 small-vehicle 1
627.0 1704.0 630.0 1713.0 600.0 1719.0 597.0 1709.0 large-vehicle 1
131.0 1681.0 138.0 1678.0 146.0 1702.0 140.0 1704.0 small-vehicle 1
839.0 1179.0 841.0 1189.0 789.0 1206.0 786.0 1196.0 large-vehicle 1
781.0 1197.0 784.0 1206.0 765.0 1214.0 762.0 1205.0 large-vehicle 1
847.0 1195.0 849.0 1204.0 796.0 1220.0 792.0 1211.0 large-vehicle 1
425.0 630.0 432.0 627.0 435.0 642.0 428.0 645.0 large-vehicle 1
181.0 1018.0 183.0 1027.0 153.0 1036.0 149.0 1027.0 large-vehicle 1
654.0 1260.0 652.0 1251.0 686.0 1242.0 688.0 1253.0 large-vehicle 1
247.0 1123.0 249.0 1132.0 231.0 1133.0 229.0 1126.0 small-vehicle 1
1234.0 1586.0 1235.0 1595.0 1220.0 1597.0 1219.0 1589.0 small-vehicle 1
1140.0 1571.0 1137.0 1563.0 1157.0 1558.0 1160.0 1564.0 small-vehicle 1
940.0 1467.0 950.0 1464.0 956.0 1485.0 947.0 1488.0 small-vehicle 1
551.0 2084.0 551.0 2091.0 533.0 2094.0 531.0 2087.0 small-vehicle 1
128.0 1910.0 128.0 1917.0 113.0 1920.0 112.0 1913.0 small-vehicle 1
102.0 2029.0 105.0 2035.0 92.0 2044.0 88.0 2038.0 small-vehicle 1
25.0 649.0 17.0 653.0 11.0 636.0 18.0 632.0 small-vehicle 1
709.0 1356.0 706.0 1347.0 726.0 1340.0 730.0 1349.0 small-vehicle 1
144.0 1782.0 133.0 1784.0 129.0 1766.0 139.0 1763.0 large-vehicle 0
55.0 1763.0 53.0 1754.0 71.0 1749.0 72.0 1757.0 small-vehicle 0
1121.0 1201.0 1094.0 1169.0 1113.0 1150.0 1141.0 1181.0 plane 0
56.0 1624.0 58.0 1633.0 37.0 1639.0 35.0 1631.0 small-vehicle 0
298.0 728.0 306.0 724.0 313.0 744.0 305.0 747.0 small-vehicle 0
307.0 716.0 317.0 712.0 325.0 734.0 315.0 738.0 small-vehicle 0
292.0 683.0 285.0 690.0 269.0 672.0 277.0 665.0 small-vehicle 1
249.0 630.0 248.0 639.0 213.0 637.0 214.0 626.0 large-vehicle 1
320.0 656.0 324.0 664.0 308.0 670.0 304.0 662.0 small-vehicle 1
313.0 633.0 316.0 641.0 299.0 647.0 295.0 638.0 small-vehicle 1
460.0 391.0 468.0 386.0 484.0 403.0 477.0 409.0 small-vehicle 0
249.0 237.0 245.0 231.0 263.0 225.0 266.0 232.0 small-vehicle 1
317.0 30.0 323.0 36.0 311.0 48.0 305.0 42.0 small-vehicle 0
390.0 84.0 401.0 90.0 384.0 117.0 374.0 111.0 large-vehicle 0
1045.0 739.0 1019.0 705.0 1040.0 687.0 1066.0 721.0 plane 0
1085.0 775.0 1058.0 745.0 1076.0 725.0 1106.0 753.0 plane 0
1123.0 815.0 1092.0 785.0 1111.0 764.0 1142.0 794.0 plane 0
1153.0 863.0 1124.0 830.0 1148.0 808.0 1176.0 841.0 plane 0
1193.0 896.0 1167.0 868.0 1186.0 850.0 1210.0 879.0 plane 0
1232.0 937.0 1201.0 908.0 1220.0 887.0 1252.0 915.0 plane 0
1268.0 978.0 1238.0 945.0 1256.0 926.0 1287.0 957.0 plane 0
1306.0 1017.0 1277.0 984.0 1296.0 965.0 1326.0 995.0 plane 0
1151.0 1152.0 1179.0 1184.0 1160.0 1203.0 1132.0 1172.0 plane 0
152.0 786.0 165.0 781.0 177.0 812.0 165.0 815.0 small-vehicle 1
139.0 782.0 147.0 778.0 154.0 796.0 146.0 801.0 small-vehicle 1
147.0 804.0 155.0 799.0 165.0 820.0 156.0 824.0 small-vehicle 1
280.0 840.0 287.0 838.0 294.0 856.0 287.0 860.0 small-vehicle 1
283.0 1488.0 326.0 1476.0 336.0 1510.0 296.0 1520.0 plane 0
760.0 1229.0 785.0 1224.0 781.0 1212.0 756.0 1219.0 large-vehicle 0
148.0 1039.0 151.0 1047.0 173.0 1041.0 170.0 1032.0 small-vehicle 0
94.0 1071.0 103.0 1067.0 109.0 1086.0 101.0 1089.0 small-vehicle 0
341.0 851.0 334.0 854.0 328.0 836.0 336.0 832.0 small-vehicle 1
325.0 852.0 319.0 854.0 312.0 837.0 320.0 833.0 small-vehicle 0
317.0 853.0 310.0 855.0 301.0 838.0 309.0 835.0 small-vehicle 0
305.0 854.0 296.0 856.0 290.0 836.0 298.0 834.0 small-vehicle 0
268.0 840.0 276.0 836.0 283.0 855.0 276.0 858.0 small-vehicle 0
155.0 892.0 146.0 896.0 138.0 873.0 148.0 867.0 small-vehicle 1
258.0 859.0 250.0 862.0 242.0 843.0 252.0 838.0 small-vehicle 0
246.0 862.0 239.0 863.0 233.0 846.0 239.0 843.0 small-vehicle 1
237.0 866.0 229.0 869.0 222.0 851.0 232.0 849.0 small-vehicle 0
227.0 869.0 218.0 873.0 213.0 854.0 221.0 850.0 small-vehicle 0
207.0 875.0 199.0 877.0 193.0 858.0 202.0 854.0 small-vehicle 1
179.0 861.0 190.0 858.0 197.0 882.0 188.0 885.0 small-vehicle 1
163.0 869.0 171.0 867.0 178.0 885.0 169.0 887.0 small-vehicle 1
152.0 872.0 161.0 869.0 168.0 888.0 159.0 889.0 small-vehicle 1
484.0 149.0 455.0 180.0 432.0 155.0 462.0 125.0 plane 0
