imagesource:GoogleEarth
gsd:0.252959459034
1021.0 601.0 1018.0 594.0 1032.0 587.0 1035.0 593.0 small-vehicle 1
932.0 523.0 937.0 516.0 950.0 523.0 946.0 531.0 small-vehicle 1
358.0 996.0 389.0 964.0 457.0 1031.0 426.0 1064.0 tennis-court 0
312.0 1043.0 344.0 1010.0 411.0 1078.0 379.0 1110.0 tennis-court 0
252.0 1103.0 283.0 1071.0 352.0 1138.0 320.0 1170.0 tennis-court 0
204.0 1149.0 236.0 1117.0 304.0 1185.0 274.0 1217.0 tennis-court 0
159.0 1196.0 190.0 1165.0 257.0 1232.0 226.0 1264.0 tennis-court 0
112.0 1243.0 143.0 1211.0 211.0 1279.0 181.0 1311.0 tennis-court 0
1199.0 1106.0 1245.0 1104.0 1250.0 1198.0 1203.0 1201.0 tennis-court 0
1084.0 743.0 1082.0 697.0 1171.0 695.0 1174.0 742.0 basketball-court 0
1230.0 507.0 1275.0 505.0 1280.0 600.0 1235.0 601.0 tennis-court 0
1170.0 509.0 1215.0 508.0 1219.0 603.0 1174.0 603.0 tennis-court 0
1110.0 511.0 1154.0 510.0 1159.0 605.0 1114.0 607.0 tennis-court 0
1224.0 362.0 1269.0 360.0 1273.0 456.0 1228.0 457.0 tennis-court 0
1165.0 364.0 1208.0 363.0 1213.0 458.0 1168.0 459.0 tennis-court 0
1104.0 367.0 1149.0 365.0 1153.0 460.0 1107.0 462.0 tennis-court 0
1219.0 218.0 1263.0 215.0 1267.0 311.0 1222.0 311.0 tennis-court 0
1159.0 219.0 1203.0 219.0 1206.0 313.0 1162.0 316.0 tennis-court 0
1100.0 224.0 1143.0 221.0 1146.0 315.0 1102.0 318.0 tennis-court 0
403.0 951.0 434.0 919.0 502.0 986.0 470.0 1018.0 tennis-court 0
522.0 788.0 566.0 788.0 567.0 883.0 521.0 883.0 tennis-court 0
585.0 789.0 630.0 788.0 629.0 883.0 585.0 883.0 tennis-court 0
860.0 444.0 865.0 452.0 851.0 465.0 844.0 458.0 small-vehicle 0
951.0 561.0 945.0 567.0 929.0 554.0 936.0 547.0 small-vehicle 1
1022.0 577.0 1017.0 570.0 1034.0 561.0 1038.0 566.0 small-vehicle 1
965.0 568.0 968.0 560.0 988.0 570.0 981.0 577.0 small-vehicle 1
966.0 555.0 970.0 546.0 987.0 557.0 983.0 566.0 small-vehicle 0
964.0 529.0 967.0 522.0 983.0 530.0 979.0 536.0 small-vehicle 1
953.0 500.0 949.0 508.0 931.0 500.0 934.0 490.0 small-vehicle 0
881.0 507.0 877.0 498.0 894.0 489.0 899.0 496.0 small-vehicle 1
745.0 460.0 746.0 452.0 764.0 455.0 762.0 465.0 small-vehicle 1
648.0 789.0 693.0 788.0 693.0 883.0 647.0 882.0 tennis-court 0
754.0 451.0 755.0 444.0 772.0 445.0 772.0 454.0 small-vehicle 1
768.0 431.0 772.0 421.0 795.0 428.0 791.0 437.0 small-vehicle 1
559.0 1258.0 605.0 1253.0 609.0 1347.0 565.0 1352.0 tennis-court 0
674.0 644.0 719.0 644.0 719.0 738.0 674.0 739.0 tennis-court 0
736.0 644.0 780.0 644.0 781.0 738.0 736.0 739.0 tennis-court 0
797.0 643.0 843.0 643.0 843.0 738.0 798.0 738.0 tennis-court 0
742.0 861.0 712.0 835.0 771.0 772.0 798.0 802.0 swimming-pool 0
1130.0 1125.0 1150.0 1104.0 1185.0 1144.0 1164.0 1164.0 swimming-pool 0
