imagesource:GoogleEarth
gsd:0.248394667
499.0 322.0 494.0 312.0 527.0 294.0 532.0 302.0 large-vehicle 1
671.0 306.0 664.0 310.0 655.0 293.0 663.0 289.0 small-vehicle 1
478.0 412.0 538.0 385.0 560.0 439.0 498.0 465.0 plane 0
631.0 423.0 649.0 464.0 616.0 477.0 599.0 435.0 plane 0
597.0 515.0 575.0 475.0 603.0 460.0 624.0 500.0 plane 0
617.0 559.0 595.0 518.0 624.0 502.0 646.0 543.0 plane 0
772.0 419.0 750.0 376.0 775.0 360.0 800.0 404.0 plane 0
961.0 439.0 999.0 418.0 1014.0 451.0 978.0 470.0 plane 0
495.0 242.0 505.0 252.0 472.0 271.0 464.0 261.0 large-vehicle 1
484.0 227.0 491.0 238.0 462.0 254.0 454.0 243.0 large-vehicle 1
641.0 238.0 649.0 233.0 657.0 250.0 651.0 255.0 small-vehicle 1
633.0 267.0 626.0 271.0 615.0 250.0 622.0 245.0 small-vehicle 1
702.0 262.0 711.0 256.0 719.0 276.0 712.0 279.0 small-vehicle 1
682.0 302.0 676.0 305.0 666.0 287.0 673.0 282.0 small-vehicle 1
660.0 313.0 655.0 314.0 644.0 298.0 650.0 294.0 small-vehicle 1
1525.0 1344.0 1523.0 1302.0 1553.0 1301.0 1556.0 1342.0 plane 0
652.0 316.0 644.0 319.0 637.0 305.0 643.0 301.0 small-vehicle 1
611.0 312.0 619.0 307.0 628.0 324.0 621.0 329.0 small-vehicle 1
602.0 317.0 610.0 312.0 617.0 327.0 609.0 331.0 small-vehicle 1
881.0 822.0 877.0 815.0 899.0 804.0 901.0 812.0 small-vehicle 0
1035.0 928.0 1026.0 930.0 1016.0 913.0 1023.0 909.0 small-vehicle 1
1057.0 1042.0 1067.0 1037.0 1078.0 1057.0 1071.0 1063.0 small-vehicle 0
1084.0 1037.0 1091.0 1031.0 1102.0 1048.0 1095.0 1052.0 small-vehicle 0
1085.0 941.0 1076.0 945.0 1064.0 924.0 1071.0 920.0 small-vehicle 1
1165.0 1009.0 1158.0 1015.0 1147.0 994.0 1155.0 992.0 small-vehicle 1
1184.0 1000.0 1178.0 1002.0 1167.0 988.0 1176.0 984.0 small-vehicle 1
1196.0 992.0 1189.0 997.0 1176.0 978.0 1183.0 975.0 small-vehicle 0
1205.0 985.0 1199.0 989.0 1188.0 975.0 1195.0 969.0 small-vehicle 0
153.0 38.0 130.0 83.0 78.0 47.0 107.0 5.0 helicopter 0
1526.0 1280.0 1527.0 1242.0 1556.0 1243.0 1556.0 1281.0 plane 0
666.0 673.0 657.0 676.0 634.0 643.0 646.0 637.0 large-vehicle 0
693.0 881.0 633.0 913.0 605.0 855.0 664.0 823.0 plane 0
163.0 488.0 206.0 472.0 225.0 524.0 184.0 541.0 helicopter 0
364.0 576.0 418.0 551.0 445.0 608.0 392.0 634.0 plane 0
337.0 697.0 298.0 717.0 283.0 687.0 322.0 665.0 plane 0
349.0 806.0 389.0 783.0 404.0 810.0 364.0 833.0 plane 0
404.0 772.0 443.0 750.0 457.0 782.0 419.0 801.0 plane 0
456.0 746.0 497.0 724.0 512.0 757.0 473.0 777.0 plane 0
509.0 716.0 548.0 691.0 564.0 721.0 526.0 746.0 plane 0
610.0 738.0 568.0 763.0 554.0 736.0 595.0 711.0 plane 0
551.0 770.0 518.0 785.0 506.0 761.0 540.0 743.0 plane 0
499.0 800.0 464.0 822.0 445.0 789.0 481.0 766.0 plane 0
446.0 828.0 407.0 851.0 391.0 820.0 431.0 797.0 plane 0
525.0 956.0 468.0 993.0 448.0 956.0 506.0 921.0 plane 0
738.0 813.0 685.0 841.0 664.0 801.0 717.0 773.0 plane 0
1528.0 1221.0 1527.0 1176.0 1559.0 1175.0 1560.0 1222.0 plane 0
656.0 1072.0 595.0 1107.0 564.0 1041.0 623.0 1010.0 plane 0
809.0 1159.0 738.0 1201.0 692.0 1120.0 762.0 1082.0 plane 0
854.0 1340.0 861.0 1256.0 947.0 1263.0 941.0 1344.0 plane 0
1269.0 1142.0 1267.0 1192.0 1237.0 1190.0 1238.0 1140.0 plane 0
1267.0 1202.0 1266.0 1248.0 1236.0 1248.0 1236.0 1201.0 plane 0
1355.0 1316.0 1355.0 1265.0 1389.0 1265.0 1388.0 1317.0 plane 0
1360.0 1186.0 1362.0 1141.0 1395.0 1143.0 1393.0 1190.0 plane 0
1430.0 1176.0 1431.0 1219.0 1395.0 1218.0 1396.0 1175.0 plane 0
1433.0 1115.0 1431.0 1161.0 1401.0 1159.0 1402.0 1112.0 plane 0
1488.0 1006.0 1455.0 1041.0 1435.0 1018.0 1466.0 987.0 plane 0
1531.0 962.0 1496.0 985.0 1478.0 957.0 1515.0 933.0 plane 0
1547.0 942.0 1575.0 971.0 1555.0 995.0 1526.0 965.0 plane 0
1220.0 977.0 1213.0 981.0 1202.0 968.0 1209.0 962.0 small-vehicle 1
1229.0 973.0 1222.0 975.0 1212.0 962.0 1217.0 957.0 small-vehicle 1
1241.0 965.0 1236.0 971.0 1223.0 956.0 1230.0 950.0 small-vehicle 1
1400.0 698.0 1407.0 693.0 1417.0 706.0 1410.0 713.0 small-vehicle 1
1296.0 756.0 1301.0 752.0 1309.0 764.0 1304.0 767.0 small-vehicle 1
1304.0 750.0 1310.0 747.0 1319.0 760.0 1313.0 767.0 small-vehicle 1
1322.0 742.0 1330.0 737.0 1340.0 751.0 1334.0 757.0 small-vehicle 1
1352.0 790.0 1358.0 787.0 1367.0 801.0 1358.0 807.0 small-vehicle 1
1384.0 863.0 1392.0 858.0 1404.0 873.0 1396.0 878.0 small-vehicle 1
1406.0 849.0 1413.0 845.0 1426.0 863.0 1419.0 867.0 small-vehicle 1
1454.0 819.0 1463.0 814.0 1473.0 831.0 1463.0 836.0 small-vehicle 1
1386.0 794.0 1379.0 797.0 1368.0 782.0 1374.0 776.0 small-vehicle 0
1396.0 786.0 1390.0 791.0 1376.0 769.0 1384.0 764.0 large-vehicle 0
1435.0 762.0 1426.0 768.0 1415.0 752.0 1424.0 746.0 small-vehicle 0
1483.0 738.0 1477.0 742.0 1465.0 725.0 1471.0 720.0 small-vehicle 1
1491.0 730.0 1484.0 732.0 1476.0 718.0 1483.0 715.0 small-vehicle 0
1419.0 685.0 1427.0 679.0 1436.0 697.0 1426.0 700.0 small-vehicle 1
1288.0 940.0 1280.0 944.0 1267.0 928.0 1275.0 924.0 small-vehicle 1
1332.0 696.0 1341.0 688.0 1351.0 705.0 1343.0 709.0 small-vehicle 0
1384.0 667.0 1390.0 660.0 1400.0 678.0 1392.0 682.0 small-vehicle 1
1396.0 664.0 1404.0 660.0 1412.0 676.0 1404.0 679.0 small-vehicle 1
1482.0 677.0 1477.0 672.0 1490.0 659.0 1496.0 665.0 small-vehicle 1
1500.0 693.0 1495.0 686.0 1507.0 675.0 1513.0 683.0 small-vehicle 1
1476.0 984.0 1482.0 975.0 1498.0 986.0 1494.0 994.0 small-vehicle 0
1510.0 941.0 1512.0 933.0 1532.0 935.0 1529.0 944.0 small-vehicle 0
1396.0 587.0 1391.0 582.0 1406.0 569.0 1411.0 576.0 small-vehicle 0
1496.0 603.0 1502.0 598.0 1517.0 612.0 1509.0 618.0 small-vehicle 0
1155.0 659.0 1162.0 654.0 1174.0 670.0 1165.0 675.0 small-vehicle 0
640.0 690.0 631.0 694.0 610.0 665.0 620.0 657.0 large-vehicle 0
652.0 680.0 641.0 686.0 624.0 656.0 633.0 647.0 large-vehicle 0
1287.0 763.0 1293.0 757.0 1301.0 772.0 1296.0 776.0 small-vehicle 1
1305.0 736.0 1298.0 739.0 1286.0 721.0 1292.0 718.0 small-vehicle 0
1286.0 746.0 1279.0 750.0 1266.0 734.0 1276.0 728.0 small-vehicle 1
1277.0 752.0 1270.0 756.0 1257.0 737.0 1264.0 734.0 small-vehicle 0
1299.0 932.0 1291.0 937.0 1280.0 921.0 1286.0 914.0 small-vehicle 1
1311.0 926.0 1304.0 932.0 1292.0 914.0 1298.0 908.0 small-vehicle 1
1348.0 904.0 1341.0 909.0 1331.0 895.0 1336.0 889.0 small-vehicle 1
1099.0 945.0 1096.0 941.0 1110.0 932.0 1114.0 938.0 small-vehicle 1
1094.0 938.0 1089.0 932.0 1104.0 925.0 1106.0 933.0 small-vehicle 0
1103.0 913.0 1106.0 919.0 1088.0 926.0 1085.0 919.0 large-vehicle 0
1083.0 918.0 1079.0 910.0 1094.0 901.0 1098.0 910.0 small-vehicle 1
1161.0 916.0 1167.0 923.0 1148.0 931.0 1144.0 925.0 small-vehicle 0
1157.0 908.0 1161.0 913.0 1147.0 921.0 1142.0 915.0 small-vehicle 1
1140.0 913.0 1135.0 907.0 1151.0 899.0 1156.0 905.0 small-vehicle 1
1145.0 887.0 1150.0 895.0 1135.0 904.0 1128.0 897.0 small-vehicle 1
1189.0 839.0 1185.0 834.0 1202.0 823.0 1206.0 829.0 small-vehicle 1
1191.0 847.0 1188.0 842.0 1205.0 833.0 1210.0 839.0 small-vehicle 1
1242.0 874.0 1235.0 878.0 1227.0 862.0 1232.0 858.0 small-vehicle 1
1265.0 863.0 1258.0 866.0 1246.0 850.0 1254.0 844.0 small-vehicle 1
1257.0 845.0 1264.0 842.0 1273.0 857.0 1266.0 861.0 small-vehicle 1
1266.0 839.0 1274.0 836.0 1282.0 852.0 1276.0 856.0 small-vehicle 1
1276.0 832.0 1284.0 828.0 1292.0 845.0 1286.0 849.0 small-vehicle 1
1285.0 827.0 1291.0 822.0 1302.0 838.0 1297.0 843.0 small-vehicle 0
1238.0 790.0 1245.0 786.0 1254.0 800.0 1247.0 806.0 small-vehicle 1
1257.0 777.0 1264.0 773.0 1274.0 790.0 1268.0 793.0 small-vehicle 1
1269.0 772.0 1273.0 768.0 1285.0 786.0 1278.0 790.0 small-vehicle 1
1220.0 759.0 1227.0 756.0 1235.0 770.0 1228.0 775.0 small-vehicle 0
1247.0 768.0 1242.0 771.0 1230.0 755.0 1237.0 750.0 small-vehicle 0
1266.0 757.0 1258.0 761.0 1247.0 746.0 1255.0 739.0 small-vehicle 0
221.0 434.0 334.0 379.0 389.0 498.0 276.0 551.0 plane 0
