imagesource:GoogleEarth
gsd:0.127159492479
615.0 324.0 694.0 363.0 612.0 532.0 534.0 493.0 tennis-court 0
512.0 273.0 591.0 313.0 508.0 482.0 430.0 442.0 tennis-court 0
490.0 584.0 568.0 623.0 486.0 791.0 407.0 753.0 tennis-court 0
385.0 534.0 464.0 573.0 382.0 741.0 304.0 702.0 tennis-court 0
282.0 483.0 361.0 522.0 278.0 691.0 200.0 652.0 tennis-court 0
409.0 224.0 488.0 263.0 405.0 430.0 327.0 392.0 tennis-court 0
305.0 173.0 385.0 212.0 302.0 382.0 222.0 342.0 tennis-court 0
202.0 122.0 280.0 162.0 199.0 332.0 120.0 292.0 tennis-court 0
