imagesource:GoogleEarth
gsd:0.129177246525
1190.0 1308.0 1181.0 1312.0 1172.0 1290.0 1181.0 1287.0 small-vehicle 1
1133.0 605.0 1149.0 594.0 1167.0 625.0 1151.0 635.0 small-vehicle 0
1056.0 647.0 1074.0 636.0 1094.0 670.0 1075.0 679.0 small-vehicle 0
975.0 1352.0 981.0 1369.0 947.0 1382.0 940.0 1366.0 small-vehicle 0
122.0 1383.0 106.0 1388.0 97.0 1351.0 114.0 1347.0 small-vehicle 0
372.0 772.0 445.0 725.0 541.0 885.0 465.0 933.0 tennis-court 0
468.0 714.0 540.0 668.0 637.0 828.0 563.0 875.0 tennis-court 0
412.0 306.0 486.0 262.0 576.0 421.0 501.0 467.0 tennis-court 0
584.0 202.0 659.0 156.0 752.0 317.0 680.0 361.0 tennis-court 0
671.0 547.0 746.0 502.0 841.0 663.0 765.0 708.0 tennis-court 0
768.0 491.0 842.0 446.0 938.0 605.0 864.0 650.0 tennis-court 0
866.0 432.0 940.0 387.0 1035.0 547.0 962.0 592.0 tennis-court 0
963.0 373.0 1038.0 329.0 1134.0 489.0 1059.0 533.0 tennis-court 0
892.0 794.0 968.0 748.0 1061.0 908.0 986.0 953.0 tennis-court 0
790.0 853.0 864.0 808.0 960.0 968.0 885.0 1013.0 tennis-court 0
690.0 913.0 763.0 869.0 857.0 1027.0 783.0 1073.0 tennis-court 0
588.0 974.0 662.0 928.0 757.0 1090.0 683.0 1135.0 tennis-court 0
481.0 1038.0 555.0 991.0 652.0 1152.0 577.0 1197.0 tennis-court 0
374.0 1101.0 447.0 1058.0 542.0 1216.0 470.0 1261.0 tennis-court 0
1075.0 636.0 1091.0 625.0 1109.0 658.0 1092.0 669.0 small-vehicle 0
1154.0 594.0 1169.0 586.0 1190.0 619.0 1173.0 629.0 small-vehicle 0
508.0 249.0 564.0 213.0 657.0 375.0 601.0 407.0 tennis-court 0
1165.0 789.0 1149.0 799.0 1126.0 763.0 1144.0 752.0 small-vehicle 0
59.0 1395.0 39.0 1401.0 30.0 1366.0 50.0 1360.0 small-vehicle 0
1196.0 884.0 1182.0 892.0 1162.0 864.0 1178.0 852.0 small-vehicle 0
1232.0 855.0 1218.0 867.0 1196.0 832.0 1215.0 823.0 small-vehicle 0
1148.0 802.0 1131.0 811.0 1109.0 777.0 1127.0 766.0 small-vehicle 0
1141.0 750.0 1126.0 758.0 1104.0 723.0 1120.0 712.0 small-vehicle 0
1162.0 739.0 1146.0 749.0 1121.0 711.0 1140.0 702.0 small-vehicle 0
1203.0 768.0 1185.0 778.0 1165.0 745.0 1183.0 735.0 small-vehicle 0
1258.0 739.0 1241.0 749.0 1221.0 715.0 1238.0 705.0 small-vehicle 0
1235.0 701.0 1221.0 710.0 1199.0 676.0 1215.0 665.0 small-vehicle 0
1111.0 612.0 1127.0 603.0 1147.0 639.0 1133.0 646.0 small-vehicle 0
1131.0 648.0 1116.0 658.0 1096.0 626.0 1111.0 617.0 small-vehicle 0
1039.0 698.0 1024.0 707.0 1002.0 673.0 1018.0 663.0 small-vehicle 0
1058.0 690.0 1043.0 697.0 1022.0 664.0 1035.0 655.0 small-vehicle 0
1238.0 749.0 1220.0 759.0 1201.0 725.0 1219.0 714.0 small-vehicle 0
1106.0 776.0 1088.0 786.0 1065.0 749.0 1086.0 738.0 small-vehicle 0
1196.0 719.0 1181.0 730.0 1163.0 697.0 1178.0 687.0 small-vehicle 0
1184.0 782.0 1171.0 790.0 1150.0 756.0 1165.0 746.0 small-vehicle 0
276.0 829.0 349.0 786.0 444.0 944.0 369.0 989.0 tennis-court 0
