imagesource:GoogleEarth
gsd:0.131742350365
759.0 1357.0 743.0 1365.0 727.0 1334.0 742.0 1326.0 small-vehicle 0
740.0 1370.0 725.0 1377.0 707.0 1347.0 722.0 1338.0 small-vehicle 0
385.0 941.0 469.0 930.0 488.0 1112.0 404.0 1122.0 tennis-court 0
519.0 924.0 605.0 916.0 627.0 1096.0 542.0 1105.0 tennis-court 0
661.0 912.0 746.0 902.0 764.0 1080.0 680.0 1090.0 tennis-court 0
627.0 616.0 712.0 607.0 730.0 788.0 645.0 797.0 tennis-court 0
488.0 632.0 574.0 622.0 592.0 801.0 508.0 811.0 tennis-court 0
350.0 646.0 435.0 637.0 454.0 817.0 372.0 827.0 tennis-court 0
594.0 323.0 677.0 313.0 697.0 490.0 614.0 499.0 tennis-court 0
455.0 338.0 538.0 328.0 561.0 506.0 474.0 516.0 tennis-court 0
316.0 351.0 402.0 343.0 422.0 523.0 338.0 532.0 tennis-court 0
