imagesource:GoogleEarth
gsd:0.257752361515
1105.0 311.0 999.0 287.0 1032.0 189.0 1134.0 219.0 baseball-diamond 0
753.0 839.0 752.0 831.0 770.0 827.0 771.0 834.0 small-vehicle 1
1050.0 742.0 1088.0 763.0 1042.0 844.0 1003.0 822.0 tennis-court 0
1167.0 649.0 1205.0 670.0 1159.0 752.0 1121.0 729.0 tennis-court 0
1123.0 622.0 1160.0 645.0 1115.0 726.0 1076.0 704.0 tennis-court 0
1078.0 598.0 1116.0 620.0 1069.0 700.0 1031.0 678.0 tennis-court 0
1000.0 401.0 1044.0 395.0 1051.0 488.0 1008.0 490.0 tennis-court 0
942.0 406.0 987.0 401.0 994.0 494.0 951.0 498.0 tennis-court 0
886.0 411.0 930.0 406.0 937.0 499.0 894.0 505.0 tennis-court 0
816.0 509.0 773.0 513.0 763.0 422.0 808.0 416.0 tennis-court 0
762.0 515.0 718.0 520.0 710.0 428.0 754.0 423.0 tennis-court 0
626.0 541.0 581.0 545.0 574.0 453.0 618.0 449.0 tennis-court 0
385.0 754.0 339.0 754.0 342.0 661.0 385.0 662.0 tennis-court 0
440.0 752.0 396.0 753.0 397.0 662.0 441.0 661.0 tennis-court 0
551.0 753.0 508.0 748.0 516.0 657.0 560.0 661.0 tennis-court 0
607.0 758.0 563.0 752.0 573.0 662.0 616.0 666.0 tennis-court 0
747.0 734.0 702.0 733.0 705.0 641.0 749.0 641.0 tennis-court 0
803.0 734.0 760.0 734.0 760.0 642.0 804.0 642.0 tennis-court 0
904.0 738.0 847.0 735.0 856.0 622.0 911.0 625.0 basketball-court 0
872.0 1106.0 914.0 1115.0 894.0 1206.0 851.0 1196.0 tennis-court 0
821.0 1094.0 863.0 1104.0 842.0 1194.0 799.0 1184.0 tennis-court 0
691.0 1118.0 637.0 1094.0 676.0 972.0 736.0 992.0 swimming-pool 0
434.0 1083.0 443.0 905.0 558.0 908.0 550.0 1089.0 swimming-pool 0
1096.0 767.0 1135.0 789.0 1089.0 870.0 1051.0 849.0 tennis-court 0
753.0 852.0 751.0 845.0 770.0 841.0 772.0 849.0 small-vehicle 1
261.0 23.0 275.0 30.0 255.0 59.0 243.0 54.0 swimming-pool 0
492.0 1302.0 484.0 1303.0 481.0 1285.0 489.0 1284.0 small-vehicle 1
46.0 235.0 50.0 229.0 63.0 239.0 58.0 245.0 small-vehicle 1
87.0 156.0 96.0 162.0 89.0 176.0 80.0 173.0 small-vehicle 1
18.0 92.0 25.0 97.0 15.0 113.0 9.0 110.0 small-vehicle 1
1274.0 947.0 1265.0 944.0 1270.0 928.0 1278.0 929.0 small-vehicle 1
1216.0 1025.0 1208.0 1022.0 1214.0 1006.0 1221.0 1008.0 small-vehicle 1
1027.0 1377.0 1020.0 1373.0 1027.0 1359.0 1034.0 1362.0 small-vehicle 1
1126.0 1215.0 1120.0 1211.0 1129.0 1195.0 1135.0 1197.0 small-vehicle 0
1165.0 1113.0 1158.0 1111.0 1164.0 1092.0 1172.0 1094.0 small-vehicle 1
1159.0 1149.0 1154.0 1146.0 1162.0 1126.0 1169.0 1128.0 small-vehicle 0
1197.0 1284.0 1206.0 1289.0 1197.0 1308.0 1185.0 1303.0 small-vehicle 0
82.0 1420.0 89.0 1420.0 90.0 1440.0 82.0 1440.0 small-vehicle 1
591.0 1411.0 600.0 1412.0 598.0 1430.0 591.0 1430.0 small-vehicle 1
460.0 1406.0 470.0 1406.0 468.0 1424.0 460.0 1427.0 small-vehicle 1
480.0 1408.0 488.0 1408.0 488.0 1426.0 480.0 1425.0 small-vehicle 1
342.0 1352.0 350.0 1352.0 350.0 1371.0 341.0 1371.0 small-vehicle 1
317.0 1329.0 327.0 1329.0 329.0 1350.0 319.0 1349.0 small-vehicle 1
340.0 1331.0 347.0 1331.0 346.0 1348.0 340.0 1348.0 small-vehicle 1
370.0 1334.0 377.0 1335.0 378.0 1352.0 368.0 1350.0 small-vehicle 1
601.0 1380.0 595.0 1379.0 594.0 1361.0 601.0 1361.0 small-vehicle 1
581.0 1340.0 589.0 1338.0 589.0 1359.0 582.0 1358.0 small-vehicle 0
551.0 1337.0 560.0 1339.0 560.0 1358.0 551.0 1358.0 small-vehicle 0
411.0 1171.0 412.0 1099.0 520.0 1105.0 517.0 1174.0 swimming-pool 0
