imagesource:GoogleEarth
gsd:0.129576232599
45.0 932.0 34.0 923.0 58.0 893.0 72.0 905.0 small-vehicle 1
63.0 954.0 51.0 945.0 73.0 914.0 85.0 920.0 small-vehicle 1
58.0 777.0 74.0 789.0 52.0 819.0 38.0 809.0 small-vehicle 0
114.0 806.0 130.0 816.0 109.0 852.0 92.0 841.0 small-vehicle 0
125.0 942.0 142.0 953.0 118.0 986.0 103.0 976.0 small-vehicle 0
157.0 969.0 171.0 981.0 151.0 1010.0 134.0 1000.0 small-vehicle 0
197.0 986.0 212.0 995.0 195.0 1027.0 180.0 1018.0 small-vehicle 0
234.0 891.0 248.0 900.0 230.0 931.0 215.0 924.0 small-vehicle 0
218.0 881.0 232.0 892.0 212.0 919.0 199.0 910.0 small-vehicle 0
199.0 869.0 214.0 877.0 195.0 909.0 181.0 901.0 small-vehicle 0
165.0 844.0 181.0 854.0 160.0 886.0 145.0 876.0 small-vehicle 0
1323.0 1163.0 1250.0 1115.0 1346.0 960.0 1418.0 1005.0 tennis-court 0
1218.0 1098.0 1146.0 1051.0 1243.0 894.0 1317.0 941.0 tennis-court 0
1115.0 1031.0 1043.0 985.0 1141.0 829.0 1211.0 875.0 tennis-court 0
1011.0 966.0 938.0 921.0 1037.0 765.0 1110.0 811.0 tennis-court 0
909.0 901.0 835.0 854.0 933.0 699.0 1006.0 746.0 tennis-court 0
1053.0 1357.0 980.0 1311.0 1078.0 1157.0 1151.0 1202.0 tennis-court 0
1157.0 1423.0 1083.0 1377.0 1182.0 1220.0 1254.0 1268.0 tennis-court 0
915.0 1480.0 974.0 1390.0 1117.0 1483.0 1059.0 1575.0 basketball-court 0
975.0 1091.0 1048.0 1137.0 950.0 1293.0 877.0 1248.0 tennis-court 0
871.0 1026.0 944.0 1072.0 846.0 1227.0 773.0 1182.0 tennis-court 0
768.0 961.0 843.0 1008.0 742.0 1161.0 671.0 1116.0 tennis-court 0
386.0 997.0 555.0 997.0 555.0 1144.0 386.0 1144.0 roundabout 0
755.0 414.0 827.0 458.0 731.0 615.0 659.0 569.0 tennis-court 0
642.0 341.0 715.0 387.0 615.0 543.0 543.0 498.0 tennis-court 0
539.0 278.0 612.0 322.0 512.0 477.0 439.0 431.0 tennis-court 0
435.0 212.0 510.0 257.0 407.0 413.0 336.0 366.0 tennis-court 0
21.0 755.0 38.0 766.0 18.0 798.0 1.0 788.0 small-vehicle 0
244.0 1067.0 228.0 1058.0 247.0 1025.0 265.0 1035.0 small-vehicle 0
596.0 1247.0 586.0 1259.0 558.0 1235.0 568.0 1222.0 small-vehicle 0
1075.0 438.0 1057.0 431.0 1068.0 389.0 1087.0 395.0 large-vehicle 0
261.0 1073.0 250.0 1065.0 267.0 1039.0 278.0 1045.0 small-vehicle 1
281.0 1090.0 268.0 1080.0 288.0 1055.0 302.0 1060.0 small-vehicle 1
1058.0 414.0 1038.0 408.0 1048.0 371.0 1066.0 377.0 small-vehicle 0
208.0 1046.0 191.0 1036.0 213.0 1004.0 228.0 1013.0 small-vehicle 0
179.0 976.0 195.0 984.0 174.0 1022.0 158.0 1012.0 small-vehicle 0
269.0 915.0 281.0 922.0 264.0 956.0 251.0 949.0 small-vehicle 0
250.0 902.0 264.0 911.0 246.0 943.0 231.0 934.0 small-vehicle 0
147.0 831.0 163.0 839.0 144.0 871.0 130.0 864.0 small-vehicle 0
90.0 801.0 106.0 809.0 89.0 841.0 73.0 832.0 small-vehicle 0
75.0 785.0 91.0 798.0 75.0 827.0 56.0 817.0 small-vehicle 0
1091.0 467.0 1072.0 460.0 1088.0 415.0 1107.0 423.0 large-vehicle 0
1108.0 491.0 1088.0 484.0 1102.0 441.0 1119.0 448.0 large-vehicle 0
786.0 232.0 770.0 240.0 753.0 205.0 770.0 196.0 small-vehicle 0
1040.0 391.0 1019.0 386.0 1030.0 342.0 1048.0 348.0 large-vehicle 0
1019.0 373.0 1000.0 369.0 1010.0 328.0 1027.0 332.0 small-vehicle 0
998.0 353.0 984.0 348.0 993.0 310.0 1009.0 314.0 small-vehicle 0
983.0 333.0 966.0 332.0 968.0 300.0 984.0 300.0 small-vehicle 0
963.0 320.0 946.0 319.0 947.0 281.0 965.0 282.0 small-vehicle 0
942.0 304.0 924.0 306.0 921.0 269.0 939.0 266.0 small-vehicle 0
916.0 284.0 897.0 286.0 892.0 250.0 911.0 248.0 small-vehicle 0
891.0 274.0 872.0 276.0 866.0 236.0 884.0 234.0 small-vehicle 0
869.0 262.0 849.0 265.0 845.0 229.0 863.0 226.0 small-vehicle 0
843.0 241.0 825.0 249.0 813.0 218.0 831.0 209.0 small-vehicle 0
817.0 236.0 798.0 244.0 784.0 206.0 802.0 198.0 small-vehicle 0
331.0 146.0 404.0 191.0 302.0 345.0 231.0 301.0 tennis-court 0
