imagesource:GoogleEarth
gsd:0.127404265834
1071.0 756.0 1076.0 774.0 1041.0 790.0 1033.0 774.0 small-vehicle 0
944.0 872.0 929.0 882.0 907.0 849.0 924.0 838.0 small-vehicle 0
765.0 822.0 781.0 812.0 805.0 849.0 792.0 858.0 small-vehicle 0
692.0 886.0 706.0 876.0 723.0 901.0 711.0 910.0 small-vehicle 0
282.0 813.0 271.0 798.0 300.0 777.0 310.0 791.0 small-vehicle 0
698.0 1061.0 681.0 1075.0 657.0 1042.0 675.0 1029.0 small-vehicle 0
826.0 622.0 877.0 693.0 728.0 805.0 675.0 735.0 tennis-court 0
753.0 525.0 807.0 597.0 656.0 708.0 604.0 638.0 tennis-court 0
680.0 430.0 736.0 499.0 585.0 614.0 531.0 541.0 tennis-court 0
596.0 313.0 648.0 384.0 499.0 496.0 446.0 424.0 tennis-court 0
525.0 217.0 576.0 288.0 427.0 399.0 375.0 329.0 tennis-court 0
306.0 377.0 361.0 449.0 209.0 562.0 156.0 488.0 tennis-court 0
377.0 474.0 431.0 545.0 280.0 656.0 227.0 586.0 tennis-court 0
466.0 590.0 518.0 661.0 365.0 774.0 312.0 702.0 tennis-court 0
536.0 687.0 591.0 759.0 440.0 871.0 387.0 797.0 tennis-court 0
608.0 783.0 660.0 854.0 509.0 966.0 458.0 895.0 tennis-court 0
