imagesource:GoogleEarth
gsd:0.278341210795
801.0 241.0 798.0 249.0 784.0 245.0 786.0 235.0 small-vehicle 1
269.0 247.0 260.0 246.0 267.0 227.0 275.0 229.0 small-vehicle 1
285.0 255.0 277.0 251.0 282.0 233.0 292.0 238.0 small-vehicle 1
295.0 259.0 288.0 255.0 293.0 237.0 301.0 240.0 small-vehicle 1
313.0 269.0 305.0 263.0 312.0 248.0 319.0 249.0 small-vehicle 1
320.0 272.0 314.0 269.0 319.0 252.0 327.0 253.0 small-vehicle 1
809.0 274.0 804.0 281.0 758.0 260.0 762.0 248.0 large-vehicle 0
797.0 280.0 792.0 290.0 752.0 274.0 751.0 265.0 large-vehicle 0
185.0 240.0 177.0 236.0 184.0 220.0 192.0 222.0 small-vehicle 1
193.0 245.0 186.0 241.0 194.0 224.0 201.0 227.0 small-vehicle 1
208.0 233.0 214.0 234.0 209.0 251.0 201.0 248.0 small-vehicle 1
217.0 236.0 225.0 238.0 220.0 255.0 212.0 252.0 small-vehicle 1
231.0 243.0 239.0 246.0 234.0 260.0 226.0 258.0 small-vehicle 1
247.0 247.0 256.0 249.0 251.0 268.0 241.0 265.0 small-vehicle 1
257.0 253.0 265.0 255.0 260.0 271.0 253.0 271.0 small-vehicle 1
281.0 263.0 289.0 264.0 285.0 285.0 275.0 282.0 small-vehicle 1
299.0 273.0 308.0 275.0 302.0 292.0 293.0 290.0 small-vehicle 1
324.0 283.0 332.0 286.0 325.0 306.0 314.0 303.0 small-vehicle 1
393.0 308.0 406.0 312.0 395.0 338.0 384.0 334.0 large-vehicle 0
428.0 326.0 435.0 328.0 429.0 348.0 419.0 344.0 small-vehicle 1
405.0 2.0 414.0 4.0 407.0 20.0 397.0 16.0 small-vehicle 1
414.0 4.0 421.0 8.0 416.0 22.0 407.0 22.0 small-vehicle 1
431.0 10.0 440.0 14.0 434.0 31.0 425.0 30.0 small-vehicle 1
277.0 251.0 270.0 249.0 276.0 232.0 282.0 232.0 small-vehicle 1
371.0 291.0 362.0 288.0 369.0 271.0 377.0 275.0 small-vehicle 1
511.0 43.0 520.0 48.0 514.0 66.0 505.0 63.0 small-vehicle 1
425.0 314.0 414.0 311.0 422.0 297.0 431.0 300.0 small-vehicle 1
214.0 78.0 222.0 81.0 213.0 97.0 204.0 94.0 small-vehicle 0
202.0 102.0 211.0 105.0 205.0 121.0 195.0 121.0 small-vehicle 0
193.0 123.0 202.0 125.0 195.0 143.0 186.0 140.0 small-vehicle 0
280.0 21.0 282.0 14.0 300.0 23.0 296.0 28.0 small-vehicle 1
275.0 30.0 277.0 25.0 292.0 30.0 290.0 38.0 small-vehicle 1
270.0 49.0 273.0 43.0 287.0 49.0 284.0 57.0 small-vehicle 0
264.0 56.0 267.0 48.0 283.0 57.0 280.0 63.0 small-vehicle 1
254.0 74.0 259.0 67.0 275.0 74.0 272.0 82.0 small-vehicle 1
250.0 84.0 254.0 76.0 271.0 83.0 268.0 92.0 small-vehicle 1
248.0 93.0 250.0 85.0 271.0 94.0 266.0 101.0 small-vehicle 1
247.0 103.0 252.0 94.0 267.0 101.0 264.0 110.0 small-vehicle 1
240.0 112.0 245.0 104.0 261.0 112.0 258.0 122.0 small-vehicle 1
231.0 131.0 236.0 123.0 252.0 128.0 251.0 138.0 small-vehicle 1
223.0 156.0 224.0 147.0 242.0 156.0 238.0 164.0 small-vehicle 1
297.0 196.0 306.0 198.0 300.0 215.0 293.0 213.0 small-vehicle 1
307.0 199.0 315.0 203.0 308.0 219.0 301.0 218.0 small-vehicle 1
317.0 204.0 327.0 206.0 319.0 226.0 311.0 224.0 small-vehicle 1
327.0 209.0 335.0 209.0 329.0 230.0 322.0 229.0 small-vehicle 1
229.0 232.0 222.0 229.0 230.0 214.0 236.0 216.0 small-vehicle 1
239.0 237.0 231.0 232.0 239.0 217.0 245.0 219.0 small-vehicle 0
390.0 296.0 381.0 293.0 386.0 275.0 393.0 275.0 small-vehicle 1
486.0 34.0 494.0 37.0 489.0 56.0 481.0 54.0 small-vehicle 1
531.0 26.0 522.0 24.0 530.0 5.0 539.0 8.0 small-vehicle 1
231.0 34.0 238.0 37.0 231.0 53.0 223.0 50.0 small-vehicle 1
270.0 309.0 278.0 313.0 271.0 333.0 262.0 331.0 small-vehicle 1
338.0 343.0 347.0 347.0 341.0 363.0 334.0 358.0 small-vehicle 1
350.0 347.0 357.0 350.0 349.0 368.0 343.0 363.0 small-vehicle 1
374.0 343.0 370.0 348.0 355.0 337.0 357.0 329.0 small-vehicle 1
486.0 352.0 493.0 355.0 488.0 374.0 479.0 370.0 small-vehicle 1
525.0 360.0 515.0 355.0 523.0 335.0 531.0 336.0 small-vehicle 1
541.0 346.0 550.0 350.0 543.0 367.0 534.0 365.0 small-vehicle 1
532.0 341.0 539.0 344.0 535.0 366.0 526.0 362.0 small-vehicle 1
552.0 351.0 558.0 354.0 551.0 372.0 543.0 369.0 small-vehicle 1
561.0 354.0 568.0 357.0 561.0 374.0 553.0 371.0 small-vehicle 1
569.0 358.0 576.0 360.0 569.0 379.0 562.0 378.0 small-vehicle 1
587.0 366.0 595.0 368.0 589.0 386.0 578.0 385.0 small-vehicle 1
604.0 370.0 612.0 374.0 605.0 395.0 598.0 391.0 small-vehicle 1
610.0 377.0 619.0 380.0 615.0 398.0 607.0 397.0 small-vehicle 1
621.0 381.0 628.0 382.0 623.0 399.0 617.0 399.0 small-vehicle 1
633.0 384.0 638.0 387.0 635.0 405.0 624.0 404.0 small-vehicle 1
641.0 388.0 650.0 391.0 644.0 408.0 636.0 405.0 small-vehicle 1
649.0 394.0 657.0 397.0 652.0 414.0 643.0 410.0 small-vehicle 1
688.0 427.0 678.0 423.0 685.0 403.0 694.0 409.0 small-vehicle 0
720.0 453.0 727.0 456.0 724.0 474.0 714.0 470.0 small-vehicle 0
676.0 432.0 685.0 434.0 677.0 453.0 669.0 449.0 small-vehicle 0
608.0 406.0 619.0 409.0 610.0 426.0 602.0 423.0 small-vehicle 1
324.0 331.0 333.0 335.0 325.0 357.0 317.0 352.0 small-vehicle 1
262.0 303.0 271.0 306.0 263.0 327.0 253.0 324.0 small-vehicle 1
549.0 35.0 540.0 33.0 547.0 13.0 559.0 18.0 small-vehicle 1
103.0 419.0 102.0 411.0 123.0 411.0 123.0 420.0 small-vehicle 1
559.0 40.0 551.0 37.0 558.0 18.0 567.0 19.0 small-vehicle 1
567.0 21.0 574.0 26.0 568.0 44.0 560.0 42.0 small-vehicle 1
590.0 29.0 598.0 33.0 593.0 53.0 585.0 53.0 small-vehicle 1
601.0 37.0 609.0 40.0 602.0 60.0 595.0 55.0 small-vehicle 1
611.0 41.0 619.0 45.0 609.0 65.0 604.0 63.0 small-vehicle 1
621.0 45.0 629.0 47.0 621.0 69.0 613.0 65.0 small-vehicle 1
675.0 89.0 666.0 87.0 671.0 67.0 684.0 69.0 small-vehicle 1
521.0 49.0 528.0 51.0 524.0 69.0 516.0 68.0 small-vehicle 1
562.0 68.0 571.0 71.0 566.0 92.0 556.0 87.0 small-vehicle 1
613.0 87.0 620.0 91.0 612.0 112.0 604.0 110.0 small-vehicle 1
784.0 46.0 776.0 40.0 781.0 21.0 793.0 23.0 small-vehicle 1
808.0 36.0 815.0 38.0 809.0 59.0 797.0 54.0 small-vehicle 1
832.0 11.0 839.0 14.0 831.0 34.0 821.0 30.0 small-vehicle 1
794.0 91.0 804.0 96.0 796.0 116.0 785.0 112.0 small-vehicle 1
807.0 96.0 815.0 100.0 806.0 117.0 799.0 117.0 small-vehicle 1
130.0 270.0 139.0 275.0 130.0 294.0 121.0 289.0 small-vehicle 1
119.0 294.0 128.0 299.0 122.0 314.0 114.0 310.0 small-vehicle 1
110.0 316.0 120.0 319.0 112.0 337.0 102.0 334.0 small-vehicle 0
100.0 337.0 112.0 339.0 106.0 358.0 97.0 356.0 small-vehicle 1
157.0 285.0 166.0 278.0 176.0 298.0 169.0 307.0 small-vehicle 1
111.0 399.0 111.0 392.0 129.0 392.0 128.0 400.0 small-vehicle 0
222.0 54.0 230.0 57.0 224.0 75.0 213.0 74.0 small-vehicle 0
240.0 13.0 247.0 15.0 243.0 28.0 234.0 27.0 small-vehicle 1
290.0 189.0 298.0 192.0 293.0 208.0 284.0 205.0 small-vehicle 1
390.0 1078.0 426.0 1100.0 412.0 1122.0 377.0 1101.0 plane 0
492.0 1166.0 458.0 1152.0 468.0 1128.0 501.0 1143.0 plane 0
334.0 1057.0 372.0 1073.0 361.0 1097.0 324.0 1080.0 plane 0
327.0 1095.0 292.0 1079.0 303.0 1055.0 338.0 1070.0 plane 0
278.0 1031.0 317.0 1048.0 303.0 1071.0 267.0 1055.0 plane 0
270.0 1074.0 236.0 1058.0 246.0 1036.0 280.0 1050.0 plane 0
233.0 1003.0 272.0 1023.0 256.0 1052.0 217.0 1032.0 plane 0
215.0 1047.0 181.0 1030.0 193.0 1008.0 227.0 1026.0 plane 0
204.0 966.0 238.0 1005.0 213.0 1031.0 176.0 995.0 plane 0
152.0 1085.0 189.0 1101.0 178.0 1125.0 141.0 1111.0 plane 0
112.0 1068.0 146.0 1084.0 135.0 1110.0 101.0 1093.0 plane 0
71.0 1049.0 109.0 1065.0 95.0 1092.0 58.0 1077.0 plane 0
30.0 1034.0 67.0 1051.0 55.0 1076.0 20.0 1061.0 plane 0
68.0 853.0 27.0 832.0 38.0 808.0 79.0 827.0 plane 0
98.0 875.0 66.0 848.0 80.0 829.0 113.0 855.0 plane 0
133.0 851.0 98.0 866.0 88.0 842.0 121.0 829.0 plane 0
138.0 887.0 101.0 872.0 112.0 844.0 149.0 860.0 plane 0
174.0 876.0 139.0 888.0 129.0 863.0 164.0 852.0 plane 0
193.0 913.0 146.0 904.0 154.0 866.0 200.0 878.0 plane 0
216.0 926.0 182.0 906.0 195.0 883.0 230.0 904.0 plane 0
230.0 927.0 210.0 893.0 233.0 880.0 254.0 914.0 plane 0
262.0 935.0 227.0 918.0 239.0 894.0 273.0 912.0 plane 0
444.0 1103.0 481.0 1119.0 470.0 1143.0 434.0 1127.0 plane 0
382.0 1118.0 346.0 1102.0 357.0 1076.0 393.0 1094.0 plane 0
210.0 925.0 189.0 972.0 154.0 956.0 175.0 908.0 plane 0
271.0 1136.0 311.0 1154.0 299.0 1175.0 260.0 1157.0 plane 0
476.0 432.0 517.0 449.0 495.0 500.0 452.0 481.0 helicopter 0
121.0 1654.0 154.0 1676.0 140.0 1698.0 106.0 1676.0 plane 0
159.0 1678.0 193.0 1701.0 178.0 1723.0 144.0 1701.0 plane 0
268.0 1745.0 302.0 1763.0 290.0 1788.0 255.0 1767.0 plane 0
287.0 1629.0 326.0 1649.0 313.0 1674.0 275.0 1653.0 plane 0
237.0 1663.0 201.0 1646.0 213.0 1622.0 248.0 1639.0 plane 0
198.0 1640.0 164.0 1621.0 177.0 1599.0 211.0 1618.0 plane 0
212.0 1582.0 249.0 1601.0 234.0 1627.0 198.0 1607.0 plane 0
173.0 1564.0 206.0 1583.0 192.0 1606.0 159.0 1589.0 plane 0
254.0 1543.0 218.0 1521.0 232.0 1498.0 268.0 1519.0 plane 0
342.0 1528.0 381.0 1549.0 369.0 1571.0 329.0 1549.0 plane 0
270.0 1488.0 302.0 1507.0 287.0 1531.0 256.0 1512.0 plane 0
232.0 1465.0 263.0 1484.0 249.0 1507.0 218.0 1488.0 plane 0
308.0 1444.0 279.0 1427.0 293.0 1404.0 322.0 1421.0 plane 0
343.0 1268.0 377.0 1292.0 361.0 1316.0 329.0 1292.0 plane 0
405.0 1370.0 368.0 1350.0 380.0 1328.0 418.0 1349.0 plane 0
421.0 1312.0 457.0 1334.0 442.0 1359.0 407.0 1337.0 plane 0
460.0 1335.0 492.0 1354.0 480.0 1378.0 446.0 1358.0 plane 0
434.0 1203.0 469.0 1220.0 458.0 1246.0 422.0 1230.0 plane 0
479.0 1225.0 510.0 1242.0 498.0 1268.0 466.0 1250.0 plane 0
355.0 1169.0 391.0 1189.0 377.0 1211.0 342.0 1191.0 plane 0
285.0 942.0 254.0 933.0 261.0 908.0 292.0 918.0 plane 0
360.0 985.0 323.0 969.0 334.0 944.0 370.0 960.0 plane 0
92.0 219.0 86.0 215.0 90.0 199.0 97.0 200.0 small-vehicle 1
778.0 608.0 812.0 627.0 800.0 648.0 765.0 629.0 plane 0
894.0 606.0 864.0 590.0 875.0 566.0 906.0 582.0 plane 0
908.0 553.0 946.0 573.0 935.0 596.0 898.0 577.0 plane 0
872.0 531.0 905.0 553.0 890.0 575.0 857.0 553.0 plane 0
951.0 514.0 916.0 488.0 932.0 466.0 968.0 491.0 plane 0
892.0 416.0 918.0 433.0 906.0 451.0 881.0 434.0 plane 0
895.0 345.0 860.0 330.0 870.0 306.0 904.0 321.0 plane 0
912.0 288.0 945.0 309.0 930.0 333.0 896.0 311.0 plane 0
1082.0 260.0 1114.0 280.0 1100.0 300.0 1069.0 279.0 plane 0
1136.0 162.0 1172.0 182.0 1157.0 204.0 1123.0 183.0 plane 0
1023.0 94.0 1058.0 117.0 1042.0 140.0 1007.0 116.0 plane 0
1086.0 63.0 1052.0 46.0 1062.0 26.0 1096.0 43.0 plane 0
1121.0 88.0 1091.0 70.0 1103.0 49.0 1133.0 66.0 plane 0
1198.0 132.0 1164.0 112.0 1178.0 90.0 1212.0 110.0 plane 0
175.0 30.0 168.0 27.0 172.0 11.0 179.0 13.0 small-vehicle 1
167.0 55.0 159.0 51.0 165.0 35.0 171.0 35.0 small-vehicle 1
148.0 94.0 139.0 91.0 145.0 75.0 152.0 77.0 small-vehicle 1
136.0 121.0 128.0 118.0 134.0 100.0 142.0 101.0 small-vehicle 1
128.0 136.0 121.0 133.0 126.0 119.0 135.0 121.0 small-vehicle 1
122.0 156.0 115.0 155.0 121.0 138.0 126.0 140.0 small-vehicle 1
113.0 176.0 106.0 173.0 113.0 159.0 120.0 162.0 small-vehicle 1
104.0 198.0 96.0 195.0 102.0 176.0 113.0 179.0 large-vehicle 0
852.0 649.0 890.0 669.0 875.0 696.0 837.0 676.0 plane 0
499.0 1128.0 537.0 1141.0 528.0 1166.0 490.0 1153.0 plane 0
395.0 1005.0 364.0 987.0 377.0 964.0 408.0 980.0 plane 0
550.0 1189.0 513.0 1170.0 522.0 1151.0 559.0 1168.0 plane 0
438.0 1023.0 402.0 1006.0 414.0 982.0 450.0 999.0 plane 0
476.0 1038.0 445.0 1022.0 456.0 998.0 487.0 1015.0 plane 0
517.0 1057.0 483.0 1044.0 494.0 1014.0 527.0 1028.0 plane 0
493.0 966.0 530.0 984.0 518.0 1006.0 483.0 988.0 plane 0
533.0 986.0 568.0 1006.0 554.0 1030.0 520.0 1009.0 plane 0
578.0 1013.0 606.0 1028.0 591.0 1056.0 563.0 1040.0 plane 0
591.0 961.0 555.0 940.0 570.0 915.0 605.0 935.0 plane 0
630.0 978.0 600.0 960.0 613.0 937.0 642.0 954.0 plane 0
670.0 1002.0 635.0 981.0 649.0 958.0 682.0 978.0 plane 0
571.0 875.0 602.0 894.0 587.0 920.0 556.0 901.0 plane 0
678.0 890.0 668.0 920.0 643.0 910.0 653.0 881.0 plane 0
645.0 921.0 680.0 942.0 667.0 966.0 633.0 945.0 plane 0
684.0 944.0 720.0 965.0 709.0 988.0 673.0 967.0 plane 0
688.0 884.0 653.0 863.0 666.0 840.0 700.0 861.0 plane 0
649.0 861.0 614.0 840.0 630.0 812.0 664.0 834.0 plane 0
665.0 804.0 697.0 823.0 685.0 847.0 651.0 828.0 plane 0
743.0 782.0 711.0 763.0 725.0 742.0 757.0 761.0 plane 0
798.0 749.0 830.0 766.0 818.0 788.0 786.0 770.0 plane 0
703.0 825.0 737.0 842.0 726.0 866.0 691.0 849.0 plane 0
725.0 898.0 696.0 883.0 709.0 860.0 737.0 875.0 plane 0
562.0 1153.0 599.0 1173.0 583.0 1204.0 546.0 1183.0 plane 0
579.0 390.0 587.0 393.0 584.0 411.0 574.0 410.0 small-vehicle 1
521.0 366.0 529.0 371.0 522.0 389.0 515.0 387.0 small-vehicle 1
513.0 383.0 507.0 379.0 513.0 362.0 521.0 365.0 small-vehicle 1
201.0 1850.0 206.0 1843.0 221.0 1854.0 217.0 1861.0 small-vehicle 1
830.0 107.0 838.0 112.0 830.0 130.0 823.0 128.0 small-vehicle 1
849.0 114.0 856.0 119.0 848.0 138.0 840.0 136.0 small-vehicle 0
864.0 146.0 858.0 143.0 865.0 123.0 872.0 125.0 small-vehicle 1
875.0 147.0 867.0 144.0 874.0 125.0 880.0 125.0 small-vehicle 1
884.0 149.0 877.0 147.0 881.0 128.0 889.0 128.0 small-vehicle 1
889.0 134.0 897.0 135.0 891.0 154.0 884.0 153.0 small-vehicle 1
901.0 138.0 909.0 142.0 903.0 159.0 893.0 157.0 small-vehicle 1
911.0 143.0 919.0 148.0 911.0 161.0 903.0 159.0 small-vehicle 0
933.0 142.0 935.0 134.0 955.0 145.0 949.0 151.0 small-vehicle 1
938.0 134.0 942.0 127.0 957.0 136.0 953.0 143.0 small-vehicle 1
964.0 130.0 962.0 136.0 944.0 126.0 948.0 118.0 small-vehicle 0
965.0 119.0 960.0 126.0 946.0 118.0 949.0 110.0 small-vehicle 1
972.0 114.0 967.0 119.0 951.0 109.0 953.0 101.0 small-vehicle 1
978.0 106.0 975.0 111.0 957.0 102.0 957.0 93.0 small-vehicle 1
982.0 95.0 978.0 103.0 960.0 95.0 964.0 87.0 small-vehicle 1
987.0 89.0 983.0 95.0 965.0 87.0 970.0 78.0 small-vehicle 1
992.0 80.0 988.0 87.0 970.0 78.0 974.0 70.0 small-vehicle 1
996.0 74.0 991.0 78.0 975.0 71.0 978.0 63.0 small-vehicle 1
1005.0 57.0 1002.0 62.0 986.0 55.0 988.0 46.0 small-vehicle 1
1003.0 65.0 998.0 71.0 981.0 63.0 984.0 56.0 small-vehicle 1
1009.0 48.0 1005.0 54.0 990.0 46.0 994.0 38.0 small-vehicle 1
309.0 1784.0 315.0 1788.0 307.0 1803.0 299.0 1797.0 small-vehicle 1
210.0 1839.0 215.0 1831.0 231.0 1839.0 227.0 1847.0 small-vehicle 0
1018.0 31.0 1014.0 38.0 997.0 27.0 1001.0 17.0 small-vehicle 1
75.0 1820.0 82.0 1823.0 74.0 1840.0 64.0 1838.0 large-vehicle 0
167.0 1401.0 178.0 1403.0 174.0 1425.0 163.0 1422.0 small-vehicle 1
51.0 1359.0 61.0 1363.0 55.0 1380.0 44.0 1378.0 small-vehicle 1
34.0 1351.0 45.0 1354.0 39.0 1373.0 30.0 1372.0 small-vehicle 1
19.0 1346.0 26.0 1350.0 21.0 1369.0 13.0 1365.0 small-vehicle 1
173.0 1448.0 179.0 1437.0 202.0 1451.0 194.0 1460.0 large-vehicle 0
168.0 1457.0 174.0 1450.0 194.0 1462.0 187.0 1470.0 large-vehicle 0
187.0 1471.0 181.0 1479.0 164.0 1467.0 167.0 1460.0 large-vehicle 0
156.0 1528.0 152.0 1533.0 134.0 1524.0 138.0 1515.0 large-vehicle 0
111.0 1560.0 116.0 1552.0 134.0 1564.0 127.0 1572.0 small-vehicle 1
125.0 1579.0 120.0 1586.0 103.0 1579.0 105.0 1571.0 small-vehicle 1
97.0 1585.0 100.0 1578.0 119.0 1589.0 114.0 1596.0 small-vehicle 1
433.0 1492.0 426.0 1486.0 439.0 1465.0 447.0 1468.0 large-vehicle 0
108.0 1606.0 104.0 1612.0 88.0 1602.0 92.0 1594.0 small-vehicle 1
102.0 1614.0 99.0 1619.0 81.0 1609.0 84.0 1600.0 small-vehicle 1
68.0 1634.0 72.0 1628.0 89.0 1638.0 84.0 1645.0 small-vehicle 1
423.0 1108.0 433.0 1111.0 424.0 1133.0 414.0 1132.0 large-vehicle 0
79.0 1687.0 87.0 1693.0 77.0 1709.0 70.0 1705.0 small-vehicle 0
44.0 1721.0 53.0 1725.0 46.0 1745.0 37.0 1743.0 small-vehicle 1
93.0 1747.0 101.0 1752.0 92.0 1773.0 82.0 1770.0 small-vehicle 1
60.0 1733.0 65.0 1737.0 57.0 1754.0 50.0 1752.0 small-vehicle 1
20.0 1748.0 25.0 1740.0 40.0 1752.0 38.0 1758.0 small-vehicle 1
1015.0 40.0 1009.0 44.0 994.0 36.0 998.0 28.0 small-vehicle 1
1025.0 20.0 1019.0 28.0 1001.0 19.0 1006.0 9.0 small-vehicle 1
506.0 379.0 497.0 374.0 503.0 357.0 512.0 361.0 small-vehicle 1
879.0 73.0 876.0 81.0 860.0 72.0 864.0 63.0 small-vehicle 1
843.0 64.0 848.0 57.0 863.0 66.0 859.0 72.0 small-vehicle 1
848.0 56.0 852.0 50.0 869.0 58.0 863.0 65.0 small-vehicle 1
856.0 43.0 859.0 35.0 874.0 43.0 871.0 50.0 small-vehicle 1
861.0 35.0 864.0 27.0 880.0 35.0 875.0 41.0 small-vehicle 1
865.0 27.0 870.0 20.0 885.0 29.0 882.0 36.0 small-vehicle 1
870.0 19.0 874.0 13.0 890.0 22.0 885.0 28.0 small-vehicle 1
906.0 30.0 902.0 37.0 886.0 29.0 889.0 20.0 small-vehicle 1
873.0 53.0 877.0 44.0 894.0 54.0 890.0 60.0 small-vehicle 1
880.0 45.0 882.0 37.0 898.0 46.0 893.0 52.0 small-vehicle 1
895.0 14.0 901.0 5.0 916.0 15.0 912.0 23.0 small-vehicle 1
874.0 11.0 879.0 5.0 894.0 14.0 890.0 20.0 small-vehicle 1
998.0 488.0 1007.0 492.0 997.0 509.0 989.0 506.0 small-vehicle 1
192.0 817.0 195.0 811.0 210.0 819.0 207.0 823.0 small-vehicle 1
213.0 827.0 216.0 820.0 233.0 828.0 230.0 836.0 small-vehicle 1
239.0 840.0 243.0 830.0 260.0 839.0 257.0 846.0 small-vehicle 1
10.0 1764.0 13.0 1758.0 27.0 1767.0 24.0 1773.0 small-vehicle 1
447.0 336.0 454.0 338.0 448.0 352.0 441.0 349.0 small-vehicle 1
675.0 404.0 684.0 405.0 677.0 422.0 669.0 419.0 small-vehicle 1
247.0 219.0 253.0 223.0 248.0 236.0 241.0 234.0 small-vehicle 1
254.0 223.0 264.0 226.0 257.0 241.0 250.0 238.0 small-vehicle 1
301.0 244.0 309.0 248.0 301.0 264.0 294.0 260.0 small-vehicle 1
869.0 59.0 874.0 53.0 888.0 60.0 884.0 67.0 small-vehicle 1
876.0 83.0 870.0 92.0 854.0 84.0 859.0 75.0 small-vehicle 1
905.0 110.0 909.0 103.0 926.0 112.0 919.0 120.0 small-vehicle 1
839.0 73.0 843.0 65.0 858.0 74.0 854.0 81.0 small-vehicle 1
889.0 102.0 892.0 96.0 904.0 102.0 904.0 109.0 small-vehicle 1
912.0 99.0 915.0 91.0 930.0 99.0 927.0 107.0 small-vehicle 0
900.0 76.0 905.0 66.0 919.0 78.0 915.0 85.0 small-vehicle 1
893.0 92.0 896.0 84.0 909.0 92.0 907.0 98.0 small-vehicle 1
951.0 83.0 945.0 89.0 926.0 80.0 930.0 74.0 small-vehicle 1
942.0 89.0 924.0 80.0 921.0 86.0 936.0 94.0 small-vehicle 1
948.0 70.0 932.0 62.0 926.0 68.0 941.0 77.0 small-vehicle 1
937.0 57.0 942.0 49.0 957.0 57.0 953.0 67.0 small-vehicle 1
943.0 45.0 947.0 37.0 965.0 46.0 959.0 53.0 small-vehicle 1
948.0 35.0 953.0 26.0 968.0 34.0 964.0 43.0 small-vehicle 1
956.0 21.0 961.0 14.0 976.0 22.0 973.0 29.0 small-vehicle 1
962.0 14.0 966.0 7.0 982.0 15.0 978.0 22.0 small-vehicle 1
907.0 67.0 912.0 59.0 927.0 70.0 922.0 77.0 small-vehicle 1
916.0 50.0 920.0 44.0 934.0 54.0 930.0 61.0 small-vehicle 1
921.0 44.0 923.0 38.0 939.0 46.0 936.0 53.0 small-vehicle 1
926.0 37.0 930.0 30.0 946.0 39.0 941.0 46.0 small-vehicle 1
931.0 28.0 934.0 21.0 951.0 29.0 947.0 38.0 small-vehicle 1
937.0 21.0 940.0 14.0 957.0 22.0 952.0 30.0 small-vehicle 1
941.0 12.0 944.0 5.0 961.0 13.0 958.0 21.0 small-vehicle 1
834.0 82.0 838.0 77.0 855.0 86.0 850.0 93.0 small-vehicle 0
870.0 93.0 863.0 98.0 850.0 91.0 855.0 84.0 small-vehicle 1
148.0 1392.0 158.0 1398.0 154.0 1418.0 142.0 1415.0 small-vehicle 1
132.0 1387.0 141.0 1391.0 137.0 1411.0 124.0 1408.0 small-vehicle 1
288.0 1318.0 295.0 1307.0 313.0 1320.0 310.0 1330.0 small-vehicle 0
305.0 574.0 311.0 578.0 307.0 596.0 300.0 594.0 small-vehicle 1
322.0 580.0 330.0 584.0 324.0 601.0 316.0 599.0 small-vehicle 1
272.0 588.0 281.0 593.0 275.0 610.0 263.0 606.0 small-vehicle 1
285.0 596.0 296.0 599.0 291.0 620.0 279.0 619.0 small-vehicle 1
380.0 590.0 388.0 594.0 376.0 630.0 366.0 627.0 large-vehicle 0
389.0 593.0 400.0 597.0 387.0 634.0 375.0 631.0 large-vehicle 0
451.0 659.0 441.0 655.0 450.0 631.0 458.0 636.0 small-vehicle 1
466.0 639.0 474.0 643.0 466.0 668.0 458.0 667.0 large-vehicle 0
476.0 642.0 486.0 645.0 478.0 671.0 468.0 668.0 large-vehicle 0
719.0 556.0 715.0 562.0 698.0 554.0 702.0 546.0 small-vehicle 1
714.0 567.0 710.0 573.0 694.0 563.0 697.0 556.0 small-vehicle 1
710.0 576.0 703.0 583.0 688.0 571.0 691.0 563.0 large-vehicle 0
680.0 626.0 677.0 632.0 659.0 624.0 664.0 616.0 small-vehicle 1
674.0 634.0 671.0 641.0 652.0 633.0 655.0 623.0 small-vehicle 1
663.0 649.0 659.0 656.0 641.0 646.0 646.0 639.0 small-vehicle 1
553.0 628.0 548.0 637.0 508.0 626.0 513.0 612.0 large-vehicle 0
548.0 696.0 539.0 694.0 544.0 673.0 553.0 676.0 small-vehicle 1
557.0 697.0 548.0 695.0 555.0 678.0 561.0 680.0 small-vehicle 1
581.0 711.0 573.0 707.0 579.0 689.0 587.0 693.0 small-vehicle 1
564.0 702.0 557.0 699.0 563.0 682.0 571.0 684.0 small-vehicle 1
533.0 700.0 543.0 703.0 535.0 726.0 525.0 723.0 large-vehicle 0
583.0 720.0 593.0 726.0 576.0 765.0 566.0 761.0 large-vehicle 0
312.0 578.0 319.0 581.0 317.0 600.0 307.0 596.0 small-vehicle 1
296.0 569.0 304.0 574.0 300.0 592.0 290.0 587.0 small-vehicle 1
364.0 1231.0 357.0 1237.0 340.0 1224.0 343.0 1217.0 small-vehicle 1
288.0 587.0 282.0 583.0 288.0 566.0 295.0 569.0 small-vehicle 1
176.0 464.0 184.0 467.0 177.0 483.0 169.0 482.0 small-vehicle 1
184.0 468.0 193.0 472.0 185.0 490.0 176.0 486.0 small-vehicle 1
210.0 478.0 221.0 482.0 213.0 498.0 204.0 493.0 small-vehicle 0
272.0 501.0 278.0 507.0 273.0 521.0 263.0 523.0 small-vehicle 1
279.0 508.0 287.0 509.0 280.0 529.0 271.0 527.0 small-vehicle 0
289.0 513.0 295.0 516.0 286.0 533.0 278.0 530.0 small-vehicle 0
103.0 509.0 92.0 503.0 100.0 487.0 108.0 489.0 small-vehicle 0
122.0 514.0 112.0 510.0 118.0 493.0 125.0 495.0 small-vehicle 0
140.0 521.0 131.0 517.0 133.0 498.0 143.0 502.0 small-vehicle 1
154.0 529.0 146.0 524.0 152.0 506.0 161.0 509.0 small-vehicle 1
164.0 530.0 156.0 527.0 164.0 511.0 174.0 515.0 small-vehicle 1
178.0 537.0 169.0 535.0 176.0 515.0 187.0 517.0 small-vehicle 1
190.0 541.0 181.0 539.0 187.0 522.0 194.0 524.0 small-vehicle 1
199.0 548.0 190.0 544.0 196.0 523.0 205.0 528.0 small-vehicle 1
220.0 553.0 212.0 549.0 216.0 531.0 226.0 534.0 small-vehicle 1
229.0 559.0 221.0 556.0 229.0 537.0 236.0 540.0 small-vehicle 1
239.0 561.0 230.0 559.0 236.0 539.0 246.0 542.0 small-vehicle 1
248.0 569.0 239.0 563.0 245.0 545.0 255.0 550.0 small-vehicle 1
266.0 574.0 256.0 570.0 261.0 553.0 270.0 555.0 small-vehicle 1
273.0 578.0 265.0 576.0 270.0 557.0 278.0 559.0 small-vehicle 1
283.0 581.0 274.0 578.0 279.0 560.0 288.0 561.0 small-vehicle 1
559.0 708.0 570.0 713.0 558.0 744.0 545.0 741.0 large-vehicle 1
591.0 746.0 601.0 752.0 583.0 783.0 573.0 779.0 large-vehicle 0
518.0 743.0 513.0 757.0 446.0 730.0 452.0 717.0 large-vehicle 0
381.0 656.0 373.0 653.0 377.0 636.0 385.0 639.0 small-vehicle 1
264.0 893.0 256.0 890.0 263.0 872.0 274.0 873.0 small-vehicle 0
256.0 869.0 262.0 872.0 255.0 892.0 248.0 889.0 small-vehicle 0
245.0 867.0 254.0 868.0 248.0 887.0 240.0 885.0 small-vehicle 1
202.0 869.0 193.0 863.0 203.0 846.0 211.0 850.0 small-vehicle 1
193.0 842.0 200.0 845.0 192.0 865.0 186.0 863.0 small-vehicle 0
184.0 839.0 191.0 842.0 185.0 862.0 177.0 859.0 small-vehicle 1
176.0 835.0 184.0 839.0 177.0 856.0 169.0 854.0 small-vehicle 1
168.0 834.0 175.0 839.0 167.0 855.0 160.0 853.0 small-vehicle 1
159.0 829.0 167.0 833.0 158.0 852.0 152.0 849.0 small-vehicle 1
153.0 825.0 159.0 828.0 153.0 848.0 144.0 846.0 small-vehicle 1
145.0 846.0 136.0 842.0 145.0 822.0 152.0 825.0 small-vehicle 0
135.0 836.0 127.0 834.0 135.0 815.0 144.0 818.0 small-vehicle 0
126.0 831.0 115.0 826.0 124.0 808.0 137.0 811.0 small-vehicle 0
132.0 761.0 142.0 766.0 133.0 785.0 124.0 780.0 small-vehicle 0
144.0 766.0 153.0 770.0 147.0 785.0 139.0 783.0 small-vehicle 1
190.0 789.0 199.0 792.0 193.0 810.0 183.0 807.0 small-vehicle 1
308.0 859.0 305.0 866.0 287.0 857.0 291.0 849.0 small-vehicle 1
329.0 869.0 326.0 875.0 310.0 869.0 312.0 861.0 small-vehicle 1
72.0 808.0 64.0 805.0 73.0 789.0 81.0 792.0 small-vehicle 1
504.0 677.0 495.0 673.0 501.0 656.0 508.0 659.0 small-vehicle 1
494.0 674.0 486.0 673.0 491.0 654.0 500.0 656.0 small-vehicle 1
273.0 876.0 282.0 880.0 274.0 899.0 264.0 896.0 small-vehicle 1
288.0 885.0 298.0 887.0 291.0 906.0 284.0 902.0 small-vehicle 1
282.0 880.0 289.0 883.0 285.0 901.0 275.0 899.0 small-vehicle 1
439.0 950.0 449.0 953.0 444.0 973.0 436.0 970.0 small-vehicle 1
545.0 765.0 548.0 774.0 510.0 791.0 505.0 779.0 large-vehicle 1
532.0 786.0 535.0 794.0 496.0 808.0 492.0 797.0 large-vehicle 1
508.0 836.0 512.0 844.0 488.0 854.0 484.0 846.0 large-vehicle 1
478.0 895.0 475.0 905.0 453.0 900.0 453.0 891.0 large-vehicle 0
757.0 913.0 748.0 908.0 758.0 890.0 766.0 894.0 small-vehicle 1
776.0 899.0 765.0 893.0 776.0 875.0 784.0 882.0 small-vehicle 1
717.0 1007.0 707.0 1002.0 716.0 982.0 726.0 986.0 small-vehicle 1
476.0 970.0 464.0 966.0 482.0 937.0 494.0 943.0 large-vehicle 1
451.0 955.0 458.0 958.0 453.0 978.0 444.0 973.0 small-vehicle 1
430.0 946.0 442.0 950.0 434.0 968.0 427.0 966.0 small-vehicle 1
299.0 888.0 307.0 892.0 299.0 909.0 293.0 906.0 small-vehicle 1
420.0 947.0 431.0 948.0 426.0 966.0 418.0 966.0 small-vehicle 1
413.0 941.0 422.0 944.0 415.0 963.0 408.0 960.0 small-vehicle 0
398.0 929.0 407.0 932.0 399.0 949.0 392.0 947.0 small-vehicle 1
391.0 926.0 399.0 929.0 390.0 949.0 384.0 945.0 small-vehicle 1
382.0 924.0 388.0 926.0 383.0 945.0 375.0 942.0 small-vehicle 1
373.0 921.0 381.0 924.0 375.0 943.0 368.0 940.0 small-vehicle 1
363.0 918.0 373.0 920.0 368.0 939.0 359.0 937.0 small-vehicle 1
316.0 896.0 324.0 900.0 317.0 917.0 307.0 915.0 small-vehicle 1
307.0 890.0 314.0 892.0 309.0 910.0 300.0 910.0 small-vehicle 1
572.0 572.0 538.0 559.0 559.0 508.0 594.0 523.0 helicopter 0
