imagesource:GoogleEarth
gsd:0.132081907291
1604.0 73.0 1600.0 58.0 1634.0 45.0 1639.0 59.0 small-vehicle 1
1019.0 1121.0 1100.0 1100.0 1144.0 1276.0 1063.0 1297.0 tennis-court 0
392.0 449.0 475.0 427.0 519.0 602.0 435.0 625.0 tennis-court 0
227.0 807.0 309.0 785.0 354.0 959.0 273.0 981.0 tennis-court 0
361.0 771.0 444.0 750.0 488.0 925.0 406.0 947.0 tennis-court 0
301.0 1099.0 385.0 1077.0 430.0 1253.0 347.0 1275.0 tennis-court 0
437.0 1065.0 519.0 1041.0 563.0 1218.0 482.0 1241.0 tennis-court 0
679.0 1108.0 763.0 1086.0 806.0 1263.0 725.0 1283.0 tennis-court 0
814.0 1075.0 896.0 1055.0 941.0 1231.0 859.0 1250.0 tennis-court 0
604.0 792.0 686.0 771.0 727.0 949.0 646.0 968.0 tennis-court 0
737.0 758.0 819.0 739.0 863.0 914.0 780.0 935.0 tennis-court 0
594.0 448.0 676.0 427.0 720.0 603.0 635.0 625.0 tennis-court 0
729.0 414.0 812.0 395.0 855.0 570.0 773.0 591.0 tennis-court 0
948.0 402.0 1030.0 381.0 1073.0 557.0 991.0 577.0 tennis-court 0
1082.0 368.0 1164.0 348.0 1209.0 525.0 1125.0 545.0 tennis-court 0
1078.0 735.0 1159.0 714.0 1204.0 890.0 1121.0 911.0 tennis-court 0
1156.0 1089.0 1237.0 1068.0 1278.0 1243.0 1198.0 1264.0 tennis-court 0
1873.0 824.0 1879.0 835.0 1851.0 852.0 1843.0 841.0 small-vehicle 1
1346.0 1039.0 1428.0 1018.0 1471.0 1195.0 1390.0 1216.0 tennis-court 0
1480.0 1008.0 1563.0 986.0 1606.0 1164.0 1524.0 1183.0 tennis-court 0
1367.0 417.0 1343.0 306.0 1512.0 267.0 1537.0 382.0 swimming-pool 0
1658.0 211.0 1763.0 186.0 1804.0 344.0 1699.0 369.0 basketball-court 0
1781.0 995.0 1789.0 1014.0 1745.0 1035.0 1736.0 1017.0 small-vehicle 0
1862.0 1196.0 1869.0 1212.0 1839.0 1228.0 1830.0 1215.0 small-vehicle 0
1316.0 139.0 1312.0 126.0 1347.0 115.0 1353.0 127.0 small-vehicle 1
1742.0 1009.0 1735.0 997.0 1765.0 982.0 1771.0 995.0 small-vehicle 1
1717.0 954.0 1711.0 940.0 1747.0 928.0 1752.0 943.0 small-vehicle 1
1684.0 894.0 1677.0 880.0 1711.0 868.0 1720.0 881.0 small-vehicle 1
1823.0 955.0 1818.0 943.0 1847.0 927.0 1854.0 942.0 small-vehicle 1
1826.0 797.0 1817.0 783.0 1851.0 764.0 1858.0 777.0 small-vehicle 1
314.0 271.0 315.0 288.0 265.0 288.0 265.0 272.0 small-vehicle 1
1742.0 903.0 1748.0 915.0 1715.0 932.0 1708.0 923.0 small-vehicle 1
256.0 484.0 341.0 460.0 385.0 637.0 303.0 659.0 tennis-court 0
