imagesource:GoogleEarth
gsd:0.133209194975
1032.0 274.0 1135.0 328.0 1093.0 435.0 983.0 378.0 plane 0
619.0 1130.0 660.0 1054.0 714.0 1083.0 674.0 1160.0 plane 0
500.0 457.0 468.0 526.0 419.0 502.0 449.0 436.0 plane 0
443.0 547.0 409.0 612.0 363.0 584.0 400.0 523.0 plane 0
404.0 641.0 370.0 705.0 324.0 678.0 358.0 616.0 plane 0
471.0 852.0 507.0 776.0 563.0 803.0 529.0 882.0 plane 0
439.0 1144.0 400.0 1215.0 356.0 1186.0 396.0 1118.0 plane 0
374.0 1597.0 412.0 1536.0 458.0 1563.0 423.0 1628.0 plane 0
673.0 1023.0 713.0 950.0 767.0 977.0 729.0 1054.0 plane 0
830.0 716.0 869.0 645.0 926.0 675.0 891.0 751.0 plane 0
675.0 685.0 628.0 752.0 588.0 719.0 636.0 657.0 plane 0
565.0 657.0 601.0 589.0 651.0 613.0 616.0 684.0 plane 0
612.0 575.0 650.0 499.0 708.0 531.0 669.0 606.0 plane 0
782.0 500.0 736.0 584.0 674.0 549.0 720.0 466.0 plane 0
853.0 330.0 796.0 437.0 687.0 381.0 742.0 275.0 plane 0
880.0 616.0 917.0 544.0 971.0 569.0 933.0 647.0 plane 0
549.0 359.0 510.0 440.0 454.0 413.0 489.0 332.0 plane 0
