imagesource:GoogleEarth
gsd:0.134274645132
1786.0 643.0 1809.0 634.0 1832.0 686.0 1807.0 695.0 helicopter 1
1758.0 450.0 1779.0 448.0 1791.0 509.0 1771.0 516.0 helicopter 1
1356.0 415.0 1285.0 432.0 1272.0 377.0 1342.0 362.0 plane 0
1338.0 253.0 1408.0 239.0 1417.0 293.0 1350.0 304.0 plane 0
1242.0 263.0 1325.0 255.0 1330.0 312.0 1249.0 319.0 plane 0
1151.0 281.0 1233.0 264.0 1244.0 320.0 1160.0 335.0 plane 0
1064.0 297.0 1142.0 282.0 1150.0 332.0 1073.0 343.0 plane 0
1090.0 466.0 1006.0 475.0 999.0 418.0 1082.0 406.0 plane 0
1003.0 484.0 919.0 492.0 913.0 434.0 996.0 427.0 plane 0
978.0 304.0 1048.0 297.0 1053.0 345.0 985.0 352.0 plane 0
778.0 332.0 860.0 317.0 870.0 376.0 790.0 392.0 plane 0
605.0 370.0 688.0 350.0 702.0 406.0 618.0 425.0 plane 0
723.0 528.0 644.0 531.0 644.0 478.0 722.0 477.0 plane 0
822.0 730.0 802.0 646.0 858.0 633.0 877.0 719.0 plane 0
679.0 658.0 696.0 739.0 642.0 753.0 626.0 670.0 plane 0
706.0 749.0 716.0 835.0 659.0 839.0 649.0 755.0 plane 0
614.0 897.0 604.0 814.0 661.0 805.0 672.0 891.0 plane 0
609.0 1001.0 594.0 888.0 672.0 877.0 689.0 993.0 plane 0
682.0 1192.0 660.0 1111.0 720.0 1096.0 740.0 1178.0 plane 0
713.0 1338.0 684.0 1259.0 773.0 1226.0 801.0 1305.0 plane 0
627.0 1333.0 612.0 1255.0 662.0 1244.0 682.0 1319.0 plane 0
695.0 1389.0 660.0 1323.0 700.0 1300.0 737.0 1367.0 plane 0
615.0 1431.0 586.0 1344.0 644.0 1325.0 671.0 1412.0 plane 0
512.0 1457.0 498.0 1379.0 550.0 1371.0 565.0 1449.0 plane 0
485.0 1286.0 469.0 1200.0 525.0 1190.0 546.0 1275.0 plane 0
471.0 1185.0 469.0 1103.0 527.0 1103.0 529.0 1188.0 plane 0
476.0 1095.0 455.0 1008.0 508.0 997.0 526.0 1084.0 plane 0
445.0 944.0 429.0 860.0 486.0 852.0 499.0 936.0 plane 0
424.0 836.0 421.0 754.0 478.0 754.0 480.0 836.0 plane 0
554.0 548.0 480.0 560.0 470.0 512.0 545.0 498.0 plane 0
471.0 569.0 391.0 583.0 383.0 529.0 461.0 516.0 plane 0
1536.0 384.0 1464.0 403.0 1450.0 353.0 1520.0 333.0 plane 0
1621.0 354.0 1546.0 381.0 1531.0 338.0 1603.0 311.0 plane 0
1522.0 231.0 1604.0 252.0 1587.0 306.0 1507.0 282.0 plane 0
1598.0 735.0 1619.0 730.0 1629.0 778.0 1610.0 782.0 large-vehicle 0
1365.0 866.0 1372.0 879.0 1336.0 898.0 1328.0 885.0 small-vehicle 0
1666.0 1358.0 1656.0 1348.0 1690.0 1324.0 1699.0 1334.0 small-vehicle 1
1435.0 1527.0 1425.0 1514.0 1461.0 1488.0 1470.0 1502.0 small-vehicle 0
216.0 1251.0 213.0 1237.0 248.0 1230.0 252.0 1244.0 small-vehicle 1
216.0 1288.0 214.0 1274.0 252.0 1266.0 254.0 1282.0 small-vehicle 0
218.0 1271.0 214.0 1256.0 251.0 1249.0 253.0 1261.0 small-vehicle 0
195.0 1165.0 191.0 1150.0 223.0 1142.0 227.0 1157.0 small-vehicle 0
188.0 1124.0 183.0 1110.0 225.0 1101.0 227.0 1115.0 small-vehicle 0
214.0 1035.0 215.0 1048.0 172.0 1057.0 168.0 1041.0 small-vehicle 0
787.0 1221.0 784.0 1206.0 821.0 1195.0 825.0 1210.0 small-vehicle 0
1692.0 699.0 1711.0 696.0 1717.0 737.0 1699.0 741.0 large-vehicle 0
1642.0 719.0 1663.0 714.0 1669.0 754.0 1651.0 757.0 large-vehicle 0
1550.0 759.0 1573.0 757.0 1578.0 800.0 1555.0 802.0 large-vehicle 0
1446.0 822.0 1439.0 801.0 1509.0 775.0 1517.0 795.0 large-vehicle 0
1203.0 669.0 1195.0 581.0 1255.0 575.0 1260.0 662.0 plane 0
1426.0 738.0 1422.0 719.0 1476.0 705.0 1482.0 725.0 large-vehicle 0
1410.0 647.0 1407.0 627.0 1463.0 615.0 1466.0 635.0 large-vehicle 0
1396.0 581.0 1390.0 558.0 1455.0 545.0 1459.0 567.0 large-vehicle 0
1068.0 1020.0 1054.0 936.0 1112.0 926.0 1125.0 1011.0 plane 0
1125.0 853.0 1140.0 943.0 1081.0 952.0 1068.0 862.0 plane 0
1047.0 876.0 1030.0 794.0 1082.0 782.0 1100.0 865.0 plane 0
1025.0 784.0 1006.0 701.0 1063.0 688.0 1083.0 773.0 plane 0
1089.0 636.0 1108.0 717.0 1052.0 730.0 1034.0 650.0 plane 0
1004.0 694.0 981.0 609.0 1040.0 595.0 1061.0 678.0 plane 0
1176.0 938.0 1228.0 867.0 1277.0 901.0 1223.0 975.0 plane 0
1239.0 860.0 1214.0 779.0 1273.0 759.0 1296.0 840.0 plane 0
1296.0 725.0 1309.0 789.0 1262.0 800.0 1249.0 737.0 plane 0
1223.0 763.0 1205.0 686.0 1255.0 675.0 1272.0 751.0 plane 0
338.0 409.0 420.0 395.0 430.0 456.0 349.0 468.0 plane 0
