imagesource:GoogleEarth
gsd:null
247.0 984.0 261.0 984.0 260.0 1022.0 244.0 1023.0 small-vehicle 1
472.0 759.0 461.0 742.0 563.0 712.0 570.0 728.0 large-vehicle 0
468.0 367.0 461.0 350.0 565.0 319.0 569.0 337.0 large-vehicle 0
471.0 393.0 459.0 372.0 559.0 346.0 568.0 367.0 large-vehicle 0
468.0 424.0 460.0 404.0 563.0 377.0 568.0 401.0 large-vehicle 0
467.0 449.0 456.0 429.0 562.0 406.0 566.0 421.0 large-vehicle 0
466.0 476.0 460.0 459.0 567.0 442.0 570.0 455.0 large-vehicle 0
469.0 506.0 463.0 488.0 566.0 466.0 571.0 483.0 large-vehicle 0
475.0 535.0 466.0 517.0 568.0 493.0 572.0 508.0 large-vehicle 0
467.0 592.0 459.0 575.0 561.0 546.0 568.0 566.0 large-vehicle 0
472.0 622.0 465.0 605.0 565.0 578.0 570.0 592.0 large-vehicle 0
466.0 649.0 457.0 632.0 561.0 605.0 569.0 625.0 large-vehicle 0
462.0 676.0 453.0 658.0 556.0 632.0 562.0 649.0 large-vehicle 0
472.0 705.0 464.0 686.0 567.0 659.0 573.0 677.0 large-vehicle 0
466.0 735.0 454.0 717.0 562.0 686.0 569.0 702.0 large-vehicle 0
676.0 116.0 686.0 96.0 780.0 143.0 763.0 157.0 large-vehicle 0
780.0 646.0 795.0 629.0 888.0 673.0 877.0 687.0 large-vehicle 0
679.0 199.0 687.0 178.0 760.0 217.0 752.0 234.0 large-vehicle 0
675.0 339.0 686.0 323.0 777.0 368.0 765.0 381.0 large-vehicle 0
685.0 432.0 693.0 415.0 788.0 453.0 776.0 471.0 large-vehicle 0
691.0 488.0 699.0 470.0 792.0 515.0 784.0 532.0 large-vehicle 0
677.0 513.0 691.0 498.0 781.0 537.0 767.0 554.0 large-vehicle 0
680.0 598.0 691.0 583.0 780.0 630.0 767.0 645.0 large-vehicle 0
677.0 658.0 685.0 640.0 779.0 679.0 770.0 697.0 large-vehicle 0
675.0 690.0 688.0 669.0 774.0 707.0 759.0 727.0 large-vehicle 0
674.0 712.0 691.0 698.0 782.0 738.0 770.0 752.0 large-vehicle 0
686.0 798.0 695.0 781.0 785.0 827.0 772.0 843.0 large-vehicle 0
671.0 825.0 683.0 809.0 775.0 851.0 758.0 870.0 large-vehicle 0
763.0 207.0 772.0 192.0 861.0 234.0 848.0 247.0 large-vehicle 0
781.0 558.0 796.0 543.0 889.0 586.0 872.0 599.0 large-vehicle 0
465.0 339.0 456.0 319.0 562.0 296.0 566.0 313.0 large-vehicle 0
462.0 309.0 456.0 292.0 561.0 265.0 563.0 282.0 large-vehicle 0
475.0 282.0 466.0 265.0 567.0 232.0 573.0 246.0 large-vehicle 0
476.0 251.0 466.0 237.0 572.0 195.0 579.0 212.0 large-vehicle 0
207.0 223.0 220.0 241.0 126.0 284.0 115.0 266.0 large-vehicle 0
192.0 343.0 203.0 361.0 115.0 406.0 105.0 386.0 large-vehicle 0
193.0 397.0 206.0 414.0 119.0 455.0 106.0 440.0 large-vehicle 0
193.0 453.0 206.0 471.0 118.0 514.0 106.0 497.0 large-vehicle 0
194.0 479.0 207.0 499.0 119.0 539.0 109.0 525.0 large-vehicle 0
180.0 517.0 194.0 531.0 125.0 568.0 111.0 548.0 large-vehicle 0
201.0 538.0 214.0 554.0 124.0 595.0 111.0 576.0 large-vehicle 0
196.0 571.0 206.0 587.0 135.0 617.0 125.0 603.0 large-vehicle 0
343.0 210.0 328.0 191.0 425.0 152.0 435.0 172.0 large-vehicle 0
337.0 285.0 328.0 264.0 437.0 239.0 444.0 257.0 large-vehicle 0
338.0 309.0 329.0 292.0 435.0 268.0 442.0 286.0 large-vehicle 0
349.0 337.0 341.0 319.0 446.0 295.0 450.0 310.0 large-vehicle 0
344.0 367.0 335.0 348.0 441.0 324.0 446.0 340.0 large-vehicle 0
342.0 393.0 334.0 376.0 439.0 350.0 445.0 365.0 large-vehicle 0
337.0 423.0 329.0 406.0 432.0 380.0 439.0 394.0 large-vehicle 0
347.0 453.0 339.0 432.0 441.0 407.0 448.0 427.0 large-vehicle 0
341.0 479.0 333.0 460.0 435.0 436.0 444.0 452.0 large-vehicle 0
348.0 507.0 341.0 486.0 442.0 465.0 446.0 484.0 large-vehicle 0
351.0 532.0 343.0 518.0 449.0 493.0 450.0 511.0 large-vehicle 0
347.0 562.0 340.0 542.0 441.0 520.0 447.0 540.0 large-vehicle 0
340.0 619.0 332.0 600.0 442.0 580.0 443.0 602.0 large-vehicle 0
340.0 651.0 331.0 630.0 437.0 606.0 444.0 624.0 large-vehicle 0
343.0 679.0 334.0 660.0 439.0 633.0 446.0 654.0 large-vehicle 0
346.0 706.0 339.0 688.0 439.0 665.0 449.0 683.0 large-vehicle 0
343.0 790.0 336.0 772.0 433.0 746.0 441.0 762.0 large-vehicle 0
358.0 813.0 350.0 799.0 429.0 779.0 433.0 794.0 large-vehicle 0
475.0 159.0 461.0 137.0 555.0 100.0 566.0 118.0 large-vehicle 0
783.0 622.0 793.0 601.0 889.0 646.0 874.0 661.0 large-vehicle 0
786.0 672.0 794.0 659.0 892.0 698.0 879.0 712.0 large-vehicle 0
2.0 705.0 1.0 693.0 26.0 694.0 25.0 705.0 small-vehicle 1
1173.0 149.0 1144.0 147.0 1145.0 102.0 1173.0 101.0 small-vehicle 0
1.0 397.0 1.0 381.0 35.0 383.0 36.0 396.0 small-vehicle 0
0.0 416.0 1.0 400.0 31.0 402.0 32.0 416.0 small-vehicle 0
1.0 378.0 2.0 361.0 40.0 364.0 38.0 382.0 small-vehicle 0
1.0 504.0 1.0 489.0 35.0 488.0 36.0 503.0 small-vehicle 0
0.0 523.0 1.0 508.0 37.0 507.0 38.0 522.0 small-vehicle 0
36.0 527.0 36.0 543.0 1.0 542.0 1.0 527.0 small-vehicle 0
1.0 546.0 1.0 564.0 35.0 563.0 35.0 547.0 small-vehicle 0
0.0 581.0 1.0 597.0 33.0 597.0 34.0 582.0 small-vehicle 0
1.0 615.0 0.0 601.0 33.0 602.0 32.0 615.0 small-vehicle 0
2.0 649.0 1.0 636.0 28.0 635.0 27.0 650.0 small-vehicle 0
0.0 632.0 0.0 617.0 34.0 617.0 35.0 634.0 small-vehicle 0
1070.0 96.0 1089.0 95.0 1089.0 134.0 1069.0 135.0 small-vehicle 0
1128.0 136.0 1107.0 136.0 1108.0 99.0 1127.0 100.0 small-vehicle 0
881.0 973.0 870.0 992.0 817.0 966.0 833.0 950.0 small-vehicle 0
791.0 705.0 799.0 684.0 891.0 729.0 880.0 744.0 large-vehicle 0
201.0 918.0 218.0 917.0 219.0 955.0 201.0 954.0 small-vehicle 0
643.0 905.0 668.0 906.0 667.0 974.0 640.0 972.0 large-vehicle 1
920.0 985.0 905.0 975.0 936.0 945.0 947.0 958.0 large-vehicle 1
536.0 930.0 540.0 948.0 435.0 964.0 430.0 943.0 large-vehicle 0
224.0 917.0 241.0 919.0 242.0 950.0 227.0 951.0 small-vehicle 1
246.0 917.0 261.0 917.0 263.0 947.0 248.0 949.0 small-vehicle 1
271.0 923.0 288.0 925.0 286.0 950.0 272.0 953.0 small-vehicle 1
995.0 955.0 976.0 945.0 1005.0 915.0 1020.0 927.0 large-vehicle 1
388.0 1009.0 388.0 994.0 437.0 997.0 436.0 1012.0 large-vehicle 1
0.0 449.0 2.0 436.0 34.0 439.0 33.0 452.0 small-vehicle 1
2.0 431.0 2.0 420.0 34.0 419.0 32.0 430.0 small-vehicle 1
2.0 579.0 3.0 565.0 31.0 566.0 30.0 579.0 small-vehicle 1
0.0 671.0 1.0 659.0 30.0 659.0 31.0 670.0 small-vehicle 1
1.0 340.0 0.0 325.0 32.0 324.0 32.0 339.0 small-vehicle 0
2.0 322.0 0.0 308.0 37.0 306.0 37.0 323.0 small-vehicle 0
1.0 303.0 1.0 289.0 34.0 290.0 33.0 305.0 small-vehicle 0
0.0 286.0 1.0 271.0 34.0 273.0 33.0 287.0 small-vehicle 0
786.0 730.0 797.0 715.0 890.0 759.0 879.0 776.0 large-vehicle 0
775.0 780.0 790.0 766.0 880.0 807.0 870.0 825.0 large-vehicle 0
787.0 813.0 796.0 797.0 888.0 841.0 877.0 858.0 large-vehicle 0
795.0 847.0 803.0 832.0 892.0 875.0 882.0 890.0 large-vehicle 0
1070.0 429.0 1079.0 446.0 991.0 487.0 976.0 469.0 large-vehicle 0
1106.0 348.0 1093.0 333.0 1184.0 286.0 1194.0 307.0 large-vehicle 0
1108.0 377.0 1094.0 364.0 1186.0 319.0 1198.0 337.0 large-vehicle 0
1113.0 405.0 1101.0 386.0 1195.0 348.0 1203.0 364.0 large-vehicle 0
1085.0 549.0 1075.0 532.0 1168.0 494.0 1176.0 511.0 large-vehicle 0
1108.0 601.0 1090.0 587.0 1186.0 544.0 1197.0 567.0 large-vehicle 0
1105.0 637.0 1092.0 620.0 1183.0 579.0 1194.0 591.0 large-vehicle 0
1107.0 663.0 1094.0 646.0 1186.0 605.0 1194.0 625.0 large-vehicle 0
1002.0 708.0 987.0 690.0 1086.0 647.0 1095.0 666.0 large-vehicle 0
996.0 742.0 982.0 726.0 1073.0 685.0 1085.0 696.0 large-vehicle 0
1102.0 719.0 1091.0 701.0 1186.0 659.0 1196.0 679.0 large-vehicle 0
998.0 797.0 984.0 775.0 1079.0 732.0 1092.0 752.0 large-vehicle 0
1108.0 779.0 1090.0 760.0 1183.0 718.0 1197.0 734.0 large-vehicle 0
998.0 825.0 981.0 808.0 1072.0 766.0 1087.0 782.0 large-vehicle 0
997.0 855.0 985.0 838.0 1075.0 799.0 1082.0 813.0 large-vehicle 0
1007.0 880.0 992.0 867.0 1086.0 821.0 1098.0 832.0 large-vehicle 0
479.0 559.0 473.0 545.0 553.0 522.0 559.0 539.0 large-vehicle 0
999.0 399.0 987.0 385.0 1079.0 341.0 1092.0 358.0 large-vehicle 0
1095.0 865.0 1084.0 848.0 1179.0 809.0 1190.0 823.0 large-vehicle 0
1.0 81.0 1.0 66.0 40.0 73.0 38.0 87.0 small-vehicle 0
1.0 100.0 3.0 86.0 39.0 92.0 37.0 107.0 small-vehicle 0
0.0 249.0 1.0 236.0 34.0 236.0 33.0 248.0 small-vehicle 0
1.0 174.0 1.0 159.0 29.0 160.0 30.0 173.0 small-vehicle 0
194.0 201.0 206.0 219.0 112.0 261.0 102.0 245.0 large-vehicle 0
