imagesource:GoogleEarth
gsd:0.27464029767
35.0 683.0 28.0 678.0 40.0 666.0 47.0 671.0 small-vehicle 1
578.0 146.0 609.0 172.0 589.0 192.0 560.0 167.0 plane 0
552.0 282.0 584.0 309.0 566.0 328.0 533.0 301.0 plane 0
523.0 254.0 549.0 280.0 532.0 296.0 506.0 272.0 plane 0
548.0 198.0 523.0 173.0 539.0 157.0 566.0 179.0 plane 0
645.0 286.0 620.0 266.0 634.0 250.0 659.0 273.0 plane 0
645.0 208.0 672.0 234.0 655.0 251.0 627.0 226.0 plane 0
612.0 176.0 641.0 203.0 620.0 223.0 592.0 196.0 plane 0
545.0 120.0 579.0 141.0 564.0 165.0 529.0 142.0 plane 0
620.0 337.0 650.0 365.0 629.0 389.0 598.0 360.0 plane 0
647.0 128.0 616.0 103.0 631.0 84.0 664.0 109.0 plane 0
706.0 186.0 677.0 159.0 695.0 140.0 724.0 167.0 plane 0
633.0 81.0 626.0 76.0 635.0 60.0 643.0 65.0 small-vehicle 1
624.0 74.0 618.0 69.0 628.0 54.0 636.0 57.0 small-vehicle 1
615.0 69.0 609.0 65.0 618.0 48.0 626.0 52.0 small-vehicle 1
589.0 50.0 582.0 46.0 588.0 30.0 596.0 34.0 small-vehicle 1
586.0 310.0 616.0 337.0 598.0 356.0 567.0 329.0 plane 0
536.0 487.0 511.0 467.0 525.0 451.0 549.0 472.0 plane 0
32.0 691.0 39.0 696.0 26.0 709.0 21.0 703.0 small-vehicle 1
341.0 564.0 367.0 588.0 348.0 609.0 321.0 584.0 plane 0
358.0 900.0 334.0 937.0 310.0 923.0 333.0 886.0 plane 0
341.0 944.0 320.0 981.0 294.0 967.0 315.0 928.0 plane 0
200.0 979.0 221.0 942.0 246.0 955.0 226.0 993.0 plane 0
445.0 734.0 412.0 704.0 428.0 686.0 461.0 714.0 plane 0
506.0 632.0 471.0 599.0 489.0 578.0 525.0 609.0 plane 0
374.0 590.0 401.0 614.0 383.0 637.0 355.0 612.0 plane 0
259.0 515.0 290.0 545.0 270.0 565.0 240.0 536.0 plane 0
562.0 444.0 586.0 468.0 568.0 486.0 542.0 463.0 plane 0
366.0 429.0 394.0 453.0 376.0 474.0 348.0 451.0 plane 0
434.0 407.0 405.0 382.0 422.0 363.0 452.0 388.0 plane 0
467.0 439.0 436.0 412.0 456.0 392.0 486.0 419.0 plane 0
528.0 339.0 497.0 310.0 516.0 291.0 545.0 318.0 plane 0
597.0 395.0 564.0 371.0 583.0 351.0 612.0 375.0 plane 0
527.0 411.0 560.0 439.0 539.0 460.0 507.0 433.0 plane 0
603.0 99.0 597.0 95.0 606.0 81.0 616.0 84.0 small-vehicle 1
594.0 91.0 587.0 88.0 595.0 71.0 603.0 75.0 small-vehicle 1
622.0 256.0 614.0 248.0 623.0 233.0 630.0 240.0 small-vehicle 1
110.0 710.0 102.0 717.0 69.0 687.0 75.0 679.0 large-vehicle 1
207.0 703.0 215.0 697.0 231.0 710.0 225.0 716.0 small-vehicle 1
116.0 709.0 120.0 699.0 136.0 703.0 131.0 712.0 small-vehicle 1
85.0 745.0 86.0 736.0 108.0 738.0 106.0 746.0 small-vehicle 1
78.0 754.0 79.0 746.0 100.0 748.0 99.0 757.0 small-vehicle 1
71.0 764.0 72.0 754.0 91.0 755.0 90.0 764.0 small-vehicle 1
162.0 753.0 155.0 759.0 139.0 744.0 145.0 735.0 large-vehicle 1
97.0 717.0 89.0 724.0 59.0 697.0 67.0 688.0 large-vehicle 1
710.0 277.0 718.0 282.0 707.0 297.0 701.0 292.0 small-vehicle 1
86.0 725.0 78.0 730.0 49.0 703.0 58.0 695.0 large-vehicle 1
82.0 736.0 75.0 742.0 49.0 722.0 57.0 711.0 large-vehicle 1
74.0 744.0 67.0 751.0 41.0 730.0 47.0 720.0 large-vehicle 1
69.0 757.0 61.0 764.0 26.0 734.0 34.0 725.0 large-vehicle 1
60.0 764.0 52.0 771.0 21.0 743.0 26.0 734.0 large-vehicle 1
17.0 703.0 13.0 698.0 24.0 683.0 32.0 687.0 small-vehicle 1
216.0 696.0 223.0 690.0 236.0 702.0 231.0 709.0 small-vehicle 0
225.0 686.0 233.0 680.0 246.0 693.0 241.0 699.0 small-vehicle 0
56.0 782.0 55.0 772.0 78.0 773.0 77.0 782.0 small-vehicle 0
64.0 790.0 63.0 799.0 41.0 798.0 41.0 789.0 small-vehicle 1
32.0 806.0 34.0 798.0 52.0 801.0 51.0 808.0 small-vehicle 1
514.0 665.0 521.0 671.0 513.0 685.0 506.0 681.0 small-vehicle 1
7.0 833.0 8.0 823.0 30.0 828.0 27.0 836.0 small-vehicle 0
164.0 744.0 158.0 748.0 146.0 736.0 151.0 731.0 small-vehicle 1
171.0 737.0 166.0 741.0 151.0 729.0 158.0 722.0 small-vehicle 1
188.0 724.0 182.0 728.0 166.0 717.0 173.0 708.0 small-vehicle 1
243.0 666.0 248.0 659.0 262.0 673.0 256.0 678.0 small-vehicle 1
236.0 674.0 243.0 669.0 255.0 682.0 250.0 686.0 small-vehicle 1
321.0 591.0 329.0 598.0 318.0 609.0 311.0 605.0 small-vehicle 1
526.0 601.0 518.0 595.0 527.0 576.0 537.0 580.0 small-vehicle 1
589.0 495.0 595.0 500.0 587.0 516.0 579.0 510.0 small-vehicle 1
432.0 325.0 461.0 357.0 432.0 370.0 409.0 345.0 plane 0
491.0 225.0 520.0 253.0 500.0 275.0 470.0 250.0 plane 0
258.0 877.0 276.0 844.0 302.0 858.0 284.0 892.0 plane 0
