imagesource:GoogleEarth
gsd:0.129879188004
865.0 910.0 883.0 910.0 881.0 951.0 868.0 952.0 small-vehicle 1
635.0 612.0 618.0 610.0 631.0 530.0 655.0 535.0 large-vehicle 0
911.0 419.0 900.0 435.0 839.0 395.0 849.0 378.0 large-vehicle 0
897.0 476.0 891.0 492.0 808.0 473.0 814.0 451.0 large-vehicle 0
909.0 504.0 905.0 522.0 848.0 508.0 849.0 488.0 large-vehicle 0
816.0 626.0 796.0 619.0 809.0 563.0 833.0 566.0 large-vehicle 0
764.0 611.0 742.0 606.0 752.0 548.0 777.0 546.0 large-vehicle 0
735.0 602.0 717.0 597.0 725.0 538.0 747.0 539.0 large-vehicle 0
687.0 604.0 668.0 601.0 678.0 534.0 702.0 537.0 large-vehicle 0
664.0 618.0 640.0 613.0 655.0 530.0 681.0 533.0 large-vehicle 0
612.0 609.0 591.0 606.0 608.0 526.0 633.0 528.0 large-vehicle 0
922.0 372.0 910.0 389.0 850.0 348.0 862.0 332.0 large-vehicle 0
562.0 602.0 540.0 598.0 557.0 519.0 579.0 522.0 large-vehicle 0
534.0 599.0 516.0 594.0 535.0 512.0 556.0 519.0 large-vehicle 0
513.0 600.0 491.0 597.0 509.0 516.0 529.0 519.0 large-vehicle 0
489.0 590.0 471.0 588.0 483.0 505.0 502.0 508.0 large-vehicle 0
465.0 588.0 443.0 582.0 461.0 504.0 482.0 504.0 large-vehicle 0
442.0 586.0 420.0 581.0 440.0 497.0 457.0 500.0 large-vehicle 0
327.0 550.0 309.0 559.0 273.0 486.0 292.0 474.0 large-vehicle 0
691.0 722.0 695.0 700.0 780.0 715.0 778.0 735.0 large-vehicle 0
918.0 393.0 905.0 412.0 847.0 372.0 858.0 357.0 large-vehicle 0
946.0 356.0 936.0 372.0 875.0 337.0 882.0 319.0 large-vehicle 0
908.0 720.0 920.0 703.0 995.0 747.0 984.0 763.0 large-vehicle 0
1008.0 516.0 1006.0 493.0 1096.0 491.0 1096.0 514.0 large-vehicle 0
1048.0 233.0 1042.0 214.0 1129.0 200.0 1135.0 219.0 large-vehicle 0
1047.0 256.0 1042.0 239.0 1127.0 225.0 1132.0 242.0 large-vehicle 0
1043.0 285.0 1037.0 266.0 1126.0 254.0 1129.0 271.0 large-vehicle 0
1034.0 326.0 1029.0 306.0 1117.0 299.0 1119.0 318.0 large-vehicle 0
1025.0 375.0 1022.0 353.0 1109.0 346.0 1112.0 368.0 large-vehicle 0
1017.0 442.0 1015.0 421.0 1105.0 418.0 1105.0 438.0 large-vehicle 0
1017.0 466.0 1014.0 448.0 1102.0 443.0 1102.0 459.0 large-vehicle 0
1009.0 488.0 1003.0 472.0 1092.0 464.0 1092.0 483.0 large-vehicle 0
1017.0 534.0 1017.0 519.0 1104.0 516.0 1103.0 534.0 large-vehicle 0
942.0 301.0 932.0 321.0 872.0 280.0 885.0 259.0 large-vehicle 0
1012.0 565.0 1009.0 546.0 1096.0 541.0 1098.0 560.0 large-vehicle 0
1002.0 602.0 1006.0 584.0 1095.0 587.0 1092.0 611.0 large-vehicle 0
1001.0 631.0 1002.0 612.0 1090.0 615.0 1088.0 637.0 large-vehicle 0
998.0 657.0 1002.0 635.0 1092.0 646.0 1086.0 665.0 large-vehicle 0
979.0 206.0 963.0 225.0 903.0 183.0 914.0 165.0 large-vehicle 0
966.0 230.0 957.0 243.0 894.0 203.0 903.0 188.0 large-vehicle 0
955.0 251.0 944.0 266.0 881.0 226.0 889.0 211.0 large-vehicle 0
951.0 276.0 943.0 292.0 879.0 249.0 889.0 238.0 large-vehicle 0
1016.0 674.0 1010.0 687.0 949.0 673.0 952.0 654.0 large-vehicle 0
368.0 566.0 349.0 559.0 367.0 475.0 387.0 479.0 large-vehicle 0
843.0 888.0 857.0 889.0 854.0 924.0 843.0 921.0 small-vehicle 1
744.0 1074.0 748.0 1058.0 792.0 1070.0 788.0 1085.0 small-vehicle 0
868.0 1028.0 887.0 1032.0 877.0 1072.0 859.0 1067.0 small-vehicle 0
842.0 1015.0 861.0 1018.0 852.0 1057.0 833.0 1053.0 small-vehicle 0
822.0 1010.0 838.0 1013.0 831.0 1050.0 815.0 1049.0 small-vehicle 0
796.0 1001.0 815.0 1005.0 808.0 1044.0 789.0 1041.0 small-vehicle 0
769.0 995.0 790.0 997.0 784.0 1037.0 766.0 1035.0 small-vehicle 0
752.0 1056.0 758.0 1040.0 793.0 1051.0 788.0 1066.0 small-vehicle 0
798.0 1070.0 803.0 1053.0 844.0 1062.0 839.0 1081.0 small-vehicle 0
793.0 1090.0 799.0 1074.0 836.0 1084.0 830.0 1102.0 small-vehicle 0
743.0 1094.0 751.0 1079.0 788.0 1095.0 780.0 1110.0 small-vehicle 0
971.0 1060.0 991.0 1065.0 981.0 1102.0 963.0 1097.0 small-vehicle 0
786.0 1112.0 790.0 1095.0 829.0 1107.0 824.0 1124.0 small-vehicle 0
737.0 1121.0 743.0 1101.0 781.0 1114.0 775.0 1132.0 small-vehicle 0
728.0 1140.0 733.0 1124.0 772.0 1135.0 769.0 1151.0 small-vehicle 0
776.0 1153.0 782.0 1132.0 820.0 1147.0 816.0 1166.0 small-vehicle 0
721.0 1161.0 727.0 1145.0 770.0 1158.0 763.0 1174.0 small-vehicle 0
767.0 1176.0 774.0 1157.0 813.0 1171.0 805.0 1189.0 small-vehicle 0
1124.0 978.0 1109.0 971.0 1130.0 939.0 1143.0 946.0 small-vehicle 1
839.0 957.0 852.0 947.0 878.0 970.0 865.0 981.0 small-vehicle 1
946.0 1048.0 966.0 1056.0 949.0 1089.0 930.0 1082.0 small-vehicle 0
1015.0 949.0 1034.0 951.0 1029.0 985.0 1011.0 983.0 small-vehicle 0
260.0 707.0 283.0 708.0 271.0 795.0 246.0 793.0 large-vehicle 0
583.0 753.0 606.0 756.0 590.0 837.0 566.0 832.0 large-vehicle 0
284.0 722.0 304.0 726.0 297.0 779.0 277.0 775.0 large-vehicle 0
311.0 715.0 329.0 717.0 319.0 797.0 299.0 792.0 large-vehicle 0
335.0 719.0 357.0 719.0 347.0 798.0 329.0 798.0 large-vehicle 0
366.0 719.0 386.0 721.0 371.0 802.0 349.0 799.0 large-vehicle 0
413.0 726.0 436.0 730.0 420.0 809.0 397.0 806.0 large-vehicle 0
438.0 729.0 461.0 732.0 442.0 817.0 420.0 812.0 large-vehicle 0
533.0 745.0 558.0 747.0 539.0 831.0 518.0 826.0 large-vehicle 0
558.0 748.0 579.0 752.0 562.0 832.0 541.0 828.0 large-vehicle 0
632.0 761.0 652.0 766.0 639.0 843.0 617.0 840.0 large-vehicle 0
1005.0 995.0 983.0 990.0 992.0 949.0 1012.0 953.0 small-vehicle 0
657.0 766.0 678.0 768.0 663.0 846.0 645.0 840.0 large-vehicle 0
706.0 783.0 729.0 788.0 712.0 846.0 691.0 841.0 large-vehicle 0
390.0 577.0 375.0 572.0 390.0 490.0 406.0 493.0 large-vehicle 0
319.0 602.0 315.0 623.0 251.0 613.0 254.0 589.0 large-vehicle 0
821.0 493.0 818.0 516.0 728.0 506.0 731.0 483.0 large-vehicle 0
943.0 847.0 948.0 830.0 995.0 842.0 989.0 860.0 small-vehicle 0
829.0 959.0 811.0 954.0 822.0 912.0 841.0 917.0 small-vehicle 0
799.0 896.0 819.0 899.0 806.0 946.0 787.0 941.0 small-vehicle 0
1052.0 204.0 1049.0 186.0 1136.0 173.0 1138.0 192.0 large-vehicle 0
