imagesource:GoogleEarth
gsd:0.123381700561
1332.0 468.0 1339.0 452.0 1373.0 471.0 1367.0 486.0 small-vehicle 1
231.0 334.0 244.0 344.0 226.0 369.0 213.0 360.0 small-vehicle 0
688.0 492.0 673.0 480.0 714.0 428.0 728.0 441.0 large-vehicle 0
820.0 664.0 829.0 654.0 866.0 681.0 853.0 695.0 large-vehicle 0
976.0 667.0 987.0 680.0 950.0 723.0 935.0 712.0 large-vehicle 0
949.0 762.0 932.0 752.0 974.0 707.0 989.0 720.0 large-vehicle 0
612.0 586.0 623.0 569.0 675.0 611.0 660.0 631.0 large-vehicle 0
258.0 348.0 275.0 359.0 246.0 391.0 232.0 381.0 small-vehicle 0
509.0 710.0 525.0 722.0 494.0 759.0 478.0 747.0 small-vehicle 0
440.0 359.0 455.0 342.0 504.0 386.0 490.0 405.0 large-vehicle 1
493.0 610.0 479.0 595.0 503.0 566.0 519.0 579.0 small-vehicle 0
602.0 699.0 585.0 685.0 609.0 657.0 624.0 671.0 small-vehicle 0
638.0 731.0 625.0 722.0 649.0 688.0 664.0 698.0 small-vehicle 0
654.0 743.0 643.0 730.0 668.0 704.0 683.0 715.0 small-vehicle 0
710.0 791.0 695.0 778.0 720.0 748.0 734.0 761.0 small-vehicle 0
773.0 629.0 784.0 613.0 818.0 638.0 805.0 658.0 small-vehicle 0
563.0 321.0 586.0 319.0 584.0 408.0 560.0 405.0 large-vehicle 0
534.0 299.0 561.0 298.0 555.0 377.0 534.0 377.0 large-vehicle 0
508.0 277.0 532.0 276.0 531.0 376.0 507.0 374.0 large-vehicle 0
481.0 257.0 503.0 256.0 501.0 350.0 484.0 347.0 large-vehicle 0
337.0 279.0 358.0 259.0 441.0 333.0 423.0 349.0 large-vehicle 0
330.0 308.0 347.0 292.0 417.0 352.0 401.0 368.0 large-vehicle 0
303.0 316.0 318.0 301.0 388.0 366.0 370.0 384.0 large-vehicle 0
419.0 386.0 434.0 368.0 495.0 419.0 482.0 434.0 large-vehicle 0
533.0 520.0 545.0 504.0 614.0 559.0 599.0 572.0 large-vehicle 0
564.0 467.0 580.0 450.0 647.0 506.0 628.0 523.0 large-vehicle 0
682.0 552.0 698.0 537.0 767.0 593.0 754.0 610.0 large-vehicle 0
1179.0 899.0 1163.0 880.0 1212.0 841.0 1227.0 860.0 large-vehicle 0
1234.0 855.0 1218.0 843.0 1269.0 788.0 1284.0 803.0 large-vehicle 0
1253.0 780.0 1234.0 766.0 1292.0 697.0 1312.0 713.0 large-vehicle 0
968.0 872.0 957.0 888.0 904.0 851.0 918.0 829.0 large-vehicle 0
828.0 773.0 841.0 758.0 920.0 820.0 904.0 837.0 large-vehicle 0
756.0 711.0 770.0 697.0 834.0 753.0 820.0 772.0 large-vehicle 0
1035.0 728.0 1057.0 742.0 1023.0 785.0 1003.0 771.0 small-vehicle 0
1094.0 829.0 1075.0 847.0 1042.0 814.0 1061.0 796.0 small-vehicle 0
1065.0 793.0 1078.0 779.0 1108.0 810.0 1094.0 824.0 small-vehicle 0
1057.0 861.0 1044.0 873.0 1017.0 848.0 1030.0 836.0 small-vehicle 0
644.0 443.0 628.0 441.0 632.0 374.0 651.0 375.0 large-vehicle 1
654.0 408.0 677.0 410.0 670.0 459.0 651.0 460.0 large-vehicle 0
1128.0 734.0 1136.0 722.0 1167.0 742.0 1156.0 756.0 small-vehicle 1
547.0 791.0 535.0 779.0 557.0 749.0 571.0 759.0 small-vehicle 1
216.0 505.0 205.0 494.0 227.0 470.0 240.0 478.0 small-vehicle 1
86.0 354.0 101.0 366.0 74.0 392.0 64.0 384.0 small-vehicle 1
922.0 705.0 906.0 690.0 949.0 637.0 968.0 653.0 large-vehicle 0
888.0 672.0 871.0 658.0 916.0 600.0 933.0 616.0 large-vehicle 0
868.0 647.0 851.0 633.0 888.0 581.0 908.0 597.0 large-vehicle 0
814.0 588.0 794.0 572.0 823.0 533.0 843.0 548.0 large-vehicle 0
836.0 602.0 820.0 591.0 842.0 551.0 863.0 566.0 large-vehicle 0
842.0 647.0 820.0 632.0 856.0 582.0 874.0 595.0 large-vehicle 0
770.0 588.0 752.0 572.0 796.0 519.0 816.0 537.0 large-vehicle 0
1074.0 850.0 1064.0 859.0 1035.0 832.0 1045.0 821.0 small-vehicle 0
1151.0 702.0 1160.0 688.0 1190.0 711.0 1182.0 726.0 small-vehicle 0
1085.0 782.0 1094.0 768.0 1128.0 796.0 1116.0 813.0 small-vehicle 0
1167.0 686.0 1178.0 674.0 1209.0 697.0 1196.0 711.0 small-vehicle 0
1177.0 670.0 1191.0 654.0 1218.0 677.0 1207.0 693.0 small-vehicle 0
1266.0 553.0 1277.0 538.0 1304.0 559.0 1294.0 575.0 small-vehicle 0
1252.0 580.0 1261.0 563.0 1295.0 588.0 1286.0 603.0 small-vehicle 0
1240.0 597.0 1249.0 582.0 1282.0 604.0 1273.0 619.0 small-vehicle 0
817.0 165.0 800.0 164.0 799.0 127.0 815.0 126.0 small-vehicle 0
839.0 177.0 820.0 176.0 818.0 136.0 839.0 136.0 small-vehicle 0
944.0 276.0 923.0 273.0 923.0 231.0 947.0 234.0 small-vehicle 0
1082.0 327.0 1070.0 342.0 1039.0 313.0 1054.0 298.0 small-vehicle 0
1225.0 417.0 1234.0 394.0 1281.0 412.0 1275.0 434.0 small-vehicle 0
1228.0 392.0 1236.0 370.0 1280.0 391.0 1274.0 409.0 small-vehicle 0
1113.0 753.0 1122.0 740.0 1153.0 761.0 1143.0 777.0 small-vehicle 0
1130.0 716.0 1144.0 699.0 1180.0 726.0 1169.0 743.0 small-vehicle 0
1101.0 769.0 1111.0 754.0 1140.0 778.0 1131.0 791.0 small-vehicle 0
688.0 654.0 702.0 636.0 768.0 692.0 755.0 712.0 large-vehicle 0
