imagesource:GoogleEarth
gsd:0.128899955952
552.0 679.0 571.0 693.0 527.0 750.0 511.0 737.0 large-vehicle 0
847.0 207.0 833.0 198.0 854.0 166.0 866.0 176.0 small-vehicle 0
379.0 254.0 366.0 271.0 293.0 220.0 306.0 200.0 large-vehicle 0
629.0 459.0 648.0 471.0 601.0 532.0 582.0 519.0 large-vehicle 0
608.0 708.0 633.0 721.0 592.0 800.0 566.0 789.0 large-vehicle 0
478.0 657.0 465.0 673.0 395.0 616.0 412.0 593.0 large-vehicle 0
211.0 466.0 193.0 454.0 234.0 403.0 250.0 415.0 large-vehicle 0
425.0 167.0 405.0 185.0 370.0 152.0 384.0 133.0 large-vehicle 0
327.0 293.0 312.0 310.0 255.0 268.0 268.0 248.0 large-vehicle 0
261.0 379.0 246.0 395.0 175.0 338.0 189.0 321.0 large-vehicle 0
376.0 28.0 392.0 43.0 361.0 73.0 346.0 62.0 small-vehicle 0
339.0 71.0 351.0 82.0 325.0 111.0 312.0 100.0 small-vehicle 0
280.0 134.0 295.0 147.0 268.0 183.0 252.0 172.0 small-vehicle 0
160.0 161.0 149.0 150.0 177.0 120.0 187.0 130.0 small-vehicle 0
136.0 193.0 125.0 183.0 149.0 151.0 161.0 162.0 small-vehicle 0
103.0 230.0 92.0 220.0 120.0 184.0 132.0 195.0 small-vehicle 0
229.0 228.0 215.0 218.0 237.0 191.0 249.0 202.0 small-vehicle 0
299.0 141.0 285.0 133.0 307.0 104.0 319.0 114.0 small-vehicle 0
72.0 264.0 60.0 257.0 85.0 228.0 96.0 238.0 small-vehicle 0
188.0 273.0 174.0 264.0 196.0 236.0 209.0 246.0 small-vehicle 0
155.0 311.0 145.0 300.0 167.0 273.0 179.0 284.0 small-vehicle 0
123.0 346.0 113.0 337.0 134.0 306.0 146.0 316.0 small-vehicle 0
85.0 389.0 72.0 379.0 100.0 345.0 114.0 355.0 small-vehicle 0
334.0 258.0 322.0 279.0 278.0 252.0 287.0 231.0 small-vehicle 0
436.0 353.0 453.0 364.0 423.0 411.0 404.0 397.0 small-vehicle 0
39.0 304.0 26.0 291.0 52.0 262.0 63.0 274.0 small-vehicle 0
689.0 107.0 667.0 94.0 689.0 51.0 711.0 62.0 small-vehicle 0
709.0 119.0 692.0 108.0 715.0 58.0 737.0 71.0 small-vehicle 0
726.0 133.0 711.0 123.0 733.0 80.0 749.0 90.0 small-vehicle 0
806.0 182.0 792.0 173.0 812.0 141.0 828.0 150.0 small-vehicle 0
822.0 200.0 807.0 190.0 836.0 150.0 852.0 163.0 small-vehicle 0
409.0 203.0 397.0 224.0 330.0 193.0 340.0 172.0 large-vehicle 0
