imagesource:GoogleEarth
gsd:0.129762968827
1069.0 30.0 1065.0 45.0 1030.0 34.0 1035.0 20.0 small-vehicle 1
479.0 394.0 471.0 372.0 548.0 352.0 553.0 374.0 large-vehicle 0
559.0 338.0 585.0 329.0 597.0 375.0 573.0 380.0 small-vehicle 0
268.0 423.0 247.0 427.0 237.0 384.0 259.0 379.0 small-vehicle 0
285.0 262.0 289.0 279.0 228.0 290.0 224.0 273.0 small-vehicle 0
497.0 160.0 513.0 151.0 533.0 184.0 520.0 193.0 small-vehicle 0
469.0 163.0 485.0 152.0 512.0 186.0 499.0 198.0 small-vehicle 0
551.0 771.0 573.0 759.0 646.0 906.0 625.0 918.0 large-vehicle 0
587.0 729.0 608.0 717.0 693.0 869.0 667.0 879.0 large-vehicle 0
483.0 417.0 480.0 400.0 557.0 381.0 560.0 401.0 large-vehicle 0
207.0 499.0 206.0 484.0 242.0 479.0 245.0 496.0 small-vehicle 0
363.0 761.0 374.0 779.0 233.0 859.0 217.0 842.0 large-vehicle 0
342.0 301.0 349.0 327.0 174.0 368.0 168.0 340.0 large-vehicle 0
890.0 268.0 888.0 247.0 1072.0 252.0 1074.0 274.0 large-vehicle 0
891.0 299.0 890.0 279.0 1070.0 283.0 1070.0 306.0 large-vehicle 0
892.0 337.0 894.0 317.0 1067.0 326.0 1067.0 345.0 large-vehicle 0
852.0 443.0 854.0 420.0 1034.0 437.0 1031.0 459.0 large-vehicle 0
474.0 365.0 466.0 346.0 547.0 323.0 554.0 344.0 large-vehicle 0
267.0 479.0 248.0 483.0 239.0 438.0 258.0 435.0 small-vehicle 0
285.0 512.0 299.0 508.0 307.0 544.0 293.0 548.0 small-vehicle 0
1060.0 49.0 1060.0 63.0 1028.0 61.0 1027.0 47.0 small-vehicle 1
700.0 661.0 706.0 643.0 742.0 657.0 736.0 672.0 small-vehicle 0
282.0 614.0 284.0 626.0 255.0 630.0 253.0 618.0 small-vehicle 1
847.0 197.0 848.0 212.0 811.0 215.0 810.0 202.0 small-vehicle 1
369.0 697.0 374.0 715.0 210.0 770.0 200.0 748.0 large-vehicle 1
289.0 845.0 312.0 862.0 252.0 928.0 235.0 912.0 large-vehicle 0
392.0 538.0 419.0 535.0 433.0 617.0 407.0 622.0 large-vehicle 0
483.0 445.0 479.0 422.0 568.0 407.0 571.0 430.0 large-vehicle 0
736.0 678.0 745.0 658.0 826.0 690.0 818.0 708.0 large-vehicle 0
782.0 97.0 797.0 89.0 814.0 125.0 801.0 133.0 small-vehicle 0
221.0 474.0 200.0 478.0 188.0 426.0 210.0 422.0 ship 0
758.0 108.0 776.0 101.0 794.0 134.0 781.0 143.0 small-vehicle 0
736.0 123.0 751.0 110.0 772.0 141.0 760.0 152.0 small-vehicle 0
714.0 138.0 732.0 127.0 751.0 154.0 738.0 165.0 small-vehicle 0
692.0 687.0 704.0 670.0 734.0 697.0 724.0 712.0 small-vehicle 0
392.0 843.0 404.0 854.0 377.0 881.0 365.0 869.0 small-vehicle 0
339.0 829.0 327.0 818.0 355.0 794.0 365.0 805.0 small-vehicle 0
250.0 636.0 255.0 659.0 186.0 675.0 180.0 649.0 ship 0
470.0 332.0 462.0 314.0 540.0 292.0 548.0 312.0 large-vehicle 0
