imagesource:GoogleEarth
gsd:0.128732389227
310.0 394.0 316.0 374.0 385.0 394.0 374.0 415.0 large-vehicle 1
160.0 737.0 168.0 717.0 210.0 738.0 201.0 759.0 small-vehicle 0
343.0 238.0 320.0 224.0 355.0 156.0 379.0 165.0 large-vehicle 0
364.0 246.0 346.0 241.0 381.0 167.0 402.0 177.0 large-vehicle 0
388.0 257.0 365.0 246.0 403.0 179.0 424.0 186.0 large-vehicle 0
425.0 524.0 432.0 504.0 490.0 525.0 478.0 550.0 large-vehicle 0
350.0 640.0 361.0 620.0 422.0 640.0 413.0 664.0 large-vehicle 0
339.0 666.0 345.0 648.0 411.0 669.0 401.0 686.0 large-vehicle 0
332.0 687.0 339.0 672.0 400.0 691.0 392.0 711.0 large-vehicle 0
286.0 746.0 266.0 736.0 304.0 659.0 325.0 667.0 large-vehicle 0
241.0 543.0 248.0 523.0 317.0 557.0 309.0 579.0 large-vehicle 0
224.0 572.0 237.0 551.0 322.0 591.0 313.0 612.0 large-vehicle 0
675.0 449.0 703.0 464.0 649.0 577.0 620.0 568.0 large-vehicle 0
435.0 283.0 416.0 270.0 444.0 212.0 468.0 225.0 large-vehicle 0
149.0 718.0 133.0 712.0 149.0 673.0 166.0 680.0 small-vehicle 0
108.0 796.0 114.0 780.0 160.0 797.0 153.0 814.0 small-vehicle 0
169.0 772.0 175.0 756.0 206.0 770.0 201.0 785.0 small-vehicle 0
76.0 875.0 85.0 856.0 123.0 872.0 113.0 890.0 small-vehicle 0
85.0 852.0 93.0 836.0 128.0 854.0 120.0 869.0 small-vehicle 0
890.0 96.0 895.0 82.0 929.0 97.0 923.0 111.0 small-vehicle 0
375.0 554.0 349.0 545.0 375.0 480.0 402.0 490.0 large-vehicle 0
302.0 218.0 277.0 205.0 311.0 139.0 338.0 147.0 large-vehicle 0
