imagesource:GoogleEarth
gsd:0.527797824636
1097.0 542.0 1097.0 546.0 1089.0 548.0 1089.0 544.0 small-vehicle 1
1096.0 662.0 1096.0 657.0 1107.0 656.0 1107.0 661.0 small-vehicle 1
391.0 390.0 390.0 351.0 681.0 349.0 681.0 389.0 ship 0
723.0 296.0 722.0 255.0 1012.0 254.0 1014.0 297.0 ship 0
300.0 664.0 300.0 622.0 590.0 620.0 591.0 662.0 ship 0
729.0 659.0 728.0 619.0 1018.0 617.0 1019.0 658.0 ship 0
238.0 349.0 237.0 305.0 1040.0 295.0 1042.0 341.0 harbor 0
239.0 624.0 238.0 579.0 1042.0 570.0 1045.0 612.0 harbor 0
330.0 1053.0 332.0 1012.0 1057.0 995.0 1058.0 1043.0 harbor 0
1089.0 380.0 1090.0 376.0 1099.0 376.0 1099.0 379.0 small-vehicle 1
1101.0 392.0 1100.0 396.0 1089.0 397.0 1088.0 392.0 small-vehicle 1
1089.0 404.0 1089.0 400.0 1101.0 400.0 1100.0 404.0 small-vehicle 1
1088.0 410.0 1089.0 407.0 1099.0 406.0 1099.0 411.0 small-vehicle 1
1087.0 434.0 1086.0 430.0 1096.0 429.0 1096.0 433.0 small-vehicle 1
1088.0 460.0 1088.0 457.0 1096.0 456.0 1096.0 459.0 small-vehicle 1
1095.0 655.0 1096.0 650.0 1105.0 651.0 1105.0 654.0 small-vehicle 1
1097.0 667.0 1097.0 663.0 1107.0 663.0 1107.0 667.0 small-vehicle 1
1096.0 528.0 1096.0 532.0 1091.0 533.0 1090.0 529.0 small-vehicle 1
661.0 555.0 661.0 565.0 610.0 567.0 609.0 553.0 ship 0
801.0 565.0 799.0 532.0 868.0 530.0 868.0 566.0 ship 0
761.0 980.0 761.0 994.0 593.0 1001.0 591.0 983.0 ship 1
1087.0 343.0 1086.0 337.0 1098.0 338.0 1097.0 343.0 small-vehicle 1
1087.0 353.0 1086.0 346.0 1096.0 345.0 1096.0 351.0 small-vehicle 1
1085.0 368.0 1085.0 375.0 1074.0 375.0 1074.0 369.0 small-vehicle 1
1082.0 379.0 1082.0 383.0 1075.0 384.0 1075.0 379.0 small-vehicle 1
1083.0 383.0 1084.0 388.0 1076.0 389.0 1075.0 386.0 small-vehicle 1
1083.0 389.0 1083.0 394.0 1076.0 394.0 1076.0 391.0 small-vehicle 1
1082.0 400.0 1082.0 404.0 1075.0 405.0 1074.0 401.0 small-vehicle 1
1084.0 410.0 1083.0 416.0 1075.0 415.0 1074.0 410.0 small-vehicle 1
1097.0 501.0 1097.0 508.0 1089.0 506.0 1089.0 501.0 small-vehicle 1
1098.0 517.0 1099.0 523.0 1089.0 523.0 1088.0 519.0 small-vehicle 1
1084.0 514.0 1085.0 519.0 1076.0 518.0 1075.0 515.0 small-vehicle 1
570.0 261.0 572.0 298.0 274.0 302.0 275.0 260.0 ship 0
