imagesource:GoogleEarth
gsd:0.512492179016
266.0 30.0 277.0 1.0 575.0 57.0 564.0 95.0 ship 0
1076.0 330.0 1076.0 325.0 1086.0 328.0 1086.0 332.0 small-vehicle 1
1116.0 310.0 1120.0 310.0 1120.0 319.0 1116.0 318.0 small-vehicle 1
1106.0 316.0 1106.0 312.0 1114.0 312.0 1114.0 316.0 small-vehicle 1
1080.0 321.0 1080.0 316.0 1089.0 318.0 1089.0 322.0 small-vehicle 1
1015.0 284.0 1017.0 278.0 1027.0 280.0 1027.0 285.0 small-vehicle 1
1007.0 320.0 1007.0 316.0 1017.0 319.0 1017.0 323.0 small-vehicle 1
1031.0 327.0 1031.0 323.0 1042.0 326.0 1039.0 331.0 small-vehicle 1
1105.0 321.0 1105.0 317.0 1114.0 318.0 1112.0 321.0 small-vehicle 1
1117.0 260.0 1117.0 256.0 1125.0 257.0 1126.0 260.0 small-vehicle 1
1114.0 322.0 1118.0 321.0 1117.0 333.0 1114.0 332.0 small-vehicle 1
1111.0 337.0 1115.0 337.0 1116.0 346.0 1112.0 345.0 small-vehicle 1
1103.0 327.0 1103.0 322.0 1112.0 322.0 1112.0 327.0 small-vehicle 1
1101.0 331.0 1102.0 327.0 1111.0 328.0 1112.0 332.0 small-vehicle 1
1099.0 342.0 1098.0 337.0 1107.0 337.0 1108.0 341.0 small-vehicle 1
1098.0 347.0 1099.0 342.0 1108.0 342.0 1108.0 347.0 small-vehicle 1
1106.0 310.0 1107.0 307.0 1115.0 308.0 1114.0 312.0 small-vehicle 1
1107.0 305.0 1107.0 300.0 1116.0 302.0 1115.0 305.0 small-vehicle 1
1082.0 305.0 1083.0 302.0 1093.0 305.0 1092.0 307.0 small-vehicle 1
1084.0 296.0 1084.0 292.0 1094.0 293.0 1095.0 296.0 small-vehicle 1
1084.0 299.0 1084.0 297.0 1093.0 296.0 1093.0 301.0 small-vehicle 1
1085.0 293.0 1084.0 289.0 1096.0 289.0 1095.0 293.0 small-vehicle 1
1124.0 273.0 1128.0 273.0 1128.0 285.0 1124.0 286.0 small-vehicle 1
1114.0 279.0 1114.0 273.0 1122.0 275.0 1123.0 280.0 small-vehicle 1
1071.0 281.0 1076.0 281.0 1075.0 291.0 1072.0 290.0 small-vehicle 1
1075.0 266.0 1079.0 267.0 1079.0 278.0 1075.0 278.0 small-vehicle 1
1086.0 283.0 1088.0 279.0 1097.0 281.0 1096.0 284.0 small-vehicle 1
1089.0 278.0 1090.0 275.0 1098.0 275.0 1098.0 278.0 small-vehicle 1
1090.0 274.0 1089.0 269.0 1098.0 270.0 1098.0 273.0 small-vehicle 1
1090.0 267.0 1091.0 264.0 1100.0 266.0 1100.0 268.0 small-vehicle 1
1093.0 263.0 1093.0 259.0 1101.0 260.0 1101.0 264.0 small-vehicle 1
1095.0 257.0 1095.0 254.0 1103.0 254.0 1103.0 258.0 small-vehicle 1
1117.0 263.0 1117.0 260.0 1125.0 260.0 1125.0 263.0 small-vehicle 1
1109.0 347.0 1113.0 347.0 1112.0 360.0 1108.0 359.0 small-vehicle 1
1075.0 335.0 1075.0 332.0 1087.0 333.0 1086.0 337.0 small-vehicle 1
1074.0 342.0 1075.0 337.0 1084.0 338.0 1085.0 342.0 small-vehicle 1
987.0 419.0 986.0 415.0 995.0 416.0 996.0 419.0 small-vehicle 1
1103.0 358.0 1103.0 362.0 1095.0 363.0 1096.0 359.0 small-vehicle 1
1104.0 354.0 1104.0 357.0 1097.0 358.0 1095.0 355.0 small-vehicle 1
1003.0 452.0 1004.0 447.0 1012.0 448.0 1011.0 452.0 small-vehicle 1
1004.0 445.0 1005.0 442.0 1015.0 445.0 1013.0 448.0 small-vehicle 1
1008.0 435.0 1009.0 432.0 1018.0 432.0 1017.0 436.0 small-vehicle 1
1006.0 438.0 1006.0 435.0 1016.0 438.0 1014.0 442.0 small-vehicle 1
1010.0 430.0 1010.0 426.0 1019.0 428.0 1019.0 431.0 small-vehicle 1
1011.0 425.0 1011.0 421.0 1019.0 421.0 1020.0 424.0 small-vehicle 1
1011.0 418.0 1013.0 414.0 1020.0 417.0 1020.0 420.0 small-vehicle 1
1013.0 413.0 1014.0 408.0 1022.0 412.0 1021.0 416.0 small-vehicle 1
1015.0 404.0 1015.0 400.0 1025.0 401.0 1025.0 405.0 small-vehicle 1
1014.0 408.0 1015.0 404.0 1024.0 407.0 1022.0 411.0 small-vehicle 1
984.0 436.0 984.0 432.0 992.0 432.0 992.0 436.0 small-vehicle 1
984.0 425.0 985.0 420.0 996.0 421.0 995.0 425.0 small-vehicle 1
987.0 412.0 989.0 408.0 998.0 411.0 997.0 415.0 small-vehicle 1
1094.0 369.0 1094.0 364.0 1103.0 364.0 1104.0 368.0 small-vehicle 1
1016.0 394.0 1017.0 389.0 1025.0 392.0 1024.0 395.0 small-vehicle 1
1015.0 400.0 1016.0 395.0 1026.0 397.0 1025.0 401.0 small-vehicle 1
991.0 406.0 990.0 401.0 1000.0 401.0 1000.0 405.0 small-vehicle 1
992.0 392.0 992.0 388.0 1004.0 391.0 1001.0 395.0 small-vehicle 1
1018.0 388.0 1019.0 384.0 1027.0 386.0 1027.0 391.0 small-vehicle 1
994.0 383.0 994.0 379.0 1004.0 381.0 1004.0 385.0 small-vehicle 1
1021.0 378.0 1021.0 374.0 1029.0 374.0 1029.0 377.0 small-vehicle 1
1022.0 368.0 1022.0 364.0 1031.0 367.0 1030.0 371.0 small-vehicle 1
997.0 372.0 996.0 368.0 1006.0 369.0 1006.0 374.0 small-vehicle 1
999.0 362.0 999.0 357.0 1010.0 359.0 1010.0 363.0 small-vehicle 1
1024.0 358.0 1024.0 353.0 1035.0 355.0 1034.0 360.0 small-vehicle 1
1026.0 354.0 1026.0 349.0 1033.0 350.0 1035.0 354.0 small-vehicle 1
1028.0 348.0 1028.0 344.0 1036.0 344.0 1036.0 349.0 small-vehicle 1
1002.0 341.0 1003.0 337.0 1013.0 338.0 1012.0 343.0 small-vehicle 1
1116.0 266.0 1116.0 263.0 1125.0 264.0 1125.0 269.0 small-vehicle 1
1118.0 255.0 1118.0 250.0 1127.0 252.0 1126.0 255.0 small-vehicle 1
1056.0 424.0 1059.0 422.0 1064.0 428.0 1062.0 431.0 small-vehicle 1
1122.0 45.0 1127.0 46.0 1125.0 54.0 1121.0 54.0 small-vehicle 1
1047.0 135.0 1047.0 131.0 1056.0 132.0 1056.0 135.0 small-vehicle 1
1072.0 143.0 1073.0 139.0 1081.0 140.0 1081.0 143.0 small-vehicle 1
1046.0 146.0 1047.0 143.0 1055.0 143.0 1054.0 146.0 small-vehicle 1
1069.0 154.0 1069.0 150.0 1078.0 152.0 1077.0 155.0 small-vehicle 1
1068.0 166.0 1068.0 162.0 1077.0 162.0 1076.0 166.0 small-vehicle 1
1125.0 31.0 1130.0 31.0 1129.0 41.0 1124.0 42.0 small-vehicle 1
1137.0 50.0 1137.0 45.0 1145.0 45.0 1146.0 49.0 small-vehicle 1
1119.0 250.0 1120.0 246.0 1128.0 247.0 1128.0 251.0 small-vehicle 1
1137.0 54.0 1137.0 50.0 1145.0 50.0 1146.0 53.0 small-vehicle 1
1137.0 57.0 1138.0 55.0 1146.0 55.0 1145.0 58.0 small-vehicle 1
1135.0 63.0 1136.0 59.0 1145.0 60.0 1145.0 62.0 small-vehicle 1
1119.0 58.0 1123.0 59.0 1123.0 67.0 1120.0 67.0 small-vehicle 1
1133.0 73.0 1132.0 68.0 1142.0 69.0 1141.0 73.0 small-vehicle 1
1116.0 73.0 1121.0 72.0 1121.0 81.0 1116.0 82.0 small-vehicle 1
1057.0 98.0 1058.0 94.0 1066.0 96.0 1065.0 100.0 small-vehicle 1
1082.0 98.0 1082.0 94.0 1091.0 95.0 1091.0 98.0 small-vehicle 1
1082.0 91.0 1083.0 87.0 1094.0 89.0 1094.0 93.0 small-vehicle 1
1086.0 76.0 1086.0 72.0 1096.0 74.0 1095.0 76.0 small-vehicle 1
1087.0 70.0 1088.0 66.0 1097.0 69.0 1096.0 72.0 small-vehicle 1
1088.0 64.0 1088.0 61.0 1098.0 63.0 1097.0 66.0 small-vehicle 1
1094.0 46.0 1094.0 40.0 1103.0 41.0 1104.0 46.0 small-vehicle 1
1100.0 18.0 1099.0 15.0 1109.0 18.0 1108.0 22.0 small-vehicle 1
959.0 185.0 965.0 187.0 962.0 201.0 955.0 200.0 ship 1
966.0 186.0 972.0 188.0 969.0 205.0 963.0 202.0 ship 1
973.0 188.0 978.0 189.0 975.0 205.0 970.0 204.0 ship 1
979.0 188.0 986.0 191.0 983.0 206.0 977.0 205.0 ship 1
946.0 405.0 936.0 461.0 494.0 368.0 508.0 303.0 ship 0
865.0 284.0 873.0 240.0 978.0 261.0 968.0 305.0 ship 0
157.0 457.0 188.0 307.0 972.0 473.0 936.0 626.0 harbor 0
229.0 97.0 247.0 27.0 1033.0 197.0 1016.0 265.0 harbor 0
490.0 596.0 500.0 538.0 898.0 620.0 887.0 683.0 ship 0
1110.0 107.0 1114.0 106.0 1113.0 115.0 1108.0 115.0 small-vehicle 1
1119.0 136.0 1120.0 131.0 1129.0 132.0 1127.0 136.0 small-vehicle 1
1105.0 130.0 1108.0 130.0 1107.0 141.0 1104.0 141.0 small-vehicle 1
1102.0 215.0 1102.0 211.0 1111.0 212.0 1110.0 217.0 small-vehicle 1
1128.0 258.0 1133.0 258.0 1132.0 268.0 1127.0 268.0 small-vehicle 1
1131.0 247.0 1135.0 247.0 1134.0 257.0 1130.0 256.0 small-vehicle 1
1133.0 232.0 1137.0 232.0 1136.0 243.0 1132.0 242.0 small-vehicle 1
1078.0 254.0 1082.0 255.0 1081.0 264.0 1076.0 264.0 small-vehicle 1
1079.0 239.0 1085.0 240.0 1084.0 247.0 1079.0 247.0 small-vehicle 1
1084.0 225.0 1088.0 227.0 1087.0 235.0 1082.0 234.0 small-vehicle 1
1096.0 247.0 1096.0 243.0 1107.0 244.0 1106.0 248.0 small-vehicle 1
1098.0 242.0 1098.0 238.0 1106.0 237.0 1106.0 241.0 small-vehicle 1
1098.0 237.0 1096.0 232.0 1107.0 232.0 1108.0 236.0 small-vehicle 1
1101.0 231.0 1100.0 227.0 1108.0 227.0 1107.0 231.0 small-vehicle 1
1121.0 237.0 1121.0 233.0 1131.0 233.0 1131.0 238.0 small-vehicle 1
1122.0 232.0 1122.0 227.0 1131.0 228.0 1131.0 232.0 small-vehicle 1
1123.0 228.0 1123.0 223.0 1132.0 223.0 1131.0 225.0 small-vehicle 1
1100.0 226.0 1100.0 222.0 1109.0 222.0 1109.0 226.0 small-vehicle 1
1102.0 210.0 1102.0 206.0 1110.0 207.0 1112.0 210.0 small-vehicle 1
1117.0 146.0 1118.0 142.0 1126.0 143.0 1125.0 148.0 small-vehicle 1
1106.0 199.0 1107.0 194.0 1116.0 196.0 1115.0 199.0 small-vehicle 1
1125.0 221.0 1124.0 216.0 1135.0 217.0 1134.0 223.0 small-vehicle 1
1137.0 209.0 1142.0 209.0 1141.0 218.0 1137.0 218.0 small-vehicle 1
1129.0 204.0 1129.0 199.0 1139.0 200.0 1137.0 204.0 small-vehicle 1
1129.0 197.0 1130.0 193.0 1139.0 196.0 1139.0 198.0 small-vehicle 1
1141.0 196.0 1145.0 197.0 1144.0 209.0 1140.0 207.0 small-vehicle 1
1146.0 167.0 1152.0 167.0 1151.0 179.0 1147.0 179.0 small-vehicle 1
1136.0 168.0 1135.0 163.0 1145.0 163.0 1145.0 167.0 small-vehicle 1
1137.0 161.0 1137.0 157.0 1146.0 157.0 1146.0 161.0 small-vehicle 1
1138.0 156.0 1138.0 152.0 1147.0 154.0 1147.0 158.0 small-vehicle 1
1139.0 149.0 1140.0 145.0 1150.0 146.0 1148.0 152.0 small-vehicle 1
1140.0 140.0 1140.0 135.0 1151.0 137.0 1151.0 140.0 small-vehicle 1
1113.0 162.0 1113.0 158.0 1122.0 159.0 1122.0 162.0 small-vehicle 1
1114.0 156.0 1114.0 151.0 1125.0 153.0 1124.0 157.0 small-vehicle 1
1080.0 414.0 1082.0 416.0 1077.0 422.0 1074.0 419.0 small-vehicle 1
1053.0 433.0 1055.0 429.0 1061.0 436.0 1059.0 439.0 small-vehicle 1
1078.0 822.0 1078.0 818.0 1089.0 818.0 1090.0 821.0 small-vehicle 1
947.0 713.0 946.0 709.0 954.0 709.0 956.0 713.0 small-vehicle 1
917.0 746.0 917.0 742.0 926.0 742.0 926.0 745.0 small-vehicle 1
916.0 751.0 916.0 747.0 926.0 747.0 925.0 751.0 small-vehicle 1
954.0 687.0 954.0 682.0 962.0 684.0 963.0 687.0 small-vehicle 1
952.0 692.0 952.0 689.0 962.0 689.0 962.0 692.0 small-vehicle 1
952.0 696.0 953.0 693.0 963.0 693.0 962.0 697.0 small-vehicle 1
951.0 708.0 951.0 704.0 960.0 706.0 960.0 711.0 small-vehicle 1
945.0 724.0 945.0 720.0 957.0 720.0 956.0 723.0 small-vehicle 1
1139.0 654.0 1142.0 656.0 1137.0 664.0 1135.0 662.0 small-vehicle 1
946.0 729.0 946.0 725.0 956.0 725.0 956.0 729.0 small-vehicle 1
944.0 733.0 946.0 728.0 954.0 730.0 953.0 733.0 small-vehicle 1
1000.0 689.0 1000.0 684.0 1012.0 685.0 1011.0 689.0 small-vehicle 1
1001.0 683.0 1001.0 679.0 1012.0 679.0 1012.0 683.0 small-vehicle 1
982.0 697.0 987.0 699.0 984.0 711.0 981.0 710.0 small-vehicle 1
978.0 714.0 982.0 716.0 982.0 724.0 977.0 724.0 small-vehicle 1
918.0 740.0 918.0 736.0 927.0 737.0 927.0 740.0 small-vehicle 1
920.0 736.0 920.0 730.0 929.0 730.0 929.0 735.0 small-vehicle 1
920.0 729.0 920.0 725.0 932.0 724.0 930.0 729.0 small-vehicle 1
920.0 720.0 920.0 715.0 932.0 717.0 931.0 723.0 small-vehicle 1
922.0 714.0 923.0 709.0 934.0 712.0 933.0 715.0 small-vehicle 1
924.0 708.0 925.0 702.0 933.0 703.0 934.0 708.0 small-vehicle 1
927.0 702.0 927.0 698.0 936.0 698.0 938.0 702.0 small-vehicle 1
927.0 695.0 928.0 691.0 938.0 694.0 936.0 697.0 small-vehicle 1
929.0 690.0 929.0 686.0 940.0 687.0 939.0 692.0 small-vehicle 1
954.0 681.0 955.0 677.0 964.0 679.0 964.0 684.0 small-vehicle 1
956.0 676.0 958.0 670.0 968.0 673.0 967.0 677.0 small-vehicle 1
959.0 670.0 958.0 666.0 970.0 668.0 969.0 672.0 small-vehicle 1
932.0 671.0 934.0 666.0 946.0 668.0 945.0 675.0 small-vehicle 1
934.0 664.0 935.0 660.0 947.0 662.0 945.0 667.0 small-vehicle 1
935.0 660.0 937.0 654.0 947.0 655.0 946.0 660.0 small-vehicle 1
937.0 650.0 937.0 645.0 949.0 646.0 948.0 650.0 small-vehicle 1
941.0 629.0 942.0 623.0 955.0 627.0 953.0 632.0 small-vehicle 1
975.0 728.0 979.0 728.0 978.0 737.0 974.0 737.0 small-vehicle 1
971.0 741.0 977.0 742.0 975.0 751.0 972.0 751.0 small-vehicle 1
969.0 757.0 973.0 758.0 973.0 767.0 968.0 767.0 small-vehicle 1
1027.0 692.0 1028.0 687.0 1035.0 687.0 1037.0 692.0 small-vehicle 1
1080.0 817.0 1080.0 815.0 1090.0 815.0 1089.0 817.0 small-vehicle 1
1080.0 815.0 1080.0 811.0 1090.0 811.0 1089.0 814.0 small-vehicle 1
1079.0 811.0 1078.0 807.0 1090.0 806.0 1090.0 810.0 small-vehicle 1
1077.0 805.0 1078.0 801.0 1088.0 801.0 1088.0 806.0 small-vehicle 1
1077.0 802.0 1078.0 797.0 1090.0 796.0 1088.0 800.0 small-vehicle 1
1078.0 796.0 1077.0 791.0 1089.0 790.0 1088.0 795.0 small-vehicle 1
1077.0 791.0 1077.0 786.0 1088.0 784.0 1090.0 790.0 small-vehicle 1
1077.0 784.0 1077.0 780.0 1089.0 779.0 1089.0 782.0 small-vehicle 1
1078.0 780.0 1077.0 773.0 1089.0 772.0 1090.0 777.0 small-vehicle 1
1074.0 757.0 1074.0 753.0 1087.0 752.0 1087.0 756.0 small-vehicle 1
1075.0 763.0 1074.0 758.0 1088.0 760.0 1085.0 765.0 small-vehicle 1
1076.0 751.0 1076.0 747.0 1084.0 747.0 1084.0 751.0 small-vehicle 1
1076.0 742.0 1075.0 738.0 1086.0 737.0 1086.0 741.0 small-vehicle 1
1077.0 730.0 1077.0 725.0 1085.0 725.0 1086.0 730.0 small-vehicle 1
995.0 725.0 994.0 720.0 1004.0 720.0 1005.0 723.0 small-vehicle 1
966.0 771.0 971.0 772.0 970.0 781.0 967.0 781.0 small-vehicle 1
995.0 720.0 996.0 716.0 1004.0 716.0 1004.0 718.0 small-vehicle 1
996.0 715.0 996.0 711.0 1006.0 711.0 1006.0 714.0 small-vehicle 1
997.0 710.0 996.0 706.0 1008.0 707.0 1007.0 711.0 small-vehicle 1
999.0 700.0 998.0 695.0 1010.0 695.0 1009.0 699.0 small-vehicle 1
960.0 815.0 964.0 815.0 964.0 824.0 959.0 825.0 small-vehicle 1
962.0 799.0 966.0 798.0 965.0 811.0 960.0 811.0 small-vehicle 1
914.0 808.0 912.0 801.0 925.0 801.0 925.0 807.0 small-vehicle 1
912.0 795.0 912.0 790.0 922.0 788.0 923.0 795.0 small-vehicle 1
911.0 785.0 913.0 780.0 923.0 781.0 923.0 784.0 small-vehicle 1
912.0 775.0 911.0 771.0 923.0 770.0 923.0 775.0 small-vehicle 1
912.0 769.0 912.0 765.0 923.0 766.0 923.0 769.0 small-vehicle 1
914.0 764.0 912.0 759.0 924.0 760.0 923.0 764.0 small-vehicle 1
939.0 759.0 940.0 753.0 951.0 755.0 949.0 763.0 small-vehicle 1
941.0 749.0 941.0 743.0 951.0 745.0 951.0 750.0 small-vehicle 1
940.0 637.0 941.0 631.0 953.0 634.0 952.0 638.0 small-vehicle 1
1134.0 654.0 1137.0 657.0 1132.0 663.0 1129.0 661.0 small-vehicle 1
1053.0 441.0 1055.0 437.0 1062.0 446.0 1059.0 447.0 small-vehicle 1
1063.0 494.0 1067.0 498.0 1060.0 502.0 1057.0 499.0 small-vehicle 1
1038.0 504.0 1041.0 500.0 1046.0 508.0 1044.0 511.0 small-vehicle 1
1035.0 511.0 1040.0 507.0 1044.0 517.0 1042.0 519.0 small-vehicle 1
1034.0 517.0 1036.0 513.0 1042.0 521.0 1039.0 524.0 small-vehicle 1
1069.0 472.0 1072.0 478.0 1064.0 483.0 1061.0 481.0 small-vehicle 1
1074.0 474.0 1077.0 478.0 1072.0 483.0 1070.0 481.0 small-vehicle 1
1064.0 486.0 1066.0 490.0 1061.0 495.0 1058.0 492.0 small-vehicle 1
1066.0 500.0 1069.0 503.0 1060.0 508.0 1058.0 505.0 small-vehicle 1
1066.0 647.0 1068.0 642.0 1075.0 649.0 1072.0 653.0 small-vehicle 1
1068.0 505.0 1071.0 509.0 1062.0 514.0 1058.0 510.0 small-vehicle 1
1068.0 511.0 1070.0 517.0 1061.0 521.0 1059.0 517.0 small-vehicle 1
1063.0 522.0 1066.0 526.0 1059.0 531.0 1056.0 528.0 small-vehicle 1
1031.0 538.0 1033.0 533.0 1039.0 540.0 1036.0 544.0 small-vehicle 1
1033.0 528.0 1034.0 523.0 1040.0 529.0 1038.0 533.0 small-vehicle 1
1061.0 530.0 1062.0 536.0 1052.0 537.0 1052.0 531.0 small-vehicle 1
1040.0 498.0 1045.0 495.0 1048.0 503.0 1046.0 506.0 small-vehicle 1
1043.0 485.0 1045.0 480.0 1051.0 487.0 1049.0 490.0 small-vehicle 1
1046.0 471.0 1049.0 468.0 1055.0 474.0 1052.0 477.0 small-vehicle 1
1022.0 515.0 1026.0 516.0 1025.0 524.0 1020.0 523.0 small-vehicle 1
1023.0 501.0 1027.0 501.0 1027.0 510.0 1024.0 510.0 small-vehicle 1
1027.0 489.0 1031.0 489.0 1031.0 498.0 1027.0 498.0 small-vehicle 1
1029.0 473.0 1034.0 474.0 1032.0 484.0 1028.0 484.0 small-vehicle 1
1033.0 460.0 1037.0 461.0 1034.0 472.0 1032.0 471.0 small-vehicle 1
1036.0 447.0 1040.0 449.0 1040.0 458.0 1035.0 459.0 small-vehicle 1
973.0 475.0 973.0 470.0 982.0 471.0 983.0 476.0 small-vehicle 1
976.0 466.0 977.0 461.0 985.0 463.0 985.0 466.0 small-vehicle 1
978.0 461.0 979.0 457.0 987.0 459.0 987.0 463.0 small-vehicle 1
979.0 456.0 980.0 452.0 989.0 454.0 989.0 458.0 small-vehicle 1
1003.0 460.0 1003.0 456.0 1012.0 457.0 1012.0 461.0 small-vehicle 1
1050.0 458.0 1052.0 454.0 1058.0 462.0 1056.0 465.0 small-vehicle 1
1075.0 443.0 1078.0 448.0 1072.0 452.0 1070.0 448.0 small-vehicle 1
1076.0 435.0 1079.0 439.0 1072.0 444.0 1069.0 441.0 small-vehicle 1
1061.0 548.0 1063.0 554.0 1055.0 556.0 1051.0 552.0 small-vehicle 1
1050.0 592.0 1047.0 590.0 1054.0 583.0 1056.0 586.0 small-vehicle 1
1032.0 587.0 1029.0 590.0 1023.0 585.0 1024.0 581.0 small-vehicle 1
1052.0 599.0 1052.0 601.0 1046.0 605.0 1045.0 602.0 small-vehicle 1
1055.0 643.0 1056.0 640.0 1064.0 647.0 1061.0 649.0 small-vehicle 1
1056.0 638.0 1057.0 633.0 1065.0 640.0 1063.0 643.0 small-vehicle 1
1057.0 629.0 1059.0 624.0 1066.0 631.0 1065.0 634.0 small-vehicle 1
1060.0 623.0 1062.0 619.0 1068.0 624.0 1065.0 628.0 small-vehicle 1
1060.0 615.0 1062.0 611.0 1068.0 618.0 1066.0 620.0 small-vehicle 1
1043.0 638.0 1044.0 641.0 1038.0 647.0 1035.0 643.0 small-vehicle 1
1037.0 626.0 1039.0 629.0 1033.0 634.0 1031.0 631.0 small-vehicle 1
1045.0 629.0 1047.0 633.0 1039.0 636.0 1038.0 633.0 small-vehicle 1
1036.0 632.0 1037.0 636.0 1031.0 641.0 1029.0 637.0 small-vehicle 1
1038.0 620.0 1039.0 624.0 1031.0 630.0 1028.0 626.0 small-vehicle 1
1048.0 622.0 1049.0 625.0 1041.0 631.0 1038.0 628.0 small-vehicle 1
1048.0 614.0 1049.0 617.0 1042.0 622.0 1039.0 619.0 small-vehicle 1
1043.0 604.0 1045.0 607.0 1038.0 612.0 1036.0 607.0 small-vehicle 1
1047.0 606.0 1049.0 609.0 1043.0 613.0 1041.0 609.0 small-vehicle 1
1062.0 609.0 1063.0 605.0 1071.0 612.0 1069.0 615.0 small-vehicle 1
1031.0 595.0 1029.0 598.0 1021.0 592.0 1023.0 588.0 small-vehicle 1
1061.0 599.0 1065.0 596.0 1071.0 603.0 1070.0 606.0 small-vehicle 1
1064.0 593.0 1066.0 589.0 1072.0 596.0 1070.0 599.0 small-vehicle 1
1070.0 616.0 1072.0 613.0 1080.0 620.0 1075.0 623.0 small-vehicle 1
1073.0 605.0 1076.0 598.0 1082.0 607.0 1080.0 610.0 small-vehicle 1
1075.0 597.0 1077.0 592.0 1082.0 600.0 1080.0 604.0 small-vehicle 1
1077.0 589.0 1078.0 585.0 1085.0 592.0 1084.0 595.0 small-vehicle 1
1066.0 587.0 1068.0 583.0 1074.0 590.0 1072.0 593.0 small-vehicle 1
1042.0 599.0 1044.0 602.0 1037.0 608.0 1034.0 604.0 small-vehicle 1
1050.0 594.0 1051.0 596.0 1045.0 601.0 1043.0 598.0 small-vehicle 1
1019.0 637.0 1015.0 637.0 1012.0 631.0 1015.0 627.0 small-vehicle 1
1022.0 629.0 1018.0 631.0 1014.0 624.0 1015.0 621.0 small-vehicle 1
1023.0 624.0 1020.0 625.0 1015.0 618.0 1018.0 614.0 small-vehicle 1
1025.0 618.0 1022.0 618.0 1017.0 611.0 1020.0 608.0 small-vehicle 1
1028.0 610.0 1024.0 612.0 1018.0 604.0 1023.0 602.0 small-vehicle 1
330.0 187.0 343.0 120.0 744.0 206.0 729.0 273.0 ship 0
