imagesource:GoogleEarth
gsd:0.524086470349
725.0 638.0 715.0 621.0 740.0 609.0 750.0 624.0 plane 0
867.0 806.0 872.0 806.0 871.0 817.0 867.0 817.0 small-vehicle 1
873.0 779.0 878.0 779.0 876.0 790.0 872.0 789.0 small-vehicle 1
877.0 767.0 881.0 768.0 879.0 778.0 875.0 777.0 small-vehicle 1
880.0 749.0 884.0 749.0 884.0 759.0 880.0 759.0 small-vehicle 1
885.0 725.0 889.0 725.0 889.0 734.0 884.0 734.0 small-vehicle 1
845.0 817.0 845.0 820.0 834.0 820.0 834.0 816.0 small-vehicle 1
847.0 812.0 845.0 815.0 835.0 814.0 836.0 811.0 small-vehicle 1
865.0 718.0 865.0 724.0 855.0 723.0 855.0 718.0 small-vehicle 1
884.0 691.0 880.0 691.0 880.0 677.0 885.0 677.0 small-vehicle 1
887.0 511.0 887.0 515.0 879.0 515.0 879.0 512.0 small-vehicle 1
878.0 660.0 878.0 666.0 868.0 665.0 869.0 661.0 small-vehicle 1
136.0 626.0 167.0 470.0 798.0 611.0 764.0 756.0 ship 0
107.0 460.0 126.0 369.0 874.0 529.0 849.0 625.0 harbor 0
849.0 364.0 815.0 515.0 159.0 375.0 193.0 225.0 ship 0
