imagesource:GoogleEarth
gsd:0.131092791667
579.0 280.0 678.0 281.0 681.0 423.0 578.0 421.0 harbor 0
20.0 307.0 41.0 307.0 43.0 399.0 20.0 398.0 ship 0
477.0 775.0 476.0 753.0 515.0 755.0 514.0 775.0 small-vehicle 1
64.0 675.0 46.0 684.0 29.0 648.0 47.0 640.0 small-vehicle 0
51.0 643.0 68.0 635.0 86.0 667.0 68.0 675.0 small-vehicle 1
114.0 673.0 99.0 682.0 78.0 649.0 97.0 640.0 small-vehicle 0
10.0 555.0 27.0 559.0 16.0 597.0 1.0 592.0 small-vehicle 0
82.0 553.0 98.0 558.0 85.0 598.0 68.0 593.0 small-vehicle 0
108.0 552.0 125.0 556.0 116.0 596.0 97.0 591.0 small-vehicle 0
129.0 556.0 145.0 561.0 133.0 601.0 116.0 596.0 small-vehicle 0
300.0 561.0 317.0 567.0 306.0 602.0 290.0 597.0 small-vehicle 0
129.0 550.0 109.0 544.0 126.0 494.0 145.0 500.0 small-vehicle 1
43.0 312.0 65.0 311.0 65.0 399.0 44.0 400.0 ship 0
154.0 320.0 176.0 321.0 181.0 428.0 156.0 429.0 harbor 0
241.0 324.0 261.0 324.0 264.0 427.0 246.0 427.0 harbor 0
334.0 325.0 354.0 324.0 356.0 427.0 335.0 428.0 harbor 0
511.0 326.0 532.0 325.0 534.0 428.0 513.0 428.0 harbor 0
477.0 796.0 476.0 778.0 512.0 778.0 514.0 797.0 small-vehicle 1
66.0 321.0 88.0 320.0 90.0 428.0 66.0 429.0 harbor 0
458.0 665.0 441.0 675.0 423.0 639.0 438.0 630.0 small-vehicle 1
89.0 330.0 108.0 330.0 114.0 409.0 92.0 410.0 ship 0
369.0 676.0 353.0 686.0 326.0 642.0 342.0 632.0 small-vehicle 0
375.0 559.0 391.0 562.0 382.0 601.0 366.0 597.0 small-vehicle 0
278.0 561.0 291.0 564.0 282.0 599.0 268.0 595.0 small-vehicle 0
157.0 550.0 174.0 554.0 162.0 601.0 145.0 596.0 small-vehicle 1
54.0 555.0 72.0 559.0 61.0 598.0 44.0 595.0 small-vehicle 1
33.0 558.0 48.0 563.0 36.0 599.0 21.0 594.0 small-vehicle 0
520.0 559.0 501.0 556.0 512.0 508.0 530.0 513.0 small-vehicle 1
324.0 554.0 308.0 549.0 321.0 510.0 338.0 515.0 small-vehicle 0
732.0 776.0 682.0 775.0 689.0 559.0 737.0 561.0 ship 0
481.0 309.0 510.0 309.0 512.0 412.0 473.0 411.0 ship 0
441.0 336.0 463.0 335.0 466.0 393.0 444.0 394.0 ship 0
356.0 308.0 389.0 309.0 393.0 410.0 357.0 411.0 ship 0
259.0 310.0 295.0 308.0 304.0 412.0 266.0 412.0 ship 0
221.0 320.0 243.0 320.0 244.0 399.0 221.0 399.0 ship 0
175.0 313.0 195.0 312.0 199.0 390.0 178.0 391.0 ship 0
420.0 323.0 441.0 322.0 444.0 428.0 424.0 428.0 harbor 0
