imagesource:GoogleEarth
gsd:0.132481500919
1173.0 848.0 1164.0 834.0 1196.0 809.0 1206.0 823.0 small-vehicle 1
1157.0 1311.0 1166.0 1313.0 1160.0 1341.0 1150.0 1338.0 ship 1
956.0 248.0 948.0 238.0 971.0 218.0 978.0 228.0 small-vehicle 1
936.0 49.0 943.0 58.0 918.0 80.0 911.0 71.0 small-vehicle 1
1192.0 870.0 1180.0 860.0 1200.0 834.0 1212.0 843.0 small-vehicle 1
776.0 333.0 743.0 296.0 813.0 228.0 847.0 267.0 swimming-pool 0
788.0 1325.0 743.0 1253.0 1001.0 1091.0 1039.0 1157.0 harbor 0
653.0 1116.0 629.0 1075.0 893.0 893.0 916.0 933.0 harbor 0
478.0 861.0 436.0 807.0 718.0 608.0 759.0 662.0 harbor 0
443.0 708.0 418.0 667.0 676.0 498.0 699.0 533.0 harbor 0
472.0 513.0 435.0 452.0 613.0 351.0 644.0 410.0 harbor 0
226.0 314.0 184.0 248.0 445.0 89.0 488.0 154.0 harbor 0
