imagesource:GoogleEarth
gsd:0.266491522006
61.0 1232.0 65.0 1225.0 84.0 1235.0 80.0 1241.0 small-vehicle 1
473.0 1198.0 480.0 1185.0 499.0 1196.0 492.0 1209.0 small-vehicle 0
683.0 96.0 682.0 85.0 702.0 86.0 702.0 97.0 small-vehicle 0
579.0 103.0 579.0 93.0 601.0 95.0 600.0 105.0 small-vehicle 0
532.0 1132.0 538.0 1121.0 556.0 1132.0 551.0 1142.0 small-vehicle 0
526.0 1144.0 531.0 1134.0 551.0 1145.0 545.0 1154.0 small-vehicle 0
520.0 1154.0 525.0 1144.0 544.0 1155.0 540.0 1164.0 small-vehicle 0
514.0 1164.0 518.0 1154.0 539.0 1165.0 536.0 1174.0 small-vehicle 0
509.0 1218.0 514.0 1208.0 497.0 1198.0 491.0 1207.0 small-vehicle 0
425.0 1186.0 430.0 1174.0 448.0 1184.0 442.0 1194.0 small-vehicle 0
404.0 1125.0 399.0 1134.0 382.0 1124.0 386.0 1116.0 small-vehicle 0
463.0 1217.0 468.0 1208.0 487.0 1218.0 483.0 1228.0 small-vehicle 0
459.0 1179.0 454.0 1188.0 431.0 1179.0 435.0 1169.0 small-vehicle 0
211.0 1480.0 203.0 1470.0 224.0 1455.0 231.0 1464.0 small-vehicle 0
336.0 1315.0 347.0 1317.0 340.0 1343.0 329.0 1339.0 small-vehicle 0
365.0 1326.0 375.0 1328.0 369.0 1349.0 360.0 1346.0 small-vehicle 0
40.0 973.0 29.0 968.0 38.0 949.0 50.0 955.0 small-vehicle 0
326.0 1187.0 330.0 1179.0 348.0 1191.0 344.0 1196.0 small-vehicle 0
680.0 84.0 680.0 72.0 703.0 73.0 703.0 84.0 small-vehicle 0
816.0 80.0 815.0 89.0 794.0 86.0 795.0 76.0 small-vehicle 0
816.0 69.0 816.0 78.0 795.0 75.0 795.0 67.0 small-vehicle 0
819.0 60.0 817.0 68.0 796.0 66.0 797.0 58.0 small-vehicle 0
795.0 96.0 793.0 86.0 816.0 88.0 814.0 99.0 small-vehicle 0
855.0 134.0 857.0 123.0 878.0 127.0 876.0 139.0 small-vehicle 0
813.0 120.0 813.0 110.0 831.0 113.0 830.0 123.0 small-vehicle 0
792.0 119.0 792.0 109.0 813.0 111.0 814.0 121.0 small-vehicle 0
860.0 72.0 863.0 62.0 886.0 66.0 884.0 77.0 small-vehicle 0
862.0 92.0 862.0 82.0 885.0 85.0 882.0 95.0 small-vehicle 0
860.0 104.0 861.0 94.0 880.0 97.0 879.0 107.0 small-vehicle 0
819.0 81.0 819.0 71.0 837.0 73.0 836.0 82.0 small-vehicle 0
838.0 62.0 836.0 72.0 820.0 71.0 820.0 62.0 small-vehicle 0
822.0 59.0 823.0 49.0 843.0 51.0 842.0 62.0 small-vehicle 0
841.0 40.0 841.0 31.0 822.0 29.0 822.0 38.0 small-vehicle 0
822.0 28.0 822.0 19.0 844.0 20.0 842.0 30.0 small-vehicle 0
845.0 7.0 845.0 20.0 821.0 17.0 820.0 6.0 small-vehicle 0
821.0 27.0 820.0 38.0 800.0 37.0 800.0 27.0 small-vehicle 0
820.0 49.0 818.0 59.0 798.0 57.0 798.0 48.0 small-vehicle 0
347.0 1187.0 351.0 1179.0 373.0 1190.0 368.0 1199.0 small-vehicle 0
376.0 1133.0 380.0 1125.0 399.0 1135.0 395.0 1144.0 small-vehicle 0
812.0 139.0 812.0 131.0 831.0 132.0 831.0 142.0 small-vehicle 0
118.0 396.0 118.0 410.0 82.0 408.0 83.0 395.0 ship 0
510.0 481.0 527.0 481.0 527.0 528.0 510.0 528.0 ship 0
527.0 484.0 540.0 484.0 540.0 530.0 527.0 530.0 ship 0
545.0 486.0 559.0 486.0 559.0 533.0 545.0 533.0 ship 0
559.0 487.0 574.0 487.0 574.0 535.0 559.0 535.0 ship 0
585.0 492.0 607.0 492.0 607.0 537.0 585.0 537.0 ship 0
620.0 492.0 635.0 492.0 635.0 538.0 620.0 538.0 ship 0
115.0 410.0 114.0 422.0 79.0 420.0 79.0 409.0 ship 0
628.0 121.0 628.0 111.0 650.0 114.0 649.0 124.0 small-vehicle 0
431.0 1127.0 436.0 1118.0 453.0 1128.0 448.0 1135.0 small-vehicle 0
1610.0 69.0 1602.0 146.0 1006.0 85.0 1019.0 8.0 ship 0
436.0 1525.0 418.0 1556.0 316.0 1496.0 332.0 1468.0 ship 0
1357.0 1217.0 1355.0 1258.0 874.0 1215.0 876.0 1178.0 harbor 0
1328.0 1257.0 1323.0 1367.0 934.0 1339.0 942.0 1228.0 ship 0
1294.0 1099.0 1284.0 1211.0 901.0 1174.0 917.0 1061.0 ship 0
1610.0 921.0 1608.0 957.0 902.0 898.0 905.0 858.0 harbor 0
1640.0 604.0 1637.0 642.0 928.0 582.0 932.0 541.0 harbor 0
499.0 478.0 513.0 481.0 505.0 522.0 492.0 519.0 ship 0
482.0 473.0 499.0 477.0 488.0 520.0 474.0 517.0 ship 0
466.0 468.0 481.0 471.0 472.0 513.0 457.0 509.0 ship 0
231.0 663.0 244.0 662.0 245.0 686.0 233.0 688.0 small-vehicle 0
471.0 1150.0 463.0 1160.0 445.0 1146.0 452.0 1136.0 small-vehicle 0
481.0 1133.0 476.0 1142.0 457.0 1131.0 461.0 1121.0 small-vehicle 0
498.0 1107.0 493.0 1116.0 473.0 1106.0 478.0 1097.0 small-vehicle 0
385.0 1115.0 390.0 1108.0 409.0 1118.0 404.0 1126.0 small-vehicle 0
216.0 1141.0 221.0 1133.0 245.0 1145.0 240.0 1154.0 small-vehicle 0
192.0 1141.0 197.0 1131.0 219.0 1142.0 215.0 1152.0 small-vehicle 0
75.0 1198.0 80.0 1187.0 112.0 1199.0 107.0 1209.0 small-vehicle 0
47.0 1054.0 41.0 1063.0 21.0 1053.0 26.0 1042.0 small-vehicle 0
31.0 1079.0 26.0 1090.0 7.0 1077.0 13.0 1066.0 small-vehicle 0
27.0 1089.0 21.0 1099.0 1.0 1087.0 7.0 1077.0 small-vehicle 0
82.0 1130.0 87.0 1120.0 108.0 1133.0 103.0 1140.0 small-vehicle 0
219.0 989.0 224.0 979.0 242.0 989.0 237.0 998.0 small-vehicle 0
181.0 1015.0 186.0 1005.0 204.0 1016.0 199.0 1025.0 small-vehicle 0
173.0 1022.0 180.0 1012.0 196.0 1025.0 190.0 1034.0 small-vehicle 0
647.0 831.0 638.0 837.0 624.0 814.0 634.0 809.0 small-vehicle 0
812.0 130.0 812.0 122.0 830.0 124.0 830.0 132.0 small-vehicle 0
788.0 138.0 790.0 129.0 807.0 130.0 808.0 138.0 small-vehicle 0
825.0 5.0 826.0 1.0 843.0 0.0 842.0 6.0 small-vehicle 1
55.0 1242.0 58.0 1236.0 76.0 1246.0 72.0 1253.0 large-vehicle 0
786.0 1207.0 796.0 1208.0 792.0 1248.0 780.0 1246.0 ship 0
286.0 565.0 297.0 565.0 296.0 600.0 286.0 601.0 large-vehicle 0
649.0 494.0 659.0 495.0 659.0 534.0 646.0 534.0 ship 0
876.0 422.0 872.0 428.0 857.0 417.0 862.0 410.0 ship 0
284.0 1319.0 286.0 1312.0 303.0 1317.0 300.0 1323.0 small-vehicle 1
39.0 1273.0 44.0 1265.0 61.0 1275.0 57.0 1283.0 small-vehicle 0
44.0 1264.0 47.0 1257.0 67.0 1267.0 64.0 1274.0 small-vehicle 0
70.0 1209.0 74.0 1201.0 114.0 1218.0 110.0 1226.0 large-vehicle 0
721.0 175.0 730.0 175.0 729.0 198.0 719.0 199.0 small-vehicle 0
245.0 744.0 236.0 739.0 252.0 706.0 261.0 711.0 large-vehicle 0
793.0 260.0 805.0 260.0 803.0 285.0 792.0 285.0 small-vehicle 0
738.0 254.0 748.0 254.0 746.0 277.0 736.0 278.0 small-vehicle 0
726.0 250.0 735.0 250.0 735.0 280.0 726.0 280.0 small-vehicle 0
716.0 251.0 725.0 251.0 724.0 273.0 714.0 274.0 small-vehicle 0
692.0 250.0 704.0 250.0 704.0 273.0 694.0 273.0 small-vehicle 0
745.0 179.0 753.0 181.0 750.0 201.0 741.0 199.0 small-vehicle 0
798.0 1212.0 806.0 1213.0 803.0 1250.0 791.0 1249.0 ship 0
749.0 1255.0 753.0 1247.0 782.0 1260.0 777.0 1271.0 ship 0
732.0 1253.0 740.0 1245.0 761.0 1263.0 753.0 1273.0 ship 0
740.0 1284.0 743.0 1275.0 771.0 1286.0 767.0 1297.0 ship 0
864.0 81.0 864.0 74.0 882.0 76.0 881.0 83.0 small-vehicle 1
815.0 109.0 815.0 101.0 832.0 103.0 832.0 110.0 small-vehicle 1
699.0 1149.0 699.0 1141.0 718.0 1142.0 716.0 1151.0 small-vehicle 1
767.0 606.0 767.0 615.0 749.0 613.0 749.0 604.0 small-vehicle 1
795.0 320.0 795.0 310.0 815.0 312.0 815.0 321.0 small-vehicle 1
828.0 267.0 838.0 268.0 836.0 291.0 826.0 289.0 small-vehicle 1
680.0 113.0 680.0 105.0 698.0 105.0 698.0 114.0 small-vehicle 1
170.0 1474.0 160.0 1473.0 162.0 1454.0 173.0 1456.0 small-vehicle 1
261.0 391.0 270.0 391.0 269.0 418.0 261.0 418.0 large-vehicle 0
577.0 610.0 569.0 612.0 568.0 594.0 575.0 592.0 small-vehicle 1
629.0 638.0 622.0 641.0 616.0 625.0 622.0 622.0 small-vehicle 1
633.0 1657.0 593.0 1730.0 391.0 1616.0 430.0 1549.0 ship 0
653.0 1314.0 647.0 1325.0 565.0 1281.0 572.0 1268.0 harbor 0
397.0 1545.0 379.0 1573.0 275.0 1517.0 296.0 1486.0 harbor 0
735.0 1297.0 738.0 1289.0 765.0 1300.0 762.0 1310.0 ship 0
733.0 174.0 744.0 174.0 741.0 202.0 731.0 200.0 small-vehicle 0
707.0 173.0 717.0 172.0 716.0 198.0 707.0 197.0 small-vehicle 0
795.0 130.0 795.0 121.0 813.0 121.0 811.0 131.0 small-vehicle 0
731.0 1015.0 731.0 1003.0 755.0 1004.0 756.0 1016.0 small-vehicle 0
728.0 1027.0 728.0 1039.0 707.0 1038.0 708.0 1025.0 small-vehicle 0
730.0 1028.0 730.0 1016.0 750.0 1017.0 752.0 1029.0 small-vehicle 0
730.0 1040.0 730.0 1029.0 748.0 1032.0 748.0 1041.0 small-vehicle 0
729.0 1004.0 729.0 1017.0 710.0 1016.0 710.0 1003.0 small-vehicle 0
733.0 984.0 733.0 994.0 712.0 992.0 713.0 983.0 small-vehicle 0
734.0 970.0 733.0 983.0 715.0 981.0 714.0 969.0 small-vehicle 0
779.0 1012.0 779.0 1001.0 797.0 1002.0 798.0 1013.0 small-vehicle 0
736.0 993.0 736.0 984.0 755.0 985.0 754.0 996.0 small-vehicle 0
693.0 173.0 705.0 173.0 704.0 197.0 695.0 197.0 small-vehicle 0
738.0 971.0 739.0 959.0 759.0 963.0 757.0 974.0 small-vehicle 0
761.0 915.0 760.0 926.0 739.0 925.0 740.0 915.0 small-vehicle 0
805.0 434.0 803.0 449.0 778.0 446.0 779.0 431.0 small-vehicle 0
807.0 413.0 805.0 425.0 783.0 422.0 785.0 410.0 small-vehicle 0
788.0 399.0 788.0 388.0 809.0 391.0 808.0 401.0 small-vehicle 0
787.0 366.0 786.0 377.0 767.0 374.0 769.0 364.0 small-vehicle 0
787.0 378.0 786.0 390.0 763.0 389.0 763.0 375.0 small-vehicle 0
727.0 1051.0 726.0 1041.0 751.0 1041.0 751.0 1053.0 small-vehicle 0
775.0 1065.0 775.0 1055.0 797.0 1055.0 796.0 1065.0 small-vehicle 0
805.0 1056.0 816.0 1056.0 817.0 1076.0 805.0 1075.0 small-vehicle 0
773.0 1079.0 773.0 1067.0 794.0 1070.0 795.0 1082.0 small-vehicle 0
682.0 170.0 692.0 170.0 691.0 191.0 683.0 190.0 small-vehicle 0
702.0 1119.0 702.0 1107.0 722.0 1107.0 722.0 1119.0 small-vehicle 0
770.0 1111.0 770.0 1102.0 789.0 1102.0 788.0 1114.0 small-vehicle 0
769.0 1125.0 770.0 1112.0 790.0 1114.0 788.0 1126.0 small-vehicle 0
723.0 1108.0 723.0 1097.0 743.0 1099.0 744.0 1108.0 small-vehicle 0
722.0 1119.0 722.0 1110.0 744.0 1111.0 743.0 1121.0 small-vehicle 0
702.0 1129.0 702.0 1119.0 724.0 1120.0 722.0 1131.0 small-vehicle 0
770.0 1101.0 770.0 1091.0 791.0 1094.0 790.0 1102.0 small-vehicle 0
772.0 1091.0 772.0 1080.0 792.0 1082.0 792.0 1093.0 small-vehicle 0
722.0 1074.0 723.0 1083.0 704.0 1082.0 704.0 1073.0 small-vehicle 0
745.0 1076.0 744.0 1086.0 725.0 1085.0 726.0 1073.0 small-vehicle 0
745.0 1064.0 745.0 1076.0 723.0 1073.0 725.0 1062.0 small-vehicle 0
746.0 1054.0 744.0 1065.0 728.0 1062.0 727.0 1052.0 small-vehicle 0
726.0 1061.0 725.0 1072.0 705.0 1072.0 703.0 1059.0 small-vehicle 0
725.0 1051.0 724.0 1061.0 706.0 1058.0 707.0 1048.0 small-vehicle 0
1668.0 288.0 1665.0 325.0 959.0 264.0 961.0 224.0 harbor 0
