imagesource:GoogleEarth
gsd:0.134898875128
1280.0 453.0 1277.0 437.0 1314.0 428.0 1317.0 443.0 small-vehicle 1
1230.0 351.0 1226.0 333.0 1266.0 323.0 1269.0 341.0 small-vehicle 1
1067.0 1438.0 1078.0 1458.0 1035.0 1486.0 1024.0 1466.0 ship 0
1301.0 1857.0 1277.0 1820.0 1454.0 1701.0 1478.0 1738.0 harbor 0
1052.0 1581.0 1010.0 1508.0 1263.0 1345.0 1310.0 1421.0 harbor 0
535.0 1351.0 487.0 1277.0 891.0 1016.0 939.0 1085.0 harbor 0
552.0 877.0 530.0 824.0 821.0 707.0 847.0 764.0 harbor 0
249.0 316.0 223.0 251.0 568.0 108.0 600.0 177.0 harbor 0
