imagesource:GoogleEarth
gsd:0.134885029441
1235.0 1506.0 1226.0 1514.0 1199.0 1489.0 1208.0 1479.0 ship 0
707.0 1188.0 691.0 1187.0 689.0 1155.0 705.0 1155.0 ship 0
870.0 905.0 874.0 890.0 1383.0 975.0 1382.0 989.0 harbor 0
1073.0 1024.0 1083.0 987.0 1385.0 1035.0 1380.0 1070.0 harbor 0
617.0 1211.0 663.0 1137.0 1011.0 1300.0 968.0 1378.0 harbor 0
413.0 1343.0 461.0 1276.0 756.0 1495.0 705.0 1567.0 harbor 0
145.0 1431.0 237.0 1408.0 371.0 1918.0 272.0 1940.0 harbor 0
1031.0 340.0 1047.0 299.0 1256.0 369.0 1241.0 407.0 harbor 0
492.0 1767.0 512.0 1758.0 577.0 1940.0 558.0 1949.0 harbor 0
138.0 1504.0 131.0 1473.0 225.0 1453.0 231.0 1484.0 ship 0
168.0 1579.0 160.0 1551.0 243.0 1525.0 253.0 1553.0 ship 0
169.0 1610.0 164.0 1581.0 252.0 1560.0 259.0 1588.0 ship 0
177.0 1640.0 171.0 1612.0 260.0 1589.0 266.0 1621.0 ship 0
207.0 1666.0 202.0 1641.0 268.0 1627.0 272.0 1652.0 ship 0
276.0 1648.0 285.0 1675.0 207.0 1696.0 199.0 1671.0 ship 0
218.0 1715.0 218.0 1695.0 285.0 1687.0 286.0 1709.0 ship 0
222.0 1753.0 212.0 1724.0 281.0 1703.0 291.0 1731.0 ship 0
249.0 1839.0 242.0 1810.0 316.0 1795.0 323.0 1823.0 ship 0
320.0 1833.0 328.0 1854.0 256.0 1877.0 249.0 1854.0 ship 0
433.0 1872.0 434.0 1894.0 368.0 1899.0 365.0 1876.0 ship 0
482.0 1784.0 504.0 1779.0 517.0 1825.0 492.0 1831.0 ship 0
397.0 1735.0 405.0 1757.0 344.0 1780.0 335.0 1756.0 ship 0
414.0 1699.0 419.0 1725.0 324.0 1744.0 318.0 1714.0 ship 0
369.0 1648.0 372.0 1669.0 311.0 1678.0 306.0 1654.0 ship 0
366.0 1572.0 371.0 1602.0 293.0 1614.0 287.0 1584.0 ship 0
356.0 1499.0 360.0 1528.0 271.0 1540.0 268.0 1511.0 ship 0
1079.0 1036.0 1053.0 1036.0 1051.0 977.0 1079.0 976.0 ship 0
940.0 880.0 934.0 900.0 876.0 889.0 879.0 870.0 ship 0
1127.0 788.0 1127.0 768.0 1190.0 773.0 1189.0 794.0 ship 0
1115.0 838.0 1120.0 790.0 1299.0 807.0 1297.0 856.0 harbor 0
