imagesource:GoogleEarth
gsd:0.12780735703
2313.0 243.0 2299.0 237.0 2312.0 203.0 2326.0 208.0 small-vehicle 1
1602.0 153.0 1620.0 157.0 1611.0 194.0 1594.0 191.0 small-vehicle 0
1545.0 81.0 1567.0 86.0 1554.0 136.0 1534.0 131.0 small-vehicle 0
1580.0 136.0 1561.0 130.0 1570.0 96.0 1588.0 102.0 small-vehicle 0
1647.0 162.0 1623.0 157.0 1637.0 109.0 1660.0 116.0 small-vehicle 0
1671.0 167.0 1653.0 161.0 1661.0 118.0 1680.0 123.0 small-vehicle 0
1615.0 103.0 1635.0 108.0 1622.0 154.0 1602.0 147.0 small-vehicle 0
1601.0 47.0 1579.0 41.0 1592.0 1.0 1612.0 8.0 small-vehicle 0
1497.0 166.0 1474.0 160.0 1485.0 118.0 1508.0 124.0 small-vehicle 0
1545.0 174.0 1523.0 168.0 1529.0 131.0 1552.0 137.0 small-vehicle 0
1556.0 137.0 1574.0 142.0 1565.0 179.0 1547.0 174.0 small-vehicle 0
1589.0 193.0 1569.0 187.0 1580.0 147.0 1600.0 153.0 small-vehicle 0
1648.0 169.0 1669.0 174.0 1658.0 206.0 1640.0 201.0 small-vehicle 0
1461.0 112.0 1442.0 107.0 1453.0 65.0 1472.0 70.0 small-vehicle 0
1418.0 199.0 1438.0 204.0 1428.0 249.0 1408.0 244.0 small-vehicle 0
1467.0 211.0 1488.0 215.0 1477.0 261.0 1456.0 255.0 small-vehicle 0
1489.0 218.0 1510.0 223.0 1495.0 267.0 1478.0 263.0 small-vehicle 0
1513.0 230.0 1533.0 235.0 1518.0 277.0 1499.0 272.0 small-vehicle 0
1532.0 236.0 1553.0 241.0 1541.0 281.0 1523.0 276.0 small-vehicle 0
1557.0 241.0 1575.0 248.0 1564.0 287.0 1546.0 281.0 small-vehicle 0
1848.0 211.0 1829.0 206.0 1839.0 161.0 1859.0 167.0 small-vehicle 0
1791.0 247.0 1771.0 239.0 1783.0 193.0 1804.0 198.0 small-vehicle 0
1861.0 260.0 1842.0 254.0 1852.0 217.0 1872.0 221.0 small-vehicle 0
1814.0 255.0 1793.0 249.0 1805.0 205.0 1825.0 211.0 small-vehicle 0
1507.0 122.0 1487.0 118.0 1494.0 79.0 1513.0 83.0 small-vehicle 0
1440.0 108.0 1421.0 104.0 1430.0 65.0 1448.0 69.0 small-vehicle 0
2001.0 397.0 1978.0 391.0 1988.0 351.0 2011.0 357.0 small-vehicle 0
601.0 639.0 619.0 642.0 605.0 686.0 588.0 682.0 ship 0
1017.0 1356.0 930.0 1337.0 1185.0 351.0 1264.0 374.0 harbor 0
1658.0 1520.0 1583.0 1502.0 1835.0 507.0 1910.0 531.0 harbor 0
2304.0 1680.0 2224.0 1665.0 2476.0 680.0 2555.0 700.0 harbor 0
604.0 356.0 696.0 387.0 583.0 821.0 490.0 795.0 ship 0
336.0 981.0 238.0 959.0 360.0 425.0 467.0 451.0 ship 0
1174.0 1269.0 1061.0 1250.0 1188.0 718.0 1303.0 747.0 ship 0
1858.0 1292.0 1748.0 1263.0 1879.0 744.0 1987.0 770.0 ship 0
2223.0 1652.0 2147.0 1631.0 2246.0 1220.0 2331.0 1238.0 ship 0
596.0 530.0 623.0 536.0 600.0 605.0 574.0 599.0 ship 0
577.0 611.0 602.0 616.0 583.0 683.0 555.0 676.0 ship 0
563.0 686.0 593.0 694.0 573.0 760.0 545.0 753.0 ship 0
1338.0 129.0 1316.0 126.0 1326.0 70.0 1348.0 73.0 small-vehicle 0
529.0 683.0 558.0 691.0 542.0 757.0 513.0 750.0 ship 0
679.0 10.0 703.0 15.0 690.0 62.0 668.0 56.0 small-vehicle 0
921.0 80.0 945.0 85.0 933.0 126.0 910.0 122.0 small-vehicle 0
1007.0 97.0 1028.0 104.0 1018.0 143.0 997.0 138.0 small-vehicle 0
1058.0 158.0 1037.0 153.0 1049.0 104.0 1070.0 110.0 small-vehicle 0
1060.0 199.0 1066.0 179.0 1111.0 192.0 1106.0 210.0 small-vehicle 0
1298.0 775.0 1321.0 778.0 1308.0 836.0 1284.0 833.0 ship 0
1284.0 827.0 1266.0 824.0 1276.0 773.0 1295.0 776.0 ship 0
1301.0 71.0 1282.0 64.0 1293.0 27.0 1313.0 33.0 small-vehicle 0
1372.0 91.0 1351.0 84.0 1363.0 44.0 1382.0 51.0 small-vehicle 0
1883.0 271.0 1863.0 266.0 1875.0 222.0 1894.0 227.0 small-vehicle 0
1891.0 222.0 1872.0 216.0 1884.0 172.0 1903.0 177.0 small-vehicle 0
1914.0 227.0 1898.0 223.0 1909.0 185.0 1926.0 190.0 small-vehicle 0
2729.0 344.0 2707.0 337.0 2721.0 290.0 2740.0 294.0 small-vehicle 0
2334.0 437.0 2358.0 440.0 2346.0 485.0 2325.0 483.0 small-vehicle 0
2359.0 443.0 2380.0 448.0 2367.0 491.0 2349.0 485.0 small-vehicle 0
2428.0 463.0 2448.0 468.0 2438.0 508.0 2417.0 505.0 small-vehicle 0
2485.0 423.0 2464.0 416.0 2475.0 368.0 2498.0 373.0 small-vehicle 0
2509.0 428.0 2487.0 423.0 2497.0 379.0 2518.0 386.0 small-vehicle 0
2473.0 372.0 2453.0 366.0 2463.0 324.0 2484.0 328.0 small-vehicle 0
2316.0 355.0 2296.0 350.0 2307.0 311.0 2325.0 316.0 small-vehicle 0
2294.0 345.0 2278.0 341.0 2289.0 307.0 2304.0 312.0 small-vehicle 0
2512.0 240.0 2536.0 244.0 2519.0 291.0 2500.0 285.0 small-vehicle 0
2215.0 223.0 2239.0 226.0 2226.0 271.0 2205.0 267.0 small-vehicle 0
2634.0 415.0 2610.0 410.0 2625.0 369.0 2646.0 376.0 small-vehicle 0
1942.0 236.0 1919.0 231.0 1930.0 181.0 1951.0 187.0 small-vehicle 0
2666.0 574.0 2642.0 565.0 2658.0 513.0 2683.0 520.0 small-vehicle 0
437.0 20.0 441.0 6.0 479.0 16.0 476.0 31.0 small-vehicle 1
564.0 586.0 576.0 590.0 565.0 630.0 554.0 626.0 ship 0
551.0 580.0 563.0 585.0 553.0 625.0 542.0 621.0 ship 0
578.0 581.0 569.0 580.0 576.0 541.0 587.0 543.0 ship 0
570.0 579.0 557.0 577.0 562.0 539.0 574.0 542.0 ship 0
2528.0 894.0 2597.0 916.0 2511.0 1161.0 2439.0 1133.0 ship 0
2137.0 240.0 2154.0 244.0 2147.0 283.0 2129.0 280.0 small-vehicle 0
2173.0 396.0 2191.0 399.0 2186.0 437.0 2167.0 435.0 small-vehicle 0
1670.0 310.0 1651.0 304.0 1662.0 260.0 1681.0 265.0 small-vehicle 0
2288.0 429.0 2309.0 434.0 2298.0 477.0 2281.0 472.0 small-vehicle 0
2216.0 408.0 2238.0 414.0 2228.0 451.0 2206.0 446.0 small-vehicle 0
2128.0 380.0 2149.0 384.0 2136.0 433.0 2116.0 428.0 small-vehicle 0
2100.0 383.0 2121.0 387.0 2111.0 423.0 2092.0 419.0 small-vehicle 0
1965.0 240.0 1946.0 235.0 1955.0 192.0 1973.0 196.0 small-vehicle 0
1985.0 245.0 1969.0 240.0 1978.0 206.0 1994.0 209.0 small-vehicle 0
2010.0 257.0 1991.0 252.0 1999.0 208.0 2016.0 213.0 small-vehicle 0
1906.0 273.0 1887.0 269.0 1896.0 227.0 1915.0 231.0 small-vehicle 0
1929.0 279.0 1911.0 273.0 1921.0 243.0 1938.0 248.0 small-vehicle 0
1977.0 293.0 1957.0 288.0 1968.0 251.0 1987.0 257.0 small-vehicle 0
1996.0 299.0 1980.0 295.0 1991.0 258.0 2008.0 263.0 small-vehicle 0
1902.0 380.0 1884.0 375.0 1893.0 332.0 1912.0 336.0 small-vehicle 0
1947.0 389.0 1926.0 385.0 1940.0 334.0 1960.0 339.0 small-vehicle 0
1964.0 350.0 1984.0 353.0 1974.0 393.0 1955.0 387.0 small-vehicle 0
2015.0 354.0 2034.0 360.0 2022.0 407.0 2001.0 403.0 small-vehicle 0
2101.0 183.0 2082.0 179.0 2093.0 131.0 2110.0 135.0 small-vehicle 0
2138.0 139.0 2160.0 143.0 2147.0 186.0 2128.0 181.0 small-vehicle 0
2090.0 234.0 2111.0 238.0 2100.0 278.0 2080.0 273.0 small-vehicle 0
2043.0 222.0 2066.0 227.0 2055.0 267.0 2032.0 260.0 small-vehicle 0
2043.0 318.0 2021.0 311.0 2036.0 264.0 2055.0 271.0 small-vehicle 0
2066.0 318.0 2048.0 312.0 2059.0 265.0 2079.0 270.0 small-vehicle 0
2082.0 277.0 2101.0 282.0 2089.0 324.0 2071.0 319.0 small-vehicle 0
2112.0 327.0 2092.0 320.0 2104.0 278.0 2124.0 284.0 small-vehicle 0
2126.0 286.0 2146.0 291.0 2138.0 330.0 2118.0 325.0 small-vehicle 0
2076.0 378.0 2097.0 383.0 2087.0 421.0 2067.0 417.0 small-vehicle 0
373.0 1189.0 292.0 1170.0 545.0 184.0 622.0 206.0 harbor 0
