imagesource:GoogleEarth
gsd:0.123886837688
2357.0 178.0 2354.0 164.0 2379.0 158.0 2383.0 173.0 ship 0
625.0 825.0 609.0 833.0 576.0 758.0 590.0 751.0 harbor 0
1891.0 273.0 1885.0 222.0 1993.0 205.0 1998.0 255.0 swimming-pool 0
1695.0 283.0 1682.0 248.0 1757.0 221.0 1768.0 261.0 swimming-pool 0
1332.0 304.0 1329.0 252.0 1427.0 243.0 1432.0 292.0 swimming-pool 0
1122.0 273.0 1113.0 215.0 1220.0 194.0 1231.0 251.0 swimming-pool 0
889.0 391.0 864.0 332.0 954.0 299.0 981.0 356.0 swimming-pool 0
484.0 608.0 460.0 574.0 538.0 515.0 565.0 551.0 swimming-pool 0
280.0 746.0 259.0 711.0 333.0 666.0 357.0 702.0 swimming-pool 0
65.0 901.0 33.0 842.0 115.0 789.0 150.0 851.0 swimming-pool 0
1102.0 713.0 1036.0 737.0 978.0 562.0 1050.0 542.0 harbor 0
3126.0 218.0 3088.0 214.0 3100.0 58.0 3137.0 60.0 harbor 0
182.0 552.0 164.0 562.0 147.0 530.0 164.0 520.0 small-vehicle 0
2910.0 321.0 2883.0 329.0 2841.0 128.0 2873.0 124.0 harbor 0
2664.0 361.0 2601.0 391.0 2529.0 206.0 2594.0 182.0 harbor 0
2568.0 463.0 2503.0 497.0 2416.0 297.0 2477.0 265.0 harbor 0
2184.0 746.0 2120.0 758.0 2053.0 410.0 2109.0 393.0 harbor 0
1706.0 721.0 1579.0 727.0 1566.0 427.0 1695.0 422.0 harbor 0
1449.0 643.0 1405.0 660.0 1349.0 458.0 1399.0 443.0 harbor 0
1252.0 703.0 1208.0 712.0 1148.0 476.0 1198.0 462.0 harbor 0
871.0 706.0 813.0 728.0 760.0 610.0 813.0 584.0 harbor 0
507.0 968.0 447.0 1001.0 358.0 856.0 417.0 818.0 harbor 0
122.0 104.0 142.0 90.0 162.0 125.0 142.0 136.0 small-vehicle 0
33.0 576.0 16.0 585.0 1.0 549.0 15.0 540.0 small-vehicle 0
1003.0 452.0 1015.0 446.0 1027.0 470.0 1017.0 477.0 ship 0
2836.0 185.0 2860.0 179.0 2870.0 236.0 2847.0 241.0 ship 0
206.0 527.0 195.0 534.0 176.0 501.0 185.0 493.0 small-vehicle 1
348.0 179.0 357.0 173.0 375.0 198.0 364.0 207.0 small-vehicle 1
687.0 86.0 661.0 96.0 640.0 46.0 665.0 32.0 large-vehicle 0
700.0 55.0 683.0 63.0 669.0 28.0 689.0 21.0 small-vehicle 0
694.0 104.0 712.0 96.0 732.0 144.0 715.0 152.0 small-vehicle 0
663.0 106.0 682.0 95.0 699.0 133.0 682.0 141.0 small-vehicle 0
667.0 161.0 689.0 149.0 708.0 192.0 687.0 200.0 small-vehicle 0
648.0 181.0 669.0 171.0 684.0 208.0 665.0 218.0 small-vehicle 0
1967.0 10.0 1969.0 29.0 1921.0 31.0 1920.0 12.0 small-vehicle 0
2595.0 321.0 2623.0 309.0 2648.0 365.0 2623.0 376.0 ship 0
461.0 375.0 475.0 363.0 497.0 395.0 485.0 406.0 small-vehicle 0
2137.0 706.0 2162.0 701.0 2172.0 754.0 2146.0 758.0 ship 0
1342.0 524.0 1366.0 515.0 1385.0 578.0 1362.0 585.0 ship 0
1219.0 538.0 1247.0 529.0 1260.0 592.0 1231.0 599.0 ship 0
1057.0 557.0 1083.0 548.0 1106.0 633.0 1082.0 639.0 ship 0
567.0 795.0 590.0 785.0 610.0 828.0 587.0 839.0 ship 0
368.0 926.0 401.0 909.0 441.0 992.0 408.0 1008.0 ship 0
242.0 1110.0 270.0 1090.0 304.0 1138.0 281.0 1157.0 ship 0
151.0 1163.0 173.0 1147.0 206.0 1199.0 183.0 1214.0 ship 0
1.0 1232.0 19.0 1220.0 48.0 1263.0 28.0 1280.0 ship 0
305.0 1133.0 212.0 1205.0 103.0 1066.0 202.0 993.0 harbor 0
