imagesource:GoogleEarth
gsd:0.125235541358
104.0 1314.0 109.0 1320.0 99.0 1332.0 93.0 1325.0 small-vehicle 1
1112.0 949.0 1130.0 897.0 1218.0 927.0 1197.0 981.0 swimming-pool 0
552.0 201.0 675.0 232.0 601.0 548.0 460.0 510.0 harbor 0
934.0 343.0 982.0 348.0 935.0 677.0 883.0 669.0 harbor 0
1648.0 404.0 1684.0 426.0 1491.0 764.0 1451.0 737.0 harbor 0
2060.0 575.0 2105.0 620.0 2017.0 730.0 1970.0 683.0 harbor 0
2150.0 695.0 2180.0 705.0 2083.0 1040.0 2048.0 1028.0 harbor 0
2378.0 739.0 2426.0 750.0 2351.0 1133.0 2295.0 1121.0 harbor 0
1139.0 318.0 1250.0 324.0 1227.0 697.0 1107.0 688.0 harbor 0
210.0 811.0 248.0 757.0 348.0 823.0 301.0 878.0 swimming-pool 0
537.0 997.0 601.0 920.0 644.0 949.0 580.0 1031.0 swimming-pool 0
872.0 940.0 909.0 959.0 870.0 1036.0 831.0 1017.0 swimming-pool 0
1671.0 1165.0 1694.0 1111.0 1776.0 1142.0 1752.0 1198.0 swimming-pool 0
112.0 1321.0 118.0 1325.0 106.0 1339.0 101.0 1332.0 small-vehicle 1
559.0 1363.0 574.0 1349.0 598.0 1380.0 582.0 1394.0 small-vehicle 0
2132.0 752.0 2099.0 744.0 2119.0 674.0 2149.0 682.0 ship 0
2027.0 755.0 2009.0 736.0 2042.0 695.0 2064.0 714.0 ship 0
1189.0 301.0 1236.0 308.0 1209.0 422.0 1162.0 414.0 ship 0
1139.0 488.0 1099.0 484.0 1107.0 402.0 1151.0 406.0 ship 0
1169.0 549.0 1167.0 579.0 1107.0 570.0 1109.0 542.0 ship 0
909.0 503.0 881.0 498.0 894.0 421.0 922.0 426.0 ship 0
1162.0 476.0 1179.0 477.0 1175.0 508.0 1160.0 508.0 ship 0
1154.0 577.0 1167.0 577.0 1170.0 605.0 1155.0 606.0 ship 0
1224.0 521.0 1249.0 525.0 1242.0 570.0 1215.0 566.0 ship 0
387.0 179.0 453.0 211.0 320.0 494.0 254.0 455.0 harbor 0
