imagesource:GoogleEarth
gsd:0.129456057418
2032.0 697.0 2040.0 714.0 2008.0 729.0 2000.0 715.0 small-vehicle 1
1529.0 581.0 1563.0 546.0 1623.0 598.0 1589.0 632.0 swimming-pool 0
355.0 499.0 312.0 487.0 362.0 257.0 408.0 265.0 harbor 0
791.0 1012.0 722.0 962.0 1002.0 580.0 1062.0 622.0 harbor 0
1173.0 1223.0 1100.0 1168.0 1463.0 717.0 1535.0 784.0 harbor 0
1157.0 902.0 1068.0 847.0 1220.0 616.0 1301.0 674.0 harbor 0
1322.0 1322.0 1258.0 1272.0 1594.0 870.0 1659.0 918.0 harbor 0
1554.0 1492.0 1506.0 1456.0 1826.0 1085.0 1865.0 1119.0 harbor 0
468.0 44.0 482.0 1.0 570.0 19.0 560.0 64.0 swimming-pool 0
806.0 460.0 802.0 483.0 727.0 465.0 736.0 440.0 ship 0
1095.0 812.0 1117.0 822.0 1096.0 863.0 1074.0 853.0 ship 0
1308.0 1231.0 1327.0 1247.0 1286.0 1292.0 1270.0 1277.0 ship 0
311.0 175.0 323.0 178.0 316.0 213.0 303.0 212.0 ship 0
1995.0 818.0 1985.0 799.0 2024.0 778.0 2036.0 799.0 small-vehicle 1
2005.0 864.0 2010.0 848.0 2048.0 857.0 2044.0 873.0 small-vehicle 1
2029.0 964.0 2018.0 959.0 2028.0 932.0 2039.0 939.0 small-vehicle 1
797.0 435.0 790.0 455.0 751.0 443.0 758.0 422.0 ship 1
782.0 429.0 763.0 422.0 789.0 351.0 810.0 357.0 harbor 0
1546.0 1420.0 1562.0 1432.0 1536.0 1467.0 1519.0 1454.0 ship 1
164.0 450.0 114.0 445.0 163.0 187.0 211.0 194.0 harbor 0
