imagesource:GoogleEarth
gsd:0.133255031127
410.0 1009.0 386.0 1011.0 379.0 956.0 405.0 952.0 ship 0
1628.0 109.0 1607.0 61.0 1697.0 25.0 1718.0 74.0 swimming-pool 0
760.0 784.0 722.0 797.0 702.0 736.0 741.0 723.0 harbor 0
1024.0 711.0 947.0 749.0 890.0 614.0 976.0 583.0 harbor 0
1215.0 615.0 1182.0 631.0 1151.0 550.0 1184.0 539.0 harbor 0
1439.0 592.0 1414.0 590.0 1426.0 434.0 1450.0 435.0 harbor 0
938.0 1642.0 944.0 1605.0 1093.0 1618.0 1088.0 1656.0 harbor 0
378.0 1774.0 363.0 1832.0 123.0 1772.0 140.0 1715.0 harbor 0
530.0 1306.0 492.0 1445.0 245.0 1374.0 280.0 1244.0 harbor 0
1748.0 426.0 1718.0 440.0 1641.0 251.0 1669.0 238.0 harbor 0
200.0 574.0 224.0 541.0 300.0 595.0 271.0 625.0 swimming-pool 0
1703.0 432.0 1724.0 425.0 1741.0 473.0 1721.0 483.0 ship 0
454.0 1328.0 459.0 1303.0 526.0 1319.0 519.0 1345.0 ship 0
1023.0 1585.0 1020.0 1610.0 938.0 1603.0 940.0 1578.0 ship 0
989.0 1645.0 987.0 1666.0 937.0 1663.0 937.0 1642.0 ship 0
900.0 703.0 925.0 695.0 943.0 742.0 916.0 750.0 ship 0
1136.0 588.0 1163.0 577.0 1181.0 631.0 1157.0 640.0 ship 0
649.0 229.0 659.0 210.0 692.0 230.0 681.0 249.0 small-vehicle 0
1484.0 53.0 1475.0 70.0 1439.0 48.0 1448.0 32.0 small-vehicle 0
1438.0 74.0 1453.0 65.0 1475.0 99.0 1461.0 109.0 small-vehicle 0
418.0 1005.0 294.0 1018.0 281.0 821.0 398.0 810.0 harbor 0
