imagesource:GoogleEarth
gsd:0.132952341737
1648.0 1937.0 1657.0 1934.0 1661.0 1966.0 1652.0 1967.0 ship 1
261.0 2728.0 244.0 2730.0 240.0 2686.0 258.0 2683.0 small-vehicle 0
349.0 2629.0 344.0 2644.0 308.0 2634.0 314.0 2618.0 small-vehicle 0
358.0 2609.0 353.0 2628.0 313.0 2616.0 320.0 2597.0 small-vehicle 0
316.0 2541.0 295.0 2534.0 302.0 2496.0 323.0 2499.0 small-vehicle 0
428.0 2367.0 426.0 2347.0 471.0 2347.0 471.0 2366.0 small-vehicle 0
542.0 2272.0 541.0 2256.0 577.0 2253.0 578.0 2269.0 small-vehicle 0
538.0 2253.0 536.0 2233.0 577.0 2224.0 582.0 2243.0 small-vehicle 0
451.0 2018.0 460.0 2037.0 419.0 2056.0 412.0 2038.0 small-vehicle 0
2813.0 2861.0 2912.0 2890.0 2806.0 3209.0 2712.0 3175.0 harbor 0
2812.0 2121.0 2777.0 2071.0 3145.0 1824.0 3175.0 1864.0 harbor 0
2718.0 1974.0 2681.0 1930.0 2996.0 1714.0 3026.0 1754.0 harbor 0
2606.0 1844.0 2560.0 1785.0 2893.0 1540.0 2935.0 1593.0 harbor 0
2491.0 1598.0 2459.0 1546.0 2850.0 1281.0 2882.0 1327.0 harbor 0
1732.0 2210.0 1747.0 2281.0 1022.0 2404.0 1014.0 2330.0 harbor 0
101.0 3040.0 21.0 2985.0 49.0 2947.0 132.0 3004.0 swimming-pool 0
2473.0 1403.0 2424.0 1333.0 2784.0 1086.0 2833.0 1152.0 harbor 0
2183.0 1303.0 2132.0 1220.0 2600.0 902.0 2655.0 980.0 harbor 0
1950.0 1925.0 2007.0 1969.0 1895.0 2139.0 1835.0 2094.0 harbor 0
1090.0 702.0 1134.0 742.0 1025.0 874.0 984.0 832.0 harbor 0
896.0 346.0 960.0 389.0 541.0 1022.0 484.0 975.0 harbor 0
291.0 2719.0 276.0 2725.0 261.0 2693.0 277.0 2686.0 small-vehicle 0
242.0 2734.0 230.0 2735.0 224.0 2699.0 236.0 2696.0 small-vehicle 0
461.0 13.0 480.0 1.0 537.0 42.0 513.0 62.0 ship 1
55.0 2702.0 48.0 2684.0 81.0 2670.0 89.0 2687.0 small-vehicle 0
2545.0 1570.0 2550.0 1579.0 2527.0 1597.0 2523.0 1588.0 ship 1
2551.0 1582.0 2556.0 1589.0 2531.0 1606.0 2527.0 1599.0 ship 1
186.0 1817.0 196.0 1827.0 165.0 1857.0 155.0 1846.0 small-vehicle 1
2832.0 2909.0 2815.0 2905.0 2822.0 2866.0 2840.0 2871.0 ship 0
3078.0 1665.0 3087.0 1675.0 3060.0 1699.0 3051.0 1690.0 ship 0
2981.0 560.0 2991.0 574.0 2949.0 611.0 2936.0 595.0 ship 0
3267.0 974.0 3258.0 989.0 3224.0 962.0 3234.0 949.0 ship 0
3246.0 996.0 3239.0 1009.0 3197.0 981.0 3204.0 968.0 ship 0
822.0 2318.0 822.0 2298.0 863.0 2299.0 865.0 2320.0 ship 0
50.0 2130.0 37.0 2126.0 46.0 2092.0 60.0 2094.0 small-vehicle 0
3205.0 523.0 3186.0 536.0 3162.0 502.0 3181.0 489.0 small-vehicle 0
3123.0 490.0 3109.0 474.0 3147.0 449.0 3157.0 464.0 small-vehicle 0
2479.0 1314.0 2490.0 1332.0 2452.0 1358.0 2439.0 1340.0 ship 0
2565.0 1587.0 2572.0 1601.0 2541.0 1622.0 2529.0 1607.0 ship 0
2190.0 1195.0 2204.0 1216.0 2160.0 1246.0 2147.0 1226.0 ship 0
1728.0 2292.0 1705.0 2286.0 1717.0 2243.0 1741.0 2249.0 ship 0
1095.0 706.0 1111.0 689.0 1149.0 724.0 1133.0 743.0 ship 0
1139.0 751.0 1156.0 766.0 1125.0 806.0 1107.0 790.0 ship 0
62.0 2721.0 55.0 2708.0 86.0 2692.0 93.0 2706.0 small-vehicle 0
480.0 39.0 523.0 80.0 281.0 326.0 241.0 287.0 harbor 0
