imagesource:GoogleEarth
gsd:0.12650027308
4212.0 2271.0 4208.0 2254.0 4245.0 2247.0 4248.0 2264.0 small-vehicle 1
2614.0 2131.0 2620.0 2148.0 2583.0 2160.0 2576.0 2146.0 small-vehicle 0
2648.0 2096.0 2653.0 2111.0 2620.0 2125.0 2614.0 2109.0 small-vehicle 0
2501.0 1988.0 2491.0 1972.0 2515.0 1952.0 2527.0 1967.0 small-vehicle 0
2271.0 1925.0 2260.0 1911.0 2291.0 1888.0 2301.0 1902.0 small-vehicle 0
2625.0 1739.0 2642.0 1739.0 2638.0 1779.0 2624.0 1778.0 small-vehicle 0
2405.0 1094.0 2376.0 1106.0 2357.0 1048.0 2382.0 1039.0 ship 0
2902.0 679.0 2879.0 686.0 2859.0 642.0 2885.0 632.0 ship 0
2577.0 610.0 2547.0 619.0 2526.0 547.0 2554.0 539.0 ship 0
2185.0 1137.0 2159.0 1148.0 2139.0 1096.0 2164.0 1086.0 ship 0
1984.0 2209.0 1964.0 2195.0 1992.0 2162.0 2009.0 2175.0 small-vehicle 0
1983.0 2715.0 1996.0 2704.0 2017.0 2731.0 2005.0 2741.0 small-vehicle 0
1487.0 2646.0 1509.0 2642.0 1516.0 2689.0 1495.0 2692.0 small-vehicle 0
1171.0 1605.0 1151.0 1615.0 1125.0 1566.0 1146.0 1555.0 ship 0
3993.0 408.0 4085.0 388.0 4212.0 893.0 4115.0 913.0 harbor 0
3754.0 513.0 3837.0 492.0 3950.0 924.0 3860.0 946.0 harbor 0
3068.0 838.0 3188.0 793.0 3266.0 1031.0 3156.0 1072.0 harbor 0
2777.0 672.0 2895.0 631.0 3046.0 1079.0 2932.0 1119.0 harbor 0
2477.0 557.0 2573.0 526.0 2802.0 1180.0 2713.0 1211.0 harbor 0
2340.0 1047.0 2451.0 1000.0 2578.0 1313.0 2479.0 1359.0 harbor 0
1821.0 935.0 1860.0 917.0 2103.0 1472.0 2060.0 1493.0 harbor 0
2163.0 1078.0 2227.0 1052.0 2377.0 1402.0 2315.0 1427.0 harbor 0
1511.0 1067.0 1579.0 1024.0 1903.0 1556.0 1838.0 1593.0 harbor 0
1143.0 1548.0 1168.0 1535.0 1299.0 1780.0 1271.0 1796.0 harbor 0
782.0 1941.0 824.0 1927.0 966.0 2346.0 924.0 2362.0 harbor 0
2657.0 2119.0 2663.0 2137.0 2627.0 2150.0 2620.0 2136.0 small-vehicle 0
2402.0 2388.0 2396.0 2374.0 2435.0 2358.0 2442.0 2372.0 small-vehicle 0
1944.0 1851.0 1915.0 1815.0 1980.0 1762.0 2011.0 1799.0 swimming-pool 0
2581.0 2468.0 2573.0 2483.0 2539.0 2467.0 2545.0 2453.0 small-vehicle 0
1542.0 2481.0 1603.0 2449.0 1662.0 2544.0 1601.0 2580.0 swimming-pool 0
4004.0 2536.0 3999.0 2521.0 4041.0 2507.0 4047.0 2522.0 small-vehicle 1
2424.0 2469.0 2419.0 2452.0 2468.0 2437.0 2474.0 2451.0 small-vehicle 1
4015.0 1807.0 4032.0 1800.0 4045.0 1835.0 4029.0 1841.0 small-vehicle 1
3986.0 1822.0 4009.0 1813.0 4029.0 1864.0 4006.0 1873.0 small-vehicle 1
2067.0 2734.0 2082.0 2723.0 2104.0 2755.0 2089.0 2767.0 ship 0
607.0 2665.0 610.0 2654.0 630.0 2661.0 627.0 2672.0 ship 0
619.0 2683.0 610.0 2692.0 586.0 2668.0 597.0 2658.0 ship 0
4153.0 1331.0 4150.0 1313.0 4187.0 1307.0 4189.0 1326.0 small-vehicle 0
4044.0 1288.0 4065.0 1280.0 4077.0 1314.0 4055.0 1321.0 small-vehicle 0
4081.0 1272.0 4101.0 1263.0 4112.0 1297.0 4094.0 1304.0 small-vehicle 0
3973.0 2436.0 3967.0 2418.0 4009.0 2405.0 4014.0 2422.0 small-vehicle 0
4107.0 2770.0 4115.0 2790.0 4078.0 2802.0 4071.0 2784.0 small-vehicle 0
4108.0 2743.0 4114.0 2759.0 4078.0 2774.0 4071.0 2758.0 small-vehicle 0
3510.0 2580.0 3508.0 2564.0 3543.0 2555.0 3546.0 2571.0 small-vehicle 0
3496.0 2507.0 3512.0 2491.0 3540.0 2519.0 3524.0 2534.0 small-vehicle 0
3838.0 568.0 3814.0 573.0 3805.0 526.0 3827.0 520.0 ship 0
3203.0 895.0 3177.0 905.0 3156.0 849.0 3180.0 840.0 ship 0
3313.0 1437.0 3334.0 1431.0 3344.0 1464.0 3325.0 1470.0 small-vehicle 0
3087.0 1654.0 3107.0 1647.0 3119.0 1688.0 3098.0 1692.0 small-vehicle 0
3073.0 1608.0 3093.0 1601.0 3103.0 1639.0 3085.0 1643.0 small-vehicle 0
3095.0 1600.0 3115.0 1591.0 3131.0 1638.0 3113.0 1646.0 small-vehicle 0
3100.0 1541.0 3122.0 1534.0 3133.0 1572.0 3114.0 1579.0 small-vehicle 0
559.0 2009.0 650.0 1978.0 802.0 2446.0 722.0 2478.0 harbor 0
