imagesource:GoogleEarth
gsd:0.124494196868
1.0 843.0 20.0 832.0 56.0 952.0 22.0 962.0 ship 0
2456.0 496.0 2464.0 533.0 2371.0 560.0 2364.0 525.0 ship 0
2321.0 807.0 2310.0 772.0 2410.0 742.0 2423.0 779.0 ship 0
2306.0 753.0 2293.0 717.0 2384.0 692.0 2395.0 728.0 ship 0
2252.0 638.0 2261.0 672.0 2378.0 643.0 2366.0 605.0 ship 0
2231.0 515.0 2227.0 475.0 2315.0 452.0 2326.0 490.0 ship 0
2204.0 441.0 2191.0 401.0 2295.0 372.0 2304.0 413.0 ship 0
2424.0 425.0 2432.0 455.0 2350.0 475.0 2342.0 448.0 ship 0
2437.0 374.0 2447.0 412.0 2333.0 448.0 2320.0 414.0 ship 0
2477.0 542.0 2487.0 578.0 2383.0 600.0 2373.0 568.0 ship 0
2651.0 675.0 2634.0 639.0 2762.0 598.0 2773.0 640.0 ship 0
2502.0 659.0 2515.0 692.0 2412.0 723.0 2404.0 689.0 ship 0
2639.0 632.0 2628.0 594.0 2746.0 560.0 2758.0 594.0 ship 0
2618.0 538.0 2609.0 505.0 2721.0 477.0 2731.0 506.0 ship 0
2602.0 491.0 2591.0 459.0 2708.0 424.0 2718.0 459.0 ship 0
2590.0 456.0 2579.0 423.0 2699.0 389.0 2708.0 423.0 ship 0
2673.0 197.0 2667.0 178.0 2707.0 166.0 2712.0 186.0 small-vehicle 0
2664.0 123.0 2658.0 103.0 2700.0 92.0 2707.0 112.0 small-vehicle 0
2660.0 74.0 2654.0 56.0 2689.0 47.0 2695.0 65.0 small-vehicle 0
2510.0 95.0 2488.0 99.0 2479.0 58.0 2499.0 52.0 small-vehicle 0
2424.0 766.0 2416.0 738.0 2511.0 720.0 2516.0 753.0 ship 0
2506.0 609.0 2517.0 651.0 2407.0 680.0 2393.0 641.0 ship 0
1862.0 876.0 1871.0 906.0 1760.0 937.0 1755.0 902.0 ship 0
2085.0 440.0 2094.0 470.0 1994.0 498.0 1986.0 471.0 ship 0
1988.0 904.0 1976.0 867.0 2101.0 837.0 2111.0 872.0 ship 0
1940.0 816.0 1931.0 781.0 2044.0 750.0 2050.0 782.0 ship 0
1929.0 732.0 1920.0 699.0 2015.0 677.0 2024.0 707.0 ship 0
1899.0 650.0 1892.0 614.0 2002.0 590.0 2009.0 630.0 ship 0
1910.0 605.0 1903.0 576.0 1981.0 553.0 1993.0 582.0 ship 0
1900.0 568.0 1888.0 534.0 1971.0 509.0 1980.0 543.0 ship 0
1882.0 531.0 1868.0 489.0 1962.0 464.0 1975.0 506.0 ship 0
2076.0 393.0 2084.0 422.0 1988.0 448.0 1979.0 419.0 ship 0
2108.0 514.0 2116.0 549.0 2014.0 572.0 2004.0 537.0 ship 0
2302.0 321.0 2320.0 314.0 2333.0 350.0 2313.0 359.0 ship 0
2126.0 549.0 2139.0 585.0 2030.0 615.0 2019.0 578.0 ship 0
2131.0 599.0 2138.0 630.0 2049.0 652.0 2040.0 623.0 ship 0
2156.0 630.0 2166.0 663.0 2047.0 698.0 2038.0 662.0 ship 0
2184.0 754.0 2192.0 789.0 2082.0 817.0 2076.0 781.0 ship 0
1940.0 684.0 1933.0 656.0 1999.0 636.0 2008.0 667.0 ship 0
2273.0 531.0 2268.0 507.0 2323.0 497.0 2328.0 520.0 ship 0
2212.0 377.0 2205.0 354.0 2267.0 341.0 2272.0 362.0 ship 0
2380.0 354.0 2387.0 378.0 2326.0 396.0 2318.0 375.0 ship 0
2341.0 208.0 2359.0 202.0 2369.0 241.0 2351.0 247.0 small-vehicle 0
2320.0 149.0 2298.0 156.0 2286.0 114.0 2309.0 108.0 small-vehicle 0
1923.0 215.0 1945.0 208.0 1956.0 249.0 1935.0 255.0 small-vehicle 0
91.0 61.0 107.0 38.0 176.0 76.0 162.0 103.0 ship 0
513.0 439.0 536.0 430.0 549.0 477.0 526.0 482.0 small-vehicle 0
505.0 486.0 488.0 494.0 473.0 455.0 492.0 449.0 small-vehicle 0
463.0 501.0 442.0 506.0 430.0 468.0 449.0 463.0 small-vehicle 0
355.0 355.0 330.0 361.0 319.0 314.0 345.0 309.0 small-vehicle 0
481.0 22.0 489.0 43.0 451.0 57.0 442.0 39.0 small-vehicle 0
656.0 17.0 662.0 43.0 604.0 62.0 598.0 37.0 ship 0
237.0 27.0 251.0 5.0 316.0 43.0 306.0 67.0 ship 0
161.0 49.0 172.0 26.0 244.0 62.0 234.0 84.0 ship 0
874.0 565.0 849.0 478.0 1027.0 424.0 1054.0 519.0 swimming-pool 0
1883.0 230.0 1905.0 223.0 1918.0 261.0 1896.0 268.0 small-vehicle 0
2804.0 647.0 2693.0 681.0 2566.0 319.0 2693.0 283.0 harbor 0
2530.0 715.0 2311.0 782.0 2184.0 351.0 2412.0 289.0 harbor 0
2191.0 811.0 1986.0 871.0 1857.0 446.0 2067.0 389.0 harbor 0
1860.0 923.0 1670.0 991.0 1531.0 538.0 1734.0 484.0 harbor 0
1517.0 1025.0 1334.0 1076.0 1220.0 630.0 1404.0 575.0 harbor 0
1193.0 1108.0 1011.0 1168.0 857.0 664.0 1051.0 608.0 harbor 0
852.0 1108.0 686.0 1168.0 540.0 674.0 726.0 621.0 harbor 0
528.0 1137.0 375.0 1186.0 253.0 755.0 394.0 711.0 harbor 0
479.0 589.0 459.0 599.0 442.0 561.0 464.0 553.0 small-vehicle 0
563.0 567.0 543.0 571.0 533.0 533.0 553.0 529.0 small-vehicle 0
600.0 518.0 617.0 515.0 633.0 561.0 614.0 567.0 small-vehicle 0
650.0 548.0 635.0 553.0 625.0 519.0 640.0 512.0 small-vehicle 0
1897.0 332.0 1915.0 327.0 1928.0 368.0 1911.0 374.0 small-vehicle 0
1906.0 383.0 1888.0 387.0 1869.0 342.0 1888.0 336.0 small-vehicle 0
1727.0 391.0 1744.0 383.0 1756.0 426.0 1739.0 431.0 small-vehicle 0
1702.0 394.0 1719.0 388.0 1732.0 429.0 1716.0 435.0 small-vehicle 0
1682.0 402.0 1696.0 396.0 1709.0 432.0 1696.0 438.0 small-vehicle 0
1768.0 304.0 1749.0 311.0 1733.0 270.0 1754.0 264.0 small-vehicle 0
1612.0 309.0 1629.0 305.0 1641.0 343.0 1623.0 348.0 small-vehicle 0
1589.0 316.0 1608.0 310.0 1620.0 350.0 1601.0 355.0 small-vehicle 0
1691.0 443.0 1675.0 448.0 1664.0 410.0 1680.0 405.0 small-vehicle 0
1636.0 414.0 1657.0 408.0 1666.0 442.0 1647.0 447.0 small-vehicle 0
1576.0 436.0 1597.0 429.0 1608.0 470.0 1589.0 476.0 small-vehicle 0
1533.0 445.0 1551.0 439.0 1563.0 475.0 1547.0 482.0 small-vehicle 0
1513.0 456.0 1530.0 450.0 1542.0 485.0 1525.0 490.0 small-vehicle 0
682.0 196.0 703.0 193.0 708.0 239.0 688.0 243.0 small-vehicle 0
681.0 381.0 666.0 386.0 651.0 338.0 667.0 335.0 small-vehicle 0
723.0 374.0 741.0 369.0 753.0 410.0 733.0 416.0 small-vehicle 0
644.0 508.0 662.0 503.0 671.0 541.0 655.0 547.0 small-vehicle 0
1689.0 1020.0 1681.0 985.0 1812.0 943.0 1824.0 982.0 ship 0
1836.0 836.0 1843.0 866.0 1746.0 886.0 1740.0 857.0 ship 0
696.0 936.0 702.0 962.0 637.0 983.0 630.0 958.0 ship 0
648.0 1063.0 641.0 1029.0 724.0 1008.0 732.0 1040.0 ship 0
382.0 1221.0 372.0 1181.0 519.0 1135.0 535.0 1178.0 ship 0
850.0 1118.0 859.0 1158.0 709.0 1195.0 697.0 1155.0 ship 0
548.0 695.0 545.0 661.0 615.0 660.0 616.0 691.0 ship 0
562.0 795.0 551.0 758.0 644.0 735.0 653.0 769.0 ship 0
587.0 826.0 578.0 797.0 650.0 776.0 658.0 806.0 ship 0
582.0 863.0 578.0 833.0 659.0 823.0 666.0 852.0 ship 0
601.0 910.0 594.0 874.0 672.0 861.0 676.0 891.0 ship 0
642.0 1017.0 637.0 987.0 712.0 970.0 720.0 998.0 ship 0
639.0 1107.0 632.0 1076.0 731.0 1048.0 739.0 1079.0 ship 0
544.0 1080.0 551.0 1117.0 460.0 1136.0 452.0 1102.0 ship 0
644.0 1155.0 632.0 1119.0 740.0 1082.0 752.0 1117.0 ship 0
844.0 1024.0 852.0 1052.0 764.0 1072.0 757.0 1043.0 ship 0
813.0 993.0 821.0 1022.0 756.0 1035.0 748.0 1011.0 ship 0
825.0 939.0 834.0 972.0 739.0 996.0 730.0 963.0 ship 0
810.0 901.0 817.0 930.0 734.0 951.0 726.0 921.0 ship 0
817.0 859.0 825.0 892.0 714.0 918.0 705.0 887.0 ship 0
771.0 834.0 779.0 859.0 710.0 876.0 704.0 851.0 ship 0
781.0 781.0 787.0 815.0 693.0 837.0 686.0 802.0 ship 0
106.0 1116.0 66.0 1130.0 24.0 984.0 64.0 970.0 ship 0
527.0 1029.0 534.0 1067.0 449.0 1088.0 438.0 1056.0 ship 0
1839.0 790.0 1850.0 826.0 1737.0 851.0 1725.0 818.0 ship 0
142.0 962.0 150.0 985.0 97.0 1002.0 89.0 981.0 ship 0
2215.0 244.0 2230.0 241.0 2241.0 274.0 2227.0 279.0 small-vehicle 0
2652.0 51.0 2645.0 34.0 2685.0 23.0 2691.0 40.0 ship 0
2670.0 148.0 2665.0 131.0 2706.0 119.0 2711.0 135.0 small-vehicle 1
2174.0 1214.0 2166.0 1195.0 2216.0 1177.0 2223.0 1196.0 ship 0
884.0 279.0 892.0 303.0 843.0 318.0 836.0 293.0 ship 0
635.0 79.0 630.0 53.0 699.0 37.0 707.0 63.0 ship 0
262.0 1106.0 267.0 1148.0 144.0 1161.0 138.0 1123.0 ship 0
196.0 1066.0 206.0 1092.0 130.0 1119.0 121.0 1092.0 ship 0
166.0 825.0 173.0 858.0 61.0 883.0 54.0 847.0 ship 0
343.0 1159.0 333.0 1127.0 428.0 1106.0 434.0 1138.0 ship 0
427.0 719.0 435.0 747.0 365.0 765.0 358.0 738.0 ship 0
369.0 811.0 361.0 787.0 421.0 770.0 429.0 794.0 ship 0
456.0 845.0 459.0 874.0 388.0 885.0 382.0 858.0 ship 0
465.0 875.0 479.0 903.0 399.0 927.0 389.0 897.0 ship 0
483.0 914.0 491.0 943.0 414.0 964.0 402.0 936.0 ship 0
501.0 958.0 511.0 989.0 425.0 1013.0 413.0 978.0 ship 0
332.0 1032.0 324.0 1004.0 391.0 989.0 397.0 1015.0 ship 0
324.0 1079.0 320.0 1041.0 405.0 1028.0 412.0 1062.0 ship 0
756.0 746.0 767.0 777.0 683.0 797.0 677.0 766.0 ship 0
734.0 670.0 744.0 698.0 667.0 721.0 659.0 690.0 ship 0
865.0 711.0 853.0 671.0 939.0 648.0 949.0 685.0 ship 0
1776.0 622.0 1786.0 651.0 1695.0 687.0 1682.0 659.0 ship 0
1454.0 770.0 1461.0 808.0 1388.0 826.0 1376.0 791.0 ship 0
1548.0 636.0 1538.0 596.0 1636.0 573.0 1645.0 610.0 ship 0
1518.0 598.0 1509.0 559.0 1616.0 532.0 1627.0 570.0 ship 0
1740.0 492.0 1753.0 526.0 1656.0 555.0 1648.0 522.0 ship 0
1763.0 537.0 1773.0 571.0 1664.0 602.0 1653.0 569.0 ship 0
1787.0 578.0 1793.0 615.0 1679.0 645.0 1668.0 607.0 ship 0
1556.0 676.0 1548.0 642.0 1661.0 612.0 1670.0 649.0 ship 0
1565.0 723.0 1554.0 689.0 1663.0 652.0 1672.0 688.0 ship 0
1802.0 664.0 1810.0 699.0 1703.0 727.0 1693.0 692.0 ship 0
883.0 749.0 873.0 712.0 954.0 687.0 963.0 723.0 ship 0
1568.0 769.0 1557.0 731.0 1678.0 698.0 1689.0 737.0 ship 0
1649.0 975.0 1639.0 939.0 1735.0 918.0 1742.0 949.0 ship 0
1641.0 928.0 1633.0 890.0 1731.0 866.0 1737.0 904.0 ship 0
1609.0 886.0 1602.0 849.0 1716.0 823.0 1722.0 859.0 ship 0
1597.0 844.0 1589.0 804.0 1697.0 783.0 1703.0 823.0 ship 0
1613.0 794.0 1604.0 761.0 1691.0 743.0 1699.0 776.0 ship 0
1801.0 710.0 1810.0 742.0 1713.0 767.0 1702.0 735.0 ship 0
1823.0 748.0 1832.0 782.0 1721.0 812.0 1710.0 779.0 ship 0
1495.0 887.0 1505.0 919.0 1408.0 940.0 1400.0 907.0 ship 0
1527.0 920.0 1536.0 959.0 1428.0 986.0 1417.0 949.0 ship 0
1357.0 1113.0 1346.0 1075.0 1509.0 1028.0 1522.0 1068.0 ship 0
1203.0 1050.0 1213.0 1085.0 1098.0 1119.0 1087.0 1084.0 ship 0
912.0 819.0 909.0 788.0 976.0 776.0 981.0 809.0 ship 0
918.0 869.0 909.0 834.0 989.0 809.0 999.0 843.0 ship 0
944.0 943.0 936.0 914.0 1013.0 891.0 1018.0 917.0 ship 0
971.0 1071.0 964.0 1041.0 1047.0 1015.0 1055.0 1045.0 ship 0
976.0 1107.0 969.0 1078.0 1062.0 1055.0 1069.0 1081.0 ship 0
994.0 1146.0 986.0 1116.0 1068.0 1095.0 1076.0 1122.0 ship 0
1180.0 1019.0 1187.0 1051.0 1085.0 1073.0 1080.0 1040.0 ship 0
1147.0 987.0 1154.0 1013.0 1077.0 1033.0 1071.0 1008.0 ship 0
1145.0 940.0 1156.0 979.0 1067.0 1004.0 1056.0 967.0 ship 0
1127.0 904.0 1138.0 936.0 1061.0 957.0 1047.0 926.0 ship 0
1141.0 853.0 1151.0 893.0 1045.0 921.0 1033.0 884.0 ship 0
1105.0 823.0 1111.0 850.0 1021.0 877.0 1012.0 844.0 ship 0
1104.0 781.0 1112.0 818.0 1012.0 840.0 1003.0 806.0 ship 0
1091.0 747.0 1097.0 777.0 997.0 801.0 991.0 768.0 ship 0
1055.0 620.0 1067.0 653.0 974.0 680.0 964.0 644.0 ship 0
1273.0 842.0 1260.0 813.0 1338.0 784.0 1348.0 816.0 ship 0
1076.0 1184.0 1064.0 1151.0 1199.0 1111.0 1209.0 1146.0 ship 0
231.0 1168.0 124.0 1202.0 15.0 823.0 129.0 787.0 harbor 0
