imagesource:GoogleEarth
gsd:0.126992906664
43.0 222.0 48.0 202.0 89.0 203.0 86.0 224.0 small-vehicle 0
50.0 200.0 50.0 181.0 89.0 180.0 90.0 197.0 small-vehicle 0
42.0 155.0 44.0 131.0 89.0 135.0 89.0 157.0 small-vehicle 0
880.0 488.0 961.0 524.0 888.0 699.0 807.0 664.0 tennis-court 0
778.0 445.0 859.0 482.0 788.0 657.0 705.0 621.0 tennis-court 0
676.0 402.0 759.0 437.0 683.0 614.0 602.0 579.0 tennis-court 0
767.0 755.0 850.0 792.0 777.0 965.0 693.0 931.0 tennis-court 0
665.0 712.0 747.0 747.0 674.0 922.0 593.0 888.0 tennis-court 0
564.0 669.0 645.0 705.0 573.0 879.0 491.0 845.0 tennis-court 0
462.0 627.0 544.0 663.0 471.0 837.0 390.0 803.0 tennis-court 0
361.0 584.0 442.0 619.0 369.0 794.0 288.0 760.0 tennis-court 0
259.0 541.0 340.0 576.0 268.0 751.0 185.0 716.0 tennis-court 0
574.0 362.0 656.0 396.0 585.0 571.0 502.0 535.0 tennis-court 0
473.0 318.0 555.0 354.0 482.0 527.0 399.0 492.0 tennis-court 0
372.0 276.0 452.0 312.0 379.0 483.0 299.0 450.0 tennis-court 0
