imagesource:GoogleEarth
gsd:0.121927125872
1068.0 98.0 1064.0 79.0 1106.0 71.0 1108.0 92.0 small-vehicle 0
835.0 163.0 823.0 150.0 856.0 116.0 868.0 128.0 small-vehicle 0
941.0 51.0 928.0 36.0 959.0 3.0 974.0 18.0 small-vehicle 0
595.0 649.0 690.0 641.0 706.0 838.0 609.0 844.0 tennis-court 0
474.0 659.0 567.0 650.0 581.0 846.0 487.0 854.0 tennis-court 0
356.0 667.0 449.0 660.0 464.0 855.0 370.0 863.0 tennis-court 0
240.0 677.0 329.0 668.0 347.0 865.0 252.0 870.0 tennis-court 0
872.0 302.0 972.0 292.0 990.0 489.0 894.0 496.0 tennis-court 0
753.0 312.0 846.0 303.0 866.0 499.0 769.0 507.0 tennis-court 0
633.0 321.0 726.0 312.0 742.0 509.0 647.0 517.0 tennis-court 0
516.0 330.0 608.0 321.0 621.0 517.0 528.0 527.0 tennis-court 0
394.0 339.0 487.0 332.0 501.0 529.0 409.0 536.0 tennis-court 0
276.0 347.0 369.0 340.0 384.0 536.0 291.0 543.0 tennis-court 0
