imagesource:GoogleEarth
gsd:0.12570144166
848.0 720.0 834.0 704.0 867.0 677.0 874.0 695.0 small-vehicle 0
532.0 793.0 528.0 811.0 486.0 798.0 490.0 779.0 small-vehicle 0
345.0 243.0 416.0 187.0 536.0 333.0 468.0 392.0 tennis-court 0
436.0 169.0 504.0 113.0 627.0 258.0 558.0 315.0 tennis-court 0
534.0 468.0 602.0 409.0 724.0 556.0 657.0 615.0 tennis-court 0
622.0 394.0 691.0 335.0 813.0 482.0 743.0 540.0 tennis-court 0
36.0 198.0 21.0 208.0 2.0 180.0 15.0 169.0 small-vehicle 0
122.0 270.0 107.0 277.0 86.0 248.0 102.0 236.0 small-vehicle 0
95.0 280.0 80.0 289.0 59.0 262.0 74.0 250.0 small-vehicle 0
143.0 347.0 129.0 358.0 107.0 329.0 121.0 317.0 small-vehicle 0
474.0 777.0 464.0 796.0 427.0 768.0 438.0 752.0 small-vehicle 0
726.0 827.0 709.0 840.0 687.0 799.0 704.0 789.0 small-vehicle 0
767.0 660.0 757.0 646.0 784.0 622.0 797.0 638.0 small-vehicle 0
749.0 816.0 729.0 828.0 707.0 792.0 724.0 779.0 small-vehicle 0
767.0 801.0 754.0 816.0 726.0 778.0 740.0 764.0 small-vehicle 0
787.0 792.0 772.0 808.0 746.0 771.0 761.0 757.0 small-vehicle 0
802.0 781.0 789.0 792.0 762.0 755.0 778.0 744.0 small-vehicle 0
819.0 770.0 806.0 782.0 782.0 748.0 796.0 738.0 small-vehicle 0
834.0 758.0 822.0 769.0 798.0 737.0 810.0 726.0 small-vehicle 0
853.0 744.0 838.0 758.0 813.0 725.0 830.0 712.0 small-vehicle 0
692.0 715.0 681.0 699.0 711.0 681.0 720.0 698.0 small-vehicle 0
728.0 690.0 719.0 675.0 751.0 653.0 759.0 669.0 small-vehicle 0
254.0 319.0 325.0 263.0 447.0 407.0 378.0 465.0 tennis-court 0
