imagesource:GoogleEarth
gsd:0.123631793228
469.0 398.0 469.0 378.0 508.0 381.0 507.0 401.0 large-vehicle 0
456.0 371.0 457.0 351.0 507.0 355.0 506.0 376.0 large-vehicle 0
441.0 313.0 441.0 292.0 480.0 293.0 481.0 310.0 large-vehicle 0
422.0 31.0 443.0 32.0 440.0 74.0 421.0 74.0 large-vehicle 0
256.0 564.0 226.0 478.0 408.0 414.0 438.0 500.0 tennis-court 0
221.0 461.0 190.0 374.0 373.0 310.0 405.0 399.0 tennis-court 0
186.0 360.0 154.0 271.0 338.0 208.0 369.0 296.0 tennis-court 0
120.0 168.0 150.0 257.0 333.0 193.0 302.0 106.0 tennis-court 0
