imagesource:GoogleEarth
gsd:0.131154116014
352.0 850.0 358.0 838.0 382.0 852.0 376.0 864.0 small-vehicle 0
363.0 974.0 370.0 961.0 399.0 980.0 391.0 993.0 small-vehicle 0
130.0 934.0 141.0 923.0 166.0 944.0 154.0 957.0 small-vehicle 0
181.0 927.0 167.0 944.0 139.0 920.0 154.0 904.0 small-vehicle 0
103.0 793.0 113.0 777.0 146.0 800.0 134.0 814.0 small-vehicle 0
591.0 246.0 579.0 230.0 608.0 205.0 621.0 219.0 small-vehicle 0
567.0 242.0 552.0 229.0 577.0 202.0 589.0 213.0 small-vehicle 0
489.0 222.0 477.0 208.0 509.0 179.0 521.0 198.0 small-vehicle 0
253.0 135.0 236.0 122.0 263.0 85.0 283.0 101.0 small-vehicle 0
250.0 87.0 243.0 102.0 207.0 89.0 214.0 73.0 small-vehicle 0
271.0 139.0 261.0 125.0 293.0 101.0 305.0 114.0 small-vehicle 0
355.0 77.0 343.0 61.0 369.0 39.0 381.0 54.0 small-vehicle 0
144.0 37.0 152.0 21.0 195.0 41.0 189.0 56.0 small-vehicle 0
583.0 565.0 634.0 497.0 778.0 606.0 730.0 675.0 tennis-court 0
516.0 657.0 567.0 587.0 714.0 695.0 664.0 765.0 tennis-court 0
450.0 746.0 500.0 678.0 648.0 785.0 598.0 855.0 tennis-court 0
441.0 487.0 510.0 537.0 402.0 683.0 331.0 633.0 tennis-court 0
110.0 953.0 121.0 936.0 152.0 963.0 142.0 976.0 small-vehicle 0
349.0 990.0 358.0 976.0 385.0 1000.0 377.0 1013.0 small-vehicle 0
330.0 882.0 337.0 872.0 358.0 886.0 352.0 896.0 small-vehicle 0
58.0 1032.0 67.0 1019.0 96.0 1039.0 88.0 1054.0 small-vehicle 0
305.0 914.0 311.0 905.0 335.0 922.0 328.0 931.0 small-vehicle 0
275.0 941.0 283.0 930.0 312.0 950.0 305.0 962.0 small-vehicle 0
781.0 260.0 788.0 243.0 826.0 260.0 819.0 276.0 small-vehicle 0
754.0 283.0 735.0 278.0 743.0 241.0 764.0 247.0 small-vehicle 0
808.0 186.0 804.0 203.0 765.0 192.0 770.0 174.0 small-vehicle 0
655.0 143.0 659.0 126.0 692.0 137.0 685.0 154.0 small-vehicle 0
831.0 115.0 827.0 132.0 788.0 120.0 794.0 102.0 small-vehicle 0
826.0 133.0 821.0 153.0 784.0 140.0 790.0 121.0 small-vehicle 0
699.0 74.0 693.0 91.0 655.0 80.0 659.0 64.0 small-vehicle 0
695.0 94.0 688.0 114.0 648.0 100.0 654.0 82.0 small-vehicle 0
815.0 953.0 830.0 963.0 811.0 993.0 795.0 982.0 small-vehicle 0
807.0 1045.0 799.0 1062.0 767.0 1040.0 778.0 1025.0 small-vehicle 0
610.0 1088.0 625.0 1099.0 602.0 1132.0 589.0 1123.0 small-vehicle 0
1.0 955.0 5.0 941.0 29.0 962.0 23.0 975.0 small-vehicle 0
47.0 944.0 35.0 960.0 5.0 937.0 18.0 921.0 small-vehicle 0
353.0 421.0 422.0 472.0 314.0 620.0 246.0 568.0 tennis-court 0
