imagesource:GoogleEarth
gsd:0.123660120096
405.0 593.0 383.0 587.0 404.0 534.0 428.0 540.0 large-vehicle 0
52.0 417.0 48.0 435.0 6.0 425.0 11.0 406.0 small-vehicle 0
360.0 568.0 345.0 563.0 356.0 526.0 370.0 530.0 small-vehicle 0
305.0 570.0 286.0 564.0 297.0 530.0 315.0 534.0 small-vehicle 0
171.0 549.0 148.0 543.0 161.0 497.0 182.0 501.0 small-vehicle 0
83.0 480.0 89.0 460.0 138.0 472.0 132.0 490.0 small-vehicle 0
542.0 117.0 521.0 127.0 507.0 95.0 527.0 85.0 small-vehicle 0
414.0 84.0 398.0 75.0 415.0 48.0 430.0 55.0 small-vehicle 0
427.0 113.0 409.0 106.0 425.0 69.0 442.0 77.0 small-vehicle 0
126.0 18.0 122.0 40.0 78.0 34.0 81.0 14.0 small-vehicle 0
569.0 318.0 656.0 337.0 618.0 525.0 527.0 505.0 tennis-court 0
440.0 287.0 528.0 308.0 490.0 498.0 398.0 477.0 tennis-court 0
302.0 258.0 392.0 277.0 351.0 468.0 261.0 446.0 tennis-court 0
176.0 229.0 266.0 249.0 228.0 438.0 134.0 416.0 tennis-court 0
