imagesource:GoogleEarth
gsd:0.131176067955
338.0 113.0 357.0 109.0 362.0 150.0 344.0 153.0 small-vehicle 0
364.0 123.0 382.0 122.0 386.0 159.0 368.0 163.0 small-vehicle 0
477.0 681.0 490.0 687.0 470.0 721.0 456.0 715.0 small-vehicle 0
494.0 646.0 509.0 652.0 493.0 685.0 479.0 678.0 small-vehicle 0
556.0 183.0 534.0 182.0 535.0 143.0 555.0 143.0 small-vehicle 0
16.0 140.0 30.0 139.0 31.0 173.0 15.0 175.0 small-vehicle 0
74.0 95.0 74.0 113.0 35.0 113.0 34.0 96.0 small-vehicle 0
227.0 682.0 166.0 582.0 345.0 471.0 407.0 571.0 basketball-court 0
230.0 471.0 208.0 432.0 310.0 372.0 335.0 413.0 tennis-court 0
125.0 534.0 101.0 492.0 207.0 432.0 229.0 473.0 tennis-court 0
95.0 483.0 73.0 442.0 177.0 382.0 201.0 423.0 tennis-court 0
204.0 421.0 179.0 379.0 282.0 320.0 306.0 362.0 tennis-court 0
