imagesource:GoogleEarth
gsd:0.130150358439
700.0 160.0 702.0 136.0 768.0 145.0 768.0 170.0 large-vehicle 0
448.0 551.0 459.0 535.0 535.0 579.0 524.0 596.0 large-vehicle 0
411.0 567.0 420.0 550.0 491.0 589.0 481.0 606.0 large-vehicle 0
188.0 721.0 177.0 702.0 249.0 664.0 260.0 682.0 large-vehicle 0
418.0 769.0 400.0 757.0 450.0 688.0 466.0 700.0 large-vehicle 0
576.0 359.0 584.0 341.0 665.0 376.0 656.0 394.0 large-vehicle 0
564.0 381.0 570.0 363.0 646.0 393.0 639.0 410.0 large-vehicle 0
533.0 428.0 543.0 411.0 616.0 445.0 607.0 462.0 large-vehicle 0
505.0 474.0 514.0 457.0 586.0 498.0 576.0 516.0 large-vehicle 0
483.0 503.0 492.0 488.0 569.0 530.0 559.0 547.0 large-vehicle 0
469.0 528.0 480.0 513.0 553.0 557.0 543.0 575.0 large-vehicle 0
543.0 399.0 551.0 384.0 633.0 417.0 624.0 436.0 large-vehicle 0
557.0 15.0 577.0 12.0 586.0 52.0 567.0 56.0 small-vehicle 0
317.0 859.0 328.0 843.0 400.0 882.0 387.0 900.0 large-vehicle 0
484.0 827.0 462.0 816.0 504.0 742.0 524.0 754.0 large-vehicle 0
510.0 838.0 491.0 827.0 533.0 756.0 553.0 768.0 large-vehicle 0
571.0 871.0 547.0 860.0 585.0 788.0 606.0 799.0 large-vehicle 0
721.0 965.0 701.0 952.0 744.0 891.0 763.0 903.0 large-vehicle 0
168.0 66.0 162.0 44.0 220.0 32.0 222.0 54.0 large-vehicle 0
161.0 39.0 154.0 16.0 214.0 5.0 218.0 25.0 large-vehicle 0
358.0 144.0 353.0 122.0 444.0 97.0 451.0 118.0 large-vehicle 0
513.0 459.0 521.0 437.0 600.0 464.0 593.0 487.0 large-vehicle 0
389.0 663.0 370.0 653.0 407.0 580.0 425.0 589.0 large-vehicle 0
