imagesource:GoogleEarth
gsd:0.131163946855
813.0 254.0 795.0 243.0 818.0 204.0 833.0 213.0 small-vehicle 0
521.0 39.0 527.0 22.0 561.0 37.0 556.0 54.0 small-vehicle 0
399.0 460.0 455.0 357.0 635.0 454.0 579.0 558.0 basketball-court 0
370.0 513.0 446.0 556.0 361.0 715.0 285.0 675.0 tennis-court 0
480.0 571.0 557.0 614.0 471.0 775.0 394.0 733.0 tennis-court 0
241.0 750.0 318.0 794.0 231.0 956.0 154.0 914.0 tennis-court 0
352.0 811.0 428.0 854.0 341.0 1014.0 265.0 973.0 tennis-court 0
470.0 23.0 477.0 4.0 518.0 20.0 511.0 37.0 small-vehicle 0
527.0 19.0 534.0 2.0 571.0 18.0 566.0 35.0 small-vehicle 0
515.0 57.0 521.0 41.0 559.0 59.0 553.0 73.0 small-vehicle 0
679.0 25.0 674.0 42.0 646.0 29.0 651.0 14.0 small-vehicle 0
506.0 79.0 512.0 61.0 553.0 78.0 547.0 96.0 small-vehicle 0
576.0 130.0 560.0 128.0 565.0 94.0 580.0 96.0 small-vehicle 0
641.0 123.0 635.0 138.0 603.0 125.0 609.0 109.0 small-vehicle 0
647.0 99.0 641.0 119.0 604.0 103.0 612.0 85.0 small-vehicle 0
657.0 81.0 652.0 98.0 616.0 83.0 622.0 66.0 small-vehicle 0
665.0 62.0 659.0 80.0 623.0 65.0 629.0 48.0 small-vehicle 0
670.0 43.0 665.0 60.0 631.0 46.0 638.0 28.0 small-vehicle 0
461.0 346.0 518.0 242.0 697.0 339.0 640.0 443.0 basketball-court 0
