imagesource:GoogleEarth
gsd:0.117413871628
677.0 121.0 690.0 135.0 660.0 162.0 648.0 150.0 small-vehicle 0
664.0 103.0 676.0 116.0 641.0 147.0 630.0 135.0 small-vehicle 0
228.0 654.0 303.0 596.0 427.0 763.0 348.0 820.0 tennis-court 0
328.0 581.0 404.0 523.0 527.0 687.0 450.0 745.0 tennis-court 0
427.0 507.0 506.0 449.0 629.0 615.0 551.0 672.0 tennis-court 0
559.0 410.0 634.0 353.0 758.0 520.0 681.0 578.0 tennis-court 0
659.0 336.0 735.0 280.0 860.0 445.0 782.0 502.0 tennis-court 0
758.0 262.0 837.0 204.0 959.0 369.0 883.0 429.0 tennis-court 0
860.0 190.0 937.0 132.0 1059.0 297.0 981.0 354.0 tennis-court 0
615.0 54.0 627.0 69.0 596.0 96.0 585.0 83.0 small-vehicle 0
145.0 230.0 157.0 243.0 130.0 273.0 115.0 260.0 small-vehicle 0
629.0 71.0 644.0 85.0 611.0 115.0 600.0 101.0 small-vehicle 0
515.0 243.0 517.0 220.0 557.0 224.0 556.0 246.0 small-vehicle 0
640.0 259.0 624.0 271.0 601.0 235.0 618.0 225.0 small-vehicle 0
656.0 241.0 642.0 253.0 615.0 217.0 632.0 205.0 small-vehicle 0
615.0 275.0 600.0 285.0 578.0 252.0 594.0 243.0 small-vehicle 0
581.0 301.0 563.0 314.0 538.0 281.0 556.0 264.0 small-vehicle 0
524.0 340.0 509.0 353.0 481.0 316.0 498.0 305.0 small-vehicle 0
107.0 268.0 121.0 284.0 89.0 314.0 74.0 299.0 small-vehicle 0
130.0 730.0 203.0 671.0 326.0 836.0 250.0 892.0 tennis-court 0
