imagesource:GoogleEarth
gsd:0.121893293827
456.0 868.0 469.0 877.0 446.0 907.0 433.0 899.0 small-vehicle 0
205.0 875.0 194.0 889.0 166.0 863.0 177.0 849.0 small-vehicle 0
160.0 786.0 172.0 771.0 202.0 797.0 192.0 812.0 small-vehicle 0
216.0 653.0 229.0 663.0 208.0 693.0 195.0 683.0 small-vehicle 0
152.0 691.0 165.0 699.0 143.0 733.0 132.0 722.0 small-vehicle 0
133.0 680.0 147.0 691.0 125.0 720.0 110.0 709.0 small-vehicle 0
79.0 440.0 96.0 450.0 76.0 483.0 60.0 475.0 small-vehicle 0
277.0 101.0 269.0 118.0 234.0 99.0 243.0 81.0 small-vehicle 0
306.0 39.0 298.0 55.0 259.0 39.0 266.0 22.0 small-vehicle 0
265.0 15.0 271.0 2.0 300.0 13.0 294.0 27.0 small-vehicle 0
769.0 634.0 842.0 692.0 716.0 846.0 646.0 787.0 tennis-court 0
680.0 561.0 751.0 619.0 630.0 771.0 557.0 714.0 tennis-court 0
592.0 489.0 663.0 548.0 539.0 701.0 467.0 640.0 tennis-court 0
502.0 414.0 575.0 474.0 451.0 627.0 378.0 569.0 tennis-court 0
414.0 343.0 485.0 401.0 361.0 555.0 288.0 496.0 tennis-court 0
291.0 229.0 388.0 311.0 261.0 466.0 162.0 387.0 basketball-court 0
