imagesource:GoogleEarth
gsd:0.12562878484
793.0 867.0 802.0 860.0 819.0 880.0 810.0 888.0 small-vehicle 1
774.0 715.0 762.0 700.0 792.0 677.0 804.0 691.0 small-vehicle 0
185.0 388.0 273.0 382.0 286.0 572.0 196.0 578.0 tennis-court 0
348.0 298.0 436.0 294.0 447.0 481.0 358.0 488.0 tennis-court 0
462.0 290.0 554.0 284.0 565.0 474.0 473.0 480.0 tennis-court 0
580.0 284.0 671.0 278.0 681.0 467.0 591.0 474.0 tennis-court 0
696.0 278.0 787.0 271.0 796.0 461.0 707.0 468.0 tennis-court 0
590.0 565.0 607.0 555.0 631.0 589.0 613.0 601.0 small-vehicle 0
573.0 807.0 561.0 796.0 591.0 768.0 602.0 779.0 small-vehicle 0
646.0 817.0 632.0 802.0 663.0 773.0 676.0 789.0 small-vehicle 0
708.0 824.0 695.0 809.0 726.0 781.0 738.0 796.0 small-vehicle 0
741.0 831.0 727.0 813.0 755.0 789.0 768.0 804.0 small-vehicle 0
638.0 703.0 655.0 693.0 675.0 727.0 660.0 737.0 small-vehicle 0
725.0 697.0 711.0 683.0 748.0 651.0 759.0 666.0 small-vehicle 0
769.0 725.0 784.0 713.0 808.0 747.0 793.0 761.0 small-vehicle 0
775.0 590.0 792.0 578.0 815.0 610.0 802.0 622.0 small-vehicle 0
737.0 719.0 750.0 708.0 773.0 739.0 759.0 751.0 small-vehicle 0
707.0 717.0 722.0 704.0 745.0 737.0 733.0 750.0 small-vehicle 0
797.0 729.0 810.0 717.0 835.0 747.0 821.0 760.0 small-vehicle 0
825.0 728.0 836.0 715.0 860.0 747.0 850.0 759.0 small-vehicle 0
653.0 836.0 669.0 823.0 692.0 853.0 678.0 865.0 small-vehicle 0
745.0 844.0 759.0 833.0 783.0 863.0 771.0 876.0 small-vehicle 0
766.0 829.0 757.0 819.0 784.0 797.0 794.0 808.0 small-vehicle 0
796.0 840.0 782.0 826.0 813.0 795.0 826.0 810.0 small-vehicle 0
827.0 847.0 813.0 834.0 841.0 805.0 854.0 819.0 small-vehicle 0
819.0 862.0 830.0 851.0 858.0 877.0 848.0 890.0 small-vehicle 0
676.0 572.0 690.0 563.0 717.0 595.0 702.0 606.0 small-vehicle 0
714.0 585.0 726.0 573.0 751.0 603.0 738.0 614.0 small-vehicle 0
70.0 394.0 159.0 389.0 170.0 580.0 80.0 585.0 tennis-court 0
