imagesource:GoogleEarth
gsd:0.131252099357
753.0 919.0 736.0 926.0 724.0 895.0 743.0 888.0 small-vehicle 0
816.0 907.0 798.0 915.0 785.0 884.0 805.0 875.0 small-vehicle 0
218.0 404.0 301.0 383.0 343.0 562.0 259.0 584.0 tennis-court 0
327.0 377.0 412.0 357.0 455.0 534.0 370.0 557.0 tennis-court 0
439.0 352.0 525.0 329.0 567.0 510.0 483.0 531.0 tennis-court 0
168.0 699.0 253.0 677.0 296.0 856.0 211.0 877.0 tennis-court 0
281.0 673.0 364.0 651.0 408.0 828.0 323.0 850.0 tennis-court 0
391.0 646.0 474.0 624.0 519.0 800.0 435.0 823.0 tennis-court 0
502.0 619.0 586.0 597.0 629.0 777.0 545.0 795.0 tennis-court 0
652.0 1076.0 634.0 1082.0 625.0 1047.0 644.0 1041.0 small-vehicle 0
669.0 1072.0 652.0 1077.0 642.0 1044.0 658.0 1038.0 small-vehicle 0
686.0 1064.0 670.0 1069.0 658.0 1038.0 674.0 1032.0 small-vehicle 0
702.0 1057.0 687.0 1063.0 675.0 1031.0 689.0 1025.0 small-vehicle 0
723.0 1049.0 706.0 1056.0 691.0 1025.0 710.0 1016.0 small-vehicle 0
740.0 1042.0 724.0 1050.0 710.0 1014.0 728.0 1006.0 small-vehicle 0
758.0 1035.0 742.0 1042.0 729.0 1006.0 746.0 1000.0 small-vehicle 0
640.0 1086.0 654.0 1080.0 666.0 1113.0 650.0 1119.0 small-vehicle 0
656.0 1084.0 671.0 1078.0 683.0 1107.0 668.0 1115.0 small-vehicle 0
674.0 1078.0 689.0 1072.0 699.0 1100.0 684.0 1106.0 small-vehicle 0
717.0 1094.0 699.0 1100.0 688.0 1069.0 704.0 1061.0 small-vehicle 0
705.0 1061.0 721.0 1055.0 733.0 1088.0 720.0 1095.0 small-vehicle 0
724.0 1053.0 741.0 1046.0 752.0 1083.0 735.0 1090.0 small-vehicle 0
742.0 1046.0 759.0 1040.0 770.0 1078.0 753.0 1084.0 small-vehicle 0
760.0 1038.0 775.0 1031.0 789.0 1070.0 772.0 1076.0 small-vehicle 0
773.0 1033.0 792.0 1025.0 802.0 1058.0 786.0 1064.0 small-vehicle 0
788.0 1022.0 770.0 1028.0 759.0 996.0 777.0 988.0 small-vehicle 0
780.0 991.0 795.0 985.0 807.0 1014.0 791.0 1021.0 small-vehicle 0
796.0 981.0 812.0 974.0 825.0 1004.0 809.0 1013.0 small-vehicle 0
793.0 1027.0 811.0 1020.0 823.0 1052.0 807.0 1059.0 small-vehicle 0
778.0 926.0 758.0 933.0 744.0 890.0 766.0 882.0 small-vehicle 0
792.0 910.0 774.0 915.0 766.0 881.0 784.0 876.0 small-vehicle 0
106.0 431.0 188.0 409.0 232.0 589.0 147.0 610.0 tennis-court 0
