imagesource:GoogleEarth
gsd:0.116662555943
818.0 441.0 810.0 423.0 853.0 407.0 859.0 424.0 small-vehicle 0
766.0 459.0 756.0 439.0 800.0 423.0 808.0 443.0 small-vehicle 0
580.0 532.0 572.0 510.0 617.0 493.0 626.0 513.0 small-vehicle 0
871.0 96.0 960.0 60.0 1036.0 253.0 947.0 287.0 tennis-court 0
756.0 139.0 847.0 102.0 920.0 296.0 831.0 331.0 tennis-court 0
642.0 184.0 730.0 149.0 806.0 338.0 715.0 374.0 tennis-court 0
523.0 228.0 617.0 190.0 688.0 382.0 595.0 418.0 tennis-court 0
406.0 272.0 500.0 234.0 571.0 424.0 479.0 460.0 tennis-court 0
288.0 316.0 381.0 278.0 456.0 469.0 364.0 506.0 tennis-court 0
