imagesource:GoogleEarth
gsd:0.119257473391
915.0 655.0 991.0 714.0 867.0 875.0 791.0 816.0 tennis-court 0
821.0 584.0 898.0 644.0 773.0 803.0 698.0 746.0 tennis-court 0
727.0 513.0 804.0 573.0 680.0 733.0 606.0 674.0 tennis-court 0
1101.0 412.0 1178.0 473.0 1055.0 632.0 979.0 574.0 tennis-court 0
1007.0 342.0 1082.0 401.0 960.0 559.0 885.0 503.0 tennis-court 0
915.0 271.0 991.0 330.0 868.0 489.0 792.0 432.0 tennis-court 0
682.0 254.0 759.0 312.0 638.0 471.0 561.0 414.0 tennis-court 0
588.0 179.0 662.0 237.0 540.0 397.0 464.0 338.0 tennis-court 0
489.0 103.0 564.0 163.0 443.0 322.0 365.0 264.0 tennis-court 0
392.0 28.0 469.0 88.0 346.0 246.0 269.0 188.0 tennis-court 0
