imagesource:GoogleEarth
gsd:0.121906117627
627.0 103.0 647.0 91.0 671.0 124.0 649.0 137.0 small-vehicle 0
160.0 291.0 179.0 277.0 201.0 308.0 183.0 322.0 small-vehicle 0
302.0 171.0 318.0 158.0 342.0 191.0 327.0 203.0 small-vehicle 0
280.0 187.0 297.0 173.0 324.0 203.0 306.0 217.0 small-vehicle 1
265.0 202.0 281.0 189.0 305.0 221.0 291.0 231.0 small-vehicle 0
245.0 214.0 260.0 201.0 284.0 230.0 269.0 244.0 small-vehicle 0
230.0 230.0 246.0 217.0 272.0 247.0 257.0 261.0 small-vehicle 0
215.0 244.0 233.0 231.0 254.0 261.0 238.0 276.0 small-vehicle 1
200.0 257.0 215.0 245.0 239.0 279.0 224.0 290.0 small-vehicle 0
177.0 273.0 194.0 260.0 218.0 293.0 204.0 305.0 small-vehicle 1
144.0 302.0 159.0 291.0 180.0 321.0 166.0 331.0 small-vehicle 0
353.0 131.0 366.0 118.0 394.0 151.0 380.0 164.0 small-vehicle 0
40.0 425.0 24.0 439.0 1.0 404.0 15.0 394.0 small-vehicle 0
125.0 318.0 141.0 339.0 50.0 409.0 34.0 389.0 large-vehicle 0
764.0 148.0 841.0 97.0 949.0 258.0 873.0 311.0 tennis-court 0
663.0 215.0 740.0 162.0 849.0 325.0 773.0 379.0 tennis-court 0
519.0 313.0 596.0 260.0 705.0 422.0 628.0 475.0 tennis-court 0
425.0 375.0 502.0 323.0 611.0 486.0 535.0 538.0 tennis-court 0
331.0 439.0 408.0 386.0 517.0 548.0 442.0 601.0 tennis-court 0
237.0 500.0 313.0 449.0 423.0 611.0 347.0 664.0 tennis-court 0
335.0 145.0 349.0 132.0 377.0 163.0 362.0 176.0 small-vehicle 0
591.0 135.0 609.0 121.0 629.0 152.0 613.0 164.0 small-vehicle 0
318.0 158.0 334.0 145.0 361.0 176.0 343.0 190.0 small-vehicle 1
290.0 369.0 276.0 380.0 244.0 342.0 259.0 332.0 large-vehicle 0
779.0 48.0 760.0 61.0 739.0 26.0 757.0 13.0 small-vehicle 0
761.0 63.0 746.0 75.0 721.0 41.0 738.0 28.0 small-vehicle 0
742.0 78.0 726.0 89.0 708.0 61.0 724.0 50.0 small-vehicle 0
723.0 89.0 707.0 99.0 685.0 65.0 701.0 54.0 small-vehicle 0
706.0 100.0 690.0 113.0 661.0 77.0 678.0 65.0 small-vehicle 0
220.0 420.0 203.0 432.0 178.0 401.0 195.0 388.0 small-vehicle 0
244.0 411.0 226.0 422.0 201.0 383.0 216.0 372.0 large-vehicle 0
263.0 391.0 247.0 402.0 218.0 363.0 236.0 353.0 large-vehicle 0
309.0 353.0 294.0 364.0 263.0 325.0 279.0 313.0 large-vehicle 0
608.0 117.0 627.0 102.0 648.0 137.0 632.0 150.0 small-vehicle 1
388.0 296.0 374.0 310.0 340.0 273.0 352.0 261.0 large-vehicle 0
410.0 277.0 395.0 289.0 360.0 255.0 376.0 241.0 large-vehicle 0
437.0 261.0 422.0 273.0 390.0 238.0 406.0 224.0 large-vehicle 0
459.0 242.0 444.0 255.0 413.0 221.0 429.0 206.0 large-vehicle 0
479.0 224.0 465.0 237.0 436.0 198.0 451.0 188.0 large-vehicle 0
501.0 210.0 487.0 223.0 453.0 184.0 467.0 171.0 large-vehicle 0
526.0 190.0 509.0 206.0 475.0 165.0 491.0 151.0 large-vehicle 0
548.0 173.0 530.0 185.0 508.0 151.0 526.0 139.0 small-vehicle 0
15.0 661.0 91.0 608.0 201.0 772.0 126.0 823.0 tennis-court 0
