imagesource:GoogleEarth
gsd:0.262897558519
315.0 532.0 295.0 514.0 376.0 417.0 395.0 434.0 harbor 0
1046.0 440.0 1034.0 448.0 1013.0 418.0 1029.0 411.0 ship 0
988.0 64.0 994.0 71.0 978.0 81.0 974.0 73.0 small-vehicle 0
1000.0 67.0 994.0 60.0 1007.0 48.0 1012.0 55.0 small-vehicle 0
996.0 39.0 1004.0 46.0 991.0 59.0 983.0 54.0 small-vehicle 0
875.0 903.0 890.0 918.0 860.0 950.0 844.0 938.0 ship 0
967.0 982.0 950.0 970.0 1017.0 879.0 1034.0 894.0 harbor 0
857.0 930.0 845.0 918.0 952.0 815.0 962.0 829.0 harbor 0
651.0 973.0 613.0 941.0 808.0 715.0 842.0 751.0 harbor 0
525.0 858.0 496.0 842.0 629.0 621.0 658.0 637.0 harbor 0
373.0 786.0 339.0 764.0 473.0 556.0 503.0 578.0 harbor 0
139.0 526.0 112.0 498.0 295.0 321.0 322.0 352.0 harbor 0
