imagesource:GoogleEarth
gsd:0.2700347138
346.0 1055.0 357.0 1051.0 362.0 1070.0 353.0 1073.0 ship 1
587.0 954.0 598.0 954.0 599.0 976.0 588.0 977.0 ship 0
650.0 809.0 644.0 795.0 670.0 784.0 676.0 797.0 ship 0
189.0 881.0 185.0 894.0 149.0 883.0 153.0 870.0 ship 0
160.0 1004.0 157.0 992.0 188.0 987.0 190.0 997.0 ship 0
203.0 955.0 208.0 966.0 183.0 975.0 179.0 965.0 ship 0
217.0 932.0 221.0 942.0 196.0 951.0 192.0 940.0 ship 0
242.0 930.0 247.0 939.0 227.0 949.0 222.0 940.0 ship 0
449.0 97.0 447.0 85.0 485.0 77.0 489.0 90.0 ship 0
265.0 943.0 265.0 955.0 243.0 955.0 245.0 943.0 ship 1
216.0 566.0 204.0 552.0 232.0 530.0 242.0 545.0 swimming-pool 0
14.0 261.0 43.0 252.0 55.0 296.0 27.0 306.0 swimming-pool 0
688.0 790.0 698.0 816.0 534.0 877.0 523.0 850.0 harbor 0
616.0 497.0 630.0 542.0 418.0 615.0 402.0 565.0 harbor 0
566.0 384.0 565.0 413.0 360.0 421.0 362.0 389.0 harbor 0
565.0 251.0 574.0 279.0 357.0 339.0 347.0 305.0 harbor 0
346.0 801.0 341.0 790.0 371.0 781.0 374.0 793.0 ship 0
114.0 977.0 117.0 989.0 93.0 996.0 89.0 986.0 small-vehicle 0
133.0 880.0 143.0 876.0 149.0 896.0 139.0 899.0 small-vehicle 0
121.0 882.0 132.0 879.0 137.0 898.0 129.0 901.0 small-vehicle 0
82.0 1010.0 80.0 1002.0 99.0 997.0 101.0 1006.0 small-vehicle 0
154.0 997.0 157.0 1007.0 136.0 1012.0 133.0 1002.0 small-vehicle 0
216.0 675.0 205.0 679.0 199.0 658.0 210.0 654.0 small-vehicle 0
203.0 677.0 194.0 680.0 188.0 659.0 197.0 656.0 small-vehicle 0
125.0 513.0 136.0 515.0 131.0 539.0 121.0 538.0 small-vehicle 0
130.0 499.0 121.0 506.0 108.0 487.0 119.0 481.0 small-vehicle 0
136.0 409.0 133.0 398.0 154.0 393.0 157.0 403.0 small-vehicle 0
120.0 989.0 122.0 998.0 105.0 1002.0 103.0 993.0 small-vehicle 1
188.0 999.0 191.0 1009.0 171.0 1016.0 168.0 1006.0 small-vehicle 0
455.0 731.0 474.0 729.0 472.0 759.0 454.0 758.0 ship 0
127.0 402.0 120.0 387.0 154.0 377.0 158.0 394.0 ship 0
99.0 883.0 107.0 880.0 112.0 898.0 105.0 901.0 small-vehicle 1
112.0 890.0 120.0 887.0 126.0 902.0 118.0 906.0 small-vehicle 1
492.0 56.0 510.0 133.0 352.0 166.0 333.0 86.0 harbor 0
