imagesource:GoogleEarth
gsd:0.556506151857
98.0 1044.0 96.0 1038.0 112.0 1033.0 114.0 1040.0 ship 1
161.0 832.0 159.0 823.0 176.0 819.0 178.0 827.0 ship 0
87.0 685.0 78.0 688.0 70.0 666.0 80.0 663.0 ship 0
151.0 637.0 161.0 633.0 169.0 654.0 161.0 657.0 ship 0
133.0 765.0 139.0 765.0 136.0 779.0 130.0 777.0 ship 1
141.0 760.0 148.0 760.0 146.0 774.0 139.0 775.0 ship 1
149.0 756.0 156.0 757.0 153.0 774.0 145.0 771.0 ship 0
171.0 781.0 173.0 789.0 155.0 791.0 153.0 784.0 ship 0
170.0 790.0 172.0 797.0 157.0 799.0 155.0 793.0 ship 0
174.0 802.0 176.0 811.0 158.0 815.0 155.0 807.0 ship 0
176.0 836.0 178.0 843.0 164.0 846.0 162.0 838.0 ship 1
91.0 1017.0 90.0 1012.0 104.0 1007.0 105.0 1012.0 ship 1
178.0 850.0 180.0 858.0 164.0 860.0 164.0 852.0 ship 0
183.0 858.0 183.0 865.0 164.0 867.0 165.0 861.0 ship 0
179.0 865.0 179.0 872.0 167.0 872.0 167.0 867.0 ship 1
23.0 839.0 20.0 833.0 40.0 826.0 42.0 834.0 ship 0
20.0 831.0 17.0 822.0 37.0 816.0 41.0 824.0 ship 0
99.0 825.0 95.0 817.0 110.0 811.0 113.0 821.0 ship 0
144.0 815.0 153.0 815.0 155.0 828.0 146.0 830.0 small-vehicle 1
151.0 877.0 159.0 875.0 160.0 889.0 153.0 890.0 small-vehicle 1
200.0 639.0 192.0 643.0 182.0 624.0 190.0 620.0 ship 0
143.0 641.0 152.0 636.0 160.0 655.0 152.0 660.0 ship 0
151.0 684.0 143.0 687.0 136.0 671.0 143.0 668.0 ship 0
59.0 673.0 69.0 667.0 79.0 687.0 70.0 692.0 ship 0
184.0 310.0 172.0 306.0 193.0 245.0 205.0 249.0 harbor 0
265.0 324.0 244.0 318.0 264.0 232.0 287.0 237.0 harbor 0
326.0 343.0 308.0 338.0 332.0 250.0 351.0 255.0 harbor 0
415.0 419.0 398.0 412.0 423.0 339.0 441.0 345.0 harbor 0
588.0 411.0 563.0 411.0 569.0 291.0 589.0 291.0 harbor 0
325.0 746.0 345.0 741.0 374.0 882.0 356.0 887.0 harbor 0
277.0 815.0 290.0 818.0 262.0 945.0 248.0 942.0 harbor 0
219.0 831.0 252.0 833.0 241.0 920.0 210.0 916.0 harbor 0
210.0 612.0 228.0 657.0 41.0 734.0 25.0 689.0 harbor 0
196.0 270.0 205.0 273.0 199.0 294.0 188.0 291.0 ship 0
241.0 652.0 228.0 658.0 211.0 624.0 224.0 617.0 ship 0
84.0 656.0 95.0 652.0 106.0 680.0 95.0 685.0 ship 0
34.0 703.0 29.0 691.0 58.0 680.0 62.0 692.0 ship 0
44.0 712.0 38.0 700.0 64.0 690.0 69.0 702.0 ship 0
48.0 723.0 43.0 712.0 68.0 703.0 72.0 713.0 ship 0
102.0 710.0 105.0 718.0 84.0 726.0 83.0 718.0 ship 0
79.0 786.0 75.0 775.0 97.0 766.0 101.0 779.0 ship 0
138.0 885.0 146.0 883.0 151.0 897.0 142.0 900.0 small-vehicle 1
133.0 899.0 142.0 896.0 146.0 909.0 138.0 913.0 small-vehicle 1
121.0 812.0 128.0 809.0 130.0 823.0 123.0 825.0 small-vehicle 1
132.0 966.0 135.0 970.0 123.0 980.0 119.0 975.0 ship 0
256.0 849.0 249.0 847.0 251.0 837.0 258.0 837.0 ship 1
135.0 972.0 138.0 977.0 126.0 987.0 123.0 983.0 ship 0
156.0 1044.0 154.0 1049.0 139.0 1045.0 141.0 1039.0 ship 0
158.0 1051.0 156.0 1059.0 140.0 1054.0 143.0 1047.0 ship 0
95.0 1038.0 93.0 1033.0 110.0 1028.0 112.0 1033.0 ship 0
93.0 1026.0 91.0 1022.0 107.0 1017.0 109.0 1022.0 ship 0
94.0 1031.0 92.0 1025.0 108.0 1020.0 109.0 1026.0 ship 0
211.0 1041.0 226.0 1035.0 230.0 1043.0 216.0 1049.0 swimming-pool 0
163.0 636.0 167.0 633.0 175.0 645.0 169.0 649.0 ship 1
193.0 621.0 201.0 618.0 206.0 633.0 197.0 636.0 ship 0
121.0 680.0 128.0 675.0 134.0 689.0 128.0 692.0 ship 0
154.0 665.0 161.0 662.0 166.0 674.0 160.0 677.0 ship 1
161.0 680.0 154.0 684.0 146.0 670.0 153.0 666.0 ship 0
99.0 660.0 110.0 657.0 116.0 672.0 106.0 677.0 ship 0
87.0 712.0 79.0 716.0 71.0 698.0 79.0 694.0 ship 0
98.0 707.0 91.0 710.0 84.0 694.0 92.0 690.0 ship 0
531.0 985.0 537.0 982.0 542.0 994.0 535.0 997.0 small-vehicle 1
88.0 1011.0 87.0 1006.0 102.0 1001.0 103.0 1007.0 ship 0
127.0 954.0 131.0 957.0 121.0 969.0 116.0 964.0 ship 0
124.0 825.0 131.0 821.0 134.0 833.0 127.0 835.0 small-vehicle 1
126.0 947.0 131.0 950.0 120.0 960.0 114.0 957.0 ship 1
134.0 819.0 141.0 817.0 144.0 830.0 135.0 831.0 small-vehicle 1
132.0 807.0 137.0 805.0 138.0 817.0 133.0 818.0 small-vehicle 1
138.0 805.0 145.0 803.0 145.0 815.0 139.0 817.0 small-vehicle 1
118.0 863.0 111.0 868.0 105.0 858.0 111.0 852.0 small-vehicle 1
123.0 880.0 115.0 883.0 108.0 872.0 115.0 867.0 small-vehicle 1
127.0 891.0 119.0 896.0 112.0 883.0 118.0 879.0 small-vehicle 1
128.0 902.0 120.0 907.0 112.0 896.0 118.0 892.0 small-vehicle 1
133.0 920.0 126.0 924.0 118.0 915.0 126.0 909.0 small-vehicle 1
138.0 937.0 131.0 942.0 123.0 928.0 130.0 924.0 small-vehicle 0
342.0 735.0 344.0 743.0 328.0 747.0 324.0 740.0 ship 0
76.0 965.0 74.0 960.0 93.0 955.0 94.0 960.0 ship 0
78.0 973.0 76.0 966.0 91.0 963.0 92.0 969.0 ship 0
81.0 984.0 79.0 978.0 93.0 974.0 95.0 980.0 ship 1
84.0 989.0 82.0 984.0 97.0 980.0 99.0 985.0 ship 0
85.0 994.0 84.0 990.0 98.0 986.0 99.0 991.0 ship 1
86.0 1000.0 84.0 995.0 101.0 989.0 103.0 996.0 ship 0
87.0 1005.0 86.0 1001.0 100.0 997.0 101.0 1002.0 ship 1
133.0 269.0 127.0 271.0 120.0 218.0 126.0 216.0 harbor 0
