imagesource:GoogleEarth
gsd:0.503369737951
571.0 313.0 562.0 306.0 575.0 292.0 582.0 299.0 ship 0
228.0 316.0 255.0 315.0 255.0 330.0 228.0 329.0 swimming-pool 0
392.0 482.0 355.0 500.0 323.0 437.0 363.0 417.0 harbor 0
581.0 331.0 569.0 323.0 606.0 268.0 620.0 278.0 harbor 0
780.0 192.0 761.0 200.0 739.0 145.0 756.0 137.0 harbor 0
857.0 210.0 843.0 212.0 834.0 158.0 846.0 155.0 harbor 0
1004.0 164.0 974.0 172.0 957.0 108.0 986.0 100.0 harbor 0
1168.0 146.0 1142.0 148.0 1135.0 76.0 1162.0 72.0 harbor 0
1179.0 771.0 1198.0 745.0 1233.0 773.0 1212.0 798.0 harbor 0
1129.0 691.0 1133.0 716.0 1077.0 729.0 1072.0 705.0 harbor 0
648.0 662.0 679.0 654.0 693.0 706.0 665.0 715.0 harbor 0
424.0 670.0 445.0 664.0 463.0 725.0 441.0 732.0 harbor 0
193.0 813.0 196.0 803.0 250.0 816.0 247.0 827.0 harbor 0
596.0 308.0 605.0 315.0 591.0 336.0 581.0 330.0 ship 0
1141.0 158.0 1141.0 147.0 1165.0 145.0 1167.0 156.0 ship 0
473.0 832.0 501.0 826.0 504.0 839.0 475.0 839.0 swimming-pool 0
662.0 763.0 672.0 762.0 674.0 779.0 666.0 780.0 small-vehicle 0
678.0 682.0 683.0 685.0 679.0 695.0 672.0 692.0 ship 1
19.0 141.0 6.0 133.0 25.0 106.0 37.0 114.0 harbor 0
273.0 540.0 222.0 545.0 221.0 462.0 271.0 458.0 harbor 0
