imagesource:GoogleEarth
gsd:0.270077995615
844.0 977.0 851.0 984.0 836.0 999.0 829.0 992.0 small-vehicle 0
431.0 849.0 415.0 831.0 469.0 789.0 485.0 809.0 harbor 0
422.0 1025.0 414.0 1007.0 454.0 993.0 461.0 1010.0 ship 0
451.0 1014.0 458.0 1027.0 422.0 1046.0 413.0 1035.0 ship 0
481.0 1035.0 461.0 1030.0 476.0 978.0 495.0 983.0 ship 0
381.0 270.0 383.0 286.0 344.0 294.0 342.0 274.0 ship 0
361.0 130.0 377.0 133.0 366.0 165.0 352.0 160.0 ship 0
446.0 1042.0 416.0 954.0 742.0 844.0 774.0 935.0 harbor 0
319.0 847.0 284.0 804.0 467.0 644.0 504.0 682.0 harbor 0
380.0 264.0 376.0 246.0 386.0 244.0 391.0 262.0 ship 0
366.0 689.0 321.0 653.0 393.0 568.0 435.0 602.0 harbor 0
177.0 574.0 166.0 607.0 86.0 580.0 99.0 548.0 harbor 0
369.0 404.0 379.0 383.0 446.0 408.0 437.0 429.0 harbor 0
350.0 313.0 341.0 274.0 459.0 250.0 468.0 293.0 harbor 0
347.0 186.0 319.0 176.0 353.0 76.0 380.0 85.0 harbor 0
232.0 110.0 226.0 138.0 146.0 130.0 152.0 102.0 harbor 0
455.0 981.0 458.0 997.0 423.0 1005.0 419.0 989.0 ship 0
422.0 988.0 417.0 970.0 463.0 956.0 468.0 972.0 ship 0
417.0 970.0 412.0 952.0 454.0 940.0 459.0 956.0 ship 0
506.0 960.0 491.0 964.0 479.0 930.0 496.0 924.0 ship 0
488.0 963.0 477.0 966.0 467.0 938.0 479.0 933.0 ship 0
555.0 938.0 537.0 943.0 529.0 909.0 548.0 904.0 ship 0
530.0 1005.0 513.0 1000.0 523.0 961.0 542.0 968.0 ship 0
573.0 988.0 559.0 988.0 563.0 951.0 577.0 951.0 ship 0
629.0 968.0 611.0 965.0 619.0 925.0 638.0 929.0 ship 0
620.0 883.0 639.0 881.0 644.0 911.0 624.0 915.0 ship 0
666.0 959.0 652.0 957.0 657.0 920.0 671.0 922.0 ship 0
703.0 861.0 718.0 855.0 727.0 880.0 713.0 884.0 ship 0
779.0 853.0 765.0 857.0 760.0 834.0 774.0 831.0 ship 0
795.0 868.0 804.0 866.0 808.0 889.0 800.0 890.0 small-vehicle 0
816.0 805.0 823.0 803.0 829.0 821.0 821.0 824.0 small-vehicle 0
807.0 168.0 824.0 190.0 781.0 219.0 764.0 196.0 swimming-pool 0
737.0 286.0 743.0 294.0 725.0 310.0 718.0 304.0 ship 0
222.0 21.0 220.0 64.0 158.0 63.0 160.0 20.0 harbor 0
