imagesource:GoogleEarth
gsd:0.255756457873
252.0 162.0 266.0 162.0 262.0 186.0 249.0 183.0 ship 1
251.0 105.0 266.0 108.0 261.0 129.0 247.0 127.0 ship 0
396.0 446.0 295.0 464.0 267.0 318.0 367.0 300.0 harbor 0
573.0 454.0 496.0 475.0 453.0 319.0 534.0 300.0 harbor 0
915.0 230.0 912.0 208.0 1033.0 200.0 1036.0 219.0 harbor 0
811.0 103.0 829.0 64.0 845.0 71.0 828.0 111.0 harbor 0
886.0 509.0 884.0 488.0 1012.0 475.0 1016.0 498.0 harbor 0
873.0 397.0 868.0 361.0 997.0 346.0 1004.0 381.0 harbor 0
861.0 697.0 855.0 648.0 1026.0 635.0 1029.0 684.0 harbor 0
144.0 91.0 146.0 80.0 173.0 85.0 172.0 96.0 small-vehicle 0
149.0 78.0 149.0 70.0 173.0 73.0 173.0 81.0 small-vehicle 0
145.0 124.0 145.0 113.0 168.0 114.0 168.0 124.0 small-vehicle 0
344.0 61.0 355.0 61.0 356.0 81.0 345.0 81.0 small-vehicle 0
333.0 56.0 333.0 67.0 311.0 69.0 310.0 58.0 small-vehicle 0
459.0 98.0 472.0 94.0 479.0 117.0 468.0 120.0 small-vehicle 0
334.0 100.0 348.0 102.0 344.0 126.0 332.0 125.0 small-vehicle 0
1087.0 58.0 1088.0 72.0 1056.0 78.0 1054.0 62.0 ship 0
812.0 99.0 799.0 93.0 812.0 67.0 823.0 71.0 ship 0
940.0 221.0 940.0 236.0 911.0 237.0 911.0 224.0 ship 0
361.0 453.0 340.0 451.0 342.0 409.0 362.0 410.0 ship 0
342.0 88.0 358.0 88.0 360.0 114.0 346.0 116.0 ship 0
98.0 552.0 46.0 552.0 57.0 357.0 108.0 356.0 harbor 0
