imagesource:GoogleEarth
gsd:0.263511346804
164.0 345.0 173.0 348.0 166.0 369.0 156.0 364.0 ship 1
301.0 995.0 293.0 991.0 301.0 980.0 308.0 984.0 ship 1
439.0 367.0 433.0 435.0 390.0 432.0 395.0 363.0 harbor 0
497.0 496.0 482.0 545.0 341.0 500.0 359.0 454.0 harbor 0
427.0 578.0 406.0 639.0 321.0 610.0 345.0 552.0 harbor 0
280.0 792.0 260.0 810.0 221.0 769.0 242.0 751.0 harbor 0
262.0 877.0 243.0 905.0 179.0 865.0 197.0 840.0 harbor 0
179.0 1084.0 138.0 1082.0 143.0 1026.0 182.0 1027.0 harbor 0
962.0 437.0 999.0 443.0 984.0 549.0 947.0 546.0 harbor 0
235.0 350.0 239.0 340.0 255.0 348.0 253.0 357.0 small-vehicle 0
177.0 341.0 188.0 344.0 182.0 365.0 170.0 361.0 small-vehicle 0
101.0 289.0 111.0 291.0 105.0 312.0 97.0 311.0 small-vehicle 0
150.0 337.0 163.0 341.0 158.0 360.0 145.0 357.0 small-vehicle 0
888.0 629.0 881.0 637.0 863.0 625.0 870.0 616.0 small-vehicle 0
304.0 1005.0 297.0 1014.0 277.0 1001.0 283.0 991.0 ship 0
156.0 1070.0 156.0 1057.0 184.0 1060.0 184.0 1072.0 ship 0
380.0 618.0 385.0 605.0 414.0 615.0 410.0 627.0 ship 0
228.0 234.0 225.0 247.0 193.0 240.0 197.0 226.0 ship 0
223.0 1.0 232.0 3.0 224.0 21.0 216.0 17.0 ship 0
540.0 290.0 537.0 332.0 404.0 328.0 407.0 285.0 harbor 0
