imagesource:GoogleEarth
gsd:0.270116721748
532.0 126.0 536.0 140.0 517.0 145.0 512.0 131.0 ship 0
110.0 463.0 101.0 462.0 103.0 439.0 114.0 440.0 ship 0
11.0 525.0 13.0 513.0 47.0 517.0 45.0 529.0 ship 0
91.0 442.0 101.0 442.0 101.0 465.0 89.0 466.0 small-vehicle 0
77.0 509.0 78.0 495.0 111.0 500.0 110.0 512.0 small-vehicle 0
174.0 222.0 185.0 224.0 181.0 244.0 169.0 241.0 small-vehicle 0
262.0 981.0 240.0 1033.0 54.0 953.0 78.0 907.0 harbor 0
388.0 691.0 353.0 762.0 210.0 686.0 248.0 620.0 harbor 0
67.0 698.0 95.0 700.0 99.0 645.0 70.0 642.0 swimming-pool 0
471.0 491.0 456.0 528.0 350.0 488.0 365.0 450.0 harbor 0
230.0 398.0 252.0 399.0 250.0 442.0 226.0 440.0 swimming-pool 0
558.0 268.0 554.0 292.0 430.0 276.0 434.0 248.0 harbor 0
572.0 170.0 566.0 188.0 444.0 151.0 451.0 132.0 harbor 0
616.0 53.0 612.0 72.0 462.0 50.0 467.0 30.0 harbor 0
