imagesource:GoogleEarth
gsd:0.123538522831
1425.0 702.0 1438.0 697.0 1451.0 729.0 1438.0 734.0 large-vehicle 0
698.0 535.0 714.0 536.0 710.0 575.0 694.0 574.0 small-vehicle 0
516.0 341.0 515.0 322.0 580.0 323.0 581.0 342.0 large-vehicle 0
109.0 248.0 108.0 271.0 62.0 266.0 63.0 244.0 small-vehicle 0
296.0 453.0 293.0 469.0 258.0 464.0 259.0 449.0 small-vehicle 0
340.0 458.0 340.0 475.0 301.0 470.0 303.0 455.0 small-vehicle 0
572.0 402.0 573.0 381.0 628.0 386.0 627.0 407.0 small-vehicle 0
634.0 481.0 635.0 500.0 590.0 497.0 591.0 479.0 small-vehicle 0
589.0 479.0 589.0 497.0 541.0 492.0 543.0 473.0 small-vehicle 0
581.0 531.0 581.0 549.0 537.0 548.0 538.0 528.0 small-vehicle 0
476.0 388.0 476.0 373.0 515.0 377.0 515.0 391.0 small-vehicle 0
531.0 396.0 531.0 380.0 569.0 383.0 569.0 399.0 small-vehicle 0
172.0 434.0 170.0 455.0 95.0 450.0 100.0 428.0 large-vehicle 0
642.0 549.0 641.0 565.0 604.0 567.0 602.0 550.0 small-vehicle 0
637.0 571.0 637.0 590.0 600.0 585.0 601.0 569.0 small-vehicle 0
632.0 593.0 629.0 614.0 590.0 608.0 591.0 590.0 small-vehicle 0
627.0 620.0 624.0 636.0 588.0 630.0 590.0 614.0 small-vehicle 0
596.0 663.0 590.0 646.0 628.0 636.0 634.0 652.0 small-vehicle 0
532.0 649.0 554.0 649.0 551.0 687.0 531.0 686.0 small-vehicle 0
430.0 687.0 418.0 674.0 447.0 646.0 458.0 661.0 small-vehicle 0
708.0 667.0 688.0 666.0 693.0 625.0 711.0 627.0 small-vehicle 0
515.0 291.0 518.0 274.0 579.0 284.0 577.0 300.0 large-vehicle 0
1361.0 754.0 1342.0 748.0 1360.0 688.0 1382.0 694.0 large-vehicle 0
1334.0 728.0 1315.0 719.0 1341.0 666.0 1361.0 674.0 large-vehicle 0
1445.0 931.0 1442.0 954.0 1385.0 941.0 1386.0 920.0 large-vehicle 0
207.0 235.0 199.0 257.0 140.0 242.0 148.0 219.0 large-vehicle 0
190.0 258.0 186.0 279.0 130.0 269.0 133.0 247.0 large-vehicle 0
430.0 329.0 431.0 310.0 499.0 314.0 498.0 334.0 large-vehicle 0
911.0 304.0 892.0 301.0 899.0 245.0 919.0 246.0 large-vehicle 0
934.0 310.0 915.0 306.0 924.0 248.0 945.0 252.0 large-vehicle 0
961.0 311.0 942.0 309.0 949.0 248.0 969.0 251.0 large-vehicle 0
986.0 312.0 965.0 306.0 976.0 253.0 999.0 258.0 large-vehicle 0
1271.0 697.0 1258.0 685.0 1308.0 641.0 1320.0 656.0 large-vehicle 0
1252.0 648.0 1237.0 633.0 1284.0 587.0 1298.0 601.0 large-vehicle 0
285.0 298.0 282.0 317.0 221.0 312.0 224.0 293.0 large-vehicle 0
1236.0 616.0 1221.0 602.0 1272.0 561.0 1284.0 576.0 large-vehicle 0
1262.0 674.0 1248.0 659.0 1294.0 620.0 1308.0 635.0 large-vehicle 0
1306.0 723.0 1287.0 711.0 1316.0 663.0 1334.0 673.0 large-vehicle 0
865.0 306.0 847.0 303.0 853.0 242.0 874.0 244.0 large-vehicle 0
886.0 306.0 869.0 304.0 877.0 244.0 896.0 246.0 large-vehicle 0
1004.0 320.0 989.0 315.0 999.0 273.0 1014.0 276.0 large-vehicle 0
187.0 290.0 185.0 310.0 128.0 306.0 130.0 284.0 large-vehicle 0
288.0 274.0 283.0 295.0 224.0 286.0 229.0 262.0 large-vehicle 0
734.0 617.0 716.0 614.0 721.0 575.0 738.0 577.0 small-vehicle 0
736.0 563.0 716.0 562.0 721.0 520.0 740.0 520.0 small-vehicle 0
749.0 419.0 748.0 399.0 796.0 398.0 796.0 419.0 small-vehicle 0
939.0 516.0 938.0 532.0 897.0 529.0 897.0 513.0 small-vehicle 0
933.0 434.0 936.0 417.0 972.0 420.0 970.0 437.0 small-vehicle 0
878.0 427.0 877.0 412.0 922.0 416.0 920.0 431.0 small-vehicle 0
1109.0 367.0 1119.0 385.0 1083.0 404.0 1075.0 389.0 small-vehicle 0
1190.0 387.0 1189.0 408.0 1139.0 403.0 1140.0 381.0 small-vehicle 0
1247.0 393.0 1245.0 416.0 1202.0 410.0 1203.0 388.0 small-vehicle 0
1297.0 395.0 1297.0 418.0 1251.0 414.0 1254.0 390.0 small-vehicle 0
1178.0 316.0 1182.0 335.0 1138.0 343.0 1136.0 323.0 small-vehicle 0
1241.0 326.0 1239.0 344.0 1193.0 337.0 1193.0 317.0 small-vehicle 0
1349.0 336.0 1349.0 358.0 1302.0 352.0 1305.0 331.0 small-vehicle 0
1311.0 350.0 1309.0 372.0 1270.0 367.0 1270.0 345.0 small-vehicle 0
1403.0 346.0 1401.0 364.0 1361.0 359.0 1361.0 342.0 small-vehicle 0
1455.0 349.0 1454.0 368.0 1412.0 363.0 1414.0 345.0 small-vehicle 0
1413.0 407.0 1412.0 424.0 1373.0 418.0 1375.0 401.0 small-vehicle 0
821.0 275.0 837.0 274.0 832.0 313.0 815.0 313.0 small-vehicle 0
1004.0 352.0 998.0 368.0 957.0 356.0 963.0 339.0 small-vehicle 0
912.0 361.0 912.0 377.0 873.0 377.0 874.0 360.0 small-vehicle 0
958.0 325.0 957.0 349.0 895.0 347.0 896.0 323.0 large-vehicle 0
815.0 316.0 835.0 317.0 830.0 370.0 811.0 369.0 large-vehicle 0
1286.0 329.0 1285.0 344.0 1241.0 341.0 1242.0 325.0 small-vehicle 0
1003.0 441.0 1005.0 422.0 1046.0 427.0 1045.0 445.0 small-vehicle 0
1051.0 446.0 1051.0 429.0 1090.0 431.0 1090.0 447.0 small-vehicle 0
1108.0 454.0 1109.0 433.0 1154.0 438.0 1153.0 457.0 small-vehicle 0
1123.0 677.0 1100.0 674.0 1108.0 626.0 1130.0 630.0 small-vehicle 0
881.0 509.0 882.0 525.0 844.0 522.0 846.0 504.0 small-vehicle 0
841.0 502.0 842.0 517.0 797.0 516.0 796.0 501.0 small-vehicle 0
986.0 520.0 985.0 537.0 946.0 534.0 946.0 516.0 small-vehicle 0
1039.0 523.0 1038.0 541.0 997.0 537.0 996.0 521.0 small-vehicle 0
1022.0 619.0 1015.0 605.0 1045.0 583.0 1056.0 597.0 small-vehicle 0
1036.0 639.0 1025.0 627.0 1049.0 607.0 1058.0 618.0 small-vehicle 0
1101.0 619.0 1084.0 617.0 1087.0 574.0 1104.0 575.0 small-vehicle 0
1127.0 618.0 1109.0 615.0 1112.0 575.0 1131.0 577.0 small-vehicle 0
1174.0 554.0 1158.0 542.0 1183.0 507.0 1197.0 519.0 small-vehicle 0
1164.0 458.0 1165.0 439.0 1206.0 443.0 1204.0 461.0 small-vehicle 0
1190.0 562.0 1176.0 552.0 1197.0 517.0 1211.0 528.0 small-vehicle 0
1203.0 575.0 1189.0 565.0 1218.0 528.0 1234.0 540.0 small-vehicle 0
1219.0 673.0 1198.0 677.0 1188.0 634.0 1209.0 631.0 small-vehicle 0
1200.0 615.0 1184.0 625.0 1161.0 584.0 1181.0 576.0 small-vehicle 0
1409.0 749.0 1385.0 752.0 1377.0 707.0 1398.0 704.0 small-vehicle 0
1339.0 477.0 1341.0 457.0 1382.0 461.0 1381.0 479.0 small-vehicle 0
1261.0 468.0 1262.0 448.0 1307.0 453.0 1304.0 473.0 small-vehicle 0
1214.0 462.0 1216.0 442.0 1255.0 447.0 1252.0 466.0 small-vehicle 0
413.0 279.0 418.0 258.0 479.0 268.0 477.0 288.0 large-vehicle 0
