imagesource:GoogleEarth
gsd:0.248935865917
1093.0 354.0 1055.0 345.0 1076.0 266.0 1114.0 274.0 harbor 1
1344.0 49.0 1347.0 60.0 1328.0 66.0 1325.0 55.0 small-vehicle 0
76.0 396.0 45.0 356.0 104.0 306.0 134.0 346.0 harbor 0
206.0 619.0 169.0 583.0 257.0 490.0 295.0 522.0 harbor 0
438.0 758.0 409.0 746.0 451.0 625.0 483.0 637.0 harbor 0
871.0 596.0 829.0 626.0 751.0 503.0 788.0 478.0 harbor 0
945.0 469.0 921.0 486.0 846.0 366.0 872.0 350.0 harbor 0
1272.0 474.0 1204.0 474.0 1208.0 346.0 1276.0 346.0 harbor 0
1475.0 444.0 1424.0 462.0 1389.0 353.0 1442.0 335.0 harbor 0
1575.0 346.0 1556.0 355.0 1517.0 271.0 1536.0 263.0 harbor 0
311.0 54.0 306.0 46.0 326.0 36.0 332.0 45.0 small-vehicle 0
458.0 122.0 448.0 128.0 438.0 107.0 447.0 103.0 small-vehicle 0
516.0 107.0 513.0 116.0 495.0 113.0 496.0 103.0 small-vehicle 0
446.0 189.0 437.0 181.0 455.0 160.0 462.0 167.0 small-vehicle 0
442.0 217.0 431.0 219.0 427.0 197.0 438.0 195.0 small-vehicle 0
472.0 243.0 462.0 238.0 475.0 213.0 486.0 218.0 small-vehicle 0
448.0 265.0 441.0 254.0 462.0 240.0 470.0 249.0 small-vehicle 0
598.0 339.0 589.0 347.0 573.0 327.0 583.0 320.0 small-vehicle 0
860.0 138.0 855.0 128.0 881.0 122.0 883.0 133.0 small-vehicle 0
877.0 36.0 880.0 46.0 857.0 50.0 854.0 41.0 small-vehicle 0
1290.0 79.0 1303.0 78.0 1303.0 103.0 1292.0 104.0 small-vehicle 0
1361.0 51.0 1351.0 48.0 1357.0 27.0 1367.0 29.0 small-vehicle 0
1198.0 100.0 1192.0 93.0 1207.0 76.0 1216.0 83.0 small-vehicle 0
11.0 161.0 1.0 138.0 49.0 114.0 60.0 135.0 harbor 0
