imagesource:GoogleEarth
gsd:0.248914666303
392.0 656.0 405.0 655.0 404.0 687.0 394.0 686.0 small-vehicle 1
1565.0 588.0 1551.0 587.0 1552.0 550.0 1568.0 552.0 ship 0
316.0 605.0 315.0 594.0 340.0 592.0 341.0 602.0 small-vehicle 0
342.0 195.0 281.0 221.0 259.0 161.0 321.0 139.0 harbor 0
303.0 204.0 293.0 209.0 282.0 183.0 292.0 179.0 ship 0
1522.0 548.0 1551.0 547.0 1547.0 626.0 1519.0 627.0 harbor 0
1476.0 445.0 1496.0 457.0 1447.0 545.0 1428.0 534.0 harbor 0
1426.0 404.0 1458.0 431.0 1418.0 476.0 1386.0 450.0 harbor 0
1376.0 756.0 1353.0 751.0 1361.0 707.0 1384.0 712.0 swimming-pool 0
907.0 418.0 874.0 413.0 884.0 353.0 918.0 357.0 swimming-pool 0
1223.0 243.0 1272.0 264.0 1237.0 337.0 1190.0 316.0 harbor 0
1079.0 208.0 1110.0 213.0 1103.0 272.0 1073.0 268.0 harbor 0
923.0 248.0 979.0 246.0 978.0 314.0 925.0 315.0 harbor 0
783.0 276.0 822.0 273.0 826.0 334.0 789.0 340.0 harbor 0
640.0 282.0 666.0 281.0 665.0 337.0 641.0 338.0 harbor 0
520.0 338.0 546.0 334.0 552.0 384.0 527.0 390.0 harbor 0
455.0 346.0 477.0 350.0 470.0 394.0 448.0 390.0 harbor 0
104.0 322.0 90.0 337.0 68.0 316.0 82.0 301.0 harbor 0
624.0 101.0 602.0 108.0 580.0 55.0 604.0 47.0 harbor 0
548.0 126.0 522.0 129.0 517.0 83.0 543.0 78.0 harbor 0
419.0 134.0 392.0 134.0 390.0 78.0 414.0 76.0 harbor 0
82.0 664.0 79.0 655.0 99.0 648.0 102.0 656.0 small-vehicle 0
37.0 793.0 32.0 784.0 53.0 773.0 56.0 783.0 small-vehicle 0
46.0 804.0 40.0 796.0 58.0 783.0 63.0 792.0 small-vehicle 0
652.0 555.0 664.0 556.0 660.0 576.0 650.0 576.0 small-vehicle 0
1308.0 656.0 1307.0 667.0 1287.0 664.0 1287.0 655.0 small-vehicle 0
1039.0 510.0 1031.0 509.0 1029.0 491.0 1039.0 492.0 small-vehicle 0
1170.0 463.0 1159.0 459.0 1169.0 431.0 1180.0 434.0 ship 0
1015.0 483.0 1004.0 482.0 1006.0 455.0 1018.0 456.0 ship 0
974.0 558.0 963.0 559.0 965.0 530.0 975.0 531.0 small-vehicle 0
1029.0 512.0 1040.0 512.0 1038.0 532.0 1029.0 532.0 small-vehicle 0
1027.0 520.0 1017.0 520.0 1019.0 495.0 1028.0 497.0 small-vehicle 0
1004.0 487.0 1014.0 487.0 1013.0 510.0 1006.0 511.0 small-vehicle 0
775.0 533.0 785.0 532.0 785.0 554.0 777.0 554.0 small-vehicle 0
537.0 712.0 527.0 712.0 525.0 693.0 535.0 692.0 small-vehicle 0
1141.0 628.0 1135.0 619.0 1151.0 607.0 1157.0 615.0 small-vehicle 0
733.0 686.0 724.0 687.0 722.0 672.0 731.0 671.0 small-vehicle 0
897.0 614.0 897.0 603.0 923.0 605.0 922.0 616.0 small-vehicle 0
768.0 631.0 768.0 639.0 736.0 639.0 736.0 630.0 small-vehicle 0
678.0 603.0 680.0 594.0 705.0 596.0 706.0 605.0 small-vehicle 0
578.0 805.0 587.0 803.0 590.0 821.0 581.0 822.0 small-vehicle 0
491.0 599.0 491.0 587.0 512.0 588.0 513.0 600.0 small-vehicle 0
444.0 630.0 444.0 620.0 469.0 620.0 468.0 631.0 small-vehicle 0
235.0 214.0 169.0 241.0 157.0 214.0 224.0 184.0 harbor 0
