imagesource:GoogleEarth
gsd:0.133627071183
751.0 47.0 732.0 46.0 737.0 2.0 755.0 3.0 small-vehicle 1
833.0 1100.0 832.0 1117.0 789.0 1111.0 791.0 1094.0 small-vehicle 0
468.0 345.0 465.0 367.0 415.0 361.0 417.0 340.0 ship 0
343.0 532.0 343.0 552.0 266.0 550.0 266.0 530.0 large-vehicle 0
60.0 614.0 63.0 594.0 110.0 602.0 109.0 621.0 small-vehicle 0
67.0 641.0 69.0 622.0 109.0 628.0 108.0 646.0 small-vehicle 0
56.0 722.0 58.0 702.0 106.0 709.0 101.0 727.0 small-vehicle 0
458.0 763.0 460.0 748.0 495.0 753.0 493.0 766.0 small-vehicle 0
252.0 943.0 254.0 922.0 297.0 927.0 294.0 948.0 small-vehicle 0
562.0 973.0 563.0 955.0 607.0 960.0 605.0 976.0 small-vehicle 0
658.0 1027.0 657.0 1043.0 618.0 1039.0 618.0 1025.0 small-vehicle 0
608.0 978.0 610.0 958.0 657.0 964.0 656.0 985.0 small-vehicle 0
617.0 1111.0 620.0 1097.0 657.0 1103.0 654.0 1119.0 small-vehicle 0
663.0 1078.0 663.0 1095.0 627.0 1091.0 625.0 1074.0 small-vehicle 0
565.0 1104.0 561.0 1122.0 524.0 1115.0 527.0 1098.0 small-vehicle 0
629.0 1115.0 628.0 1133.0 584.0 1127.0 585.0 1110.0 small-vehicle 0
463.0 740.0 464.0 725.0 496.0 728.0 495.0 743.0 small-vehicle 0
706.0 1018.0 709.0 997.0 760.0 1004.0 757.0 1024.0 small-vehicle 0
823.0 1044.0 822.0 1060.0 784.0 1057.0 785.0 1042.0 small-vehicle 0
797.0 996.0 798.0 979.0 832.0 983.0 830.0 999.0 small-vehicle 0
658.0 982.0 658.0 965.0 689.0 966.0 689.0 983.0 small-vehicle 0
292.0 461.0 294.0 444.0 334.0 450.0 330.0 467.0 small-vehicle 0
234.0 459.0 235.0 438.0 277.0 442.0 276.0 460.0 small-vehicle 0
573.0 377.0 576.0 361.0 612.0 370.0 608.0 384.0 small-vehicle 0
318.0 562.0 317.0 579.0 259.0 578.0 260.0 561.0 large-vehicle 0
343.0 479.0 339.0 498.0 251.0 487.0 252.0 469.0 large-vehicle 0
843.0 421.0 840.0 440.0 759.0 436.0 761.0 416.0 large-vehicle 0
707.0 859.0 708.0 879.0 648.0 879.0 647.0 859.0 large-vehicle 0
225.0 775.0 227.0 758.0 318.0 766.0 316.0 783.0 large-vehicle 0
840.0 449.0 838.0 468.0 750.0 459.0 753.0 440.0 large-vehicle 0
834.0 476.0 834.0 494.0 765.0 490.0 766.0 471.0 large-vehicle 0
599.0 456.0 597.0 475.0 516.0 469.0 516.0 449.0 large-vehicle 0
825.0 499.0 824.0 516.0 764.0 512.0 766.0 495.0 large-vehicle 0
319.0 592.0 318.0 607.0 261.0 606.0 262.0 590.0 large-vehicle 0
473.0 368.0 475.0 351.0 517.0 351.0 516.0 371.0 small-vehicle 0
322.0 620.0 322.0 636.0 242.0 636.0 243.0 618.0 large-vehicle 0
328.0 651.0 326.0 670.0 227.0 661.0 229.0 643.0 large-vehicle 0
228.0 693.0 229.0 674.0 328.0 679.0 326.0 697.0 large-vehicle 0
224.0 719.0 227.0 700.0 327.0 709.0 326.0 728.0 large-vehicle 0
221.0 750.0 222.0 731.0 319.0 735.0 318.0 754.0 large-vehicle 0
315.0 797.0 313.0 816.0 258.0 810.0 261.0 791.0 large-vehicle 0
611.0 47.0 610.0 63.0 572.0 59.0 573.0 44.0 small-vehicle 0
599.0 27.0 599.0 40.0 562.0 43.0 560.0 28.0 small-vehicle 0
867.0 1047.0 866.0 1064.0 832.0 1060.0 832.0 1042.0 small-vehicle 0
831.0 1137.0 828.0 1158.0 788.0 1152.0 790.0 1132.0 small-vehicle 0
174.0 978.0 175.0 999.0 146.0 998.0 147.0 976.0 small-vehicle 0
778.0 1133.0 761.0 1131.0 767.0 1090.0 784.0 1094.0 small-vehicle 0
773.0 536.0 775.0 519.0 816.0 522.0 814.0 537.0 small-vehicle 0
886.0 497.0 885.0 514.0 844.0 512.0 843.0 496.0 small-vehicle 0
786.0 581.0 786.0 563.0 826.0 563.0 827.0 580.0 small-vehicle 0
786.0 600.0 787.0 586.0 826.0 587.0 824.0 603.0 small-vehicle 0
844.0 488.0 846.0 472.0 889.0 474.0 889.0 492.0 small-vehicle 0
817.0 394.0 817.0 414.0 762.0 411.0 765.0 389.0 small-vehicle 0
721.0 105.0 738.0 107.0 733.0 139.0 716.0 138.0 small-vehicle 0
760.0 106.0 776.0 105.0 777.0 137.0 763.0 138.0 small-vehicle 0
779.0 107.0 797.0 109.0 793.0 142.0 776.0 140.0 small-vehicle 0
743.0 48.0 741.0 66.0 700.0 61.0 700.0 43.0 small-vehicle 0
847.0 120.0 865.0 122.0 858.0 156.0 843.0 152.0 small-vehicle 0
869.0 82.0 868.0 98.0 838.0 96.0 836.0 80.0 small-vehicle 0
886.0 110.0 902.0 113.0 894.0 146.0 879.0 144.0 small-vehicle 0
702.0 41.0 686.0 39.0 691.0 14.0 705.0 15.0 small-vehicle 0
725.0 35.0 708.0 33.0 710.0 15.0 726.0 16.0 small-vehicle 0
811.0 45.0 791.0 41.0 796.0 16.0 816.0 18.0 small-vehicle 0
12.0 786.0 14.0 760.0 85.0 767.0 84.0 794.0 large-vehicle 0
695.0 711.0 693.0 728.0 667.0 725.0 668.0 708.0 small-vehicle 0
700.0 743.0 699.0 761.0 668.0 760.0 668.0 742.0 small-vehicle 0
878.0 558.0 876.0 576.0 835.0 574.0 835.0 556.0 small-vehicle 0
883.0 537.0 881.0 556.0 838.0 555.0 839.0 537.0 small-vehicle 0
784.0 557.0 785.0 543.0 822.0 546.0 823.0 560.0 small-vehicle 0
866.0 702.0 863.0 720.0 823.0 714.0 823.0 696.0 small-vehicle 0
806.0 878.0 807.0 861.0 847.0 864.0 846.0 882.0 small-vehicle 0
808.0 902.0 809.0 886.0 845.0 891.0 843.0 906.0 small-vehicle 0
808.0 856.0 808.0 839.0 847.0 843.0 847.0 861.0 small-vehicle 0
813.0 839.0 813.0 821.0 851.0 823.0 852.0 841.0 small-vehicle 0
863.0 787.0 862.0 808.0 814.0 803.0 816.0 783.0 small-vehicle 0
860.0 765.0 860.0 784.0 821.0 780.0 820.0 762.0 small-vehicle 0
814.0 702.0 813.0 720.0 772.0 715.0 774.0 697.0 small-vehicle 0
819.0 736.0 819.0 717.0 860.0 722.0 858.0 739.0 small-vehicle 0
871.0 680.0 869.0 697.0 823.0 693.0 824.0 678.0 small-vehicle 0
787.0 622.0 787.0 604.0 825.0 607.0 824.0 624.0 small-vehicle 0
826.0 672.0 830.0 657.0 868.0 664.0 864.0 679.0 small-vehicle 0
818.0 674.0 817.0 694.0 775.0 690.0 777.0 672.0 small-vehicle 0
778.0 666.0 782.0 648.0 818.0 655.0 815.0 671.0 small-vehicle 0
784.0 644.0 784.0 629.0 821.0 631.0 820.0 647.0 small-vehicle 0
828.0 653.0 829.0 635.0 868.0 639.0 865.0 656.0 small-vehicle 0
873.0 620.0 870.0 639.0 829.0 635.0 829.0 617.0 small-vehicle 0
875.0 599.0 874.0 617.0 829.0 613.0 831.0 597.0 small-vehicle 0
875.0 580.0 874.0 596.0 831.0 594.0 834.0 578.0 small-vehicle 0
354.0 419.0 352.0 439.0 276.0 433.0 276.0 415.0 large-vehicle 0
