imagesource:GoogleEarth
gsd:0.127830713575
703.0 399.0 888.0 397.0 891.0 484.0 702.0 488.0 tennis-court 0
607.0 388.0 589.0 386.0 590.0 347.0 607.0 347.0 small-vehicle 0
102.0 305.0 103.0 287.0 141.0 286.0 141.0 305.0 small-vehicle 0
1.0 247.0 0.0 229.0 43.0 230.0 44.0 247.0 small-vehicle 0
61.0 270.0 59.0 284.0 33.0 283.0 31.0 270.0 small-vehicle 0
66.0 287.0 66.0 305.0 22.0 306.0 22.0 288.0 small-vehicle 0
451.0 260.0 540.0 259.0 543.0 447.0 455.0 449.0 tennis-court 0
330.0 262.0 420.0 261.0 423.0 448.0 334.0 450.0 tennis-court 0
210.0 264.0 298.0 262.0 301.0 451.0 213.0 451.0 tennis-court 0
