imagesource:GoogleEarth
gsd:0.126254823107
631.0 401.0 616.0 391.0 639.0 359.0 654.0 370.0 small-vehicle 0
633.0 483.0 642.0 503.0 609.0 522.0 600.0 501.0 small-vehicle 0
187.0 165.0 265.0 120.0 360.0 284.0 281.0 329.0 tennis-court 0
281.0 111.0 362.0 63.0 456.0 229.0 379.0 275.0 tennis-court 0
578.0 133.0 576.0 119.0 611.0 114.0 614.0 128.0 small-vehicle 0
481.0 315.0 494.0 306.0 510.0 340.0 498.0 349.0 small-vehicle 0
458.0 327.0 472.0 317.0 491.0 352.0 478.0 359.0 small-vehicle 0
477.0 364.0 457.0 374.0 439.0 337.0 456.0 327.0 small-vehicle 0
320.0 397.0 341.0 384.0 358.0 419.0 337.0 430.0 small-vehicle 0
573.0 368.0 582.0 387.0 547.0 406.0 535.0 390.0 small-vehicle 0
597.0 407.0 604.0 424.0 575.0 436.0 565.0 419.0 small-vehicle 0
612.0 443.0 623.0 461.0 587.0 480.0 577.0 464.0 small-vehicle 0
622.0 464.0 632.0 482.0 599.0 499.0 589.0 483.0 small-vehicle 0
513.0 509.0 495.0 516.0 479.0 486.0 494.0 478.0 small-vehicle 0
639.0 434.0 625.0 420.0 649.0 388.0 665.0 400.0 small-vehicle 0
473.0 479.0 456.0 489.0 437.0 450.0 453.0 442.0 small-vehicle 0
492.0 518.0 472.0 526.0 456.0 491.0 473.0 483.0 small-vehicle 0
413.0 504.0 399.0 510.0 381.0 477.0 395.0 468.0 small-vehicle 0
469.0 526.0 452.0 536.0 437.0 503.0 452.0 493.0 small-vehicle 0
416.0 508.0 433.0 498.0 453.0 536.0 434.0 543.0 small-vehicle 0
434.0 544.0 419.0 551.0 400.0 518.0 414.0 511.0 small-vehicle 0
415.0 554.0 398.0 564.0 381.0 531.0 396.0 521.0 small-vehicle 0
375.0 523.0 358.0 533.0 342.0 498.0 359.0 490.0 small-vehicle 0
354.0 539.0 339.0 546.0 319.0 512.0 336.0 502.0 small-vehicle 0
358.0 534.0 375.0 526.0 393.0 563.0 375.0 571.0 small-vehicle 0
657.0 452.0 641.0 440.0 664.0 408.0 675.0 421.0 small-vehicle 0
91.0 221.0 170.0 174.0 265.0 339.0 185.0 387.0 tennis-court 0
