imagesource:GoogleEarth
gsd:0.12624433759
651.0 154.0 659.0 161.0 646.0 174.0 639.0 169.0 small-vehicle 0
1100.0 589.0 1085.0 586.0 1094.0 550.0 1108.0 552.0 small-vehicle 0
1076.0 547.0 1092.0 550.0 1083.0 581.0 1069.0 578.0 small-vehicle 0
1052.0 522.0 1051.0 507.0 1080.0 504.0 1083.0 520.0 small-vehicle 0
676.0 209.0 663.0 223.0 634.0 190.0 648.0 177.0 small-vehicle 0
714.0 260.0 697.0 273.0 667.0 231.0 683.0 220.0 small-vehicle 0
303.0 675.0 308.0 659.0 342.0 672.0 337.0 687.0 small-vehicle 0
1146.0 724.0 1165.0 697.0 1229.0 737.0 1213.0 762.0 swimming-pool 0
967.0 617.0 960.0 577.0 1049.0 569.0 1057.0 611.0 swimming-pool 0
906.0 739.0 929.0 694.0 1000.0 727.0 978.0 772.0 swimming-pool 0
627.0 975.0 651.0 922.0 740.0 960.0 714.0 1018.0 swimming-pool 0
170.0 532.0 220.0 521.0 238.0 610.0 189.0 620.0 swimming-pool 0
325.0 355.0 288.0 336.0 334.0 255.0 370.0 278.0 swimming-pool 0
