imagesource:GoogleEarth
gsd:0.124732216908
545.0 48.0 533.0 35.0 564.0 10.0 575.0 22.0 small-vehicle 0
37.0 482.0 25.0 465.0 56.0 439.0 70.0 455.0 small-vehicle 0
270.0 580.0 340.0 523.0 465.0 669.0 396.0 727.0 tennis-court 0
384.0 459.0 480.0 375.0 616.0 535.0 520.0 618.0 basketball-court 0
495.0 365.0 590.0 283.0 727.0 440.0 632.0 522.0 basketball-court 0
645.0 238.0 743.0 156.0 863.0 298.0 768.0 380.0 basketball-court 0
759.0 144.0 854.0 62.0 974.0 202.0 879.0 286.0 basketball-court 0
254.0 35.0 240.0 47.0 216.0 17.0 230.0 5.0 small-vehicle 0
221.0 97.0 233.0 87.0 257.0 116.0 245.0 128.0 small-vehicle 0
257.0 140.0 269.0 131.0 293.0 161.0 282.0 173.0 small-vehicle 0
214.0 327.0 204.0 313.0 235.0 288.0 245.0 300.0 small-vehicle 0
73.0 451.0 61.0 435.0 89.0 409.0 101.0 422.0 small-vehicle 0
3.0 764.0 15.0 754.0 42.0 788.0 31.0 799.0 small-vehicle 0
507.0 84.0 492.0 65.0 528.0 38.0 540.0 55.0 small-vehicle 0
5.0 726.0 17.0 715.0 43.0 748.0 32.0 759.0 small-vehicle 0
140.0 486.0 152.0 502.0 121.0 527.0 108.0 511.0 small-vehicle 0
185.0 448.0 199.0 462.0 168.0 490.0 153.0 478.0 small-vehicle 0
228.0 412.0 242.0 427.0 210.0 457.0 197.0 444.0 small-vehicle 0
374.0 280.0 387.0 296.0 356.0 323.0 345.0 308.0 small-vehicle 0
435.0 231.0 450.0 249.0 421.0 274.0 405.0 258.0 small-vehicle 0
475.0 196.0 489.0 212.0 455.0 242.0 440.0 228.0 small-vehicle 0
519.0 162.0 533.0 178.0 500.0 206.0 486.0 191.0 small-vehicle 0
558.0 132.0 570.0 145.0 537.0 175.0 524.0 161.0 small-vehicle 0
453.0 127.0 440.0 112.0 472.0 84.0 483.0 98.0 small-vehicle 0
181.0 658.0 251.0 597.0 376.0 744.0 305.0 803.0 tennis-court 0
