imagesource:GoogleEarth
gsd:0.131135446499
1203.0 818.0 1202.0 830.0 1174.0 830.0 1173.0 817.0 small-vehicle 0
1169.0 817.0 1171.0 831.0 1139.0 831.0 1137.0 818.0 small-vehicle 0
1153.0 786.0 1153.0 772.0 1182.0 771.0 1182.0 785.0 small-vehicle 0
844.0 390.0 932.0 386.0 935.0 571.0 849.0 576.0 tennis-court 1
726.0 395.0 812.0 392.0 817.0 574.0 729.0 576.0 tennis-court 1
607.0 397.0 693.0 394.0 697.0 575.0 610.0 579.0 tennis-court 1
488.0 399.0 575.0 397.0 579.0 580.0 492.0 581.0 tennis-court 1
315.0 401.0 404.0 399.0 408.0 584.0 319.0 585.0 tennis-court 0
127.0 413.0 212.0 412.0 215.0 594.0 130.0 596.0 tennis-court 0
