imagesource:GoogleEarth
gsd:0.126223134669
764.0 1138.0 756.0 1122.0 791.0 1103.0 800.0 1121.0 small-vehicle 0
653.0 1121.0 644.0 1107.0 677.0 1089.0 687.0 1105.0 small-vehicle 0
645.0 829.0 637.0 816.0 672.0 798.0 679.0 812.0 small-vehicle 0
655.0 851.0 646.0 834.0 683.0 815.0 691.0 831.0 small-vehicle 0
601.0 831.0 595.0 815.0 627.0 797.0 636.0 814.0 small-vehicle 0
610.0 849.0 602.0 835.0 636.0 817.0 646.0 833.0 small-vehicle 0
619.0 871.0 610.0 854.0 643.0 836.0 653.0 852.0 small-vehicle 0
665.0 868.0 656.0 853.0 693.0 835.0 703.0 851.0 small-vehicle 0
677.0 890.0 668.0 872.0 701.0 855.0 709.0 872.0 small-vehicle 0
649.0 927.0 640.0 911.0 678.0 893.0 687.0 911.0 small-vehicle 0
662.0 947.0 654.0 931.0 685.0 914.0 696.0 928.0 small-vehicle 0
671.0 964.0 664.0 950.0 695.0 934.0 702.0 950.0 small-vehicle 0
690.0 906.0 681.0 892.0 716.0 875.0 722.0 889.0 small-vehicle 0
492.0 816.0 483.0 800.0 516.0 781.0 525.0 796.0 small-vehicle 0
505.0 834.0 496.0 818.0 526.0 799.0 534.0 816.0 small-vehicle 0
527.0 870.0 518.0 855.0 550.0 836.0 558.0 851.0 small-vehicle 0
458.0 907.0 450.0 891.0 483.0 872.0 493.0 888.0 small-vehicle 0
470.0 922.0 462.0 910.0 495.0 892.0 504.0 907.0 small-vehicle 0
479.0 942.0 472.0 929.0 506.0 910.0 515.0 925.0 small-vehicle 0
489.0 961.0 481.0 947.0 515.0 928.0 524.0 944.0 small-vehicle 0
586.0 984.0 578.0 970.0 607.0 952.0 617.0 966.0 small-vehicle 0
602.0 999.0 594.0 985.0 625.0 968.0 634.0 983.0 large-vehicle 0
567.0 947.0 557.0 931.0 593.0 913.0 602.0 930.0 small-vehicle 0
504.0 1001.0 497.0 987.0 531.0 970.0 538.0 987.0 small-vehicle 0
527.0 1036.0 518.0 1022.0 554.0 1003.0 566.0 1020.0 small-vehicle 0
552.0 1075.0 543.0 1060.0 580.0 1040.0 590.0 1056.0 small-vehicle 0
565.0 1095.0 556.0 1078.0 589.0 1060.0 599.0 1077.0 small-vehicle 0
621.0 1062.0 610.0 1047.0 648.0 1026.0 659.0 1044.0 small-vehicle 0
629.0 1084.0 621.0 1069.0 656.0 1050.0 665.0 1066.0 small-vehicle 0
639.0 809.0 629.0 795.0 665.0 777.0 672.0 793.0 small-vehicle 0
581.0 791.0 573.0 776.0 604.0 759.0 614.0 773.0 small-vehicle 0
591.0 812.0 581.0 794.0 614.0 775.0 625.0 795.0 small-vehicle 0
457.0 573.0 467.0 559.0 503.0 581.0 491.0 595.0 small-vehicle 0
118.0 456.0 98.0 412.0 196.0 369.0 216.0 415.0 tennis-court 0
152.0 543.0 133.0 496.0 232.0 454.0 252.0 500.0 tennis-court 0
186.0 628.0 167.0 581.0 266.0 539.0 286.0 585.0 tennis-court 0
1006.0 699.0 1086.0 660.0 1166.0 835.0 1083.0 872.0 tennis-court 0
875.0 405.0 957.0 369.0 1035.0 545.0 952.0 579.0 tennis-court 0
984.0 357.0 1065.0 320.0 1144.0 496.0 1062.0 532.0 tennis-court 0
747.0 116.0 831.0 78.0 906.0 250.0 825.0 286.0 tennis-court 0
853.0 70.0 938.0 33.0 1014.0 205.0 933.0 243.0 tennis-court 0
488.0 99.0 569.0 63.0 646.0 237.0 565.0 273.0 tennis-court 0
314.0 175.0 396.0 138.0 471.0 313.0 392.0 350.0 tennis-court 0
275.0 662.0 287.0 645.0 322.0 667.0 311.0 688.0 small-vehicle 0
322.0 639.0 336.0 621.0 370.0 644.0 355.0 663.0 small-vehicle 0
478.0 557.0 487.0 542.0 518.0 563.0 511.0 579.0 small-vehicle 0
629.0 790.0 620.0 773.0 657.0 753.0 665.0 771.0 small-vehicle 0
499.0 548.0 509.0 532.0 546.0 557.0 536.0 575.0 small-vehicle 0
534.0 520.0 550.0 514.0 566.0 543.0 551.0 551.0 small-vehicle 0
555.0 508.0 572.0 502.0 591.0 535.0 571.0 545.0 small-vehicle 0
639.0 537.0 650.0 557.0 614.0 579.0 603.0 560.0 small-vehicle 0
162.0 720.0 176.0 702.0 207.0 728.0 196.0 743.0 small-vehicle 0
199.0 796.0 221.0 787.0 236.0 823.0 213.0 833.0 small-vehicle 0
513.0 654.0 504.0 636.0 544.0 615.0 554.0 632.0 small-vehicle 0
643.0 634.0 635.0 619.0 670.0 598.0 678.0 614.0 small-vehicle 0
547.0 735.0 538.0 719.0 572.0 701.0 581.0 718.0 small-vehicle 0
559.0 753.0 550.0 737.0 582.0 722.0 591.0 738.0 small-vehicle 0
610.0 754.0 599.0 736.0 635.0 715.0 646.0 735.0 small-vehicle 0
567.0 775.0 557.0 757.0 594.0 740.0 602.0 757.0 small-vehicle 0
643.0 1103.0 633.0 1088.0 673.0 1066.0 680.0 1082.0 small-vehicle 0
665.0 1143.0 655.0 1129.0 689.0 1107.0 698.0 1124.0 small-vehicle 0
776.0 1085.0 787.0 1102.0 749.0 1124.0 739.0 1107.0 large-vehicle 0
573.0 1115.0 563.0 1098.0 602.0 1078.0 611.0 1093.0 small-vehicle 0
764.0 776.0 773.0 794.0 738.0 811.0 730.0 794.0 small-vehicle 0
770.0 795.0 779.0 814.0 743.0 833.0 734.0 816.0 small-vehicle 0
783.0 812.0 791.0 828.0 759.0 849.0 749.0 833.0 small-vehicle 0
790.0 833.0 797.0 849.0 762.0 867.0 756.0 852.0 small-vehicle 0
802.0 848.0 812.0 865.0 779.0 886.0 768.0 868.0 small-vehicle 0
816.0 867.0 826.0 884.0 788.0 905.0 779.0 889.0 small-vehicle 0
824.0 888.0 830.0 907.0 795.0 920.0 790.0 901.0 small-vehicle 0
832.0 907.0 843.0 926.0 804.0 947.0 792.0 927.0 small-vehicle 0
724.0 891.0 734.0 910.0 699.0 929.0 689.0 912.0 small-vehicle 0
738.0 931.0 748.0 947.0 718.0 968.0 708.0 950.0 small-vehicle 0
749.0 952.0 757.0 970.0 726.0 986.0 716.0 972.0 large-vehicle 0
682.0 984.0 674.0 966.0 705.0 950.0 716.0 968.0 small-vehicle 0
813.0 964.0 806.0 946.0 845.0 926.0 854.0 945.0 small-vehicle 0
825.0 981.0 819.0 967.0 852.0 951.0 860.0 964.0 small-vehicle 0
838.0 1001.0 829.0 985.0 866.0 965.0 875.0 981.0 small-vehicle 0
872.0 1083.0 863.0 1065.0 899.0 1045.0 909.0 1063.0 small-vehicle 0
879.0 1101.0 871.0 1087.0 909.0 1064.0 918.0 1079.0 small-vehicle 0
801.0 1119.0 790.0 1102.0 830.0 1082.0 840.0 1102.0 small-vehicle 0
776.0 1082.0 768.0 1063.0 809.0 1046.0 816.0 1064.0 small-vehicle 0
769.0 1062.0 759.0 1047.0 795.0 1029.0 803.0 1045.0 small-vehicle 0
787.0 1007.0 795.0 1022.0 757.0 1043.0 747.0 1028.0 small-vehicle 0
776.0 989.0 784.0 1003.0 745.0 1025.0 738.0 1010.0 small-vehicle 0
767.0 969.0 775.0 984.0 734.0 1005.0 727.0 990.0 small-vehicle 0
724.0 990.0 733.0 1006.0 698.0 1025.0 689.0 1008.0 small-vehicle 0
742.0 1028.0 753.0 1046.0 719.0 1066.0 709.0 1047.0 small-vehicle 0
755.0 1048.0 764.0 1064.0 729.0 1084.0 720.0 1067.0 small-vehicle 0
765.0 1066.0 774.0 1083.0 739.0 1103.0 732.0 1087.0 small-vehicle 0
753.0 756.0 760.0 772.0 729.0 789.0 723.0 774.0 small-vehicle 0
745.0 733.0 754.0 752.0 719.0 771.0 710.0 755.0 small-vehicle 0
731.0 716.0 740.0 733.0 703.0 755.0 692.0 739.0 small-vehicle 0
379.0 1047.0 371.0 1032.0 404.0 1015.0 413.0 1032.0 small-vehicle 0
583.0 1134.0 575.0 1117.0 611.0 1094.0 623.0 1114.0 small-vehicle 0
619.0 1115.0 631.0 1132.0 591.0 1153.0 580.0 1137.0 small-vehicle 0
307.0 909.0 299.0 893.0 335.0 874.0 344.0 889.0 small-vehicle 0
313.0 934.0 303.0 916.0 341.0 895.0 350.0 914.0 small-vehicle 0
326.0 950.0 318.0 934.0 352.0 915.0 361.0 935.0 small-vehicle 0
402.0 915.0 410.0 931.0 373.0 951.0 364.0 936.0 small-vehicle 0
391.0 894.0 402.0 912.0 365.0 931.0 357.0 915.0 small-vehicle 0
355.0 984.0 347.0 969.0 380.0 951.0 388.0 965.0 small-vehicle 0
401.0 983.0 392.0 967.0 424.0 952.0 432.0 965.0 small-vehicle 0
363.0 1003.0 355.0 988.0 390.0 968.0 397.0 987.0 small-vehicle 0
371.0 1025.0 364.0 1009.0 395.0 992.0 403.0 1009.0 small-vehicle 0
407.0 1007.0 398.0 990.0 431.0 969.0 442.0 987.0 small-vehicle 0
435.0 995.0 445.0 1011.0 416.0 1028.0 407.0 1016.0 small-vehicle 0
721.0 699.0 729.0 714.0 692.0 736.0 682.0 720.0 small-vehicle 0
445.0 1014.0 455.0 1028.0 424.0 1047.0 414.0 1034.0 small-vehicle 0
459.0 1030.0 467.0 1048.0 431.0 1067.0 424.0 1051.0 small-vehicle 0
440.0 1083.0 432.0 1067.0 472.0 1046.0 479.0 1065.0 small-vehicle 0
483.0 1067.0 490.0 1084.0 455.0 1102.0 446.0 1085.0 small-vehicle 0
462.0 1123.0 452.0 1106.0 489.0 1086.0 498.0 1106.0 small-vehicle 0
472.0 1141.0 464.0 1125.0 501.0 1106.0 509.0 1124.0 small-vehicle 0
421.0 1147.0 413.0 1127.0 452.0 1108.0 462.0 1126.0 small-vehicle 0
417.0 1123.0 409.0 1105.0 444.0 1087.0 454.0 1103.0 small-vehicle 0
407.0 1106.0 397.0 1089.0 433.0 1067.0 444.0 1088.0 small-vehicle 0
396.0 1085.0 387.0 1070.0 421.0 1053.0 430.0 1067.0 small-vehicle 0
388.0 1066.0 380.0 1051.0 412.0 1035.0 419.0 1050.0 small-vehicle 0
712.0 672.0 724.0 693.0 685.0 713.0 677.0 694.0 small-vehicle 0
80.0 369.0 61.0 321.0 161.0 281.0 180.0 326.0 tennis-court 0
