imagesource:GoogleEarth
gsd:0.265813689111
285.0 875.0 333.0 853.0 342.0 874.0 296.0 897.0 swimming-pool 0
377.0 382.0 367.0 387.0 358.0 369.0 368.0 364.0 small-vehicle 0
238.0 308.0 268.0 312.0 259.0 363.0 231.0 360.0 swimming-pool 0
423.0 291.0 410.0 272.0 453.0 247.0 466.0 268.0 swimming-pool 0
228.0 765.0 216.0 744.0 259.0 721.0 269.0 742.0 swimming-pool 0
477.0 898.0 470.0 868.0 525.0 858.0 530.0 890.0 swimming-pool 0
660.0 919.0 656.0 897.0 699.0 889.0 704.0 913.0 swimming-pool 0
655.0 725.0 683.0 724.0 683.0 769.0 657.0 770.0 swimming-pool 0
553.0 611.0 540.0 586.0 580.0 566.0 594.0 589.0 swimming-pool 0
700.0 150.0 689.0 128.0 729.0 107.0 741.0 126.0 swimming-pool 0
599.0 202.0 552.0 184.0 562.0 156.0 611.0 175.0 swimming-pool 0
522.0 267.0 532.0 262.0 541.0 282.0 532.0 287.0 small-vehicle 0
780.0 269.0 785.0 278.0 765.0 290.0 758.0 282.0 small-vehicle 0
514.0 276.0 524.0 271.0 531.0 287.0 522.0 292.0 small-vehicle 0
549.0 389.0 552.0 398.0 535.0 406.0 530.0 397.0 small-vehicle 0
342.0 509.0 337.0 499.0 356.0 488.0 362.0 498.0 small-vehicle 0
233.0 578.0 240.0 588.0 197.0 612.0 191.0 602.0 large-vehicle 0
123.0 637.0 127.0 648.0 104.0 660.0 99.0 650.0 small-vehicle 0
210.0 715.0 200.0 720.0 188.0 699.0 198.0 693.0 small-vehicle 0
199.0 722.0 192.0 726.0 181.0 707.0 188.0 702.0 small-vehicle 0
431.0 930.0 443.0 929.0 445.0 953.0 432.0 955.0 small-vehicle 0
809.0 1067.0 809.0 1079.0 786.0 1079.0 785.0 1068.0 small-vehicle 0
90.0 449.0 134.0 424.0 150.0 451.0 105.0 474.0 swimming-pool 0
