imagesource:GoogleEarth
gsd:0.127987435136
525.0 66.0 516.0 64.0 519.0 48.0 529.0 50.0 small-vehicle 1
740.0 190.0 748.0 172.0 785.0 192.0 777.0 210.0 small-vehicle 0
751.0 62.0 757.0 45.0 791.0 60.0 784.0 76.0 small-vehicle 0
491.0 42.0 475.0 34.0 494.0 2.0 509.0 9.0 small-vehicle 0
372.0 164.0 366.0 181.0 318.0 158.0 327.0 142.0 small-vehicle 0
275.0 117.0 267.0 130.0 226.0 107.0 235.0 94.0 small-vehicle 0
223.0 87.0 216.0 99.0 183.0 83.0 190.0 70.0 small-vehicle 0
187.0 68.0 182.0 82.0 144.0 63.0 151.0 49.0 small-vehicle 0
115.0 32.0 108.0 42.0 75.0 25.0 81.0 14.0 small-vehicle 0
712.0 434.0 817.0 490.0 722.0 666.0 617.0 611.0 basketball-court 0
571.0 360.0 678.0 416.0 584.0 593.0 480.0 537.0 basketball-court 0
433.0 286.0 540.0 345.0 435.0 540.0 327.0 485.0 basketball-court 0
295.0 213.0 401.0 271.0 295.0 468.0 188.0 411.0 basketball-court 0
