imagesource:GoogleEarth
gsd:0.132865956785
592.0 267.0 605.0 249.0 640.0 281.0 629.0 297.0 small-vehicle 0
489.0 181.0 502.0 165.0 533.0 192.0 522.0 205.0 small-vehicle 0
218.0 677.0 150.0 625.0 189.0 581.0 251.0 631.0 plane 0
248.0 582.0 319.0 634.0 280.0 685.0 208.0 625.0 plane 0
286.0 745.0 226.0 695.0 266.0 658.0 322.0 706.0 plane 0
333.0 652.0 398.0 698.0 360.0 752.0 291.0 699.0 plane 0
489.0 774.0 545.0 823.0 496.0 872.0 441.0 819.0 plane 0
420.0 711.0 472.0 761.0 427.0 806.0 373.0 754.0 plane 0
578.0 647.0 512.0 586.0 564.0 531.0 632.0 595.0 plane 0
566.0 464.0 624.0 506.0 585.0 552.0 528.0 509.0 plane 0
435.0 496.0 375.0 446.0 411.0 407.0 470.0 455.0 plane 0
431.0 301.0 486.0 357.0 444.0 395.0 388.0 338.0 plane 0
340.0 246.0 391.0 282.0 353.0 332.0 301.0 291.0 plane 0
