imagesource:GoogleEarth
gsd:0.130310363461
649.0 1174.0 673.0 1167.0 685.0 1211.0 662.0 1214.0 large-vehicle 0
365.0 451.0 356.0 468.0 287.0 430.0 296.0 413.0 large-vehicle 0
376.0 517.0 366.0 533.0 292.0 492.0 301.0 476.0 large-vehicle 0
385.0 553.0 375.0 569.0 310.0 528.0 320.0 513.0 large-vehicle 0
393.0 589.0 382.0 606.0 315.0 566.0 325.0 550.0 large-vehicle 0
414.0 677.0 405.0 693.0 338.0 651.0 348.0 636.0 large-vehicle 0
421.0 710.0 412.0 727.0 341.0 686.0 351.0 670.0 large-vehicle 0
431.0 747.0 422.0 762.0 352.0 723.0 362.0 708.0 large-vehicle 0
441.0 782.0 429.0 799.0 356.0 756.0 366.0 740.0 large-vehicle 0
449.0 819.0 439.0 835.0 370.0 796.0 381.0 780.0 large-vehicle 0
455.0 854.0 446.0 869.0 376.0 831.0 385.0 814.0 large-vehicle 0
455.0 882.0 446.0 899.0 374.0 858.0 384.0 843.0 large-vehicle 0
474.0 925.0 464.0 941.0 395.0 903.0 406.0 887.0 large-vehicle 0
483.0 962.0 475.0 978.0 405.0 941.0 414.0 925.0 large-vehicle 0
493.0 999.0 485.0 1014.0 411.0 973.0 421.0 958.0 large-vehicle 0
502.0 1034.0 493.0 1051.0 423.0 1009.0 433.0 993.0 large-vehicle 0
509.0 1071.0 500.0 1087.0 429.0 1045.0 439.0 1030.0 large-vehicle 0
489.0 1094.0 480.0 1110.0 429.0 1080.0 440.0 1064.0 large-vehicle 0
376.0 375.0 384.0 358.0 450.0 386.0 442.0 405.0 large-vehicle 0
365.0 407.0 374.0 392.0 445.0 433.0 435.0 449.0 large-vehicle 0
376.0 444.0 385.0 430.0 455.0 470.0 446.0 486.0 large-vehicle 0
383.0 477.0 394.0 463.0 460.0 503.0 450.0 518.0 large-vehicle 0
395.0 516.0 405.0 501.0 475.0 541.0 464.0 558.0 large-vehicle 0
369.0 483.0 360.0 499.0 287.0 461.0 295.0 445.0 large-vehicle 0
355.0 411.0 345.0 429.0 280.0 389.0 290.0 372.0 large-vehicle 0
428.0 661.0 439.0 646.0 507.0 688.0 496.0 704.0 large-vehicle 0
800.0 48.0 817.0 43.0 837.0 120.0 820.0 125.0 large-vehicle 0
125.0 279.0 107.0 284.0 89.0 208.0 108.0 204.0 large-vehicle 0
120.0 211.0 139.0 208.0 153.0 282.0 134.0 286.0 large-vehicle 0
144.0 200.0 163.0 196.0 178.0 270.0 160.0 273.0 large-vehicle 0
196.0 188.0 216.0 184.0 236.0 257.0 216.0 263.0 large-vehicle 0
247.0 177.0 264.0 173.0 282.0 246.0 263.0 249.0 large-vehicle 0
273.0 166.0 291.0 161.0 306.0 229.0 289.0 232.0 large-vehicle 0
300.0 160.0 320.0 155.0 336.0 226.0 317.0 231.0 large-vehicle 0
355.0 152.0 371.0 148.0 390.0 221.0 373.0 225.0 large-vehicle 0
379.0 145.0 396.0 141.0 415.0 213.0 398.0 217.0 large-vehicle 0
405.0 138.0 424.0 133.0 444.0 209.0 426.0 214.0 large-vehicle 0
432.0 133.0 450.0 128.0 471.0 206.0 453.0 211.0 large-vehicle 0
484.0 119.0 504.0 116.0 517.0 185.0 497.0 189.0 large-vehicle 0
507.0 111.0 526.0 108.0 542.0 184.0 525.0 187.0 large-vehicle 0
536.0 106.0 552.0 103.0 568.0 176.0 551.0 180.0 large-vehicle 0
559.0 100.0 580.0 96.0 596.0 173.0 578.0 177.0 large-vehicle 0
615.0 90.0 634.0 85.0 655.0 161.0 634.0 167.0 large-vehicle 0
642.0 84.0 661.0 80.0 681.0 154.0 665.0 158.0 large-vehicle 0
667.0 76.0 686.0 72.0 705.0 148.0 687.0 152.0 large-vehicle 0
693.0 72.0 712.0 69.0 730.0 144.0 711.0 149.0 large-vehicle 0
721.0 65.0 740.0 61.0 760.0 139.0 741.0 144.0 large-vehicle 0
773.0 53.0 793.0 49.0 809.0 125.0 791.0 130.0 large-vehicle 0
412.0 588.0 422.0 571.0 489.0 611.0 479.0 626.0 large-vehicle 0
439.0 706.0 449.0 690.0 518.0 732.0 508.0 749.0 large-vehicle 0
680.0 1172.0 704.0 1168.0 710.0 1213.0 688.0 1215.0 large-vehicle 0
767.0 741.0 763.0 760.0 712.0 745.0 716.0 726.0 small-vehicle 0
863.0 718.0 853.0 735.0 811.0 708.0 822.0 690.0 small-vehicle 0
664.0 603.0 674.0 585.0 722.0 612.0 714.0 630.0 small-vehicle 0
659.0 570.0 669.0 553.0 716.0 579.0 705.0 594.0 small-vehicle 0
801.0 548.0 818.0 562.0 791.0 604.0 773.0 593.0 small-vehicle 0
817.0 556.0 825.0 538.0 868.0 562.0 861.0 581.0 small-vehicle 0
785.0 526.0 805.0 536.0 779.0 579.0 760.0 565.0 small-vehicle 0
642.0 506.0 651.0 487.0 700.0 517.0 691.0 537.0 small-vehicle 0
787.0 483.0 803.0 493.0 776.0 537.0 759.0 527.0 small-vehicle 0
759.0 477.0 740.0 464.0 771.0 417.0 788.0 427.0 small-vehicle 0
790.0 430.0 801.0 410.0 843.0 435.0 834.0 454.0 small-vehicle 0
792.0 460.0 802.0 437.0 849.0 464.0 838.0 489.0 small-vehicle 0
773.0 368.0 780.0 347.0 831.0 372.0 823.0 393.0 small-vehicle 0
725.0 360.0 707.0 349.0 737.0 299.0 756.0 308.0 small-vehicle 0
758.0 302.0 765.0 285.0 816.0 311.0 809.0 329.0 small-vehicle 0
889.0 106.0 864.0 111.0 850.0 40.0 873.0 36.0 large-vehicle 0
880.0 41.0 900.0 37.0 910.0 87.0 890.0 92.0 large-vehicle 0
757.0 395.0 775.0 405.0 750.0 444.0 733.0 432.0 small-vehicle 0
418.0 624.0 431.0 605.0 486.0 635.0 476.0 657.0 large-vehicle 0
594.0 692.0 587.0 669.0 665.0 647.0 671.0 670.0 large-vehicle 0
747.0 1154.0 772.0 1148.0 783.0 1200.0 760.0 1205.0 large-vehicle 0
705.0 1159.0 731.0 1155.0 742.0 1205.0 718.0 1212.0 large-vehicle 0
832.0 729.0 824.0 744.0 780.0 716.0 791.0 700.0 small-vehicle 0
764.0 785.0 771.0 806.0 724.0 818.0 717.0 797.0 small-vehicle 0
452.0 747.0 464.0 731.0 533.0 774.0 524.0 791.0 large-vehicle 0
818.0 1160.0 835.0 1154.0 844.0 1189.0 827.0 1194.0 small-vehicle 0
540.0 771.0 559.0 766.0 574.0 821.0 554.0 827.0 large-vehicle 0
461.0 785.0 471.0 769.0 542.0 813.0 531.0 829.0 large-vehicle 0
505.0 841.0 515.0 825.0 586.0 864.0 576.0 880.0 large-vehicle 0
476.0 853.0 487.0 838.0 556.0 880.0 544.0 896.0 large-vehicle 0
491.0 924.0 502.0 909.0 571.0 952.0 562.0 968.0 large-vehicle 0
498.0 960.0 507.0 944.0 580.0 985.0 571.0 1002.0 large-vehicle 0
507.0 996.0 517.0 981.0 587.0 1023.0 577.0 1039.0 large-vehicle 0
725.0 959.0 737.0 975.0 679.0 1017.0 665.0 999.0 large-vehicle 0
713.0 928.0 726.0 944.0 669.0 989.0 657.0 974.0 large-vehicle 0
715.0 898.0 725.0 914.0 661.0 957.0 650.0 943.0 large-vehicle 0
707.0 874.0 716.0 890.0 652.0 924.0 644.0 908.0 large-vehicle 0
705.0 814.0 709.0 834.0 638.0 854.0 633.0 835.0 large-vehicle 0
693.0 788.0 698.0 807.0 627.0 826.0 621.0 808.0 large-vehicle 0
658.0 624.0 661.0 644.0 590.0 657.0 587.0 637.0 large-vehicle 0
644.0 577.0 650.0 596.0 577.0 623.0 569.0 605.0 large-vehicle 0
623.0 524.0 628.0 543.0 559.0 559.0 555.0 539.0 large-vehicle 0
610.0 471.0 618.0 489.0 547.0 521.0 539.0 504.0 large-vehicle 0
278.0 809.0 258.0 816.0 246.0 777.0 265.0 772.0 small-vehicle 0
331.0 1035.0 310.0 1039.0 302.0 997.0 323.0 995.0 small-vehicle 0
110.0 1060.0 115.0 1080.0 75.0 1096.0 69.0 1077.0 small-vehicle 0
123.0 1082.0 127.0 1102.0 84.0 1115.0 80.0 1097.0 small-vehicle 0
65.0 226.0 86.0 223.0 98.0 299.0 79.0 303.0 large-vehicle 0
