imagesource:GoogleEarth
gsd:0.125831814954
674.0 693.0 694.0 694.0 693.0 744.0 676.0 746.0 small-vehicle 1
405.0 307.0 404.0 325.0 359.0 326.0 359.0 309.0 small-vehicle 0
531.0 130.0 529.0 109.0 585.0 105.0 586.0 126.0 small-vehicle 0
552.0 184.0 551.0 164.0 616.0 164.0 615.0 187.0 small-vehicle 0
545.0 216.0 546.0 190.0 593.0 193.0 594.0 215.0 small-vehicle 0
536.0 243.0 534.0 221.0 596.0 224.0 594.0 246.0 small-vehicle 0
611.0 216.0 611.0 194.0 664.0 196.0 662.0 220.0 small-vehicle 0
611.0 245.0 611.0 223.0 656.0 224.0 656.0 247.0 small-vehicle 0
603.0 277.0 600.0 252.0 665.0 253.0 665.0 278.0 small-vehicle 0
523.0 362.0 522.0 338.0 585.0 339.0 586.0 363.0 small-vehicle 0
523.0 271.0 524.0 248.0 593.0 250.0 592.0 274.0 small-vehicle 0
124.0 239.0 123.0 258.0 75.0 257.0 74.0 238.0 small-vehicle 0
128.0 263.0 129.0 282.0 77.0 280.0 76.0 262.0 small-vehicle 0
632.0 184.0 632.0 165.0 685.0 169.0 684.0 188.0 small-vehicle 0
762.0 86.0 757.0 65.0 818.0 54.0 822.0 72.0 small-vehicle 0
806.0 162.0 800.0 140.0 893.0 118.0 898.0 142.0 large-vehicle 0
844.0 397.0 839.0 375.0 900.0 356.0 909.0 382.0 large-vehicle 0
836.0 493.0 827.0 468.0 971.0 432.0 977.0 458.0 large-vehicle 0
886.0 623.0 878.0 600.0 983.0 574.0 993.0 598.0 large-vehicle 0
912.0 713.0 885.0 729.0 854.0 678.0 883.0 663.0 large-vehicle 0
917.0 735.0 909.0 712.0 987.0 694.0 992.0 720.0 large-vehicle 0
642.0 689.0 672.0 689.0 675.0 778.0 645.0 778.0 large-vehicle 0
732.0 709.0 763.0 706.0 765.0 768.0 734.0 769.0 large-vehicle 0
788.0 708.0 819.0 705.0 821.0 797.0 790.0 798.0 large-vehicle 0
819.0 715.0 852.0 712.0 855.0 795.0 820.0 797.0 large-vehicle 0
669.0 750.0 700.0 750.0 708.0 837.0 677.0 840.0 large-vehicle 0
619.0 434.0 617.0 411.0 715.0 410.0 713.0 434.0 large-vehicle 0
602.0 306.0 600.0 283.0 704.0 282.0 703.0 305.0 large-vehicle 0
273.0 760.0 274.0 784.0 193.0 784.0 195.0 757.0 large-vehicle 0
376.0 279.0 376.0 258.0 433.0 259.0 432.0 283.0 small-vehicle 0
134.0 216.0 133.0 236.0 86.0 235.0 86.0 215.0 small-vehicle 0
208.0 365.0 191.0 367.0 190.0 328.0 207.0 328.0 small-vehicle 1
73.0 157.0 74.0 134.0 144.0 135.0 143.0 156.0 large-vehicle 0
780.0 112.0 774.0 90.0 868.0 65.0 875.0 86.0 large-vehicle 0
794.0 139.0 785.0 117.0 885.0 91.0 892.0 113.0 large-vehicle 0
829.0 253.0 818.0 232.0 909.0 206.0 915.0 228.0 large-vehicle 0
829.0 310.0 822.0 291.0 920.0 263.0 926.0 283.0 large-vehicle 0
844.0 424.0 838.0 404.0 917.0 381.0 923.0 404.0 large-vehicle 0
874.0 510.0 869.0 490.0 952.0 467.0 956.0 487.0 large-vehicle 0
883.0 537.0 875.0 518.0 963.0 495.0 967.0 514.0 large-vehicle 0
890.0 567.0 883.0 548.0 974.0 518.0 980.0 539.0 large-vehicle 0
894.0 590.0 892.0 570.0 986.0 549.0 990.0 572.0 large-vehicle 0
917.0 678.0 910.0 657.0 995.0 635.0 1001.0 655.0 large-vehicle 0
917.0 703.0 911.0 687.0 987.0 668.0 991.0 688.0 large-vehicle 0
526.0 450.0 527.0 427.0 628.0 435.0 627.0 456.0 large-vehicle 0
498.0 392.0 499.0 370.0 597.0 370.0 597.0 390.0 large-vehicle 0
597.0 394.0 599.0 372.0 694.0 368.0 692.0 390.0 large-vehicle 0
522.0 330.0 523.0 308.0 652.0 312.0 652.0 331.0 large-vehicle 0
502.0 300.0 501.0 279.0 600.0 275.0 598.0 297.0 large-vehicle 0
561.0 100.0 558.0 79.0 627.0 70.0 628.0 90.0 large-vehicle 0
572.0 71.0 569.0 52.0 644.0 39.0 647.0 59.0 large-vehicle 0
937.0 788.0 929.0 770.0 997.0 755.0 1001.0 773.0 large-vehicle 0
944.0 814.0 942.0 795.0 1005.0 780.0 1006.0 799.0 large-vehicle 0
953.0 842.0 949.0 821.0 1013.0 809.0 1015.0 830.0 large-vehicle 0
955.0 869.0 950.0 853.0 1015.0 841.0 1019.0 857.0 large-vehicle 0
959.0 895.0 959.0 874.0 1025.0 870.0 1025.0 891.0 large-vehicle 0
125.0 185.0 123.0 206.0 64.0 207.0 62.0 185.0 large-vehicle 0
132.0 284.0 132.0 307.0 76.0 307.0 76.0 285.0 large-vehicle 0
139.0 312.0 139.0 335.0 77.0 336.0 75.0 313.0 large-vehicle 0
323.0 417.0 323.0 394.0 413.0 392.0 410.0 416.0 large-vehicle 0
151.0 792.0 150.0 817.0 56.0 818.0 55.0 790.0 large-vehicle 0
145.0 841.0 145.0 869.0 74.0 869.0 75.0 843.0 large-vehicle 0
119.0 708.0 120.0 730.0 61.0 732.0 58.0 709.0 large-vehicle 0
124.0 736.0 125.0 761.0 54.0 762.0 52.0 736.0 large-vehicle 0
357.0 501.0 375.0 501.0 375.0 547.0 357.0 544.0 small-vehicle 0
378.0 501.0 399.0 500.0 396.0 552.0 378.0 553.0 small-vehicle 0
403.0 501.0 425.0 501.0 428.0 547.0 405.0 549.0 small-vehicle 0
428.0 501.0 448.0 502.0 447.0 545.0 429.0 543.0 small-vehicle 0
454.0 504.0 472.0 504.0 472.0 549.0 454.0 546.0 small-vehicle 0
479.0 503.0 497.0 503.0 499.0 544.0 480.0 545.0 small-vehicle 0
499.0 501.0 518.0 501.0 518.0 548.0 502.0 548.0 small-vehicle 0
522.0 505.0 540.0 504.0 540.0 551.0 522.0 553.0 small-vehicle 0
545.0 505.0 562.0 505.0 562.0 549.0 546.0 549.0 small-vehicle 0
586.0 552.0 567.0 553.0 568.0 508.0 587.0 508.0 small-vehicle 0
608.0 508.0 627.0 507.0 628.0 548.0 609.0 549.0 small-vehicle 0
631.0 506.0 651.0 506.0 649.0 553.0 632.0 554.0 small-vehicle 0
655.0 506.0 674.0 505.0 673.0 552.0 653.0 552.0 small-vehicle 0
819.0 220.0 813.0 196.0 854.0 188.0 861.0 212.0 small-vehicle 0
810.0 190.0 807.0 171.0 843.0 162.0 847.0 182.0 small-vehicle 0
764.0 151.0 793.0 144.0 819.0 228.0 789.0 235.0 large-vehicle 0
874.0 246.0 878.0 267.0 839.0 276.0 833.0 256.0 small-vehicle 0
879.0 305.0 883.0 329.0 844.0 335.0 839.0 313.0 small-vehicle 0
559.0 46.0 555.0 24.0 650.0 7.0 657.0 26.0 large-vehicle 0
608.0 358.0 610.0 336.0 666.0 339.0 665.0 360.0 small-vehicle 0
782.0 46.0 778.0 24.0 868.0 9.0 873.0 26.0 large-vehicle 0
523.0 776.0 523.0 797.0 474.0 796.0 474.0 776.0 small-vehicle 1
520.0 808.0 522.0 827.0 474.0 829.0 471.0 810.0 small-vehicle 1
153.0 330.0 174.0 331.0 176.0 370.0 154.0 370.0 small-vehicle 1
285.0 342.0 307.0 342.0 308.0 380.0 286.0 380.0 small-vehicle 1
399.0 329.0 399.0 346.0 362.0 346.0 362.0 328.0 small-vehicle 1
405.0 351.0 406.0 378.0 358.0 378.0 359.0 350.0 small-vehicle 1
335.0 501.0 354.0 502.0 354.0 545.0 336.0 543.0 small-vehicle 0
314.0 499.0 334.0 500.0 335.0 539.0 314.0 540.0 small-vehicle 0
293.0 503.0 313.0 503.0 314.0 544.0 296.0 545.0 small-vehicle 0
360.0 827.0 361.0 807.0 410.0 810.0 409.0 832.0 small-vehicle 0
678.0 523.0 696.0 510.0 714.0 543.0 698.0 555.0 small-vehicle 0
699.0 714.0 723.0 714.0 720.0 767.0 696.0 767.0 small-vehicle 0
728.0 790.0 754.0 791.0 755.0 839.0 726.0 840.0 small-vehicle 0
640.0 786.0 669.0 785.0 669.0 833.0 643.0 833.0 small-vehicle 0
534.0 724.0 535.0 746.0 479.0 747.0 479.0 727.0 small-vehicle 0
528.0 835.0 528.0 853.0 476.0 854.0 475.0 834.0 small-vehicle 0
534.0 865.0 532.0 888.0 483.0 889.0 483.0 865.0 small-vehicle 0
605.0 786.0 633.0 783.0 636.0 828.0 608.0 830.0 small-vehicle 0
279.0 674.0 280.0 693.0 234.0 692.0 234.0 673.0 small-vehicle 0
235.0 649.0 235.0 671.0 192.0 669.0 191.0 650.0 small-vehicle 0
286.0 849.0 285.0 872.0 231.0 868.0 230.0 849.0 small-vehicle 0
363.0 858.0 362.0 835.0 410.0 838.0 411.0 862.0 small-vehicle 0
366.0 798.0 365.0 775.0 411.0 777.0 411.0 802.0 small-vehicle 0
271.0 496.0 294.0 495.0 293.0 540.0 270.0 539.0 small-vehicle 0
370.0 711.0 370.0 691.0 412.0 694.0 411.0 712.0 small-vehicle 0
905.0 645.0 902.0 621.0 961.0 616.0 965.0 638.0 small-vehicle 0
840.0 455.0 834.0 435.0 894.0 422.0 897.0 441.0 small-vehicle 0
823.0 372.0 816.0 349.0 902.0 327.0 908.0 349.0 small-vehicle 0
51.0 493.0 71.0 491.0 71.0 533.0 51.0 533.0 small-vehicle 0
71.0 493.0 90.0 492.0 90.0 532.0 74.0 535.0 small-vehicle 0
89.0 500.0 110.0 498.0 109.0 533.0 89.0 533.0 small-vehicle 0
115.0 495.0 133.0 493.0 133.0 531.0 115.0 534.0 small-vehicle 0
140.0 496.0 159.0 496.0 156.0 537.0 137.0 536.0 small-vehicle 0
161.0 496.0 179.0 494.0 180.0 540.0 161.0 540.0 small-vehicle 0
186.0 496.0 206.0 498.0 204.0 540.0 184.0 538.0 small-vehicle 0
223.0 495.0 242.0 493.0 244.0 536.0 224.0 538.0 small-vehicle 0
548.0 157.0 547.0 138.0 650.0 134.0 651.0 159.0 large-vehicle 0
