imagesource:GoogleEarth
gsd:0.131988991509
30.0 204.0 16.0 200.0 23.0 176.0 37.0 179.0 small-vehicle 0
700.0 790.0 707.0 794.0 699.0 811.0 691.0 804.0 small-vehicle 1
811.0 346.0 798.0 362.0 773.0 342.0 784.0 326.0 small-vehicle 1
897.0 413.0 888.0 428.0 861.0 409.0 870.0 393.0 small-vehicle 0
784.0 400.0 775.0 420.0 730.0 394.0 739.0 376.0 large-vehicle 0
94.0 46.0 95.0 28.0 142.0 36.0 139.0 55.0 small-vehicle 0
732.0 416.0 741.0 402.0 767.0 420.0 759.0 433.0 small-vehicle 0
845.0 425.0 854.0 411.0 882.0 430.0 876.0 444.0 small-vehicle 0
898.0 210.0 891.0 223.0 860.0 202.0 868.0 189.0 small-vehicle 0
634.0 126.0 721.0 138.0 693.0 318.0 608.0 306.0 tennis-court 0
525.0 111.0 609.0 123.0 585.0 303.0 499.0 291.0 tennis-court 0
280.0 548.0 365.0 562.0 338.0 739.0 255.0 729.0 tennis-court 0
171.0 533.0 256.0 545.0 229.0 725.0 144.0 713.0 tennis-court 0
326.0 228.0 411.0 242.0 384.0 420.0 299.0 409.0 tennis-court 0
217.0 213.0 301.0 225.0 276.0 404.0 191.0 392.0 tennis-court 0
