imagesource:GoogleEarth
gsd:0.137547864035
92.0 739.0 171.0 770.0 111.0 934.0 32.0 906.0 tennis-court 0
191.0 777.0 269.0 806.0 210.0 969.0 132.0 941.0 tennis-court 0
284.0 523.0 361.0 553.0 301.0 717.0 223.0 689.0 tennis-court 0
183.0 487.0 261.0 516.0 201.0 680.0 124.0 653.0 tennis-court 0
374.0 273.0 452.0 302.0 393.0 467.0 313.0 439.0 tennis-court 0
274.0 237.0 352.0 266.0 291.0 431.0 214.0 404.0 tennis-court 0
374.0 169.0 481.0 209.0 545.0 31.0 437.0 1.0 basketball-court 1
213.0 112.0 320.0 150.0 375.0 1.0 255.0 1.0 basketball-court 1
