imagesource:GoogleEarth
gsd:0.132758067848
165.0 835.0 155.0 827.0 173.0 807.0 185.0 815.0 small-vehicle 0
607.0 35.0 620.0 47.0 596.0 78.0 583.0 68.0 small-vehicle 0
433.0 159.0 498.0 218.0 381.0 356.0 315.0 301.0 tennis-court 0
516.0 231.0 583.0 289.0 465.0 427.0 401.0 372.0 tennis-court 0
173.0 297.0 239.0 355.0 120.0 495.0 54.0 438.0 tennis-court 0
256.0 369.0 322.0 426.0 205.0 565.0 139.0 511.0 tennis-court 0
340.0 441.0 407.0 498.0 288.0 636.0 223.0 581.0 tennis-court 0
82.0 676.0 97.0 689.0 75.0 715.0 59.0 703.0 small-vehicle 0
99.0 692.0 111.0 703.0 89.0 730.0 77.0 721.0 small-vehicle 0
105.0 743.0 95.0 732.0 117.0 705.0 129.0 716.0 small-vehicle 0
152.0 729.0 165.0 743.0 139.0 771.0 126.0 759.0 small-vehicle 0
170.0 799.0 159.0 788.0 183.0 763.0 194.0 774.0 small-vehicle 0
191.0 815.0 180.0 802.0 203.0 776.0 214.0 788.0 small-vehicle 0
156.0 785.0 145.0 775.0 167.0 750.0 178.0 761.0 small-vehicle 0
135.0 719.0 147.0 731.0 123.0 757.0 112.0 747.0 small-vehicle 0
71.0 661.0 82.0 673.0 58.0 702.0 45.0 691.0 small-vehicle 0
41.0 700.0 51.0 709.0 28.0 738.0 17.0 727.0 small-vehicle 0
79.0 777.0 67.0 766.0 91.0 736.0 104.0 750.0 small-vehicle 0
26.0 631.0 38.0 643.0 15.0 670.0 2.0 657.0 small-vehicle 0
123.0 821.0 112.0 809.0 135.0 783.0 148.0 795.0 small-vehicle 0
145.0 831.0 133.0 821.0 153.0 796.0 166.0 807.0 small-vehicle 0
204.0 830.0 192.0 818.0 215.0 791.0 227.0 801.0 small-vehicle 0
58.0 709.0 71.0 722.0 52.0 747.0 39.0 736.0 small-vehicle 0
39.0 640.0 54.0 653.0 30.0 680.0 16.0 669.0 small-vehicle 0
119.0 763.0 135.0 778.0 115.0 802.0 100.0 790.0 small-vehicle 0
349.0 87.0 415.0 145.0 296.0 283.0 230.0 228.0 tennis-court 0
