imagesource:GoogleEarth
gsd:0.116713722444
201.0 574.0 196.0 555.0 238.0 544.0 243.0 564.0 small-vehicle 1
199.0 553.0 195.0 535.0 236.0 524.0 241.0 541.0 small-vehicle 1
467.0 480.0 560.0 455.0 611.0 652.0 519.0 677.0 tennis-court 0
587.0 448.0 682.0 422.0 735.0 620.0 639.0 645.0 tennis-court 0
708.0 416.0 802.0 391.0 857.0 588.0 761.0 614.0 tennis-court 0
274.0 859.0 370.0 835.0 422.0 1032.0 329.0 1057.0 tennis-court 0
428.0 819.0 521.0 793.0 573.0 991.0 480.0 1016.0 tennis-court 0
548.0 788.0 644.0 762.0 695.0 959.0 600.0 984.0 tennis-court 0
669.0 753.0 763.0 727.0 816.0 926.0 723.0 951.0 tennis-court 0
791.0 723.0 884.0 697.0 937.0 893.0 844.0 920.0 tennis-court 0
1271.0 1095.0 1462.0 1152.0 1370.0 1461.0 1179.0 1402.0 soccer-ball-field 0
1067.0 1036.0 1246.0 1089.0 1154.0 1397.0 972.0 1341.0 soccer-ball-field 0
1635.0 352.0 1713.0 617.0 1462.0 671.0 1378.0 417.0 baseball-diamond 0
68.0 167.0 84.0 169.0 78.0 210.0 61.0 209.0 small-vehicle 0
126.0 286.0 124.0 266.0 164.0 259.0 165.0 277.0 small-vehicle 0
28.0 368.0 10.0 363.0 23.0 326.0 40.0 332.0 small-vehicle 0
155.0 361.0 150.0 341.0 190.0 331.0 193.0 350.0 small-vehicle 0
190.0 354.0 194.0 375.0 155.0 386.0 150.0 367.0 small-vehicle 0
178.0 449.0 173.0 431.0 211.0 418.0 217.0 437.0 small-vehicle 0
191.0 488.0 188.0 470.0 220.0 464.0 224.0 482.0 small-vehicle 0
102.0 675.0 85.0 671.0 93.0 637.0 109.0 641.0 small-vehicle 0
120.0 651.0 134.0 655.0 127.0 686.0 112.0 682.0 small-vehicle 0
778.0 44.0 794.0 39.0 805.0 77.0 789.0 82.0 small-vehicle 0
346.0 513.0 438.0 488.0 491.0 685.0 399.0 710.0 tennis-court 0
