imagesource:GoogleEarth
gsd:0.135865946581
73.0 97.0 68.0 111.0 30.0 99.0 35.0 84.0 small-vehicle 1
839.0 275.0 836.0 293.0 799.0 282.0 804.0 264.0 small-vehicle 0
64.0 1770.0 138.0 1514.0 566.0 1637.0 492.0 1889.0 soccer-ball-field 0
539.0 926.0 621.0 950.0 573.0 1119.0 490.0 1097.0 tennis-court 0
510.0 626.0 592.0 650.0 544.0 818.0 462.0 796.0 tennis-court 0
615.0 655.0 694.0 678.0 648.0 847.0 567.0 826.0 tennis-court 0
718.0 683.0 799.0 708.0 752.0 875.0 671.0 855.0 tennis-court 0
643.0 955.0 724.0 979.0 676.0 1147.0 594.0 1125.0 tennis-court 0
587.0 353.0 668.0 377.0 619.0 547.0 538.0 525.0 tennis-court 0
690.0 383.0 770.0 405.0 723.0 576.0 643.0 553.0 tennis-court 0
795.0 412.0 873.0 435.0 827.0 604.0 749.0 582.0 tennis-court 0
839.0 1112.0 821.0 1105.0 832.0 1068.0 849.0 1075.0 small-vehicle 0
391.0 187.0 385.0 203.0 350.0 189.0 356.0 171.0 small-vehicle 1
784.0 1241.0 799.0 1246.0 790.0 1277.0 775.0 1272.0 small-vehicle 0
768.0 1302.0 783.0 1306.0 772.0 1342.0 758.0 1337.0 small-vehicle 0
771.0 1661.0 756.0 1654.0 766.0 1627.0 779.0 1633.0 small-vehicle 0
310.0 160.0 307.0 176.0 274.0 171.0 277.0 155.0 small-vehicle 1
542.0 223.0 538.0 240.0 504.0 230.0 508.0 215.0 small-vehicle 1
819.0 1114.0 835.0 1118.0 827.0 1149.0 812.0 1145.0 small-vehicle 1
814.0 1194.0 797.0 1190.0 806.0 1156.0 824.0 1161.0 small-vehicle 1
804.0 1234.0 788.0 1228.0 795.0 1198.0 811.0 1203.0 small-vehicle 1
724.0 1425.0 705.0 1420.0 713.0 1389.0 731.0 1394.0 small-vehicle 1
152.0 1458.0 223.0 1211.0 651.0 1330.0 579.0 1582.0 soccer-ball-field 0
