imagesource:GoogleEarth
gsd:0.139666447274
706.0 719.0 675.0 717.0 676.0 658.0 709.0 660.0 ship 0
445.0 1205.0 448.0 1190.0 482.0 1190.0 484.0 1205.0 ship 0
454.0 1155.0 452.0 1181.0 397.0 1182.0 398.0 1154.0 ship 0
222.0 460.0 241.0 456.0 243.0 510.0 222.0 511.0 ship 0
422.0 1728.0 411.0 1692.0 584.0 1639.0 597.0 1677.0 harbor 0
391.0 1221.0 392.0 1182.0 546.0 1179.0 547.0 1221.0 harbor 0
617.0 737.0 623.0 682.0 896.0 687.0 896.0 747.0 harbor 0
861.0 329.0 844.0 301.0 968.0 215.0 983.0 237.0 harbor 0
282.0 520.0 246.0 525.0 224.0 273.0 259.0 267.0 harbor 0
