imagesource:GoogleEarth
gsd:0.137181509491
547.0 1772.0 565.0 1783.0 538.0 1840.0 517.0 1830.0 ship 0
951.0 1183.0 947.0 1208.0 881.0 1191.0 888.0 1165.0 ship 0
590.0 1781.0 549.0 1845.0 362.0 1746.0 404.0 1681.0 harbor 0
915.0 1736.0 926.0 1705.0 1046.0 1744.0 1037.0 1773.0 harbor 0
873.0 1164.0 876.0 1151.0 1011.0 1174.0 1006.0 1189.0 harbor 0
733.0 926.0 699.0 974.0 593.0 897.0 629.0 853.0 harbor 0
971.0 820.0 962.0 808.0 1100.0 708.0 1109.0 720.0 harbor 0
844.0 544.0 831.0 551.0 776.0 479.0 787.0 470.0 harbor 0
1028.0 245.0 1018.0 237.0 1108.0 130.0 1117.0 140.0 harbor 0
