imagesource:GoogleEarth
gsd:0.133520461365
563.0 701.0 575.0 689.0 617.0 728.0 601.0 744.0 ship 0
554.0 543.0 563.0 532.0 590.0 561.0 579.0 571.0 small-vehicle 0
442.0 476.0 456.0 466.0 480.0 498.0 469.0 506.0 small-vehicle 0
395.0 506.0 409.0 491.0 439.0 523.0 425.0 534.0 small-vehicle 0
621.0 498.0 610.0 511.0 576.0 475.0 589.0 462.0 small-vehicle 0
650.0 495.0 637.0 506.0 610.0 474.0 623.0 466.0 small-vehicle 0
571.0 504.0 583.0 492.0 608.0 519.0 597.0 532.0 small-vehicle 0
526.0 517.0 539.0 505.0 562.0 532.0 552.0 543.0 small-vehicle 0
555.0 560.0 543.0 570.0 515.0 540.0 526.0 530.0 small-vehicle 0
540.0 503.0 552.0 491.0 577.0 518.0 566.0 529.0 small-vehicle 0
502.0 602.0 487.0 613.0 462.0 582.0 476.0 571.0 small-vehicle 0
408.0 543.0 423.0 536.0 449.0 573.0 433.0 581.0 small-vehicle 0
498.0 631.0 484.0 642.0 460.0 614.0 473.0 605.0 small-vehicle 0
454.0 644.0 442.0 657.0 410.0 626.0 423.0 614.0 small-vehicle 0
446.0 664.0 457.0 652.0 481.0 676.0 470.0 686.0 small-vehicle 0
286.0 604.0 298.0 594.0 320.0 619.0 309.0 628.0 small-vehicle 0
501.0 457.0 491.0 466.0 470.0 444.0 480.0 434.0 small-vehicle 0
491.0 470.0 505.0 459.0 529.0 488.0 518.0 497.0 small-vehicle 0
516.0 456.0 528.0 448.0 550.0 473.0 540.0 481.0 small-vehicle 0
490.0 429.0 501.0 420.0 524.0 444.0 513.0 454.0 small-vehicle 0
511.0 420.0 530.0 404.0 557.0 435.0 544.0 449.0 small-vehicle 0
529.0 400.0 550.0 384.0 578.0 418.0 561.0 434.0 small-vehicle 0
573.0 392.0 588.0 378.0 618.0 412.0 607.0 426.0 small-vehicle 0
606.0 358.0 618.0 343.0 657.0 377.0 645.0 390.0 small-vehicle 0
667.0 337.0 659.0 346.0 630.0 320.0 640.0 309.0 small-vehicle 0
327.0 575.0 343.0 564.0 393.0 618.0 378.0 629.0 large-vehicle 0
345.0 559.0 358.0 546.0 416.0 601.0 400.0 614.0 large-vehicle 0
779.0 390.0 765.0 404.0 706.0 357.0 714.0 342.0 large-vehicle 0
747.0 400.0 730.0 417.0 673.0 366.0 687.0 349.0 large-vehicle 0
359.0 867.0 373.0 850.0 423.0 901.0 408.0 917.0 large-vehicle 0
379.0 841.0 393.0 827.0 446.0 884.0 435.0 897.0 large-vehicle 0
516.0 754.0 531.0 738.0 564.0 770.0 548.0 784.0 large-vehicle 0
622.0 624.0 635.0 609.0 687.0 663.0 671.0 675.0 large-vehicle 0
307.0 576.0 321.0 566.0 343.0 594.0 333.0 604.0 small-vehicle 0
403.0 734.0 390.0 745.0 359.0 710.0 372.0 697.0 small-vehicle 0
274.0 741.0 266.0 729.0 288.0 709.0 298.0 721.0 small-vehicle 0
445.0 808.0 458.0 795.0 490.0 829.0 480.0 841.0 small-vehicle 0
473.0 777.0 484.0 765.0 531.0 804.0 519.0 818.0 large-vehicle 0
457.0 789.0 473.0 778.0 510.0 819.0 496.0 830.0 large-vehicle 0
572.0 681.0 589.0 666.0 634.0 711.0 618.0 727.0 large-vehicle 0
373.0 661.0 390.0 647.0 435.0 693.0 419.0 708.0 large-vehicle 0
358.0 685.0 342.0 701.0 295.0 654.0 310.0 638.0 large-vehicle 0
329.0 611.0 343.0 597.0 378.0 633.0 363.0 648.0 large-vehicle 0
746.0 425.0 752.0 406.0 791.0 418.0 785.0 436.0 small-vehicle 0
695.0 472.0 683.0 484.0 656.0 458.0 664.0 445.0 small-vehicle 0
677.0 491.0 665.0 503.0 637.0 474.0 646.0 462.0 small-vehicle 0
702.0 531.0 713.0 544.0 689.0 570.0 676.0 560.0 small-vehicle 0
652.0 779.0 641.0 767.0 673.0 737.0 683.0 749.0 small-vehicle 0
635.0 1099.0 648.0 1115.0 613.0 1145.0 602.0 1130.0 small-vehicle 0
634.0 762.0 622.0 751.0 656.0 721.0 666.0 734.0 small-vehicle 0
535.0 737.0 548.0 722.0 578.0 756.0 565.0 768.0 small-vehicle 0
425.0 854.0 436.0 844.0 460.0 876.0 448.0 883.0 small-vehicle 0
267.0 786.0 272.0 769.0 317.0 787.0 311.0 803.0 small-vehicle 0
397.0 825.0 408.0 814.0 433.0 840.0 423.0 849.0 small-vehicle 0
515.0 877.0 525.0 891.0 493.0 916.0 483.0 902.0 small-vehicle 0
497.0 858.0 508.0 872.0 478.0 902.0 467.0 886.0 small-vehicle 0
454.0 896.0 467.0 910.0 434.0 936.0 424.0 924.0 small-vehicle 0
470.0 913.0 480.0 928.0 448.0 955.0 438.0 942.0 small-vehicle 0
483.0 930.0 495.0 943.0 461.0 973.0 451.0 962.0 small-vehicle 0
564.0 1019.0 576.0 1034.0 542.0 1061.0 530.0 1048.0 small-vehicle 0
543.0 994.0 556.0 1006.0 524.0 1039.0 510.0 1027.0 small-vehicle 0
425.0 1027.0 434.0 1016.0 461.0 1042.0 450.0 1052.0 small-vehicle 0
372.0 975.0 384.0 963.0 415.0 995.0 403.0 1007.0 small-vehicle 0
226.0 1121.0 216.0 1130.0 188.0 1105.0 200.0 1091.0 small-vehicle 0
475.0 564.0 486.0 553.0 512.0 576.0 502.0 589.0 small-vehicle 0
244.0 711.0 229.0 695.0 257.0 674.0 270.0 690.0 small-vehicle 0
197.0 715.0 208.0 705.0 233.0 733.0 223.0 742.0 small-vehicle 0
601.0 639.0 614.0 628.0 665.0 678.0 647.0 692.0 large-vehicle 0
