imagesource:GoogleEarth
gsd:0.257817477585
804.0 150.0 802.0 159.0 779.0 154.0 781.0 145.0 small-vehicle 1
1021.0 208.0 1014.0 214.0 990.0 197.0 997.0 187.0 ship 0
645.0 380.0 559.0 365.0 582.0 259.0 667.0 274.0 harbor 0
293.0 635.0 255.0 634.0 264.0 555.0 299.0 557.0 harbor 0
175.0 806.0 191.0 813.0 164.0 878.0 150.0 871.0 harbor 0
221.0 839.0 243.0 851.0 219.0 903.0 197.0 893.0 harbor 0
326.0 888.0 335.0 890.0 321.0 946.0 313.0 945.0 harbor 0
457.0 882.0 467.0 884.0 461.0 930.0 451.0 930.0 harbor 0
781.0 718.0 802.0 719.0 791.0 830.0 772.0 830.0 harbor 0
857.0 712.0 878.0 714.0 859.0 836.0 839.0 833.0 harbor 0
955.0 706.0 977.0 707.0 973.0 832.0 950.0 831.0 harbor 0
1029.0 781.0 1039.0 781.0 1039.0 866.0 1028.0 866.0 harbor 0
1113.0 547.0 1138.0 536.0 1180.0 663.0 1156.0 672.0 harbor 0
513.0 318.0 512.0 302.0 548.0 304.0 548.0 319.0 ship 0
156.0 211.0 161.0 221.0 145.0 230.0 139.0 222.0 small-vehicle 0
767.0 124.0 769.0 114.0 789.0 122.0 786.0 131.0 small-vehicle 0
1025.0 196.0 1017.0 203.0 1001.0 188.0 1007.0 180.0 ship 0
1031.0 231.0 1019.0 250.0 969.0 219.0 983.0 198.0 harbor 0
