imagesource:GoogleEarth
gsd:0.138140237792
655.0 306.0 633.0 308.0 630.0 265.0 651.0 263.0 small-vehicle 0
168.0 415.0 171.0 431.0 135.0 436.0 132.0 420.0 small-vehicle 0
407.0 292.0 409.0 311.0 365.0 315.0 364.0 296.0 small-vehicle 0
508.0 321.0 488.0 322.0 483.0 276.0 503.0 275.0 small-vehicle 0
492.0 419.0 470.0 419.0 466.0 378.0 488.0 376.0 small-vehicle 0
346.0 370.0 344.0 351.0 403.0 347.0 403.0 364.0 small-vehicle 0
164.0 396.0 163.0 411.0 129.0 409.0 127.0 396.0 small-vehicle 0
162.0 368.0 161.0 384.0 128.0 384.0 128.0 369.0 small-vehicle 0
169.0 437.0 169.0 452.0 131.0 454.0 130.0 438.0 small-vehicle 0
176.0 769.0 174.0 751.0 206.0 747.0 208.0 763.0 small-vehicle 0
169.0 460.0 170.0 474.0 139.0 476.0 136.0 461.0 small-vehicle 0
176.0 555.0 179.0 573.0 144.0 577.0 142.0 560.0 small-vehicle 0
180.0 580.0 181.0 594.0 151.0 597.0 150.0 584.0 small-vehicle 0
188.0 600.0 191.0 618.0 153.0 620.0 152.0 603.0 small-vehicle 0
168.0 689.0 165.0 677.0 194.0 673.0 198.0 686.0 small-vehicle 0
167.0 712.0 165.0 695.0 200.0 691.0 202.0 708.0 small-vehicle 0
398.0 243.0 401.0 261.0 358.0 267.0 354.0 250.0 small-vehicle 0
397.0 215.0 400.0 231.0 356.0 237.0 352.0 220.0 small-vehicle 0
208.0 273.0 210.0 289.0 170.0 295.0 168.0 278.0 small-vehicle 0
209.0 253.0 210.0 270.0 172.0 276.0 168.0 258.0 small-vehicle 0
200.0 145.0 203.0 161.0 160.0 165.0 157.0 149.0 small-vehicle 0
206.0 164.0 208.0 180.0 165.0 184.0 163.0 167.0 small-vehicle 0
204.0 183.0 204.0 203.0 166.0 205.0 166.0 189.0 small-vehicle 0
205.0 212.0 206.0 227.0 168.0 230.0 167.0 214.0 small-vehicle 0
283.0 201.0 282.0 180.0 332.0 181.0 331.0 200.0 small-vehicle 0
260.0 942.0 242.0 943.0 234.0 871.0 253.0 867.0 large-vehicle 0
250.0 847.0 232.0 852.0 222.0 777.0 242.0 774.0 large-vehicle 0
225.0 625.0 207.0 628.0 197.0 555.0 219.0 553.0 large-vehicle 0
238.0 750.0 221.0 749.0 212.0 676.0 230.0 675.0 large-vehicle 0
544.0 740.0 525.0 741.0 517.0 663.0 539.0 661.0 large-vehicle 0
232.0 1072.0 235.0 1054.0 284.0 1062.0 280.0 1082.0 large-vehicle 0
309.0 528.0 312.0 545.0 241.0 550.0 240.0 532.0 large-vehicle 0
330.0 958.0 317.0 970.0 280.0 909.0 299.0 897.0 large-vehicle 0
169.0 732.0 167.0 716.0 203.0 711.0 204.0 728.0 small-vehicle 0
204.0 731.0 206.0 747.0 172.0 749.0 171.0 734.0 small-vehicle 0
211.0 233.0 211.0 250.0 167.0 254.0 165.0 236.0 ship 0
372.0 715.0 370.0 731.0 334.0 724.0 337.0 708.0 small-vehicle 0
539.0 1040.0 520.0 1042.0 517.0 1002.0 536.0 1003.0 small-vehicle 0
569.0 1067.0 552.0 1067.0 548.0 1024.0 566.0 1025.0 small-vehicle 0
558.0 954.0 540.0 953.0 541.0 919.0 557.0 921.0 small-vehicle 0
442.0 808.0 444.0 821.0 411.0 824.0 408.0 811.0 small-vehicle 0
452.0 865.0 454.0 880.0 415.0 884.0 411.0 867.0 small-vehicle 0
339.0 743.0 347.0 730.0 379.0 749.0 373.0 762.0 small-vehicle 0
297.0 724.0 282.0 725.0 280.0 690.0 296.0 690.0 small-vehicle 0
107.0 738.0 93.0 741.0 88.0 705.0 104.0 704.0 small-vehicle 0
143.0 512.0 139.0 496.0 174.0 492.0 177.0 508.0 small-vehicle 0
389.0 514.0 392.0 538.0 331.0 544.0 326.0 521.0 small-vehicle 0
335.0 403.0 331.0 383.0 397.0 376.0 399.0 397.0 small-vehicle 0
183.0 452.0 182.0 431.0 237.0 424.0 237.0 444.0 small-vehicle 0
343.0 346.0 343.0 327.0 387.0 325.0 390.0 340.0 small-vehicle 0
232.0 384.0 233.0 405.0 180.0 406.0 180.0 385.0 ship 0
107.0 897.0 106.0 882.0 142.0 878.0 143.0 893.0 small-vehicle 0
43.0 1075.0 39.0 1061.0 73.0 1054.0 76.0 1069.0 small-vehicle 0
197.0 1014.0 195.0 1001.0 226.0 996.0 229.0 1009.0 small-vehicle 0
115.0 1016.0 117.0 998.0 149.0 1002.0 146.0 1017.0 small-vehicle 0
224.0 961.0 225.0 977.0 188.0 981.0 185.0 965.0 small-vehicle 0
186.0 938.0 185.0 922.0 223.0 918.0 223.0 933.0 small-vehicle 0
116.0 992.0 115.0 976.0 145.0 972.0 146.0 988.0 small-vehicle 0
108.0 945.0 107.0 929.0 137.0 928.0 138.0 943.0 small-vehicle 0
181.0 872.0 179.0 855.0 215.0 849.0 216.0 867.0 small-vehicle 0
187.0 918.0 185.0 903.0 221.0 900.0 223.0 917.0 small-vehicle 0
108.0 927.0 107.0 912.0 138.0 908.0 138.0 924.0 small-vehicle 0
104.0 878.0 102.0 860.0 137.0 855.0 137.0 872.0 small-vehicle 0
172.0 811.0 170.0 793.0 209.0 788.0 211.0 806.0 small-vehicle 0
208.0 816.0 209.0 830.0 179.0 834.0 176.0 822.0 small-vehicle 0
96.0 824.0 94.0 806.0 129.0 803.0 132.0 821.0 small-vehicle 0
128.0 783.0 131.0 801.0 93.0 805.0 90.0 788.0 small-vehicle 0
111.0 716.0 127.0 712.0 131.0 744.0 117.0 747.0 small-vehicle 0
362.0 942.0 346.0 953.0 307.0 896.0 325.0 882.0 large-vehicle 0
