imagesource:GoogleEarth
gsd:0.126952632538
1596.0 32.0 1602.0 48.0 1561.0 63.0 1555.0 48.0 small-vehicle 0
1339.0 59.0 1356.0 68.0 1339.0 102.0 1323.0 93.0 small-vehicle 0
194.0 924.0 204.0 905.0 239.0 931.0 226.0 947.0 ship 0
56.0 187.0 70.0 197.0 49.0 229.0 36.0 221.0 small-vehicle 0
1395.0 785.0 1404.0 761.0 1461.0 785.0 1452.0 809.0 ship 0
610.0 609.0 622.0 592.0 666.0 621.0 653.0 639.0 ship 0
732.0 374.0 742.0 357.0 781.0 383.0 770.0 400.0 ship 0
1110.0 502.0 1067.0 459.0 1157.0 371.0 1200.0 421.0 harbor 0
1467.0 787.0 1425.0 769.0 1473.0 655.0 1514.0 670.0 harbor 0
217.0 932.0 196.0 969.0 94.0 897.0 116.0 859.0 harbor 0
681.0 600.0 653.0 639.0 420.0 474.0 455.0 433.0 harbor 0
775.0 403.0 763.0 420.0 552.0 288.0 568.0 268.0 harbor 0
