imagesource:GoogleEarth
gsd:0.135865189165
139.0 749.0 144.0 768.0 64.0 786.0 60.0 767.0 large-vehicle 0
103.0 636.0 98.0 622.0 130.0 614.0 135.0 628.0 small-vehicle 0
546.0 342.0 560.0 330.0 589.0 361.0 575.0 374.0 small-vehicle 0
525.0 365.0 542.0 350.0 568.0 380.0 555.0 393.0 small-vehicle 0
385.0 501.0 371.0 487.0 488.0 384.0 501.0 399.0 large-vehicle 0
335.0 442.0 322.0 428.0 445.0 327.0 457.0 342.0 large-vehicle 0
499.0 780.0 511.0 792.0 451.0 847.0 439.0 833.0 large-vehicle 0
483.0 762.0 495.0 775.0 434.0 829.0 421.0 816.0 large-vehicle 0
466.0 751.0 474.0 765.0 406.0 808.0 397.0 792.0 large-vehicle 0
433.0 714.0 443.0 726.0 396.0 763.0 386.0 749.0 large-vehicle 0
424.0 692.0 433.0 706.0 369.0 755.0 359.0 741.0 large-vehicle 0
398.0 663.0 409.0 678.0 346.0 729.0 334.0 715.0 large-vehicle 0
208.0 620.0 204.0 602.0 290.0 585.0 294.0 604.0 large-vehicle 0
193.0 589.0 190.0 571.0 277.0 556.0 281.0 574.0 large-vehicle 0
169.0 544.0 166.0 526.0 252.0 507.0 255.0 524.0 large-vehicle 0
162.0 496.0 159.0 478.0 245.0 461.0 249.0 480.0 large-vehicle 0
145.0 473.0 142.0 456.0 196.0 445.0 199.0 461.0 large-vehicle 0
149.0 451.0 145.0 433.0 231.0 416.0 234.0 434.0 large-vehicle 0
140.0 427.0 137.0 410.0 224.0 397.0 226.0 414.0 large-vehicle 0
133.0 595.0 137.0 610.0 105.0 617.0 101.0 605.0 small-vehicle 0
120.0 705.0 124.0 725.0 80.0 735.0 77.0 716.0 small-vehicle 0
322.0 831.0 327.0 848.0 284.0 858.0 279.0 843.0 small-vehicle 0
285.0 691.0 290.0 707.0 256.0 716.0 251.0 701.0 small-vehicle 0
554.0 910.0 544.0 895.0 570.0 875.0 584.0 890.0 small-vehicle 0
366.0 1022.0 376.0 1035.0 345.0 1059.0 336.0 1046.0 small-vehicle 0
358.0 948.0 360.0 967.0 313.0 976.0 311.0 959.0 small-vehicle 0
338.0 886.0 342.0 902.0 298.0 912.0 295.0 896.0 large-vehicle 0
334.0 850.0 339.0 866.0 296.0 874.0 290.0 859.0 large-vehicle 0
336.0 870.0 340.0 883.0 297.0 894.0 292.0 879.0 large-vehicle 0
349.0 905.0 354.0 921.0 312.0 933.0 309.0 917.0 large-vehicle 0
356.0 926.0 360.0 945.0 309.0 955.0 304.0 938.0 large-vehicle 0
367.0 985.0 374.0 1007.0 321.0 1020.0 318.0 1001.0 large-vehicle 0
541.0 834.0 556.0 850.0 513.0 884.0 499.0 869.0 large-vehicle 0
552.0 859.0 564.0 875.0 497.0 921.0 484.0 904.0 large-vehicle 0
179.0 515.0 176.0 498.0 243.0 486.0 245.0 503.0 large-vehicle 0
321.0 808.0 324.0 825.0 280.0 835.0 276.0 820.0 small-vehicle 0
558.0 770.0 545.0 756.0 581.0 726.0 591.0 741.0 small-vehicle 0
540.0 755.0 528.0 741.0 559.0 717.0 569.0 732.0 small-vehicle 0
508.0 714.0 496.0 701.0 523.0 679.0 533.0 691.0 small-vehicle 0
296.0 735.0 302.0 754.0 264.0 764.0 259.0 745.0 small-vehicle 0
136.0 401.0 132.0 384.0 219.0 368.0 222.0 386.0 large-vehicle 0
