imagesource:GoogleEarth
gsd:0.130541229404
537.0 151.0 547.0 163.0 533.0 182.0 519.0 170.0 ship 0
667.0 612.0 683.0 606.0 694.0 645.0 679.0 649.0 ship 0
560.0 344.0 570.0 362.0 539.0 381.0 529.0 362.0 ship 0
582.0 370.0 595.0 392.0 538.0 426.0 524.0 403.0 ship 0
81.0 182.0 106.0 186.0 93.0 249.0 68.0 244.0 ship 0
661.0 656.0 628.0 552.0 760.0 515.0 788.0 620.0 harbor 0
551.0 476.0 501.0 402.0 655.0 312.0 701.0 385.0 harbor 0
441.0 363.0 377.0 302.0 481.0 182.0 541.0 241.0 harbor 0
151.0 258.0 95.0 247.0 126.0 87.0 189.0 98.0 harbor 0
