imagesource:GoogleEarth
gsd:0.250854142373
994.0 436.0 1005.0 442.0 992.0 461.0 983.0 457.0 ship 0
615.0 781.0 606.0 775.0 619.0 759.0 626.0 765.0 small-vehicle 0
27.0 761.0 21.0 771.0 1.0 757.0 6.0 748.0 small-vehicle 0
321.0 587.0 310.0 584.0 318.0 559.0 331.0 562.0 ship 1
242.0 472.0 252.0 479.0 238.0 500.0 228.0 492.0 small-vehicle 0
488.0 536.0 495.0 543.0 480.0 562.0 471.0 554.0 ship 0
499.0 540.0 507.0 547.0 489.0 572.0 478.0 564.0 ship 0
366.0 508.0 356.0 501.0 368.0 478.0 379.0 486.0 ship 0
1042.0 532.0 1136.0 609.0 1000.0 773.0 908.0 680.0 harbor 0
986.0 381.0 1017.0 403.0 877.0 612.0 843.0 582.0 harbor 0
765.0 200.0 788.0 219.0 651.0 420.0 624.0 401.0 harbor 0
433.0 136.0 452.0 150.0 388.0 262.0 369.0 252.0 harbor 0
363.0 36.0 392.0 56.0 274.0 232.0 249.0 216.0 harbor 0
278.0 2.0 294.0 14.0 164.0 175.0 150.0 160.0 harbor 0
