imagesource:GoogleEarth
gsd:0.257723180262
559.0 74.0 632.0 109.0 615.0 144.0 542.0 113.0 swimming-pool 0
773.0 609.0 765.0 604.0 779.0 585.0 786.0 591.0 ship 1
714.0 148.0 703.0 149.0 702.0 127.0 714.0 127.0 small-vehicle 0
574.0 476.0 586.0 480.0 576.0 514.0 563.0 510.0 ship 0
1080.0 1101.0 1023.0 1065.0 1167.0 833.0 1227.0 873.0 harbor 0
704.0 689.0 686.0 677.0 836.0 477.0 853.0 493.0 harbor 0
589.0 492.0 550.0 478.0 590.0 368.0 629.0 383.0 harbor 0
202.0 407.0 180.0 398.0 252.0 242.0 273.0 251.0 harbor 0
265.0 150.0 275.0 132.0 314.0 153.0 305.0 171.0 swimming-pool 0
