imagesource:GoogleEarth
gsd:0.141262142677
879.0 1309.0 874.0 1330.0 805.0 1309.0 812.0 1285.0 ship 0
110.0 1880.0 131.0 1818.0 294.0 1862.0 276.0 1926.0 harbor 0
128.0 1664.0 145.0 1618.0 324.0 1679.0 306.0 1727.0 harbor 0
158.0 1523.0 170.0 1488.0 362.0 1551.0 350.0 1593.0 harbor 0
154.0 1342.0 176.0 1290.0 423.0 1384.0 401.0 1436.0 harbor 0
214.0 1224.0 229.0 1195.0 499.0 1308.0 483.0 1341.0 harbor 0
260.0 1154.0 298.0 1082.0 543.0 1186.0 514.0 1255.0 harbor 0
346.0 1055.0 382.0 976.0 589.0 1052.0 551.0 1139.0 harbor 0
375.0 935.0 410.0 848.0 623.0 938.0 591.0 1021.0 harbor 0
450.0 768.0 486.0 695.0 703.0 796.0 670.0 866.0 harbor 0
456.0 512.0 484.0 439.0 762.0 550.0 731.0 619.0 harbor 0
572.0 413.0 601.0 347.0 813.0 429.0 790.0 491.0 harbor 0
639.0 335.0 667.0 272.0 856.0 335.0 832.0 404.0 harbor 0
