imagesource:GoogleEarth
gsd:0.124276608237
1885.0 249.0 1868.0 241.0 1884.0 207.0 1899.0 213.0 small-vehicle 0
1915.0 286.0 1901.0 300.0 1872.0 268.0 1886.0 254.0 small-vehicle 0
1961.0 309.0 1954.0 327.0 1918.0 313.0 1924.0 297.0 small-vehicle 0
1029.0 735.0 1054.0 742.0 1021.0 846.0 996.0 837.0 ship 0
1019.0 589.0 1043.0 598.0 1022.0 657.0 999.0 647.0 ship 0
1760.0 975.0 1696.0 922.0 1831.0 748.0 1896.0 805.0 harbor 0
1192.0 935.0 1136.0 898.0 1416.0 453.0 1469.0 490.0 harbor 0
990.0 849.0 933.0 820.0 1113.0 360.0 1175.0 389.0 harbor 0
649.0 739.0 609.0 716.0 816.0 288.0 860.0 311.0 harbor 0
443.0 644.0 401.0 635.0 495.0 214.0 538.0 224.0 harbor 0
328.0 503.0 284.0 500.0 302.0 199.0 346.0 201.0 harbor 0
