imagesource:GoogleEarth
gsd:0.12887837903
1776.0 1364.0 1773.0 1346.0 1816.0 1345.0 1818.0 1361.0 small-vehicle 1
1030.0 474.0 1037.0 494.0 990.0 511.0 983.0 492.0 ship 0
124.0 1162.0 230.0 1128.0 316.0 1412.0 206.0 1450.0 harbor 0
337.0 1177.0 374.0 1163.0 460.0 1396.0 417.0 1416.0 harbor 0
497.0 810.0 592.0 789.0 700.0 1250.0 610.0 1279.0 harbor 0
708.0 838.0 772.0 815.0 875.0 1185.0 804.0 1204.0 harbor 0
878.0 765.0 919.0 752.0 1039.0 1114.0 995.0 1128.0 harbor 0
824.0 316.0 956.0 279.0 1193.0 1015.0 1058.0 1052.0 harbor 0
1330.0 799.0 1389.0 785.0 1445.0 1041.0 1380.0 1052.0 harbor 0
1609.0 721.0 1650.0 719.0 1673.0 1044.0 1631.0 1050.0 harbor 0
1859.0 787.0 1901.0 788.0 1888.0 1046.0 1843.0 1044.0 harbor 0
1943.0 906.0 1958.0 909.0 1932.0 1033.0 1914.0 1028.0 harbor 0
891.0 320.0 916.0 313.0 938.0 383.0 914.0 391.0 ship 0
1582.0 723.0 1611.0 723.0 1612.0 784.0 1589.0 786.0 ship 0
412.0 1199.0 393.0 1206.0 374.0 1165.0 395.0 1155.0 ship 0
1672.0 1515.0 1651.0 1518.0 1641.0 1470.0 1661.0 1464.0 ship 0
1482.0 1641.0 1463.0 1644.0 1454.0 1603.0 1474.0 1599.0 ship 0
593.0 843.0 570.0 848.0 556.0 797.0 581.0 792.0 ship 0
1690.0 1493.0 1679.0 1494.0 1674.0 1467.0 1687.0 1466.0 ship 0
1680.0 1500.0 1670.0 1502.0 1664.0 1475.0 1675.0 1473.0 ship 0
247.0 1224.0 237.0 1227.0 227.0 1202.0 241.0 1197.0 ship 0
1062.0 847.0 1047.0 852.0 1034.0 815.0 1051.0 811.0 ship 0
1066.0 822.0 1060.0 802.0 1104.0 785.0 1112.0 807.0 ship 0
0.0 1300.0 2.0 1239.0 93.0 1517.0 67.0 1527.0 harbor 1
