imagesource:GoogleEarth
gsd:0.264116521052
983.0 769.0 1003.0 753.0 1037.0 792.0 1018.0 809.0 swimming-pool 0
798.0 859.0 804.0 870.0 781.0 887.0 772.0 878.0 ship 1
869.0 804.0 876.0 814.0 852.0 835.0 843.0 824.0 ship 1
499.0 472.0 499.0 461.0 516.0 462.0 516.0 471.0 ship 1
598.0 606.0 607.0 621.0 578.0 646.0 566.0 632.0 ship 0
500.0 470.0 509.0 480.0 488.0 502.0 480.0 492.0 ship 0
588.0 23.0 613.0 34.0 595.0 78.0 568.0 67.0 swimming-pool 0
1003.0 1184.0 968.0 1152.0 1071.0 1040.0 1109.0 1078.0 harbor 0
732.0 917.0 721.0 906.0 867.0 785.0 876.0 798.0 harbor 0
579.0 682.0 561.0 656.0 712.0 536.0 730.0 559.0 harbor 0
854.0 544.0 841.0 500.0 862.0 494.0 877.0 538.0 swimming-pool 0
477.0 497.0 452.0 474.0 578.0 333.0 607.0 358.0 harbor 0
274.0 335.0 254.0 316.0 419.0 136.0 438.0 156.0 harbor 0
187.0 95.0 169.0 84.0 230.0 0.0 254.0 0.0 harbor 1
