imagesource:GoogleEarth
gsd:0.12909831515
790.0 96.0 807.0 81.0 836.0 113.0 821.0 128.0 large-vehicle 0
328.0 422.0 313.0 437.0 238.0 363.0 254.0 349.0 large-vehicle 0
397.0 291.0 382.0 304.0 317.0 249.0 329.0 234.0 large-vehicle 0
409.0 268.0 396.0 282.0 327.0 220.0 340.0 206.0 large-vehicle 0
459.0 212.0 446.0 225.0 391.0 171.0 404.0 157.0 large-vehicle 0
405.0 658.0 422.0 645.0 493.0 715.0 481.0 732.0 large-vehicle 0
413.0 623.0 428.0 610.0 498.0 685.0 480.0 697.0 large-vehicle 0
434.0 607.0 449.0 594.0 518.0 664.0 504.0 677.0 large-vehicle 0
450.0 590.0 467.0 575.0 537.0 643.0 524.0 658.0 large-vehicle 0
284.0 532.0 296.0 550.0 214.0 601.0 204.0 583.0 large-vehicle 0
262.0 507.0 272.0 524.0 196.0 578.0 187.0 560.0 large-vehicle 0
242.0 483.0 255.0 500.0 173.0 561.0 158.0 547.0 large-vehicle 0
217.0 460.0 229.0 474.0 151.0 544.0 136.0 527.0 large-vehicle 0
193.0 444.0 203.0 460.0 135.0 518.0 122.0 501.0 large-vehicle 0
574.0 536.0 557.0 552.0 482.0 484.0 496.0 466.0 large-vehicle 0
489.0 452.0 470.0 465.0 395.0 399.0 409.0 383.0 large-vehicle 0
502.0 426.0 489.0 440.0 421.0 379.0 436.0 364.0 large-vehicle 0
350.0 405.0 337.0 419.0 263.0 347.0 279.0 331.0 large-vehicle 0
413.0 343.0 395.0 356.0 324.0 286.0 339.0 274.0 large-vehicle 0
469.0 359.0 455.0 373.0 400.0 319.0 413.0 306.0 large-vehicle 0
627.0 352.0 614.0 340.0 655.0 299.0 668.0 310.0 large-vehicle 0
605.0 330.0 592.0 316.0 629.0 276.0 645.0 291.0 large-vehicle 0
477.0 297.0 465.0 312.0 412.0 262.0 425.0 246.0 large-vehicle 0
499.0 286.0 485.0 299.0 435.0 246.0 448.0 232.0 large-vehicle 0
416.0 244.0 404.0 252.0 351.0 205.0 364.0 192.0 large-vehicle 0
434.0 221.0 422.0 236.0 363.0 183.0 378.0 170.0 large-vehicle 0
476.0 191.0 462.0 204.0 409.0 152.0 419.0 138.0 large-vehicle 0
387.0 363.0 371.0 377.0 300.0 302.0 314.0 288.0 large-vehicle 0
534.0 423.0 522.0 439.0 470.0 387.0 485.0 372.0 large-vehicle 0
717.0 165.0 735.0 147.0 779.0 191.0 759.0 209.0 large-vehicle 0
457.0 100.0 474.0 84.0 529.0 137.0 512.0 152.0 large-vehicle 0
539.0 786.0 528.0 804.0 469.0 764.0 482.0 746.0 large-vehicle 0
369.0 632.0 385.0 648.0 336.0 697.0 321.0 682.0 large-vehicle 0
598.0 434.0 612.0 421.0 641.0 450.0 627.0 464.0 small-vehicle 0
881.0 391.0 867.0 380.0 897.0 352.0 909.0 364.0 small-vehicle 0
873.0 140.0 885.0 154.0 853.0 186.0 841.0 172.0 small-vehicle 0
834.0 176.0 817.0 164.0 846.0 125.0 864.0 135.0 small-vehicle 0
724.0 223.0 710.0 241.0 671.0 204.0 688.0 188.0 small-vehicle 0
897.0 311.0 883.0 323.0 859.0 294.0 873.0 281.0 small-vehicle 0
881.0 325.0 871.0 341.0 835.0 312.0 849.0 298.0 small-vehicle 0
864.0 343.0 852.0 355.0 822.0 324.0 834.0 311.0 small-vehicle 0
891.0 550.0 880.0 539.0 900.0 513.0 914.0 525.0 small-vehicle 0
907.0 564.0 895.0 554.0 921.0 525.0 931.0 536.0 small-vehicle 0
872.0 538.0 862.0 525.0 887.0 497.0 899.0 509.0 small-vehicle 0
843.0 509.0 833.0 497.0 858.0 470.0 869.0 482.0 small-vehicle 0
666.0 512.0 678.0 522.0 652.0 548.0 640.0 535.0 small-vehicle 0
754.0 672.0 743.0 662.0 769.0 634.0 780.0 645.0 small-vehicle 0
738.0 656.0 727.0 645.0 753.0 619.0 761.0 631.0 small-vehicle 0
663.0 587.0 677.0 578.0 699.0 610.0 687.0 620.0 small-vehicle 0
651.0 735.0 667.0 748.0 639.0 778.0 624.0 765.0 small-vehicle 0
683.0 767.0 696.0 779.0 668.0 809.0 655.0 796.0 small-vehicle 0
671.0 747.0 685.0 759.0 657.0 786.0 647.0 775.0 small-vehicle 0
600.0 827.0 589.0 842.0 553.0 818.0 563.0 803.0 small-vehicle 0
325.0 592.0 341.0 605.0 313.0 641.0 298.0 629.0 small-vehicle 0
323.0 524.0 305.0 538.0 269.0 498.0 283.0 484.0 small-vehicle 0
652.0 497.0 664.0 506.0 641.0 535.0 627.0 525.0 small-vehicle 0
491.0 173.0 476.0 186.0 422.0 130.0 436.0 115.0 large-vehicle 0
