imagesource:GoogleEarth
gsd:0.262488557724
963.0 554.0 975.0 553.0 975.0 574.0 965.0 575.0 ship 1
852.0 151.0 863.0 151.0 864.0 177.0 853.0 179.0 ship 1
916.0 420.0 914.0 411.0 934.0 409.0 936.0 418.0 small-vehicle 1
930.0 407.0 933.0 395.0 955.0 402.0 952.0 413.0 small-vehicle 1
976.0 172.0 990.0 172.0 990.0 206.0 973.0 206.0 ship 0
661.0 325.0 683.0 309.0 708.0 344.0 687.0 361.0 swimming-pool 0
786.0 1042.0 780.0 1024.0 889.0 995.0 894.0 1016.0 harbor 0
624.0 905.0 616.0 867.0 817.0 807.0 827.0 851.0 harbor 0
523.0 702.0 506.0 671.0 690.0 560.0 709.0 590.0 harbor 0
512.0 554.0 487.0 513.0 625.0 429.0 647.0 470.0 harbor 0
512.0 432.0 498.0 414.0 567.0 352.0 583.0 370.0 harbor 0
339.0 351.0 337.0 283.0 496.0 268.0 503.0 335.0 harbor 0
201.0 216.0 181.0 169.0 369.0 96.0 386.0 144.0 harbor 0
