imagesource:GoogleEarth
gsd:0.134711328524
938.0 349.0 954.0 359.0 927.0 397.0 910.0 386.0 ship 1
869.0 104.0 881.0 117.0 853.0 145.0 839.0 134.0 small-vehicle 1
1014.0 1184.0 1025.0 1203.0 987.0 1230.0 976.0 1211.0 ship 0
963.0 1220.0 943.0 1194.0 1103.0 1072.0 1105.0 1118.0 harbor 1
828.0 1034.0 796.0 997.0 924.0 892.0 955.0 931.0 harbor 0
601.0 760.0 572.0 732.0 714.0 595.0 743.0 622.0 harbor 0
389.0 704.0 354.0 670.0 565.0 456.0 601.0 490.0 harbor 0
348.0 574.0 299.0 525.0 475.0 341.0 525.0 392.0 harbor 0
114.0 392.0 70.0 348.0 290.0 129.0 335.0 174.0 harbor 0
