imagesource:GoogleEarth
gsd:0.125880568156
384.0 290.0 371.0 306.0 332.0 277.0 349.0 259.0 ship 1
264.0 269.0 249.0 258.0 278.0 225.0 292.0 238.0 small-vehicle 1
794.0 635.0 810.0 647.0 761.0 711.0 745.0 699.0 large-vehicle 0
574.0 402.0 568.0 418.0 494.0 386.0 502.0 370.0 large-vehicle 0
727.0 724.0 743.0 733.0 701.0 797.0 682.0 785.0 large-vehicle 0
720.0 692.0 734.0 700.0 683.0 774.0 667.0 765.0 large-vehicle 0
717.0 649.0 733.0 661.0 680.0 733.0 663.0 720.0 large-vehicle 0
535.0 508.0 550.0 518.0 487.0 604.0 471.0 593.0 large-vehicle 0
404.0 584.0 418.0 594.0 374.0 659.0 358.0 649.0 large-vehicle 0
280.0 546.0 296.0 558.0 233.0 641.0 215.0 627.0 large-vehicle 0
219.0 490.0 233.0 502.0 171.0 583.0 154.0 571.0 large-vehicle 0
584.0 580.0 600.0 591.0 536.0 669.0 519.0 657.0 large-vehicle 0
572.0 554.0 586.0 563.0 529.0 643.0 513.0 633.0 large-vehicle 0
681.0 608.0 683.0 625.0 601.0 635.0 598.0 617.0 large-vehicle 0
844.0 574.0 858.0 585.0 816.0 641.0 800.0 631.0 large-vehicle 0
806.0 579.0 821.0 589.0 767.0 661.0 749.0 648.0 large-vehicle 0
768.0 548.0 782.0 561.0 725.0 628.0 711.0 617.0 large-vehicle 0
734.0 549.0 750.0 562.0 700.0 621.0 685.0 611.0 large-vehicle 0
607.0 394.0 597.0 409.0 520.0 364.0 530.0 348.0 large-vehicle 0
353.0 437.0 370.0 452.0 302.0 532.0 286.0 517.0 large-vehicle 0
304.0 561.0 319.0 573.0 262.0 646.0 245.0 635.0 large-vehicle 0
202.0 468.0 218.0 479.0 156.0 561.0 140.0 548.0 large-vehicle 0
788.0 560.0 803.0 570.0 747.0 640.0 731.0 628.0 large-vehicle 0
661.0 488.0 676.0 499.0 617.0 568.0 603.0 555.0 large-vehicle 0
462.0 542.0 457.0 563.0 374.0 545.0 378.0 524.0 large-vehicle 0
482.0 519.0 478.0 537.0 393.0 517.0 399.0 498.0 large-vehicle 0
512.0 493.0 505.0 512.0 423.0 485.0 429.0 465.0 large-vehicle 0
651.0 684.0 652.0 704.0 562.0 709.0 562.0 689.0 large-vehicle 0
239.0 504.0 256.0 516.0 194.0 601.0 174.0 589.0 large-vehicle 0
262.0 516.0 281.0 530.0 217.0 616.0 197.0 604.0 large-vehicle 0
655.0 911.0 656.0 894.0 701.0 899.0 700.0 916.0 small-vehicle 0
238.0 275.0 254.0 288.0 226.0 327.0 209.0 314.0 small-vehicle 0
399.0 294.0 385.0 283.0 414.0 250.0 430.0 263.0 small-vehicle 0
887.0 613.0 904.0 623.0 878.0 664.0 861.0 654.0 large-vehicle 0
770.0 522.0 759.0 541.0 704.0 505.0 716.0 486.0 large-vehicle 0
779.0 461.0 768.0 476.0 733.0 449.0 743.0 433.0 small-vehicle 0
668.0 387.0 679.0 394.0 668.0 420.0 655.0 414.0 small-vehicle 0
700.0 395.0 687.0 389.0 700.0 352.0 716.0 359.0 small-vehicle 0
815.0 489.0 804.0 499.0 775.0 477.0 786.0 464.0 small-vehicle 0
1153.0 710.0 1139.0 699.0 1168.0 664.0 1181.0 674.0 small-vehicle 0
1070.0 797.0 1056.0 787.0 1082.0 753.0 1094.0 762.0 small-vehicle 0
776.0 922.0 778.0 905.0 834.0 911.0 830.0 928.0 small-vehicle 0
303.0 871.0 305.0 855.0 346.0 866.0 341.0 881.0 small-vehicle 0
459.0 605.0 475.0 615.0 421.0 695.0 406.0 686.0 large-vehicle 0
90.0 829.0 94.0 810.0 135.0 819.0 131.0 838.0 small-vehicle 0
235.0 471.0 221.0 457.0 247.0 430.0 260.0 441.0 small-vehicle 0
598.0 427.0 599.0 410.0 643.0 411.0 642.0 428.0 small-vehicle 0
321.0 236.0 334.0 246.0 316.0 276.0 300.0 267.0 small-vehicle 0
308.0 223.0 318.0 232.0 299.0 259.0 287.0 250.0 small-vehicle 0
346.0 227.0 331.0 214.0 355.0 184.0 371.0 198.0 small-vehicle 0
319.0 84.0 313.0 101.0 271.0 78.0 278.0 60.0 small-vehicle 0
550.0 533.0 566.0 546.0 503.0 630.0 485.0 618.0 large-vehicle 0
610.0 752.0 609.0 770.0 529.0 770.0 530.0 753.0 large-vehicle 0
600.0 711.0 603.0 732.0 522.0 744.0 520.0 723.0 large-vehicle 0
646.0 657.0 646.0 677.0 560.0 682.0 561.0 662.0 large-vehicle 0
576.0 441.0 568.0 458.0 474.0 408.0 483.0 392.0 large-vehicle 0
