imagesource:GoogleEarth
gsd:0.121710425134
2521.0 59.0 2568.0 56.0 2577.0 156.0 2530.0 161.0 swimming-pool 0
1962.0 959.0 2068.0 954.0 2066.0 1010.0 1969.0 1016.0 swimming-pool 0
542.0 888.0 696.0 895.0 688.0 1049.0 534.0 1037.0 harbor 0
1716.0 807.0 1836.0 766.0 1865.0 842.0 1745.0 881.0 harbor 0
2288.0 626.0 2380.0 619.0 2388.0 747.0 2292.0 755.0 harbor 0
2643.0 709.0 2690.0 717.0 2671.0 818.0 2625.0 809.0 harbor 0
3222.0 504.0 3127.0 553.0 3103.0 509.0 3201.0 464.0 harbor 0
2835.0 523.0 2797.0 497.0 2925.0 325.0 2964.0 354.0 harbor 0
2571.0 405.0 2527.0 411.0 2497.0 208.0 2538.0 198.0 harbor 0
2336.0 426.0 2280.0 437.0 2258.0 323.0 2314.0 311.0 harbor 0
1993.0 473.0 1929.0 475.0 1926.0 325.0 1991.0 323.0 harbor 0
1729.0 460.0 1665.0 467.0 1660.0 366.0 1724.0 359.0 harbor 0
1489.0 548.0 1398.0 558.0 1389.0 424.0 1475.0 418.0 harbor 0
1106.0 542.0 1037.0 548.0 1030.0 408.0 1098.0 401.0 harbor 0
551.0 884.0 551.0 861.0 621.0 864.0 621.0 890.0 ship 0
1440.0 586.0 1413.0 587.0 1412.0 524.0 1440.0 523.0 ship 0
1368.0 494.0 1394.0 491.0 1397.0 556.0 1372.0 559.0 ship 0
1735.0 462.0 1735.0 492.0 1686.0 494.0 1685.0 467.0 ship 0
2563.0 349.0 2589.0 345.0 2596.0 404.0 2573.0 410.0 ship 0
2798.0 521.0 2803.0 499.0 2852.0 507.0 2847.0 529.0 ship 0
2698.0 699.0 2688.0 722.0 2636.0 698.0 2650.0 675.0 ship 0
126.0 454.0 153.0 461.0 139.0 510.0 114.0 503.0 ship 0
199.0 429.0 230.0 434.0 222.0 499.0 187.0 495.0 ship 0
231.0 507.0 142.0 500.0 153.0 308.0 241.0 310.0 harbor 1
