imagesource:GoogleEarth
gsd:0.28926236895
458.0 1738.0 454.0 1699.0 548.0 1691.0 552.0 1727.0 harbor 0
394.0 1642.0 384.0 1602.0 520.0 1573.0 531.0 1615.0 harbor 0
412.0 1543.0 404.0 1514.0 502.0 1488.0 508.0 1518.0 harbor 0
314.0 1315.0 310.0 1293.0 405.0 1273.0 411.0 1298.0 harbor 0
288.0 1106.0 284.0 1082.0 414.0 1057.0 419.0 1082.0 harbor 0
246.0 746.0 240.0 708.0 348.0 696.0 354.0 735.0 harbor 0
222.0 535.0 224.0 521.0 340.0 521.0 341.0 536.0 harbor 0
235.0 387.0 234.0 369.0 389.0 362.0 390.0 384.0 harbor 0
235.0 247.0 235.0 228.0 337.0 226.0 338.0 243.0 harbor 0
296.0 54.0 295.0 37.0 353.0 34.0 354.0 50.0 harbor 0
