imagesource:GoogleEarth
gsd:0.139733136159
981.0 225.0 924.0 259.0 844.0 110.0 901.0 81.0 harbor 0
273.0 1557.0 249.0 1622.0 67.0 1565.0 95.0 1501.0 harbor 0
314.0 1352.0 297.0 1395.0 189.0 1361.0 205.0 1319.0 harbor 0
555.0 1274.0 538.0 1238.0 730.0 1143.0 749.0 1179.0 harbor 0
330.0 992.0 325.0 1056.0 167.0 1040.0 175.0 980.0 harbor 0
452.0 710.0 430.0 776.0 311.0 742.0 328.0 676.0 harbor 0
567.0 528.0 543.0 570.0 403.0 494.0 425.0 457.0 harbor 0
743.0 388.0 692.0 447.0 608.0 370.0 664.0 313.0 harbor 1
