imagesource:GoogleEarth
gsd:0.245014082979
1589.0 474.0 1600.0 475.0 1596.0 502.0 1584.0 499.0 ship 0
2035.0 595.0 2024.0 594.0 2026.0 569.0 2038.0 569.0 ship 0
2192.0 292.0 2182.0 292.0 2182.0 270.0 2191.0 270.0 small-vehicle 1
2100.0 161.0 2099.0 170.0 2075.0 168.0 2076.0 158.0 small-vehicle 1
1571.0 200.0 1562.0 197.0 1565.0 176.0 1575.0 179.0 small-vehicle 0
1585.0 202.0 1573.0 199.0 1577.0 171.0 1588.0 173.0 small-vehicle 0
2879.0 774.0 2856.0 775.0 2856.0 468.0 2882.0 466.0 harbor 0
2547.0 1038.0 2499.0 1031.0 2584.0 494.0 2636.0 500.0 harbor 0
2057.0 626.0 2011.0 619.0 2041.0 346.0 2090.0 349.0 harbor 0
1616.0 518.0 1593.0 512.0 1622.0 347.0 1648.0 351.0 harbor 0
1479.0 661.0 1447.0 658.0 1485.0 374.0 1517.0 377.0 harbor 0
991.0 963.0 903.0 957.0 951.0 371.0 1027.0 371.0 harbor 0
748.0 955.0 703.0 949.0 765.0 400.0 815.0 404.0 harbor 0
270.0 893.0 216.0 889.0 264.0 359.0 324.0 364.0 harbor 0
