imagesource:GoogleEarth
gsd:0.241345244779
2240.0 397.0 2239.0 409.0 2218.0 408.0 2220.0 396.0 ship 1
1753.0 445.0 1730.0 444.0 1736.0 146.0 1759.0 146.0 harbor 0
514.0 758.0 445.0 774.0 347.0 347.0 415.0 328.0 harbor 0
652.0 715.0 627.0 723.0 538.0 345.0 570.0 338.0 harbor 0
787.0 627.0 751.0 632.0 698.0 265.0 735.0 258.0 harbor 0
954.0 538.0 932.0 540.0 906.0 236.0 931.0 234.0 harbor 0
694.0 177.0 688.0 141.0 745.0 131.0 754.0 166.0 swimming-pool 0
1253.0 427.0 1218.0 434.0 1180.0 178.0 1214.0 172.0 harbor 0
1453.0 352.0 1426.0 356.0 1405.0 167.0 1428.0 164.0 harbor 0
1657.0 392.0 1585.0 396.0 1577.0 141.0 1654.0 139.0 harbor 0
2165.0 629.0 2062.0 623.0 2087.0 182.0 2180.0 188.0 harbor 0
2111.0 595.0 2109.0 616.0 2062.0 611.0 2063.0 592.0 ship 1
2252.0 493.0 2200.0 489.0 2218.0 140.0 2267.0 143.0 harbor 0
2714.0 570.0 2679.0 567.0 2695.0 161.0 2726.0 162.0 harbor 0
3293.0 442.0 3245.0 439.0 3267.0 99.0 3308.0 99.0 harbor 0
695.0 17.0 704.0 25.0 688.0 41.0 681.0 34.0 small-vehicle 0
169.0 105.0 181.0 103.0 183.0 129.0 171.0 131.0 ship 1
653.0 72.0 644.0 72.0 643.0 49.0 652.0 48.0 small-vehicle 1
1053.0 140.0 1065.0 138.0 1066.0 163.0 1052.0 164.0 ship 1
1633.0 352.0 1634.0 341.0 1659.0 341.0 1661.0 352.0 ship 1
318.0 727.0 293.0 734.0 204.0 341.0 231.0 334.0 harbor 0
