imagesource:GoogleEarth
gsd:0.129099520867
579.0 492.0 570.0 463.0 733.0 397.0 745.0 422.0 large-vehicle 0
270.0 855.0 275.0 836.0 317.0 849.0 314.0 869.0 small-vehicle 0
125.0 850.0 131.0 833.0 167.0 842.0 161.0 861.0 small-vehicle 0
51.0 836.0 57.0 816.0 94.0 825.0 85.0 843.0 small-vehicle 0
45.0 790.0 50.0 773.0 96.0 786.0 91.0 805.0 small-vehicle 0
441.0 634.0 447.0 610.0 624.0 643.0 620.0 665.0 large-vehicle 0
455.0 581.0 439.0 596.0 323.0 494.0 337.0 477.0 large-vehicle 0
497.0 527.0 483.0 541.0 368.0 441.0 380.0 427.0 large-vehicle 0
550.0 480.0 535.0 497.0 410.0 396.0 426.0 375.0 large-vehicle 0
482.0 558.0 467.0 574.0 344.0 471.0 357.0 453.0 large-vehicle 0
715.0 507.0 698.0 492.0 811.0 359.0 828.0 376.0 large-vehicle 0
596.0 427.0 578.0 412.0 680.0 289.0 700.0 306.0 large-vehicle 0
