imagesource:GoogleEarth
gsd:0.133609448075
404.0 47.0 389.0 47.0 392.0 15.0 405.0 15.0 small-vehicle 1
401.0 353.0 386.0 356.0 384.0 322.0 399.0 322.0 small-vehicle 1
396.0 532.0 378.0 530.0 380.0 494.0 399.0 495.0 small-vehicle 0
399.0 477.0 381.0 478.0 377.0 442.0 395.0 440.0 small-vehicle 0
403.0 163.0 386.0 162.0 385.0 130.0 401.0 131.0 small-vehicle 0
187.0 338.0 271.0 339.0 269.0 519.0 184.0 516.0 tennis-court 0
82.0 334.0 167.0 335.0 164.0 515.0 79.0 514.0 tennis-court 0
193.0 30.0 277.0 31.0 275.0 210.0 191.0 210.0 tennis-court 0
89.0 28.0 175.0 29.0 170.0 208.0 85.0 207.0 tennis-court 0
