imagesource:GoogleEarth
gsd:0.133578630068
438.0 303.0 495.0 334.0 401.0 487.0 345.0 455.0 tennis-court 0
228.0 209.0 243.0 219.0 223.0 254.0 208.0 244.0 small-vehicle 1
291.0 1037.0 302.0 1022.0 331.0 1042.0 321.0 1057.0 small-vehicle 0
253.0 1009.0 261.0 995.0 294.0 1017.0 286.0 1030.0 small-vehicle 0
155.0 947.0 162.0 934.0 192.0 953.0 185.0 966.0 small-vehicle 0
5.0 881.0 14.0 866.0 44.0 887.0 34.0 900.0 small-vehicle 0
433.0 727.0 506.0 774.0 411.0 929.0 341.0 882.0 tennis-court 0
340.0 672.0 412.0 716.0 318.0 868.0 247.0 825.0 tennis-court 0
245.0 614.0 318.0 660.0 226.0 814.0 154.0 769.0 tennis-court 0
700.0 459.0 773.0 503.0 679.0 654.0 608.0 613.0 tennis-court 0
606.0 401.0 678.0 447.0 585.0 599.0 515.0 556.0 tennis-court 0
512.0 344.0 584.0 389.0 490.0 542.0 418.0 498.0 tennis-court 0
