imagesource:GoogleEarth
gsd:0.138065776183
278.0 733.0 285.0 847.0 65.0 857.0 58.0 746.0 basketball-court 0
423.0 664.0 505.0 660.0 515.0 834.0 432.0 838.0 tennis-court 0
323.0 670.0 404.0 666.0 412.0 838.0 332.0 843.0 tennis-court 0
413.0 400.0 497.0 395.0 504.0 569.0 422.0 573.0 tennis-court 0
312.0 405.0 394.0 401.0 402.0 576.0 320.0 577.0 tennis-court 0
164.0 410.0 247.0 405.0 255.0 581.0 171.0 585.0 tennis-court 0
58.0 414.0 142.0 411.0 149.0 586.0 65.0 589.0 tennis-court 0
403.0 139.0 486.0 135.0 494.0 309.0 410.0 312.0 tennis-court 0
301.0 143.0 384.0 138.0 390.0 311.0 309.0 314.0 tennis-court 0
155.0 147.0 239.0 143.0 244.0 317.0 161.0 322.0 tennis-court 0
47.0 152.0 131.0 148.0 136.0 320.0 55.0 324.0 tennis-court 0
