imagesource:GoogleEarth
gsd:0.133637390517
638.0 776.0 620.0 773.0 626.0 734.0 644.0 736.0 small-vehicle 1
619.0 722.0 599.0 721.0 598.0 683.0 619.0 683.0 small-vehicle 1
368.0 601.0 455.0 602.0 450.0 781.0 363.0 779.0 tennis-court 0
259.0 598.0 346.0 599.0 340.0 778.0 257.0 776.0 tennis-court 0
151.0 596.0 235.0 598.0 231.0 776.0 146.0 773.0 tennis-court 0
439.0 306.0 524.0 308.0 520.0 486.0 435.0 483.0 tennis-court 0
330.0 301.0 415.0 304.0 410.0 482.0 325.0 480.0 tennis-court 0
220.0 299.0 306.0 300.0 301.0 479.0 216.0 477.0 tennis-court 0
111.0 296.0 196.0 298.0 193.0 477.0 106.0 475.0 tennis-court 0
