imagesource:GoogleEarth
gsd:0.130084087775
486.0 903.0 473.0 910.0 454.0 877.0 467.0 866.0 small-vehicle 1
690.0 1042.0 695.0 1061.0 607.0 1085.0 601.0 1065.0 large-vehicle 0
646.0 466.0 632.0 482.0 566.0 424.0 579.0 411.0 large-vehicle 0
631.0 556.0 617.0 570.0 555.0 514.0 568.0 502.0 large-vehicle 0
647.0 611.0 632.0 625.0 575.0 561.0 590.0 549.0 large-vehicle 0
747.0 681.0 730.0 668.0 798.0 590.0 815.0 605.0 large-vehicle 0
760.0 748.0 746.0 734.0 808.0 675.0 822.0 689.0 large-vehicle 0
640.0 757.0 633.0 771.0 585.0 746.0 594.0 731.0 large-vehicle 0
494.0 726.0 499.0 745.0 402.0 764.0 398.0 745.0 large-vehicle 0
794.0 934.0 816.0 934.0 816.0 999.0 793.0 998.0 large-vehicle 0
777.0 1034.0 796.0 1032.0 810.0 1121.0 789.0 1124.0 large-vehicle 0
697.0 1065.0 702.0 1083.0 615.0 1112.0 608.0 1093.0 large-vehicle 0
760.0 498.0 742.0 487.0 788.0 412.0 805.0 424.0 large-vehicle 0
716.0 1115.0 722.0 1134.0 644.0 1158.0 638.0 1140.0 large-vehicle 0
709.0 1091.0 712.0 1111.0 626.0 1135.0 621.0 1117.0 large-vehicle 0
761.0 964.0 743.0 966.0 727.0 866.0 746.0 862.0 large-vehicle 0
601.0 919.0 597.0 901.0 670.0 881.0 675.0 899.0 large-vehicle 0
670.0 915.0 673.0 935.0 593.0 951.0 589.0 932.0 large-vehicle 0
684.0 971.0 687.0 989.0 607.0 1006.0 602.0 988.0 large-vehicle 0
427.0 876.0 445.0 870.0 474.0 952.0 458.0 958.0 large-vehicle 0
192.0 884.0 213.0 878.0 246.0 975.0 228.0 983.0 large-vehicle 0
387.0 878.0 405.0 874.0 422.0 965.0 404.0 969.0 large-vehicle 0
723.0 467.0 702.0 460.0 743.0 354.0 765.0 362.0 large-vehicle 0
680.0 457.0 664.0 470.0 619.0 405.0 636.0 395.0 large-vehicle 0
602.0 818.0 621.0 827.0 603.0 868.0 583.0 861.0 small-vehicle 1
838.0 1126.0 833.0 1106.0 920.0 1087.0 924.0 1106.0 large-vehicle 0
625.0 418.0 614.0 432.0 550.0 378.0 560.0 364.0 large-vehicle 0
617.0 514.0 603.0 530.0 543.0 471.0 558.0 458.0 large-vehicle 0
660.0 682.0 642.0 695.0 584.0 623.0 601.0 612.0 large-vehicle 0
752.0 600.0 736.0 588.0 788.0 515.0 804.0 526.0 large-vehicle 0
747.0 639.0 732.0 627.0 781.0 568.0 797.0 578.0 large-vehicle 0
768.0 703.0 753.0 691.0 807.0 626.0 823.0 639.0 large-vehicle 0
823.0 802.0 830.0 821.0 751.0 847.0 743.0 826.0 large-vehicle 0
791.0 972.0 773.0 972.0 771.0 892.0 790.0 890.0 large-vehicle 0
836.0 1079.0 829.0 1060.0 910.0 1036.0 916.0 1057.0 large-vehicle 0
847.0 1151.0 840.0 1133.0 924.0 1111.0 930.0 1132.0 large-vehicle 0
615.0 381.0 599.0 391.0 550.0 330.0 565.0 318.0 large-vehicle 0
272.0 733.0 253.0 739.0 230.0 659.0 249.0 653.0 large-vehicle 0
114.0 789.0 92.0 793.0 80.0 739.0 103.0 734.0 large-vehicle 0
483.0 686.0 489.0 707.0 391.0 735.0 383.0 712.0 large-vehicle 0
495.0 788.0 500.0 807.0 393.0 829.0 390.0 811.0 large-vehicle 0
128.0 1162.0 103.0 1170.0 90.0 1126.0 116.0 1117.0 large-vehicle 0
262.0 1072.0 243.0 1079.0 220.0 1039.0 240.0 1027.0 large-vehicle 0
685.0 325.0 665.0 327.0 657.0 266.0 677.0 265.0 large-vehicle 0
695.0 397.0 676.0 401.0 668.0 339.0 686.0 337.0 large-vehicle 0
655.0 379.0 637.0 383.0 623.0 309.0 642.0 305.0 large-vehicle 0
847.0 1176.0 843.0 1159.0 924.0 1139.0 927.0 1157.0 large-vehicle 0
835.0 833.0 841.0 852.0 761.0 877.0 754.0 858.0 large-vehicle 0
843.0 898.0 863.0 901.0 849.0 988.0 830.0 985.0 large-vehicle 0
252.0 866.0 268.0 861.0 281.0 899.0 265.0 904.0 small-vehicle 0
898.0 1191.0 894.0 1173.0 934.0 1163.0 939.0 1181.0 small-vehicle 0
412.0 1096.0 391.0 1104.0 381.0 1066.0 402.0 1060.0 small-vehicle 0
311.0 1069.0 292.0 1069.0 293.0 1026.0 311.0 1025.0 small-vehicle 0
290.0 894.0 288.0 878.0 323.0 876.0 325.0 891.0 small-vehicle 0
293.0 875.0 288.0 858.0 336.0 850.0 339.0 869.0 small-vehicle 0
367.0 905.0 350.0 910.0 339.0 875.0 355.0 870.0 small-vehicle 0
366.0 894.0 384.0 889.0 393.0 927.0 376.0 931.0 small-vehicle 0
372.0 946.0 359.0 949.0 351.0 915.0 365.0 910.0 small-vehicle 0
354.0 953.0 343.0 956.0 336.0 919.0 349.0 918.0 small-vehicle 0
321.0 879.0 338.0 874.0 350.0 912.0 334.0 918.0 small-vehicle 0
249.0 747.0 229.0 749.0 221.0 711.0 239.0 708.0 small-vehicle 0
110.0 958.0 91.0 958.0 90.0 913.0 107.0 913.0 small-vehicle 0
113.0 997.0 98.0 999.0 93.0 962.0 107.0 960.0 small-vehicle 0
165.0 1145.0 149.0 1148.0 138.0 1104.0 155.0 1099.0 small-vehicle 0
470.0 683.0 463.0 662.0 511.0 649.0 519.0 666.0 small-vehicle 0
328.0 705.0 302.0 717.0 270.0 624.0 294.0 610.0 large-vehicle 0
138.0 735.0 155.0 731.0 161.0 771.0 145.0 774.0 small-vehicle 1
289.0 760.0 300.0 775.0 269.0 797.0 260.0 784.0 small-vehicle 1
758.0 1162.0 762.0 1180.0 715.0 1188.0 709.0 1170.0 small-vehicle 1
194.0 1144.0 174.0 1147.0 169.0 1102.0 188.0 1098.0 small-vehicle 1
872.0 1094.0 865.0 1075.0 924.0 1054.0 930.0 1078.0 large-vehicle 0
748.0 1139.0 750.0 1159.0 699.0 1166.0 697.0 1145.0 ship 0
776.0 1042.0 758.0 1049.0 738.0 1009.0 757.0 999.0 small-vehicle 0
885.0 1015.0 857.0 1014.0 855.0 940.0 884.0 941.0 large-vehicle 0
204.0 660.0 185.0 664.0 179.0 624.0 198.0 621.0 small-vehicle 0
201.0 701.0 186.0 699.0 190.0 664.0 206.0 666.0 small-vehicle 0
67.0 811.0 48.0 815.0 41.0 782.0 59.0 778.0 small-vehicle 0
133.0 782.0 114.0 785.0 107.0 739.0 123.0 737.0 small-vehicle 0
197.0 771.0 171.0 777.0 150.0 688.0 172.0 683.0 large-vehicle 0
223.0 764.0 202.0 771.0 180.0 709.0 207.0 701.0 ship 0
89.0 800.0 69.0 805.0 55.0 748.0 79.0 742.0 large-vehicle 0
749.0 755.0 716.0 756.0 714.0 696.0 745.0 695.0 large-vehicle 0
673.0 737.0 658.0 760.0 565.0 688.0 581.0 669.0 large-vehicle 0
656.0 278.0 641.0 280.0 634.0 247.0 649.0 245.0 small-vehicle 0
625.0 302.0 608.0 307.0 599.0 267.0 614.0 262.0 small-vehicle 0
639.0 277.0 621.0 282.0 616.0 251.0 632.0 248.0 small-vehicle 0
735.0 345.0 719.0 334.0 743.0 301.0 758.0 311.0 small-vehicle 0
853.0 395.0 840.0 386.0 857.0 359.0 870.0 367.0 small-vehicle 0
816.0 380.0 799.0 373.0 818.0 340.0 835.0 347.0 small-vehicle 0
816.0 441.0 800.0 427.0 832.0 386.0 854.0 400.0 large-vehicle 0
622.0 483.0 605.0 500.0 541.0 435.0 561.0 419.0 large-vehicle 0
685.0 877.0 704.0 873.0 713.0 909.0 694.0 912.0 small-vehicle 0
822.0 929.0 802.0 923.0 814.0 880.0 833.0 886.0 small-vehicle 0
716.0 357.0 698.0 359.0 685.0 270.0 704.0 268.0 large-vehicle 0
