imagesource:GoogleEarth
gsd:0.13356264144
66.0 834.0 58.0 818.0 86.0 802.0 93.0 815.0 small-vehicle 0
176.0 739.0 163.0 749.0 143.0 718.0 157.0 708.0 small-vehicle 0
155.0 660.0 166.0 651.0 186.0 681.0 174.0 690.0 small-vehicle 0
212.0 78.0 198.0 86.0 180.0 57.0 193.0 49.0 small-vehicle 0
196.0 92.0 180.0 101.0 164.0 76.0 178.0 66.0 small-vehicle 0
174.0 102.0 160.0 112.0 143.0 89.0 155.0 77.0 small-vehicle 0
140.0 121.0 126.0 129.0 107.0 98.0 120.0 89.0 small-vehicle 0
119.0 133.0 106.0 140.0 92.0 115.0 104.0 106.0 small-vehicle 0
597.0 562.0 640.0 635.0 487.0 727.0 442.0 655.0 tennis-court 0
539.0 470.0 583.0 542.0 431.0 634.0 386.0 561.0 tennis-court 0
485.0 374.0 528.0 448.0 374.0 541.0 331.0 466.0 tennis-court 0
428.0 282.0 473.0 354.0 319.0 446.0 275.0 373.0 tennis-court 0
373.0 188.0 416.0 261.0 262.0 351.0 217.0 279.0 tennis-court 0
317.0 94.0 360.0 167.0 206.0 256.0 164.0 185.0 tennis-court 0
