imagesource:GoogleEarth
gsd:0.127160790627
1210.0 733.0 1285.0 779.0 1188.0 937.0 1113.0 893.0 tennis-court 0
1112.0 673.0 1186.0 720.0 1091.0 879.0 1014.0 834.0 tennis-court 0
1014.0 614.0 1089.0 662.0 993.0 820.0 915.0 774.0 tennis-court 0
914.0 555.0 989.0 601.0 893.0 762.0 817.0 716.0 tennis-court 0
814.0 497.0 890.0 542.0 794.0 702.0 718.0 656.0 tennis-court 0
589.0 248.0 702.0 221.0 751.0 411.0 636.0 442.0 basketball-court 0
464.0 278.0 576.0 251.0 625.0 442.0 511.0 472.0 basketball-court 0
338.0 310.0 449.0 281.0 500.0 475.0 385.0 502.0 basketball-court 0
212.0 340.0 325.0 313.0 375.0 504.0 260.0 533.0 basketball-court 0
88.0 372.0 200.0 344.0 249.0 535.0 135.0 564.0 basketball-court 0
