imagesource:GoogleEarth
gsd:0.139738704177
375.0 95.0 383.0 82.0 417.0 103.0 409.0 116.0 small-vehicle 0
102.0 433.0 120.0 441.0 100.0 487.0 81.0 480.0 large-vehicle 0
76.0 123.0 75.0 106.0 116.0 106.0 119.0 121.0 small-vehicle 0
105.0 133.0 122.0 140.0 104.0 182.0 88.0 173.0 small-vehicle 0
262.0 220.0 244.0 211.0 262.0 175.0 281.0 185.0 small-vehicle 0
360.0 117.0 365.0 104.0 397.0 117.0 391.0 130.0 small-vehicle 0
291.0 137.0 293.0 124.0 328.0 135.0 324.0 150.0 small-vehicle 0
97.0 70.0 100.0 50.0 142.0 56.0 141.0 75.0 small-vehicle 0
161.0 517.0 171.0 502.0 214.0 527.0 204.0 544.0 large-vehicle 0
173.0 491.0 180.0 477.0 244.0 515.0 235.0 529.0 large-vehicle 0
173.0 187.0 158.0 181.0 173.0 151.0 187.0 157.0 small-vehicle 0
183.0 463.0 193.0 450.0 254.0 493.0 243.0 508.0 large-vehicle 0
197.0 435.0 205.0 420.0 270.0 457.0 261.0 473.0 large-vehicle 0
210.0 416.0 217.0 402.0 286.0 433.0 277.0 449.0 large-vehicle 0
234.0 401.0 240.0 385.0 309.0 411.0 302.0 430.0 large-vehicle 0
244.0 374.0 252.0 358.0 333.0 395.0 325.0 412.0 large-vehicle 0
255.0 351.0 264.0 335.0 343.0 370.0 334.0 388.0 large-vehicle 0
263.0 329.0 271.0 311.0 360.0 350.0 353.0 369.0 large-vehicle 0
122.0 88.0 123.0 102.0 88.0 103.0 89.0 88.0 small-vehicle 0
84.0 176.0 100.0 177.0 91.0 213.0 77.0 211.0 small-vehicle 0
78.0 428.0 96.0 431.0 87.0 466.0 70.0 461.0 small-vehicle 1
85.0 603.0 104.0 611.0 83.0 653.0 66.0 644.0 small-vehicle 0
131.0 257.0 127.0 272.0 94.0 260.0 100.0 244.0 small-vehicle 0
100.0 223.0 95.0 240.0 62.0 231.0 67.0 214.0 ship 0
271.0 244.0 280.0 223.0 349.0 257.0 341.0 277.0 large-vehicle 0
268.0 471.0 281.0 451.0 318.0 473.0 308.0 493.0 small-vehicle 0
260.0 494.0 268.0 477.0 308.0 502.0 297.0 518.0 small-vehicle 0
254.0 543.0 264.0 527.0 298.0 549.0 289.0 565.0 small-vehicle 0
80.0 667.0 86.0 651.0 128.0 668.0 121.0 683.0 small-vehicle 0
112.0 624.0 117.0 609.0 160.0 627.0 154.0 642.0 small-vehicle 0
89.0 272.0 82.0 286.0 48.0 273.0 51.0 259.0 small-vehicle 0
65.0 504.0 60.0 517.0 21.0 500.0 28.0 487.0 small-vehicle 0
48.0 408.0 63.0 413.0 48.0 450.0 32.0 445.0 small-vehicle 0
65.0 420.0 79.0 425.0 65.0 458.0 51.0 453.0 small-vehicle 0
170.0 226.0 155.0 224.0 161.0 189.0 177.0 193.0 small-vehicle 0
153.0 208.0 151.0 224.0 115.0 214.0 117.0 199.0 small-vehicle 0
150.0 229.0 144.0 244.0 107.0 232.0 111.0 218.0 small-vehicle 0
77.0 294.0 69.0 308.0 37.0 299.0 40.0 283.0 small-vehicle 0
273.0 303.0 282.0 286.0 370.0 330.0 362.0 347.0 large-vehicle 0
