imagesource:GoogleEarth
gsd:0.128797423438
738.0 436.0 825.0 438.0 820.0 623.0 733.0 620.0 tennis-court 0
624.0 431.0 711.0 434.0 706.0 620.0 619.0 617.0 tennis-court 0
503.0 382.0 581.0 383.0 576.0 556.0 499.0 553.0 basketball-court 0
425.0 380.0 501.0 381.0 497.0 553.0 421.0 553.0 basketball-court 0
347.0 378.0 422.0 379.0 418.0 552.0 344.0 550.0 basketball-court 0
533.0 117.0 620.0 119.0 615.0 303.0 529.0 301.0 tennis-court 0
419.0 112.0 507.0 116.0 503.0 300.0 414.0 297.0 tennis-court 0
305.0 109.0 393.0 111.0 389.0 297.0 301.0 295.0 tennis-court 0
193.0 105.0 280.0 107.0 276.0 294.0 192.0 291.0 tennis-court 0
