imagesource:GoogleEarth
gsd:0.130628212366
1118.0 209.0 1116.0 230.0 1066.0 227.0 1067.0 208.0 small-vehicle 0
1134.0 492.0 1251.0 495.0 1247.0 715.0 1128.0 712.0 basketball-court 0
305.0 263.0 392.0 265.0 386.0 448.0 299.0 447.0 tennis-court 0
444.0 267.0 530.0 267.0 527.0 449.0 440.0 449.0 tennis-court 0
584.0 269.0 671.0 270.0 667.0 454.0 580.0 451.0 tennis-court 0
724.0 273.0 811.0 274.0 809.0 455.0 720.0 454.0 tennis-court 0
864.0 274.0 950.0 277.0 947.0 460.0 860.0 457.0 tennis-court 0
1003.0 489.0 1120.0 491.0 1115.0 711.0 998.0 709.0 basketball-court 0
1265.0 496.0 1383.0 498.0 1380.0 717.0 1260.0 714.0 basketball-court 0
1262.0 214.0 1261.0 233.0 1220.0 229.0 1220.0 210.0 small-vehicle 0
373.0 211.0 372.0 194.0 414.0 192.0 415.0 211.0 small-vehicle 0
638.0 195.0 637.0 211.0 596.0 209.0 597.0 194.0 small-vehicle 0
685.0 194.0 685.0 208.0 649.0 208.0 649.0 193.0 small-vehicle 0
838.0 196.0 837.0 211.0 796.0 209.0 797.0 194.0 large-vehicle 0
885.0 220.0 886.0 202.0 930.0 205.0 928.0 222.0 large-vehicle 0
209.0 186.0 209.0 205.0 166.0 205.0 166.0 186.0 small-vehicle 0
163.0 259.0 251.0 261.0 247.0 445.0 159.0 441.0 tennis-court 0
