imagesource:GoogleEarth
gsd:0.130772853164
160.0 752.0 153.0 767.0 120.0 750.0 128.0 734.0 small-vehicle 0
813.0 785.0 851.0 709.0 898.0 735.0 858.0 810.0 plane 0
229.0 473.0 191.0 552.0 140.0 529.0 174.0 449.0 plane 0
526.0 644.0 490.0 710.0 451.0 690.0 487.0 623.0 plane 0
1041.0 1050.0 1072.0 978.0 1128.0 1004.0 1098.0 1074.0 plane 0
1080.0 960.0 1113.0 880.0 1169.0 901.0 1138.0 984.0 plane 0
1125.0 867.0 1156.0 785.0 1217.0 806.0 1185.0 893.0 plane 0
1157.0 765.0 1195.0 681.0 1255.0 706.0 1219.0 791.0 plane 0
1060.0 515.0 1026.0 592.0 975.0 566.0 1009.0 491.0 plane 0
1019.0 613.0 985.0 693.0 929.0 671.0 961.0 586.0 plane 0
895.0 589.0 923.0 514.0 980.0 536.0 951.0 612.0 plane 0
773.0 882.0 803.0 802.0 856.0 828.0 823.0 904.0 plane 0
928.0 804.0 896.0 878.0 847.0 853.0 878.0 778.0 plane 0
853.0 692.0 891.0 611.0 943.0 633.0 908.0 718.0 plane 0
261.0 521.0 269.0 503.0 302.0 521.0 297.0 535.0 small-vehicle 0
84.0 608.0 92.0 591.0 131.0 610.0 124.0 626.0 small-vehicle 0
151.0 825.0 168.0 833.0 151.0 867.0 136.0 860.0 small-vehicle 0
177.0 833.0 194.0 842.0 178.0 875.0 162.0 868.0 small-vehicle 0
199.0 842.0 215.0 849.0 199.0 884.0 184.0 877.0 small-vehicle 0
220.0 852.0 235.0 859.0 220.0 894.0 205.0 887.0 small-vehicle 0
630.0 1070.0 626.0 1089.0 585.0 1075.0 592.0 1057.0 small-vehicle 0
538.0 623.0 545.0 606.0 573.0 621.0 566.0 635.0 small-vehicle 0
471.0 328.0 479.0 306.0 536.0 330.0 528.0 348.0 large-vehicle 0
239.0 858.0 256.0 867.0 241.0 900.0 226.0 894.0 small-vehicle 0
338.0 900.0 353.0 907.0 337.0 940.0 323.0 934.0 small-vehicle 0
360.0 287.0 369.0 303.0 330.0 331.0 321.0 315.0 small-vehicle 0
152.0 335.0 86.0 387.0 54.0 343.0 113.0 293.0 plane 0
