imagesource:GoogleEarth
gsd:0.265893248479
15.0 956.0 20.0 950.0 34.0 965.0 27.0 971.0 small-vehicle 1
1051.0 385.0 1055.0 400.0 1008.0 410.0 1006.0 396.0 ship 0
1034.0 249.0 1037.0 265.0 987.0 275.0 984.0 258.0 ship 0
1038.0 273.0 1039.0 287.0 989.0 294.0 988.0 280.0 ship 0
1045.0 295.0 1047.0 310.0 994.0 319.0 991.0 305.0 ship 0
997.0 342.0 994.0 326.0 1041.0 317.0 1043.0 334.0 ship 0
1003.0 365.0 1001.0 349.0 1045.0 341.0 1047.0 358.0 ship 0
1007.0 388.0 1004.0 374.0 1047.0 364.0 1050.0 380.0 ship 0
1015.0 432.0 1011.0 416.0 1054.0 408.0 1058.0 425.0 ship 0
956.0 209.0 958.0 219.0 923.0 225.0 921.0 214.0 ship 0
1062.0 432.0 1066.0 444.0 1029.0 451.0 1026.0 439.0 ship 0
1108.0 322.0 1123.0 319.0 1132.0 358.0 1116.0 361.0 ship 0
1160.0 341.0 1149.0 342.0 1144.0 310.0 1155.0 308.0 ship 0
1173.0 306.0 1183.0 300.0 1197.0 333.0 1188.0 338.0 ship 0
1212.0 331.0 1199.0 334.0 1192.0 302.0 1205.0 299.0 ship 0
1157.0 356.0 1169.0 354.0 1178.0 392.0 1164.0 395.0 ship 0
981.0 253.0 978.0 240.0 1025.0 227.0 1028.0 240.0 ship 0
961.0 225.0 963.0 236.0 922.0 243.0 920.0 231.0 ship 0
524.0 244.0 523.0 233.0 553.0 228.0 554.0 239.0 ship 0
988.0 386.0 990.0 398.0 950.0 406.0 947.0 394.0 ship 0
849.0 425.0 846.0 413.0 884.0 407.0 886.0 420.0 ship 0
852.0 446.0 849.0 431.0 887.0 425.0 889.0 439.0 ship 0
859.0 464.0 856.0 450.0 892.0 443.0 895.0 457.0 ship 0
897.0 464.0 899.0 476.0 863.0 482.0 860.0 471.0 ship 0
999.0 421.0 1002.0 434.0 958.0 444.0 955.0 430.0 ship 0
998.0 403.0 1001.0 416.0 956.0 425.0 954.0 412.0 ship 0
987.0 368.0 990.0 379.0 949.0 388.0 946.0 376.0 ship 0
966.0 242.0 968.0 253.0 932.0 261.0 930.0 249.0 ship 0
983.0 349.0 986.0 361.0 950.0 368.0 948.0 355.0 ship 0
981.0 333.0 983.0 345.0 944.0 352.0 941.0 340.0 ship 0
979.0 313.0 982.0 326.0 946.0 335.0 943.0 321.0 ship 0
975.0 296.0 977.0 307.0 942.0 316.0 939.0 303.0 ship 0
968.0 277.0 970.0 289.0 933.0 298.0 930.0 285.0 ship 0
968.0 259.0 970.0 272.0 927.0 280.0 925.0 266.0 ship 0
1180.0 351.0 1193.0 349.0 1199.0 387.0 1186.0 389.0 ship 0
1197.0 346.0 1212.0 343.0 1221.0 386.0 1206.0 389.0 ship 0
1209.0 430.0 1229.0 428.0 1240.0 486.0 1221.0 490.0 ship 0
878.0 774.0 873.0 766.0 894.0 749.0 900.0 757.0 ship 0
1044.0 676.0 1048.0 684.0 1030.0 695.0 1025.0 688.0 ship 0
1040.0 669.0 1044.0 675.0 1026.0 686.0 1022.0 679.0 ship 0
861.0 694.0 867.0 702.0 839.0 724.0 832.0 715.0 ship 0
847.0 738.0 841.0 730.0 864.0 710.0 871.0 719.0 ship 0
859.0 748.0 854.0 740.0 875.0 724.0 881.0 731.0 ship 0
869.0 763.0 861.0 753.0 887.0 732.0 895.0 742.0 ship 0
888.0 786.0 883.0 777.0 908.0 759.0 913.0 767.0 ship 0
1127.0 512.0 1114.0 514.0 1107.0 481.0 1121.0 479.0 ship 0
899.0 800.0 893.0 790.0 919.0 771.0 925.0 779.0 ship 0
910.0 813.0 903.0 804.0 924.0 784.0 931.0 793.0 ship 0
919.0 823.0 913.0 817.0 934.0 797.0 940.0 805.0 ship 0
930.0 836.0 923.0 827.0 946.0 809.0 952.0 819.0 ship 0
940.0 849.0 934.0 841.0 955.0 824.0 961.0 832.0 ship 0
949.0 860.0 944.0 851.0 966.0 834.0 973.0 843.0 ship 0
1037.0 724.0 1032.0 716.0 1054.0 703.0 1059.0 711.0 ship 0
1069.0 711.0 1074.0 718.0 1055.0 730.0 1051.0 723.0 ship 0
1075.0 718.0 1079.0 725.0 1060.0 736.0 1056.0 730.0 ship 0
1080.0 730.0 1083.0 737.0 1067.0 748.0 1062.0 741.0 ship 0
1034.0 742.0 1036.0 735.0 1052.0 738.0 1051.0 745.0 ship 0
1085.0 753.0 1089.0 760.0 1069.0 773.0 1065.0 766.0 ship 0
1103.0 740.0 1107.0 747.0 1090.0 759.0 1086.0 752.0 ship 0
1113.0 705.0 1118.0 711.0 1099.0 725.0 1094.0 718.0 ship 0
1118.0 711.0 1122.0 718.0 1105.0 730.0 1101.0 723.0 ship 0
1123.0 718.0 1127.0 725.0 1109.0 736.0 1106.0 731.0 ship 0
1127.0 725.0 1131.0 731.0 1114.0 743.0 1110.0 736.0 ship 0
1180.0 684.0 1187.0 696.0 1149.0 717.0 1142.0 703.0 ship 0
1163.0 667.0 1159.0 647.0 1222.0 635.0 1226.0 656.0 ship 0
1266.0 625.0 1269.0 637.0 1232.0 646.0 1228.0 633.0 ship 0
1265.0 614.0 1254.0 616.0 1249.0 585.0 1259.0 583.0 ship 0
1107.0 557.0 1100.0 528.0 1203.0 510.0 1209.0 537.0 ship 0
1184.0 460.0 1197.0 457.0 1204.0 494.0 1192.0 496.0 ship 0
848.0 409.0 844.0 396.0 880.0 387.0 883.0 402.0 ship 0
846.0 387.0 844.0 377.0 875.0 370.0 877.0 381.0 ship 0
840.0 373.0 838.0 360.0 875.0 352.0 877.0 365.0 ship 0
654.0 326.0 656.0 336.0 625.0 342.0 623.0 332.0 ship 0
603.0 233.0 602.0 222.0 633.0 215.0 635.0 226.0 ship 0
637.0 231.0 638.0 241.0 606.0 247.0 604.0 236.0 ship 0
639.0 247.0 641.0 258.0 611.0 263.0 608.0 252.0 ship 0
648.0 278.0 649.0 289.0 617.0 293.0 616.0 282.0 ship 0
649.0 295.0 652.0 303.0 618.0 310.0 617.0 300.0 ship 0
651.0 311.0 653.0 320.0 621.0 326.0 619.0 317.0 ship 0
655.0 341.0 657.0 351.0 635.0 355.0 632.0 346.0 ship 0
665.0 325.0 664.0 315.0 702.0 312.0 702.0 323.0 ship 0
663.0 372.0 666.0 383.0 635.0 389.0 633.0 378.0 ship 0
668.0 389.0 670.0 398.0 638.0 405.0 636.0 396.0 ship 0
668.0 405.0 670.0 415.0 641.0 421.0 638.0 412.0 ship 0
651.0 251.0 649.0 237.0 690.0 231.0 693.0 245.0 ship 0
656.0 270.0 654.0 256.0 699.0 249.0 701.0 263.0 ship 0
659.0 287.0 659.0 274.0 698.0 273.0 698.0 285.0 ship 0
539.0 543.0 537.0 531.0 572.0 523.0 574.0 535.0 ship 0
582.0 530.0 581.0 521.0 609.0 517.0 611.0 528.0 ship 0
575.0 514.0 573.0 503.0 602.0 499.0 604.0 509.0 ship 0
572.0 497.0 570.0 488.0 598.0 482.0 599.0 492.0 ship 0
569.0 481.0 568.0 471.0 595.0 466.0 597.0 476.0 ship 0
562.0 450.0 560.0 439.0 594.0 435.0 595.0 446.0 ship 0
561.0 435.0 560.0 426.0 592.0 420.0 593.0 429.0 ship 0
557.0 419.0 555.0 408.0 587.0 402.0 589.0 413.0 ship 0
555.0 402.0 554.0 393.0 581.0 388.0 582.0 398.0 ship 0
551.0 385.0 551.0 374.0 581.0 373.0 581.0 385.0 ship 0
550.0 372.0 548.0 361.0 576.0 357.0 578.0 367.0 ship 0
544.0 355.0 543.0 346.0 572.0 339.0 574.0 350.0 ship 0
541.0 339.0 540.0 330.0 570.0 326.0 571.0 336.0 ship 0
539.0 323.0 539.0 313.0 568.0 310.0 568.0 320.0 ship 0
537.0 309.0 535.0 299.0 563.0 294.0 565.0 304.0 ship 0
537.0 291.0 536.0 282.0 560.0 278.0 562.0 287.0 ship 0
532.0 277.0 530.0 267.0 556.0 261.0 558.0 271.0 ship 0
662.0 309.0 660.0 296.0 701.0 290.0 703.0 303.0 ship 0
671.0 348.0 670.0 336.0 705.0 330.0 707.0 343.0 ship 0
836.0 354.0 834.0 343.0 871.0 335.0 874.0 348.0 ship 0
790.0 202.0 792.0 214.0 758.0 221.0 756.0 208.0 ship 0
813.0 308.0 815.0 321.0 777.0 328.0 775.0 316.0 ship 0
809.0 289.0 812.0 300.0 778.0 312.0 774.0 301.0 ship 0
807.0 272.0 808.0 284.0 771.0 290.0 769.0 278.0 ship 0
804.0 253.0 806.0 265.0 767.0 273.0 765.0 261.0 ship 0
800.0 236.0 802.0 249.0 765.0 254.0 764.0 241.0 ship 0
798.0 217.0 799.0 230.0 762.0 238.0 759.0 224.0 ship 0
814.0 229.0 813.0 217.0 845.0 211.0 848.0 222.0 ship 0
673.0 365.0 671.0 352.0 705.0 347.0 707.0 360.0 ship 0
816.0 246.0 813.0 231.0 849.0 225.0 852.0 242.0 ship 0
822.0 264.0 820.0 252.0 856.0 243.0 859.0 254.0 ship 0
823.0 281.0 822.0 268.0 860.0 262.0 862.0 274.0 ship 0
825.0 300.0 824.0 285.0 865.0 279.0 867.0 293.0 ship 0
829.0 316.0 828.0 305.0 864.0 298.0 866.0 310.0 ship 0
834.0 334.0 831.0 322.0 866.0 316.0 867.0 328.0 ship 0
819.0 327.0 821.0 338.0 779.0 345.0 778.0 334.0 ship 0
823.0 344.0 825.0 357.0 781.0 365.0 778.0 351.0 ship 0
826.0 360.0 829.0 372.0 786.0 383.0 784.0 371.0 ship 0
829.0 381.0 831.0 393.0 789.0 400.0 786.0 388.0 ship 0
834.0 415.0 836.0 428.0 795.0 437.0 792.0 424.0 ship 0
838.0 433.0 840.0 447.0 798.0 455.0 795.0 442.0 ship 0
842.0 454.0 843.0 467.0 803.0 475.0 800.0 462.0 ship 0
702.0 492.0 700.0 478.0 733.0 473.0 735.0 485.0 ship 0
655.0 499.0 653.0 490.0 685.0 484.0 686.0 494.0 ship 0
693.0 475.0 690.0 459.0 728.0 454.0 730.0 469.0 ship 0
691.0 456.0 688.0 444.0 728.0 435.0 730.0 447.0 ship 0
680.0 467.0 683.0 476.0 652.0 485.0 650.0 476.0 ship 0
679.0 451.0 682.0 461.0 650.0 469.0 647.0 458.0 ship 0
689.0 437.0 687.0 426.0 722.0 418.0 724.0 430.0 ship 0
677.0 436.0 679.0 448.0 644.0 453.0 642.0 441.0 ship 0
680.0 400.0 679.0 387.0 721.0 381.0 723.0 394.0 ship 0
675.0 382.0 673.0 369.0 715.0 363.0 717.0 377.0 ship 0
958.0 871.0 953.0 863.0 977.0 846.0 981.0 855.0 ship 0
813.0 698.0 807.0 689.0 831.0 671.0 837.0 679.0 ship 0
782.0 724.0 775.0 714.0 801.0 695.0 807.0 704.0 ship 0
214.0 743.0 203.0 729.0 243.0 697.0 253.0 711.0 ship 0
302.0 851.0 294.0 838.0 330.0 807.0 340.0 820.0 ship 0
289.0 830.0 281.0 820.0 319.0 786.0 328.0 796.0 ship 0
312.0 762.0 323.0 775.0 274.0 816.0 264.0 803.0 ship 0
257.0 797.0 247.0 783.0 294.0 748.0 303.0 763.0 ship 0
278.0 730.0 285.0 741.0 242.0 777.0 233.0 765.0 ship 0
227.0 760.0 218.0 746.0 255.0 719.0 263.0 732.0 ship 0
226.0 681.0 236.0 692.0 200.0 725.0 189.0 713.0 ship 0
243.0 296.0 244.0 306.0 217.0 311.0 215.0 300.0 ship 0
184.0 707.0 174.0 697.0 210.0 664.0 219.0 677.0 ship 0
169.0 693.0 159.0 679.0 197.0 649.0 206.0 661.0 ship 0
154.0 672.0 144.0 661.0 179.0 631.0 188.0 643.0 ship 0
173.0 608.0 181.0 619.0 142.0 653.0 133.0 642.0 ship 0
120.0 643.0 109.0 627.0 156.0 590.0 167.0 605.0 ship 0
261.0 320.0 259.0 309.0 289.0 304.0 290.0 315.0 ship 0
318.0 867.0 309.0 853.0 344.0 826.0 353.0 839.0 ship 0
508.0 1097.0 499.0 1084.0 532.0 1058.0 542.0 1070.0 ship 0
492.0 1079.0 482.0 1069.0 523.0 1035.0 533.0 1048.0 ship 0
479.0 1063.0 471.0 1051.0 504.0 1022.0 513.0 1034.0 ship 0
465.0 1045.0 455.0 1035.0 497.0 997.0 507.0 1009.0 ship 0
478.0 987.0 486.0 997.0 450.0 1027.0 441.0 1014.0 ship 0
439.0 1006.0 430.0 994.0 464.0 966.0 473.0 977.0 ship 0
421.0 989.0 412.0 977.0 447.0 949.0 456.0 961.0 ship 0
405.0 976.0 395.0 963.0 435.0 929.0 444.0 941.0 ship 0
391.0 955.0 382.0 943.0 418.0 914.0 427.0 927.0 ship 0
375.0 938.0 366.0 925.0 404.0 896.0 412.0 908.0 ship 0
365.0 918.0 357.0 906.0 388.0 881.0 397.0 893.0 ship 0
346.0 901.0 337.0 889.0 375.0 861.0 383.0 874.0 ship 0
330.0 886.0 320.0 874.0 362.0 841.0 370.0 852.0 ship 0
717.0 1026.0 710.0 1018.0 737.0 993.0 744.0 1003.0 ship 0
708.0 1011.0 700.0 1001.0 732.0 976.0 741.0 986.0 ship 0
695.0 999.0 687.0 989.0 718.0 963.0 726.0 973.0 ship 0
255.0 304.0 254.0 293.0 284.0 287.0 285.0 297.0 ship 0
254.0 287.0 252.0 277.0 284.0 271.0 286.0 282.0 ship 0
671.0 971.0 663.0 961.0 697.0 934.0 704.0 943.0 ship 0
1137.0 400.0 1122.0 322.0 1204.0 301.0 1218.0 384.0 harbor 0
780.0 725.0 837.0 678.0 981.0 851.0 926.0 895.0 harbor 0
624.0 740.0 684.0 687.0 870.0 909.0 810.0 967.0 harbor 0
451.0 802.0 532.0 738.0 751.0 1006.0 673.0 1070.0 harbor 0
1194.0 572.0 1192.0 561.0 1250.0 550.0 1253.0 561.0 harbor 0
1161.0 651.0 1157.0 638.0 1260.0 615.0 1264.0 629.0 harbor 0
1115.0 531.0 1105.0 478.0 1233.0 450.0 1241.0 503.0 harbor 0
1115.0 274.0 1106.0 234.0 1189.0 215.0 1195.0 257.0 harbor 0
252.0 272.0 250.0 262.0 278.0 257.0 280.0 266.0 ship 0
1062.0 434.0 965.0 452.0 921.0 217.0 1018.0 202.0 harbor 0
898.0 472.0 809.0 488.0 759.0 223.0 847.0 208.0 harbor 0
738.0 495.0 660.0 509.0 601.0 208.0 685.0 188.0 harbor 0
609.0 531.0 537.0 545.0 478.0 219.0 548.0 206.0 harbor 0
487.0 539.0 407.0 560.0 347.0 238.0 431.0 222.0 harbor 0
298.0 373.0 235.0 388.0 218.0 261.0 281.0 249.0 harbor 0
991.0 695.0 1125.0 598.0 1206.0 719.0 1071.0 817.0 harbor 0
171.0 912.0 222.0 889.0 235.0 919.0 184.0 940.0 swimming-pool 0
30.0 18.0 36.0 27.0 13.0 45.0 8.0 37.0 ship 0
42.0 30.0 48.0 37.0 22.0 59.0 15.0 51.0 ship 0
51.0 42.0 59.0 51.0 32.0 73.0 24.0 63.0 ship 0
61.0 52.0 69.0 61.0 47.0 84.0 40.0 74.0 ship 0
74.0 68.0 79.0 77.0 55.0 96.0 49.0 88.0 ship 0
82.0 80.0 89.0 90.0 63.0 110.0 56.0 101.0 ship 0
95.0 92.0 103.0 104.0 70.0 131.0 61.0 117.0 ship 0
106.0 106.0 113.0 117.0 80.0 145.0 73.0 134.0 ship 0
117.0 120.0 126.0 132.0 89.0 163.0 80.0 151.0 ship 0
143.0 148.0 150.0 159.0 114.0 187.0 106.0 177.0 ship 0
152.0 164.0 159.0 174.0 127.0 201.0 120.0 192.0 ship 0
164.0 177.0 172.0 186.0 142.0 215.0 132.0 204.0 ship 0
177.0 190.0 185.0 200.0 152.0 229.0 144.0 218.0 ship 0
187.0 206.0 196.0 219.0 170.0 241.0 160.0 229.0 ship 0
238.0 265.0 239.0 274.0 210.0 280.0 209.0 271.0 ship 0
688.0 984.0 680.0 974.0 705.0 949.0 714.0 957.0 ship 0
661.0 957.0 652.0 947.0 684.0 919.0 693.0 930.0 ship 0
811.0 710.0 819.0 719.0 795.0 741.0 786.0 731.0 ship 0
801.0 896.0 805.0 906.0 773.0 920.0 769.0 911.0 ship 0
751.0 832.0 757.0 842.0 724.0 868.0 717.0 858.0 ship 0
778.0 848.0 774.0 841.0 797.0 824.0 802.0 832.0 ship 0
788.0 862.0 782.0 854.0 806.0 835.0 813.0 844.0 ship 0
763.0 849.0 769.0 859.0 740.0 879.0 734.0 869.0 ship 0
775.0 859.0 784.0 868.0 752.0 897.0 743.0 888.0 ship 0
788.0 877.0 795.0 886.0 763.0 912.0 755.0 902.0 ship 0
811.0 910.0 817.0 919.0 791.0 941.0 784.0 932.0 ship 0
718.0 770.0 712.0 763.0 731.0 748.0 736.0 756.0 ship 0
821.0 925.0 828.0 932.0 801.0 958.0 793.0 949.0 ship 0
822.0 970.0 815.0 963.0 831.0 949.0 837.0 957.0 ship 0
682.0 731.0 678.0 722.0 702.0 712.0 705.0 719.0 ship 0
626.0 753.0 620.0 743.0 649.0 724.0 655.0 735.0 ship 0
646.0 718.0 652.0 713.0 661.0 727.0 655.0 731.0 ship 0
662.0 727.0 655.0 716.0 689.0 687.0 697.0 698.0 ship 0
740.0 819.0 746.0 828.0 711.0 854.0 704.0 844.0 ship 0
726.0 803.0 734.0 813.0 701.0 843.0 692.0 831.0 ship 0
712.0 789.0 722.0 801.0 692.0 829.0 682.0 816.0 ship 0
702.0 776.0 710.0 785.0 680.0 808.0 673.0 799.0 ship 0
688.0 766.0 695.0 776.0 670.0 795.0 663.0 785.0 ship 0
677.0 752.0 683.0 760.0 657.0 780.0 651.0 772.0 ship 0
668.0 733.0 676.0 743.0 644.0 769.0 635.0 758.0 ship 0
938.0 867.0 943.0 875.0 920.0 888.0 916.0 880.0 ship 0
928.0 853.0 933.0 861.0 912.0 877.0 906.0 869.0 ship 0
915.0 840.0 922.0 846.0 899.0 868.0 893.0 861.0 ship 0
888.0 854.0 882.0 848.0 906.0 827.0 912.0 834.0 ship 0
897.0 813.0 904.0 821.0 882.0 841.0 874.0 833.0 ship 0
873.0 790.0 877.0 798.0 854.0 817.0 849.0 808.0 ship 0
830.0 793.0 824.0 784.0 853.0 763.0 859.0 772.0 ship 0
844.0 748.0 851.0 756.0 827.0 778.0 820.0 770.0 ship 0
833.0 735.0 840.0 744.0 816.0 766.0 809.0 757.0 ship 0
821.0 724.0 828.0 733.0 805.0 753.0 797.0 744.0 ship 0
704.0 761.0 698.0 753.0 723.0 734.0 728.0 743.0 ship 0
726.0 788.0 720.0 780.0 745.0 761.0 751.0 770.0 ship 0
636.0 927.0 629.0 917.0 657.0 894.0 665.0 903.0 ship 0
537.0 810.0 529.0 800.0 560.0 774.0 568.0 785.0 ship 0
612.0 1002.0 601.0 991.0 642.0 957.0 652.0 969.0 ship 0
655.0 975.0 663.0 986.0 629.0 1013.0 621.0 1003.0 ship 0
671.0 993.0 679.0 1004.0 647.0 1032.0 637.0 1021.0 ship 0
701.0 1025.0 712.0 1038.0 674.0 1071.0 664.0 1058.0 ship 0
519.0 721.0 532.0 738.0 460.0 798.0 446.0 781.0 ship 0
525.0 795.0 516.0 783.0 548.0 758.0 557.0 768.0 ship 0
576.0 787.0 583.0 796.0 553.0 825.0 544.0 814.0 ship 0
737.0 802.0 730.0 794.0 757.0 771.0 764.0 780.0 ship 0
563.0 840.0 555.0 829.0 594.0 801.0 602.0 813.0 ship 0
576.0 852.0 570.0 843.0 600.0 819.0 608.0 829.0 ship 0
588.0 872.0 578.0 859.0 609.0 835.0 618.0 847.0 ship 0
600.0 886.0 592.0 875.0 623.0 851.0 631.0 862.0 ship 0
614.0 896.0 607.0 887.0 632.0 866.0 640.0 876.0 ship 0
625.0 913.0 617.0 901.0 653.0 875.0 662.0 886.0 ship 0
627.0 939.0 638.0 951.0 603.0 983.0 593.0 971.0 ship 0
616.0 921.0 625.0 933.0 589.0 964.0 578.0 951.0 ship 0
601.0 903.0 611.0 915.0 572.0 951.0 560.0 937.0 ship 0
585.0 884.0 594.0 897.0 558.0 926.0 548.0 914.0 ship 0
570.0 864.0 581.0 876.0 544.0 913.0 533.0 899.0 ship 0
532.0 892.0 522.0 878.0 553.0 849.0 565.0 863.0 ship 0
540.0 830.0 550.0 844.0 511.0 876.0 500.0 864.0 ship 0
527.0 813.0 536.0 825.0 500.0 856.0 491.0 844.0 ship 0
503.0 782.0 508.0 796.0 464.0 814.0 459.0 801.0 ship 0
849.0 932.0 845.0 926.0 868.0 911.0 871.0 918.0 ship 0
840.0 925.0 835.0 916.0 862.0 894.0 869.0 903.0 ship 0
831.0 912.0 825.0 904.0 848.0 884.0 855.0 892.0 ship 0
823.0 900.0 816.0 892.0 838.0 873.0 844.0 882.0 ship 0
808.0 884.0 803.0 876.0 831.0 861.0 835.0 869.0 ship 0
769.0 838.0 763.0 829.0 788.0 811.0 793.0 820.0 ship 0
759.0 827.0 753.0 820.0 775.0 799.0 781.0 807.0 ship 0
749.0 815.0 742.0 807.0 763.0 787.0 771.0 796.0 ship 0
530.0 260.0 529.0 251.0 554.0 245.0 556.0 255.0 ship 0
560.0 505.0 562.0 515.0 534.0 520.0 532.0 510.0 ship 0
168.0 172.0 173.0 162.0 193.0 179.0 185.0 188.0 ship 1
1086.0 1007.0 1082.0 1016.0 1065.0 1007.0 1069.0 999.0 small-vehicle 0
750.0 1093.0 755.0 1083.0 772.0 1091.0 770.0 1100.0 small-vehicle 0
876.0 1008.0 881.0 999.0 897.0 1007.0 894.0 1015.0 small-vehicle 0
887.0 1002.0 888.0 992.0 909.0 1001.0 905.0 1011.0 small-vehicle 0
1057.0 1032.0 1054.0 1039.0 1035.0 1028.0 1039.0 1021.0 small-vehicle 0
1065.0 1022.0 1061.0 1031.0 1045.0 1020.0 1047.0 1013.0 small-vehicle 0
1076.0 1017.0 1073.0 1025.0 1053.0 1014.0 1057.0 1007.0 small-vehicle 0
1017.0 906.0 1024.0 901.0 1035.0 918.0 1027.0 923.0 small-vehicle 0
992.0 927.0 998.0 919.0 1016.0 931.0 1010.0 937.0 small-vehicle 0
1110.0 985.0 1105.0 976.0 1128.0 962.0 1132.0 971.0 small-vehicle 0
1164.0 978.0 1154.0 977.0 1156.0 958.0 1166.0 958.0 small-vehicle 0
1179.0 970.0 1167.0 970.0 1168.0 948.0 1179.0 949.0 small-vehicle 0
1195.0 958.0 1185.0 957.0 1186.0 936.0 1197.0 937.0 small-vehicle 0
1209.0 947.0 1199.0 946.0 1203.0 926.0 1210.0 927.0 small-vehicle 0
1232.0 930.0 1223.0 928.0 1225.0 908.0 1234.0 908.0 small-vehicle 0
946.0 960.0 950.0 952.0 968.0 963.0 963.0 970.0 small-vehicle 0
1016.0 990.0 1006.0 990.0 1005.0 967.0 1015.0 967.0 small-vehicle 0
558.0 490.0 560.0 499.0 531.0 504.0 529.0 494.0 ship 0
944.0 1041.0 954.0 1042.0 953.0 1059.0 943.0 1063.0 small-vehicle 0
963.0 948.0 968.0 939.0 989.0 949.0 986.0 958.0 small-vehicle 0
1152.0 987.0 1140.0 987.0 1144.0 962.0 1155.0 962.0 small-vehicle 0
1140.0 992.0 1129.0 991.0 1132.0 969.0 1143.0 969.0 small-vehicle 0
901.0 1069.0 911.0 1068.0 911.0 1088.0 902.0 1090.0 small-vehicle 0
911.0 1064.0 919.0 1064.0 923.0 1081.0 914.0 1084.0 small-vehicle 0
927.0 1053.0 938.0 1048.0 942.0 1069.0 931.0 1073.0 small-vehicle 0
955.0 1036.0 963.0 1034.0 965.0 1054.0 956.0 1057.0 small-vehicle 0
996.0 1002.0 987.0 1004.0 985.0 980.0 993.0 980.0 small-vehicle 0
966.0 1029.0 973.0 1028.0 975.0 1045.0 964.0 1050.0 small-vehicle 0
974.0 1023.0 983.0 1021.0 983.0 1043.0 976.0 1044.0 small-vehicle 0
915.0 1056.0 905.0 1058.0 905.0 1038.0 913.0 1035.0 small-vehicle 0
876.0 1085.0 866.0 1084.0 866.0 1065.0 876.0 1066.0 small-vehicle 0
925.0 1052.0 915.0 1054.0 914.0 1031.0 922.0 1028.0 small-vehicle 0
949.0 1033.0 940.0 1036.0 939.0 1013.0 947.0 1012.0 small-vehicle 0
1223.0 939.0 1213.0 938.0 1213.0 920.0 1221.0 920.0 small-vehicle 0
1245.0 923.0 1235.0 925.0 1235.0 903.0 1245.0 904.0 small-vehicle 0
1264.0 908.0 1253.0 907.0 1259.0 889.0 1267.0 892.0 small-vehicle 0
1272.0 328.0 1266.0 321.0 1280.0 307.0 1284.0 313.0 small-vehicle 0
1318.0 584.0 1313.0 574.0 1331.0 563.0 1335.0 570.0 small-vehicle 0
1314.0 570.0 1311.0 561.0 1328.0 551.0 1333.0 559.0 small-vehicle 0
1310.0 559.0 1306.0 551.0 1325.0 541.0 1328.0 549.0 small-vehicle 0
1311.0 547.0 1306.0 541.0 1322.0 527.0 1328.0 534.0 small-vehicle 0
1264.0 282.0 1255.0 273.0 1275.0 256.0 1281.0 263.0 small-vehicle 0
1263.0 293.0 1256.0 284.0 1276.0 269.0 1279.0 277.0 small-vehicle 0
1329.0 310.0 1326.0 320.0 1306.0 315.0 1308.0 305.0 small-vehicle 0
1277.0 900.0 1266.0 898.0 1269.0 879.0 1278.0 882.0 small-vehicle 0
1324.0 286.0 1324.0 295.0 1302.0 291.0 1303.0 280.0 small-vehicle 0
1321.0 274.0 1319.0 283.0 1300.0 278.0 1302.0 268.0 small-vehicle 0
1307.0 198.0 1304.0 207.0 1284.0 200.0 1284.0 189.0 small-vehicle 0
1305.0 187.0 1303.0 195.0 1285.0 190.0 1286.0 179.0 small-vehicle 0
1333.0 215.0 1324.0 216.0 1319.0 197.0 1329.0 193.0 small-vehicle 0
1250.0 203.0 1243.0 197.0 1260.0 179.0 1264.0 187.0 small-vehicle 0
1319.0 596.0 1315.0 585.0 1335.0 570.0 1337.0 582.0 small-vehicle 0
1322.0 607.0 1317.0 596.0 1337.0 584.0 1339.0 595.0 small-vehicle 0
1323.0 622.0 1320.0 609.0 1339.0 598.0 1343.0 606.0 small-vehicle 0
1325.0 631.0 1321.0 622.0 1341.0 607.0 1343.0 615.0 small-vehicle 0
1329.0 644.0 1323.0 633.0 1343.0 618.0 1346.0 630.0 small-vehicle 0
1333.0 656.0 1326.0 647.0 1347.0 630.0 1352.0 641.0 small-vehicle 0
1374.0 534.0 1373.0 544.0 1349.0 539.0 1352.0 528.0 small-vehicle 0
1375.0 546.0 1375.0 556.0 1354.0 551.0 1356.0 541.0 small-vehicle 0
1379.0 559.0 1377.0 569.0 1358.0 565.0 1358.0 555.0 small-vehicle 0
1379.0 571.0 1378.0 581.0 1359.0 575.0 1358.0 565.0 small-vehicle 0
1381.0 584.0 1379.0 594.0 1361.0 588.0 1361.0 578.0 small-vehicle 0
1388.0 599.0 1384.0 608.0 1364.0 599.0 1365.0 590.0 small-vehicle 0
1343.0 852.0 1334.0 849.0 1340.0 832.0 1348.0 834.0 small-vehicle 0
1334.0 860.0 1325.0 859.0 1327.0 840.0 1335.0 841.0 small-vehicle 0
1322.0 870.0 1312.0 869.0 1315.0 847.0 1324.0 849.0 small-vehicle 0
1311.0 876.0 1302.0 875.0 1303.0 855.0 1312.0 856.0 small-vehicle 0
1301.0 884.0 1291.0 884.0 1294.0 865.0 1301.0 867.0 small-vehicle 0
929.0 65.0 921.0 68.0 912.0 50.0 921.0 46.0 small-vehicle 1
784.0 67.0 777.0 72.0 764.0 52.0 772.0 48.0 small-vehicle 1
823.0 77.0 832.0 72.0 844.0 90.0 836.0 95.0 small-vehicle 1
524.0 222.0 522.0 211.0 549.0 208.0 549.0 220.0 ship 1
984.0 1016.0 991.0 1013.0 993.0 1031.0 985.0 1034.0 small-vehicle 1
1034.0 1048.0 1028.0 1057.0 1010.0 1047.0 1016.0 1038.0 small-vehicle 1
1010.0 1060.0 1006.0 1069.0 988.0 1060.0 992.0 1050.0 small-vehicle 1
929.0 1080.0 935.0 1087.0 922.0 1099.0 914.0 1093.0 small-vehicle 1
892.0 1080.0 901.0 1078.0 901.0 1098.0 890.0 1097.0 small-vehicle 1
627.0 201.0 631.0 214.0 601.0 221.0 599.0 209.0 ship 1
477.0 13.0 483.0 7.0 496.0 19.0 490.0 25.0 small-vehicle 1
111.0 656.0 120.0 648.0 138.0 665.0 132.0 674.0 ship 1
436.0 74.0 426.0 71.0 436.0 49.0 445.0 52.0 small-vehicle 1
174.0 713.0 167.0 717.0 160.0 707.0 167.0 702.0 ship 1
149.0 698.0 157.0 691.0 165.0 700.0 158.0 707.0 ship 1
138.0 683.0 145.0 678.0 152.0 690.0 143.0 695.0 ship 1
689.0 821.0 695.0 828.0 689.0 839.0 682.0 834.0 ship 1
678.0 804.0 683.0 809.0 677.0 819.0 671.0 815.0 ship 1
992.0 1011.0 1000.0 1007.0 1004.0 1026.0 995.0 1029.0 small-vehicle 1
1157.0 939.0 1149.0 931.0 1167.0 915.0 1174.0 922.0 small-vehicle 1
1255.0 912.0 1246.0 912.0 1249.0 890.0 1259.0 890.0 small-vehicle 1
1291.0 890.0 1278.0 889.0 1283.0 867.0 1293.0 868.0 small-vehicle 1
1013.0 712.0 1015.0 705.0 1032.0 707.0 1030.0 716.0 ship 1
1050.0 688.0 1057.0 697.0 1038.0 709.0 1032.0 701.0 ship 1
1048.0 760.0 1053.0 754.0 1068.0 771.0 1060.0 775.0 ship 1
846.0 679.0 856.0 694.0 826.0 717.0 818.0 704.0 ship 1
1169.0 504.0 1157.0 507.0 1150.0 470.0 1165.0 468.0 ship 1
1214.0 492.0 1207.0 493.0 1204.0 479.0 1212.0 475.0 ship 1
818.0 402.0 823.0 397.0 834.0 406.0 828.0 410.0 ship 1
785.0 427.0 791.0 425.0 795.0 438.0 788.0 440.0 ship 1
939.0 377.0 945.0 377.0 948.0 390.0 939.0 392.0 ship 1
1328.0 300.0 1325.0 308.0 1305.0 303.0 1307.0 293.0 small-vehicle 1
1181.0 61.0 1172.0 66.0 1161.0 47.0 1171.0 42.0 small-vehicle 1
1014.0 0.0 1021.0 4.0 1011.0 21.0 1003.0 17.0 small-vehicle 1
630.0 26.0 623.0 18.0 650.0 3.0 656.0 12.0 large-vehicle 0
557.0 948.0 564.0 940.0 576.0 952.0 568.0 957.0 ship 1
117.0 960.0 123.0 967.0 106.0 980.0 101.0 973.0 small-vehicle 1
942.0 49.0 951.0 44.0 963.0 63.0 954.0 68.0 small-vehicle 1
1084.0 74.0 1095.0 68.0 1106.0 88.0 1098.0 94.0 small-vehicle 1
1250.0 213.0 1244.0 206.0 1262.0 191.0 1266.0 200.0 small-vehicle 1
849.0 142.0 840.0 137.0 855.0 120.0 863.0 122.0 small-vehicle 1
806.0 143.0 797.0 138.0 812.0 120.0 819.0 123.0 small-vehicle 1
786.0 143.0 777.0 139.0 786.0 122.0 795.0 127.0 small-vehicle 1
778.0 140.0 769.0 135.0 777.0 120.0 787.0 123.0 small-vehicle 1
1301.0 162.0 1297.0 173.0 1280.0 166.0 1284.0 154.0 small-vehicle 1
1138.0 47.0 1147.0 43.0 1156.0 61.0 1148.0 64.0 small-vehicle 1
26.0 862.0 19.0 867.0 8.0 853.0 14.0 847.0 small-vehicle 1
1126.0 45.0 1137.0 42.0 1146.0 63.0 1136.0 66.0 small-vehicle 1
1133.0 63.0 1126.0 66.0 1116.0 49.0 1125.0 45.0 small-vehicle 1
1103.0 47.0 1112.0 44.0 1122.0 61.0 1113.0 64.0 small-vehicle 1
1094.0 51.0 1101.0 45.0 1110.0 63.0 1103.0 66.0 small-vehicle 1
1060.0 51.0 1069.0 46.0 1080.0 63.0 1071.0 67.0 small-vehicle 1
1049.0 51.0 1057.0 46.0 1068.0 62.0 1060.0 66.0 small-vehicle 1
1251.0 224.0 1247.0 216.0 1262.0 204.0 1268.0 211.0 small-vehicle 1
1254.0 238.0 1246.0 230.0 1265.0 215.0 1270.0 223.0 small-vehicle 1
1257.0 260.0 1251.0 252.0 1268.0 237.0 1273.0 245.0 small-vehicle 1
1262.0 266.0 1257.0 261.0 1269.0 249.0 1274.0 256.0 small-vehicle 1
1311.0 218.0 1309.0 227.0 1291.0 223.0 1291.0 214.0 small-vehicle 1
1320.0 254.0 1317.0 262.0 1299.0 256.0 1300.0 248.0 small-vehicle 1
1269.0 312.0 1262.0 304.0 1279.0 291.0 1284.0 300.0 small-vehicle 1
981.0 933.0 986.0 927.0 1001.0 934.0 999.0 942.0 small-vehicle 1
972.0 939.0 977.0 932.0 995.0 941.0 992.0 948.0 small-vehicle 1
935.0 967.0 941.0 960.0 960.0 967.0 954.0 975.0 small-vehicle 1
928.0 974.0 933.0 966.0 947.0 974.0 943.0 981.0 small-vehicle 1
918.0 980.0 923.0 974.0 940.0 981.0 934.0 989.0 small-vehicle 1
975.0 988.0 984.0 985.0 986.0 1007.0 978.0 1010.0 small-vehicle 1
992.0 978.0 1004.0 972.0 1006.0 995.0 996.0 998.0 small-vehicle 1
972.0 1088.0 969.0 1096.0 952.0 1086.0 955.0 1078.0 small-vehicle 1
848.0 63.0 840.0 67.0 829.0 48.0 837.0 44.0 small-vehicle 1
829.0 66.0 821.0 71.0 811.0 54.0 816.0 47.0 small-vehicle 1
1223.0 138.0 1214.0 135.0 1223.0 118.0 1231.0 122.0 small-vehicle 0
1193.0 60.0 1184.0 67.0 1175.0 48.0 1184.0 43.0 small-vehicle 0
1169.0 61.0 1161.0 66.0 1149.0 48.0 1155.0 41.0 small-vehicle 0
408.0 386.0 410.0 399.0 377.0 405.0 375.0 393.0 ship 0
392.0 271.0 394.0 283.0 354.0 289.0 352.0 277.0 ship 0
396.0 290.0 399.0 303.0 356.0 310.0 355.0 297.0 ship 0
399.0 309.0 401.0 321.0 364.0 328.0 362.0 314.0 ship 0
403.0 326.0 406.0 341.0 366.0 348.0 363.0 333.0 ship 0
408.0 350.0 409.0 361.0 373.0 368.0 371.0 357.0 ship 0
410.0 370.0 412.0 380.0 374.0 388.0 371.0 377.0 ship 0
416.0 407.0 418.0 421.0 378.0 428.0 376.0 413.0 ship 0
406.0 285.0 404.0 275.0 437.0 268.0 439.0 278.0 ship 0
422.0 428.0 423.0 440.0 381.0 448.0 380.0 435.0 ship 0
426.0 446.0 427.0 461.0 384.0 466.0 383.0 450.0 ship 0
428.0 465.0 430.0 480.0 391.0 486.0 389.0 473.0 ship 0
432.0 486.0 435.0 500.0 392.0 508.0 389.0 494.0 ship 0
436.0 506.0 437.0 518.0 399.0 524.0 396.0 511.0 ship 0
399.0 253.0 398.0 243.0 427.0 239.0 428.0 248.0 ship 0
349.0 271.0 348.0 258.0 383.0 252.0 384.0 267.0 ship 0
385.0 233.0 387.0 245.0 346.0 254.0 343.0 242.0 ship 0
263.0 337.0 260.0 326.0 293.0 317.0 296.0 328.0 ship 0
251.0 327.0 252.0 339.0 217.0 344.0 216.0 331.0 ship 0
536.0 163.0 540.0 153.0 565.0 168.0 559.0 178.0 ship 0
555.0 160.0 563.0 152.0 587.0 167.0 580.0 178.0 ship 0
585.0 165.0 593.0 153.0 616.0 166.0 611.0 178.0 ship 0
300.0 339.0 307.0 374.0 231.0 389.0 226.0 352.0 ship 0
430.0 207.0 435.0 231.0 398.0 237.0 393.0 212.0 ship 0
685.0 198.0 688.0 227.0 647.0 230.0 642.0 203.0 ship 0
857.0 472.0 863.0 500.0 809.0 510.0 803.0 482.0 ship 0
978.0 205.0 1018.0 199.0 1022.0 224.0 983.0 229.0 ship 0
976.0 710.0 995.0 695.0 1031.0 747.0 1010.0 761.0 ship 0
1023.0 768.0 1036.0 759.0 1071.0 804.0 1055.0 815.0 ship 0
1119.0 229.0 1117.0 208.0 1169.0 204.0 1172.0 225.0 ship 0
1199.0 261.0 1186.0 264.0 1180.0 230.0 1192.0 227.0 ship 0
1024.0 439.0 1030.0 468.0 968.0 477.0 962.0 449.0 ship 0
405.0 265.0 404.0 255.0 433.0 254.0 433.0 264.0 ship 0
411.0 301.0 408.0 292.0 438.0 283.0 440.0 293.0 ship 0
263.0 14.0 272.0 9.0 280.0 25.0 274.0 30.0 small-vehicle 0
535.0 365.0 536.0 375.0 506.0 380.0 504.0 370.0 ship 0
514.0 252.0 516.0 261.0 486.0 268.0 484.0 258.0 ship 0
519.0 270.0 521.0 278.0 487.0 283.0 486.0 274.0 ship 0
522.0 285.0 522.0 295.0 490.0 298.0 490.0 287.0 ship 0
524.0 300.0 526.0 310.0 495.0 317.0 493.0 308.0 ship 0
527.0 316.0 529.0 325.0 501.0 332.0 499.0 323.0 ship 0
532.0 348.0 534.0 357.0 507.0 365.0 504.0 356.0 ship 0
540.0 382.0 541.0 390.0 511.0 394.0 510.0 385.0 ship 0
412.0 315.0 411.0 305.0 443.0 300.0 444.0 310.0 ship 0
540.0 393.0 543.0 403.0 514.0 411.0 512.0 400.0 ship 0
542.0 411.0 543.0 420.0 518.0 425.0 517.0 415.0 ship 0
547.0 425.0 550.0 435.0 525.0 442.0 522.0 433.0 ship 0
515.0 459.0 513.0 448.0 549.0 441.0 551.0 453.0 ship 0
553.0 459.0 554.0 468.0 524.0 473.0 523.0 463.0 ship 0
556.0 472.0 558.0 485.0 527.0 491.0 525.0 479.0 ship 0
510.0 239.0 512.0 247.0 483.0 253.0 481.0 244.0 ship 0
512.0 220.0 514.0 233.0 479.0 238.0 477.0 226.0 ship 0
483.0 542.0 486.0 563.0 410.0 578.0 407.0 556.0 ship 0
454.0 539.0 452.0 528.0 482.0 522.0 484.0 533.0 ship 0
442.0 524.0 444.0 538.0 399.0 547.0 396.0 532.0 ship 0
449.0 522.0 447.0 510.0 480.0 504.0 482.0 515.0 ship 0
448.0 507.0 446.0 495.0 476.0 489.0 478.0 501.0 ship 0
445.0 490.0 442.0 478.0 472.0 472.0 475.0 485.0 ship 0
440.0 472.0 439.0 463.0 468.0 458.0 469.0 467.0 ship 0
439.0 458.0 438.0 449.0 465.0 444.0 467.0 453.0 ship 0
436.0 444.0 433.0 431.0 463.0 424.0 466.0 438.0 ship 0
435.0 427.0 433.0 418.0 462.0 411.0 464.0 420.0 ship 0
431.0 412.0 429.0 400.0 457.0 395.0 459.0 406.0 ship 0
428.0 394.0 426.0 385.0 451.0 379.0 453.0 389.0 ship 0
426.0 378.0 424.0 368.0 451.0 364.0 453.0 373.0 ship 0
419.0 365.0 417.0 353.0 448.0 347.0 450.0 359.0 ship 0
414.0 333.0 413.0 321.0 445.0 317.0 446.0 328.0 ship 0
193.0 17.0 190.0 28.0 166.0 21.0 170.0 10.0 small-vehicle 0
276.0 14.0 282.0 11.0 292.0 27.0 284.0 30.0 small-vehicle 0
898.0 141.0 889.0 137.0 899.0 117.0 910.0 121.0 small-vehicle 0
864.0 4.0 875.0 7.0 863.0 27.0 853.0 24.0 small-vehicle 0
1102.0 2.0 1113.0 5.0 1100.0 24.0 1088.0 19.0 small-vehicle 0
1079.0 2.0 1087.0 5.0 1080.0 27.0 1070.0 22.0 small-vehicle 0
1067.0 1.0 1078.0 3.0 1066.0 26.0 1058.0 20.0 small-vehicle 0
1057.0 1.0 1064.0 3.0 1054.0 25.0 1045.0 21.0 small-vehicle 0
1035.0 1.0 1045.0 3.0 1033.0 26.0 1026.0 22.0 small-vehicle 0
989.0 1.0 1000.0 4.0 989.0 24.0 979.0 23.0 small-vehicle 0
773.0 5.0 784.0 9.0 772.0 29.0 763.0 25.0 small-vehicle 0
460.0 140.0 452.0 144.0 440.0 127.0 446.0 120.0 small-vehicle 0
749.0 67.0 741.0 73.0 732.0 55.0 737.0 49.0 small-vehicle 0
789.0 78.0 796.0 74.0 807.0 92.0 801.0 96.0 small-vehicle 0
768.0 78.0 776.0 75.0 784.0 92.0 777.0 98.0 small-vehicle 0
756.0 79.0 762.0 74.0 772.0 91.0 765.0 95.0 small-vehicle 0
742.0 79.0 751.0 75.0 761.0 93.0 755.0 96.0 small-vehicle 0
413.0 144.0 403.0 149.0 393.0 133.0 400.0 128.0 small-vehicle 0
857.0 77.0 866.0 73.0 876.0 90.0 869.0 97.0 small-vehicle 0
870.0 74.0 877.0 71.0 891.0 93.0 881.0 97.0 small-vehicle 0
997.0 63.0 989.0 68.0 977.0 51.0 986.0 47.0 small-vehicle 0
1009.0 61.0 1002.0 66.0 990.0 50.0 998.0 44.0 small-vehicle 0
1030.0 62.0 1022.0 67.0 1010.0 51.0 1019.0 45.0 small-vehicle 0
1043.0 63.0 1035.0 67.0 1026.0 51.0 1033.0 46.0 small-vehicle 0
1054.0 62.0 1048.0 67.0 1038.0 52.0 1044.0 49.0 small-vehicle 0
1088.0 62.0 1081.0 66.0 1072.0 49.0 1079.0 45.0 small-vehicle 0
1039.0 76.0 1048.0 72.0 1061.0 90.0 1053.0 96.0 small-vehicle 0
1131.0 73.0 1139.0 68.0 1150.0 90.0 1142.0 93.0 small-vehicle 0
1154.0 73.0 1161.0 69.0 1172.0 88.0 1166.0 93.0 small-vehicle 0
1181.0 136.0 1172.0 127.0 1188.0 112.0 1194.0 119.0 small-vehicle 0
1134.0 139.0 1124.0 134.0 1137.0 112.0 1145.0 117.0 small-vehicle 0
1010.0 137.0 1000.0 132.0 1013.0 111.0 1022.0 117.0 small-vehicle 0
981.0 139.0 967.0 136.0 979.0 115.0 988.0 120.0 small-vehicle 0
954.0 141.0 944.0 138.0 960.0 115.0 968.0 120.0 small-vehicle 0
932.0 140.0 921.0 135.0 933.0 116.0 941.0 120.0 small-vehicle 0
449.0 142.0 439.0 146.0 431.0 128.0 438.0 126.0 small-vehicle 0
494.0 142.0 486.0 147.0 477.0 129.0 484.0 124.0 small-vehicle 0
310.0 13.0 318.0 11.0 326.0 25.0 319.0 30.0 small-vehicle 0
464.0 10.0 475.0 7.0 482.0 24.0 475.0 29.0 small-vehicle 0
437.0 78.0 445.0 83.0 435.0 101.0 427.0 96.0 small-vehicle 0
457.0 74.0 448.0 70.0 460.0 51.0 467.0 55.0 small-vehicle 0
447.0 75.0 437.0 72.0 448.0 50.0 455.0 55.0 small-vehicle 0
416.0 72.0 406.0 66.0 415.0 46.0 425.0 52.0 small-vehicle 0
431.0 54.0 423.0 45.0 440.0 33.0 445.0 42.0 small-vehicle 0
522.0 9.0 532.0 7.0 542.0 25.0 534.0 28.0 small-vehicle 0
432.0 8.0 441.0 4.0 452.0 22.0 444.0 27.0 small-vehicle 0
517.0 142.0 511.0 147.0 497.0 131.0 503.0 126.0 small-vehicle 0
420.0 10.0 429.0 5.0 439.0 22.0 430.0 27.0 small-vehicle 0
386.0 14.0 394.0 11.0 404.0 27.0 398.0 31.0 small-vehicle 0
362.0 12.0 370.0 8.0 379.0 24.0 371.0 29.0 small-vehicle 0
352.0 13.0 361.0 9.0 369.0 25.0 362.0 30.0 small-vehicle 0
339.0 12.0 347.0 6.0 357.0 22.0 351.0 27.0 small-vehicle 0
327.0 13.0 336.0 7.0 347.0 26.0 341.0 30.0 small-vehicle 0
450.0 77.0 456.0 82.0 447.0 101.0 440.0 97.0 small-vehicle 0
460.0 79.0 468.0 83.0 455.0 100.0 449.0 95.0 small-vehicle 0
481.0 80.0 488.0 85.0 480.0 100.0 472.0 97.0 small-vehicle 0
492.0 79.0 500.0 83.0 490.0 99.0 482.0 96.0 small-vehicle 0
523.0 72.0 513.0 68.0 527.0 49.0 534.0 54.0 small-vehicle 0
536.0 80.0 545.0 83.0 534.0 104.0 527.0 101.0 small-vehicle 0
560.0 78.0 571.0 82.0 559.0 102.0 550.0 96.0 small-vehicle 0
601.0 78.0 612.0 81.0 601.0 98.0 593.0 97.0 small-vehicle 0
591.0 72.0 582.0 66.0 595.0 47.0 603.0 52.0 small-vehicle 0
626.0 73.0 615.0 68.0 627.0 49.0 636.0 54.0 small-vehicle 0
648.0 72.0 637.0 67.0 651.0 46.0 659.0 50.0 small-vehicle 0
628.0 76.0 637.0 79.0 628.0 100.0 618.0 97.0 small-vehicle 0
615.0 73.0 624.0 80.0 615.0 98.0 607.0 94.0 small-vehicle 0
652.0 79.0 660.0 82.0 649.0 101.0 639.0 96.0 small-vehicle 0
606.0 141.0 599.0 144.0 589.0 131.0 597.0 125.0 small-vehicle 0
582.0 140.0 574.0 145.0 564.0 129.0 572.0 122.0 small-vehicle 0
540.0 139.0 532.0 145.0 520.0 129.0 529.0 122.0 small-vehicle 0
206.0 213.0 165.0 243.0 1.0 29.0 37.0 2.0 harbor 0
