imagesource:GoogleEarth
gsd:0.123460569335
131.0 699.0 114.0 704.0 106.0 669.0 120.0 662.0 small-vehicle 1
915.0 288.0 930.0 302.0 865.0 375.0 849.0 362.0 large-vehicle 0
648.0 665.0 633.0 677.0 580.0 624.0 595.0 612.0 large-vehicle 0
608.0 667.0 592.0 680.0 551.0 632.0 565.0 620.0 large-vehicle 0
964.0 607.0 979.0 593.0 1043.0 648.0 1027.0 666.0 large-vehicle 0
1129.0 592.0 1144.0 577.0 1206.0 635.0 1189.0 649.0 large-vehicle 0
1084.0 588.0 1096.0 572.0 1159.0 634.0 1144.0 648.0 large-vehicle 0
1083.0 452.0 1066.0 437.0 1133.0 362.0 1150.0 376.0 large-vehicle 0
930.0 497.0 927.0 476.0 1028.0 467.0 1032.0 488.0 large-vehicle 0
909.0 464.0 894.0 450.0 962.0 378.0 979.0 395.0 large-vehicle 0
1213.0 360.0 1230.0 359.0 1234.0 417.0 1214.0 418.0 large-vehicle 0
1041.0 359.0 1029.0 347.0 1065.0 307.0 1079.0 318.0 large-vehicle 0
834.0 296.0 850.0 312.0 784.0 386.0 767.0 369.0 large-vehicle 0
939.0 644.0 927.0 656.0 870.0 602.0 884.0 586.0 large-vehicle 0
1330.0 409.0 1319.0 397.0 1364.0 342.0 1381.0 357.0 large-vehicle 0
1339.0 358.0 1322.0 345.0 1373.0 288.0 1387.0 304.0 large-vehicle 0
1316.0 207.0 1300.0 194.0 1361.0 126.0 1375.0 138.0 large-vehicle 0
1043.0 144.0 1029.0 159.0 961.0 100.0 976.0 82.0 large-vehicle 0
664.0 162.0 652.0 178.0 585.0 122.0 599.0 103.0 large-vehicle 0
635.0 175.0 619.0 191.0 554.0 132.0 567.0 114.0 large-vehicle 0
542.0 169.0 529.0 186.0 462.0 128.0 474.0 112.0 large-vehicle 0
472.0 190.0 459.0 203.0 384.0 137.0 396.0 121.0 large-vehicle 0
413.0 177.0 398.0 193.0 333.0 135.0 348.0 117.0 large-vehicle 0
300.0 192.0 286.0 207.0 218.0 150.0 232.0 136.0 large-vehicle 0
903.0 652.0 889.0 663.0 836.0 611.0 851.0 598.0 large-vehicle 0
832.0 580.0 832.0 557.0 920.0 553.0 921.0 576.0 large-vehicle 0
658.0 298.0 657.0 280.0 708.0 281.0 709.0 298.0 small-vehicle 0
971.0 157.0 957.0 172.0 890.0 115.0 904.0 99.0 large-vehicle 0
661.0 278.0 659.0 258.0 707.0 258.0 706.0 276.0 small-vehicle 0
2.0 925.0 2.0 908.0 48.0 908.0 46.0 927.0 small-vehicle 0
369.0 551.0 374.0 571.0 328.0 572.0 328.0 552.0 small-vehicle 0
361.0 322.0 342.0 322.0 340.0 282.0 361.0 281.0 small-vehicle 0
475.0 322.0 457.0 322.0 456.0 281.0 473.0 280.0 small-vehicle 0
453.0 325.0 435.0 325.0 434.0 285.0 451.0 284.0 small-vehicle 0
409.0 325.0 388.0 327.0 388.0 289.0 408.0 288.0 small-vehicle 0
388.0 324.0 368.0 324.0 364.0 282.0 383.0 281.0 small-vehicle 0
1051.0 307.0 1038.0 297.0 1076.0 251.0 1091.0 263.0 large-vehicle 0
1030.0 304.0 1042.0 317.0 986.0 377.0 974.0 366.0 large-vehicle 0
999.0 144.0 984.0 161.0 919.0 104.0 933.0 87.0 large-vehicle 0
352.0 684.0 340.0 695.0 302.0 654.0 314.0 642.0 large-vehicle 0
1207.0 301.0 1225.0 299.0 1232.0 354.0 1213.0 354.0 large-vehicle 0
1083.0 314.0 1071.0 303.0 1107.0 262.0 1120.0 275.0 large-vehicle 0
868.0 464.0 854.0 451.0 921.0 376.0 936.0 392.0 large-vehicle 0
1161.0 569.0 1157.0 552.0 1215.0 541.0 1218.0 560.0 large-vehicle 0
1045.0 598.0 1060.0 583.0 1126.0 644.0 1110.0 658.0 large-vehicle 0
821.0 660.0 807.0 671.0 752.0 615.0 766.0 602.0 large-vehicle 0
483.0 673.0 470.0 686.0 428.0 641.0 443.0 630.0 large-vehicle 0
451.0 683.0 437.0 695.0 400.0 653.0 411.0 643.0 large-vehicle 0
425.0 689.0 412.0 701.0 372.0 660.0 384.0 647.0 large-vehicle 0
383.0 681.0 370.0 694.0 330.0 650.0 341.0 639.0 large-vehicle 0
256.0 194.0 239.0 212.0 173.0 152.0 188.0 135.0 large-vehicle 0
