imagesource:GoogleEarth
gsd:0.132239042698
48.0 664.0 24.0 653.0 48.0 600.0 73.0 611.0 large-vehicle 0
125.0 431.0 151.0 443.0 122.0 502.0 98.0 491.0 large-vehicle 0
63.0 157.0 81.0 163.0 66.0 199.0 51.0 195.0 small-vehicle 0
89.0 162.0 107.0 171.0 94.0 205.0 77.0 198.0 small-vehicle 0
672.0 435.0 718.0 371.0 768.0 406.0 720.0 475.0 plane 0
580.0 634.0 616.0 550.0 680.0 576.0 644.0 661.0 plane 0
256.0 711.0 315.0 601.0 415.0 644.0 354.0 763.0 plane 0
324.0 574.0 362.0 489.0 424.0 515.0 381.0 602.0 plane 0
363.0 474.0 399.0 396.0 461.0 424.0 428.0 501.0 plane 0
458.0 294.0 484.0 213.0 551.0 236.0 521.0 319.0 plane 0
172.0 187.0 180.0 272.0 123.0 282.0 113.0 194.0 plane 0
332.0 68.0 277.0 42.0 300.0 1.0 354.0 22.0 plane 0
