imagesource:GoogleEarth
gsd:0.125519448266
405.0 765.0 418.0 738.0 556.0 837.0 540.0 860.0 large-vehicle 0
373.0 342.0 356.0 346.0 316.0 172.0 337.0 167.0 large-vehicle 0
819.0 381.0 799.0 370.0 888.0 215.0 905.0 225.0 large-vehicle 0
832.0 412.0 817.0 403.0 904.0 249.0 922.0 258.0 large-vehicle 0
879.0 564.0 864.0 554.0 951.0 405.0 969.0 414.0 large-vehicle 0
882.0 682.0 862.0 671.0 950.0 523.0 967.0 533.0 large-vehicle 0
938.0 883.0 922.0 872.0 1009.0 720.0 1028.0 730.0 large-vehicle 0
506.0 308.0 486.0 312.0 434.0 140.0 457.0 133.0 large-vehicle 0
415.0 327.0 396.0 331.0 357.0 157.0 380.0 152.0 large-vehicle 0
289.0 357.0 272.0 361.0 234.0 196.0 254.0 191.0 large-vehicle 0
206.0 204.0 226.0 199.0 268.0 372.0 247.0 376.0 large-vehicle 0
551.0 591.0 560.0 573.0 711.0 667.0 699.0 689.0 large-vehicle 0
695.0 739.0 684.0 754.0 546.0 664.0 560.0 643.0 large-vehicle 0
721.0 786.0 709.0 804.0 561.0 710.0 573.0 690.0 large-vehicle 0
736.0 870.0 724.0 887.0 579.0 792.0 591.0 775.0 large-vehicle 0
318.0 348.0 299.0 352.0 261.0 175.0 283.0 172.0 large-vehicle 0
414.0 158.0 433.0 153.0 478.0 323.0 456.0 329.0 large-vehicle 0
885.0 74.0 892.0 100.0 798.0 127.0 789.0 105.0 large-vehicle 0
39.0 537.0 36.0 518.0 208.0 479.0 212.0 500.0 large-vehicle 0
839.0 461.0 819.0 450.0 912.0 297.0 930.0 308.0 large-vehicle 0
857.0 487.0 841.0 477.0 928.0 323.0 946.0 334.0 large-vehicle 0
867.0 530.0 850.0 520.0 936.0 366.0 954.0 377.0 large-vehicle 0
861.0 653.0 843.0 643.0 937.0 493.0 955.0 504.0 large-vehicle 0
901.0 706.0 883.0 695.0 974.0 542.0 992.0 554.0 large-vehicle 0
904.0 818.0 886.0 807.0 975.0 657.0 995.0 667.0 large-vehicle 0
938.0 819.0 920.0 808.0 1011.0 651.0 1030.0 663.0 large-vehicle 0
953.0 915.0 936.0 904.0 1020.0 750.0 1040.0 761.0 large-vehicle 0
899.0 769.0 882.0 759.0 969.0 607.0 989.0 618.0 large-vehicle 0
744.0 842.0 733.0 858.0 588.0 758.0 599.0 741.0 large-vehicle 0
397.0 687.0 407.0 672.0 556.0 765.0 545.0 784.0 large-vehicle 0
403.0 723.0 416.0 708.0 566.0 808.0 552.0 826.0 large-vehicle 0
408.0 801.0 418.0 787.0 568.0 886.0 556.0 903.0 large-vehicle 0
814.0 319.0 794.0 309.0 884.0 155.0 905.0 168.0 large-vehicle 0
