imagesource:GoogleEarth
gsd:0.137687494749
1205.0 1279.0 1211.0 1295.0 1159.0 1312.0 1155.0 1296.0 small-vehicle 0
478.0 1613.0 490.0 1608.0 508.0 1652.0 496.0 1656.0 ship 0
352.0 1380.0 343.0 1357.0 412.0 1336.0 420.0 1362.0 ship 0
360.0 1409.0 352.0 1388.0 419.0 1364.0 427.0 1388.0 ship 0
373.0 1439.0 364.0 1415.0 427.0 1394.0 436.0 1418.0 ship 0
341.0 1476.0 322.0 1482.0 302.0 1426.0 322.0 1419.0 ship 0
291.0 1461.0 273.0 1466.0 260.0 1423.0 276.0 1417.0 ship 0
322.0 1538.0 301.0 1546.0 278.0 1489.0 301.0 1480.0 ship 0
255.0 1484.0 274.0 1479.0 285.0 1520.0 267.0 1524.0 ship 0
272.0 1532.0 287.0 1527.0 304.0 1566.0 288.0 1572.0 ship 0
368.0 1542.0 352.0 1549.0 334.0 1507.0 352.0 1499.0 ship 0
328.0 1545.0 348.0 1536.0 383.0 1604.0 360.0 1615.0 ship 0
329.0 1626.0 309.0 1634.0 285.0 1585.0 307.0 1575.0 ship 0
322.0 1643.0 336.0 1648.0 325.0 1683.0 313.0 1679.0 ship 0
343.0 1690.0 349.0 1709.0 300.0 1723.0 294.0 1706.0 ship 0
353.0 1710.0 359.0 1730.0 315.0 1745.0 308.0 1727.0 ship 0
354.0 1742.0 358.0 1755.0 321.0 1769.0 315.0 1756.0 ship 0
358.0 1773.0 356.0 1786.0 320.0 1780.0 323.0 1768.0 ship 0
438.0 1639.0 450.0 1637.0 459.0 1673.0 447.0 1676.0 ship 0
339.0 1346.0 331.0 1321.0 401.0 1303.0 408.0 1329.0 ship 0
333.0 1316.0 324.0 1296.0 382.0 1272.0 391.0 1294.0 ship 0
311.0 1258.0 302.0 1236.0 372.0 1211.0 379.0 1237.0 ship 0
233.0 1011.0 225.0 991.0 281.0 972.0 289.0 991.0 ship 0
179.0 850.0 174.0 832.0 226.0 816.0 231.0 833.0 ship 0
186.0 880.0 179.0 857.0 241.0 839.0 248.0 863.0 ship 0
194.0 906.0 187.0 885.0 249.0 863.0 256.0 885.0 ship 0
203.0 938.0 195.0 914.0 262.0 894.0 268.0 917.0 ship 0
212.0 956.0 206.0 939.0 267.0 919.0 274.0 939.0 ship 0
224.0 984.0 216.0 965.0 276.0 947.0 282.0 967.0 ship 0
103.0 954.0 117.0 949.0 130.0 985.0 117.0 991.0 ship 0
245.0 1062.0 239.0 1043.0 296.0 1023.0 303.0 1044.0 ship 0
211.0 1254.0 197.0 1258.0 188.0 1227.0 203.0 1223.0 ship 0
256.0 1090.0 249.0 1071.0 309.0 1052.0 316.0 1072.0 ship 0
263.0 1116.0 256.0 1094.0 323.0 1073.0 331.0 1096.0 ship 0
282.0 1143.0 274.0 1122.0 335.0 1103.0 340.0 1124.0 ship 0
283.0 1176.0 274.0 1148.0 355.0 1121.0 364.0 1151.0 ship 0
206.0 1208.0 187.0 1215.0 171.0 1171.0 191.0 1163.0 ship 0
294.0 1201.0 286.0 1182.0 351.0 1162.0 357.0 1183.0 ship 0
299.0 1226.0 293.0 1205.0 357.0 1184.0 363.0 1204.0 ship 0
448.0 1618.0 471.0 1610.0 503.0 1688.0 477.0 1697.0 ship 0
495.0 1606.0 511.0 1598.0 536.0 1640.0 519.0 1650.0 ship 0
160.0 803.0 154.0 781.0 211.0 763.0 218.0 785.0 ship 0
424.0 1609.0 416.0 1578.0 503.0 1551.0 513.0 1583.0 ship 0
804.0 1241.0 788.0 1246.0 771.0 1200.0 790.0 1194.0 ship 0
846.0 1224.0 829.0 1232.0 813.0 1192.0 831.0 1184.0 ship 0
867.0 1214.0 852.0 1220.0 838.0 1186.0 855.0 1179.0 ship 0
851.0 1238.0 868.0 1233.0 884.0 1275.0 867.0 1280.0 ship 0
834.0 1250.0 848.0 1244.0 863.0 1282.0 851.0 1286.0 ship 0
814.0 1259.0 831.0 1250.0 851.0 1290.0 834.0 1299.0 ship 0
794.0 1259.0 811.0 1253.0 828.0 1301.0 811.0 1306.0 ship 0
891.0 1543.0 884.0 1524.0 941.0 1504.0 948.0 1525.0 ship 0
802.0 1578.0 792.0 1555.0 856.0 1532.0 865.0 1555.0 ship 0
736.0 1594.0 729.0 1575.0 781.0 1556.0 789.0 1577.0 ship 0
655.0 1628.0 645.0 1600.0 716.0 1579.0 724.0 1605.0 ship 0
690.0 1570.0 664.0 1580.0 635.0 1501.0 663.0 1492.0 ship 0
718.0 1561.0 697.0 1568.0 671.0 1492.0 695.0 1484.0 ship 0
234.0 463.0 219.0 468.0 206.0 431.0 222.0 427.0 ship 0
253.0 457.0 237.0 461.0 226.0 422.0 244.0 417.0 ship 0
276.0 449.0 261.0 454.0 249.0 416.0 265.0 412.0 ship 0
294.0 443.0 281.0 448.0 268.0 412.0 281.0 407.0 ship 0
783.0 1248.0 762.0 1254.0 745.0 1202.0 766.0 1196.0 ship 0
755.0 1256.0 741.0 1261.0 722.0 1209.0 737.0 1203.0 ship 0
736.0 1265.0 717.0 1272.0 698.0 1215.0 718.0 1208.0 ship 0
538.0 1348.0 559.0 1341.0 579.0 1396.0 559.0 1404.0 ship 0
414.0 1576.0 406.0 1548.0 493.0 1522.0 501.0 1550.0 ship 0
404.0 1540.0 394.0 1512.0 472.0 1485.0 481.0 1513.0 ship 0
395.0 1507.0 386.0 1480.0 470.0 1453.0 480.0 1481.0 ship 0
382.0 1473.0 372.0 1445.0 454.0 1417.0 463.0 1444.0 ship 0
557.0 1324.0 540.0 1333.0 517.0 1285.0 536.0 1277.0 ship 0
580.0 1316.0 562.0 1323.0 545.0 1274.0 563.0 1267.0 ship 0
658.0 1289.0 639.0 1295.0 622.0 1247.0 642.0 1240.0 ship 0
589.0 1331.0 611.0 1324.0 632.0 1383.0 611.0 1391.0 ship 0
709.0 1273.0 691.0 1278.0 674.0 1224.0 693.0 1218.0 ship 0
644.0 1313.0 665.0 1306.0 685.0 1366.0 665.0 1372.0 ship 0
672.0 1307.0 691.0 1301.0 710.0 1348.0 692.0 1355.0 ship 0
702.0 1304.0 720.0 1297.0 737.0 1346.0 718.0 1351.0 ship 0
723.0 1287.0 743.0 1282.0 764.0 1342.0 746.0 1348.0 ship 0
748.0 1276.0 770.0 1271.0 789.0 1329.0 768.0 1336.0 ship 0
776.0 1270.0 793.0 1265.0 810.0 1313.0 793.0 1318.0 ship 0
682.0 1276.0 662.0 1283.0 647.0 1240.0 668.0 1233.0 ship 0
171.0 830.0 164.0 812.0 225.0 792.0 231.0 811.0 ship 0
154.0 778.0 147.0 756.0 206.0 739.0 213.0 762.0 ship 0
742.0 822.0 725.0 828.0 711.0 792.0 730.0 785.0 ship 1
563.0 352.0 547.0 356.0 533.0 317.0 549.0 311.0 ship 0
285.0 293.0 302.0 287.0 312.0 323.0 296.0 327.0 ship 0
319.0 286.0 333.0 280.0 349.0 314.0 333.0 321.0 ship 0
339.0 278.0 351.0 275.0 362.0 306.0 350.0 310.0 ship 0
354.0 274.0 366.0 271.0 379.0 303.0 367.0 307.0 ship 0
370.0 267.0 384.0 264.0 394.0 300.0 382.0 304.0 ship 0
384.0 265.0 396.0 260.0 409.0 295.0 398.0 299.0 ship 0
371.0 253.0 356.0 257.0 348.0 227.0 364.0 222.0 ship 0
400.0 260.0 414.0 255.0 430.0 291.0 415.0 297.0 ship 0
415.0 255.0 430.0 248.0 447.0 284.0 431.0 291.0 ship 0
437.0 248.0 449.0 246.0 457.0 278.0 445.0 279.0 ship 0
449.0 245.0 463.0 240.0 474.0 279.0 460.0 283.0 ship 0
464.0 240.0 480.0 235.0 490.0 265.0 476.0 270.0 ship 0
479.0 236.0 489.0 231.0 503.0 263.0 493.0 268.0 ship 0
509.0 225.0 525.0 221.0 533.0 258.0 517.0 262.0 ship 0
528.0 218.0 544.0 217.0 547.0 247.0 533.0 248.0 ship 0
463.0 225.0 449.0 230.0 440.0 199.0 453.0 195.0 ship 0
479.0 218.0 468.0 222.0 458.0 191.0 471.0 188.0 ship 0
335.0 263.0 322.0 266.0 315.0 239.0 328.0 235.0 ship 0
282.0 280.0 269.0 285.0 255.0 254.0 268.0 248.0 ship 0
267.0 302.0 282.0 296.0 294.0 330.0 278.0 335.0 ship 0
774.0 1806.0 754.0 1723.0 1033.0 1633.0 1062.0 1711.0 harbor 0
233.0 524.0 206.0 436.0 573.0 306.0 603.0 400.0 harbor 0
278.0 680.0 256.0 594.0 619.0 466.0 645.0 557.0 harbor 0
333.0 844.0 307.0 750.0 674.0 624.0 705.0 716.0 harbor 0
487.0 1175.0 452.0 1066.0 785.0 951.0 819.0 1058.0 harbor 0
398.0 997.0 370.0 909.0 724.0 782.0 754.0 873.0 harbor 0
558.0 1410.0 520.0 1274.0 839.0 1162.0 883.0 1303.0 harbor 0
649.0 1605.0 622.0 1517.0 925.0 1407.0 953.0 1499.0 harbor 0
45.0 506.0 121.0 481.0 529.0 1640.0 430.0 1671.0 harbor 0
253.0 307.0 267.0 304.0 274.0 338.0 260.0 341.0 ship 0
83.0 343.0 77.0 324.0 137.0 305.0 143.0 325.0 ship 0
168.0 318.0 163.0 305.0 196.0 293.0 202.0 308.0 ship 0
166.0 335.0 179.0 329.0 196.0 364.0 184.0 370.0 ship 0
187.0 325.0 200.0 322.0 210.0 356.0 196.0 360.0 ship 0
201.0 323.0 215.0 319.0 229.0 356.0 215.0 361.0 ship 0
220.0 315.0 235.0 311.0 247.0 345.0 231.0 349.0 ship 0
236.0 314.0 247.0 309.0 257.0 338.0 246.0 342.0 ship 0
498.0 213.0 486.0 217.0 476.0 191.0 488.0 186.0 ship 0
574.0 366.0 591.0 361.0 604.0 400.0 588.0 406.0 ship 0
145.0 750.0 139.0 731.0 199.0 711.0 206.0 732.0 ship 0
555.0 376.0 570.0 371.0 584.0 407.0 570.0 412.0 ship 0
267.0 469.0 279.0 465.0 290.0 497.0 277.0 501.0 ship 0
242.0 473.0 259.0 467.0 276.0 517.0 258.0 523.0 ship 0
223.0 485.0 238.0 479.0 252.0 517.0 236.0 523.0 ship 0
336.0 431.0 318.0 435.0 308.0 394.0 328.0 389.0 ship 0
125.0 481.0 111.0 486.0 98.0 450.0 113.0 445.0 ship 0
109.0 487.0 96.0 492.0 83.0 456.0 96.0 452.0 ship 0
94.0 493.0 82.0 497.0 70.0 464.0 83.0 459.0 ship 0
77.0 499.0 66.0 502.0 58.0 476.0 70.0 472.0 ship 0
64.0 503.0 53.0 506.0 43.0 478.0 54.0 474.0 ship 0
50.0 508.0 36.0 513.0 25.0 483.0 39.0 478.0 ship 0
76.0 536.0 70.0 522.0 114.0 502.0 121.0 519.0 ship 0
96.0 604.0 87.0 586.0 140.0 563.0 148.0 583.0 ship 0
114.0 653.0 107.0 633.0 164.0 616.0 170.0 636.0 ship 0
18.0 660.0 37.0 657.0 45.0 705.0 26.0 708.0 ship 0
124.0 680.0 116.0 659.0 164.0 643.0 171.0 664.0 ship 0
129.0 704.0 122.0 685.0 175.0 669.0 181.0 686.0 ship 0
141.0 728.0 136.0 711.0 188.0 695.0 193.0 711.0 ship 0
285.0 462.0 301.0 455.0 315.0 491.0 300.0 497.0 ship 0
303.0 458.0 320.0 450.0 335.0 488.0 320.0 495.0 ship 0
330.0 450.0 344.0 447.0 351.0 486.0 337.0 488.0 ship 0
478.0 384.0 465.0 387.0 456.0 353.0 471.0 349.0 ship 0
540.0 360.0 527.0 365.0 516.0 335.0 531.0 329.0 ship 0
532.0 379.0 549.0 374.0 557.0 411.0 541.0 415.0 ship 0
520.0 368.0 506.0 372.0 497.0 339.0 512.0 335.0 ship 0
510.0 389.0 525.0 382.0 541.0 421.0 525.0 427.0 ship 0
491.0 396.0 506.0 389.0 519.0 425.0 505.0 431.0 ship 0
476.0 334.0 490.0 331.0 498.0 369.0 482.0 371.0 ship 0
432.0 418.0 444.0 413.0 457.0 446.0 445.0 451.0 ship 0
459.0 390.0 444.0 394.0 434.0 355.0 451.0 352.0 ship 0
349.0 441.0 363.0 436.0 375.0 468.0 362.0 473.0 ship 0
408.0 419.0 426.0 414.0 441.0 459.0 422.0 465.0 ship 0
389.0 429.0 404.0 423.0 417.0 460.0 401.0 465.0 ship 0
440.0 398.0 424.0 402.0 408.0 356.0 427.0 350.0 ship 0
421.0 402.0 403.0 407.0 391.0 367.0 408.0 361.0 ship 0
397.0 410.0 384.0 411.0 379.0 376.0 392.0 374.0 ship 0
369.0 437.0 380.0 434.0 388.0 464.0 376.0 467.0 ship 0
359.0 419.0 344.0 426.0 327.0 385.0 344.0 379.0 ship 0
316.0 435.0 301.0 439.0 291.0 404.0 307.0 400.0 ship 0
284.0 622.0 268.0 626.0 255.0 584.0 271.0 580.0 ship 0
303.0 616.0 288.0 621.0 276.0 580.0 293.0 576.0 ship 0
891.0 1502.0 874.0 1505.0 864.0 1460.0 882.0 1456.0 ship 0
622.0 1075.0 636.0 1068.0 653.0 1108.0 637.0 1115.0 ship 0
649.0 1068.0 665.0 1064.0 674.0 1110.0 659.0 1113.0 ship 0
663.0 1057.0 684.0 1050.0 705.0 1102.0 685.0 1110.0 ship 0
695.0 1050.0 711.0 1045.0 724.0 1087.0 708.0 1092.0 ship 0
714.0 1041.0 733.0 1034.0 753.0 1088.0 732.0 1096.0 ship 0
588.0 1070.0 574.0 1073.0 562.0 1032.0 576.0 1028.0 ship 0
609.0 1062.0 591.0 1069.0 575.0 1020.0 595.0 1013.0 ship 0
629.0 1053.0 616.0 1059.0 601.0 1023.0 616.0 1017.0 ship 0
649.0 1049.0 634.0 1053.0 620.0 1012.0 638.0 1007.0 ship 0
673.0 1041.0 658.0 1046.0 642.0 1003.0 657.0 998.0 ship 0
689.0 1034.0 675.0 1037.0 662.0 997.0 677.0 991.0 ship 0
711.0 1022.0 696.0 1027.0 684.0 993.0 698.0 988.0 ship 0
752.0 1007.0 736.0 1012.0 721.0 970.0 738.0 964.0 ship 0
779.0 1001.0 760.0 1009.0 741.0 961.0 759.0 955.0 ship 0
742.0 1039.0 761.0 1033.0 775.0 1075.0 757.0 1081.0 ship 0
766.0 1030.0 781.0 1025.0 797.0 1066.0 780.0 1072.0 ship 0
792.0 1019.0 807.0 1015.0 820.0 1054.0 806.0 1059.0 ship 0
597.0 1081.0 617.0 1076.0 637.0 1132.0 616.0 1138.0 ship 0
576.0 1090.0 590.0 1085.0 607.0 1132.0 590.0 1138.0 ship 0
551.0 1097.0 568.0 1092.0 582.0 1139.0 565.0 1144.0 ship 0
623.0 860.0 610.0 867.0 592.0 829.0 608.0 823.0 ship 0
669.0 866.0 685.0 860.0 699.0 896.0 683.0 902.0 ship 0
693.0 855.0 708.0 851.0 719.0 888.0 704.0 893.0 ship 0
711.0 850.0 726.0 844.0 742.0 892.0 725.0 896.0 ship 0
720.0 829.0 704.0 834.0 693.0 793.0 711.0 789.0 ship 0
684.0 840.0 668.0 847.0 655.0 812.0 672.0 805.0 ship 0
663.0 850.0 646.0 856.0 630.0 811.0 647.0 805.0 ship 0
642.0 855.0 628.0 861.0 611.0 821.0 627.0 814.0 ship 0
73.0 873.0 87.0 867.0 103.0 914.0 86.0 920.0 ship 0
525.0 1107.0 544.0 1101.0 558.0 1144.0 539.0 1150.0 ship 0
487.0 1103.0 471.0 1110.0 452.0 1063.0 469.0 1056.0 ship 0
508.0 1094.0 492.0 1099.0 475.0 1053.0 493.0 1046.0 ship 0
526.0 1089.0 513.0 1094.0 499.0 1054.0 513.0 1050.0 ship 0
548.0 1082.0 533.0 1086.0 520.0 1047.0 535.0 1042.0 ship 0
567.0 1076.0 552.0 1081.0 537.0 1039.0 553.0 1032.0 ship 0
476.0 1118.0 492.0 1113.0 512.0 1167.0 495.0 1172.0 ship 0
500.0 1114.0 517.0 1108.0 536.0 1155.0 519.0 1161.0 ship 0
943.0 1487.0 924.0 1490.0 913.0 1444.0 933.0 1440.0 ship 0
870.0 1511.0 855.0 1516.0 841.0 1475.0 859.0 1470.0 ship 0
326.0 606.0 311.0 609.0 300.0 569.0 316.0 566.0 ship 0
849.0 1516.0 829.0 1520.0 815.0 1469.0 835.0 1464.0 ship 0
1129.0 103.0 1110.0 113.0 1095.0 78.0 1112.0 70.0 small-vehicle 0
442.0 102.0 448.0 120.0 419.0 129.0 411.0 113.0 small-vehicle 1
464.0 21.0 468.0 37.0 436.0 47.0 429.0 32.0 small-vehicle 1
399.0 62.0 394.0 45.0 422.0 35.0 428.0 48.0 small-vehicle 1
365.0 72.0 356.0 57.0 386.0 45.0 391.0 62.0 small-vehicle 1
328.0 84.0 322.0 68.0 352.0 57.0 358.0 74.0 small-vehicle 1
295.0 97.0 288.0 80.0 314.0 69.0 321.0 87.0 small-vehicle 1
401.0 87.0 404.0 105.0 372.0 111.0 368.0 93.0 small-vehicle 1
550.0 66.0 554.0 81.0 525.0 90.0 521.0 74.0 small-vehicle 1
44.0 234.0 49.0 251.0 14.0 263.0 8.0 247.0 small-vehicle 1
62.0 1437.0 68.0 1458.0 30.0 1468.0 22.0 1449.0 small-vehicle 1
311.0 1356.0 309.0 1375.0 269.0 1365.0 271.0 1347.0 small-vehicle 0
34.0 759.0 52.0 755.0 69.0 796.0 50.0 802.0 ship 0
209.0 1293.0 230.0 1287.0 243.0 1323.0 221.0 1329.0 ship 0
517.0 209.0 504.0 211.0 499.0 186.0 514.0 183.0 ship 1
493.0 230.0 509.0 226.0 516.0 256.0 504.0 260.0 ship 1
450.0 408.0 462.0 405.0 470.0 439.0 458.0 440.0 ship 1
118.0 1423.0 124.0 1441.0 95.0 1450.0 91.0 1434.0 small-vehicle 0
210.0 1435.0 195.0 1441.0 184.0 1410.0 198.0 1404.0 small-vehicle 0
186.0 1343.0 171.0 1350.0 161.0 1325.0 176.0 1319.0 small-vehicle 0
161.0 195.0 166.0 211.0 136.0 222.0 131.0 206.0 small-vehicle 0
825.0 1526.0 805.0 1533.0 789.0 1480.0 809.0 1474.0 ship 0
802.0 1532.0 783.0 1537.0 766.0 1485.0 786.0 1479.0 ship 0
865.0 1725.0 858.0 1710.0 895.0 1698.0 901.0 1712.0 ship 0
920.0 1700.0 938.0 1693.0 951.0 1734.0 934.0 1740.0 ship 0
942.0 1688.0 960.0 1683.0 977.0 1733.0 959.0 1738.0 ship 0
1006.0 1661.0 1029.0 1656.0 1044.0 1711.0 1024.0 1717.0 ship 0
129.0 204.0 134.0 222.0 96.0 235.0 90.0 218.0 small-vehicle 0
195.0 184.0 198.0 199.0 171.0 210.0 164.0 195.0 small-vehicle 0
179.0 1355.0 185.0 1372.0 154.0 1384.0 147.0 1369.0 small-vehicle 0
227.0 172.0 233.0 188.0 202.0 199.0 198.0 184.0 small-vehicle 0
262.0 160.0 267.0 177.0 235.0 189.0 230.0 173.0 small-vehicle 0
272.0 179.0 264.0 163.0 299.0 149.0 305.0 164.0 small-vehicle 0
90.0 217.0 95.0 234.0 62.0 248.0 55.0 232.0 small-vehicle 0
2.0 881.0 8.0 864.0 42.0 880.0 34.0 895.0 small-vehicle 0
1.0 860.0 7.0 846.0 31.0 857.0 25.0 871.0 small-vehicle 0
96.0 1408.0 89.0 1390.0 124.0 1379.0 128.0 1395.0 small-vehicle 0
651.0 873.0 665.0 867.0 678.0 898.0 663.0 903.0 ship 0
632.0 878.0 650.0 873.0 660.0 910.0 644.0 914.0 ship 0
611.0 882.0 627.0 877.0 640.0 913.0 624.0 919.0 ship 0
590.0 888.0 606.0 882.0 622.0 928.0 606.0 933.0 ship 0
569.0 526.0 553.0 526.0 552.0 491.0 566.0 490.0 ship 0
616.0 511.0 602.0 515.0 590.0 477.0 606.0 472.0 ship 0
633.0 503.0 619.0 506.0 609.0 470.0 623.0 466.0 ship 0
606.0 532.0 621.0 527.0 633.0 562.0 617.0 567.0 ship 0
589.0 540.0 602.0 538.0 610.0 575.0 596.0 578.0 ship 0
562.0 547.0 575.0 540.0 594.0 581.0 580.0 587.0 ship 0
545.0 550.0 559.0 548.0 567.0 584.0 552.0 587.0 ship 0
523.0 558.0 538.0 554.0 550.0 593.0 534.0 598.0 ship 0
354.0 774.0 340.0 779.0 327.0 741.0 343.0 736.0 ship 0
378.0 768.0 363.0 772.0 350.0 732.0 365.0 727.0 ship 0
398.0 761.0 384.0 766.0 369.0 725.0 384.0 720.0 ship 0
325.0 802.0 340.0 796.0 357.0 839.0 341.0 844.0 ship 0
349.0 792.0 368.0 789.0 377.0 829.0 357.0 833.0 ship 0
369.0 789.0 380.0 784.0 396.0 817.0 384.0 823.0 ship 0
389.0 780.0 405.0 777.0 413.0 813.0 398.0 816.0 ship 0
408.0 774.0 422.0 769.0 438.0 808.0 423.0 813.0 ship 0
430.0 767.0 445.0 763.0 455.0 803.0 440.0 806.0 ship 0
553.0 532.0 541.0 538.0 525.0 504.0 538.0 498.0 ship 0
531.0 540.0 516.0 544.0 505.0 510.0 522.0 505.0 ship 0
512.0 543.0 499.0 550.0 482.0 517.0 494.0 511.0 ship 0
380.0 607.0 395.0 603.0 407.0 647.0 392.0 651.0 ship 0
347.0 605.0 332.0 609.0 319.0 564.0 335.0 560.0 ship 0
367.0 595.0 352.0 599.0 338.0 555.0 356.0 550.0 ship 0
271.0 639.0 289.0 633.0 305.0 679.0 287.0 685.0 ship 0
296.0 633.0 311.0 631.0 319.0 667.0 302.0 669.0 ship 0
314.0 628.0 330.0 622.0 346.0 668.0 329.0 673.0 ship 0
340.0 621.0 354.0 617.0 366.0 656.0 353.0 660.0 ship 0
358.0 614.0 373.0 609.0 386.0 650.0 371.0 654.0 ship 0
399.0 600.0 412.0 596.0 425.0 628.0 410.0 634.0 ship 0
492.0 554.0 473.0 560.0 457.0 514.0 475.0 508.0 ship 0
387.0 585.0 375.0 591.0 359.0 559.0 371.0 553.0 ship 0
408.0 581.0 393.0 585.0 380.0 545.0 397.0 540.0 ship 0
427.0 572.0 416.0 579.0 399.0 543.0 412.0 536.0 ship 0
419.0 594.0 434.0 590.0 445.0 624.0 429.0 628.0 ship 0
434.0 585.0 454.0 579.0 471.0 630.0 452.0 636.0 ship 0
459.0 578.0 476.0 572.0 493.0 616.0 475.0 622.0 ship 0
482.0 574.0 495.0 569.0 509.0 607.0 495.0 611.0 ship 0
450.0 759.0 464.0 754.0 482.0 801.0 467.0 806.0 ship 0
439.0 747.0 426.0 752.0 409.0 710.0 423.0 704.0 ship 0
461.0 740.0 445.0 746.0 429.0 706.0 447.0 700.0 ship 0
453.0 938.0 470.0 932.0 484.0 974.0 468.0 980.0 ship 0
445.0 924.0 430.0 929.0 415.0 889.0 432.0 883.0 ship 0
460.0 917.0 447.0 921.0 437.0 886.0 452.0 883.0 ship 0
484.0 911.0 468.0 916.0 452.0 874.0 470.0 867.0 ship 0
523.0 894.0 510.0 897.0 497.0 862.0 511.0 857.0 ship 0
505.0 903.0 489.0 908.0 476.0 875.0 494.0 870.0 ship 0
415.0 947.0 431.0 943.0 444.0 983.0 426.0 988.0 ship 0
433.0 946.0 448.0 939.0 465.0 979.0 448.0 986.0 ship 0
492.0 924.0 506.0 918.0 523.0 959.0 508.0 966.0 ship 0
402.0 937.0 385.0 942.0 370.0 898.0 388.0 893.0 ship 0
513.0 918.0 527.0 912.0 544.0 951.0 529.0 956.0 ship 0
545.0 889.0 528.0 895.0 512.0 851.0 530.0 845.0 ship 0
561.0 883.0 545.0 886.0 538.0 851.0 554.0 848.0 ship 0
585.0 875.0 569.0 880.0 553.0 841.0 570.0 834.0 ship 0
601.0 869.0 587.0 871.0 578.0 835.0 591.0 832.0 ship 0
552.0 903.0 566.0 897.0 582.0 941.0 569.0 945.0 ship 0
572.0 897.0 589.0 892.0 599.0 931.0 584.0 935.0 ship 0
421.0 932.0 404.0 936.0 394.0 891.0 413.0 888.0 ship 0
677.0 685.0 693.0 681.0 706.0 718.0 691.0 723.0 ship 0
480.0 733.0 467.0 739.0 452.0 703.0 465.0 698.0 ship 0
572.0 717.0 587.0 710.0 607.0 754.0 591.0 760.0 ship 0
504.0 725.0 490.0 730.0 473.0 689.0 489.0 683.0 ship 0
525.0 717.0 510.0 723.0 495.0 682.0 509.0 677.0 ship 0
542.0 712.0 527.0 717.0 512.0 675.0 529.0 669.0 ship 0
494.0 747.0 508.0 743.0 521.0 784.0 506.0 789.0 ship 0
514.0 738.0 528.0 733.0 541.0 774.0 525.0 778.0 ship 0
533.0 733.0 548.0 728.0 561.0 769.0 547.0 774.0 ship 0
553.0 724.0 569.0 720.0 582.0 762.0 566.0 767.0 ship 0
594.0 710.0 609.0 706.0 619.0 741.0 604.0 744.0 ship 0
657.0 695.0 673.0 690.0 686.0 723.0 669.0 727.0 ship 0
584.0 697.0 567.0 702.0 554.0 660.0 571.0 656.0 ship 0
626.0 686.0 608.0 691.0 596.0 652.0 614.0 646.0 ship 0
645.0 676.0 631.0 681.0 618.0 646.0 632.0 641.0 ship 0
639.0 632.0 656.0 627.0 668.0 670.0 653.0 674.0 ship 0
687.0 662.0 673.0 667.0 659.0 635.0 674.0 628.0 ship 0
615.0 707.0 627.0 699.0 644.0 729.0 632.0 737.0 ship 0
638.0 699.0 655.0 697.0 658.0 734.0 641.0 735.0 ship 0
181.0 369.0 159.0 298.0 515.0 180.0 536.0 249.0 harbor 0
