imagesource:GoogleEarth
gsd:0.140001091222
92.0 1038.0 115.0 1041.0 106.0 1078.0 85.0 1074.0 ship 1
333.0 766.0 342.0 753.0 375.0 773.0 364.0 786.0 ship 1
545.0 474.0 510.0 557.0 368.0 492.0 398.0 408.0 harbor 0
334.0 336.0 399.0 247.0 433.0 271.0 374.0 363.0 swimming-pool 0
6.0 197.0 60.0 110.0 83.0 123.0 25.0 212.0 swimming-pool 0
221.0 1052.0 114.0 1154.0 8.0 1016.0 117.0 924.0 harbor 0
306.0 945.0 247.0 1028.0 111.0 939.0 167.0 850.0 harbor 0
365.0 875.0 328.0 933.0 170.0 838.0 206.0 770.0 harbor 0
422.0 780.0 387.0 841.0 263.0 778.0 297.0 717.0 harbor 0
449.0 690.0 421.0 744.0 315.0 692.0 335.0 638.0 harbor 0
499.0 582.0 463.0 659.0 309.0 588.0 345.0 510.0 harbor 0
476.0 26.0 495.0 36.0 471.0 76.0 455.0 67.0 ship 0
646.0 148.0 637.0 162.0 580.0 125.0 587.0 111.0 ship 0
574.0 105.0 568.0 117.0 534.0 99.0 541.0 86.0 ship 0
558.0 125.0 553.0 141.0 513.0 123.0 519.0 108.0 ship 0
609.0 163.0 600.0 179.0 559.0 153.0 568.0 137.0 ship 0
546.0 496.0 532.0 529.0 419.0 475.0 432.0 442.0 ship 0
370.0 653.0 376.0 638.0 415.0 656.0 408.0 672.0 ship 0
376.0 706.0 382.0 689.0 425.0 710.0 418.0 728.0 ship 0
383.0 858.0 371.0 878.0 299.0 839.0 310.0 817.0 ship 0
341.0 880.0 326.0 904.0 238.0 850.0 253.0 822.0 ship 0
294.0 909.0 286.0 924.0 248.0 900.0 257.0 885.0 ship 0
207.0 1021.0 204.0 1038.0 154.0 1028.0 158.0 1008.0 ship 0
116.0 1084.0 119.0 1067.0 164.0 1076.0 159.0 1095.0 ship 0
35.0 1070.0 48.0 1054.0 84.0 1087.0 72.0 1105.0 ship 0
316.0 370.0 357.0 391.0 322.0 457.0 285.0 440.0 swimming-pool 0
560.0 183.0 574.0 194.0 551.0 226.0 538.0 218.0 swimming-pool 0
644.0 229.0 636.0 243.0 608.0 227.0 614.0 212.0 swimming-pool 0
407.0 598.0 413.0 583.0 447.0 597.0 440.0 611.0 ship 1
499.0 30.0 707.0 156.0 613.0 322.0 397.0 185.0 harbor 0
