imagesource:GoogleEarth
gsd:0.131070505953
789.0 399.0 806.0 412.0 781.0 449.0 763.0 436.0 ship 0
890.0 384.0 922.0 400.0 862.0 508.0 830.0 489.0 ship 0
791.0 282.0 830.0 307.0 748.0 428.0 713.0 402.0 ship 0
692.0 394.0 660.0 373.0 720.0 272.0 757.0 296.0 ship 0
682.0 259.0 710.0 278.0 647.0 373.0 620.0 354.0 ship 0
579.0 174.0 611.0 197.0 544.0 300.0 514.0 276.0 ship 0
514.0 198.0 530.0 208.0 507.0 253.0 490.0 244.0 ship 0
463.0 243.0 439.0 223.0 492.0 148.0 517.0 165.0 ship 0
432.0 209.0 412.0 197.0 435.0 153.0 457.0 164.0 ship 0
380.0 231.0 345.0 208.0 401.0 104.0 439.0 126.0 ship 0
357.0 139.0 339.0 128.0 364.0 81.0 384.0 94.0 ship 0
295.0 118.0 277.0 110.0 294.0 69.0 313.0 77.0 ship 0
1381.0 688.0 1448.0 730.0 1356.0 884.0 1290.0 838.0 harbor 0
1476.0 742.0 1561.0 793.0 1464.0 955.0 1376.0 895.0 harbor 0
1256.0 614.0 1346.0 670.0 1259.0 820.0 1176.0 770.0 harbor 0
1087.0 510.0 1243.0 615.0 1148.0 760.0 1002.0 666.0 harbor 0
935.0 416.0 998.0 459.0 912.0 611.0 848.0 568.0 harbor 0
851.0 368.0 915.0 408.0 830.0 566.0 763.0 522.0 harbor 0
773.0 317.0 841.0 360.0 741.0 523.0 675.0 482.0 harbor 0
612.0 227.0 755.0 312.0 662.0 464.0 523.0 379.0 harbor 0
526.0 175.0 558.0 194.0 475.0 348.0 444.0 328.0 harbor 0
456.0 131.0 518.0 174.0 419.0 326.0 360.0 284.0 harbor 0
378.0 88.0 436.0 122.0 341.0 274.0 286.0 240.0 harbor 0
806.0 406.0 791.0 396.0 815.0 354.0 832.0 364.0 ship 0
918.0 522.0 899.0 509.0 927.0 462.0 946.0 475.0 ship 0
929.0 550.0 913.0 540.0 934.0 504.0 949.0 514.0 ship 0
984.0 514.0 968.0 503.0 992.0 460.0 1010.0 469.0 ship 0
427.0 136.0 427.0 119.0 457.0 122.0 457.0 139.0 ship 0
971.0 721.0 996.0 688.0 1044.0 720.0 1022.0 757.0 swimming-pool 0
702.0 766.0 708.0 754.0 735.0 769.0 729.0 781.0 small-vehicle 1
139.0 591.0 124.0 584.0 138.0 552.0 152.0 556.0 small-vehicle 1
997.0 1080.0 982.0 1089.0 962.0 1060.0 978.0 1050.0 small-vehicle 1
872.0 953.0 884.0 944.0 910.0 971.0 897.0 981.0 small-vehicle 1
52.0 781.0 33.0 772.0 53.0 728.0 72.0 736.0 small-vehicle 1
110.0 746.0 92.0 739.0 108.0 701.0 126.0 708.0 small-vehicle 1
128.0 705.0 107.0 694.0 127.0 658.0 146.0 667.0 small-vehicle 1
298.0 578.0 288.0 596.0 257.0 579.0 266.0 562.0 small-vehicle 1
189.0 562.0 170.0 563.0 171.0 524.0 191.0 523.0 small-vehicle 1
869.0 868.0 879.0 852.0 912.0 875.0 903.0 890.0 small-vehicle 0
785.0 819.0 794.0 804.0 830.0 826.0 821.0 840.0 small-vehicle 0
109.0 466.0 100.0 481.0 67.0 464.0 75.0 448.0 small-vehicle 0
662.0 724.0 656.0 739.0 629.0 724.0 636.0 708.0 small-vehicle 0
489.0 701.0 479.0 716.0 445.0 691.0 457.0 675.0 small-vehicle 0
372.0 573.0 382.0 556.0 419.0 579.0 409.0 596.0 small-vehicle 0
1491.0 866.0 1472.0 856.0 1496.0 807.0 1516.0 818.0 ship 0
1260.0 781.0 1225.0 760.0 1293.0 629.0 1332.0 649.0 ship 0
1219.0 704.0 1202.0 689.0 1232.0 648.0 1250.0 663.0 ship 0
951.0 576.0 932.0 562.0 960.0 515.0 978.0 529.0 ship 0
324.0 54.0 342.0 65.0 267.0 210.0 243.0 197.0 harbor 0
