imagesource:GoogleEarth
gsd:0.13345946888
927.0 995.0 914.0 987.0 934.0 958.0 945.0 964.0 small-vehicle 0
638.0 815.0 627.0 831.0 489.0 739.0 500.0 723.0 large-vehicle 0
652.0 927.0 640.0 943.0 505.0 850.0 517.0 834.0 large-vehicle 0
666.0 969.0 653.0 988.0 516.0 893.0 528.0 873.0 large-vehicle 0
695.0 1056.0 682.0 1074.0 546.0 978.0 559.0 959.0 large-vehicle 0
718.0 1139.0 704.0 1157.0 569.0 1063.0 582.0 1045.0 large-vehicle 0
715.0 1167.0 703.0 1184.0 566.0 1092.0 580.0 1073.0 large-vehicle 0
718.0 1202.0 707.0 1220.0 640.0 1178.0 652.0 1160.0 large-vehicle 0
726.0 1244.0 714.0 1262.0 571.0 1166.0 585.0 1146.0 large-vehicle 0
767.0 1407.0 756.0 1422.0 615.0 1329.0 628.0 1309.0 large-vehicle 0
301.0 1321.0 307.0 1341.0 149.0 1389.0 143.0 1368.0 large-vehicle 0
468.0 1316.0 478.0 1301.0 618.0 1386.0 606.0 1404.0 large-vehicle 0
472.0 1282.0 485.0 1266.0 621.0 1354.0 610.0 1370.0 large-vehicle 0
407.0 1034.0 418.0 1019.0 557.0 1111.0 544.0 1129.0 large-vehicle 0
243.0 1063.0 247.0 1082.0 86.0 1118.0 82.0 1099.0 large-vehicle 0
251.0 1087.0 256.0 1107.0 95.0 1147.0 89.0 1127.0 large-vehicle 0
256.0 1139.0 263.0 1161.0 105.0 1204.0 98.0 1181.0 large-vehicle 0
638.0 848.0 628.0 865.0 490.0 775.0 503.0 759.0 large-vehicle 0
610.0 763.0 598.0 779.0 464.0 689.0 477.0 672.0 large-vehicle 0
505.0 908.0 492.0 926.0 354.0 832.0 368.0 813.0 large-vehicle 0
597.0 717.0 585.0 735.0 450.0 643.0 461.0 625.0 large-vehicle 0
500.0 212.0 488.0 231.0 350.0 141.0 363.0 120.0 large-vehicle 0
494.0 242.0 482.0 258.0 345.0 168.0 355.0 151.0 large-vehicle 0
371.0 222.0 382.0 206.0 519.0 296.0 505.0 312.0 large-vehicle 0
652.0 192.0 634.0 181.0 714.0 42.0 734.0 54.0 large-vehicle 0
558.0 452.0 546.0 472.0 404.0 377.0 418.0 359.0 large-vehicle 0
478.0 166.0 467.0 181.0 329.0 92.0 341.0 76.0 large-vehicle 0
515.0 329.0 503.0 346.0 378.0 258.0 389.0 241.0 large-vehicle 0
379.0 294.0 390.0 278.0 530.0 370.0 518.0 390.0 large-vehicle 0
530.0 405.0 520.0 421.0 382.0 330.0 393.0 313.0 large-vehicle 0
555.0 491.0 543.0 507.0 405.0 413.0 417.0 397.0 large-vehicle 0
562.0 527.0 554.0 543.0 421.0 456.0 431.0 439.0 large-vehicle 0
566.0 566.0 556.0 581.0 425.0 492.0 436.0 477.0 large-vehicle 0
590.0 617.0 577.0 632.0 443.0 539.0 454.0 524.0 large-vehicle 0
589.0 648.0 577.0 663.0 439.0 570.0 452.0 553.0 large-vehicle 0
599.0 688.0 587.0 704.0 453.0 612.0 463.0 595.0 large-vehicle 0
385.0 923.0 398.0 905.0 541.0 1000.0 528.0 1019.0 large-vehicle 0
333.0 750.0 345.0 731.0 480.0 821.0 465.0 841.0 large-vehicle 0
899.0 1010.0 910.0 1017.0 893.0 1047.0 882.0 1041.0 small-vehicle 0
763.0 614.0 747.0 605.0 829.0 462.0 848.0 472.0 large-vehicle 0
843.0 548.0 858.0 556.0 776.0 703.0 757.0 692.0 large-vehicle 0
791.0 738.0 773.0 727.0 854.0 584.0 872.0 595.0 large-vehicle 0
794.0 778.0 778.0 768.0 860.0 627.0 878.0 638.0 large-vehicle 0
799.0 833.0 782.0 822.0 868.0 679.0 885.0 691.0 large-vehicle 0
815.0 854.0 801.0 843.0 882.0 706.0 899.0 717.0 large-vehicle 0
823.0 898.0 805.0 889.0 891.0 744.0 907.0 754.0 large-vehicle 0
842.0 918.0 826.0 906.0 901.0 785.0 918.0 796.0 large-vehicle 0
839.0 984.0 823.0 973.0 911.0 829.0 928.0 840.0 large-vehicle 0
867.0 1047.0 852.0 1036.0 932.0 898.0 949.0 910.0 large-vehicle 0
886.0 1229.0 870.0 1219.0 955.0 1082.0 972.0 1094.0 large-vehicle 0
713.0 866.0 732.0 864.0 767.0 1025.0 746.0 1031.0 large-vehicle 0
925.0 1332.0 909.0 1324.0 993.0 1176.0 1009.0 1187.0 large-vehicle 0
297.0 556.0 310.0 541.0 446.0 634.0 435.0 651.0 large-vehicle 0
852.0 1083.0 863.0 1091.0 844.0 1120.0 833.0 1113.0 small-vehicle 0
870.0 1085.0 856.0 1076.0 877.0 1045.0 887.0 1053.0 small-vehicle 0
762.0 670.0 747.0 662.0 828.0 515.0 846.0 526.0 large-vehicle 0
748.0 586.0 732.0 574.0 812.0 434.0 830.0 445.0 large-vehicle 0
305.0 631.0 316.0 616.0 454.0 708.0 443.0 725.0 large-vehicle 0
747.0 530.0 731.0 522.0 813.0 374.0 832.0 384.0 large-vehicle 0
311.0 600.0 322.0 585.0 396.0 632.0 383.0 649.0 large-vehicle 0
432.0 592.0 422.0 607.0 308.0 533.0 320.0 517.0 large-vehicle 0
239.0 350.0 252.0 335.0 390.0 429.0 378.0 445.0 large-vehicle 0
232.0 312.0 244.0 293.0 378.0 383.0 367.0 401.0 large-vehicle 0
184.0 179.0 194.0 165.0 334.0 257.0 324.0 274.0 large-vehicle 0
179.0 107.0 192.0 90.0 333.0 183.0 321.0 201.0 large-vehicle 0
173.0 74.0 185.0 55.0 325.0 143.0 312.0 162.0 large-vehicle 0
683.0 196.0 665.0 185.0 752.0 38.0 768.0 48.0 large-vehicle 0
682.0 258.0 663.0 247.0 750.0 100.0 767.0 111.0 large-vehicle 0
698.0 285.0 681.0 274.0 760.0 129.0 777.0 140.0 large-vehicle 0
709.0 321.0 694.0 312.0 772.0 165.0 791.0 176.0 large-vehicle 0
714.0 371.0 696.0 360.0 778.0 216.0 797.0 227.0 large-vehicle 0
734.0 389.0 717.0 379.0 785.0 258.0 802.0 267.0 large-vehicle 0
715.0 476.0 699.0 466.0 782.0 325.0 801.0 336.0 large-vehicle 0
745.0 478.0 729.0 469.0 812.0 326.0 831.0 337.0 large-vehicle 0
459.0 119.0 444.0 137.0 309.0 46.0 323.0 27.0 large-vehicle 0
