imagesource:GoogleEarth
gsd:0.130808291846
2032.0 141.0 2004.0 133.0 2026.0 79.0 2056.0 91.0 ship 1
1012.0 805.0 995.0 790.0 1027.0 747.0 1045.0 761.0 ship 0
753.0 549.0 793.0 576.0 721.0 680.0 683.0 652.0 ship 0
718.0 489.0 734.0 500.0 712.0 532.0 695.0 522.0 ship 0
676.0 459.0 709.0 480.0 618.0 612.0 588.0 591.0 ship 0
583.0 480.0 601.0 491.0 565.0 544.0 549.0 533.0 ship 0
571.0 361.0 610.0 384.0 515.0 542.0 468.0 514.0 ship 0
346.0 348.0 357.0 332.0 402.0 361.0 391.0 380.0 ship 0
201.0 356.0 227.0 320.0 423.0 460.0 400.0 495.0 ship 0
2005.0 55.0 2066.0 98.0 1992.0 212.0 1927.0 167.0 harbor 0
1930.0 2.0 1991.0 38.0 1909.0 157.0 1852.0 112.0 harbor 0
1875.0 1332.0 1815.0 1327.0 1821.0 1161.0 1879.0 1164.0 harbor 0
1702.0 1309.0 1607.0 1277.0 1668.0 1092.0 1759.0 1131.0 harbor 0
1447.0 1215.0 1365.0 1160.0 1506.0 951.0 1583.0 1009.0 harbor 0
1349.0 1142.0 1280.0 1096.0 1411.0 888.0 1489.0 937.0 harbor 0
1238.0 1058.0 1179.0 1016.0 1307.0 812.0 1371.0 853.0 harbor 0
1117.0 985.0 1070.0 952.0 1214.0 748.0 1256.0 780.0 harbor 0
1074.0 925.0 991.0 869.0 1103.0 700.0 1185.0 758.0 harbor 0
971.0 841.0 868.0 763.0 991.0 614.0 1089.0 682.0 harbor 0
814.0 760.0 651.0 636.0 773.0 459.0 934.0 562.0 harbor 0
631.0 620.0 572.0 580.0 691.0 407.0 747.0 452.0 harbor 0
548.0 545.0 472.0 490.0 599.0 309.0 671.0 355.0 harbor 0
420.0 458.0 271.0 349.0 374.0 207.0 525.0 307.0 harbor 0
991.0 665.0 1026.0 686.0 942.0 824.0 906.0 798.0 ship 0
1028.0 877.0 1013.0 864.0 1041.0 822.0 1058.0 834.0 ship 0
1970.0 91.0 1953.0 78.0 1977.0 46.0 1992.0 56.0 ship 1
1069.0 833.0 1086.0 843.0 1062.0 883.0 1045.0 871.0 ship 0
231.0 158.0 249.0 151.0 272.0 195.0 253.0 205.0 ship 1
1227.0 958.0 1245.0 966.0 1231.0 1010.0 1206.0 1004.0 ship 1
914.0 754.0 894.0 745.0 918.0 707.0 936.0 715.0 ship 1
612.0 431.0 629.0 438.0 612.0 477.0 593.0 470.0 ship 1
431.0 348.0 418.0 359.0 391.0 336.0 402.0 325.0 ship 1
2033.0 375.0 1980.0 444.0 2096.0 535.0 2138.0 471.0 swimming-pool 0
1963.0 294.0 2008.0 326.0 1980.0 371.0 1935.0 342.0 swimming-pool 0
1850.0 149.0 1899.0 180.0 1856.0 253.0 1803.0 225.0 swimming-pool 0
1898.0 699.0 1899.0 681.0 1940.0 681.0 1940.0 701.0 small-vehicle 0
1999.0 704.0 1999.0 686.0 2042.0 689.0 2040.0 706.0 small-vehicle 0
2047.0 708.0 2046.0 691.0 2095.0 690.0 2096.0 710.0 small-vehicle 0
1760.0 569.0 1751.0 582.0 1721.0 560.0 1729.0 545.0 small-vehicle 0
1184.0 203.0 1194.0 188.0 1233.0 213.0 1224.0 227.0 small-vehicle 0
916.0 47.0 908.0 64.0 868.0 40.0 878.0 23.0 small-vehicle 0
1137.0 176.0 1148.0 159.0 1185.0 186.0 1177.0 201.0 large-vehicle 0
2074.0 113.0 2135.0 156.0 2053.0 285.0 1995.0 250.0 harbor 0
1972.0 1308.0 1945.0 1307.0 1950.0 1168.0 1978.0 1172.0 harbor 0
1782.0 1187.0 1820.0 1189.0 1814.0 1332.0 1775.0 1329.0 ship 0
1679.0 1288.0 1661.0 1281.0 1673.0 1234.0 1692.0 1239.0 ship 0
1168.0 941.0 1153.0 928.0 1182.0 888.0 1197.0 900.0 ship 0
1114.0 934.0 1097.0 922.0 1122.0 880.0 1142.0 890.0 ship 0
229.0 280.0 135.0 62.0 245.0 13.0 332.0 234.0 harbor 0
