imagesource:GoogleEarth
gsd:0.252008372347
3181.0 107.0 3191.0 109.0 3189.0 129.0 3181.0 129.0 small-vehicle 1
1837.0 491.0 1836.0 510.0 1780.0 508.0 1781.0 491.0 ship 0
1839.0 475.0 1838.0 489.0 1795.0 486.0 1795.0 473.0 ship 0
1848.0 464.0 1848.0 451.0 1897.0 453.0 1896.0 468.0 ship 0
1785.0 465.0 1786.0 448.0 1836.0 451.0 1835.0 469.0 ship 0
1903.0 430.0 1903.0 447.0 1854.0 446.0 1855.0 430.0 ship 0
1839.0 432.0 1838.0 447.0 1797.0 443.0 1798.0 428.0 ship 0
1903.0 411.0 1902.0 425.0 1856.0 424.0 1856.0 409.0 ship 0
1842.0 411.0 1842.0 427.0 1799.0 425.0 1799.0 411.0 ship 0
1852.0 400.0 1852.0 386.0 1904.0 389.0 1903.0 405.0 ship 0
1844.0 390.0 1843.0 408.0 1793.0 408.0 1793.0 390.0 ship 0
1900.0 366.0 1900.0 383.0 1856.0 382.0 1857.0 366.0 ship 0
1843.0 372.0 1842.0 387.0 1797.0 386.0 1797.0 370.0 ship 0
1854.0 362.0 1855.0 345.0 1902.0 348.0 1902.0 364.0 ship 0
1841.0 355.0 1841.0 369.0 1802.0 367.0 1803.0 353.0 ship 0
1855.0 337.0 1856.0 324.0 1902.0 326.0 1902.0 341.0 ship 0
1793.0 349.0 1794.0 336.0 1837.0 336.0 1835.0 350.0 ship 0
1845.0 320.0 1845.0 331.0 1816.0 329.0 1817.0 316.0 ship 0
1852.0 318.0 1853.0 302.0 1894.0 304.0 1894.0 320.0 ship 0
1834.0 300.0 1834.0 311.0 1807.0 310.0 1808.0 299.0 ship 0
1872.0 297.0 1873.0 286.0 1901.0 288.0 1900.0 299.0 ship 0
1868.0 278.0 1869.0 265.0 1899.0 267.0 1898.0 280.0 ship 0
1836.0 283.0 1835.0 295.0 1807.0 293.0 1808.0 280.0 ship 0
1975.0 306.0 1976.0 288.0 2035.0 291.0 2033.0 309.0 ship 0
2029.0 314.0 2028.0 329.0 1987.0 328.0 1987.0 313.0 ship 0
2031.0 336.0 2030.0 352.0 1978.0 349.0 1979.0 332.0 ship 0
1974.0 374.0 1974.0 357.0 2030.0 359.0 2029.0 378.0 ship 0
1976.0 395.0 1977.0 379.0 2028.0 382.0 2027.0 400.0 ship 0
1974.0 420.0 1975.0 404.0 2028.0 406.0 2028.0 423.0 ship 0
2031.0 430.0 2030.0 446.0 1981.0 443.0 1982.0 428.0 ship 0
1970.0 468.0 1971.0 450.0 2026.0 453.0 2026.0 472.0 ship 0
1846.0 487.0 1847.0 471.0 1897.0 473.0 1895.0 491.0 ship 0
1848.0 508.0 1849.0 493.0 1892.0 496.0 1892.0 511.0 ship 0
3145.0 203.0 3136.0 201.0 3138.0 182.0 3147.0 183.0 small-vehicle 1
1835.0 515.0 1835.0 531.0 1785.0 530.0 1785.0 513.0 ship 0
1620.0 448.0 1621.0 431.0 1674.0 435.0 1672.0 452.0 ship 0
1726.0 436.0 1726.0 451.0 1682.0 448.0 1682.0 435.0 ship 0
1738.0 416.0 1737.0 434.0 1686.0 431.0 1686.0 416.0 ship 0
1618.0 426.0 1619.0 409.0 1673.0 412.0 1672.0 428.0 ship 0
1735.0 398.0 1734.0 412.0 1688.0 411.0 1688.0 397.0 ship 0
1620.0 403.0 1621.0 387.0 1674.0 393.0 1672.0 409.0 ship 0
1616.0 383.0 1617.0 366.0 1673.0 369.0 1673.0 386.0 ship 0
1686.0 373.0 1686.0 356.0 1735.0 358.0 1735.0 374.0 ship 0
1680.0 347.0 1679.0 363.0 1629.0 361.0 1630.0 345.0 ship 0
1686.0 352.0 1687.0 336.0 1736.0 340.0 1736.0 357.0 ship 0
1688.0 333.0 1688.0 317.0 1739.0 320.0 1738.0 337.0 ship 0
1622.0 339.0 1623.0 323.0 1676.0 326.0 1674.0 343.0 ship 0
1625.0 317.0 1627.0 301.0 1677.0 305.0 1675.0 323.0 ship 0
1701.0 311.0 1702.0 301.0 1728.0 300.0 1728.0 311.0 ship 0
1699.0 293.0 1700.0 282.0 1731.0 284.0 1731.0 295.0 ship 0
1628.0 298.0 1627.0 281.0 1676.0 282.0 1676.0 298.0 ship 0
1625.0 275.0 1627.0 257.0 1676.0 261.0 1673.0 278.0 ship 0
1906.0 707.0 1886.0 707.0 1887.0 642.0 1908.0 643.0 ship 0
1880.0 692.0 1861.0 691.0 1863.0 634.0 1882.0 634.0 ship 0
1837.0 639.0 1856.0 643.0 1843.0 712.0 1822.0 706.0 ship 0
1795.0 633.0 1816.0 633.0 1814.0 714.0 1791.0 713.0 ship 0
1840.0 615.0 1841.0 600.0 1896.0 603.0 1894.0 618.0 ship 0
1834.0 599.0 1833.0 617.0 1785.0 613.0 1786.0 597.0 ship 0
1844.0 592.0 1846.0 579.0 1895.0 585.0 1893.0 599.0 ship 0
1843.0 572.0 1844.0 557.0 1894.0 561.0 1894.0 577.0 ship 0
1836.0 556.0 1835.0 574.0 1784.0 572.0 1785.0 555.0 ship 0
1903.0 539.0 1902.0 556.0 1848.0 554.0 1850.0 535.0 ship 0
1786.0 550.0 1787.0 534.0 1834.0 536.0 1833.0 553.0 ship 0
1847.0 530.0 1848.0 511.0 1899.0 516.0 1898.0 533.0 ship 0
1969.0 491.0 1971.0 473.0 2026.0 477.0 2026.0 496.0 ship 0
1966.0 516.0 1968.0 495.0 2024.0 500.0 2023.0 519.0 ship 0
2027.0 525.0 2026.0 539.0 1976.0 536.0 1977.0 521.0 ship 0
1966.0 563.0 1966.0 545.0 2023.0 547.0 2022.0 566.0 ship 0
2962.0 757.0 2961.0 778.0 2888.0 778.0 2888.0 755.0 ship 0
2932.0 751.0 2932.0 739.0 2976.0 740.0 2975.0 753.0 ship 0
2934.0 733.0 2933.0 722.0 2973.0 723.0 2973.0 734.0 ship 0
2970.0 707.0 2970.0 717.0 2940.0 717.0 2940.0 706.0 ship 0
2917.0 706.0 2917.0 716.0 2892.0 715.0 2892.0 706.0 ship 0
2916.0 720.0 2916.0 730.0 2892.0 730.0 2892.0 721.0 ship 0
2920.0 741.0 2919.0 751.0 2885.0 750.0 2885.0 740.0 ship 0
2807.0 699.0 2829.0 698.0 2828.0 758.0 2807.0 756.0 ship 0
2787.0 754.0 2768.0 752.0 2773.0 675.0 2793.0 678.0 ship 0
2746.0 676.0 2766.0 676.0 2764.0 753.0 2743.0 752.0 ship 0
2648.0 760.0 2650.0 744.0 2692.0 748.0 2690.0 765.0 ship 0
2653.0 740.0 2653.0 725.0 2696.0 725.0 2695.0 742.0 ship 0
2696.0 709.0 2695.0 724.0 2653.0 723.0 2652.0 708.0 ship 0
2660.0 683.0 2661.0 668.0 2700.0 671.0 2699.0 687.0 ship 0
2633.0 708.0 2632.0 718.0 2608.0 716.0 2609.0 705.0 ship 0
2645.0 726.0 2645.0 739.0 2599.0 738.0 2600.0 724.0 ship 0
2592.0 764.0 2593.0 746.0 2642.0 746.0 2641.0 764.0 ship 0
2483.0 759.0 2484.0 740.0 2549.0 745.0 2547.0 763.0 ship 0
2554.0 720.0 2554.0 736.0 2504.0 732.0 2506.0 718.0 ship 0
2499.0 718.0 2499.0 734.0 2458.0 733.0 2458.0 716.0 ship 0
2495.0 703.0 2494.0 714.0 2466.0 711.0 2466.0 701.0 ship 0
2522.0 695.0 2525.0 687.0 2546.0 692.0 2543.0 701.0 ship 0
2513.0 677.0 2514.0 662.0 2559.0 668.0 2558.0 682.0 ship 0
2503.0 664.0 2502.0 678.0 2455.0 675.0 2455.0 662.0 ship 0
2499.0 685.0 2497.0 699.0 2461.0 696.0 2463.0 681.0 ship 0
2359.0 727.0 2360.0 715.0 2401.0 718.0 2401.0 730.0 ship 0
2359.0 711.0 2360.0 698.0 2404.0 700.0 2403.0 713.0 ship 0
2364.0 691.0 2365.0 680.0 2391.0 681.0 2391.0 692.0 ship 0
2360.0 672.0 2361.0 660.0 2402.0 662.0 2401.0 674.0 ship 0
3067.0 726.0 3066.0 737.0 3037.0 736.0 3037.0 725.0 ship 0
3067.0 714.0 3066.0 722.0 3041.0 719.0 3042.0 711.0 ship 0
3088.0 721.0 3087.0 712.0 3114.0 713.0 3113.0 722.0 ship 0
2047.0 477.0 2048.0 464.0 2084.0 466.0 2083.0 480.0 ship 0
2023.0 572.0 2022.0 588.0 1970.0 586.0 1970.0 570.0 ship 0
2025.0 594.0 2024.0 612.0 1968.0 611.0 1968.0 591.0 ship 0
2023.0 618.0 2023.0 635.0 1966.0 634.0 1965.0 617.0 ship 0
1961.0 654.0 1962.0 637.0 2021.0 643.0 2020.0 661.0 ship 0
2041.0 586.0 2042.0 567.0 2100.0 570.0 2099.0 589.0 ship 0
1999.0 663.0 2020.0 663.0 2018.0 727.0 1998.0 727.0 ship 0
2024.0 666.0 2042.0 668.0 2040.0 723.0 2022.0 722.0 ship 0
2078.0 735.0 2057.0 734.0 2057.0 669.0 2079.0 670.0 ship 0
2083.0 652.0 2095.0 652.0 2093.0 683.0 2082.0 681.0 ship 0
2097.0 745.0 2080.0 744.0 2080.0 703.0 2097.0 704.0 ship 0
2042.0 559.0 2044.0 540.0 2100.0 543.0 2099.0 564.0 ship 0
2044.0 532.0 2045.0 515.0 2105.0 518.0 2102.0 536.0 ship 0
2042.0 504.0 2043.0 486.0 2107.0 489.0 2106.0 506.0 ship 0
2139.0 331.0 2156.0 332.0 2156.0 380.0 2139.0 380.0 ship 0
3086.0 736.0 3086.0 727.0 3113.0 728.0 3112.0 737.0 ship 0
2189.0 385.0 2170.0 384.0 2170.0 319.0 2190.0 319.0 ship 0
2182.0 467.0 2163.0 465.0 2167.0 389.0 2186.0 390.0 ship 0
2135.0 380.0 2151.0 379.0 2153.0 434.0 2137.0 434.0 ship 0
2198.0 508.0 2197.0 523.0 2160.0 521.0 2160.0 506.0 ship 0
2195.0 531.0 2195.0 547.0 2154.0 544.0 2156.0 528.0 ship 0
2197.0 558.0 2197.0 574.0 2151.0 573.0 2152.0 557.0 ship 0
2150.0 595.0 2151.0 583.0 2186.0 585.0 2185.0 596.0 ship 0
2216.0 653.0 2216.0 670.0 2157.0 672.0 2155.0 656.0 ship 0
2213.0 691.0 2212.0 710.0 2154.0 708.0 2156.0 689.0 ship 0
2203.0 730.0 2202.0 748.0 2140.0 746.0 2140.0 728.0 ship 0
2337.0 753.0 2338.0 735.0 2394.0 737.0 2394.0 755.0 ship 0
3033.0 780.0 3032.0 761.0 3103.0 763.0 3102.0 782.0 ship 0
3084.0 753.0 3084.0 744.0 3111.0 745.0 3111.0 755.0 ship 0
1675.0 456.0 1674.0 474.0 1624.0 471.0 1624.0 453.0 ship 0
1695.0 465.0 1695.0 456.0 1720.0 456.0 1718.0 467.0 ship 0
1738.0 474.0 1735.0 492.0 1685.0 489.0 1685.0 472.0 ship 0
1370.0 480.0 1370.0 468.0 1404.0 469.0 1404.0 481.0 ship 0
647.0 668.0 639.0 668.0 640.0 647.0 649.0 648.0 ship 0
669.0 669.0 659.0 668.0 660.0 646.0 670.0 646.0 ship 0
681.0 670.0 672.0 669.0 672.0 643.0 681.0 644.0 ship 0
697.0 670.0 686.0 670.0 685.0 648.0 696.0 648.0 ship 0
721.0 671.0 711.0 670.0 711.0 648.0 720.0 649.0 ship 0
745.0 677.0 735.0 675.0 739.0 651.0 749.0 653.0 ship 0
887.0 681.0 876.0 680.0 877.0 657.0 887.0 658.0 ship 0
901.0 676.0 892.0 674.0 893.0 653.0 902.0 654.0 ship 0
911.0 677.0 902.0 676.0 903.0 653.0 913.0 654.0 ship 0
925.0 677.0 916.0 677.0 917.0 654.0 926.0 655.0 ship 0
953.0 678.0 941.0 677.0 942.0 653.0 954.0 654.0 ship 0
986.0 678.0 974.0 678.0 977.0 651.0 988.0 652.0 ship 0
1035.0 681.0 1026.0 680.0 1027.0 652.0 1038.0 653.0 ship 0
1047.0 680.0 1038.0 679.0 1040.0 657.0 1048.0 658.0 ship 0
1052.0 659.0 1062.0 659.0 1061.0 686.0 1051.0 686.0 ship 0
1224.0 697.0 1223.0 687.0 1249.0 681.0 1251.0 692.0 ship 0
1211.0 673.0 1211.0 663.0 1239.0 664.0 1238.0 675.0 ship 0
1263.0 669.0 1273.0 670.0 1269.0 691.0 1260.0 689.0 ship 0
1278.0 631.0 1295.0 632.0 1293.0 700.0 1275.0 699.0 ship 0
1300.0 632.0 1319.0 631.0 1316.0 696.0 1299.0 695.0 ship 0
1268.0 693.0 1272.0 624.0 1381.0 628.0 1378.0 698.0 harbor 0
1342.0 705.0 1323.0 704.0 1327.0 637.0 1345.0 638.0 ship 0
1370.0 705.0 1349.0 704.0 1352.0 639.0 1372.0 641.0 ship 0
1360.0 626.0 1360.0 614.0 1399.0 616.0 1397.0 628.0 ship 0
1363.0 607.0 1364.0 595.0 1400.0 596.0 1399.0 610.0 ship 0
1363.0 587.0 1364.0 575.0 1400.0 577.0 1400.0 590.0 ship 0
1371.0 568.0 1372.0 558.0 1399.0 559.0 1398.0 570.0 ship 0
1400.0 542.0 1400.0 552.0 1370.0 551.0 1370.0 542.0 ship 0
1374.0 514.0 1374.0 506.0 1397.0 506.0 1396.0 515.0 ship 0
646.0 674.0 645.0 683.0 620.0 682.0 620.0 672.0 ship 0
636.0 667.0 627.0 666.0 629.0 645.0 638.0 646.0 ship 0
611.0 667.0 602.0 666.0 604.0 642.0 614.0 642.0 ship 0
118.0 168.0 164.0 169.0 161.0 266.0 114.0 264.0 tennis-court 0
741.0 679.0 568.0 674.0 571.0 602.0 746.0 608.0 harbor 0
1054.0 687.0 885.0 680.0 890.0 605.0 1062.0 610.0 harbor 0
1366.0 263.0 1414.0 267.0 1398.0 623.0 1353.0 620.0 harbor 0
1550.0 704.0 1450.0 699.0 1475.0 234.0 1565.0 236.0 harbor 0
1717.0 710.0 1618.0 708.0 1627.0 252.0 1734.0 256.0 harbor 0
1889.0 719.0 1783.0 715.0 1803.0 271.0 1903.0 275.0 harbor 0
1985.0 291.0 2038.0 294.0 2021.0 665.0 1969.0 663.0 harbor 0
2111.0 731.0 1965.0 723.0 1970.0 659.0 2112.0 669.0 harbor 0
2395.0 743.0 2308.0 734.0 2316.0 635.0 2400.0 638.0 harbor 0
2541.0 752.0 2455.0 750.0 2463.0 653.0 2547.0 656.0 harbor 0
2594.0 420.0 2599.0 392.0 2654.0 399.0 2649.0 427.0 swimming-pool 0
2694.0 766.0 2603.0 756.0 2607.0 658.0 2697.0 659.0 harbor 0
2969.0 771.0 2889.0 769.0 2886.0 694.0 2971.0 694.0 harbor 0
3116.0 765.0 3033.0 762.0 3034.0 706.0 3117.0 710.0 harbor 0
598.0 666.0 589.0 666.0 589.0 640.0 599.0 641.0 ship 0
273.0 655.0 262.0 654.0 261.0 628.0 274.0 628.0 ship 0
309.0 657.0 298.0 656.0 298.0 629.0 311.0 630.0 ship 0
323.0 657.0 313.0 656.0 314.0 633.0 325.0 633.0 ship 0
334.0 657.0 326.0 656.0 327.0 635.0 335.0 635.0 ship 0
355.0 657.0 347.0 657.0 348.0 630.0 357.0 631.0 ship 0
367.0 658.0 357.0 658.0 356.0 636.0 367.0 637.0 ship 0
381.0 659.0 373.0 659.0 372.0 634.0 382.0 634.0 ship 0
393.0 659.0 383.0 659.0 384.0 637.0 393.0 638.0 ship 0
407.0 660.0 397.0 659.0 397.0 631.0 407.0 631.0 ship 0
418.0 660.0 409.0 659.0 409.0 635.0 420.0 635.0 ship 0
433.0 671.0 423.0 670.0 424.0 643.0 434.0 644.0 ship 0
572.0 672.0 559.0 671.0 561.0 645.0 574.0 646.0 ship 0
587.0 666.0 577.0 665.0 578.0 643.0 588.0 643.0 ship 0
1368.0 497.0 1369.0 484.0 1410.0 487.0 1408.0 503.0 ship 0
1369.0 461.0 1369.0 450.0 1408.0 453.0 1407.0 465.0 ship 0
1674.0 477.0 1674.0 494.0 1625.0 493.0 1626.0 476.0 ship 0
1374.0 440.0 1375.0 431.0 1399.0 432.0 1398.0 441.0 ship 0
1503.0 530.0 1502.0 542.0 1466.0 539.0 1466.0 528.0 ship 0
1569.0 552.0 1569.0 568.0 1518.0 569.0 1518.0 552.0 ship 0
1505.0 550.0 1504.0 564.0 1463.0 563.0 1464.0 549.0 ship 0
1510.0 586.0 1510.0 571.0 1554.0 572.0 1553.0 588.0 ship 0
1502.0 573.0 1502.0 587.0 1461.0 583.0 1462.0 569.0 ship 0
1503.0 590.0 1502.0 606.0 1458.0 604.0 1460.0 587.0 ship 0
1508.0 625.0 1508.0 609.0 1562.0 611.0 1562.0 629.0 ship 0
1455.0 624.0 1456.0 610.0 1500.0 611.0 1499.0 626.0 ship 0
1561.0 634.0 1560.0 648.0 1512.0 647.0 1512.0 632.0 ship 0
1456.0 643.0 1457.0 629.0 1496.0 630.0 1495.0 644.0 ship 0
1468.0 654.0 1482.0 654.0 1481.0 708.0 1465.0 707.0 ship 0
1491.0 656.0 1505.0 657.0 1500.0 708.0 1486.0 706.0 ship 0
1508.0 655.0 1527.0 655.0 1526.0 712.0 1508.0 711.0 ship 0
1532.0 666.0 1544.0 665.0 1546.0 707.0 1535.0 707.0 ship 0
1630.0 639.0 1650.0 639.0 1648.0 708.0 1630.0 707.0 ship 0
1657.0 634.0 1677.0 633.0 1676.0 715.0 1654.0 714.0 ship 0
1687.0 637.0 1706.0 638.0 1703.0 708.0 1682.0 707.0 ship 0
1728.0 615.0 1726.0 633.0 1678.0 630.0 1679.0 612.0 ship 0
1677.0 609.0 1677.0 591.0 1725.0 592.0 1725.0 611.0 ship 0
1727.0 573.0 1727.0 589.0 1681.0 586.0 1682.0 570.0 ship 0
1729.0 555.0 1728.0 568.0 1682.0 565.0 1683.0 552.0 ship 0
1666.0 611.0 1665.0 628.0 1618.0 627.0 1619.0 610.0 ship 0
1667.0 587.0 1667.0 605.0 1620.0 603.0 1621.0 586.0 ship 0
1667.0 564.0 1666.0 581.0 1617.0 581.0 1617.0 564.0 ship 0
1672.0 542.0 1671.0 561.0 1618.0 558.0 1619.0 541.0 ship 0
1619.0 535.0 1619.0 518.0 1664.0 521.0 1663.0 538.0 ship 0
1679.0 526.0 1680.0 513.0 1722.0 514.0 1721.0 529.0 ship 0
1673.0 500.0 1672.0 517.0 1622.0 516.0 1622.0 498.0 ship 0
1680.0 508.0 1681.0 492.0 1726.0 493.0 1725.0 511.0 ship 0
1505.0 507.0 1505.0 523.0 1468.0 522.0 1467.0 507.0 ship 0
1514.0 527.0 1515.0 513.0 1554.0 515.0 1554.0 528.0 ship 0
1462.0 500.0 1462.0 485.0 1502.0 487.0 1501.0 503.0 ship 0
1521.0 294.0 1521.0 279.0 1561.0 280.0 1561.0 296.0 ship 0
1375.0 425.0 1376.0 414.0 1404.0 415.0 1403.0 427.0 ship 0
1409.0 395.0 1408.0 409.0 1373.0 408.0 1374.0 394.0 ship 0
1375.0 384.0 1376.0 375.0 1402.0 376.0 1401.0 387.0 ship 0
1378.0 367.0 1379.0 357.0 1400.0 359.0 1399.0 369.0 ship 0
1372.0 351.0 1373.0 340.0 1408.0 341.0 1407.0 353.0 ship 0
1371.0 335.0 1372.0 321.0 1416.0 323.0 1415.0 338.0 ship 0
1377.0 314.0 1378.0 303.0 1406.0 305.0 1404.0 316.0 ship 0
1380.0 281.0 1381.0 269.0 1408.0 271.0 1408.0 282.0 ship 0
1415.0 255.0 1414.0 266.0 1392.0 265.0 1392.0 255.0 ship 0
1576.0 221.0 1575.0 240.0 1525.0 237.0 1526.0 219.0 ship 0
1468.0 235.0 1470.0 220.0 1516.0 222.0 1515.0 238.0 ship 0
1524.0 274.0 1524.0 262.0 1567.0 263.0 1567.0 276.0 ship 0
1460.0 275.0 1461.0 257.0 1509.0 260.0 1508.0 278.0 ship 0
1514.0 280.0 1514.0 298.0 1469.0 295.0 1469.0 278.0 ship 0
1514.0 507.0 1515.0 493.0 1562.0 495.0 1561.0 510.0 ship 0
1521.0 315.0 1522.0 298.0 1562.0 300.0 1560.0 317.0 ship 0
1512.0 303.0 1512.0 319.0 1473.0 316.0 1474.0 302.0 ship 0
1460.0 335.0 1460.0 322.0 1507.0 323.0 1508.0 336.0 ship 0
1520.0 352.0 1521.0 339.0 1566.0 340.0 1564.0 354.0 ship 0
1520.0 374.0 1519.0 358.0 1566.0 359.0 1565.0 376.0 ship 0
1519.0 391.0 1520.0 377.0 1565.0 379.0 1565.0 394.0 ship 0
1510.0 384.0 1509.0 399.0 1469.0 397.0 1471.0 382.0 ship 0
1462.0 417.0 1462.0 402.0 1508.0 405.0 1506.0 421.0 ship 0
1517.0 450.0 1517.0 438.0 1562.0 438.0 1562.0 452.0 ship 0
1508.0 426.0 1508.0 441.0 1466.0 439.0 1466.0 424.0 ship 0
1505.0 449.0 1505.0 460.0 1472.0 460.0 1472.0 448.0 ship 0
1514.0 468.0 1514.0 454.0 1558.0 456.0 1558.0 470.0 ship 0
1505.0 465.0 1505.0 482.0 1463.0 481.0 1463.0 464.0 ship 0
2346.0 638.0 2345.0 650.0 2315.0 647.0 2316.0 636.0 ship 0
2350.0 652.0 2350.0 662.0 2319.0 664.0 2319.0 653.0 ship 0
2351.0 673.0 2350.0 689.0 2306.0 685.0 2307.0 670.0 ship 0
3127.0 119.0 3116.0 119.0 3116.0 99.0 3125.0 98.0 small-vehicle 1
2766.0 127.0 2756.0 122.0 2764.0 105.0 2772.0 109.0 small-vehicle 1
2824.0 151.0 2815.0 148.0 2820.0 129.0 2830.0 133.0 small-vehicle 1
2837.0 113.0 2831.0 121.0 2814.0 113.0 2817.0 104.0 small-vehicle 1
2795.0 138.0 2786.0 136.0 2793.0 117.0 2801.0 119.0 small-vehicle 1
2855.0 161.0 2845.0 157.0 2851.0 134.0 2860.0 136.0 small-vehicle 1
2862.0 138.0 2871.0 140.0 2867.0 160.0 2857.0 158.0 small-vehicle 1
2917.0 176.0 2908.0 175.0 2913.0 148.0 2922.0 150.0 small-vehicle 1
2927.0 178.0 2917.0 176.0 2926.0 154.0 2933.0 156.0 small-vehicle 1
2902.0 96.0 2911.0 99.0 2908.0 119.0 2900.0 118.0 small-vehicle 1
2921.0 103.0 2932.0 104.0 2931.0 124.0 2920.0 124.0 small-vehicle 1
2947.0 105.0 2957.0 108.0 2952.0 128.0 2943.0 126.0 small-vehicle 1
2961.0 110.0 2967.0 110.0 2968.0 130.0 2961.0 129.0 small-vehicle 1
2979.0 115.0 2989.0 113.0 2992.0 133.0 2982.0 135.0 small-vehicle 1
2901.0 148.0 2908.0 150.0 2906.0 170.0 2898.0 169.0 small-vehicle 1
2890.0 146.0 2900.0 150.0 2896.0 169.0 2887.0 167.0 small-vehicle 1
2966.0 162.0 2974.0 162.0 2973.0 182.0 2963.0 182.0 small-vehicle 1
2984.0 187.0 2973.0 186.0 2976.0 164.0 2984.0 165.0 small-vehicle 1
2992.0 188.0 2983.0 187.0 2986.0 165.0 2996.0 166.0 small-vehicle 1
3005.0 189.0 2996.0 188.0 2999.0 168.0 3008.0 171.0 small-vehicle 1
2757.0 34.0 2760.0 24.0 2776.0 29.0 2775.0 37.0 small-vehicle 1
2757.0 22.0 2758.0 13.0 2776.0 19.0 2776.0 25.0 small-vehicle 1
2761.0 12.0 2764.0 5.0 2779.0 11.0 2778.0 18.0 small-vehicle 1
3060.0 43.0 3070.0 44.0 3070.0 62.0 3061.0 63.0 small-vehicle 1
3064.0 119.0 3073.0 120.0 3072.0 139.0 3063.0 139.0 small-vehicle 1
3076.0 121.0 3083.0 121.0 3081.0 140.0 3074.0 139.0 small-vehicle 1
3085.0 123.0 3091.0 124.0 3090.0 142.0 3082.0 141.0 small-vehicle 1
3093.0 125.0 3103.0 127.0 3102.0 145.0 3092.0 144.0 small-vehicle 1
3096.0 119.0 3086.0 119.0 3086.0 98.0 3096.0 99.0 small-vehicle 1
3107.0 117.0 3097.0 118.0 3098.0 97.0 3107.0 98.0 small-vehicle 1
2756.0 122.0 2746.0 119.0 2754.0 97.0 2761.0 102.0 small-vehicle 1
2729.0 111.0 2720.0 106.0 2727.0 86.0 2736.0 91.0 small-vehicle 1
3170.0 269.0 3169.0 281.0 3147.0 278.0 3150.0 265.0 small-vehicle 1
2589.0 288.0 2599.0 289.0 2597.0 309.0 2588.0 309.0 small-vehicle 1
2128.0 377.0 2127.0 387.0 2104.0 384.0 2105.0 376.0 small-vehicle 1
2126.0 387.0 2125.0 397.0 2103.0 395.0 2105.0 386.0 small-vehicle 1
2114.0 417.0 2106.0 420.0 2103.0 398.0 2110.0 398.0 small-vehicle 1
2128.0 365.0 2128.0 375.0 2108.0 373.0 2107.0 364.0 small-vehicle 1
2561.0 122.0 2569.0 107.0 2612.0 134.0 2607.0 144.0 large-vehicle 0
2419.0 174.0 2428.0 174.0 2428.0 194.0 2419.0 193.0 small-vehicle 1
2498.0 183.0 2507.0 185.0 2506.0 202.0 2496.0 202.0 small-vehicle 1
2507.0 187.0 2515.0 187.0 2513.0 205.0 2505.0 204.0 small-vehicle 1
2445.0 160.0 2447.0 150.0 2466.0 152.0 2466.0 162.0 small-vehicle 1
2654.0 194.0 2664.0 198.0 2655.0 218.0 2646.0 213.0 small-vehicle 1
2580.0 255.0 2589.0 256.0 2589.0 274.0 2579.0 274.0 small-vehicle 1
2591.0 255.0 2601.0 256.0 2598.0 276.0 2588.0 276.0 small-vehicle 1
2599.0 288.0 2609.0 289.0 2608.0 309.0 2599.0 308.0 small-vehicle 1
2577.0 286.0 2587.0 287.0 2586.0 309.0 2576.0 307.0 small-vehicle 1
2879.0 438.0 2886.0 433.0 2899.0 450.0 2893.0 456.0 small-vehicle 1
2740.0 261.0 2738.0 270.0 2719.0 268.0 2719.0 258.0 small-vehicle 1
2735.0 273.0 2734.0 281.0 2714.0 280.0 2714.0 271.0 small-vehicle 1
2704.0 280.0 2703.0 291.0 2683.0 288.0 2684.0 276.0 small-vehicle 1
2706.0 315.0 2706.0 328.0 2682.0 325.0 2683.0 313.0 small-vehicle 1
2751.0 282.0 2741.0 279.0 2746.0 258.0 2755.0 259.0 small-vehicle 1
2763.0 282.0 2752.0 281.0 2754.0 258.0 2762.0 259.0 small-vehicle 1
2790.0 268.0 2789.0 277.0 2771.0 274.0 2772.0 265.0 small-vehicle 1
2895.0 247.0 2893.0 257.0 2868.0 249.0 2871.0 239.0 small-vehicle 1
2672.0 372.0 2661.0 371.0 2663.0 351.0 2673.0 352.0 small-vehicle 1
2615.0 368.0 2606.0 367.0 2606.0 349.0 2615.0 349.0 small-vehicle 1
2604.0 365.0 2594.0 364.0 2595.0 343.0 2606.0 345.0 small-vehicle 1
2596.0 366.0 2585.0 365.0 2587.0 342.0 2595.0 344.0 small-vehicle 1
2582.0 365.0 2572.0 364.0 2572.0 343.0 2583.0 341.0 small-vehicle 1
3116.0 118.0 3106.0 118.0 3106.0 97.0 3114.0 97.0 small-vehicle 1
3149.0 125.0 3137.0 124.0 3140.0 104.0 3149.0 105.0 small-vehicle 1
2128.0 343.0 2128.0 351.0 2109.0 350.0 2109.0 341.0 small-vehicle 1
3104.0 125.0 3115.0 125.0 3113.0 145.0 3103.0 145.0 small-vehicle 1
3227.0 62.0 3237.0 62.0 3237.0 83.0 3226.0 82.0 small-vehicle 1
492.0 775.0 492.0 762.0 520.0 762.0 520.0 776.0 ship 0
1001.0 651.0 1012.0 652.0 1010.0 677.0 999.0 677.0 ship 0
1012.0 656.0 1021.0 657.0 1021.0 678.0 1010.0 676.0 ship 0
2186.0 674.0 2184.0 685.0 2156.0 686.0 2156.0 672.0 ship 0
2190.0 687.0 2191.0 677.0 2208.0 676.0 2209.0 689.0 ship 0
2632.0 692.0 2632.0 702.0 2610.0 702.0 2612.0 689.0 ship 0
1375.0 298.0 1378.0 286.0 1410.0 287.0 1409.0 299.0 ship 1
1660.0 243.0 1659.0 256.0 1637.0 255.0 1638.0 242.0 ship 1
496.0 164.0 506.0 165.0 506.0 186.0 496.0 186.0 small-vehicle 1
813.0 119.0 822.0 120.0 823.0 139.0 814.0 140.0 small-vehicle 1
839.0 117.0 850.0 118.0 849.0 136.0 840.0 136.0 small-vehicle 1
839.0 136.0 849.0 137.0 849.0 155.0 840.0 156.0 small-vehicle 1
208.0 373.0 199.0 374.0 199.0 351.0 208.0 350.0 small-vehicle 1
1082.0 418.0 1084.0 409.0 1103.0 410.0 1102.0 418.0 small-vehicle 1
1374.0 246.0 1365.0 251.0 1351.0 236.0 1360.0 229.0 small-vehicle 1
1385.0 231.0 1378.0 237.0 1367.0 223.0 1373.0 217.0 small-vehicle 1
1347.0 287.0 1348.0 296.0 1324.0 296.0 1325.0 286.0 small-vehicle 1
1353.0 256.0 1346.0 261.0 1335.0 243.0 1344.0 239.0 small-vehicle 1
1343.0 435.0 1343.0 445.0 1320.0 445.0 1322.0 434.0 small-vehicle 1
1987.0 127.0 1988.0 117.0 2011.0 121.0 2009.0 129.0 small-vehicle 1
2104.0 357.0 2106.0 347.0 2130.0 352.0 2128.0 362.0 small-vehicle 1
2045.0 690.0 2054.0 691.0 2054.0 719.0 2044.0 721.0 ship 0
2457.0 750.0 2458.0 738.0 2483.0 738.0 2483.0 751.0 ship 0
2666.0 703.0 2667.0 693.0 2689.0 695.0 2690.0 705.0 ship 0
2877.0 760.0 2886.0 756.0 2891.0 774.0 2881.0 777.0 ship 0
2776.0 129.0 2766.0 126.0 2774.0 105.0 2783.0 108.0 small-vehicle 1
3125.0 199.0 3116.0 199.0 3117.0 178.0 3126.0 178.0 small-vehicle 1
3136.0 200.0 3126.0 199.0 3127.0 178.0 3137.0 178.0 small-vehicle 1
3215.0 61.0 3224.0 59.0 3224.0 81.0 3214.0 81.0 small-vehicle 1
3202.0 59.0 3212.0 60.0 3211.0 79.0 3201.0 79.0 small-vehicle 1
3182.0 59.0 3191.0 58.0 3191.0 78.0 3181.0 78.0 small-vehicle 1
3168.0 207.0 3157.0 206.0 3158.0 185.0 3166.0 186.0 small-vehicle 1
3117.0 124.0 3126.0 126.0 3125.0 144.0 3116.0 146.0 small-vehicle 1
3128.0 124.0 3135.0 125.0 3136.0 145.0 3126.0 144.0 small-vehicle 1
3136.0 126.0 3143.0 126.0 3144.0 145.0 3134.0 145.0 small-vehicle 1
3148.0 128.0 3158.0 130.0 3155.0 149.0 3146.0 148.0 small-vehicle 1
3171.0 128.0 3160.0 128.0 3161.0 106.0 3168.0 106.0 small-vehicle 1
3127.0 51.0 3136.0 52.0 3136.0 74.0 3127.0 73.0 small-vehicle 1
3146.0 72.0 3136.0 72.0 3138.0 50.0 3147.0 50.0 small-vehicle 1
3149.0 52.0 3158.0 54.0 3156.0 73.0 3148.0 74.0 small-vehicle 1
3160.0 52.0 3171.0 56.0 3167.0 74.0 3156.0 74.0 small-vehicle 1
3094.0 198.0 3085.0 198.0 3087.0 177.0 3094.0 177.0 small-vehicle 1
3106.0 202.0 3096.0 200.0 3095.0 179.0 3104.0 180.0 small-vehicle 1
3116.0 200.0 3108.0 199.0 3107.0 178.0 3115.0 178.0 small-vehicle 1
3156.0 206.0 3146.0 205.0 3147.0 184.0 3156.0 184.0 small-vehicle 1
3168.0 185.0 3178.0 185.0 3177.0 207.0 3168.0 206.0 small-vehicle 1
3169.0 55.0 3179.0 57.0 3176.0 78.0 3167.0 76.0 small-vehicle 1
3188.0 207.0 3177.0 205.0 3180.0 186.0 3190.0 188.0 small-vehicle 1
3221.0 210.0 3211.0 209.0 3214.0 190.0 3223.0 191.0 small-vehicle 1
3201.0 190.0 3210.0 190.0 3209.0 210.0 3200.0 209.0 small-vehicle 1
3242.0 217.0 3231.0 218.0 3229.0 193.0 3241.0 192.0 small-vehicle 1
3168.0 130.0 3176.0 131.0 3177.0 150.0 3166.0 150.0 small-vehicle 1
3170.0 108.0 3179.0 109.0 3179.0 127.0 3170.0 128.0 small-vehicle 1
3192.0 108.0 3200.0 110.0 3200.0 130.0 3192.0 131.0 small-vehicle 1
3190.0 137.0 3197.0 137.0 3197.0 155.0 3188.0 154.0 small-vehicle 1
3198.0 136.0 3209.0 136.0 3208.0 155.0 3200.0 154.0 small-vehicle 1
3210.0 137.0 3218.0 136.0 3218.0 157.0 3210.0 156.0 small-vehicle 1
3232.0 138.0 3242.0 139.0 3238.0 158.0 3230.0 157.0 small-vehicle 1
3232.0 135.0 3221.0 135.0 3225.0 113.0 3234.0 116.0 small-vehicle 1
3220.0 133.0 3210.0 131.0 3214.0 114.0 3222.0 115.0 small-vehicle 1
2082.0 371.0 2081.0 383.0 2053.0 381.0 2052.0 371.0 small-vehicle 1
2062.0 339.0 2062.0 330.0 2081.0 332.0 2079.0 340.0 small-vehicle 1
2350.0 693.0 2349.0 708.0 2303.0 706.0 2305.0 690.0 ship 0
1282.0 315.0 1282.0 304.0 1300.0 305.0 1300.0 315.0 small-vehicle 1
1121.0 199.0 1133.0 196.0 1133.0 218.0 1124.0 219.0 small-vehicle 1
1117.0 266.0 1126.0 265.0 1130.0 285.0 1123.0 287.0 small-vehicle 1
859.0 411.0 859.0 399.0 879.0 399.0 880.0 411.0 small-vehicle 1
890.0 411.0 892.0 400.0 913.0 404.0 911.0 413.0 small-vehicle 1
916.0 414.0 916.0 402.0 940.0 405.0 938.0 414.0 small-vehicle 1
939.0 414.0 940.0 402.0 964.0 405.0 962.0 413.0 small-vehicle 1
1032.0 418.0 1032.0 409.0 1049.0 409.0 1050.0 418.0 small-vehicle 1
1054.0 418.0 1054.0 409.0 1075.0 411.0 1072.0 420.0 small-vehicle 1
522.0 413.0 520.0 424.0 496.0 422.0 496.0 412.0 small-vehicle 1
810.0 425.0 810.0 434.0 788.0 433.0 790.0 423.0 small-vehicle 1
897.0 424.0 898.0 434.0 872.0 434.0 872.0 426.0 small-vehicle 1
1540.0 76.0 1541.0 65.0 1560.0 69.0 1558.0 77.0 small-vehicle 1
1613.0 83.0 1614.0 73.0 1637.0 76.0 1635.0 86.0 small-vehicle 1
1660.0 91.0 1661.0 81.0 1681.0 82.0 1681.0 92.0 small-vehicle 1
1656.0 105.0 1656.0 114.0 1631.0 112.0 1632.0 102.0 small-vehicle 1
1613.0 112.0 1612.0 122.0 1587.0 119.0 1587.0 110.0 small-vehicle 1
1729.0 127.0 1728.0 137.0 1705.0 135.0 1707.0 125.0 small-vehicle 1
1715.0 96.0 1713.0 84.0 1738.0 88.0 1738.0 99.0 small-vehicle 1
1689.0 54.0 1699.0 54.0 1698.0 75.0 1688.0 73.0 small-vehicle 1
1700.0 53.0 1709.0 55.0 1709.0 77.0 1699.0 75.0 small-vehicle 1
1286.0 194.0 1288.0 184.0 1306.0 184.0 1306.0 194.0 small-vehicle 1
1287.0 205.0 1286.0 195.0 1305.0 196.0 1306.0 205.0 small-vehicle 1
1288.0 215.0 1288.0 205.0 1306.0 207.0 1305.0 216.0 small-vehicle 1
1287.0 225.0 1288.0 216.0 1307.0 218.0 1307.0 226.0 small-vehicle 1
1285.0 236.0 1287.0 227.0 1304.0 227.0 1305.0 236.0 small-vehicle 1
1284.0 250.0 1285.0 239.0 1304.0 241.0 1303.0 249.0 small-vehicle 1
1284.0 260.0 1283.0 249.0 1302.0 249.0 1300.0 262.0 small-vehicle 1
1283.0 269.0 1282.0 260.0 1302.0 261.0 1302.0 271.0 small-vehicle 1
1282.0 279.0 1283.0 270.0 1301.0 272.0 1302.0 280.0 small-vehicle 1
1116.0 60.0 1116.0 68.0 1090.0 67.0 1090.0 57.0 small-vehicle 1
1110.0 28.0 1110.0 16.0 1141.0 20.0 1140.0 33.0 small-vehicle 1
1049.0 19.0 1052.0 7.0 1076.0 13.0 1073.0 23.0 small-vehicle 1
829.0 216.0 818.0 215.0 821.0 190.0 830.0 190.0 small-vehicle 0
2351.0 714.0 2350.0 727.0 2311.0 724.0 2313.0 710.0 ship 0
98.0 33.0 108.0 16.0 141.0 35.0 129.0 53.0 swimming-pool 0
72.0 238.0 79.0 243.0 70.0 259.0 63.0 253.0 small-vehicle 0
76.0 268.0 70.0 261.0 81.0 244.0 87.0 251.0 small-vehicle 0
87.0 255.0 94.0 260.0 83.0 274.0 78.0 267.0 small-vehicle 0
182.0 198.0 190.0 199.0 187.0 219.0 179.0 219.0 small-vehicle 0
179.0 224.0 189.0 224.0 187.0 244.0 179.0 244.0 small-vehicle 0
187.0 269.0 179.0 270.0 178.0 250.0 187.0 250.0 small-vehicle 0
175.0 304.0 186.0 302.0 187.0 321.0 178.0 323.0 small-vehicle 0
177.0 277.0 186.0 276.0 187.0 297.0 176.0 299.0 small-vehicle 0
173.0 327.0 183.0 327.0 184.0 349.0 173.0 348.0 small-vehicle 0
190.0 48.0 201.0 48.0 200.0 68.0 191.0 69.0 small-vehicle 0
850.0 76.0 839.0 77.0 838.0 52.0 848.0 52.0 small-vehicle 0
289.0 387.0 289.0 377.0 309.0 380.0 308.0 389.0 small-vehicle 0
802.0 337.0 815.0 337.0 815.0 361.0 805.0 361.0 small-vehicle 1
396.0 391.0 395.0 383.0 413.0 383.0 413.0 390.0 small-vehicle 0
241.0 385.0 241.0 376.0 263.0 378.0 264.0 386.0 small-vehicle 0
264.0 387.0 265.0 377.0 286.0 378.0 286.0 388.0 small-vehicle 0
419.0 391.0 419.0 382.0 443.0 385.0 440.0 395.0 small-vehicle 0
554.0 399.0 552.0 388.0 577.0 389.0 577.0 399.0 small-vehicle 0
189.0 87.0 199.0 87.0 200.0 106.0 189.0 106.0 small-vehicle 1
187.0 113.0 198.0 114.0 196.0 133.0 187.0 134.0 small-vehicle 1
183.0 149.0 191.0 149.0 192.0 168.0 184.0 169.0 small-vehicle 1
190.0 2.0 201.0 2.0 200.0 27.0 190.0 27.0 small-vehicle 1
527.0 396.0 529.0 385.0 549.0 388.0 547.0 398.0 small-vehicle 1
592.0 400.0 591.0 390.0 609.0 391.0 610.0 399.0 small-vehicle 1
612.0 401.0 612.0 392.0 628.0 394.0 627.0 402.0 small-vehicle 1
708.0 404.0 707.0 395.0 730.0 397.0 730.0 405.0 small-vehicle 1
1281.0 292.0 1282.0 281.0 1300.0 282.0 1300.0 293.0 small-vehicle 1
1329.0 227.0 1336.0 232.0 1325.0 250.0 1317.0 243.0 small-vehicle 1
2061.0 302.0 2061.0 292.0 2082.0 294.0 2083.0 304.0 small-vehicle 1
1346.0 183.0 1355.0 178.0 1368.0 194.0 1360.0 200.0 small-vehicle 1
1665.0 215.0 1654.0 217.0 1657.0 193.0 1665.0 193.0 small-vehicle 1
1712.0 198.0 1721.0 200.0 1719.0 222.0 1710.0 221.0 small-vehicle 1
1732.0 224.0 1723.0 223.0 1725.0 203.0 1733.0 205.0 small-vehicle 1
1744.0 226.0 1735.0 224.0 1735.0 205.0 1743.0 205.0 small-vehicle 1
1745.0 203.0 1755.0 205.0 1753.0 226.0 1744.0 227.0 small-vehicle 1
1764.0 228.0 1753.0 226.0 1757.0 205.0 1765.0 206.0 small-vehicle 1
1766.0 203.0 1778.0 205.0 1774.0 228.0 1763.0 228.0 small-vehicle 1
1787.0 232.0 1774.0 230.0 1777.0 209.0 1787.0 211.0 small-vehicle 1
1795.0 235.0 1786.0 232.0 1789.0 211.0 1799.0 212.0 small-vehicle 1
1807.0 233.0 1798.0 232.0 1801.0 214.0 1808.0 215.0 small-vehicle 1
1819.0 236.0 1810.0 235.0 1809.0 213.0 1820.0 213.0 small-vehicle 1
1829.0 239.0 1818.0 237.0 1821.0 217.0 1831.0 217.0 small-vehicle 1
1941.0 211.0 1941.0 222.0 1920.0 220.0 1920.0 209.0 small-vehicle 1
1981.0 217.0 1976.0 226.0 1955.0 221.0 1955.0 211.0 small-vehicle 1
1910.0 241.0 1901.0 239.0 1901.0 220.0 1910.0 221.0 small-vehicle 1
1921.0 244.0 1909.0 242.0 1913.0 222.0 1923.0 224.0 small-vehicle 1
1932.0 249.0 1922.0 246.0 1923.0 224.0 1933.0 225.0 small-vehicle 1
1975.0 255.0 1965.0 254.0 1967.0 230.0 1977.0 230.0 small-vehicle 1
1956.0 152.0 1954.0 165.0 1930.0 159.0 1932.0 147.0 small-vehicle 1
1981.0 155.0 1981.0 165.0 1959.0 162.0 1961.0 151.0 small-vehicle 1
2018.0 159.0 2013.0 173.0 1991.0 168.0 1994.0 154.0 small-vehicle 1
2041.0 164.0 2038.0 175.0 2017.0 171.0 2020.0 158.0 small-vehicle 1
2085.0 165.0 2082.0 176.0 2061.0 174.0 2064.0 161.0 small-vehicle 1
2056.0 185.0 2067.0 187.0 2063.0 207.0 2054.0 207.0 small-vehicle 1
2065.0 188.0 2077.0 189.0 2075.0 211.0 2066.0 209.0 small-vehicle 1
2077.0 188.0 2087.0 188.0 2084.0 210.0 2074.0 209.0 small-vehicle 1
2088.0 189.0 2096.0 189.0 2097.0 211.0 2086.0 210.0 small-vehicle 1
2126.0 306.0 2114.0 307.0 2112.0 281.0 2121.0 280.0 small-vehicle 1
2060.0 287.0 2060.0 276.0 2082.0 278.0 2082.0 287.0 small-vehicle 1
1654.0 216.0 1643.0 215.0 1646.0 192.0 1656.0 192.0 small-vehicle 1
1633.0 212.0 1622.0 210.0 1624.0 187.0 1634.0 186.0 small-vehicle 1
1621.0 210.0 1610.0 209.0 1612.0 185.0 1622.0 187.0 small-vehicle 1
1275.0 497.0 1275.0 488.0 1297.0 489.0 1296.0 499.0 small-vehicle 1
1324.0 327.0 1324.0 317.0 1349.0 318.0 1348.0 328.0 small-vehicle 1
1326.0 341.0 1325.0 330.0 1350.0 330.0 1350.0 342.0 small-vehicle 1
1323.0 373.0 1323.0 363.0 1350.0 363.0 1351.0 373.0 small-vehicle 1
1330.0 383.0 1330.0 372.0 1352.0 375.0 1352.0 385.0 small-vehicle 1
1278.0 358.0 1278.0 347.0 1298.0 349.0 1297.0 358.0 small-vehicle 1
1278.0 377.0 1280.0 367.0 1301.0 372.0 1300.0 382.0 small-vehicle 1
1277.0 394.0 1277.0 382.0 1306.0 385.0 1304.0 396.0 small-vehicle 1
1276.0 412.0 1276.0 400.0 1300.0 402.0 1301.0 413.0 small-vehicle 1
1300.0 414.0 1302.0 425.0 1277.0 423.0 1277.0 415.0 small-vehicle 1
1348.0 392.0 1348.0 402.0 1326.0 401.0 1325.0 392.0 small-vehicle 1
1351.0 413.0 1351.0 424.0 1324.0 424.0 1323.0 413.0 small-vehicle 1
1277.0 475.0 1277.0 466.0 1295.0 467.0 1297.0 476.0 small-vehicle 1
1275.0 486.0 1276.0 477.0 1297.0 478.0 1298.0 488.0 small-vehicle 1
1292.0 533.0 1290.0 544.0 1271.0 543.0 1273.0 531.0 small-vehicle 1
1609.0 210.0 1600.0 208.0 1602.0 187.0 1612.0 187.0 small-vehicle 1
1320.0 532.0 1320.0 522.0 1345.0 525.0 1344.0 534.0 small-vehicle 1
1278.0 455.0 1277.0 445.0 1296.0 446.0 1296.0 455.0 small-vehicle 1
1777.0 104.0 1777.0 92.0 1797.0 96.0 1795.0 105.0 small-vehicle 1
1870.0 115.0 1869.0 104.0 1890.0 107.0 1889.0 117.0 small-vehicle 1
1463.0 192.0 1452.0 192.0 1454.0 170.0 1465.0 171.0 small-vehicle 1
1472.0 195.0 1462.0 193.0 1465.0 175.0 1475.0 176.0 small-vehicle 1
1481.0 197.0 1472.0 197.0 1474.0 176.0 1483.0 177.0 small-vehicle 1
1498.0 198.0 1488.0 197.0 1490.0 178.0 1501.0 178.0 small-vehicle 1
1554.0 203.0 1545.0 202.0 1550.0 180.0 1556.0 180.0 small-vehicle 1
1566.0 204.0 1557.0 204.0 1559.0 183.0 1567.0 183.0 small-vehicle 1
1577.0 206.0 1568.0 204.0 1568.0 185.0 1577.0 185.0 small-vehicle 1
1588.0 206.0 1577.0 206.0 1577.0 184.0 1589.0 186.0 small-vehicle 1
1599.0 209.0 1590.0 207.0 1591.0 185.0 1601.0 185.0 small-vehicle 1
434.0 667.0 253.0 661.0 256.0 582.0 434.0 586.0 harbor 0
