imagesource:GoogleEarth
gsd:0.262135385293
1274.0 1026.0 1274.0 1034.0 1254.0 1032.0 1254.0 1023.0 small-vehicle 1
172.0 280.0 166.0 296.0 115.0 276.0 121.0 262.0 ship 0
197.0 622.0 212.0 631.0 182.0 685.0 164.0 676.0 ship 0
183.0 602.0 199.0 615.0 151.0 666.0 135.0 649.0 ship 0
134.0 632.0 127.0 625.0 146.0 606.0 154.0 613.0 ship 0
146.0 568.0 160.0 581.0 112.0 629.0 97.0 616.0 ship 0
76.0 554.0 74.0 545.0 95.0 539.0 97.0 549.0 ship 0
144.0 546.0 152.0 563.0 86.0 594.0 77.0 576.0 ship 0
65.0 512.0 64.0 502.0 99.0 498.0 101.0 510.0 ship 0
126.0 452.0 124.0 470.0 54.0 466.0 56.0 447.0 ship 0
89.0 391.0 92.0 383.0 113.0 392.0 111.0 399.0 ship 0
169.0 202.0 167.0 210.0 141.0 204.0 143.0 196.0 ship 0
323.0 728.0 314.0 725.0 320.0 693.0 329.0 696.0 ship 0
159.0 166.0 162.0 157.0 186.0 166.0 183.0 174.0 ship 0
164.0 103.0 169.0 86.0 220.0 101.0 216.0 118.0 ship 0
176.0 52.0 182.0 39.0 218.0 55.0 211.0 69.0 ship 0
194.0 10.0 202.0 3.0 227.0 25.0 221.0 33.0 ship 0
285.0 242.0 254.0 233.0 273.0 174.0 303.0 184.0 harbor 0
365.0 317.0 330.0 287.0 364.0 246.0 401.0 278.0 harbor 0
403.0 365.0 370.0 337.0 415.0 275.0 450.0 299.0 harbor 0
483.0 401.0 430.0 359.0 464.0 315.0 518.0 350.0 harbor 0
535.0 434.0 492.0 406.0 525.0 363.0 562.0 391.0 harbor 0
282.0 663.0 300.0 668.0 283.0 724.0 265.0 720.0 ship 0
358.0 690.0 369.0 691.0 366.0 718.0 355.0 716.0 ship 0
638.0 506.0 602.0 478.0 635.0 436.0 668.0 460.0 harbor 0
1196.0 842.0 1180.0 839.0 1185.0 784.0 1203.0 787.0 ship 0
1089.0 687.0 1088.0 707.0 1031.0 703.0 1032.0 685.0 ship 0
1585.0 812.0 1606.0 815.0 1596.0 881.0 1578.0 877.0 ship 0
1552.0 873.0 1543.0 872.0 1543.0 852.0 1554.0 853.0 ship 0
1523.0 819.0 1541.0 821.0 1536.0 873.0 1518.0 870.0 ship 0
1516.0 851.0 1508.0 851.0 1509.0 827.0 1518.0 828.0 ship 0
1481.0 817.0 1494.0 819.0 1488.0 870.0 1475.0 868.0 ship 0
1420.0 858.0 1404.0 856.0 1409.0 809.0 1425.0 811.0 ship 0
1313.0 847.0 1297.0 843.0 1304.0 799.0 1320.0 802.0 ship 0
1256.0 838.0 1245.0 836.0 1248.0 811.0 1260.0 813.0 ship 0
1117.0 826.0 1106.0 824.0 1110.0 795.0 1121.0 797.0 ship 0
349.0 734.0 340.0 732.0 342.0 712.0 352.0 713.0 ship 0
958.0 752.0 975.0 754.0 967.0 807.0 951.0 803.0 ship 0
764.0 766.0 756.0 764.0 758.0 741.0 767.0 743.0 ship 0
689.0 774.0 688.0 784.0 664.0 782.0 664.0 771.0 ship 0
679.0 764.0 666.0 763.0 669.0 727.0 682.0 728.0 ship 0
599.0 748.0 590.0 747.0 591.0 723.0 601.0 725.0 ship 0
579.0 743.0 568.0 740.0 570.0 716.0 582.0 718.0 ship 0
446.0 712.0 459.0 713.0 455.0 750.0 444.0 748.0 ship 0
440.0 732.0 430.0 730.0 433.0 707.0 442.0 708.0 ship 0
376.0 692.0 390.0 692.0 389.0 737.0 374.0 737.0 ship 0
575.0 463.0 545.0 441.0 579.0 395.0 608.0 416.0 harbor 0
676.0 530.0 645.0 510.0 680.0 461.0 712.0 481.0 harbor 0
531.0 1049.0 541.0 1049.0 540.0 1067.0 530.0 1066.0 small-vehicle 1
158.0 609.0 184.0 635.0 149.0 679.0 123.0 653.0 harbor 0
599.0 722.0 614.0 723.0 608.0 778.0 592.0 777.0 harbor 0
540.0 714.0 579.0 720.0 571.0 774.0 533.0 768.0 harbor 0
487.0 709.0 503.0 711.0 498.0 762.0 482.0 761.0 harbor 0
417.0 703.0 460.0 708.0 455.0 762.0 409.0 758.0 harbor 0
367.0 695.0 406.0 700.0 398.0 755.0 360.0 753.0 harbor 0
308.0 689.0 346.0 695.0 340.0 739.0 300.0 734.0 harbor 0
266.0 674.0 305.0 687.0 288.0 735.0 249.0 721.0 harbor 0
223.0 657.0 252.0 669.0 233.0 716.0 204.0 704.0 harbor 0
189.0 641.0 216.0 655.0 190.0 705.0 160.0 689.0 harbor 0
105.0 521.0 115.0 553.0 66.0 568.0 59.0 535.0 harbor 0
725.0 747.0 739.0 748.0 735.0 794.0 721.0 793.0 harbor 0
101.0 487.0 103.0 518.0 55.0 523.0 53.0 490.0 harbor 0
108.0 417.0 96.0 446.0 47.0 430.0 58.0 400.0 harbor 0
125.0 375.0 110.0 410.0 57.0 390.0 69.0 354.0 harbor 0
136.0 341.0 133.0 349.0 84.0 332.0 87.0 323.0 harbor 0
148.0 311.0 143.0 322.0 93.0 305.0 98.0 293.0 harbor 0
169.0 260.0 152.0 303.0 99.0 282.0 115.0 240.0 harbor 0
188.0 200.0 176.0 233.0 126.0 213.0 137.0 180.0 harbor 0
203.0 155.0 190.0 188.0 140.0 170.0 153.0 138.0 harbor 0
218.0 91.0 207.0 127.0 160.0 112.0 168.0 78.0 harbor 0
656.0 728.0 683.0 733.0 674.0 788.0 647.0 786.0 harbor 0
761.0 738.0 799.0 744.0 792.0 794.0 754.0 791.0 harbor 0
740.0 574.0 709.0 555.0 742.0 508.0 772.0 528.0 harbor 0
1466.0 819.0 1504.0 824.0 1497.0 875.0 1461.0 869.0 harbor 0
782.0 604.0 750.0 583.0 786.0 536.0 818.0 553.0 harbor 0
856.0 656.0 825.0 634.0 854.0 590.0 886.0 608.0 harbor 0
897.0 680.0 868.0 657.0 897.0 615.0 930.0 633.0 harbor 0
991.0 703.0 929.0 674.0 951.0 640.0 1008.0 667.0 harbor 0
1083.0 689.0 1022.0 682.0 1025.0 663.0 1088.0 671.0 harbor 0
1149.0 692.0 1100.0 686.0 1106.0 665.0 1153.0 670.0 harbor 0
1638.0 839.0 1648.0 839.0 1643.0 890.0 1634.0 889.0 harbor 0
1567.0 832.0 1610.0 837.0 1603.0 890.0 1563.0 886.0 harbor 0
1514.0 825.0 1549.0 828.0 1545.0 877.0 1508.0 875.0 harbor 0
1393.0 812.0 1434.0 815.0 1428.0 868.0 1387.0 865.0 harbor 0
817.0 747.0 855.0 751.0 848.0 805.0 810.0 802.0 harbor 0
1338.0 808.0 1378.0 811.0 1371.0 862.0 1333.0 858.0 harbor 0
1281.0 798.0 1330.0 805.0 1322.0 855.0 1275.0 850.0 harbor 0
1232.0 792.0 1273.0 798.0 1266.0 849.0 1224.0 843.0 harbor 0
1178.0 788.0 1215.0 792.0 1209.0 843.0 1173.0 838.0 harbor 0
1120.0 782.0 1153.0 785.0 1145.0 837.0 1114.0 834.0 harbor 0
1049.0 773.0 1087.0 778.0 1082.0 828.0 1042.0 823.0 harbor 0
1005.0 768.0 1035.0 770.0 1032.0 824.0 1000.0 821.0 harbor 0
945.0 759.0 981.0 764.0 973.0 820.0 939.0 818.0 harbor 0
888.0 753.0 923.0 757.0 917.0 810.0 881.0 805.0 harbor 0
1001.0 676.0 1000.0 695.0 944.0 691.0 945.0 673.0 ship 0
944.0 638.0 954.0 641.0 941.0 675.0 932.0 672.0 ship 0
902.0 626.0 914.0 633.0 891.0 672.0 880.0 665.0 ship 0
622.0 923.0 622.0 914.0 640.0 915.0 638.0 924.0 small-vehicle 1
529.0 732.0 541.0 734.0 537.0 755.0 525.0 755.0 ship 1
288.0 465.0 295.0 452.0 324.0 468.0 319.0 478.0 ship 0
79.0 761.0 87.0 767.0 77.0 780.0 71.0 776.0 small-vehicle 1
32.0 768.0 39.0 761.0 53.0 773.0 48.0 782.0 small-vehicle 1
391.0 898.0 391.0 887.0 411.0 890.0 411.0 901.0 small-vehicle 1
541.0 991.0 530.0 992.0 531.0 966.0 541.0 967.0 small-vehicle 1
477.0 908.0 477.0 898.0 499.0 901.0 497.0 909.0 small-vehicle 1
524.0 912.0 526.0 902.0 543.0 906.0 541.0 914.0 small-vehicle 1
582.0 881.0 589.0 882.0 587.0 903.0 578.0 902.0 small-vehicle 1
597.0 921.0 599.0 912.0 617.0 916.0 615.0 924.0 small-vehicle 1
845.0 784.0 835.0 784.0 834.0 761.0 847.0 761.0 ship 1
800.0 974.0 799.0 983.0 775.0 981.0 775.0 972.0 small-vehicle 1
734.0 936.0 735.0 925.0 757.0 929.0 755.0 940.0 small-vehicle 1
1610.0 1073.0 1611.0 1062.0 1630.0 1065.0 1630.0 1076.0 small-vehicle 1
1581.0 1071.0 1581.0 1060.0 1603.0 1063.0 1603.0 1074.0 small-vehicle 1
1367.0 1046.0 1366.0 1037.0 1386.0 1040.0 1387.0 1049.0 small-vehicle 1
1295.0 1026.0 1295.0 1017.0 1317.0 1021.0 1316.0 1028.0 small-vehicle 1
1206.0 988.0 1206.0 980.0 1224.0 984.0 1223.0 992.0 small-vehicle 1
1276.0 998.0 1277.0 987.0 1300.0 992.0 1296.0 1001.0 small-vehicle 1
1322.0 1003.0 1323.0 994.0 1343.0 998.0 1343.0 1006.0 small-vehicle 1
725.0 774.0 717.0 773.0 717.0 751.0 726.0 750.0 ship 1
912.0 786.0 902.0 785.0 903.0 760.0 914.0 761.0 ship 1
819.0 648.0 805.0 639.0 838.0 589.0 850.0 597.0 ship 0
207.0 119.0 204.0 128.0 176.0 122.0 180.0 113.0 ship 0
532.0 1029.0 542.0 1030.0 541.0 1048.0 532.0 1048.0 small-vehicle 1
508.0 1032.0 516.0 1033.0 516.0 1052.0 507.0 1052.0 small-vehicle 1
178.0 856.0 182.0 845.0 214.0 854.0 209.0 865.0 small-vehicle 1
1214.0 815.0 1204.0 813.0 1205.0 794.0 1217.0 793.0 ship 0
364.0 740.0 356.0 740.0 354.0 720.0 364.0 720.0 ship 0
62.0 496.0 62.0 485.0 82.0 484.0 81.0 494.0 ship 0
74.0 483.0 77.0 471.0 102.0 475.0 99.0 486.0 ship 0
115.0 322.0 118.0 312.0 140.0 321.0 137.0 329.0 ship 0
60.0 428.0 63.0 420.0 87.0 426.0 83.0 434.0 ship 0
271.0 235.0 262.0 234.0 267.0 216.0 274.0 217.0 ship 0
983.0 793.0 972.0 791.0 975.0 769.0 987.0 770.0 ship 1
333.0 255.0 324.0 248.0 335.0 231.0 345.0 240.0 ship 0
311.0 288.0 299.0 279.0 318.0 254.0 330.0 263.0 ship 0
165.0 66.0 170.0 59.0 189.0 68.0 183.0 76.0 ship 0
956.0 656.0 960.0 646.0 978.0 653.0 974.0 663.0 ship 1
1110.0 696.0 1113.0 685.0 1141.0 688.0 1140.0 700.0 ship 1
1400.0 836.0 1389.0 835.0 1391.0 813.0 1403.0 812.0 ship 1
1359.0 842.0 1348.0 841.0 1347.0 813.0 1363.0 813.0 ship 1
1331.0 825.0 1322.0 824.0 1321.0 808.0 1332.0 809.0 ship 1
1230.0 835.0 1218.0 835.0 1219.0 811.0 1231.0 812.0 ship 1
1372.0 1008.0 1373.0 997.0 1393.0 1000.0 1394.0 1011.0 small-vehicle 1
1433.0 1016.0 1432.0 1005.0 1451.0 1007.0 1450.0 1017.0 small-vehicle 1
1521.0 1027.0 1523.0 1017.0 1543.0 1021.0 1541.0 1030.0 small-vehicle 1
1191.0 317.0 1231.0 337.0 1193.0 420.0 1152.0 401.0 tennis-court 0
442.0 95.0 435.0 102.0 421.0 88.0 425.0 79.0 small-vehicle 1
446.0 42.0 454.0 36.0 467.0 54.0 461.0 59.0 small-vehicle 1
388.0 26.0 382.0 31.0 371.0 18.0 376.0 12.0 small-vehicle 1
754.0 305.0 748.0 314.0 725.0 297.0 733.0 288.0 large-vehicle 0
794.0 947.0 794.0 934.0 820.0 936.0 820.0 950.0 large-vehicle 0
671.0 232.0 678.0 224.0 702.0 241.0 697.0 250.0 large-vehicle 0
23.0 24.0 35.0 27.0 28.0 58.0 16.0 56.0 large-vehicle 0
1216.0 7.0 1254.0 23.0 1224.0 98.0 1184.0 81.0 swimming-pool 0
1242.0 341.0 1282.0 360.0 1244.0 442.0 1204.0 425.0 tennis-court 0
1140.0 294.0 1180.0 312.0 1143.0 397.0 1102.0 378.0 tennis-court 0
1358.0 970.0 1369.0 970.0 1367.0 990.0 1357.0 991.0 small-vehicle 1
283.0 285.0 270.0 272.0 322.0 216.0 335.0 228.0 ship 0
383.0 293.0 391.0 300.0 372.0 319.0 365.0 311.0 ship 0
342.0 312.0 329.0 301.0 367.0 260.0 379.0 271.0 ship 0
419.0 297.0 433.0 306.0 405.0 346.0 391.0 336.0 ship 0
457.0 390.0 442.0 378.0 472.0 338.0 486.0 348.0 ship 0
637.0 506.0 630.0 500.0 642.0 483.0 650.0 488.0 ship 0
544.0 408.0 552.0 412.0 539.0 434.0 530.0 428.0 ship 0
736.0 541.0 745.0 547.0 733.0 565.0 723.0 561.0 ship 0
767.0 611.0 755.0 601.0 787.0 554.0 802.0 563.0 ship 0
468.0 101.0 462.0 108.0 449.0 95.0 452.0 86.0 small-vehicle 1
495.0 136.0 488.0 145.0 472.0 132.0 475.0 122.0 small-vehicle 1
854.0 103.0 854.0 112.0 836.0 109.0 836.0 100.0 small-vehicle 1
800.0 91.0 805.0 84.0 824.0 95.0 818.0 102.0 small-vehicle 1
1350.0 968.0 1357.0 970.0 1357.0 989.0 1348.0 989.0 small-vehicle 1
1035.0 473.0 1038.0 464.0 1058.0 476.0 1053.0 483.0 small-vehicle 1
1094.0 550.0 1091.0 559.0 1068.0 548.0 1073.0 540.0 small-vehicle 1
433.0 189.0 441.0 179.0 454.0 194.0 448.0 200.0 small-vehicle 1
564.0 253.0 567.0 261.0 549.0 266.0 546.0 257.0 small-vehicle 1
872.0 421.0 865.0 428.0 843.0 412.0 847.0 404.0 small-vehicle 1
786.0 362.0 781.0 369.0 765.0 356.0 771.0 349.0 small-vehicle 1
763.0 346.0 757.0 354.0 743.0 344.0 747.0 337.0 small-vehicle 1
742.0 335.0 738.0 342.0 718.0 328.0 723.0 320.0 small-vehicle 1
662.0 279.0 657.0 285.0 642.0 273.0 646.0 269.0 small-vehicle 1
635.0 260.0 629.0 265.0 613.0 255.0 618.0 247.0 small-vehicle 1
1418.0 396.0 1422.0 390.0 1437.0 395.0 1435.0 402.0 small-vehicle 1
1345.0 239.0 1352.0 245.0 1346.0 261.0 1338.0 257.0 small-vehicle 1
1185.0 239.0 1176.0 239.0 1177.0 221.0 1185.0 222.0 small-vehicle 1
1216.0 245.0 1207.0 244.0 1210.0 221.0 1219.0 222.0 small-vehicle 1
1161.0 137.0 1158.0 144.0 1140.0 136.0 1143.0 128.0 small-vehicle 1
1152.0 156.0 1149.0 163.0 1127.0 154.0 1131.0 146.0 small-vehicle 1
951.0 187.0 957.0 181.0 971.0 191.0 967.0 198.0 small-vehicle 1
939.0 174.0 933.0 180.0 919.0 170.0 924.0 164.0 small-vehicle 1
232.0 50.0 218.0 82.0 159.0 53.0 175.0 24.0 harbor 0
