imagesource:GoogleEarth
gsd:0.126673117421
1681.0 290.0 1698.0 290.0 1698.0 335.0 1680.0 338.0 ship 1
1404.0 199.0 1511.0 200.0 1505.0 394.0 1396.0 394.0 harbor 0
441.0 221.0 421.0 215.0 430.0 167.0 452.0 172.0 ship 0
411.0 222.0 387.0 221.0 390.0 161.0 412.0 162.0 ship 0
297.0 200.0 280.0 199.0 282.0 154.0 298.0 155.0 ship 0
295.0 270.0 276.0 268.0 279.0 222.0 298.0 224.0 ship 0
355.0 226.0 330.0 223.0 335.0 155.0 361.0 159.0 ship 0
182.0 204.0 203.0 206.0 194.0 258.0 176.0 256.0 ship 0
268.0 275.0 233.0 272.0 237.0 147.0 268.0 149.0 ship 0
106.0 139.0 106.0 160.0 48.0 157.0 51.0 136.0 ship 0
1558.0 201.0 1688.0 207.0 1682.0 401.0 1553.0 397.0 harbor 0
1299.0 193.0 1374.0 195.0 1366.0 395.0 1291.0 391.0 harbor 0
599.0 217.0 579.0 214.0 583.0 165.0 602.0 167.0 ship 0
1189.0 187.0 1281.0 192.0 1268.0 395.0 1173.0 391.0 harbor 0
932.0 172.0 1099.0 180.0 1095.0 389.0 919.0 379.0 harbor 0
841.0 178.0 872.0 178.0 858.0 437.0 827.0 436.0 harbor 0
682.0 169.0 787.0 174.0 781.0 359.0 675.0 357.0 harbor 0
598.0 170.0 627.0 170.0 623.0 368.0 591.0 366.0 harbor 0
487.0 163.0 505.0 164.0 500.0 389.0 481.0 389.0 harbor 0
395.0 163.0 435.0 163.0 427.0 394.0 385.0 389.0 harbor 0
309.0 154.0 339.0 156.0 330.0 392.0 302.0 391.0 harbor 0
170.0 144.0 285.0 148.0 275.0 387.0 159.0 378.0 harbor 0
469.0 202.0 488.0 201.0 487.0 250.0 467.0 250.0 ship 0
640.0 240.0 612.0 238.0 615.0 177.0 642.0 178.0 ship 0
844.0 251.0 828.0 250.0 829.0 205.0 846.0 202.0 ship 1
1638.0 182.0 1674.0 184.0 1671.0 314.0 1632.0 314.0 ship 0
686.0 181.0 687.0 169.0 723.0 171.0 724.0 183.0 ship 1
680.0 225.0 661.0 223.0 661.0 171.0 682.0 172.0 ship 1
298.0 197.0 314.0 195.0 316.0 230.0 299.0 232.0 ship 1
1131.0 300.0 1105.0 293.0 1115.0 239.0 1142.0 249.0 ship 0
1159.0 270.0 1144.0 271.0 1138.0 233.0 1153.0 230.0 ship 0
543.0 293.0 528.0 285.0 536.0 262.0 553.0 269.0 ship 0
522.0 483.0 539.0 484.0 538.0 524.0 521.0 522.0 small-vehicle 1
1607.0 292.0 1587.0 290.0 1590.0 236.0 1610.0 238.0 ship 0
1731.0 260.0 1709.0 258.0 1709.0 204.0 1734.0 204.0 ship 0
1404.0 282.0 1383.0 279.0 1383.0 236.0 1405.0 236.0 ship 0
571.0 282.0 552.0 276.0 564.0 234.0 582.0 239.0 ship 0
1356.0 291.0 1317.0 288.0 1323.0 167.0 1364.0 171.0 ship 0
1270.0 296.0 1248.0 295.0 1251.0 238.0 1275.0 240.0 ship 0
1237.0 275.0 1208.0 273.0 1212.0 194.0 1243.0 197.0 ship 0
1080.0 234.0 1060.0 229.0 1069.0 168.0 1091.0 174.0 ship 0
1046.0 285.0 1011.0 283.0 1012.0 180.0 1050.0 182.0 ship 0
998.0 285.0 953.0 283.0 961.0 128.0 1005.0 131.0 ship 0
931.0 290.0 910.0 293.0 909.0 245.0 930.0 243.0 ship 0
913.0 152.0 937.0 152.0 934.0 224.0 911.0 222.0 ship 0
774.0 215.0 754.0 215.0 753.0 163.0 774.0 163.0 ship 0
23.0 155.0 114.0 160.0 102.0 373.0 15.0 368.0 harbor 0
