imagesource:GoogleEarth
gsd:0.128749636193
1471.0 209.0 1491.0 209.0 1490.0 251.0 1473.0 254.0 ship 1
1442.0 297.0 1429.0 297.0 1432.0 267.0 1445.0 270.0 ship 1
361.0 162.0 404.0 160.0 406.0 298.0 362.0 299.0 ship 0
328.0 200.0 353.0 201.0 349.0 278.0 324.0 278.0 ship 0
284.0 258.0 266.0 258.0 268.0 213.0 287.0 214.0 ship 0
215.0 240.0 193.0 238.0 197.0 195.0 218.0 198.0 ship 0
997.0 624.0 1030.0 625.0 1029.0 695.0 994.0 695.0 swimming-pool 0
1652.0 199.0 1699.0 201.0 1693.0 418.0 1644.0 416.0 harbor 0
1508.0 211.0 1597.0 215.0 1592.0 427.0 1500.0 420.0 harbor 0
1376.0 197.0 1421.0 197.0 1416.0 414.0 1370.0 410.0 harbor 0
1223.0 198.0 1274.0 200.0 1266.0 416.0 1217.0 414.0 harbor 0
1144.0 209.0 1197.0 209.0 1190.0 426.0 1142.0 427.0 harbor 0
1044.0 201.0 1126.0 203.0 1118.0 439.0 1032.0 433.0 harbor 0
865.0 181.0 994.0 187.0 990.0 411.0 852.0 401.0 harbor 0
711.0 170.0 807.0 172.0 807.0 402.0 704.0 397.0 harbor 0
566.0 186.0 641.0 189.0 636.0 422.0 553.0 415.0 harbor 0
440.0 195.0 519.0 199.0 517.0 399.0 431.0 399.0 harbor 0
349.0 190.0 424.0 191.0 414.0 399.0 340.0 396.0 harbor 0
280.0 186.0 314.0 189.0 304.0 452.0 271.0 454.0 harbor 0
467.0 184.0 500.0 184.0 497.0 284.0 462.0 282.0 ship 0
512.0 255.0 532.0 256.0 531.0 307.0 510.0 306.0 ship 0
566.0 253.0 540.0 250.0 542.0 190.0 570.0 193.0 ship 0
668.0 652.0 685.0 653.0 684.0 689.0 668.0 688.0 small-vehicle 0
436.0 305.0 419.0 305.0 416.0 258.0 436.0 258.0 ship 1
557.0 327.0 542.0 329.0 538.0 294.0 556.0 291.0 ship 1
563.0 320.0 547.0 309.0 561.0 283.0 579.0 295.0 ship 0
359.0 330.0 362.0 307.0 401.0 315.0 396.0 336.0 ship 0
1075.0 462.0 1062.0 447.0 1091.0 425.0 1101.0 444.0 ship 0
659.0 607.0 639.0 605.0 641.0 560.0 660.0 561.0 small-vehicle 1
636.0 704.0 652.0 705.0 649.0 743.0 634.0 742.0 small-vehicle 1
617.0 704.0 632.0 703.0 634.0 741.0 618.0 742.0 small-vehicle 0
607.0 300.0 574.0 299.0 576.0 188.0 610.0 191.0 ship 0
1663.0 256.0 1683.0 257.0 1678.0 310.0 1658.0 310.0 ship 0
1590.0 191.0 1591.0 212.0 1538.0 214.0 1536.0 191.0 ship 0
1261.0 271.0 1231.0 270.0 1233.0 192.0 1262.0 192.0 ship 0
1180.0 256.0 1158.0 256.0 1156.0 215.0 1177.0 214.0 ship 0
976.0 274.0 950.0 274.0 949.0 191.0 977.0 191.0 ship 0
874.0 184.0 898.0 185.0 895.0 244.0 872.0 243.0 ship 0
780.0 245.0 758.0 244.0 760.0 198.0 781.0 199.0 ship 0
212.0 187.0 240.0 187.0 230.0 467.0 198.0 466.0 harbor 0
