imagesource:GoogleEarth
gsd:0.133461376059
208.0 455.0 213.0 478.0 146.0 494.0 140.0 467.0 large-vehicle 0
405.0 483.0 409.0 503.0 363.0 511.0 360.0 492.0 small-vehicle 0
94.0 337.0 90.0 319.0 144.0 304.0 148.0 324.0 large-vehicle 0
308.0 324.0 311.0 342.0 258.0 354.0 254.0 335.0 large-vehicle 0
223.0 340.0 228.0 360.0 181.0 374.0 177.0 353.0 large-vehicle 0
90.0 395.0 86.0 376.0 164.0 355.0 168.0 375.0 large-vehicle 0
410.0 326.0 414.0 347.0 332.0 365.0 327.0 345.0 large-vehicle 0
416.0 352.0 421.0 372.0 341.0 389.0 336.0 370.0 large-vehicle 0
245.0 416.0 251.0 436.0 170.0 457.0 165.0 438.0 large-vehicle 0
156.0 411.0 160.0 431.0 113.0 442.0 109.0 423.0 large-vehicle 0
209.0 506.0 214.0 525.0 139.0 544.0 135.0 524.0 large-vehicle 0
331.0 519.0 337.0 537.0 266.0 560.0 260.0 540.0 large-vehicle 0
171.0 273.0 175.0 292.0 97.0 311.0 92.0 290.0 large-vehicle 0
343.0 260.0 349.0 281.0 288.0 296.0 282.0 276.0 large-vehicle 0
397.0 407.0 402.0 425.0 323.0 449.0 319.0 429.0 large-vehicle 0
316.0 109.0 295.0 112.0 289.0 67.0 309.0 62.0 small-vehicle 0
337.0 105.0 317.0 106.0 314.0 71.0 333.0 69.0 small-vehicle 0
521.0 293.0 527.0 312.0 490.0 319.0 485.0 303.0 small-vehicle 0
346.0 492.0 349.0 514.0 306.0 522.0 301.0 504.0 small-vehicle 0
407.0 456.0 415.0 478.0 358.0 492.0 353.0 473.0 small-vehicle 0
309.0 378.0 316.0 399.0 256.0 414.0 250.0 395.0 small-vehicle 0
219.0 399.0 223.0 416.0 166.0 432.0 160.0 416.0 small-vehicle 0
550.0 456.0 549.0 435.0 591.0 432.0 594.0 452.0 small-vehicle 0
237.0 286.0 241.0 305.0 161.0 323.0 157.0 302.0 large-vehicle 0
