imagesource:GoogleEarth
gsd:0.262131224942
1247.0 248.0 1244.0 238.0 1265.0 238.0 1267.0 249.0 small-vehicle 1
559.0 384.0 562.0 377.0 577.0 385.0 573.0 391.0 ship 0
764.0 475.0 770.0 466.0 792.0 481.0 787.0 489.0 ship 0
781.0 449.0 787.0 440.0 807.0 453.0 803.0 461.0 ship 0
791.0 437.0 795.0 430.0 814.0 441.0 810.0 448.0 ship 0
791.0 413.0 786.0 422.0 763.0 408.0 768.0 399.0 ship 0
779.0 428.0 774.0 437.0 754.0 427.0 759.0 418.0 ship 0
24.0 72.0 37.0 81.0 14.0 120.0 3.0 113.0 ship 0
44.0 76.0 57.0 83.0 34.0 124.0 22.0 116.0 ship 0
76.0 175.0 65.0 168.0 86.0 132.0 97.0 139.0 ship 0
100.0 174.0 93.0 169.0 105.0 149.0 113.0 154.0 ship 0
116.0 156.0 126.0 161.0 115.0 182.0 106.0 177.0 ship 0
126.0 195.0 116.0 190.0 132.0 160.0 143.0 167.0 ship 0
155.0 175.0 167.0 179.0 153.0 212.0 142.0 207.0 ship 0
170.0 183.0 181.0 190.0 161.0 220.0 152.0 214.0 ship 0
102.0 130.0 96.0 127.0 103.0 113.0 109.0 116.0 ship 0
109.0 134.0 103.0 131.0 109.0 117.0 115.0 121.0 ship 0
881.0 481.0 876.0 489.0 856.0 478.0 862.0 468.0 ship 0
873.0 496.0 868.0 504.0 846.0 491.0 851.0 482.0 ship 0
847.0 540.0 842.0 548.0 818.0 533.0 824.0 524.0 ship 0
864.0 510.0 859.0 519.0 837.0 504.0 842.0 496.0 ship 0
848.0 564.0 853.0 556.0 879.0 571.0 874.0 580.0 ship 0
858.0 550.0 864.0 542.0 884.0 555.0 879.0 563.0 ship 0
867.0 536.0 870.0 529.0 891.0 538.0 887.0 546.0 ship 0
872.0 517.0 877.0 508.0 904.0 524.0 899.0 533.0 ship 0
896.0 488.0 900.0 480.0 919.0 492.0 915.0 500.0 ship 0
892.0 469.0 887.0 478.0 862.0 463.0 868.0 454.0 ship 0
842.0 554.0 836.0 563.0 814.0 549.0 819.0 540.0 ship 0
761.0 490.0 765.0 482.0 784.0 494.0 778.0 502.0 ship 0
834.0 566.0 827.0 576.0 806.0 562.0 812.0 553.0 ship 0
826.0 580.0 820.0 588.0 798.0 574.0 804.0 566.0 ship 0
816.0 592.0 812.0 601.0 790.0 588.0 795.0 579.0 ship 0
748.0 566.0 740.0 583.0 680.0 551.0 688.0 535.0 ship 0
723.0 547.0 729.0 538.0 750.0 549.0 745.0 559.0 ship 0
734.0 534.0 740.0 524.0 763.0 537.0 758.0 547.0 ship 0
115.0 137.0 109.0 134.0 116.0 121.0 122.0 124.0 ship 1
120.0 142.0 114.0 137.0 122.0 125.0 128.0 128.0 ship 1
127.0 145.0 121.0 142.0 128.0 127.0 134.0 131.0 ship 0
526.0 429.0 512.0 420.0 535.0 378.0 548.0 385.0 ship 0
473.0 324.0 477.0 317.0 507.0 334.0 504.0 341.0 ship 0
467.0 336.0 471.0 329.0 501.0 345.0 497.0 352.0 ship 0
462.0 343.0 466.0 337.0 496.0 355.0 492.0 361.0 ship 0
456.0 356.0 460.0 349.0 490.0 366.0 487.0 373.0 ship 0
451.0 362.0 456.0 356.0 485.0 374.0 481.0 381.0 ship 0
428.0 387.0 436.0 375.0 471.0 396.0 463.0 410.0 ship 0
558.0 370.0 553.0 377.0 533.0 365.0 538.0 357.0 ship 0
472.0 296.0 480.0 284.0 514.0 303.0 508.0 316.0 ship 0
565.0 359.0 561.0 366.0 540.0 355.0 544.0 348.0 ship 0
592.0 323.0 583.0 337.0 545.0 314.0 552.0 302.0 ship 0
576.0 340.0 571.0 348.0 551.0 334.0 555.0 326.0 ship 0
570.0 351.0 565.0 359.0 543.0 347.0 548.0 339.0 ship 0
572.0 361.0 576.0 354.0 590.0 363.0 586.0 370.0 ship 0
567.0 369.0 571.0 363.0 585.0 372.0 582.0 377.0 ship 0
479.0 316.0 483.0 309.0 514.0 325.0 511.0 333.0 ship 0
475.0 270.0 481.0 259.0 516.0 280.0 510.0 291.0 ship 0
133.0 148.0 127.0 145.0 135.0 131.0 140.0 134.0 ship 0
174.0 174.0 168.0 171.0 175.0 158.0 181.0 161.0 ship 1
138.0 151.0 133.0 148.0 141.0 134.0 147.0 138.0 ship 0
144.0 155.0 138.0 152.0 147.0 139.0 152.0 142.0 ship 0
151.0 160.0 144.0 156.0 152.0 143.0 158.0 146.0 ship 0
157.0 165.0 152.0 161.0 159.0 148.0 164.0 151.0 ship 1
164.0 167.0 158.0 164.0 164.0 152.0 169.0 155.0 ship 1
169.0 170.0 163.0 167.0 170.0 154.0 175.0 157.0 ship 1
180.0 178.0 174.0 174.0 182.0 162.0 187.0 166.0 ship 1
454.0 285.0 479.0 299.0 427.0 398.0 400.0 381.0 ship 0
186.0 181.0 180.0 178.0 187.0 166.0 192.0 169.0 ship 1
190.0 184.0 186.0 181.0 192.0 168.0 197.0 171.0 ship 1
226.0 250.0 215.0 242.0 233.0 209.0 246.0 216.0 ship 0
251.0 258.0 247.0 252.0 261.0 244.0 264.0 251.0 ship 0
248.0 256.0 242.0 253.0 248.0 238.0 255.0 241.0 ship 0
217.0 271.0 229.0 254.0 287.0 294.0 278.0 310.0 ship 0
840.0 578.0 845.0 570.0 869.0 583.0 863.0 592.0 ship 0
824.0 605.0 829.0 597.0 850.0 609.0 846.0 618.0 ship 0
849.0 629.0 840.0 646.0 774.0 607.0 783.0 592.0 ship 0
1498.0 936.0 1502.0 929.0 1524.0 940.0 1519.0 949.0 ship 0
1454.0 936.0 1470.0 945.0 1442.0 992.0 1426.0 980.0 ship 0
1416.0 974.0 1406.0 988.0 1356.0 958.0 1367.0 942.0 ship 0
1436.0 953.0 1425.0 968.0 1371.0 935.0 1382.0 920.0 ship 0
1385.0 911.0 1394.0 898.0 1444.0 928.0 1435.0 942.0 ship 0
1406.0 893.0 1415.0 879.0 1459.0 907.0 1450.0 921.0 ship 0
1522.0 952.0 1528.0 944.0 1551.0 957.0 1546.0 966.0 ship 0
1569.0 918.0 1563.0 926.0 1541.0 911.0 1547.0 904.0 ship 0
1488.0 1026.0 1472.0 1014.0 1505.0 958.0 1522.0 967.0 ship 0
1415.0 866.0 1424.0 851.0 1475.0 884.0 1466.0 898.0 ship 0
1426.0 842.0 1435.0 828.0 1486.0 864.0 1478.0 879.0 ship 0
1293.0 899.0 1284.0 914.0 1228.0 882.0 1236.0 866.0 ship 0
1248.0 864.0 1256.0 851.0 1296.0 874.0 1288.0 887.0 ship 0
1259.0 845.0 1268.0 830.0 1306.0 853.0 1298.0 868.0 ship 0
1269.0 824.0 1277.0 810.0 1321.0 836.0 1312.0 849.0 ship 0
1485.0 944.0 1499.0 950.0 1469.0 1002.0 1456.0 994.0 ship 0
1514.0 1035.0 1497.0 1026.0 1528.0 971.0 1545.0 980.0 ship 0
1297.0 787.0 1305.0 773.0 1350.0 799.0 1342.0 813.0 ship 0
740.0 567.0 690.0 534.0 773.0 400.0 820.0 431.0 harbor 0
1354.0 704.0 1370.0 679.0 1410.0 702.0 1397.0 729.0 swimming-pool 0
1536.0 852.0 1560.0 814.0 1633.0 859.0 1611.0 897.0 swimming-pool 0
296.0 296.0 225.0 254.0 270.0 170.0 345.0 216.0 harbor 0
324.0 310.0 307.0 301.0 351.0 220.0 369.0 231.0 harbor 0
395.0 355.0 344.0 321.0 391.0 242.0 444.0 276.0 harbor 0
631.0 497.0 494.0 425.0 559.0 316.0 697.0 392.0 harbor 0
840.0 629.0 787.0 592.0 866.0 459.0 920.0 495.0 harbor 0
1533.0 1052.0 1518.0 1042.0 1551.0 986.0 1568.0 995.0 ship 0
966.0 703.0 896.0 656.0 976.0 520.0 1049.0 560.0 harbor 0
1120.0 797.0 1032.0 740.0 1122.0 602.0 1204.0 652.0 harbor 0
1283.0 896.0 1189.0 841.0 1270.0 705.0 1366.0 762.0 harbor 0
1424.0 982.0 1369.0 946.0 1440.0 830.0 1500.0 868.0 harbor 0
1582.0 987.0 1547.0 1050.0 1433.0 975.0 1470.0 914.0 harbor 0
1582.0 985.0 1600.0 995.0 1564.0 1057.0 1546.0 1046.0 ship 0
1284.0 808.0 1290.0 796.0 1322.0 816.0 1316.0 827.0 ship 0
1252.0 737.0 1260.0 724.0 1299.0 749.0 1292.0 760.0 ship 0
934.0 660.0 927.0 669.0 896.0 650.0 902.0 639.0 ship 0
1031.0 599.0 1027.0 608.0 993.0 590.0 999.0 580.0 ship 0
1088.0 748.0 1078.0 762.0 1036.0 735.0 1045.0 721.0 ship 0
966.0 700.0 954.0 721.0 881.0 676.0 894.0 656.0 ship 0
946.0 658.0 953.0 644.0 991.0 666.0 984.0 679.0 ship 0
956.0 638.0 963.0 626.0 1004.0 649.0 997.0 662.0 ship 0
966.0 623.0 974.0 609.0 1017.0 633.0 1010.0 646.0 ship 0
981.0 607.0 987.0 598.0 1015.0 614.0 1011.0 623.0 ship 0
999.0 570.0 1007.0 558.0 1045.0 582.0 1037.0 593.0 ship 0
1123.0 686.0 1116.0 700.0 1070.0 674.0 1080.0 660.0 ship 0
1017.0 553.0 1024.0 545.0 1050.0 565.0 1045.0 572.0 ship 0
989.0 568.0 984.0 578.0 950.0 559.0 957.0 548.0 ship 0
977.0 582.0 973.0 591.0 945.0 575.0 950.0 567.0 ship 0
933.0 587.0 939.0 578.0 965.0 594.0 959.0 604.0 ship 0
955.0 628.0 948.0 641.0 912.0 620.0 920.0 607.0 ship 0
942.0 645.0 936.0 654.0 903.0 635.0 910.0 625.0 ship 0
1100.0 726.0 1092.0 739.0 1046.0 711.0 1054.0 699.0 ship 0
1136.0 667.0 1128.0 678.0 1090.0 655.0 1097.0 644.0 ship 0
1291.0 769.0 1283.0 780.0 1242.0 755.0 1249.0 742.0 ship 0
1022.0 752.0 1030.0 738.0 1072.0 765.0 1065.0 779.0 ship 0
1277.0 788.0 1270.0 798.0 1230.0 774.0 1237.0 763.0 ship 0
1212.0 790.0 1221.0 777.0 1262.0 804.0 1253.0 817.0 ship 0
1256.0 826.0 1246.0 837.0 1204.0 811.0 1211.0 798.0 ship 0
1243.0 841.0 1235.0 855.0 1197.0 833.0 1205.0 821.0 ship 0
1236.0 863.0 1226.0 875.0 1184.0 851.0 1192.0 837.0 ship 0
1124.0 795.0 1117.0 808.0 1075.0 785.0 1082.0 772.0 ship 0
1088.0 765.0 1096.0 752.0 1141.0 779.0 1133.0 793.0 ship 0
1155.0 625.0 1147.0 637.0 1110.0 615.0 1118.0 603.0 ship 0
1102.0 745.0 1109.0 734.0 1144.0 753.0 1137.0 765.0 ship 0
1139.0 734.0 1134.0 741.0 1112.0 730.0 1118.0 722.0 ship 0
1121.0 706.0 1129.0 694.0 1174.0 720.0 1166.0 734.0 ship 0
1135.0 687.0 1143.0 673.0 1179.0 694.0 1171.0 709.0 ship 0
1198.0 682.0 1190.0 695.0 1148.0 668.0 1155.0 656.0 ship 0
1151.0 648.0 1143.0 661.0 1096.0 635.0 1104.0 620.0 ship 0
563.0 375.0 567.0 369.0 581.0 378.0 578.0 384.0 ship 0
554.0 392.0 558.0 384.0 572.0 393.0 568.0 400.0 ship 0
1003.0 535.0 998.0 545.0 966.0 527.0 972.0 515.0 ship 0
550.0 398.0 553.0 392.0 568.0 401.0 563.0 407.0 ship 0
1657.0 392.0 1647.0 393.0 1645.0 375.0 1654.0 373.0 small-vehicle 0
1295.0 341.0 1299.0 329.0 1318.0 338.0 1315.0 347.0 small-vehicle 1
1541.0 497.0 1536.0 507.0 1516.0 499.0 1520.0 489.0 small-vehicle 1
1562.0 505.0 1558.0 514.0 1539.0 505.0 1542.0 496.0 small-vehicle 1
1343.0 262.0 1341.0 273.0 1306.0 269.0 1307.0 256.0 large-vehicle 0
1464.0 472.0 1460.0 482.0 1434.0 473.0 1437.0 463.0 large-vehicle 0
1569.0 584.0 1572.0 571.0 1596.0 579.0 1592.0 590.0 small-vehicle 0
1446.0 495.0 1456.0 497.0 1451.0 516.0 1442.0 514.0 small-vehicle 0
1602.0 527.0 1605.0 517.0 1628.0 525.0 1625.0 534.0 small-vehicle 0
1629.0 533.0 1633.0 523.0 1652.0 532.0 1650.0 541.0 small-vehicle 0
1475.0 9.0 1479.0 2.0 1500.0 9.0 1498.0 16.0 small-vehicle 1
1571.0 38.0 1573.0 29.0 1593.0 34.0 1590.0 44.0 small-vehicle 1
1592.0 45.0 1596.0 36.0 1614.0 41.0 1611.0 50.0 small-vehicle 1
1639.0 49.0 1637.0 59.0 1614.0 51.0 1617.0 41.0 small-vehicle 1
1081.0 569.0 1085.0 560.0 1103.0 574.0 1098.0 580.0 small-vehicle 1
1642.0 413.0 1649.0 410.0 1654.0 427.0 1648.0 429.0 small-vehicle 0
1632.0 409.0 1638.0 407.0 1644.0 426.0 1638.0 428.0 small-vehicle 0
1623.0 406.0 1629.0 404.0 1636.0 422.0 1629.0 424.0 small-vehicle 0
1491.0 480.0 1488.0 489.0 1471.0 484.0 1472.0 473.0 small-vehicle 0
1376.0 444.0 1372.0 455.0 1353.0 447.0 1357.0 436.0 small-vehicle 0
1406.0 454.0 1403.0 465.0 1385.0 457.0 1389.0 448.0 small-vehicle 0
1415.0 428.0 1413.0 439.0 1392.0 434.0 1393.0 423.0 small-vehicle 0
1431.0 459.0 1429.0 469.0 1411.0 464.0 1412.0 453.0 small-vehicle 0
1389.0 473.0 1399.0 475.0 1393.0 495.0 1384.0 492.0 small-vehicle 0
1457.0 391.0 1459.0 381.0 1484.0 390.0 1480.0 399.0 small-vehicle 0
1517.0 491.0 1513.0 499.0 1495.0 490.0 1497.0 482.0 small-vehicle 0
1611.0 403.0 1620.0 401.0 1626.0 418.0 1618.0 421.0 small-vehicle 0
1590.0 513.0 1587.0 521.0 1563.0 512.0 1566.0 505.0 small-vehicle 0
1553.0 421.0 1557.0 411.0 1573.0 420.0 1571.0 428.0 small-vehicle 0
1532.0 416.0 1534.0 406.0 1553.0 412.0 1551.0 422.0 small-vehicle 0
1509.0 408.0 1511.0 399.0 1530.0 406.0 1528.0 415.0 small-vehicle 0
1486.0 400.0 1488.0 390.0 1506.0 399.0 1503.0 407.0 small-vehicle 0
1599.0 400.0 1607.0 398.0 1615.0 413.0 1609.0 417.0 small-vehicle 0
1124.0 596.0 1130.0 587.0 1147.0 597.0 1143.0 607.0 small-vehicle 1
1182.0 629.0 1190.0 620.0 1208.0 634.0 1201.0 643.0 small-vehicle 1
1223.0 654.0 1229.0 645.0 1245.0 660.0 1242.0 667.0 small-vehicle 1
281.0 208.0 273.0 203.0 283.0 186.0 293.0 191.0 ship 1
101.0 86.0 103.0 80.0 121.0 88.0 118.0 95.0 ship 1
88.0 101.0 91.0 94.0 107.0 101.0 103.0 107.0 ship 1
77.0 85.0 82.0 78.0 93.0 87.0 89.0 93.0 ship 1
82.0 79.0 88.0 73.0 98.0 83.0 94.0 88.0 ship 1
87.0 75.0 91.0 68.0 105.0 78.0 98.0 84.0 ship 1
259.0 226.0 264.0 216.0 287.0 230.0 285.0 240.0 ship 1
314.0 228.0 304.0 224.0 314.0 200.0 325.0 206.0 ship 1
1346.0 783.0 1340.0 790.0 1326.0 781.0 1331.0 772.0 ship 1
363.0 231.0 374.0 238.0 362.0 260.0 351.0 254.0 ship 1
380.0 242.0 391.0 248.0 378.0 269.0 367.0 264.0 ship 1
373.0 309.0 384.0 314.0 370.0 337.0 361.0 333.0 ship 1
418.0 284.0 411.0 295.0 390.0 282.0 399.0 270.0 ship 1
345.0 222.0 354.0 226.0 344.0 243.0 335.0 240.0 ship 1
1268.0 662.0 1275.0 652.0 1297.0 665.0 1291.0 675.0 small-vehicle 1
90.0 90.0 94.0 83.0 110.0 93.0 104.0 99.0 ship 1
964.0 544.0 968.0 533.0 996.0 551.0 992.0 562.0 ship 1
1244.0 667.0 1248.0 658.0 1265.0 672.0 1260.0 679.0 small-vehicle 1
289.0 209.0 280.0 204.0 289.0 191.0 296.0 196.0 ship 0
1293.0 150.0 1299.0 134.0 1333.0 146.0 1329.0 162.0 swimming-pool 0
1570.0 161.0 1582.0 163.0 1579.0 178.0 1569.0 176.0 swimming-pool 0
1524.0 888.0 1517.0 898.0 1495.0 885.0 1501.0 874.0 ship 0
1499.0 925.0 1494.0 935.0 1472.0 922.0 1477.0 911.0 ship 0
1550.0 969.0 1556.0 959.0 1576.0 971.0 1571.0 981.0 ship 0
594.0 437.0 606.0 433.0 611.0 451.0 602.0 455.0 ship 0
191.0 198.0 195.0 202.0 187.0 216.0 181.0 213.0 ship 0
883.0 505.0 891.0 497.0 913.0 509.0 907.0 518.0 ship 1
198.0 200.0 192.0 194.0 203.0 179.0 209.0 185.0 ship 0
252.0 190.0 258.0 193.0 251.0 207.0 245.0 202.0 ship 0
339.0 130.0 332.0 125.0 339.0 110.0 347.0 115.0 small-vehicle 0
526.0 376.0 520.0 372.0 526.0 356.0 534.0 361.0 ship 0
543.0 421.0 546.0 415.0 561.0 424.0 557.0 431.0 ship 0
386.0 211.0 394.0 217.0 385.0 232.0 376.0 228.0 ship 0
1312.0 451.0 1320.0 453.0 1317.0 471.0 1309.0 470.0 small-vehicle 0
1284.0 442.0 1295.0 445.0 1287.0 466.0 1277.0 461.0 small-vehicle 0
1294.0 419.0 1289.0 428.0 1271.0 420.0 1274.0 411.0 small-vehicle 0
749.0 482.0 743.0 489.0 723.0 476.0 729.0 467.0 ship 0
750.0 504.0 756.0 495.0 779.0 508.0 773.0 518.0 ship 0
742.0 515.0 747.0 507.0 768.0 520.0 763.0 527.0 ship 0
718.0 534.0 713.0 542.0 693.0 531.0 698.0 522.0 ship 0
725.0 520.0 720.0 529.0 701.0 518.0 707.0 508.0 ship 0
733.0 507.0 729.0 516.0 708.0 505.0 714.0 496.0 ship 0
742.0 494.0 736.0 503.0 715.0 490.0 719.0 482.0 ship 0
59.0 951.0 87.0 969.0 38.0 1048.0 12.0 1030.0 harbor 0
765.0 455.0 759.0 463.0 739.0 450.0 744.0 442.0 ship 0
79.0 888.0 70.0 889.0 67.0 871.0 76.0 869.0 ship 0
83.0 956.0 80.0 948.0 94.0 941.0 98.0 948.0 ship 0
137.0 954.0 129.0 949.0 140.0 931.0 148.0 937.0 ship 0
185.0 29.0 176.0 22.0 187.0 5.0 196.0 9.0 small-vehicle 0
204.0 17.0 213.0 21.0 203.0 41.0 195.0 36.0 small-vehicle 0
237.0 66.0 228.0 61.0 234.0 42.0 242.0 48.0 small-vehicle 0
757.0 469.0 752.0 477.0 731.0 464.0 737.0 456.0 ship 0
774.0 462.0 780.0 454.0 802.0 468.0 797.0 477.0 ship 0
513.0 222.0 523.0 229.0 510.0 249.0 503.0 245.0 small-vehicle 0
663.0 416.0 659.0 422.0 643.0 413.0 647.0 407.0 ship 0
546.0 405.0 550.0 399.0 563.0 407.0 560.0 414.0 ship 0
542.0 412.0 546.0 405.0 560.0 414.0 556.0 420.0 ship 0
518.0 448.0 527.0 435.0 568.0 461.0 560.0 473.0 ship 0
646.0 443.0 642.0 450.0 627.0 439.0 632.0 434.0 ship 0
652.0 434.0 648.0 440.0 632.0 432.0 635.0 426.0 ship 0
656.0 427.0 653.0 432.0 635.0 424.0 638.0 418.0 ship 0
672.0 404.0 668.0 409.0 650.0 401.0 654.0 395.0 ship 0
772.0 442.0 766.0 450.0 748.0 439.0 752.0 431.0 ship 0
675.0 391.0 672.0 397.0 655.0 391.0 658.0 384.0 ship 0
643.0 368.0 651.0 372.0 643.0 387.0 635.0 383.0 ship 0
634.0 361.0 641.0 364.0 634.0 379.0 627.0 375.0 ship 0
620.0 353.0 628.0 357.0 619.0 372.0 612.0 367.0 ship 0
694.0 418.0 709.0 426.0 682.0 477.0 666.0 467.0 ship 0
714.0 411.0 704.0 404.0 717.0 381.0 726.0 387.0 ship 0
281.0 67.0 292.0 73.0 278.0 94.0 268.0 90.0 small-vehicle 0
547.0 271.0 539.0 268.0 545.0 252.0 552.0 257.0 small-vehicle 0
1249.0 403.0 1245.0 413.0 1226.0 407.0 1230.0 396.0 small-vehicle 0
1152.0 294.0 1154.0 285.0 1174.0 292.0 1170.0 300.0 small-vehicle 0
1007.0 111.0 1015.0 115.0 1010.0 131.0 1003.0 129.0 small-vehicle 0
1072.0 231.0 1072.0 241.0 1052.0 235.0 1055.0 225.0 small-vehicle 0
1100.0 230.0 1097.0 239.0 1079.0 233.0 1083.0 224.0 small-vehicle 0
1084.0 223.0 1087.0 215.0 1104.0 222.0 1100.0 230.0 small-vehicle 0
1096.0 184.0 1099.0 173.0 1118.0 182.0 1113.0 191.0 small-vehicle 0
1032.0 163.0 1040.0 159.0 1052.0 176.0 1046.0 181.0 small-vehicle 0
1266.0 304.0 1257.0 300.0 1263.0 282.0 1272.0 285.0 small-vehicle 0
970.0 102.0 977.0 96.0 986.0 115.0 979.0 119.0 small-vehicle 0
1356.0 330.0 1347.0 326.0 1354.0 309.0 1362.0 313.0 small-vehicle 0
1367.0 334.0 1359.0 330.0 1364.0 314.0 1373.0 316.0 small-vehicle 0
1389.0 274.0 1400.0 277.0 1395.0 295.0 1385.0 292.0 small-vehicle 0
1406.0 280.0 1417.0 284.0 1410.0 302.0 1402.0 299.0 small-vehicle 0
1424.0 300.0 1416.0 299.0 1418.0 279.0 1427.0 281.0 small-vehicle 0
1226.0 423.0 1236.0 426.0 1229.0 446.0 1221.0 441.0 small-vehicle 0
984.0 105.0 993.0 103.0 998.0 120.0 990.0 123.0 small-vehicle 0
952.0 95.0 958.0 90.0 969.0 108.0 963.0 113.0 small-vehicle 0
603.0 225.0 611.0 228.0 603.0 248.0 594.0 244.0 small-vehicle 0
601.0 305.0 590.0 300.0 602.0 281.0 609.0 288.0 small-vehicle 0
622.0 232.0 632.0 237.0 621.0 257.0 612.0 252.0 small-vehicle 0
621.0 212.0 628.0 216.0 620.0 233.0 613.0 230.0 small-vehicle 0
544.0 139.0 539.0 148.0 521.0 137.0 524.0 130.0 small-vehicle 0
565.0 282.0 555.0 279.0 563.0 263.0 570.0 267.0 small-vehicle 0
573.0 288.0 563.0 283.0 571.0 267.0 579.0 273.0 small-vehicle 0
591.0 297.0 580.0 291.0 588.0 273.0 598.0 279.0 small-vehicle 0
609.0 312.0 600.0 306.0 611.0 286.0 617.0 293.0 small-vehicle 0
925.0 85.0 933.0 83.0 943.0 101.0 937.0 104.0 small-vehicle 0
881.0 205.0 886.0 195.0 902.0 203.0 899.0 212.0 small-vehicle 0
901.0 213.0 906.0 201.0 921.0 210.0 918.0 220.0 small-vehicle 0
1015.0 196.0 1012.0 206.0 994.0 200.0 997.0 191.0 small-vehicle 0
1010.0 142.0 1012.0 131.0 1037.0 138.0 1032.0 149.0 small-vehicle 0
895.0 79.0 904.0 74.0 915.0 94.0 909.0 99.0 small-vehicle 0
911.0 79.0 923.0 79.0 929.0 102.0 920.0 103.0 small-vehicle 0
1220.0 106.0 1231.0 79.0 1278.0 96.0 1268.0 123.0 swimming-pool 0
