imagesource:GoogleEarth
gsd:0.119553251171
1262.0 665.0 1253.0 634.0 1341.0 623.0 1350.0 649.0 large-vehicle 0
773.0 100.0 791.0 109.0 773.0 145.0 757.0 138.0 small-vehicle 0
971.0 1255.0 949.0 1259.0 939.0 1214.0 959.0 1209.0 small-vehicle 0
390.0 1029.0 398.0 1060.0 305.0 1081.0 296.0 1048.0 large-vehicle 0
229.0 956.0 255.0 949.0 276.0 1013.0 247.0 1019.0 large-vehicle 0
199.0 964.0 227.0 957.0 244.0 1024.0 216.0 1029.0 large-vehicle 0
69.0 353.0 92.0 346.0 108.0 413.0 85.0 418.0 small-vehicle 0
112.0 280.0 106.0 261.0 165.0 248.0 169.0 268.0 small-vehicle 0
956.0 956.0 983.0 949.0 1000.0 1010.0 971.0 1019.0 large-vehicle 0
893.0 960.0 924.0 954.0 944.0 1023.0 914.0 1032.0 large-vehicle 0
921.0 755.0 948.0 748.0 976.0 840.0 947.0 849.0 large-vehicle 0
730.0 807.0 759.0 800.0 779.0 880.0 747.0 886.0 large-vehicle 0
1355.0 842.0 1350.0 820.0 1419.0 807.0 1424.0 829.0 large-vehicle 0
1273.0 818.0 1269.0 796.0 1364.0 776.0 1370.0 799.0 large-vehicle 0
1267.0 788.0 1260.0 765.0 1353.0 743.0 1361.0 767.0 large-vehicle 0
1270.0 728.0 1264.0 705.0 1364.0 683.0 1369.0 705.0 large-vehicle 0
1090.0 643.0 1061.0 650.0 1042.0 558.0 1069.0 551.0 large-vehicle 0
1150.0 626.0 1119.0 630.0 1104.0 538.0 1135.0 532.0 large-vehicle 0
1346.0 440.0 1352.0 458.0 1305.0 473.0 1299.0 455.0 large-vehicle 0
1286.0 447.0 1292.0 466.0 1234.0 486.0 1227.0 466.0 large-vehicle 0
1168.0 472.0 1173.0 494.0 1084.0 513.0 1080.0 491.0 large-vehicle 0
864.0 987.0 890.0 980.0 905.0 1029.0 879.0 1039.0 small-vehicle 0
738.0 108.0 757.0 115.0 744.0 152.0 725.0 147.0 small-vehicle 0
1261.0 631.0 1253.0 602.0 1335.0 589.0 1342.0 620.0 large-vehicle 0
675.0 120.0 697.0 125.0 683.0 164.0 662.0 159.0 small-vehicle 0
854.0 651.0 847.0 623.0 944.0 608.0 949.0 639.0 large-vehicle 0
902.0 117.0 879.0 107.0 897.0 73.0 915.0 82.0 small-vehicle 0
1252.0 759.0 1248.0 736.0 1310.0 722.0 1316.0 744.0 large-vehicle 0
1166.0 890.0 1191.0 885.0 1213.0 954.0 1188.0 962.0 large-vehicle 0
1129.0 885.0 1153.0 880.0 1185.0 971.0 1161.0 978.0 large-vehicle 0
1096.0 894.0 1124.0 887.0 1147.0 961.0 1122.0 966.0 large-vehicle 0
1064.0 896.0 1091.0 888.0 1123.0 983.0 1099.0 989.0 large-vehicle 0
1037.0 903.0 1065.0 896.0 1095.0 991.0 1068.0 996.0 large-vehicle 0
1008.0 932.0 1041.0 923.0 1064.0 997.0 1033.0 1004.0 large-vehicle 0
759.0 803.0 783.0 797.0 808.0 865.0 782.0 874.0 large-vehicle 0
787.0 791.0 813.0 784.0 838.0 858.0 813.0 862.0 large-vehicle 0
847.0 773.0 874.0 767.0 899.0 845.0 868.0 851.0 large-vehicle 0
952.0 754.0 980.0 744.0 1009.0 842.0 981.0 851.0 large-vehicle 0
880.0 767.0 910.0 758.0 933.0 856.0 900.0 865.0 large-vehicle 0
1059.0 652.0 1030.0 659.0 1004.0 561.0 1039.0 553.0 large-vehicle 0
938.0 569.0 970.0 561.0 1000.0 653.0 970.0 661.0 large-vehicle 0
700.0 626.0 728.0 618.0 748.0 707.0 722.0 714.0 large-vehicle 0
759.0 606.0 787.0 598.0 812.0 692.0 784.0 697.0 large-vehicle 0
976.0 54.0 997.0 59.0 981.0 96.0 962.0 89.0 small-vehicle 0
1070.0 402.0 1075.0 424.0 1018.0 439.0 1012.0 416.0 large-vehicle 0
