imagesource:GoogleEarth
gsd:0.126651675575
834.0 70.0 823.0 77.0 810.0 61.0 822.0 52.0 ship 1
514.0 436.0 533.0 437.0 529.0 482.0 512.0 480.0 small-vehicle 0
315.0 252.0 311.0 270.0 271.0 260.0 275.0 244.0 ship 0
317.0 204.0 315.0 223.0 251.0 218.0 252.0 199.0 ship 0
321.0 258.0 306.0 256.0 309.0 219.0 325.0 221.0 ship 0
241.0 200.0 238.0 219.0 185.0 207.0 189.0 190.0 ship 0
183.0 185.0 181.0 203.0 127.0 192.0 131.0 175.0 ship 0
118.0 172.0 112.0 191.0 64.0 177.0 70.0 156.0 ship 0
1315.0 86.0 1312.0 117.0 1210.0 114.0 1212.0 83.0 harbor 0
1497.0 94.0 1493.0 121.0 1383.0 108.0 1387.0 83.0 harbor 0
1623.0 129.0 1552.0 126.0 1555.0 66.0 1624.0 72.0 harbor 0
1665.0 306.0 1702.0 308.0 1703.0 375.0 1667.0 375.0 harbor 0
1593.0 348.0 1627.0 325.0 1664.0 388.0 1633.0 408.0 harbor 0
1532.0 392.0 1565.0 369.0 1605.0 429.0 1571.0 451.0 harbor 0
1470.0 435.0 1505.0 408.0 1545.0 469.0 1512.0 493.0 harbor 0
1416.0 475.0 1444.0 455.0 1485.0 517.0 1457.0 533.0 harbor 0
1280.0 429.0 1292.0 448.0 1209.0 507.0 1198.0 488.0 harbor 0
1146.0 292.0 1145.0 268.0 1249.0 268.0 1249.0 293.0 harbor 0
1035.0 253.0 1082.0 256.0 1076.0 329.0 1032.0 326.0 harbor 0
967.0 250.0 1014.0 254.0 1010.0 321.0 962.0 320.0 harbor 0
888.0 247.0 939.0 250.0 934.0 317.0 885.0 314.0 harbor 0
827.0 238.0 867.0 242.0 864.0 316.0 821.0 314.0 harbor 0
755.0 238.0 791.0 240.0 789.0 305.0 752.0 302.0 harbor 0
674.0 231.0 716.0 236.0 710.0 304.0 668.0 300.0 harbor 0
591.0 226.0 642.0 227.0 639.0 301.0 589.0 297.0 harbor 0
460.0 227.0 499.0 230.0 496.0 292.0 454.0 291.0 harbor 0
367.0 221.0 424.0 225.0 419.0 291.0 361.0 285.0 harbor 0
251.0 217.0 307.0 221.0 298.0 284.0 244.0 276.0 harbor 0
190.0 207.0 230.0 215.0 220.0 273.0 180.0 269.0 harbor 0
129.0 191.0 168.0 199.0 154.0 265.0 114.0 256.0 harbor 0
67.0 175.0 106.0 185.0 89.0 255.0 50.0 245.0 harbor 0
366.0 223.0 367.0 202.0 420.0 205.0 418.0 226.0 ship 0
520.0 213.0 515.0 237.0 457.0 223.0 462.0 200.0 ship 0
664.0 225.0 667.0 207.0 719.0 218.0 714.0 239.0 ship 0
1627.0 304.0 1638.0 320.0 1591.0 349.0 1582.0 333.0 ship 0
270.0 517.0 271.0 501.0 313.0 503.0 311.0 519.0 small-vehicle 0
399.0 526.0 402.0 510.0 437.0 516.0 434.0 531.0 small-vehicle 0
220.0 515.0 222.0 498.0 260.0 501.0 259.0 517.0 small-vehicle 0
73.0 19.0 81.0 4.0 128.0 24.0 123.0 41.0 ship 0
264.0 60.0 267.0 41.0 312.0 46.0 311.0 65.0 ship 0
755.0 23.0 765.0 40.0 719.0 70.0 708.0 52.0 ship 0
777.0 2.0 799.0 0.0 825.0 35.0 809.0 47.0 ship 1
761.0 34.0 779.0 24.0 816.0 85.0 796.0 97.0 ship 0
1264.0 109.0 1265.0 130.0 1211.0 132.0 1211.0 110.0 ship 0
1251.0 83.0 1254.0 70.0 1286.0 75.0 1283.0 90.0 ship 0
1312.0 114.0 1312.0 131.0 1268.0 130.0 1267.0 113.0 ship 0
1380.0 128.0 1383.0 105.0 1440.0 111.0 1438.0 134.0 ship 0
1616.0 129.0 1615.0 145.0 1569.0 142.0 1570.0 125.0 ship 0
1558.0 351.0 1569.0 367.0 1524.0 399.0 1513.0 381.0 ship 0
644.0 207.0 646.0 225.0 598.0 226.0 597.0 208.0 ship 0
1496.0 394.0 1507.0 405.0 1472.0 435.0 1462.0 423.0 ship 0
1489.0 485.0 1472.0 498.0 1443.0 455.0 1460.0 443.0 ship 0
1442.0 509.0 1431.0 519.0 1398.0 477.0 1412.0 467.0 ship 0
1427.0 523.0 1412.0 533.0 1387.0 500.0 1399.0 489.0 ship 0
1291.0 400.0 1306.0 419.0 1251.0 456.0 1237.0 437.0 ship 0
1206.0 279.0 1206.0 298.0 1155.0 300.0 1154.0 281.0 ship 0
1212.0 244.0 1212.0 269.0 1141.0 268.0 1143.0 244.0 ship 0
1055.0 285.0 1044.0 284.0 1045.0 248.0 1057.0 249.0 ship 0
1102.0 299.0 1085.0 302.0 1080.0 255.0 1095.0 253.0 ship 0
892.0 244.0 894.0 229.0 938.0 232.0 937.0 247.0 ship 0
824.0 283.0 806.0 281.0 811.0 234.0 827.0 235.0 ship 0
789.0 255.0 804.0 251.0 813.0 284.0 796.0 289.0 ship 0
753.0 285.0 735.0 282.0 738.0 239.0 758.0 242.0 ship 0
310.0 46.0 236.0 36.0 241.0 1.0 317.0 2.0 harbor 1
