imagesource:GoogleEarth
gsd:0.129885012035
562.0 523.0 579.0 551.0 537.0 584.0 518.0 553.0 harbor 0
511.0 521.0 504.0 508.0 545.0 482.0 554.0 495.0 ship 0
224.0 83.0 212.0 71.0 243.0 40.0 257.0 52.0 ship 0
227.0 135.0 211.0 113.0 270.0 70.0 289.0 93.0 ship 0
260.0 147.0 250.0 135.0 292.0 104.0 303.0 119.0 ship 0
280.0 210.0 266.0 187.0 338.0 137.0 356.0 164.0 ship 0
325.0 239.0 314.0 226.0 355.0 194.0 366.0 207.0 ship 0
379.0 234.0 395.0 221.0 443.0 277.0 427.0 293.0 ship 0
379.0 353.0 371.0 340.0 413.0 313.0 422.0 327.0 ship 0
675.0 598.0 692.0 623.0 611.0 682.0 593.0 655.0 ship 0
731.0 824.0 720.0 812.0 748.0 790.0 759.0 804.0 ship 0
660.0 688.0 652.0 675.0 679.0 657.0 689.0 671.0 ship 0
623.0 715.0 615.0 702.0 649.0 676.0 659.0 690.0 ship 0
643.0 741.0 630.0 718.0 695.0 671.0 712.0 695.0 ship 0
678.0 762.0 669.0 748.0 712.0 720.0 720.0 737.0 ship 0
904.0 765.0 911.0 780.0 876.0 802.0 868.0 785.0 ship 0
831.0 701.0 845.0 692.0 873.0 728.0 857.0 739.0 ship 0
799.0 703.0 814.0 691.0 840.0 737.0 826.0 747.0 ship 0
1376.0 403.0 1419.0 418.0 1393.0 492.0 1352.0 480.0 harbor 0
1308.0 379.0 1348.0 393.0 1324.0 469.0 1284.0 456.0 harbor 0
1253.0 352.0 1277.0 361.0 1244.0 452.0 1222.0 444.0 harbor 0
1168.0 334.0 1216.0 353.0 1192.0 425.0 1144.0 407.0 harbor 0
293.0 120.0 306.0 140.0 250.0 183.0 233.0 161.0 harbor 0
332.0 177.0 346.0 197.0 286.0 239.0 272.0 218.0 harbor 0
377.0 241.0 407.0 278.0 354.0 323.0 321.0 285.0 harbor 0
424.0 324.0 462.0 381.0 412.0 413.0 374.0 361.0 harbor 0
526.0 452.0 553.0 496.0 494.0 531.0 468.0 493.0 harbor 0
599.0 576.0 623.0 614.0 577.0 647.0 550.0 610.0 harbor 0
660.0 646.0 675.0 667.0 621.0 706.0 604.0 686.0 harbor 0
698.0 701.0 713.0 721.0 658.0 759.0 643.0 740.0 harbor 0
720.0 753.0 747.0 792.0 699.0 824.0 674.0 788.0 harbor 0
847.0 746.0 794.0 668.0 845.0 630.0 900.0 708.0 harbor 0
765.0 200.0 856.0 236.0 830.0 303.0 740.0 266.0 harbor 0
907.0 253.0 950.0 269.0 928.0 340.0 882.0 324.0 harbor 0
972.0 280.0 1012.0 294.0 989.0 358.0 947.0 341.0 harbor 0
1037.0 290.0 1079.0 306.0 1052.0 384.0 1010.0 368.0 harbor 0
1103.0 311.0 1138.0 322.0 1112.0 407.0 1073.0 393.0 harbor 0
817.0 635.0 826.0 648.0 790.0 675.0 781.0 660.0 ship 0
804.0 214.0 810.0 198.0 851.0 214.0 845.0 232.0 ship 0
893.0 232.0 912.0 236.0 895.0 290.0 878.0 283.0 ship 0
1276.0 153.0 1282.0 169.0 1239.0 187.0 1232.0 170.0 ship 0
839.0 51.0 837.0 68.0 786.0 63.0 788.0 44.0 ship 0
28.0 326.0 42.0 317.0 62.0 346.0 50.0 355.0 small-vehicle 0
167.0 586.0 151.0 596.0 127.0 564.0 142.0 552.0 small-vehicle 0
290.0 532.0 302.0 548.0 268.0 574.0 255.0 558.0 small-vehicle 0
302.0 723.0 315.0 713.0 335.0 743.0 323.0 751.0 small-vehicle 0
311.0 793.0 298.0 803.0 280.0 774.0 294.0 765.0 small-vehicle 0
1242.0 680.0 1249.0 661.0 1283.0 676.0 1279.0 693.0 small-vehicle 0
1108.0 632.0 1112.0 617.0 1150.0 629.0 1143.0 646.0 small-vehicle 0
885.0 552.0 891.0 538.0 930.0 552.0 924.0 567.0 small-vehicle 0
1288.0 774.0 1305.0 763.0 1328.0 805.0 1312.0 814.0 small-vehicle 0
123.0 431.0 108.0 442.0 88.0 411.0 104.0 401.0 small-vehicle 0
349.0 785.0 362.0 775.0 390.0 813.0 377.0 824.0 small-vehicle 0
1323.0 706.0 1327.0 690.0 1371.0 705.0 1367.0 723.0 small-vehicle 0
799.0 420.0 816.0 427.0 802.0 461.0 785.0 454.0 small-vehicle 0
679.0 534.0 704.0 529.0 715.0 566.0 696.0 570.0 ship 0
923.0 84.0 915.0 109.0 827.0 82.0 838.0 57.0 ship 0
1321.0 234.0 1319.0 253.0 1276.0 245.0 1280.0 226.0 ship 0
1027.0 284.0 1018.0 301.0 971.0 277.0 981.0 258.0 ship 0
1304.0 84.0 1315.0 74.0 1344.0 105.0 1334.0 117.0 ship 0
1043.0 293.0 1048.0 279.0 1083.0 293.0 1078.0 308.0 ship 0
1245.0 334.0 1234.0 362.0 1162.0 330.0 1173.0 305.0 ship 0
1154.0 381.0 1138.0 376.0 1152.0 328.0 1167.0 335.0 ship 0
1277.0 422.0 1256.0 414.0 1271.0 364.0 1292.0 371.0 ship 0
1238.0 399.0 1226.0 394.0 1238.0 359.0 1250.0 364.0 ship 0
1363.0 445.0 1349.0 438.0 1364.0 397.0 1379.0 403.0 ship 0
1409.0 478.0 1383.0 472.0 1399.0 398.0 1424.0 407.0 ship 0
1356.0 218.0 1337.0 237.0 1286.0 186.0 1304.0 167.0 ship 0
1299.0 131.0 1311.0 120.0 1340.0 148.0 1328.0 162.0 ship 0
1286.0 109.0 1295.0 134.0 1213.0 169.0 1203.0 143.0 ship 0
1297.0 67.0 1308.0 92.0 1225.0 127.0 1216.0 96.0 ship 0
1297.0 27.0 1307.0 44.0 1248.0 78.0 1239.0 60.0 ship 0
1242.0 43.0 1229.0 21.0 1260.0 1.0 1314.0 3.0 ship 1
1331.0 12.0 1346.0 2.0 1370.0 36.0 1358.0 47.0 ship 0
1310.0 43.0 1330.0 29.0 1380.0 90.0 1359.0 108.0 ship 0
240.0 54.0 257.0 82.0 204.0 116.0 186.0 91.0 harbor 0
