imagesource:GoogleEarth
gsd:0.133212334931
1216.0 16.0 1234.0 14.0 1241.0 53.0 1226.0 57.0 small-vehicle 1
33.0 762.0 15.0 767.0 8.0 732.0 25.0 727.0 small-vehicle 0
1292.0 92.0 1404.0 71.0 1444.0 277.0 1331.0 299.0 basketball-court 0
381.0 419.0 669.0 362.0 708.0 632.0 432.0 701.0 baseball-diamond 0
488.0 1152.0 460.0 950.0 667.0 920.0 693.0 1131.0 baseball-diamond 0
1174.0 1025.0 984.0 1056.0 960.0 865.0 1150.0 834.0 baseball-diamond 0
1219.0 395.0 1306.0 377.0 1339.0 553.0 1255.0 569.0 tennis-court 0
1358.0 371.0 1441.0 353.0 1472.0 530.0 1390.0 545.0 tennis-court 0
1550.0 10.0 1553.0 25.0 1517.0 32.0 1512.0 18.0 small-vehicle 0
1556.0 47.0 1559.0 62.0 1522.0 68.0 1518.0 54.0 small-vehicle 0
1473.0 106.0 1491.0 103.0 1497.0 141.0 1481.0 143.0 small-vehicle 0
1570.0 121.0 1573.0 137.0 1533.0 143.0 1531.0 128.0 small-vehicle 0
1563.0 86.0 1567.0 101.0 1533.0 106.0 1529.0 92.0 small-vehicle 0
1580.0 182.0 1582.0 196.0 1551.0 198.0 1549.0 186.0 small-vehicle 0
1584.0 239.0 1587.0 254.0 1553.0 261.0 1549.0 247.0 small-vehicle 0
1489.0 271.0 1475.0 273.0 1469.0 235.0 1483.0 232.0 small-vehicle 0
52.0 945.0 69.0 942.0 72.0 978.0 57.0 980.0 small-vehicle 0
1606.0 310.0 1608.0 327.0 1574.0 334.0 1570.0 320.0 small-vehicle 1
84.0 1056.0 68.0 1059.0 64.0 1023.0 80.0 1019.0 small-vehicle 0
131.0 1229.0 135.0 1248.0 95.0 1258.0 91.0 1239.0 small-vehicle 0
1550.0 29.0 1553.0 46.0 1520.0 52.0 1516.0 35.0 small-vehicle 1
1463.0 109.0 1445.0 112.0 1440.0 79.0 1458.0 76.0 small-vehicle 1
1564.0 61.0 1567.0 79.0 1529.0 86.0 1523.0 69.0 small-vehicle 1
1076.0 1.0 1079.0 17.0 1046.0 25.0 1043.0 10.0 small-vehicle 1
1079.0 19.0 1081.0 35.0 1047.0 41.0 1045.0 24.0 small-vehicle 1
1139.0 29.0 1135.0 11.0 1174.0 2.0 1178.0 20.0 small-vehicle 1
1573.0 142.0 1576.0 161.0 1544.0 169.0 1539.0 151.0 small-vehicle 1
1584.0 196.0 1587.0 215.0 1552.0 220.0 1549.0 202.0 small-vehicle 1
1592.0 1210.0 1596.0 1229.0 1571.0 1235.0 1565.0 1219.0 small-vehicle 1
1248.0 1225.0 1266.0 1222.0 1272.0 1259.0 1254.0 1262.0 small-vehicle 1
1286.0 1163.0 1290.0 1180.0 1256.0 1190.0 1251.0 1174.0 small-vehicle 1
1596.0 274.0 1598.0 292.0 1559.0 296.0 1553.0 280.0 small-vehicle 1
1166.0 112.0 1284.0 91.0 1320.0 298.0 1206.0 324.0 basketball-court 0
