imagesource:GoogleEarth
gsd:0.137225653684
391.0 886.0 437.0 887.0 433.0 1001.0 387.0 1001.0 tennis-court 0
444.0 1020.0 443.0 1002.0 485.0 1001.0 487.0 1018.0 small-vehicle 0
599.0 913.0 618.0 912.0 616.0 955.0 598.0 955.0 large-vehicle 0
449.0 997.0 451.0 976.0 495.0 977.0 495.0 998.0 large-vehicle 0
776.0 549.0 878.0 552.0 878.0 747.0 771.0 746.0 basketball-court 1
263.0 587.0 346.0 591.0 338.0 763.0 256.0 761.0 tennis-court 0
387.0 592.0 470.0 596.0 462.0 768.0 379.0 765.0 tennis-court 0
516.0 574.0 599.0 577.0 592.0 751.0 510.0 749.0 tennis-court 0
652.0 579.0 735.0 582.0 728.0 756.0 645.0 753.0 tennis-court 0
688.0 280.0 770.0 283.0 764.0 457.0 682.0 454.0 tennis-court 0
529.0 273.0 611.0 276.0 604.0 450.0 523.0 446.0 tennis-court 0
394.0 267.0 477.0 271.0 472.0 445.0 387.0 442.0 tennis-court 0
