imagesource:GoogleEarth
gsd:0.259151299265
393.0 1402.0 404.0 1400.0 405.0 1423.0 395.0 1424.0 small-vehicle 0
809.0 1676.0 806.0 1664.0 829.0 1663.0 829.0 1673.0 small-vehicle 0
1121.0 583.0 1120.0 572.0 1143.0 571.0 1143.0 583.0 small-vehicle 0
1785.0 1038.0 1780.0 1044.0 1760.0 1034.0 1765.0 1025.0 small-vehicle 0
1778.0 1046.0 1775.0 1054.0 1753.0 1046.0 1755.0 1037.0 small-vehicle 0
1627.0 1255.0 1617.0 1255.0 1619.0 1231.0 1627.0 1233.0 small-vehicle 0
1749.0 1151.0 1737.0 1152.0 1733.0 1130.0 1744.0 1127.0 small-vehicle 0
1727.0 1910.0 1728.0 1900.0 1748.0 1902.0 1749.0 1910.0 small-vehicle 0
1640.0 1908.0 1639.0 1895.0 1664.0 1895.0 1665.0 1908.0 small-vehicle 0
1357.0 1697.0 1365.0 1707.0 1353.0 1722.0 1345.0 1716.0 small-vehicle 0
1365.0 1567.0 1374.0 1568.0 1373.0 1591.0 1364.0 1590.0 small-vehicle 0
1626.0 1334.0 1623.0 1322.0 1662.0 1316.0 1665.0 1329.0 large-vehicle 0
1597.0 1493.0 1601.0 1503.0 1583.0 1506.0 1580.0 1498.0 small-vehicle 0
1551.0 1417.0 1551.0 1405.0 1575.0 1407.0 1576.0 1416.0 small-vehicle 0
1602.0 1393.0 1605.0 1404.0 1580.0 1406.0 1579.0 1397.0 small-vehicle 0
1650.0 1374.0 1650.0 1383.0 1625.0 1385.0 1625.0 1376.0 small-vehicle 0
1664.0 1232.0 1665.0 1241.0 1648.0 1245.0 1645.0 1237.0 small-vehicle 0
1520.0 1254.0 1514.0 1261.0 1496.0 1247.0 1504.0 1239.0 small-vehicle 0
1552.0 1222.0 1556.0 1209.0 1580.0 1218.0 1577.0 1228.0 small-vehicle 0
1416.0 1219.0 1406.0 1210.0 1421.0 1193.0 1431.0 1202.0 small-vehicle 0
951.0 912.0 951.0 924.0 925.0 922.0 926.0 911.0 small-vehicle 0
972.0 1825.0 973.0 1834.0 954.0 1836.0 952.0 1826.0 small-vehicle 0
1101.0 1780.0 1113.0 1775.0 1117.0 1798.0 1108.0 1800.0 small-vehicle 0
1842.0 1131.0 1854.0 1132.0 1854.0 1154.0 1842.0 1155.0 small-vehicle 0
1957.0 1039.0 1954.0 1027.0 1973.0 1024.0 1976.0 1034.0 small-vehicle 0
1961.0 1039.0 1972.0 1039.0 1974.0 1061.0 1963.0 1061.0 small-vehicle 0
2565.0 738.0 2565.0 748.0 2542.0 744.0 2545.0 736.0 small-vehicle 0
2939.0 912.0 2929.0 907.0 2942.0 886.0 2951.0 892.0 small-vehicle 0
3092.0 731.0 3092.0 718.0 3114.0 718.0 3117.0 728.0 small-vehicle 0
3016.0 691.0 3026.0 689.0 3030.0 715.0 3018.0 717.0 small-vehicle 0
3003.0 691.0 3014.0 689.0 3016.0 715.0 3007.0 716.0 small-vehicle 0
2981.0 690.0 2991.0 690.0 2993.0 714.0 2984.0 715.0 small-vehicle 0
2957.0 695.0 2969.0 693.0 2972.0 713.0 2964.0 715.0 small-vehicle 0
2906.0 699.0 2918.0 697.0 2920.0 723.0 2909.0 723.0 small-vehicle 0
2637.0 836.0 2640.0 828.0 2664.0 835.0 2662.0 843.0 small-vehicle 0
2597.0 727.0 2604.0 721.0 2615.0 740.0 2607.0 745.0 small-vehicle 0
2554.0 750.0 2549.0 761.0 2528.0 751.0 2531.0 742.0 small-vehicle 0
2032.0 1043.0 2022.0 1044.0 2019.0 1020.0 2030.0 1020.0 small-vehicle 0
2738.0 1522.0 2747.0 1522.0 2750.0 1543.0 2739.0 1543.0 small-vehicle 0
2726.0 1522.0 2735.0 1521.0 2738.0 1543.0 2728.0 1543.0 small-vehicle 0
2029.0 1733.0 2032.0 1745.0 2003.0 1746.0 2002.0 1735.0 small-vehicle 0
1938.0 1390.0 1938.0 1399.0 1916.0 1400.0 1915.0 1391.0 small-vehicle 0
2071.0 1159.0 2060.0 1159.0 2059.0 1136.0 2068.0 1134.0 small-vehicle 0
2110.0 1130.0 2121.0 1128.0 2124.0 1154.0 2113.0 1155.0 small-vehicle 0
2050.0 901.0 2043.0 907.0 2031.0 891.0 2037.0 887.0 small-vehicle 0
2040.0 906.0 2035.0 913.0 2019.0 900.0 2027.0 892.0 small-vehicle 0
2094.0 1014.0 2104.0 1013.0 2107.0 1036.0 2097.0 1036.0 small-vehicle 0
1083.0 1780.0 1095.0 1780.0 1098.0 1805.0 1088.0 1805.0 small-vehicle 0
808.0 1643.0 811.0 1652.0 792.0 1657.0 790.0 1647.0 small-vehicle 0
3340.0 1270.0 3326.0 1269.0 3326.0 1238.0 3343.0 1238.0 small-vehicle 0
816.0 1558.0 821.0 1570.0 797.0 1574.0 794.0 1564.0 small-vehicle 0
3034.0 186.0 3038.0 323.0 2912.0 333.0 2900.0 188.0 plane 0
2599.0 213.0 2605.0 357.0 2462.0 367.0 2460.0 223.0 plane 0
2327.0 511.0 2191.0 553.0 2153.0 413.0 2296.0 380.0 plane 0
2556.0 1673.0 2461.0 1777.0 2356.0 1692.0 2439.0 1586.0 plane 0
2666.0 1487.0 2651.0 1607.0 2515.0 1596.0 2532.0 1473.0 plane 0
2703.0 1216.0 2705.0 1353.0 2573.0 1362.0 2570.0 1218.0 plane 0
2692.0 965.0 2618.0 1093.0 2496.0 1027.0 2577.0 893.0 plane 0
2015.0 1675.0 2002.0 1539.0 2186.0 1524.0 2197.0 1662.0 plane 0
1583.0 1389.0 1585.0 1533.0 1428.0 1541.0 1430.0 1395.0 plane 0
1579.0 1225.0 1576.0 1366.0 1401.0 1379.0 1399.0 1234.0 plane 0
1592.0 1107.0 1519.0 1233.0 1383.0 1159.0 1461.0 1035.0 plane 0
922.0 1098.0 810.0 1001.0 915.0 892.0 1021.0 983.0 plane 0
783.0 1142.0 636.0 1149.0 636.0 1001.0 776.0 998.0 plane 0
871.0 1271.0 845.0 1129.0 978.0 1106.0 998.0 1246.0 plane 0
867.0 1371.0 933.0 1247.0 1065.0 1308.0 997.0 1430.0 plane 0
825.0 1523.0 905.0 1406.0 1029.0 1491.0 945.0 1612.0 plane 0
547.0 1664.0 553.0 1808.0 371.0 1821.0 371.0 1670.0 plane 0
304.0 1393.0 372.0 1507.0 254.0 1594.0 177.0 1464.0 plane 0
354.0 1284.0 341.0 1422.0 205.0 1412.0 227.0 1272.0 plane 0
356.0 1189.0 269.0 1303.0 153.0 1213.0 234.0 1104.0 plane 0
372.0 1075.0 250.0 1152.0 181.0 1031.0 302.0 964.0 plane 0
3343.0 178.0 3342.0 276.0 3244.0 289.0 3229.0 194.0 plane 1
3022.0 993.0 2963.0 856.0 3092.0 805.0 3154.0 931.0 plane 0
2963.0 1109.0 2977.0 989.0 3112.0 998.0 3103.0 1120.0 plane 0
473.0 1412.0 478.0 1406.0 492.0 1418.0 488.0 1425.0 small-vehicle 0
489.0 1651.0 488.0 1641.0 510.0 1640.0 511.0 1649.0 small-vehicle 0
840.0 1426.0 848.0 1432.0 834.0 1448.0 828.0 1442.0 small-vehicle 0
825.0 1442.0 817.0 1437.0 830.0 1420.0 836.0 1427.0 small-vehicle 0
822.0 1414.0 826.0 1419.0 818.0 1432.0 811.0 1426.0 small-vehicle 0
801.0 1396.0 809.0 1403.0 800.0 1417.0 792.0 1411.0 small-vehicle 0
762.0 1390.0 774.0 1389.0 773.0 1412.0 764.0 1414.0 small-vehicle 0
544.0 1518.0 545.0 1530.0 522.0 1530.0 521.0 1521.0 small-vehicle 0
487.0 1426.0 493.0 1417.0 512.0 1431.0 504.0 1439.0 small-vehicle 0
481.0 1407.0 489.0 1398.0 508.0 1412.0 502.0 1419.0 small-vehicle 0
464.0 1418.0 472.0 1412.0 486.0 1426.0 481.0 1433.0 small-vehicle 0
3035.0 1282.0 3042.0 1139.0 3174.0 1143.0 3176.0 1281.0 plane 0
461.0 1431.0 467.0 1423.0 484.0 1436.0 480.0 1443.0 small-vehicle 0
476.0 1445.0 469.0 1452.0 457.0 1441.0 461.0 1434.0 small-vehicle 0
410.0 1351.0 416.0 1343.0 430.0 1357.0 424.0 1364.0 small-vehicle 0
694.0 1192.0 684.0 1193.0 683.0 1173.0 692.0 1172.0 small-vehicle 0
810.0 1098.0 800.0 1095.0 805.0 1073.0 813.0 1075.0 small-vehicle 0
366.0 991.0 368.0 1002.0 347.0 1003.0 345.0 995.0 small-vehicle 0
167.0 1065.0 155.0 1067.0 154.0 1042.0 164.0 1041.0 small-vehicle 0
702.0 615.0 702.0 606.0 725.0 604.0 727.0 614.0 small-vehicle 0
3292.0 1566.0 3168.0 1577.0 3154.0 1449.0 3280.0 1438.0 plane 0
3323.0 1267.0 3313.0 1266.0 3315.0 1244.0 3324.0 1245.0 small-vehicle 0
3148.0 1567.0 3136.0 1568.0 3133.0 1542.0 3145.0 1542.0 small-vehicle 0
1017.0 1032.0 1030.0 1031.0 1034.0 1072.0 1020.0 1074.0 large-vehicle 0
2686.0 1907.0 2686.0 1900.0 2706.0 1899.0 2706.0 1906.0 small-vehicle 0
2362.0 1902.0 2361.0 1890.0 2381.0 1890.0 2381.0 1900.0 small-vehicle 0
2396.0 1899.0 2398.0 1888.0 2418.0 1888.0 2418.0 1897.0 small-vehicle 0
2421.0 1862.0 2423.0 1850.0 2446.0 1853.0 2444.0 1862.0 small-vehicle 0
2449.0 1878.0 2449.0 1868.0 2469.0 1866.0 2470.0 1877.0 small-vehicle 0
2491.0 1878.0 2491.0 1867.0 2510.0 1864.0 2513.0 1874.0 small-vehicle 0
2508.0 1889.0 2507.0 1879.0 2528.0 1880.0 2528.0 1888.0 small-vehicle 0
2568.0 1882.0 2567.0 1872.0 2589.0 1873.0 2589.0 1881.0 small-vehicle 0
2634.0 1826.0 2634.0 1816.0 2657.0 1818.0 2656.0 1828.0 small-vehicle 0
2667.0 1839.0 2668.0 1830.0 2686.0 1829.0 2686.0 1839.0 small-vehicle 0
2689.0 1823.0 2689.0 1811.0 2709.0 1812.0 2710.0 1824.0 small-vehicle 0
2696.0 1835.0 2696.0 1825.0 2715.0 1824.0 2717.0 1835.0 small-vehicle 0
2714.0 1821.0 2713.0 1810.0 2734.0 1809.0 2734.0 1820.0 small-vehicle 0
2722.0 1835.0 2721.0 1823.0 2739.0 1821.0 2740.0 1833.0 small-vehicle 0
2739.0 1832.0 2744.0 1823.0 2762.0 1831.0 2759.0 1840.0 small-vehicle 0
2734.0 1819.0 2737.0 1809.0 2758.0 1811.0 2755.0 1822.0 small-vehicle 0
2765.0 1817.0 2764.0 1806.0 2784.0 1806.0 2785.0 1817.0 small-vehicle 0
2765.0 1832.0 2764.0 1821.0 2784.0 1820.0 2785.0 1831.0 small-vehicle 0
2836.0 1827.0 2834.0 1816.0 2857.0 1816.0 2857.0 1826.0 small-vehicle 0
2806.0 1815.0 2805.0 1805.0 2832.0 1806.0 2832.0 1815.0 small-vehicle 0
2787.0 1831.0 2787.0 1820.0 2807.0 1821.0 2806.0 1831.0 small-vehicle 0
2761.0 1847.0 2759.0 1836.0 2782.0 1839.0 2781.0 1848.0 small-vehicle 0
2325.0 1904.0 2324.0 1892.0 2345.0 1892.0 2345.0 1903.0 small-vehicle 0
2301.0 1892.0 2299.0 1883.0 2318.0 1881.0 2319.0 1890.0 small-vehicle 0
2278.0 1909.0 2277.0 1897.0 2299.0 1896.0 2300.0 1907.0 small-vehicle 0
2367.0 1888.0 2366.0 1876.0 2417.0 1873.0 2417.0 1886.0 large-vehicle 0
1006.0 1046.0 997.0 1047.0 996.0 1022.0 1004.0 1022.0 small-vehicle 1
1413.0 856.0 1413.0 867.0 1393.0 866.0 1394.0 856.0 small-vehicle 1
3153.0 1862.0 3153.0 1853.0 3172.0 1853.0 3173.0 1865.0 small-vehicle 1
3144.0 1851.0 3144.0 1841.0 3166.0 1841.0 3166.0 1851.0 small-vehicle 1
2011.0 1877.0 2009.0 1868.0 2029.0 1866.0 2031.0 1874.0 small-vehicle 1
1996.0 1906.0 1994.0 1894.0 2015.0 1893.0 2017.0 1903.0 small-vehicle 1
1954.0 1908.0 1953.0 1898.0 1970.0 1899.0 1971.0 1906.0 small-vehicle 1
2069.0 1888.0 2069.0 1877.0 2118.0 1871.0 2118.0 1884.0 large-vehicle 0
2055.0 1900.0 2054.0 1889.0 2086.0 1889.0 2087.0 1901.0 large-vehicle 0
2095.0 1908.0 2096.0 1899.0 2114.0 1897.0 2115.0 1906.0 small-vehicle 0
2242.0 1899.0 2242.0 1886.0 2263.0 1885.0 2265.0 1897.0 small-vehicle 0
2109.0 1868.0 2108.0 1859.0 2132.0 1858.0 2130.0 1868.0 small-vehicle 0
2147.0 1904.0 2147.0 1890.0 2169.0 1890.0 2168.0 1900.0 small-vehicle 0
2163.0 1892.0 2161.0 1881.0 2183.0 1879.0 2184.0 1889.0 small-vehicle 0
2196.0 1864.0 2197.0 1852.0 2217.0 1853.0 2218.0 1863.0 small-vehicle 0
2196.0 1881.0 2193.0 1869.0 2212.0 1865.0 2215.0 1876.0 small-vehicle 0
2190.0 1904.0 2190.0 1890.0 2211.0 1891.0 2212.0 1901.0 small-vehicle 0
2215.0 1910.0 2215.0 1901.0 2234.0 1901.0 2235.0 1910.0 small-vehicle 0
2213.0 1889.0 2212.0 1878.0 2231.0 1877.0 2233.0 1887.0 small-vehicle 0
2267.0 1883.0 2266.0 1872.0 2285.0 1870.0 2286.0 1881.0 small-vehicle 0
2788.0 1901.0 2789.0 1891.0 2811.0 1891.0 2811.0 1901.0 small-vehicle 0
2698.0 1890.0 2695.0 1880.0 2715.0 1879.0 2717.0 1888.0 small-vehicle 0
3310.0 1622.0 3299.0 1620.0 3301.0 1599.0 3310.0 1600.0 small-vehicle 0
2764.0 1884.0 2764.0 1872.0 2782.0 1872.0 2783.0 1883.0 small-vehicle 0
2561.0 1847.0 2560.0 1837.0 2589.0 1835.0 2590.0 1843.0 large-vehicle 0
2631.0 1841.0 2636.0 1831.0 2663.0 1844.0 2660.0 1852.0 large-vehicle 0
2704.0 1856.0 2704.0 1847.0 2734.0 1848.0 2734.0 1856.0 large-vehicle 0
3089.0 1849.0 3088.0 1840.0 3125.0 1841.0 3126.0 1851.0 large-vehicle 0
3262.0 1847.0 3261.0 1836.0 3293.0 1838.0 3295.0 1849.0 large-vehicle 0
3195.0 1842.0 3195.0 1830.0 3245.0 1835.0 3245.0 1845.0 large-vehicle 0
3336.0 1628.0 3326.0 1629.0 3328.0 1608.0 3338.0 1607.0 small-vehicle 0
3337.0 1655.0 3327.0 1655.0 3329.0 1633.0 3337.0 1634.0 small-vehicle 0
3336.0 1683.0 3327.0 1682.0 3328.0 1663.0 3337.0 1663.0 small-vehicle 0
3308.0 1849.0 3308.0 1840.0 3332.0 1841.0 3333.0 1850.0 small-vehicle 0
3329.0 1822.0 3321.0 1816.0 3333.0 1800.0 3340.0 1807.0 small-vehicle 0
3310.0 1794.0 3301.0 1790.0 3307.0 1771.0 3314.0 1773.0 small-vehicle 0
3316.0 1760.0 3308.0 1759.0 3309.0 1739.0 3318.0 1740.0 small-vehicle 0
3303.0 1760.0 3292.0 1757.0 3296.0 1736.0 3305.0 1738.0 small-vehicle 0
3333.0 1751.0 3325.0 1751.0 3325.0 1730.0 3335.0 1730.0 small-vehicle 0
3318.0 1735.0 3308.0 1733.0 3308.0 1713.0 3318.0 1713.0 small-vehicle 0
3334.0 1721.0 3324.0 1721.0 3326.0 1698.0 3336.0 1697.0 small-vehicle 0
3306.0 1710.0 3298.0 1709.0 3299.0 1691.0 3308.0 1690.0 small-vehicle 0
3320.0 1700.0 3312.0 1699.0 3312.0 1677.0 3321.0 1677.0 small-vehicle 0
3325.0 1672.0 3317.0 1672.0 3315.0 1650.0 3324.0 1650.0 small-vehicle 0
3308.0 1657.0 3300.0 1657.0 3300.0 1638.0 3308.0 1638.0 small-vehicle 0
2447.0 1842.0 2447.0 1831.0 2482.0 1830.0 2483.0 1841.0 large-vehicle 0
1971.0 1892.0 1970.0 1879.0 2014.0 1881.0 2014.0 1893.0 large-vehicle 0
2235.0 1660.0 2221.0 1659.0 2225.0 1620.0 2242.0 1620.0 large-vehicle 0
2990.0 1836.0 2989.0 1825.0 3009.0 1827.0 3010.0 1836.0 small-vehicle 0
2782.0 1869.0 2784.0 1858.0 2806.0 1858.0 2805.0 1869.0 small-vehicle 0
2833.0 1854.0 2835.0 1843.0 2852.0 1843.0 2851.0 1853.0 small-vehicle 0
2859.0 1826.0 2860.0 1817.0 2882.0 1821.0 2879.0 1831.0 small-vehicle 0
2854.0 1864.0 2854.0 1855.0 2881.0 1856.0 2881.0 1864.0 small-vehicle 0
2892.0 1861.0 2892.0 1852.0 2912.0 1852.0 2911.0 1862.0 small-vehicle 0
2878.0 1853.0 2876.0 1842.0 2898.0 1844.0 2900.0 1852.0 small-vehicle 0
2919.0 1838.0 2918.0 1827.0 2940.0 1828.0 2939.0 1838.0 small-vehicle 0
2953.0 1859.0 2952.0 1850.0 2972.0 1850.0 2973.0 1859.0 small-vehicle 0
2949.0 1836.0 2950.0 1828.0 2968.0 1828.0 2969.0 1836.0 small-vehicle 0
2991.0 1847.0 2991.0 1839.0 3011.0 1839.0 3010.0 1847.0 small-vehicle 0
3144.0 1839.0 3143.0 1829.0 3177.0 1831.0 3178.0 1841.0 large-vehicle 0
3049.0 1848.0 3049.0 1839.0 3067.0 1840.0 3069.0 1849.0 small-vehicle 0
2969.0 1872.0 2969.0 1863.0 2991.0 1863.0 2992.0 1872.0 small-vehicle 0
3087.0 1862.0 3084.0 1854.0 3107.0 1852.0 3107.0 1860.0 small-vehicle 0
3082.0 1836.0 3081.0 1827.0 3103.0 1828.0 3102.0 1835.0 small-vehicle 0
3183.0 1855.0 3183.0 1843.0 3204.0 1846.0 3201.0 1855.0 small-vehicle 0
3185.0 1873.0 3187.0 1865.0 3210.0 1868.0 3208.0 1877.0 small-vehicle 0
3297.0 1859.0 3297.0 1850.0 3317.0 1852.0 3316.0 1860.0 small-vehicle 0
3249.0 1869.0 3248.0 1858.0 3268.0 1861.0 3267.0 1870.0 small-vehicle 0
3235.0 1856.0 3236.0 1847.0 3254.0 1851.0 3253.0 1858.0 small-vehicle 0
144.0 463.0 258.0 543.0 179.0 654.0 69.0 581.0 plane 0
