imagesource:GoogleEarth
gsd:0.137245626849
817.0 84.0 802.0 79.0 809.0 43.0 826.0 46.0 small-vehicle 0
806.0 136.0 788.0 132.0 800.0 91.0 815.0 96.0 small-vehicle 0
288.0 269.0 365.0 235.0 431.0 397.0 356.0 429.0 tennis-court 0
432.0 208.0 508.0 175.0 575.0 337.0 499.0 369.0 tennis-court 0
556.0 157.0 632.0 123.0 699.0 285.0 625.0 317.0 tennis-court 0
392.0 517.0 466.0 484.0 534.0 646.0 459.0 678.0 tennis-court 0
268.0 567.0 344.0 536.0 410.0 697.0 334.0 727.0 tennis-court 0
120.0 639.0 225.0 597.0 301.0 779.0 196.0 823.0 basketball-court 0
188.0 864.0 275.0 828.0 333.0 971.0 246.0 1008.0 basketball-court 0
772.0 347.0 757.0 344.0 761.0 308.0 776.0 311.0 small-vehicle 0
767.0 400.0 752.0 398.0 755.0 360.0 770.0 362.0 small-vehicle 0
764.0 451.0 750.0 450.0 751.0 416.0 766.0 416.0 small-vehicle 0
784.0 590.0 767.0 589.0 768.0 547.0 784.0 548.0 small-vehicle 0
801.0 616.0 817.0 616.0 818.0 651.0 802.0 650.0 small-vehicle 0
784.0 870.0 770.0 873.0 764.0 838.0 778.0 836.0 small-vehicle 0
773.0 779.0 757.0 779.0 754.0 739.0 769.0 738.0 small-vehicle 0
815.0 1023.0 800.0 1026.0 791.0 990.0 806.0 987.0 small-vehicle 0
91.0 528.0 99.0 546.0 61.0 560.0 54.0 544.0 large-vehicle 0
338.0 998.0 344.0 1014.0 306.0 1031.0 299.0 1016.0 small-vehicle 0
784.0 275.0 767.0 274.0 770.0 235.0 786.0 237.0 small-vehicle 0
788.0 230.0 773.0 228.0 778.0 192.0 794.0 195.0 small-vehicle 0
166.0 321.0 240.0 288.0 307.0 447.0 233.0 481.0 tennis-court 0
