imagesource:GoogleEarth
gsd:0.132824116193
1608.0 1105.0 1625.0 1102.0 1631.0 1142.0 1616.0 1144.0 small-vehicle 0
239.0 1397.0 227.0 1405.0 205.0 1385.0 216.0 1374.0 small-vehicle 0
906.0 247.0 990.0 269.0 948.0 446.0 863.0 425.0 tennis-court 0
1042.0 281.0 1125.0 303.0 1082.0 478.0 1000.0 459.0 tennis-court 0
1175.0 315.0 1258.0 336.0 1215.0 509.0 1132.0 488.0 tennis-court 0
837.0 538.0 920.0 559.0 875.0 734.0 795.0 714.0 tennis-court 0
969.0 571.0 1054.0 592.0 1009.0 767.0 928.0 747.0 tennis-court 0
1104.0 604.0 1188.0 624.0 1145.0 800.0 1061.0 780.0 tennis-court 0
1304.0 654.0 1387.0 673.0 1346.0 849.0 1262.0 829.0 tennis-court 0
1377.0 363.0 1459.0 383.0 1416.0 559.0 1332.0 537.0 tennis-court 0
465.0 1229.0 341.0 1080.0 638.0 843.0 755.0 990.0 swimming-pool 0
14.0 881.0 25.0 871.0 48.0 896.0 37.0 906.0 small-vehicle 0
66.0 1142.0 77.0 1132.0 102.0 1155.0 93.0 1166.0 small-vehicle 0
22.0 1104.0 31.0 1095.0 56.0 1120.0 46.0 1131.0 small-vehicle 0
68.0 1228.0 58.0 1239.0 33.0 1216.0 45.0 1204.0 small-vehicle 0
138.0 1210.0 148.0 1200.0 175.0 1225.0 166.0 1236.0 small-vehicle 0
172.0 1243.0 182.0 1230.0 209.0 1255.0 199.0 1266.0 small-vehicle 0
235.0 1307.0 244.0 1296.0 271.0 1319.0 262.0 1330.0 small-vehicle 0
201.0 1269.0 211.0 1259.0 235.0 1282.0 226.0 1293.0 small-vehicle 0
128.0 1283.0 116.0 1293.0 92.0 1269.0 105.0 1258.0 small-vehicle 0
99.0 1177.0 111.0 1165.0 142.0 1191.0 130.0 1204.0 small-vehicle 0
161.0 1309.0 148.0 1323.0 124.0 1298.0 138.0 1284.0 small-vehicle 0
96.0 1252.0 85.0 1264.0 62.0 1243.0 73.0 1230.0 small-vehicle 0
187.0 1334.0 175.0 1350.0 148.0 1327.0 160.0 1312.0 small-vehicle 0
213.0 1368.0 203.0 1379.0 176.0 1354.0 189.0 1341.0 small-vehicle 0
774.0 215.0 857.0 238.0 813.0 411.0 730.0 391.0 tennis-court 0
