imagesource:GoogleEarth
gsd:0.13174124041
502.0 973.0 499.0 906.0 617.0 902.0 620.0 967.0 swimming-pool 0
1070.0 760.0 1154.0 755.0 1165.0 934.0 1080.0 940.0 tennis-court 0
931.0 766.0 1017.0 760.0 1025.0 943.0 943.0 947.0 tennis-court 0
842.0 196.0 928.0 191.0 938.0 370.0 853.0 376.0 tennis-court 0
701.0 179.0 786.0 174.0 798.0 355.0 712.0 361.0 tennis-court 0
419.0 433.0 504.0 429.0 516.0 610.0 430.0 614.0 tennis-court 0
279.0 418.0 366.0 412.0 375.0 594.0 288.0 598.0 tennis-court 0
400.0 73.0 487.0 70.0 498.0 252.0 411.0 256.0 tennis-court 0
263.0 104.0 349.0 99.0 359.0 281.0 273.0 286.0 tennis-court 0
