imagesource:GoogleEarth
gsd:0.273718997766
566.0 1854.0 572.0 1862.0 555.0 1874.0 550.0 1867.0 small-vehicle 1
576.0 900.0 562.0 906.0 549.0 867.0 561.0 862.0 ship 0
511.0 962.0 507.0 952.0 532.0 942.0 536.0 952.0 ship 0
442.0 989.0 438.0 980.0 459.0 971.0 463.0 981.0 ship 0
560.0 921.0 545.0 928.0 525.0 873.0 540.0 868.0 ship 0
515.0 939.0 500.0 945.0 480.0 893.0 496.0 887.0 ship 0
465.0 948.0 448.0 954.0 432.0 912.0 449.0 905.0 ship 0
447.0 968.0 429.0 975.0 406.0 914.0 424.0 907.0 ship 0
549.0 1037.0 540.0 1040.0 533.0 1022.0 541.0 1018.0 ship 0
565.0 1033.0 555.0 1037.0 544.0 1009.0 555.0 1004.0 ship 0
584.0 1029.0 572.0 1034.0 558.0 1003.0 571.0 998.0 ship 0
547.0 1058.0 557.0 1055.0 566.0 1079.0 557.0 1083.0 ship 0
572.0 1042.0 585.0 1037.0 597.0 1071.0 585.0 1075.0 ship 0
590.0 1040.0 601.0 1037.0 612.0 1065.0 602.0 1070.0 ship 0
618.0 1028.0 629.0 1024.0 642.0 1058.0 632.0 1062.0 ship 0
633.0 1022.0 643.0 1017.0 655.0 1049.0 645.0 1052.0 ship 0
647.0 1017.0 657.0 1013.0 668.0 1042.0 659.0 1046.0 ship 0
552.0 949.0 547.0 938.0 584.0 924.0 589.0 936.0 ship 0
630.0 894.0 614.0 900.0 591.0 840.0 609.0 833.0 ship 0
708.0 1018.0 700.0 1003.0 750.0 984.0 756.0 999.0 ship 0
656.0 884.0 639.0 891.0 620.0 838.0 636.0 832.0 ship 0
373.0 765.0 389.0 758.0 410.0 814.0 396.0 818.0 ship 0
352.0 773.0 368.0 767.0 390.0 820.0 372.0 827.0 ship 0
379.0 852.0 359.0 861.0 327.0 786.0 348.0 778.0 ship 0
310.0 731.0 320.0 727.0 332.0 754.0 321.0 757.0 ship 0
360.0 750.0 346.0 756.0 330.0 717.0 345.0 712.0 ship 0
383.0 748.0 368.0 755.0 348.0 706.0 364.0 699.0 ship 0
427.0 731.0 412.0 738.0 389.0 684.0 405.0 677.0 ship 0
449.0 723.0 434.0 729.0 415.0 681.0 431.0 676.0 ship 0
474.0 714.0 458.0 722.0 437.0 675.0 453.0 669.0 ship 0
746.0 861.0 730.0 869.0 704.0 804.0 720.0 799.0 ship 0
699.0 894.0 694.0 882.0 726.0 867.0 731.0 879.0 ship 0
630.0 920.0 625.0 908.0 662.0 892.0 666.0 905.0 ship 0
719.0 860.0 704.0 866.0 683.0 813.0 699.0 808.0 ship 0
698.0 870.0 683.0 876.0 660.0 819.0 676.0 812.0 ship 0
678.0 877.0 661.0 883.0 639.0 829.0 657.0 822.0 ship 0
675.0 1004.0 688.0 999.0 701.0 1033.0 689.0 1038.0 ship 0
703.0 996.0 697.0 980.0 740.0 962.0 746.0 979.0 ship 0
422.0 746.0 436.0 740.0 458.0 794.0 441.0 801.0 ship 0
710.0 1319.0 723.0 1314.0 739.0 1359.0 726.0 1365.0 ship 0
702.0 1374.0 689.0 1379.0 673.0 1336.0 686.0 1330.0 ship 0
680.0 1369.0 671.0 1373.0 659.0 1347.0 668.0 1342.0 ship 0
640.0 1296.0 650.0 1292.0 660.0 1318.0 650.0 1321.0 ship 0
678.0 1317.0 666.0 1322.0 652.0 1287.0 663.0 1283.0 ship 0
670.0 1286.0 680.0 1282.0 690.0 1312.0 681.0 1316.0 ship 0
731.0 1301.0 717.0 1306.0 703.0 1270.0 717.0 1264.0 ship 0
762.0 1286.0 751.0 1292.0 736.0 1257.0 749.0 1252.0 ship 0
762.0 1484.0 748.0 1490.0 730.0 1447.0 745.0 1441.0 ship 0
804.0 1466.0 791.0 1471.0 777.0 1432.0 790.0 1427.0 ship 0
818.0 1424.0 830.0 1420.0 846.0 1462.0 832.0 1467.0 ship 0
754.0 1521.0 748.0 1501.0 825.0 1470.0 833.0 1492.0 ship 0
824.0 1534.0 830.0 1550.0 785.0 1567.0 779.0 1551.0 ship 0
791.0 1588.0 785.0 1574.0 833.0 1553.0 839.0 1567.0 ship 0
807.0 1630.0 800.0 1615.0 848.0 1595.0 854.0 1610.0 ship 0
834.0 1712.0 827.0 1698.0 874.0 1676.0 881.0 1691.0 ship 0
693.0 1330.0 704.0 1326.0 718.0 1366.0 708.0 1370.0 ship 0
731.0 1311.0 746.0 1305.0 762.0 1349.0 748.0 1355.0 ship 0
693.0 975.0 688.0 960.0 739.0 941.0 744.0 956.0 ship 0
799.0 1348.0 793.0 1333.0 845.0 1315.0 850.0 1331.0 ship 0
686.0 954.0 681.0 939.0 723.0 924.0 728.0 939.0 ship 0
684.0 985.0 674.0 990.0 664.0 968.0 673.0 964.0 ship 0
668.0 996.0 656.0 1001.0 643.0 970.0 654.0 965.0 ship 0
633.0 1009.0 622.0 1014.0 610.0 983.0 620.0 979.0 ship 0
617.0 1016.0 605.0 1021.0 592.0 989.0 604.0 984.0 ship 0
651.0 1156.0 639.0 1161.0 625.0 1126.0 638.0 1122.0 ship 0
698.0 1138.0 686.0 1143.0 673.0 1109.0 684.0 1105.0 ship 0
712.0 1131.0 701.0 1135.0 689.0 1105.0 699.0 1102.0 ship 0
605.0 1200.0 614.0 1199.0 619.0 1222.0 610.0 1224.0 ship 0
599.0 1164.0 591.0 1167.0 585.0 1150.0 593.0 1147.0 ship 0
706.0 1149.0 717.0 1144.0 731.0 1179.0 721.0 1183.0 ship 0
752.0 1161.0 746.0 1145.0 805.0 1123.0 811.0 1140.0 ship 0
733.0 1114.0 726.0 1096.0 784.0 1074.0 790.0 1092.0 ship 0
782.0 1259.0 777.0 1246.0 826.0 1227.0 831.0 1240.0 ship 0
796.0 1280.0 791.0 1267.0 831.0 1251.0 835.0 1264.0 ship 0
399.0 756.0 412.0 751.0 431.0 803.0 418.0 808.0 ship 0
446.0 740.0 460.0 735.0 480.0 785.0 463.0 791.0 ship 0
587.0 1847.0 595.0 1840.0 605.0 1855.0 599.0 1860.0 small-vehicle 1
482.0 233.0 487.0 248.0 428.0 270.0 422.0 255.0 ship 0
482.0 298.0 496.0 292.0 512.0 337.0 499.0 343.0 ship 0
549.0 325.0 522.0 336.0 500.0 281.0 529.0 271.0 ship 0
464.0 308.0 475.0 304.0 488.0 342.0 477.0 346.0 ship 0
456.0 333.0 465.0 329.0 475.0 353.0 465.0 356.0 ship 0
425.0 328.0 438.0 322.0 454.0 362.0 439.0 367.0 ship 0
432.0 371.0 417.0 378.0 400.0 330.0 414.0 323.0 ship 0
378.0 338.0 392.0 332.0 410.0 374.0 396.0 381.0 ship 0
371.0 402.0 356.0 408.0 339.0 362.0 354.0 357.0 ship 0
321.0 368.0 334.0 363.0 347.0 402.0 335.0 406.0 ship 0
296.0 373.0 310.0 366.0 326.0 409.0 312.0 415.0 ship 0
231.0 394.0 244.0 389.0 263.0 435.0 249.0 442.0 ship 0
239.0 447.0 225.0 452.0 206.0 405.0 222.0 398.0 ship 0
196.0 451.0 186.0 456.0 175.0 427.0 184.0 422.0 ship 0
234.0 538.0 248.0 533.0 263.0 575.0 250.0 581.0 ship 0
248.0 612.0 237.0 617.0 224.0 587.0 236.0 582.0 ship 0
439.0 298.0 433.0 280.0 488.0 254.0 496.0 273.0 ship 0
1397.0 1657.0 1396.0 1647.0 1559.0 1651.0 1559.0 1661.0 harbor 0
336.0 626.0 320.0 634.0 300.0 580.0 316.0 573.0 ship 0
1402.0 1611.0 1401.0 1552.0 1563.0 1556.0 1563.0 1616.0 harbor 0
552.0 412.0 592.0 516.0 275.0 646.0 235.0 543.0 harbor 0
628.0 599.0 669.0 710.0 370.0 829.0 321.0 720.0 harbor 0
704.0 804.0 729.0 867.0 410.0 991.0 385.0 931.0 harbor 0
324.0 1098.0 361.0 1085.0 391.0 1168.0 352.0 1180.0 tennis-court 0
435.0 1144.0 478.0 1130.0 485.0 1151.0 442.0 1166.0 swimming-pool 0
733.0 936.0 760.0 1007.0 554.0 1088.0 529.0 1018.0 harbor 0
782.0 1069.0 811.0 1148.0 610.0 1231.0 577.0 1149.0 harbor 0
826.0 1220.0 860.0 1312.0 664.0 1388.0 630.0 1299.0 harbor 0
814.0 1415.0 846.0 1498.0 736.0 1542.0 704.0 1460.0 harbor 0
880.0 1675.0 824.0 1698.0 762.0 1537.0 819.0 1511.0 harbor 0
1428.0 148.0 1429.0 134.0 1558.0 139.0 1559.0 153.0 harbor 0
1325.0 197.0 1399.0 202.0 1387.0 502.0 1312.0 501.0 harbor 0
1371.0 1092.0 1285.0 1090.0 1320.0 502.0 1392.0 506.0 harbor 0
1302.0 1222.0 1300.0 1143.0 1418.0 1144.0 1419.0 1223.0 harbor 0
1469.0 1366.0 1469.0 1470.0 1352.0 1469.0 1353.0 1367.0 harbor 0
283.0 640.0 274.0 644.0 263.0 618.0 273.0 613.0 ship 0
309.0 560.0 292.0 565.0 275.0 522.0 292.0 516.0 ship 0
508.0 780.0 491.0 787.0 469.0 731.0 486.0 725.0 ship 0
561.0 462.0 547.0 468.0 529.0 424.0 543.0 418.0 ship 0
550.0 476.0 565.0 469.0 585.0 520.0 569.0 525.0 ship 0
576.0 670.0 563.0 675.0 547.0 634.0 559.0 628.0 ship 0
618.0 656.0 605.0 662.0 587.0 620.0 600.0 615.0 ship 0
636.0 649.0 621.0 656.0 602.0 610.0 618.0 604.0 ship 0
584.0 683.0 597.0 677.0 619.0 729.0 604.0 735.0 ship 0
606.0 680.0 621.0 674.0 640.0 721.0 625.0 727.0 ship 0
599.0 744.0 583.0 750.0 560.0 695.0 578.0 689.0 ship 0
576.0 752.0 560.0 758.0 537.0 702.0 554.0 695.0 ship 0
626.0 668.0 639.0 662.0 658.0 709.0 644.0 714.0 ship 0
629.0 613.0 646.0 605.0 680.0 684.0 660.0 691.0 ship 0
556.0 683.0 542.0 688.0 525.0 643.0 538.0 638.0 ship 0
536.0 690.0 520.0 697.0 500.0 645.0 516.0 639.0 ship 0
494.0 699.0 477.0 707.0 458.0 660.0 474.0 654.0 ship 0
552.0 756.0 536.0 763.0 512.0 709.0 528.0 702.0 ship 0
536.0 774.0 519.0 782.0 492.0 722.0 508.0 715.0 ship 0
552.0 416.0 572.0 408.0 602.0 489.0 583.0 495.0 ship 0
538.0 465.0 523.0 470.0 509.0 433.0 523.0 428.0 ship 0
328.0 550.0 314.0 556.0 298.0 514.0 313.0 509.0 ship 0
349.0 546.0 336.0 552.0 319.0 509.0 333.0 503.0 ship 0
342.0 560.0 357.0 554.0 377.0 604.0 361.0 611.0 ship 0
364.0 550.0 377.0 544.0 397.0 596.0 382.0 601.0 ship 0
387.0 543.0 402.0 537.0 419.0 585.0 404.0 592.0 ship 0
409.0 536.0 423.0 531.0 440.0 576.0 424.0 581.0 ship 0
430.0 526.0 445.0 519.0 466.0 572.0 450.0 578.0 ship 0
490.0 567.0 473.0 574.0 451.0 518.0 467.0 512.0 ship 0
471.0 509.0 488.0 502.0 505.0 552.0 490.0 556.0 ship 0
492.0 501.0 507.0 494.0 526.0 541.0 510.0 546.0 ship 0
516.0 497.0 528.0 492.0 545.0 533.0 533.0 538.0 ship 0
500.0 488.0 485.0 495.0 467.0 450.0 483.0 445.0 ship 0
477.0 495.0 462.0 502.0 445.0 457.0 460.0 451.0 ship 0
453.0 499.0 438.0 506.0 422.0 468.0 438.0 461.0 ship 0
409.0 515.0 395.0 521.0 382.0 481.0 396.0 476.0 ship 0
390.0 525.0 375.0 530.0 360.0 489.0 373.0 484.0 ship 0
370.0 531.0 357.0 537.0 342.0 499.0 355.0 494.0 ship 0
1509.0 1615.0 1509.0 1639.0 1405.0 1634.0 1406.0 1611.0 ship 0
1447.0 1602.0 1447.0 1585.0 1499.0 1586.0 1499.0 1603.0 ship 0
1449.0 1584.0 1450.0 1567.0 1502.0 1568.0 1501.0 1586.0 ship 0
189.0 1090.0 193.0 1100.0 177.0 1106.0 173.0 1098.0 small-vehicle 1
146.0 1110.0 150.0 1116.0 136.0 1124.0 133.0 1115.0 small-vehicle 1
118.0 1118.0 122.0 1127.0 104.0 1135.0 100.0 1127.0 small-vehicle 1
188.0 1017.0 195.0 1023.0 185.0 1038.0 178.0 1033.0 small-vehicle 1
183.0 1006.0 192.0 1015.0 177.0 1029.0 171.0 1022.0 small-vehicle 1
176.0 986.0 183.0 993.0 172.0 1004.0 167.0 998.0 small-vehicle 1
157.0 929.0 163.0 937.0 149.0 953.0 142.0 945.0 small-vehicle 1
128.0 1043.0 127.0 1053.0 109.0 1049.0 109.0 1040.0 small-vehicle 1
75.0 1084.0 67.0 1077.0 80.0 1064.0 87.0 1069.0 small-vehicle 1
67.0 1063.0 59.0 1057.0 71.0 1042.0 79.0 1048.0 small-vehicle 1
11.0 989.0 22.0 985.0 28.0 1005.0 19.0 1009.0 small-vehicle 1
62.0 1008.0 66.0 1015.0 52.0 1031.0 46.0 1026.0 small-vehicle 1
52.0 1000.0 59.0 1007.0 48.0 1022.0 41.0 1016.0 small-vehicle 1
123.0 1021.0 124.0 1029.0 107.0 1027.0 107.0 1017.0 small-vehicle 1
146.0 1027.0 144.0 1037.0 125.0 1032.0 129.0 1023.0 small-vehicle 1
145.0 1014.0 143.0 1023.0 125.0 1021.0 126.0 1013.0 small-vehicle 1
166.0 1100.0 169.0 1109.0 154.0 1114.0 150.0 1106.0 small-vehicle 1
118.0 1222.0 124.0 1219.0 132.0 1235.0 126.0 1239.0 small-vehicle 1
90.0 936.0 87.0 946.0 66.0 943.0 67.0 933.0 small-vehicle 1
175.0 1149.0 168.0 1153.0 160.0 1133.0 169.0 1128.0 small-vehicle 1
349.0 1261.0 351.0 1271.0 333.0 1274.0 327.0 1268.0 small-vehicle 1
350.0 1272.0 353.0 1281.0 337.0 1287.0 333.0 1277.0 small-vehicle 1
342.0 1243.0 344.0 1253.0 326.0 1257.0 322.0 1248.0 small-vehicle 1
334.0 1225.0 337.0 1232.0 319.0 1240.0 315.0 1230.0 small-vehicle 1
335.0 1233.0 340.0 1243.0 321.0 1247.0 319.0 1238.0 small-vehicle 1
329.0 1205.0 334.0 1214.0 313.0 1221.0 310.0 1213.0 small-vehicle 1
325.0 1195.0 329.0 1203.0 311.0 1211.0 307.0 1201.0 small-vehicle 1
320.0 1185.0 324.0 1194.0 307.0 1200.0 305.0 1192.0 small-vehicle 1
318.0 1176.0 321.0 1185.0 303.0 1192.0 301.0 1183.0 small-vehicle 1
310.0 1148.0 314.0 1157.0 294.0 1164.0 291.0 1155.0 small-vehicle 1
306.0 1141.0 308.0 1147.0 291.0 1154.0 287.0 1147.0 small-vehicle 1
301.0 1119.0 305.0 1130.0 284.0 1135.0 281.0 1125.0 small-vehicle 1
206.0 1117.0 214.0 1114.0 221.0 1133.0 213.0 1136.0 small-vehicle 1
197.0 1121.0 205.0 1117.0 214.0 1135.0 204.0 1140.0 small-vehicle 1
180.0 1126.0 189.0 1123.0 194.0 1144.0 186.0 1147.0 small-vehicle 1
139.0 1004.0 137.0 1012.0 118.0 1010.0 120.0 1000.0 small-vehicle 1
104.0 905.0 103.0 913.0 82.0 912.0 83.0 904.0 small-vehicle 1
1533.0 1588.0 1523.0 1587.0 1524.0 1556.0 1534.0 1556.0 ship 0
30.0 603.0 37.0 608.0 25.0 626.0 17.0 621.0 small-vehicle 1
289.0 364.0 283.0 358.0 296.0 350.0 301.0 357.0 ship 1
451.0 326.0 451.0 319.0 462.0 321.0 462.0 327.0 ship 1
444.0 326.0 449.0 324.0 457.0 336.0 450.0 338.0 ship 1
422.0 266.0 425.0 272.0 414.0 276.0 410.0 270.0 ship 1
503.0 459.0 494.0 461.0 484.0 443.0 494.0 438.0 ship 1
507.0 479.0 501.0 480.0 500.0 470.0 507.0 467.0 ship 1
540.0 511.0 547.0 508.0 556.0 525.0 550.0 528.0 ship 1
448.0 654.0 454.0 665.0 439.0 675.0 433.0 665.0 ship 1
149.0 1410.0 145.0 1402.0 162.0 1394.0 165.0 1404.0 small-vehicle 1
233.0 1020.0 294.0 1020.0 294.0 1066.0 233.0 1066.0 roundabout 0
35.0 1123.0 39.0 1131.0 14.0 1140.0 12.0 1134.0 small-vehicle 1
1404.0 1462.0 1394.0 1461.0 1394.0 1434.0 1405.0 1435.0 ship 1
27.0 713.0 24.0 721.0 6.0 719.0 8.0 710.0 small-vehicle 1
408.0 1441.0 411.0 1449.0 393.0 1455.0 390.0 1447.0 small-vehicle 1
712.0 1743.0 707.0 1737.0 722.0 1726.0 726.0 1732.0 small-vehicle 1
260.0 667.0 266.0 663.0 274.0 676.0 265.0 682.0 ship 0
38.0 627.0 42.0 635.0 35.0 646.0 28.0 642.0 small-vehicle 1
68.0 901.0 68.0 909.0 53.0 908.0 52.0 899.0 small-vehicle 1
45.0 646.0 52.0 657.0 41.0 667.0 35.0 662.0 small-vehicle 1
67.0 882.0 68.0 871.0 90.0 874.0 90.0 884.0 small-vehicle 1
49.0 888.0 47.0 879.0 69.0 883.0 69.0 892.0 small-vehicle 1
132.0 863.0 139.0 871.0 126.0 885.0 120.0 880.0 small-vehicle 1
124.0 841.0 129.0 851.0 114.0 864.0 108.0 860.0 small-vehicle 1
119.0 833.0 125.0 841.0 112.0 853.0 106.0 848.0 small-vehicle 1
118.0 823.0 121.0 831.0 110.0 843.0 103.0 837.0 small-vehicle 1
112.0 810.0 118.0 818.0 104.0 831.0 99.0 826.0 small-vehicle 1
56.0 849.0 57.0 839.0 77.0 842.0 77.0 851.0 small-vehicle 1
56.0 848.0 56.0 859.0 36.0 858.0 34.0 847.0 small-vehicle 1
39.0 817.0 41.0 807.0 63.0 810.0 62.0 819.0 small-vehicle 1
62.0 798.0 63.0 807.0 38.0 805.0 37.0 796.0 small-vehicle 1
98.0 782.0 104.0 787.0 93.0 802.0 84.0 796.0 small-vehicle 1
92.0 764.0 98.0 771.0 85.0 786.0 80.0 779.0 small-vehicle 1
25.0 781.0 25.0 772.0 50.0 777.0 49.0 786.0 small-vehicle 1
49.0 658.0 57.0 667.0 44.0 683.0 36.0 676.0 small-vehicle 1
344.0 1253.0 347.0 1262.0 329.0 1268.0 324.0 1259.0 small-vehicle 1
172.0 1330.0 180.0 1325.0 189.0 1342.0 180.0 1346.0 small-vehicle 1
184.0 1353.0 192.0 1349.0 201.0 1367.0 192.0 1371.0 small-vehicle 1
1307.0 263.0 1309.0 239.0 1381.0 242.0 1380.0 266.0 ship 0
1347.0 65.0 1356.0 65.0 1355.0 94.0 1346.0 93.0 ship 0
1365.0 58.0 1374.0 58.0 1375.0 87.0 1366.0 87.0 ship 0
1336.0 90.0 1327.0 89.0 1326.0 64.0 1336.0 64.0 ship 0
1338.0 56.0 1323.0 56.0 1324.0 22.0 1338.0 22.0 ship 0
1355.0 52.0 1344.0 52.0 1343.0 25.0 1353.0 25.0 ship 0
116.0 130.0 109.0 133.0 103.0 117.0 110.0 113.0 small-vehicle 1
59.0 223.0 67.0 221.0 72.0 237.0 65.0 241.0 small-vehicle 1
78.0 215.0 86.0 213.0 93.0 228.0 84.0 232.0 small-vehicle 1
1534.0 24.0 1525.0 24.0 1524.0 5.0 1532.0 6.0 small-vehicle 1
1505.0 292.0 1507.0 283.0 1527.0 293.0 1524.0 301.0 small-vehicle 1
1504.0 309.0 1508.0 300.0 1523.0 310.0 1520.0 318.0 small-vehicle 1
1503.0 351.0 1507.0 340.0 1524.0 351.0 1521.0 359.0 small-vehicle 1
1501.0 380.0 1506.0 370.0 1523.0 382.0 1518.0 391.0 small-vehicle 1
1498.0 495.0 1501.0 483.0 1523.0 498.0 1518.0 506.0 small-vehicle 1
1492.0 582.0 1496.0 572.0 1519.0 585.0 1515.0 594.0 small-vehicle 1
1379.0 213.0 1379.0 239.0 1315.0 236.0 1317.0 209.0 ship 0
1380.0 276.0 1380.0 300.0 1316.0 296.0 1317.0 273.0 ship 0
368.0 1320.0 371.0 1328.0 353.0 1333.0 350.0 1327.0 small-vehicle 1
1377.0 334.0 1378.0 356.0 1313.0 353.0 1313.0 331.0 ship 0
1481.0 1475.0 1467.0 1473.0 1469.0 1430.0 1483.0 1432.0 ship 0
1424.0 1463.0 1412.0 1462.0 1414.0 1436.0 1424.0 1436.0 ship 0
1388.0 1475.0 1374.0 1475.0 1376.0 1429.0 1389.0 1429.0 ship 0
1311.0 1106.0 1311.0 1088.0 1360.0 1089.0 1360.0 1107.0 ship 0
1307.0 1076.0 1307.0 1061.0 1358.0 1063.0 1358.0 1080.0 ship 0
1302.0 1040.0 1302.0 1022.0 1362.0 1021.0 1362.0 1041.0 ship 0
1286.0 965.0 1287.0 943.0 1365.0 946.0 1364.0 969.0 ship 0
1309.0 935.0 1311.0 917.0 1362.0 921.0 1362.0 938.0 ship 0
1307.0 867.0 1307.0 850.0 1366.0 852.0 1365.0 870.0 ship 0
1309.0 791.0 1309.0 772.0 1374.0 771.0 1374.0 793.0 ship 0
1300.0 731.0 1301.0 707.0 1375.0 710.0 1374.0 736.0 ship 0
1373.0 665.0 1374.0 680.0 1327.0 679.0 1327.0 663.0 ship 0
1306.0 622.0 1306.0 601.0 1373.0 602.0 1373.0 624.0 ship 0
1294.0 533.0 1296.0 501.0 1371.0 506.0 1370.0 537.0 ship 0
1380.0 384.0 1381.0 403.0 1317.0 400.0 1318.0 381.0 ship 0
1314.0 277.0 1316.0 294.0 1294.0 295.0 1293.0 279.0 ship 0
1312.0 333.0 1313.0 351.0 1289.0 350.0 1288.0 333.0 ship 0
1167.0 468.0 1179.0 466.0 1184.0 501.0 1171.0 502.0 ship 0
404.0 285.0 414.0 280.0 426.0 305.0 416.0 308.0 ship 0
461.0 1627.0 462.0 1617.0 480.0 1618.0 480.0 1627.0 small-vehicle 1
390.0 1609.0 396.0 1602.0 413.0 1611.0 409.0 1617.0 small-vehicle 1
369.0 1600.0 372.0 1591.0 393.0 1601.0 388.0 1609.0 small-vehicle 1
282.0 1546.0 292.0 1541.0 299.0 1560.0 292.0 1562.0 small-vehicle 1
182.0 1626.0 182.0 1615.0 206.0 1616.0 205.0 1626.0 small-vehicle 1
117.0 1621.0 119.0 1611.0 136.0 1611.0 137.0 1620.0 small-vehicle 1
96.0 1622.0 96.0 1612.0 113.0 1612.0 114.0 1622.0 small-vehicle 1
379.0 1565.0 374.0 1556.0 392.0 1549.0 396.0 1556.0 small-vehicle 1
426.0 1551.0 422.0 1543.0 441.0 1538.0 443.0 1546.0 small-vehicle 1
425.0 1498.0 429.0 1505.0 411.0 1511.0 407.0 1504.0 small-vehicle 1
323.0 1530.0 317.0 1533.0 309.0 1517.0 316.0 1513.0 small-vehicle 1
342.0 1525.0 333.0 1527.0 327.0 1508.0 335.0 1506.0 small-vehicle 1
352.0 1521.0 343.0 1523.0 336.0 1506.0 345.0 1503.0 small-vehicle 1
371.0 1398.0 367.0 1388.0 386.0 1383.0 389.0 1392.0 small-vehicle 1
374.0 1328.0 376.0 1337.0 353.0 1344.0 349.0 1336.0 small-vehicle 1
569.0 1629.0 567.0 1620.0 589.0 1621.0 588.0 1629.0 small-vehicle 1
430.0 1785.0 438.0 1779.0 448.0 1794.0 442.0 1800.0 small-vehicle 1
227.0 1835.0 235.0 1829.0 245.0 1845.0 237.0 1850.0 small-vehicle 1
1469.0 1055.0 1479.0 1057.0 1478.0 1076.0 1468.0 1078.0 small-vehicle 1
1494.0 839.0 1485.0 839.0 1485.0 819.0 1493.0 818.0 small-vehicle 1
1544.0 818.0 1555.0 817.0 1555.0 843.0 1544.0 843.0 small-vehicle 1
1558.0 886.0 1557.0 895.0 1538.0 896.0 1539.0 886.0 small-vehicle 1
1537.0 940.0 1537.0 930.0 1557.0 931.0 1556.0 941.0 small-vehicle 1
1534.0 999.0 1534.0 990.0 1556.0 993.0 1554.0 1001.0 small-vehicle 1
1518.0 1051.0 1526.0 1051.0 1528.0 1074.0 1519.0 1075.0 small-vehicle 1
1481.0 1143.0 1490.0 1143.0 1491.0 1159.0 1481.0 1160.0 small-vehicle 1
183.0 1770.0 193.0 1764.0 200.0 1780.0 192.0 1786.0 small-vehicle 1
1517.0 1156.0 1526.0 1157.0 1526.0 1176.0 1517.0 1175.0 small-vehicle 1
1461.0 1221.0 1453.0 1211.0 1475.0 1196.0 1483.0 1207.0 small-vehicle 1
1509.0 1273.0 1508.0 1281.0 1484.0 1281.0 1484.0 1272.0 small-vehicle 1
775.0 1910.0 763.0 1911.0 762.0 1893.0 772.0 1891.0 small-vehicle 1
771.0 1885.0 761.0 1888.0 760.0 1869.0 769.0 1866.0 small-vehicle 1
228.0 1875.0 237.0 1870.0 247.0 1885.0 239.0 1892.0 small-vehicle 1
488.0 246.0 521.0 334.0 199.0 466.0 169.0 375.0 harbor 0
