imagesource:GoogleEarth
gsd:0.129018542761
870.0 526.0 878.0 507.0 931.0 526.0 924.0 545.0 small-vehicle 1
574.0 752.0 592.0 753.0 589.0 787.0 571.0 785.0 small-vehicle 1
282.0 134.0 367.0 138.0 364.0 320.0 279.0 319.0 tennis-court 0
423.0 167.0 509.0 170.0 505.0 358.0 415.0 354.0 tennis-court 0
559.0 205.0 645.0 207.0 642.0 391.0 554.0 390.0 tennis-court 0
708.0 353.0 739.0 270.0 913.0 334.0 884.0 417.0 tennis-court 0
547.0 502.0 634.0 504.0 629.0 689.0 540.0 687.0 tennis-court 0
403.0 496.0 494.0 499.0 489.0 682.0 399.0 679.0 tennis-court 0
263.0 455.0 353.0 456.0 348.0 639.0 258.0 638.0 tennis-court 0
688.0 452.0 700.0 418.0 768.0 447.0 754.0 478.0 swimming-pool 0
970.0 446.0 1002.0 366.0 1173.0 431.0 1144.0 509.0 tennis-court 0
58.0 555.0 60.0 538.0 94.0 541.0 94.0 558.0 small-vehicle 0
204.0 541.0 203.0 559.0 171.0 558.0 170.0 541.0 small-vehicle 0
205.0 581.0 205.0 599.0 171.0 598.0 172.0 581.0 small-vehicle 0
206.0 498.0 205.0 517.0 173.0 516.0 172.0 498.0 small-vehicle 0
212.0 417.0 211.0 434.0 172.0 432.0 172.0 416.0 small-vehicle 0
208.0 439.0 207.0 455.0 173.0 453.0 173.0 438.0 small-vehicle 0
102.0 517.0 98.0 538.0 61.0 533.0 63.0 515.0 small-vehicle 0
97.0 505.0 76.0 504.0 79.0 471.0 100.0 472.0 small-vehicle 0
56.0 466.0 74.0 467.0 72.0 508.0 53.0 508.0 small-vehicle 1
206.0 518.0 205.0 536.0 169.0 536.0 171.0 517.0 small-vehicle 1
48.0 509.0 31.0 506.0 33.0 468.0 51.0 470.0 small-vehicle 1
366.0 761.0 344.0 759.0 348.0 724.0 369.0 727.0 small-vehicle 1
136.0 131.0 226.0 133.0 220.0 316.0 131.0 316.0 tennis-court 0
