imagesource:GoogleEarth
gsd:0.128880029046
1279.0 374.0 1261.0 366.0 1275.0 324.0 1293.0 332.0 large-vehicle 0
1324.0 334.0 1341.0 341.0 1326.0 376.0 1311.0 370.0 small-vehicle 1
1345.0 346.0 1362.0 351.0 1349.0 386.0 1335.0 381.0 small-vehicle 1
815.0 340.0 895.0 374.0 828.0 547.0 747.0 513.0 tennis-court 0
946.0 392.0 1027.0 427.0 959.0 598.0 878.0 566.0 tennis-court 0
1076.0 443.0 1160.0 479.0 1092.0 651.0 1008.0 619.0 tennis-court 0
1212.0 497.0 1292.0 530.0 1223.0 702.0 1141.0 670.0 tennis-court 0
710.0 660.0 743.0 580.0 914.0 650.0 883.0 731.0 tennis-court 0
974.0 767.0 1007.0 686.0 1178.0 756.0 1146.0 835.0 tennis-court 0
364.0 689.0 159.0 606.0 247.0 404.0 448.0 481.0 baseball-diamond 0
