imagesource:GoogleEarth
gsd:0.135222641304
132.0 913.0 131.0 898.0 160.0 893.0 161.0 906.0 small-vehicle 1
143.0 933.0 140.0 918.0 174.0 910.0 178.0 926.0 small-vehicle 0
703.0 81.0 688.0 74.0 703.0 39.0 718.0 44.0 small-vehicle 0
711.0 832.0 784.0 871.0 705.0 1029.0 629.0 990.0 tennis-court 0
619.0 787.0 694.0 827.0 614.0 981.0 540.0 945.0 tennis-court 0
348.0 540.0 424.0 580.0 342.0 738.0 269.0 701.0 tennis-court 0
259.0 494.0 333.0 536.0 251.0 691.0 176.0 652.0 tennis-court 0
467.0 296.0 541.0 335.0 460.0 492.0 388.0 455.0 tennis-court 0
377.0 251.0 450.0 289.0 370.0 447.0 296.0 409.0 tennis-court 0
