imagesource:GoogleEarth
gsd:0.139006716332
382.0 988.0 383.0 973.0 414.0 975.0 413.0 991.0 small-vehicle 1
25.0 288.0 45.0 292.0 37.0 331.0 18.0 327.0 small-vehicle 1
66.0 83.0 84.0 86.0 77.0 129.0 59.0 125.0 small-vehicle 1
484.0 514.0 494.0 447.0 624.0 469.0 614.0 536.0 swimming-pool 0
426.0 715.0 507.0 724.0 485.0 897.0 406.0 887.0 tennis-court 0
301.0 700.0 381.0 709.0 360.0 880.0 278.0 871.0 tennis-court 0
152.0 681.0 232.0 692.0 211.0 861.0 130.0 852.0 tennis-court 0
25.0 665.0 106.0 676.0 85.0 847.0 3.0 836.0 tennis-court 0
72.0 411.0 150.0 421.0 130.0 593.0 49.0 580.0 tennis-court 0
193.0 425.0 275.0 436.0 253.0 607.0 173.0 595.0 tennis-court 0
124.0 134.0 205.0 144.0 184.0 315.0 102.0 303.0 tennis-court 0
245.0 148.0 326.0 158.0 304.0 329.0 224.0 319.0 tennis-court 0
366.0 165.0 448.0 174.0 427.0 344.0 345.0 334.0 tennis-court 0
