imagesource:GoogleEarth
gsd:0.130805907262
429.0 38.0 432.0 20.0 468.0 28.0 465.0 45.0 small-vehicle 1
378.0 161.0 361.0 156.0 369.0 119.0 387.0 124.0 small-vehicle 0
406.0 228.0 493.0 244.0 457.0 425.0 372.0 409.0 tennis-court 0
548.0 253.0 630.0 269.0 597.0 449.0 512.0 434.0 tennis-court 0
657.0 275.0 744.0 291.0 711.0 469.0 625.0 454.0 tennis-court 0
600.0 577.0 688.0 592.0 654.0 773.0 569.0 757.0 tennis-court 0
490.0 556.0 575.0 573.0 540.0 753.0 453.0 738.0 tennis-court 0
346.0 531.0 432.0 548.0 397.0 727.0 313.0 714.0 tennis-court 0
237.0 511.0 321.0 527.0 285.0 710.0 198.0 693.0 tennis-court 0
259.0 31.0 264.0 14.0 302.0 21.0 297.0 39.0 small-vehicle 0
358.0 155.0 339.0 153.0 347.0 112.0 367.0 115.0 small-vehicle 0
476.0 179.0 458.0 174.0 466.0 136.0 484.0 140.0 small-vehicle 0
729.0 10.0 725.0 29.0 690.0 26.0 692.0 7.0 small-vehicle 1
518.0 186.0 498.0 181.0 503.0 145.0 522.0 149.0 small-vehicle 0
611.0 200.0 594.0 197.0 601.0 159.0 619.0 162.0 small-vehicle 0
578.0 9.0 575.0 25.0 538.0 16.0 542.0 1.0 small-vehicle 0
586.0 45.0 588.0 29.0 622.0 36.0 619.0 52.0 small-vehicle 0
726.0 52.0 724.0 71.0 689.0 66.0 691.0 48.0 small-vehicle 0
340.0 151.0 321.0 147.0 329.0 106.0 349.0 111.0 small-vehicle 1
321.0 149.0 301.0 144.0 307.0 102.0 327.0 106.0 small-vehicle 1
419.0 171.0 398.0 165.0 404.0 125.0 426.0 128.0 small-vehicle 1
722.0 73.0 720.0 90.0 682.0 85.0 686.0 66.0 small-vehicle 1
294.0 209.0 380.0 225.0 346.0 405.0 261.0 389.0 tennis-court 0
