imagesource:GoogleEarth
gsd:0.273819449765
489.0 1893.0 480.0 1885.0 500.0 1865.0 508.0 1874.0 ship 0
988.0 1117.0 982.0 1127.0 954.0 1112.0 961.0 1101.0 ship 0
920.0 1260.0 914.0 1273.0 875.0 1254.0 882.0 1240.0 ship 0
924.0 1244.0 918.0 1255.0 887.0 1237.0 893.0 1227.0 ship 0
920.0 1229.0 915.0 1237.0 891.0 1222.0 897.0 1213.0 ship 0
941.0 1214.0 935.0 1228.0 904.0 1210.0 911.0 1197.0 ship 0
950.0 1198.0 944.0 1210.0 911.0 1191.0 919.0 1180.0 ship 0
959.0 1181.0 953.0 1192.0 924.0 1178.0 930.0 1166.0 ship 0
965.0 1165.0 960.0 1178.0 924.0 1159.0 930.0 1145.0 ship 0
982.0 1133.0 976.0 1147.0 941.0 1129.0 948.0 1115.0 ship 0
999.0 1101.0 993.0 1115.0 957.0 1095.0 965.0 1081.0 ship 0
1084.0 924.0 1078.0 938.0 1040.0 919.0 1048.0 904.0 ship 0
1005.0 1086.0 999.0 1098.0 966.0 1080.0 972.0 1068.0 ship 0
1011.0 1070.0 1006.0 1082.0 971.0 1063.0 977.0 1052.0 ship 0
1029.0 1039.0 1023.0 1051.0 987.0 1031.0 995.0 1018.0 ship 0
1036.0 1022.0 1030.0 1035.0 995.0 1014.0 1002.0 1002.0 ship 0
1042.0 1009.0 1037.0 1021.0 1004.0 1001.0 1010.0 989.0 ship 0
1053.0 992.0 1045.0 1004.0 1010.0 982.0 1018.0 970.0 ship 0
1058.0 977.0 1054.0 987.0 1018.0 967.0 1025.0 956.0 ship 0
1069.0 959.0 1062.0 972.0 1026.0 951.0 1033.0 938.0 ship 0
909.0 1276.0 903.0 1288.0 871.0 1271.0 876.0 1260.0 ship 0
901.0 1293.0 896.0 1304.0 863.0 1288.0 869.0 1276.0 ship 0
850.0 1301.0 857.0 1289.0 890.0 1308.0 883.0 1319.0 ship 0
882.0 1324.0 876.0 1337.0 838.0 1315.0 846.0 1302.0 ship 0
797.0 1530.0 806.0 1537.0 787.0 1560.0 779.0 1553.0 ship 0
819.0 1559.0 829.0 1562.0 826.0 1582.0 816.0 1579.0 ship 0
807.0 1542.0 815.0 1549.0 798.0 1570.0 790.0 1562.0 ship 0
803.0 1527.0 810.0 1521.0 825.0 1536.0 819.0 1543.0 ship 0
799.0 1522.0 791.0 1515.0 812.0 1494.0 820.0 1501.0 ship 0
790.0 1510.0 783.0 1502.0 800.0 1484.0 807.0 1491.0 ship 0
778.0 1500.0 770.0 1493.0 790.0 1470.0 798.0 1477.0 ship 0
768.0 1489.0 760.0 1482.0 780.0 1459.0 788.0 1466.0 ship 0
755.0 1478.0 747.0 1470.0 768.0 1447.0 776.0 1454.0 ship 0
744.0 1466.0 737.0 1459.0 756.0 1440.0 763.0 1447.0 ship 0
735.0 1457.0 728.0 1449.0 747.0 1430.0 754.0 1438.0 ship 0
842.0 1409.0 835.0 1422.0 800.0 1404.0 808.0 1389.0 ship 0
851.0 1389.0 845.0 1404.0 803.0 1384.0 811.0 1368.0 ship 0
862.0 1411.0 852.0 1405.0 864.0 1384.0 873.0 1390.0 ship 0
859.0 1374.0 854.0 1387.0 812.0 1367.0 819.0 1355.0 ship 0
869.0 1358.0 862.0 1372.0 826.0 1351.0 833.0 1338.0 ship 0
876.0 1340.0 870.0 1353.0 835.0 1335.0 843.0 1322.0 ship 0
1077.0 941.0 1072.0 955.0 1034.0 935.0 1041.0 920.0 ship 0
1092.0 910.0 1088.0 920.0 1054.0 902.0 1060.0 891.0 ship 0
777.0 1507.0 785.0 1516.0 762.0 1537.0 754.0 1528.0 ship 0
816.0 1032.0 825.0 1017.0 869.0 1042.0 861.0 1057.0 ship 0
800.0 1179.0 794.0 1194.0 750.0 1172.0 758.0 1158.0 ship 0
759.0 1152.0 766.0 1139.0 801.0 1158.0 794.0 1171.0 ship 0
810.0 1144.0 804.0 1156.0 767.0 1137.0 773.0 1124.0 ship 0
826.0 1129.0 819.0 1145.0 774.0 1121.0 782.0 1106.0 ship 0
827.0 1110.0 820.0 1123.0 783.0 1102.0 792.0 1088.0 ship 0
791.0 1084.0 798.0 1071.0 838.0 1094.0 830.0 1108.0 ship 0
797.0 1068.0 804.0 1055.0 840.0 1074.0 834.0 1086.0 ship 0
810.0 1051.0 818.0 1037.0 855.0 1057.0 847.0 1071.0 ship 0
890.0 1021.0 882.0 1038.0 830.0 1009.0 838.0 994.0 ship 0
1101.0 895.0 1096.0 906.0 1064.0 889.0 1070.0 878.0 ship 0
842.0 992.0 849.0 977.0 889.0 998.0 882.0 1012.0 ship 0
846.0 971.0 853.0 955.0 897.0 976.0 890.0 991.0 ship 0
858.0 950.0 866.0 932.0 912.0 958.0 903.0 975.0 ship 0
876.0 930.0 881.0 919.0 918.0 938.0 911.0 949.0 ship 0
882.0 916.0 888.0 903.0 921.0 921.0 916.0 932.0 ship 0
886.0 893.0 893.0 878.0 941.0 903.0 934.0 919.0 ship 0
899.0 875.0 906.0 862.0 943.0 883.0 937.0 896.0 ship 0
910.0 857.0 917.0 842.0 958.0 862.0 951.0 876.0 ship 0
794.0 1198.0 787.0 1214.0 742.0 1189.0 750.0 1175.0 ship 0
778.0 1212.0 772.0 1227.0 733.0 1204.0 740.0 1190.0 ship 0
772.0 1230.0 765.0 1243.0 727.0 1222.0 734.0 1208.0 ship 0
716.0 1237.0 722.0 1226.0 757.0 1244.0 751.0 1255.0 ship 0
1109.0 879.0 1104.0 892.0 1067.0 873.0 1074.0 859.0 ship 0
1115.0 864.0 1110.0 875.0 1080.0 860.0 1085.0 848.0 ship 0
1126.0 846.0 1120.0 860.0 1085.0 842.0 1091.0 830.0 ship 0
1134.0 830.0 1127.0 844.0 1093.0 827.0 1099.0 813.0 ship 0
1137.0 815.0 1131.0 827.0 1102.0 812.0 1107.0 799.0 ship 0
1151.0 794.0 1143.0 805.0 1108.0 776.0 1118.0 765.0 ship 0
1167.0 782.0 1157.0 795.0 1120.0 760.0 1131.0 748.0 ship 0
1177.0 765.0 1167.0 777.0 1134.0 747.0 1144.0 735.0 ship 0
1219.0 715.0 1209.0 730.0 1169.0 699.0 1179.0 685.0 ship 0
1226.0 699.0 1216.0 712.0 1181.0 682.0 1192.0 668.0 ship 0
1243.0 686.0 1234.0 698.0 1202.0 671.0 1211.0 658.0 ship 0
1257.0 668.0 1247.0 682.0 1203.0 646.0 1213.0 631.0 ship 0
663.0 1308.0 670.0 1301.0 690.0 1319.0 682.0 1328.0 ship 0
674.0 1298.0 681.0 1291.0 701.0 1311.0 694.0 1319.0 ship 0
683.0 1286.0 691.0 1279.0 712.0 1302.0 704.0 1310.0 ship 0
698.0 1268.0 703.0 1259.0 731.0 1273.0 726.0 1282.0 ship 0
751.0 1261.0 744.0 1275.0 708.0 1255.0 715.0 1242.0 ship 0
769.0 1551.0 763.0 1543.0 783.0 1522.0 790.0 1530.0 ship 0
764.0 1497.0 771.0 1503.0 751.0 1525.0 744.0 1517.0 ship 0
916.0 749.0 906.0 743.0 919.0 718.0 929.0 722.0 ship 0
665.0 1841.0 672.0 1848.0 654.0 1867.0 646.0 1860.0 ship 0
572.0 1855.0 565.0 1847.0 587.0 1824.0 595.0 1831.0 ship 0
604.0 1824.0 597.0 1817.0 620.0 1793.0 626.0 1800.0 ship 0
599.0 1834.0 609.0 1842.0 585.0 1868.0 576.0 1859.0 ship 0
610.0 1848.0 617.0 1855.0 595.0 1880.0 588.0 1873.0 ship 0
618.0 1835.0 610.0 1827.0 629.0 1806.0 637.0 1813.0 ship 0
627.0 1847.0 620.0 1839.0 643.0 1816.0 649.0 1824.0 ship 0
640.0 1858.0 634.0 1852.0 657.0 1830.0 662.0 1837.0 ship 0
623.0 1856.0 631.0 1865.0 609.0 1887.0 600.0 1879.0 ship 0
560.0 1585.0 570.0 1596.0 540.0 1626.0 530.0 1616.0 ship 0
631.0 1669.0 624.0 1661.0 642.0 1643.0 648.0 1650.0 ship 0
565.0 1612.0 571.0 1620.0 548.0 1640.0 542.0 1633.0 ship 0
573.0 1626.0 580.0 1633.0 559.0 1653.0 552.0 1646.0 ship 0
585.0 1636.0 591.0 1644.0 569.0 1664.0 562.0 1657.0 ship 0
574.0 1615.0 567.0 1608.0 587.0 1587.0 594.0 1594.0 ship 0
597.0 1636.0 590.0 1629.0 610.0 1609.0 616.0 1615.0 ship 0
594.0 1648.0 600.0 1656.0 583.0 1673.0 576.0 1666.0 ship 0
608.0 1648.0 601.0 1641.0 620.0 1622.0 627.0 1629.0 ship 0
607.0 1656.0 613.0 1662.0 591.0 1685.0 585.0 1679.0 ship 0
576.0 1811.0 585.0 1820.0 561.0 1845.0 553.0 1835.0 ship 0
566.0 1802.0 573.0 1810.0 551.0 1833.0 544.0 1825.0 ship 0
578.0 1801.0 571.0 1793.0 599.0 1766.0 606.0 1774.0 ship 0
557.0 1781.0 547.0 1771.0 572.0 1748.0 581.0 1756.0 ship 0
392.0 1799.0 384.0 1791.0 405.0 1771.0 412.0 1779.0 ship 0
380.0 1790.0 372.0 1782.0 393.0 1762.0 400.0 1769.0 ship 0
480.0 1656.0 495.0 1672.0 446.0 1722.0 430.0 1706.0 ship 0
470.0 1705.0 479.0 1714.0 452.0 1741.0 444.0 1732.0 ship 0
483.0 1717.0 491.0 1725.0 464.0 1752.0 456.0 1744.0 ship 0
485.0 1706.0 478.0 1699.0 499.0 1678.0 505.0 1685.0 ship 0
499.0 1717.0 493.0 1709.0 512.0 1689.0 519.0 1697.0 ship 0
510.0 1730.0 502.0 1721.0 525.0 1698.0 533.0 1706.0 ship 0
495.0 1729.0 504.0 1738.0 480.0 1762.0 471.0 1753.0 ship 0
507.0 1739.0 515.0 1747.0 492.0 1770.0 484.0 1761.0 ship 0
522.0 1743.0 513.0 1733.0 537.0 1708.0 546.0 1718.0 ship 0
534.0 1753.0 526.0 1746.0 548.0 1724.0 556.0 1733.0 ship 0
518.0 1753.0 527.0 1761.0 504.0 1785.0 495.0 1776.0 ship 0
529.0 1768.0 536.0 1775.0 516.0 1796.0 509.0 1788.0 ship 0
548.0 1764.0 540.0 1755.0 560.0 1736.0 567.0 1744.0 ship 0
543.0 1776.0 551.0 1786.0 526.0 1810.0 518.0 1800.0 ship 0
554.0 1791.0 561.0 1798.0 538.0 1819.0 532.0 1811.0 ship 0
617.0 1667.0 624.0 1675.0 602.0 1697.0 595.0 1689.0 ship 0
625.0 1681.0 632.0 1689.0 613.0 1709.0 606.0 1701.0 ship 0
753.0 1485.0 760.0 1492.0 740.0 1513.0 733.0 1505.0 ship 0
654.0 1546.0 659.0 1552.0 641.0 1571.0 634.0 1564.0 ship 0
719.0 1610.0 726.0 1618.0 704.0 1641.0 696.0 1632.0 ship 0
707.0 1600.0 714.0 1607.0 695.0 1627.0 688.0 1620.0 ship 0
699.0 1578.0 692.0 1572.0 712.0 1549.0 720.0 1556.0 ship 0
720.0 1601.0 714.0 1595.0 732.0 1576.0 739.0 1582.0 ship 0
697.0 1590.0 704.0 1596.0 683.0 1618.0 676.0 1610.0 ship 0
687.0 1578.0 694.0 1584.0 675.0 1603.0 668.0 1596.0 ship 0
675.0 1567.0 683.0 1574.0 663.0 1595.0 656.0 1587.0 ship 0
641.0 1535.0 647.0 1543.0 629.0 1559.0 622.0 1553.0 ship 0
663.0 1555.0 671.0 1562.0 649.0 1585.0 642.0 1577.0 ship 0
641.0 1681.0 633.0 1674.0 654.0 1650.0 661.0 1658.0 ship 0
690.0 1569.0 682.0 1562.0 700.0 1542.0 707.0 1549.0 ship 0
678.0 1559.0 670.0 1550.0 693.0 1526.0 703.0 1537.0 ship 0
669.0 1545.0 662.0 1539.0 680.0 1516.0 687.0 1523.0 ship 0
657.0 1535.0 650.0 1527.0 666.0 1507.0 674.0 1515.0 ship 0
618.0 1551.0 611.0 1545.0 630.0 1523.0 638.0 1529.0 ship 0
722.0 1453.0 729.0 1462.0 708.0 1482.0 700.0 1473.0 ship 0
732.0 1466.0 738.0 1472.0 720.0 1491.0 714.0 1484.0 ship 0
743.0 1474.0 750.0 1483.0 728.0 1504.0 721.0 1496.0 ship 0
732.0 1612.0 726.0 1606.0 743.0 1586.0 750.0 1594.0 ship 0
739.0 1633.0 747.0 1640.0 728.0 1660.0 720.0 1653.0 ship 0
751.0 1644.0 758.0 1651.0 740.0 1671.0 732.0 1663.0 ship 0
762.0 1654.0 769.0 1662.0 747.0 1686.0 740.0 1679.0 ship 0
652.0 1691.0 645.0 1684.0 664.0 1664.0 670.0 1672.0 ship 0
650.0 1705.0 657.0 1713.0 638.0 1729.0 631.0 1723.0 ship 0
639.0 1692.0 646.0 1698.0 629.0 1717.0 622.0 1710.0 ship 0
681.0 1671.0 686.0 1679.0 665.0 1700.0 658.0 1693.0 ship 0
645.0 1744.0 638.0 1735.0 659.0 1713.0 667.0 1721.0 ship 0
676.0 1712.0 670.0 1704.0 688.0 1686.0 695.0 1692.0 ship 0
700.0 1695.0 707.0 1702.0 686.0 1724.0 679.0 1718.0 ship 0
671.0 1726.0 676.0 1734.0 658.0 1750.0 652.0 1744.0 ship 0
683.0 1734.0 690.0 1741.0 670.0 1762.0 662.0 1755.0 ship 0
696.0 1737.0 690.0 1730.0 708.0 1711.0 714.0 1718.0 ship 0
708.0 1748.0 702.0 1742.0 715.0 1729.0 722.0 1734.0 ship 0
694.0 1746.0 701.0 1753.0 680.0 1774.0 673.0 1766.0 ship 0
704.0 1759.0 712.0 1766.0 690.0 1790.0 682.0 1782.0 ship 0
737.0 1744.0 731.0 1736.0 749.0 1721.0 755.0 1728.0 ship 0
759.0 1711.0 750.0 1708.0 756.0 1688.0 765.0 1691.0 ship 0
758.0 1630.0 752.0 1623.0 765.0 1608.0 772.0 1615.0 ship 0
766.0 1645.0 759.0 1638.0 776.0 1620.0 784.0 1627.0 ship 0
916.0 833.0 922.0 821.0 967.0 844.0 960.0 858.0 ship 0
930.0 754.0 921.0 749.0 932.0 725.0 942.0 731.0 ship 0
413.0 1824.0 406.0 1817.0 426.0 1794.0 433.0 1801.0 ship 0
1479.0 235.0 1474.0 243.0 1452.0 230.0 1457.0 222.0 ship 0
1381.0 382.0 1388.0 369.0 1419.0 386.0 1412.0 398.0 ship 0
1429.0 372.0 1423.0 384.0 1395.0 369.0 1402.0 358.0 ship 0
1432.0 359.0 1427.0 368.0 1401.0 353.0 1407.0 343.0 ship 0
1443.0 345.0 1438.0 355.0 1410.0 338.0 1415.0 328.0 ship 0
1449.0 329.0 1444.0 339.0 1417.0 323.0 1423.0 313.0 ship 0
1459.0 313.0 1454.0 324.0 1427.0 310.0 1433.0 299.0 ship 0
1462.0 298.0 1458.0 309.0 1430.0 294.0 1435.0 284.0 ship 0
1482.0 250.0 1476.0 260.0 1450.0 246.0 1455.0 236.0 ship 0
1382.0 194.0 1387.0 183.0 1414.0 196.0 1409.0 207.0 ship 0
1335.0 255.0 1331.0 264.0 1305.0 250.0 1309.0 242.0 ship 0
1375.0 178.0 1370.0 190.0 1334.0 173.0 1340.0 162.0 ship 0
1370.0 209.0 1376.0 199.0 1401.0 211.0 1397.0 220.0 ship 0
1365.0 193.0 1360.0 204.0 1331.0 190.0 1337.0 180.0 ship 0
1354.0 206.0 1349.0 216.0 1322.0 203.0 1326.0 194.0 ship 0
1365.0 223.0 1369.0 214.0 1397.0 227.0 1393.0 236.0 ship 0
1357.0 240.0 1361.0 231.0 1388.0 244.0 1384.0 253.0 ship 0
1310.0 235.0 1315.0 225.0 1343.0 238.0 1337.0 249.0 ship 0
1346.0 253.0 1351.0 240.0 1387.0 259.0 1381.0 271.0 ship 0
1415.0 404.0 1409.0 416.0 1377.0 400.0 1383.0 388.0 ship 0
1392.0 450.0 1386.0 461.0 1356.0 444.0 1361.0 433.0 ship 0
1385.0 464.0 1378.0 477.0 1349.0 460.0 1355.0 447.0 ship 0
1373.0 481.0 1369.0 489.0 1342.0 475.0 1347.0 466.0 ship 0
1245.0 462.0 1249.0 452.0 1282.0 468.0 1276.0 480.0 ship 0
1241.0 446.0 1236.0 459.0 1205.0 443.0 1211.0 431.0 ship 0
1232.0 463.0 1228.0 473.0 1199.0 459.0 1204.0 449.0 ship 0
1226.0 477.0 1221.0 489.0 1190.0 471.0 1196.0 461.0 ship 0
1220.0 492.0 1214.0 504.0 1184.0 487.0 1190.0 477.0 ship 0
1229.0 491.0 1235.0 479.0 1265.0 494.0 1259.0 507.0 ship 0
1222.0 504.0 1226.0 494.0 1258.0 510.0 1252.0 521.0 ship 0
1282.0 636.0 1271.0 648.0 1234.0 617.0 1245.0 604.0 ship 0
1297.0 623.0 1286.0 635.0 1247.0 602.0 1258.0 589.0 ship 0
1309.0 603.0 1300.0 616.0 1263.0 584.0 1274.0 570.0 ship 0
1323.0 587.0 1317.0 598.0 1285.0 577.0 1293.0 566.0 ship 0
1329.0 569.0 1326.0 581.0 1298.0 566.0 1303.0 556.0 ship 0
1338.0 553.0 1334.0 564.0 1304.0 548.0 1309.0 538.0 ship 0
1347.0 539.0 1343.0 552.0 1310.0 535.0 1316.0 523.0 ship 0
1352.0 523.0 1349.0 533.0 1320.0 519.0 1325.0 509.0 ship 0
1359.0 510.0 1355.0 520.0 1329.0 506.0 1334.0 496.0 ship 0
1369.0 494.0 1363.0 505.0 1333.0 489.0 1339.0 478.0 ship 0
1342.0 268.0 1346.0 258.0 1371.0 271.0 1366.0 280.0 ship 0
1328.0 267.0 1322.0 279.0 1293.0 263.0 1298.0 252.0 ship 0
1250.0 433.0 1245.0 444.0 1211.0 427.0 1217.0 415.0 ship 0
684.0 1268.0 716.0 1303.0 225.0 1795.0 194.0 1764.0 harbor 0
698.0 1469.0 744.0 1426.0 839.0 1525.0 793.0 1570.0 harbor 0
618.0 1548.0 663.0 1503.0 786.0 1627.0 740.0 1675.0 harbor 0
538.0 1627.0 584.0 1582.0 727.0 1727.0 683.0 1777.0 harbor 0
442.0 1726.0 496.0 1671.0 663.0 1836.0 605.0 1889.0 harbor 0
347.0 1818.0 401.0 1764.0 565.0 1928.0 511.0 1984.0 harbor 0
254.0 1914.0 308.0 1862.0 460.0 2017.0 404.0 2069.0 harbor 0
159.0 2010.0 213.0 1956.0 322.0 2067.0 266.0 2123.0 harbor 0
178.0 1832.0 167.0 1827.0 195.0 1767.0 206.0 1772.0 harbor 0
1099.0 787.0 1151.0 816.0 840.0 1437.0 782.0 1410.0 harbor 0
1337.0 283.0 1341.0 273.0 1368.0 287.0 1363.0 297.0 ship 0
955.0 736.0 1009.0 764.0 746.0 1295.0 685.0 1270.0 harbor 0
1046.0 677.0 1020.0 731.0 882.0 659.0 904.0 608.0 harbor 0
1154.0 808.0 1109.0 768.0 1280.0 560.0 1322.0 603.0 harbor 0
1086.0 597.0 1060.0 643.0 906.0 562.0 932.0 514.0 harbor 0
1129.0 511.0 1103.0 560.0 949.0 479.0 974.0 429.0 harbor 0
1034.0 419.0 1051.0 391.0 1111.0 423.0 1098.0 454.0 harbor 0
1138.0 470.0 1099.0 450.0 1263.0 120.0 1302.0 144.0 harbor 0
1462.0 230.0 1497.0 251.0 1335.0 582.0 1295.0 560.0 harbor 0
1250.0 166.0 1256.0 155.0 1287.0 171.0 1282.0 181.0 ship 0
1245.0 183.0 1250.0 173.0 1281.0 188.0 1276.0 198.0 ship 0
1240.0 198.0 1245.0 188.0 1272.0 202.0 1267.0 211.0 ship 0
1228.0 212.0 1233.0 202.0 1260.0 215.0 1255.0 225.0 ship 0
1316.0 314.0 1322.0 300.0 1354.0 318.0 1349.0 330.0 ship 0
1366.0 304.0 1362.0 316.0 1327.0 298.0 1333.0 285.0 ship 0
1316.0 330.0 1320.0 322.0 1340.0 332.0 1336.0 340.0 ship 0
1304.0 342.0 1310.0 331.0 1339.0 347.0 1333.0 358.0 ship 0
1338.0 364.0 1332.0 377.0 1298.0 360.0 1304.0 348.0 ship 0
1287.0 372.0 1291.0 362.0 1320.0 376.0 1315.0 386.0 ship 0
1286.0 357.0 1280.0 368.0 1252.0 353.0 1257.0 343.0 ship 0
1317.0 298.0 1312.0 310.0 1280.0 295.0 1286.0 283.0 ship 0
1303.0 313.0 1299.0 322.0 1273.0 308.0 1278.0 299.0 ship 0
1301.0 328.0 1296.0 338.0 1266.0 323.0 1271.0 313.0 ship 0
1295.0 343.0 1289.0 355.0 1255.0 337.0 1262.0 324.0 ship 0
1181.0 316.0 1186.0 307.0 1211.0 318.0 1207.0 328.0 ship 0
1196.0 286.0 1202.0 277.0 1224.0 289.0 1219.0 298.0 ship 0
1202.0 272.0 1207.0 263.0 1232.0 278.0 1227.0 286.0 ship 0
1205.0 255.0 1211.0 245.0 1240.0 260.0 1235.0 270.0 ship 0
1249.0 248.0 1245.0 258.0 1218.0 244.0 1223.0 234.0 ship 0
1220.0 226.0 1226.0 215.0 1258.0 231.0 1252.0 243.0 ship 0
1251.0 445.0 1256.0 436.0 1287.0 452.0 1282.0 462.0 ship 0
1255.0 416.0 1250.0 426.0 1225.0 413.0 1230.0 404.0 ship 0
906.0 761.0 911.0 753.0 928.0 761.0 923.0 770.0 ship 0
980.0 579.0 987.0 583.0 977.0 603.0 970.0 600.0 ship 0
1056.0 604.0 1049.0 600.0 1058.0 582.0 1066.0 585.0 ship 0
1070.0 611.0 1062.0 606.0 1072.0 589.0 1080.0 594.0 ship 0
1057.0 614.0 1067.0 620.0 1054.0 645.0 1044.0 640.0 ship 0
1045.0 608.0 1052.0 613.0 1041.0 636.0 1034.0 632.0 ship 0
1033.0 600.0 1042.0 606.0 1030.0 627.0 1021.0 622.0 ship 0
1018.0 595.0 1027.0 600.0 1017.0 620.0 1008.0 616.0 ship 0
1005.0 588.0 1014.0 593.0 1002.0 616.0 994.0 611.0 ship 0
993.0 583.0 1001.0 588.0 991.0 607.0 983.0 603.0 ship 0
967.0 570.0 976.0 575.0 965.0 596.0 956.0 591.0 ship 0
1000.0 440.0 1009.0 445.0 996.0 469.0 987.0 464.0 ship 0
955.0 562.0 964.0 568.0 951.0 590.0 943.0 586.0 ship 0
914.0 543.0 922.0 548.0 912.0 568.0 903.0 562.0 ship 0
930.0 548.0 938.0 553.0 927.0 574.0 918.0 570.0 ship 0
954.0 555.0 945.0 551.0 956.0 528.0 965.0 533.0 ship 0
940.0 547.0 933.0 543.0 943.0 521.0 951.0 526.0 ship 0
929.0 541.0 921.0 536.0 932.0 516.0 940.0 521.0 ship 0
958.0 462.0 966.0 466.0 956.0 486.0 948.0 482.0 ship 0
970.0 469.0 978.0 474.0 967.0 493.0 960.0 489.0 ship 0
1043.0 600.0 1035.0 596.0 1047.0 573.0 1055.0 577.0 ship 0
1031.0 594.0 1022.0 589.0 1033.0 568.0 1043.0 573.0 ship 0
1017.0 586.0 1008.0 581.0 1020.0 559.0 1030.0 565.0 ship 0
1004.0 579.0 996.0 575.0 1007.0 555.0 1014.0 559.0 ship 0
943.0 761.0 934.0 757.0 946.0 730.0 956.0 734.0 ship 0
922.0 803.0 914.0 798.0 924.0 777.0 933.0 782.0 ship 0
924.0 818.0 932.0 802.0 978.0 823.0 970.0 839.0 ship 0
946.0 776.0 952.0 762.0 997.0 783.0 990.0 798.0 ship 0
953.0 757.0 960.0 741.0 1015.0 770.0 1007.0 785.0 ship 0
941.0 645.0 932.0 641.0 941.0 623.0 950.0 628.0 ship 0
954.0 655.0 944.0 649.0 954.0 629.0 964.0 634.0 ship 0
964.0 661.0 956.0 656.0 967.0 638.0 975.0 642.0 ship 0
950.0 670.0 959.0 676.0 947.0 698.0 938.0 693.0 ship 0
964.0 677.0 971.0 682.0 961.0 701.0 952.0 696.0 ship 0
990.0 675.0 981.0 669.0 992.0 651.0 1000.0 656.0 ship 0
991.0 687.0 999.0 691.0 990.0 711.0 982.0 707.0 ship 0
1016.0 690.0 1008.0 686.0 1018.0 663.0 1027.0 667.0 ship 0
1003.0 693.0 1011.0 697.0 1001.0 718.0 993.0 714.0 ship 0
1034.0 724.0 1023.0 718.0 1037.0 688.0 1048.0 694.0 ship 0
1029.0 696.0 1021.0 692.0 1031.0 671.0 1039.0 674.0 ship 0
993.0 573.0 984.0 568.0 995.0 546.0 1004.0 550.0 ship 0
982.0 465.0 974.0 461.0 985.0 437.0 994.0 442.0 ship 0
983.0 474.0 992.0 479.0 981.0 501.0 971.0 496.0 ship 0
1259.0 432.0 1265.0 421.0 1298.0 440.0 1292.0 450.0 ship 0
1135.0 384.0 1124.0 378.0 1134.0 358.0 1145.0 364.0 ship 0
1133.0 404.0 1137.0 394.0 1168.0 408.0 1163.0 419.0 ship 0
1177.0 395.0 1171.0 406.0 1142.0 390.0 1147.0 380.0 ship 0
1121.0 388.0 1130.0 393.0 1117.0 419.0 1108.0 415.0 ship 0
1258.0 135.0 1249.0 131.0 1258.0 112.0 1266.0 117.0 ship 0
1235.0 182.0 1226.0 178.0 1236.0 159.0 1244.0 163.0 ship 0
1225.0 179.0 1234.0 184.0 1225.0 202.0 1216.0 197.0 ship 0
1193.0 267.0 1184.0 261.0 1194.0 242.0 1202.0 247.0 ship 0
1164.0 327.0 1154.0 321.0 1164.0 302.0 1173.0 307.0 ship 0
1149.0 377.0 1155.0 366.0 1182.0 381.0 1176.0 391.0 ship 0
998.0 478.0 1007.0 483.0 994.0 507.0 987.0 502.0 ship 0
1153.0 360.0 1158.0 350.0 1187.0 366.0 1182.0 376.0 ship 0
1167.0 345.0 1171.0 336.0 1198.0 350.0 1194.0 360.0 ship 0
1172.0 332.0 1177.0 323.0 1202.0 336.0 1198.0 345.0 ship 0
1281.0 386.0 1285.0 378.0 1315.0 392.0 1309.0 401.0 ship 0
1278.0 373.0 1273.0 384.0 1245.0 369.0 1250.0 359.0 ship 0
1273.0 388.0 1267.0 400.0 1233.0 382.0 1238.0 372.0 ship 0
1263.0 403.0 1258.0 414.0 1229.0 398.0 1234.0 388.0 ship 0
1266.0 418.0 1271.0 408.0 1300.0 425.0 1295.0 435.0 ship 0
1123.0 420.0 1128.0 410.0 1157.0 424.0 1153.0 433.0 ship 0
1110.0 449.0 1116.0 439.0 1142.0 453.0 1135.0 464.0 ship 0
1130.0 466.0 1125.0 475.0 1106.0 464.0 1112.0 455.0 ship 0
1102.0 426.0 1110.0 430.0 1100.0 451.0 1092.0 447.0 ship 0
1022.0 485.0 1013.0 481.0 1025.0 457.0 1033.0 461.0 ship 0
1035.0 490.0 1028.0 485.0 1038.0 466.0 1045.0 470.0 ship 0
1022.0 494.0 1031.0 498.0 1019.0 521.0 1012.0 517.0 ship 0
1036.0 499.0 1044.0 504.0 1032.0 527.0 1023.0 522.0 ship 0
1047.0 499.0 1039.0 494.0 1049.0 472.0 1057.0 477.0 ship 0
1060.0 502.0 1053.0 496.0 1062.0 480.0 1070.0 484.0 ship 0
1073.0 509.0 1065.0 505.0 1074.0 486.0 1082.0 490.0 ship 0
1062.0 512.0 1070.0 517.0 1059.0 537.0 1050.0 533.0 ship 0
1074.0 519.0 1082.0 524.0 1072.0 544.0 1064.0 540.0 ship 0
1085.0 518.0 1077.0 512.0 1089.0 489.0 1098.0 493.0 ship 0
1097.0 523.0 1089.0 519.0 1100.0 497.0 1108.0 502.0 ship 0
1087.0 525.0 1095.0 529.0 1082.0 553.0 1074.0 548.0 ship 0
1111.0 529.0 1102.0 525.0 1115.0 502.0 1124.0 507.0 ship 0
1051.0 402.0 1059.0 406.0 1048.0 427.0 1039.0 423.0 ship 0
1063.0 410.0 1071.0 414.0 1059.0 436.0 1051.0 432.0 ship 0
1087.0 403.0 1083.0 411.0 1065.0 401.0 1070.0 392.0 ship 0
1075.0 414.0 1084.0 419.0 1074.0 441.0 1065.0 436.0 ship 0
403.0 1814.0 394.0 1804.0 416.0 1781.0 424.0 1790.0 ship 0
425.0 1836.0 417.0 1827.0 441.0 1802.0 449.0 1811.0 ship 0
876.0 1381.0 869.0 1377.0 876.0 1360.0 884.0 1363.0 ship 0
1327.0 2018.0 1335.0 2015.0 1342.0 2032.0 1334.0 2035.0 small-vehicle 0
1221.0 1964.0 1216.0 1953.0 1234.0 1949.0 1236.0 1958.0 small-vehicle 0
1196.0 1958.0 1192.0 1950.0 1211.0 1944.0 1214.0 1954.0 small-vehicle 0
1193.0 1947.0 1189.0 1936.0 1209.0 1931.0 1212.0 1941.0 small-vehicle 0
1280.0 1997.0 1277.0 1989.0 1294.0 1985.0 1297.0 1993.0 small-vehicle 0
1230.0 2003.0 1227.0 1993.0 1246.0 1988.0 1249.0 1997.0 small-vehicle 0
1234.0 2013.0 1231.0 2004.0 1250.0 1999.0 1253.0 2008.0 small-vehicle 0
1225.0 1993.0 1229.0 2003.0 1210.0 2008.0 1207.0 1999.0 small-vehicle 0
1349.0 2009.0 1359.0 2006.0 1366.0 2026.0 1358.0 2029.0 small-vehicle 0
1297.0 2028.0 1307.0 2025.0 1313.0 2044.0 1306.0 2047.0 small-vehicle 0
1088.0 2032.0 1091.0 2040.0 1070.0 2044.0 1068.0 2037.0 small-vehicle 0
1288.0 2030.0 1296.0 2028.0 1303.0 2047.0 1294.0 2048.0 small-vehicle 0
1263.0 2036.0 1270.0 2033.0 1278.0 2052.0 1270.0 2056.0 small-vehicle 0
1247.0 2042.0 1256.0 2039.0 1262.0 2058.0 1253.0 2061.0 small-vehicle 0
1226.0 2048.0 1235.0 2044.0 1241.0 2065.0 1231.0 2068.0 small-vehicle 0
1176.0 2056.0 1186.0 2054.0 1191.0 2075.0 1182.0 2078.0 small-vehicle 0
1163.0 2061.0 1172.0 2058.0 1178.0 2080.0 1171.0 2081.0 small-vehicle 0
1153.0 2065.0 1162.0 2062.0 1167.0 2084.0 1159.0 2086.0 small-vehicle 0
1181.0 2016.0 1184.0 2025.0 1164.0 2029.0 1162.0 2021.0 small-vehicle 0
1240.0 1965.0 1244.0 1975.0 1226.0 1981.0 1221.0 1972.0 small-vehicle 0
1271.0 1983.0 1270.0 1973.0 1290.0 1968.0 1294.0 1975.0 small-vehicle 0
1265.0 1960.0 1262.0 1952.0 1281.0 1945.0 1284.0 1955.0 small-vehicle 0
1259.0 1946.0 1258.0 1935.0 1280.0 1930.0 1282.0 1940.0 small-vehicle 0
1026.0 1872.0 1023.0 1879.0 1004.0 1874.0 1007.0 1865.0 small-vehicle 0
1021.0 1882.0 1020.0 1891.0 1001.0 1885.0 1003.0 1876.0 small-vehicle 0
993.0 1902.0 995.0 1892.0 1020.0 1897.0 1017.0 1909.0 small-vehicle 0
1332.0 2135.0 1341.0 2136.0 1337.0 2156.0 1329.0 2155.0 small-vehicle 0
1449.0 2185.0 1450.0 2175.0 1472.0 2179.0 1472.0 2187.0 small-vehicle 0
1451.0 2161.0 1452.0 2151.0 1472.0 2156.0 1470.0 2164.0 small-vehicle 0
1506.0 2146.0 1496.0 2144.0 1502.0 2125.0 1510.0 2127.0 small-vehicle 0
1435.0 1944.0 1433.0 1935.0 1450.0 1932.0 1451.0 1941.0 small-vehicle 0
1440.0 1910.0 1442.0 1919.0 1427.0 1924.0 1425.0 1916.0 small-vehicle 0
1426.0 1915.0 1421.0 1907.0 1440.0 1900.0 1443.0 1908.0 small-vehicle 0
1405.0 1922.0 1403.0 1915.0 1421.0 1910.0 1425.0 1919.0 small-vehicle 0
1365.0 1953.0 1362.0 1946.0 1385.0 1939.0 1388.0 1948.0 small-vehicle 0
1363.0 1943.0 1361.0 1933.0 1380.0 1930.0 1385.0 1938.0 small-vehicle 0
1361.0 1934.0 1358.0 1923.0 1379.0 1919.0 1381.0 1928.0 small-vehicle 0
1353.0 1913.0 1349.0 1903.0 1371.0 1899.0 1372.0 1908.0 small-vehicle 0
1294.0 1910.0 1297.0 1919.0 1282.0 1924.0 1278.0 1916.0 small-vehicle 0
1298.0 1946.0 1303.0 1955.0 1285.0 1959.0 1283.0 1950.0 small-vehicle 0
1147.0 1989.0 1151.0 1998.0 1135.0 2004.0 1132.0 1995.0 small-vehicle 0
1084.0 2020.0 1089.0 2028.0 1068.0 2033.0 1065.0 2024.0 small-vehicle 0
1034.0 1848.0 1032.0 1857.0 1010.0 1850.0 1014.0 1841.0 small-vehicle 0
682.0 1928.0 688.0 1921.0 700.0 1933.0 694.0 1940.0 small-vehicle 1
1133.0 1978.0 1130.0 1969.0 1145.0 1964.0 1146.0 1973.0 small-vehicle 1
1131.0 1991.0 1127.0 1979.0 1149.0 1974.0 1151.0 1983.0 small-vehicle 1
1158.0 2021.0 1162.0 2031.0 1143.0 2037.0 1140.0 2026.0 small-vehicle 1
905.0 1929.0 902.0 1936.0 885.0 1928.0 887.0 1920.0 small-vehicle 1
895.0 1952.0 893.0 1959.0 875.0 1953.0 878.0 1946.0 small-vehicle 1
883.0 1978.0 881.0 1985.0 864.0 1979.0 867.0 1970.0 small-vehicle 1
809.0 1866.0 806.0 1874.0 789.0 1866.0 792.0 1859.0 small-vehicle 1
806.0 1876.0 802.0 1883.0 785.0 1875.0 789.0 1868.0 small-vehicle 1
675.0 1935.0 681.0 1928.0 692.0 1940.0 686.0 1946.0 small-vehicle 1
1077.0 1998.0 1079.0 2007.0 1063.0 2012.0 1060.0 2005.0 small-vehicle 0
651.0 1958.0 658.0 1950.0 672.0 1964.0 664.0 1971.0 small-vehicle 1
643.0 1965.0 650.0 1959.0 663.0 1971.0 657.0 1977.0 small-vehicle 1
638.0 1971.0 643.0 1965.0 657.0 1978.0 650.0 1983.0 small-vehicle 1
630.0 1977.0 636.0 1971.0 650.0 1983.0 644.0 1989.0 small-vehicle 1
624.0 1986.0 630.0 1978.0 644.0 1990.0 637.0 1998.0 small-vehicle 1
609.0 1998.0 614.0 1991.0 628.0 2006.0 623.0 2013.0 small-vehicle 1
682.0 1992.0 690.0 1984.0 703.0 1998.0 698.0 2005.0 small-vehicle 1
678.0 2027.0 672.0 2034.0 660.0 2021.0 665.0 2014.0 small-vehicle 1
1141.0 1953.0 1144.0 1964.0 1124.0 1968.0 1123.0 1959.0 small-vehicle 1
1164.0 1957.0 1167.0 1965.0 1153.0 1971.0 1149.0 1963.0 small-vehicle 1
1171.0 1977.0 1174.0 1986.0 1156.0 1991.0 1153.0 1981.0 small-vehicle 1
1083.0 2009.0 1080.0 1998.0 1104.0 1993.0 1106.0 2002.0 small-vehicle 1
1097.0 1967.0 1099.0 1977.0 1080.0 1982.0 1075.0 1973.0 small-vehicle 0
1073.0 1973.0 1076.0 1982.0 1058.0 1988.0 1054.0 1980.0 small-vehicle 0
1168.0 1945.0 1171.0 1955.0 1151.0 1960.0 1147.0 1951.0 small-vehicle 0
1304.0 1955.0 1306.0 1963.0 1290.0 1966.0 1287.0 1958.0 small-vehicle 1
1271.0 1914.0 1274.0 1923.0 1256.0 1930.0 1254.0 1919.0 small-vehicle 1
1348.0 1924.0 1351.0 1933.0 1337.0 1939.0 1333.0 1931.0 small-vehicle 1
1344.0 1905.0 1346.0 1913.0 1331.0 1918.0 1327.0 1909.0 small-vehicle 1
1342.0 1894.0 1343.0 1903.0 1328.0 1907.0 1324.0 1898.0 small-vehicle 1
1419.0 1885.0 1416.0 1875.0 1436.0 1867.0 1439.0 1879.0 small-vehicle 1
1407.0 1872.0 1411.0 1881.0 1396.0 1889.0 1391.0 1881.0 small-vehicle 1
1415.0 1886.0 1417.0 1895.0 1402.0 1902.0 1397.0 1893.0 small-vehicle 1
1417.0 1898.0 1419.0 1908.0 1406.0 1912.0 1402.0 1904.0 small-vehicle 1
1443.0 1921.0 1445.0 1928.0 1429.0 1933.0 1426.0 1926.0 small-vehicle 1
1415.0 2005.0 1423.0 2002.0 1430.0 2018.0 1419.0 2021.0 small-vehicle 1
1382.0 2005.0 1391.0 2002.0 1394.0 2020.0 1386.0 2024.0 small-vehicle 1
1081.0 1991.0 1078.0 1982.0 1099.0 1976.0 1101.0 1985.0 small-vehicle 1
1113.0 2024.0 1114.0 2034.0 1094.0 2038.0 1093.0 2030.0 small-vehicle 1
1028.0 1860.0 1026.0 1867.0 1007.0 1861.0 1009.0 1855.0 small-vehicle 0
1037.0 1837.0 1035.0 1845.0 1013.0 1838.0 1016.0 1828.0 small-vehicle 0
613.0 2097.0 606.0 2103.0 591.0 2088.0 598.0 2082.0 small-vehicle 1
219.0 2031.0 226.0 2038.0 207.0 2059.0 199.0 2050.0 ship 1
253.0 1082.0 262.0 1082.0 265.0 1103.0 256.0 1104.0 small-vehicle 1
252.0 1060.0 260.0 1060.0 261.0 1076.0 252.0 1077.0 small-vehicle 1
221.0 1065.0 229.0 1063.0 233.0 1079.0 224.0 1081.0 small-vehicle 1
229.0 1060.0 219.0 1061.0 217.0 1041.0 226.0 1040.0 small-vehicle 1
223.0 1015.0 213.0 1016.0 211.0 996.0 220.0 995.0 small-vehicle 1
203.0 885.0 194.0 887.0 191.0 868.0 199.0 866.0 small-vehicle 1
204.0 769.0 212.0 766.0 218.0 785.0 208.0 789.0 small-vehicle 1
190.0 836.0 182.0 837.0 179.0 818.0 188.0 816.0 small-vehicle 1
278.0 2091.0 285.0 2087.0 295.0 2098.0 288.0 2103.0 ship 1
1128.0 994.0 1131.0 986.0 1151.0 997.0 1147.0 1005.0 small-vehicle 1
391.0 2080.0 384.0 2076.0 392.0 2063.0 400.0 2066.0 ship 1
1076.0 294.0 1081.0 301.0 1064.0 313.0 1059.0 306.0 small-vehicle 1
639.0 1139.0 644.0 1130.0 659.0 1141.0 655.0 1148.0 small-vehicle 0
657.0 1095.0 664.0 1086.0 681.0 1099.0 676.0 1105.0 small-vehicle 0
678.0 1056.0 683.0 1046.0 702.0 1057.0 698.0 1064.0 small-vehicle 0
813.0 855.0 804.0 852.0 811.0 834.0 818.0 837.0 small-vehicle 0
824.0 806.0 814.0 804.0 818.0 785.0 828.0 787.0 small-vehicle 0
1491.0 973.0 1498.0 979.0 1490.0 995.0 1482.0 991.0 small-vehicle 1
259.0 1113.0 266.0 1111.0 269.0 1131.0 262.0 1130.0 small-vehicle 1
265.0 1150.0 273.0 1149.0 276.0 1167.0 268.0 1169.0 small-vehicle 1
268.0 1172.0 277.0 1171.0 281.0 1191.0 271.0 1192.0 small-vehicle 1
270.0 1197.0 280.0 1196.0 282.0 1215.0 273.0 1217.0 small-vehicle 1
1087.0 422.0 1097.0 427.0 1085.0 449.0 1077.0 445.0 ship 0
906.0 262.0 914.0 258.0 923.0 274.0 917.0 278.0 small-vehicle 1
899.0 269.0 907.0 266.0 917.0 283.0 909.0 287.0 small-vehicle 1
904.0 285.0 896.0 288.0 889.0 271.0 897.0 266.0 small-vehicle 1
59.0 584.0 50.0 585.0 48.0 568.0 56.0 567.0 small-vehicle 1
187.0 657.0 196.0 656.0 198.0 675.0 189.0 676.0 small-vehicle 1
181.0 619.0 190.0 619.0 192.0 638.0 184.0 640.0 small-vehicle 1
652.0 1103.0 656.0 1095.0 678.0 1106.0 673.0 1113.0 small-vehicle 1
649.0 1112.0 653.0 1104.0 672.0 1114.0 670.0 1122.0 small-vehicle 1
380.0 1027.0 382.0 1036.0 356.0 1038.0 356.0 1029.0 small-vehicle 1
385.0 1052.0 387.0 1060.0 368.0 1064.0 367.0 1054.0 small-vehicle 1
354.0 1491.0 346.0 1497.0 333.0 1481.0 341.0 1475.0 small-vehicle 1
185.0 1837.0 176.0 1853.0 134.0 1830.0 140.0 1814.0 ship 0
72.0 1441.0 61.0 1441.0 62.0 1421.0 71.0 1421.0 small-vehicle 1
231.0 1432.0 237.0 1439.0 221.0 1450.0 216.0 1442.0 small-vehicle 1
248.0 1418.0 253.0 1425.0 240.0 1438.0 235.0 1431.0 small-vehicle 1
344.0 1225.0 348.0 1231.0 333.0 1240.0 328.0 1233.0 small-vehicle 1
1469.0 1000.0 1476.0 997.0 1481.0 1020.0 1473.0 1023.0 small-vehicle 1
1123.0 1005.0 1126.0 998.0 1145.0 1007.0 1140.0 1014.0 small-vehicle 1
1009.0 1820.0 1005.0 1827.0 989.0 1822.0 993.0 1814.0 small-vehicle 0
1504.0 1721.0 1498.0 1728.0 1483.0 1713.0 1490.0 1707.0 small-vehicle 0
1473.0 1243.0 1469.0 1251.0 1451.0 1242.0 1456.0 1233.0 small-vehicle 0
982.0 1358.0 990.0 1363.0 981.0 1382.0 972.0 1377.0 small-vehicle 0
994.0 1421.0 991.0 1431.0 969.0 1421.0 972.0 1412.0 small-vehicle 0
1336.0 1501.0 1333.0 1492.0 1354.0 1484.0 1358.0 1493.0 small-vehicle 0
1364.0 1503.0 1360.0 1492.0 1382.0 1487.0 1385.0 1496.0 small-vehicle 0
1331.0 1518.0 1326.0 1508.0 1346.0 1502.0 1349.0 1511.0 small-vehicle 0
1366.0 1674.0 1361.0 1664.0 1382.0 1657.0 1385.0 1667.0 small-vehicle 0
1413.0 1667.0 1424.0 1663.0 1431.0 1682.0 1425.0 1686.0 small-vehicle 0
1479.0 1733.0 1485.0 1726.0 1500.0 1744.0 1495.0 1750.0 small-vehicle 0
1157.0 1038.0 1162.0 1030.0 1182.0 1042.0 1177.0 1049.0 small-vehicle 1
1103.0 1565.0 1100.0 1573.0 1080.0 1565.0 1083.0 1556.0 small-vehicle 0
1095.0 1589.0 1091.0 1597.0 1071.0 1590.0 1074.0 1581.0 small-vehicle 0
1085.0 1607.0 1081.0 1616.0 1064.0 1609.0 1067.0 1601.0 small-vehicle 0
1079.0 1621.0 1078.0 1629.0 1057.0 1623.0 1060.0 1613.0 small-vehicle 0
1075.0 1633.0 1072.0 1642.0 1052.0 1634.0 1056.0 1626.0 small-vehicle 0
935.0 1588.0 933.0 1595.0 914.0 1592.0 916.0 1584.0 small-vehicle 0
878.0 1622.0 869.0 1620.0 874.0 1600.0 884.0 1603.0 small-vehicle 0
822.0 1752.0 813.0 1747.0 825.0 1726.0 833.0 1731.0 small-vehicle 0
1414.0 1210.0 1409.0 1218.0 1395.0 1208.0 1401.0 1200.0 small-vehicle 0
1033.0 1335.0 1032.0 1341.0 1015.0 1335.0 1018.0 1328.0 small-vehicle 0
1064.0 1190.0 1070.0 1195.0 1062.0 1212.0 1056.0 1208.0 small-vehicle 0
1171.0 1704.0 1175.0 1714.0 1152.0 1721.0 1150.0 1711.0 large-vehicle 1
1106.0 1041.0 1111.0 1032.0 1129.0 1042.0 1125.0 1050.0 small-vehicle 1
1312.0 1417.0 1306.0 1404.0 1341.0 1392.0 1346.0 1405.0 large-vehicle 1
1450.0 1661.0 1456.0 1654.0 1471.0 1669.0 1466.0 1676.0 large-vehicle 1
1428.0 1661.0 1436.0 1653.0 1454.0 1669.0 1450.0 1676.0 large-vehicle 1
1326.0 1534.0 1320.0 1524.0 1345.0 1515.0 1350.0 1526.0 large-vehicle 1
1324.0 1551.0 1318.0 1539.0 1347.0 1528.0 1351.0 1540.0 large-vehicle 1
1324.0 1593.0 1318.0 1581.0 1345.0 1573.0 1348.0 1584.0 large-vehicle 1
1319.0 1582.0 1314.0 1572.0 1341.0 1560.0 1345.0 1571.0 large-vehicle 1
1313.0 1570.0 1306.0 1558.0 1330.0 1549.0 1336.0 1561.0 large-vehicle 1
1275.0 1524.0 1279.0 1533.0 1250.0 1546.0 1246.0 1538.0 large-vehicle 1
1260.0 1565.0 1255.0 1552.0 1286.0 1544.0 1288.0 1554.0 large-vehicle 1
1218.0 1599.0 1214.0 1586.0 1247.0 1576.0 1251.0 1587.0 large-vehicle 1
1222.0 1627.0 1216.0 1617.0 1239.0 1608.0 1244.0 1619.0 large-vehicle 1
1236.0 1647.0 1230.0 1637.0 1255.0 1627.0 1259.0 1638.0 large-vehicle 1
1263.0 1689.0 1260.0 1679.0 1284.0 1673.0 1288.0 1681.0 large-vehicle 1
1225.0 1694.0 1222.0 1682.0 1250.0 1678.0 1251.0 1689.0 large-vehicle 1
1231.0 1707.0 1229.0 1696.0 1260.0 1692.0 1262.0 1703.0 large-vehicle 1
561.0 2052.0 568.0 2046.0 581.0 2059.0 575.0 2064.0 small-vehicle 1
553.0 2060.0 560.0 2052.0 573.0 2064.0 567.0 2071.0 small-vehicle 1
439.0 1849.0 430.0 1840.0 452.0 1815.0 461.0 1825.0 ship 0
237.0 1740.0 244.0 1734.0 263.0 1753.0 258.0 1759.0 ship 0
318.0 1657.0 324.0 1650.0 344.0 1668.0 337.0 1676.0 ship 0
309.0 1668.0 316.0 1661.0 334.0 1681.0 327.0 1687.0 ship 0
296.0 1678.0 302.0 1670.0 324.0 1691.0 317.0 1699.0 ship 0
288.0 1688.0 294.0 1682.0 314.0 1702.0 308.0 1709.0 ship 0
276.0 1697.0 282.0 1690.0 305.0 1712.0 299.0 1720.0 ship 0
268.0 1712.0 275.0 1704.0 294.0 1722.0 288.0 1730.0 ship 0
258.0 1721.0 263.0 1714.0 283.0 1733.0 278.0 1739.0 ship 0
247.0 1730.0 254.0 1722.0 274.0 1744.0 266.0 1752.0 ship 0
259.0 1767.0 252.0 1775.0 226.0 1750.0 233.0 1743.0 ship 0
234.0 2038.0 244.0 2048.0 221.0 2074.0 210.0 2063.0 ship 0
217.0 1759.0 223.0 1753.0 245.0 1774.0 239.0 1781.0 ship 0
159.0 2011.0 150.0 2001.0 177.0 1974.0 186.0 1984.0 ship 0
189.0 1990.0 198.0 1999.0 169.0 2027.0 161.0 2017.0 ship 0
201.0 1993.0 193.0 1985.0 220.0 1958.0 227.0 1967.0 ship 0
213.0 2004.0 204.0 1995.0 230.0 1968.0 240.0 1979.0 ship 0
201.0 2001.0 209.0 2011.0 183.0 2035.0 175.0 2025.0 ship 0
214.0 2012.0 222.0 2021.0 193.0 2050.0 185.0 2039.0 ship 0
225.0 2018.0 217.0 2009.0 239.0 1986.0 248.0 1995.0 ship 0
356.0 1662.0 350.0 1669.0 330.0 1649.0 336.0 1642.0 ship 0
339.0 1637.0 346.0 1631.0 366.0 1652.0 360.0 1658.0 ship 0
359.0 1615.0 366.0 1608.0 385.0 1631.0 378.0 1638.0 ship 0
372.0 1575.0 380.0 1583.0 365.0 1600.0 357.0 1593.0 ship 0
541.0 1432.0 548.0 1425.0 570.0 1449.0 563.0 1456.0 ship 0
530.0 1443.0 538.0 1435.0 555.0 1452.0 548.0 1461.0 ship 0
510.0 1463.0 516.0 1457.0 538.0 1477.0 532.0 1483.0 ship 0
500.0 1475.0 506.0 1469.0 526.0 1487.0 519.0 1493.0 ship 0
490.0 1484.0 497.0 1477.0 516.0 1496.0 508.0 1503.0 ship 0
480.0 1493.0 486.0 1487.0 507.0 1508.0 501.0 1515.0 ship 0
472.0 1506.0 478.0 1500.0 495.0 1516.0 490.0 1523.0 ship 0
459.0 1513.0 466.0 1505.0 488.0 1526.0 480.0 1535.0 ship 0
452.0 1527.0 459.0 1519.0 475.0 1536.0 469.0 1543.0 ship 0
439.0 1534.0 445.0 1527.0 464.0 1544.0 458.0 1553.0 ship 0
428.0 1544.0 436.0 1538.0 456.0 1557.0 448.0 1566.0 ship 0
420.0 1556.0 427.0 1549.0 445.0 1567.0 439.0 1575.0 ship 0
407.0 1566.0 414.0 1558.0 435.0 1576.0 429.0 1583.0 ship 0
401.0 1576.0 408.0 1570.0 425.0 1589.0 418.0 1596.0 ship 0
418.0 1603.0 411.0 1611.0 389.0 1588.0 397.0 1580.0 ship 0
368.0 1605.0 375.0 1598.0 394.0 1620.0 387.0 1628.0 ship 0
390.0 1573.0 384.0 1566.0 398.0 1553.0 403.0 1560.0 ship 0
255.0 1992.0 264.0 2001.0 240.0 2025.0 231.0 2017.0 ship 0
249.0 2042.0 240.0 2032.0 263.0 2008.0 274.0 2019.0 ship 0
563.0 1414.0 570.0 1407.0 587.0 1424.0 581.0 1431.0 ship 0
318.0 1923.0 310.0 1914.0 335.0 1890.0 343.0 1899.0 ship 0
414.0 2017.0 406.0 2009.0 431.0 1984.0 439.0 1992.0 ship 0
404.0 2006.0 394.0 1997.0 417.0 1969.0 427.0 1979.0 ship 0
392.0 1993.0 384.0 1985.0 404.0 1961.0 413.0 1970.0 ship 0
380.0 1982.0 371.0 1972.0 396.0 1945.0 406.0 1954.0 ship 0
368.0 1968.0 359.0 1960.0 382.0 1937.0 389.0 1945.0 ship 0
354.0 1957.0 346.0 1947.0 373.0 1922.0 382.0 1933.0 ship 0
343.0 1945.0 336.0 1938.0 356.0 1916.0 364.0 1924.0 ship 0
333.0 1934.0 326.0 1926.0 344.0 1905.0 353.0 1913.0 ship 0
306.0 1911.0 298.0 1902.0 322.0 1877.0 331.0 1886.0 ship 0
247.0 2050.0 255.0 2058.0 231.0 2080.0 223.0 2071.0 ship 0
295.0 1899.0 288.0 1891.0 314.0 1865.0 320.0 1874.0 ship 0
298.0 1850.0 309.0 1862.0 268.0 1903.0 257.0 1892.0 ship 0
369.0 1786.0 376.0 1793.0 355.0 1815.0 348.0 1807.0 ship 0
375.0 1799.0 384.0 1807.0 360.0 1832.0 352.0 1823.0 ship 0
388.0 1810.0 397.0 1819.0 373.0 1844.0 363.0 1835.0 ship 0
399.0 1823.0 407.0 1831.0 382.0 1857.0 374.0 1849.0 ship 0
412.0 1833.0 419.0 1842.0 392.0 1869.0 384.0 1861.0 ship 0
420.0 1847.0 428.0 1853.0 408.0 1878.0 399.0 1871.0 ship 0
428.0 2028.0 420.0 2018.0 441.0 1997.0 448.0 2006.0 ship 0
451.0 2053.0 443.0 2044.0 464.0 2020.0 473.0 2029.0 ship 0
406.0 2028.0 413.0 2036.0 388.0 2060.0 381.0 2051.0 ship 0
399.0 2015.0 407.0 2023.0 385.0 2044.0 377.0 2037.0 ship 0
257.0 2061.0 265.0 2070.0 241.0 2095.0 234.0 2086.0 ship 0
262.0 2050.0 255.0 2041.0 277.0 2021.0 284.0 2029.0 ship 0
272.0 2065.0 264.0 2056.0 291.0 2029.0 300.0 2039.0 ship 0
270.0 2072.0 279.0 2083.0 252.0 2109.0 243.0 2099.0 ship 0
317.0 2053.0 326.0 2063.0 299.0 2089.0 290.0 2078.0 ship 0
350.0 2096.0 348.0 2086.0 367.0 2083.0 368.0 2093.0 ship 0
310.0 2104.0 310.0 2093.0 335.0 2089.0 336.0 2100.0 ship 0
282.0 1895.0 291.0 1904.0 266.0 1931.0 257.0 1922.0 ship 0
295.0 1908.0 302.0 1917.0 277.0 1944.0 268.0 1935.0 ship 0
306.0 1920.0 313.0 1928.0 288.0 1952.0 281.0 1944.0 ship 0
320.0 1929.0 328.0 1938.0 299.0 1969.0 289.0 1959.0 ship 0
327.0 1945.0 335.0 1954.0 311.0 1978.0 304.0 1971.0 ship 0
340.0 1955.0 348.0 1964.0 323.0 1990.0 315.0 1982.0 ship 0
350.0 1968.0 358.0 1975.0 335.0 2001.0 327.0 1993.0 ship 0
362.0 1979.0 372.0 1988.0 349.0 2012.0 340.0 2002.0 ship 0
373.0 1994.0 379.0 2000.0 357.0 2024.0 351.0 2018.0 ship 0
388.0 2002.0 397.0 2011.0 369.0 2039.0 360.0 2029.0 ship 0
553.0 1423.0 559.0 1416.0 576.0 1433.0 570.0 1440.0 ship 0
571.0 1403.0 578.0 1396.0 600.0 1416.0 593.0 1425.0 ship 0
372.0 2162.0 373.0 2172.0 348.0 2174.0 348.0 2165.0 small-vehicle 1
829.0 368.0 826.0 376.0 808.0 367.0 811.0 359.0 small-vehicle 0
1483.0 20.0 1491.0 25.0 1473.0 41.0 1465.0 34.0 ship 0
1475.0 13.0 1483.0 21.0 1462.0 37.0 1455.0 27.0 ship 0
1457.0 61.0 1450.0 58.0 1459.0 39.0 1467.0 43.0 small-vehicle 0
1432.0 48.0 1424.0 45.0 1433.0 28.0 1441.0 31.0 small-vehicle 0
1424.0 21.0 1431.0 25.0 1423.0 40.0 1416.0 37.0 small-vehicle 0
1405.0 12.0 1414.0 16.0 1405.0 33.0 1399.0 29.0 small-vehicle 0
1358.0 41.0 1366.0 45.0 1358.0 62.0 1351.0 60.0 small-vehicle 0
1352.0 27.0 1350.0 35.0 1329.0 29.0 1332.0 20.0 small-vehicle 0
818.0 345.0 822.0 336.0 843.0 346.0 839.0 356.0 small-vehicle 0
366.0 100.0 358.0 102.0 354.0 85.0 361.0 83.0 small-vehicle 0
768.0 264.0 772.0 255.0 791.0 265.0 787.0 274.0 small-vehicle 0
774.0 252.0 779.0 244.0 798.0 257.0 793.0 265.0 small-vehicle 0
460.0 280.0 453.0 281.0 449.0 264.0 457.0 262.0 small-vehicle 0
415.0 291.0 407.0 292.0 405.0 276.0 413.0 274.0 small-vehicle 0
139.0 345.0 148.0 343.0 152.0 368.0 141.0 369.0 small-vehicle 0
151.0 323.0 150.0 312.0 171.0 311.0 173.0 320.0 small-vehicle 0
431.0 175.0 432.0 184.0 411.0 188.0 411.0 178.0 small-vehicle 0
426.0 207.0 419.0 213.0 409.0 198.0 416.0 194.0 small-vehicle 0
1500.0 24.0 1505.0 33.0 1483.0 48.0 1474.0 40.0 ship 0
1216.0 221.0 1208.0 217.0 1214.0 200.0 1223.0 205.0 ship 0
1205.0 241.0 1197.0 237.0 1204.0 220.0 1213.0 225.0 ship 0
1396.0 314.0 1376.0 303.0 1392.0 269.0 1413.0 281.0 ship 0
1452.0 2121.0 1452.0 2135.0 1406.0 2131.0 1408.0 2118.0 ship 0
1450.0 2134.0 1449.0 2149.0 1404.0 2146.0 1405.0 2131.0 ship 0
470.0 2051.0 464.0 2045.0 479.0 2032.0 486.0 2039.0 ship 0
406.0 1896.0 402.0 1900.0 395.0 1889.0 400.0 1886.0 ship 1
627.0 1891.0 620.0 1886.0 629.0 1874.0 638.0 1880.0 ship 0
245.0 1706.0 252.0 1713.0 236.0 1727.0 230.0 1719.0 ship 0
330.0 1634.0 325.0 1627.0 336.0 1613.0 345.0 1621.0 ship 0
655.0 1499.0 663.0 1506.0 647.0 1523.0 639.0 1515.0 ship 0
766.0 1689.0 758.0 1682.0 772.0 1668.0 779.0 1674.0 ship 0
788.0 1054.0 795.0 1058.0 789.0 1071.0 780.0 1067.0 ship 1
849.0 932.0 855.0 937.0 850.0 950.0 843.0 944.0 ship 1
875.0 898.0 866.0 896.0 872.0 879.0 883.0 884.0 ship 0
1095.0 825.0 1087.0 824.0 1089.0 813.0 1098.0 814.0 ship 1
923.0 659.0 932.0 664.0 920.0 686.0 910.0 680.0 ship 0
973.0 686.0 981.0 691.0 973.0 709.0 964.0 703.0 ship 0
936.0 668.0 944.0 671.0 935.0 689.0 926.0 684.0 ship 0
1149.0 351.0 1142.0 345.0 1153.0 329.0 1161.0 334.0 ship 0
387.0 88.0 396.0 86.0 400.0 104.0 392.0 106.0 small-vehicle 0
114.0 173.0 121.0 171.0 123.0 191.0 114.0 191.0 small-vehicle 0
590.0 1382.0 596.0 1373.0 621.0 1395.0 614.0 1403.0 ship 0
534.0 1940.0 528.0 1932.0 546.0 1914.0 553.0 1921.0 ship 0
443.0 1916.0 436.0 1908.0 455.0 1886.0 462.0 1894.0 ship 0
472.0 1894.0 478.0 1902.0 455.0 1926.0 447.0 1918.0 ship 0
482.0 1905.0 490.0 1914.0 466.0 1938.0 458.0 1930.0 ship 0
496.0 1909.0 489.0 1901.0 513.0 1874.0 521.0 1882.0 ship 0
508.0 1917.0 502.0 1909.0 521.0 1889.0 528.0 1897.0 ship 0
494.0 1919.0 501.0 1929.0 475.0 1954.0 468.0 1945.0 ship 0
503.0 1933.0 511.0 1940.0 489.0 1962.0 482.0 1954.0 ship 0
521.0 1931.0 514.0 1922.0 536.0 1900.0 543.0 1908.0 ship 0
517.0 1941.0 526.0 1950.0 501.0 1978.0 490.0 1968.0 ship 0
113.0 119.0 106.0 119.0 103.0 101.0 111.0 100.0 small-vehicle 0
511.0 1988.0 504.0 1980.0 525.0 1957.0 533.0 1964.0 ship 0
525.0 1994.0 519.0 1986.0 538.0 1969.0 545.0 1976.0 ship 0
572.0 1948.0 565.0 1941.0 582.0 1925.0 589.0 1932.0 ship 0
542.0 1953.0 534.0 1946.0 557.0 1925.0 564.0 1932.0 ship 0
644.0 1330.0 651.0 1323.0 669.0 1340.0 661.0 1348.0 ship 0
633.0 1341.0 640.0 1334.0 661.0 1354.0 654.0 1361.0 ship 0
623.0 1350.0 630.0 1341.0 652.0 1364.0 645.0 1372.0 ship 0
603.0 1372.0 608.0 1365.0 629.0 1384.0 623.0 1391.0 ship 0
476.0 1882.0 469.0 1874.0 490.0 1854.0 496.0 1862.0 ship 0
460.0 1874.0 453.0 1865.0 480.0 1837.0 488.0 1844.0 ship 0
446.0 1871.0 454.0 1879.0 431.0 1903.0 422.0 1895.0 ship 0
450.0 1861.0 442.0 1852.0 463.0 1827.0 471.0 1836.0 ship 0
329.0 423.0 320.0 423.0 318.0 406.0 327.0 406.0 small-vehicle 1
144.0 533.0 136.0 534.0 133.0 514.0 142.0 512.0 small-vehicle 1
162.0 493.0 172.0 491.0 173.0 509.0 165.0 510.0 small-vehicle 1
190.0 676.0 198.0 674.0 200.0 692.0 193.0 693.0 small-vehicle 1
171.0 697.0 162.0 698.0 160.0 680.0 168.0 679.0 small-vehicle 1
162.0 706.0 168.0 704.0 173.0 721.0 164.0 723.0 small-vehicle 1
196.0 715.0 204.0 714.0 208.0 732.0 200.0 733.0 small-vehicle 1
185.0 802.0 176.0 804.0 174.0 784.0 183.0 782.0 small-vehicle 1
208.0 790.0 216.0 788.0 220.0 807.0 210.0 809.0 small-vehicle 1
402.0 165.0 408.0 158.0 421.0 170.0 415.0 177.0 small-vehicle 1
394.0 141.0 404.0 137.0 410.0 157.0 401.0 160.0 small-vehicle 1
387.0 225.0 377.0 227.0 372.0 205.0 382.0 204.0 small-vehicle 1
414.0 221.0 404.0 224.0 399.0 203.0 408.0 202.0 small-vehicle 1
372.0 124.0 362.0 125.0 358.0 105.0 369.0 104.0 small-vehicle 1
308.0 27.0 310.0 35.0 292.0 37.0 290.0 29.0 small-vehicle 1
216.0 41.0 216.0 48.0 200.0 49.0 199.0 41.0 small-vehicle 1
33.0 58.0 29.0 49.0 46.0 42.0 49.0 49.0 small-vehicle 1
1248.0 528.0 1180.0 494.0 1344.0 161.0 1415.0 196.0 harbor 0
