imagesource:GoogleEarth
gsd:0.273548524564
1169.0 729.0 1158.0 585.0 1253.0 582.0 1259.0 723.0 harbor 0
1194.0 1836.0 1182.0 1837.0 1181.0 1805.0 1193.0 1805.0 ship 0
1110.0 1847.0 1124.0 1846.0 1125.0 1884.0 1112.0 1884.0 ship 0
1124.0 1847.0 1136.0 1845.0 1137.0 1880.0 1125.0 1880.0 ship 0
1140.0 1847.0 1151.0 1846.0 1153.0 1882.0 1141.0 1883.0 ship 0
1152.0 1846.0 1165.0 1845.0 1167.0 1877.0 1155.0 1877.0 ship 0
1168.0 1845.0 1179.0 1844.0 1182.0 1876.0 1170.0 1878.0 ship 0
1184.0 1846.0 1194.0 1846.0 1195.0 1875.0 1184.0 1876.0 ship 0
1199.0 1843.0 1208.0 1843.0 1208.0 1874.0 1198.0 1874.0 ship 0
1211.0 1844.0 1222.0 1843.0 1223.0 1878.0 1212.0 1878.0 ship 0
1227.0 1842.0 1239.0 1841.0 1240.0 1878.0 1228.0 1878.0 ship 0
1239.0 1841.0 1250.0 1841.0 1251.0 1871.0 1240.0 1871.0 ship 0
1256.0 1840.0 1267.0 1840.0 1267.0 1871.0 1257.0 1870.0 ship 0
1269.0 1841.0 1280.0 1840.0 1282.0 1873.0 1272.0 1872.0 ship 0
1285.0 1836.0 1297.0 1836.0 1299.0 1874.0 1287.0 1874.0 ship 0
1296.0 1827.0 1283.0 1827.0 1281.0 1798.0 1293.0 1797.0 ship 0
1280.0 1833.0 1268.0 1833.0 1264.0 1795.0 1277.0 1794.0 ship 0
1267.0 1833.0 1255.0 1833.0 1253.0 1801.0 1265.0 1800.0 ship 0
1251.0 1833.0 1237.0 1833.0 1236.0 1795.0 1249.0 1795.0 ship 0
1237.0 1834.0 1226.0 1834.0 1224.0 1797.0 1236.0 1797.0 ship 0
1210.0 1801.0 1221.0 1801.0 1222.0 1836.0 1211.0 1835.0 ship 0
1223.0 1665.0 1209.0 1666.0 1205.0 1627.0 1220.0 1625.0 ship 0
1224.0 1632.0 1237.0 1631.0 1240.0 1674.0 1226.0 1675.0 ship 0
1243.0 1716.0 1229.0 1716.0 1226.0 1676.0 1242.0 1675.0 ship 0
1213.0 1684.0 1224.0 1685.0 1224.0 1714.0 1212.0 1714.0 ship 0
1207.0 1667.0 1194.0 1666.0 1192.0 1630.0 1205.0 1629.0 ship 0
1192.0 1670.0 1177.0 1672.0 1174.0 1628.0 1188.0 1627.0 ship 0
1195.0 1680.0 1209.0 1679.0 1208.0 1718.0 1197.0 1719.0 ship 0
1177.0 1684.0 1191.0 1683.0 1194.0 1721.0 1179.0 1722.0 ship 0
1208.0 1836.0 1196.0 1837.0 1196.0 1807.0 1206.0 1806.0 ship 0
1179.0 1836.0 1168.0 1836.0 1167.0 1805.0 1178.0 1805.0 ship 0
1146.0 1971.0 1135.0 1972.0 1134.0 1943.0 1145.0 1942.0 ship 0
1164.0 1837.0 1154.0 1837.0 1153.0 1807.0 1163.0 1806.0 ship 0
1102.0 1982.0 1117.0 1981.0 1118.0 2017.0 1104.0 2018.0 ship 0
1121.0 1984.0 1132.0 1983.0 1132.0 2013.0 1121.0 2013.0 ship 0
1134.0 1980.0 1147.0 1980.0 1146.0 2014.0 1134.0 2014.0 ship 0
1163.0 2015.0 1151.0 2016.0 1150.0 1979.0 1161.0 1979.0 ship 0
1163.0 1979.0 1176.0 1978.0 1176.0 2017.0 1164.0 2017.0 ship 0
1176.0 1971.0 1164.0 1971.0 1162.0 1935.0 1173.0 1934.0 ship 0
1204.0 1968.0 1193.0 1968.0 1192.0 1939.0 1202.0 1939.0 ship 0
1221.0 1970.0 1208.0 1971.0 1206.0 1934.0 1218.0 1933.0 ship 0
1233.0 1969.0 1221.0 1969.0 1219.0 1936.0 1232.0 1935.0 ship 0
1248.0 1968.0 1235.0 1968.0 1233.0 1938.0 1246.0 1937.0 ship 0
1249.0 1934.0 1260.0 1934.0 1261.0 1967.0 1250.0 1967.0 ship 0
1275.0 1968.0 1265.0 1968.0 1264.0 1936.0 1275.0 1936.0 ship 0
1278.0 1934.0 1290.0 1933.0 1290.0 1965.0 1278.0 1965.0 ship 0
1293.0 1928.0 1308.0 1928.0 1309.0 1967.0 1294.0 1968.0 ship 0
1295.0 1975.0 1307.0 1975.0 1308.0 2009.0 1297.0 2010.0 ship 0
1278.0 1975.0 1291.0 1975.0 1291.0 2012.0 1279.0 2012.0 ship 0
1265.0 1974.0 1275.0 1974.0 1278.0 2012.0 1267.0 2013.0 ship 0
1252.0 1980.0 1263.0 1980.0 1264.0 2008.0 1252.0 2008.0 ship 0
1238.0 1976.0 1250.0 1977.0 1250.0 2014.0 1238.0 2014.0 ship 0
1235.0 2011.0 1224.0 2011.0 1223.0 1978.0 1234.0 1977.0 ship 0
1207.0 1978.0 1219.0 1977.0 1223.0 2010.0 1210.0 2012.0 ship 0
1192.0 1978.0 1204.0 1977.0 1205.0 2010.0 1194.0 2010.0 ship 0
1193.0 2013.0 1180.0 2013.0 1179.0 1979.0 1191.0 1978.0 ship 0
1106.0 1839.0 1093.0 1839.0 1092.0 1808.0 1105.0 1808.0 ship 0
1121.0 1836.0 1109.0 1836.0 1109.0 1807.0 1120.0 1807.0 ship 0
1136.0 1837.0 1124.0 1838.0 1123.0 1808.0 1134.0 1808.0 ship 0
1153.0 1839.0 1139.0 1839.0 1138.0 1802.0 1152.0 1801.0 ship 0
1166.0 1679.0 1177.0 1679.0 1178.0 1729.0 1167.0 1728.0 ship 0
1148.0 1680.0 1160.0 1680.0 1161.0 1722.0 1149.0 1721.0 ship 0
1131.0 1680.0 1147.0 1679.0 1150.0 1732.0 1134.0 1732.0 ship 0
1115.0 1684.0 1130.0 1683.0 1130.0 1722.0 1116.0 1722.0 ship 0
1128.0 1339.0 1133.0 1328.0 1164.0 1340.0 1160.0 1351.0 ship 0
1133.0 1323.0 1139.0 1310.0 1172.0 1325.0 1166.0 1337.0 ship 0
1143.0 1308.0 1148.0 1297.0 1176.0 1309.0 1171.0 1320.0 ship 0
1146.0 1291.0 1150.0 1279.0 1185.0 1294.0 1180.0 1306.0 ship 0
1145.0 1279.0 1139.0 1292.0 1099.0 1273.0 1107.0 1259.0 ship 0
1152.0 1260.0 1146.0 1274.0 1110.0 1257.0 1117.0 1244.0 ship 0
1087.0 857.0 1086.0 845.0 1115.0 842.0 1116.0 853.0 ship 0
1070.0 837.0 1073.0 857.0 1000.0 864.0 997.0 844.0 ship 0
1069.0 812.0 1071.0 832.0 996.0 839.0 993.0 818.0 ship 0
1059.0 792.0 1062.0 807.0 1005.0 810.0 1004.0 795.0 ship 0
1005.0 791.0 1003.0 776.0 1063.0 770.0 1065.0 784.0 ship 0
1001.0 764.0 998.0 749.0 1058.0 742.0 1060.0 757.0 ship 0
1080.0 842.0 1078.0 832.0 1106.0 828.0 1108.0 837.0 ship 0
1078.0 828.0 1076.0 815.0 1112.0 810.0 1115.0 822.0 ship 0
1077.0 810.0 1075.0 798.0 1110.0 793.0 1112.0 805.0 ship 0
1075.0 795.0 1073.0 784.0 1106.0 780.0 1108.0 791.0 ship 0
1075.0 779.0 1073.0 767.0 1111.0 761.0 1113.0 773.0 ship 0
1073.0 764.0 1072.0 753.0 1108.0 747.0 1110.0 759.0 ship 0
1069.0 749.0 1067.0 737.0 1101.0 733.0 1102.0 744.0 ship 0
1070.0 732.0 1068.0 721.0 1101.0 718.0 1102.0 729.0 ship 0
1066.0 701.0 1065.0 690.0 1096.0 686.0 1097.0 697.0 ship 0
989.0 746.0 986.0 724.0 1057.0 713.0 1060.0 736.0 ship 0
1049.0 693.0 1052.0 716.0 980.0 723.0 978.0 700.0 ship 0
1049.0 668.0 1051.0 687.0 969.0 695.0 968.0 674.0 ship 0
1057.0 686.0 1055.0 672.0 1096.0 666.0 1097.0 681.0 ship 0
967.0 655.0 966.0 638.0 1026.0 640.0 1026.0 658.0 ship 0
955.0 630.0 957.0 614.0 1029.0 623.0 1027.0 638.0 ship 0
1122.0 1353.0 1127.0 1342.0 1163.0 1358.0 1158.0 1369.0 ship 0
1116.0 1369.0 1122.0 1356.0 1161.0 1377.0 1155.0 1388.0 ship 0
1107.0 1393.0 1114.0 1380.0 1149.0 1396.0 1143.0 1409.0 ship 0
1093.0 1394.0 1089.0 1405.0 1052.0 1388.0 1056.0 1377.0 ship 0
1101.0 1691.0 1114.0 1690.0 1115.0 1725.0 1102.0 1725.0 ship 0
1085.0 1685.0 1099.0 1685.0 1098.0 1718.0 1086.0 1717.0 ship 0
1176.0 1668.0 1161.0 1668.0 1160.0 1630.0 1174.0 1629.0 ship 0
1158.0 1674.0 1144.0 1674.0 1142.0 1626.0 1156.0 1625.0 ship 0
1131.0 1643.0 1141.0 1643.0 1142.0 1672.0 1132.0 1671.0 ship 0
1130.0 1673.0 1115.0 1673.0 1113.0 1636.0 1126.0 1635.0 ship 0
1099.0 1669.0 1082.0 1669.0 1080.0 1636.0 1096.0 1635.0 ship 0
1096.0 1296.0 1101.0 1282.0 1134.0 1299.0 1131.0 1311.0 ship 0
1124.0 1314.0 1118.0 1328.0 1079.0 1310.0 1084.0 1297.0 ship 0
1120.0 1338.0 1115.0 1351.0 1077.0 1333.0 1083.0 1320.0 ship 0
1061.0 1350.0 1068.0 1334.0 1113.0 1355.0 1107.0 1370.0 ship 0
1057.0 1369.0 1063.0 1356.0 1104.0 1375.0 1097.0 1389.0 ship 0
1085.0 1414.0 1079.0 1429.0 1037.0 1409.0 1043.0 1396.0 ship 0
1098.0 1413.0 1104.0 1398.0 1141.0 1416.0 1136.0 1429.0 ship 0
1077.0 1432.0 1071.0 1446.0 1030.0 1427.0 1035.0 1414.0 ship 0
1069.0 1454.0 1063.0 1467.0 1025.0 1450.0 1031.0 1437.0 ship 0
1061.0 1471.0 1055.0 1487.0 1011.0 1466.0 1017.0 1452.0 ship 0
1008.0 1489.0 1013.0 1475.0 1053.0 1493.0 1046.0 1506.0 ship 0
1000.0 1508.0 1005.0 1494.0 1040.0 1507.0 1034.0 1521.0 ship 0
1039.0 1524.0 1035.0 1537.0 1005.0 1523.0 1009.0 1512.0 ship 0
1051.0 1528.0 1056.0 1516.0 1095.0 1531.0 1089.0 1543.0 ship 0
1055.0 1509.0 1061.0 1494.0 1104.0 1511.0 1098.0 1526.0 ship 0
1064.0 1487.0 1068.0 1474.0 1106.0 1490.0 1103.0 1503.0 ship 0
1071.0 1470.0 1077.0 1455.0 1117.0 1473.0 1112.0 1488.0 ship 0
1079.0 1450.0 1084.0 1435.0 1126.0 1449.0 1120.0 1465.0 ship 0
1090.0 1433.0 1095.0 1419.0 1137.0 1437.0 1132.0 1449.0 ship 0
1132.0 1973.0 1119.0 1973.0 1118.0 1940.0 1130.0 1939.0 ship 0
1116.0 1970.0 1105.0 1970.0 1105.0 1941.0 1115.0 1941.0 ship 0
1045.0 634.0 1046.0 622.0 1082.0 625.0 1081.0 638.0 ship 0
418.0 144.0 426.0 144.0 428.0 161.0 419.0 162.0 small-vehicle 1
425.0 28.0 434.0 26.0 435.0 45.0 428.0 45.0 small-vehicle 1
416.0 45.0 426.0 45.0 426.0 63.0 416.0 63.0 small-vehicle 1
440.0 13.0 440.0 22.0 420.0 23.0 419.0 15.0 small-vehicle 1
354.0 175.0 355.0 166.0 374.0 168.0 374.0 175.0 small-vehicle 1
383.0 123.0 371.0 124.0 368.0 94.0 380.0 94.0 ship 0
388.0 136.0 378.0 136.0 380.0 118.0 388.0 118.0 small-vehicle 1
391.0 116.0 380.0 116.0 378.0 97.0 387.0 97.0 small-vehicle 1
390.0 90.0 380.0 90.0 379.0 71.0 390.0 71.0 small-vehicle 1
384.0 62.0 375.0 63.0 374.0 41.0 383.0 41.0 small-vehicle 1
382.0 35.0 372.0 38.0 367.0 18.0 376.0 17.0 small-vehicle 1
1586.0 515.0 1605.0 515.0 1605.0 531.0 1586.0 531.0 storage-tank 0
1563.0 513.0 1583.0 513.0 1583.0 530.0 1563.0 530.0 storage-tank 0
483.0 2144.0 494.0 2151.0 477.0 2187.0 465.0 2180.0 ship 0
503.0 2106.0 516.0 2114.0 497.0 2149.0 482.0 2141.0 ship 0
516.0 2079.0 529.0 2085.0 516.0 2111.0 505.0 2104.0 ship 0
489.0 2120.0 482.0 2131.0 451.0 2115.0 457.0 2101.0 ship 0
497.0 2108.0 489.0 2118.0 456.0 2102.0 462.0 2088.0 ship 0
502.0 2095.0 497.0 2104.0 464.0 2086.0 470.0 2074.0 ship 0
510.0 2078.0 503.0 2093.0 470.0 2073.0 477.0 2059.0 ship 0
519.0 2065.0 514.0 2077.0 479.0 2062.0 485.0 2047.0 ship 0
482.0 2043.0 490.0 2027.0 526.0 2046.0 519.0 2061.0 ship 0
533.0 2036.0 529.0 2044.0 495.0 2027.0 500.0 2017.0 ship 0
539.0 2021.0 532.0 2032.0 502.0 2014.0 508.0 2002.0 ship 0
548.0 2008.0 542.0 2018.0 512.0 2002.0 517.0 1989.0 ship 0
554.0 1992.0 548.0 2002.0 517.0 1987.0 523.0 1974.0 ship 0
523.0 1971.0 528.0 1959.0 560.0 1976.0 555.0 1988.0 ship 0
567.0 1963.0 562.0 1974.0 530.0 1957.0 534.0 1945.0 ship 0
417.0 66.0 425.0 66.0 426.0 85.0 418.0 85.0 small-vehicle 1
371.0 217.0 367.0 209.0 383.0 200.0 387.0 206.0 small-vehicle 1
1125.0 2106.0 1112.0 2107.0 1111.0 2076.0 1122.0 2075.0 ship 0
466.0 199.0 468.0 207.0 448.0 210.0 445.0 203.0 small-vehicle 1
502.0 27.0 506.0 18.0 523.0 27.0 521.0 33.0 small-vehicle 1
505.0 39.0 507.0 30.0 527.0 38.0 523.0 47.0 small-vehicle 1
505.0 51.0 507.0 42.0 525.0 48.0 523.0 54.0 small-vehicle 1
498.0 58.0 502.0 66.0 485.0 73.0 481.0 66.0 small-vehicle 1
498.0 45.0 502.0 52.0 484.0 61.0 480.0 54.0 small-vehicle 1
485.0 44.0 482.0 36.0 501.0 33.0 502.0 40.0 small-vehicle 1
483.0 16.0 491.0 16.0 494.0 29.0 486.0 32.0 small-vehicle 1
484.0 2.0 484.0 7.0 465.0 8.0 464.0 2.0 small-vehicle 1
445.0 23.0 449.0 14.0 465.0 24.0 462.0 31.0 small-vehicle 1
444.0 34.0 449.0 26.0 468.0 39.0 465.0 47.0 small-vehicle 1
444.0 46.0 449.0 40.0 465.0 52.0 459.0 58.0 small-vehicle 1
417.0 240.0 425.0 240.0 426.0 261.0 416.0 261.0 small-vehicle 1
494.0 103.0 489.0 96.0 506.0 89.0 508.0 95.0 small-vehicle 1
489.0 94.0 487.0 85.0 504.0 81.0 506.0 87.0 small-vehicle 1
488.0 82.0 484.0 75.0 502.0 69.0 504.0 76.0 small-vehicle 1
520.0 102.0 510.0 102.0 512.0 80.0 521.0 80.0 small-vehicle 1
384.0 369.0 375.0 368.0 374.0 350.0 382.0 350.0 small-vehicle 1
363.0 344.0 363.0 337.0 384.0 336.0 386.0 344.0 small-vehicle 1
360.0 332.0 360.0 325.0 379.0 327.0 379.0 335.0 small-vehicle 1
376.0 306.0 376.0 312.0 358.0 313.0 359.0 305.0 small-vehicle 1
375.0 287.0 376.0 296.0 356.0 294.0 357.0 286.0 small-vehicle 1
375.0 277.0 376.0 284.0 355.0 284.0 356.0 276.0 small-vehicle 1
372.0 269.0 366.0 261.0 381.0 254.0 385.0 260.0 small-vehicle 1
371.0 255.0 366.0 248.0 384.0 238.0 387.0 245.0 small-vehicle 1
371.0 241.0 366.0 234.0 385.0 225.0 388.0 233.0 small-vehicle 1
373.0 226.0 368.0 221.0 384.0 211.0 387.0 218.0 small-vehicle 1
498.0 183.0 489.0 186.0 483.0 163.0 492.0 161.0 small-vehicle 1
576.0 1949.0 570.0 1962.0 537.0 1940.0 543.0 1929.0 ship 0
583.0 1936.0 578.0 1946.0 546.0 1929.0 551.0 1918.0 ship 0
396.0 1920.0 387.0 1938.0 339.0 1910.0 350.0 1889.0 ship 0
617.0 1929.0 601.0 1921.0 621.0 1883.0 638.0 1889.0 ship 0
141.0 739.0 151.0 743.0 142.0 767.0 132.0 763.0 ship 0
159.0 728.0 168.0 732.0 157.0 761.0 148.0 757.0 ship 0
275.0 1369.0 294.0 1328.0 436.0 1385.0 417.0 1428.0 ship 0
1113.0 2119.0 1124.0 2118.0 1125.0 2146.0 1114.0 2146.0 ship 0
1128.0 2115.0 1141.0 2114.0 1143.0 2153.0 1129.0 2154.0 ship 0
1184.0 2153.0 1171.0 2154.0 1170.0 2117.0 1182.0 2117.0 ship 0
1186.0 2117.0 1197.0 2116.0 1198.0 2144.0 1187.0 2145.0 ship 0
1215.0 2111.0 1226.0 2111.0 1227.0 2147.0 1216.0 2146.0 ship 0
1227.0 2110.0 1241.0 2110.0 1242.0 2146.0 1229.0 2145.0 ship 0
1245.0 2115.0 1255.0 2114.0 1255.0 2142.0 1245.0 2142.0 ship 0
1269.0 2151.0 1256.0 2151.0 1256.0 2110.0 1268.0 2110.0 ship 0
1285.0 2144.0 1274.0 2144.0 1273.0 2110.0 1283.0 2110.0 ship 0
1285.0 2109.0 1298.0 2109.0 1299.0 2142.0 1287.0 2142.0 ship 0
1302.0 2104.0 1315.0 2104.0 1317.0 2145.0 1304.0 2145.0 ship 0
1315.0 2099.0 1301.0 2100.0 1301.0 2066.0 1313.0 2067.0 ship 0
1297.0 2099.0 1287.0 2098.0 1287.0 2070.0 1297.0 2070.0 ship 0
1284.0 2102.0 1272.0 2102.0 1272.0 2070.0 1283.0 2070.0 ship 0
1268.0 2100.0 1259.0 2100.0 1257.0 2068.0 1266.0 2068.0 ship 0
1259.0 2103.0 1243.0 2103.0 1242.0 2063.0 1256.0 2063.0 ship 0
1239.0 2100.0 1228.0 2099.0 1227.0 2069.0 1239.0 2069.0 ship 0
1226.0 2103.0 1214.0 2103.0 1213.0 2072.0 1225.0 2071.0 ship 0
1211.0 2100.0 1200.0 2101.0 1199.0 2072.0 1209.0 2072.0 ship 0
1198.0 2106.0 1185.0 2106.0 1185.0 2067.0 1198.0 2066.0 ship 0
1182.0 2104.0 1168.0 2105.0 1168.0 2070.0 1181.0 2070.0 ship 0
1167.0 2101.0 1156.0 2101.0 1156.0 2074.0 1166.0 2074.0 ship 0
1153.0 2106.0 1143.0 2107.0 1141.0 2079.0 1151.0 2079.0 ship 0
1139.0 2107.0 1127.0 2108.0 1127.0 2078.0 1138.0 2078.0 ship 0
723.0 1691.0 737.0 1699.0 718.0 1735.0 706.0 1728.0 ship 0
703.0 1732.0 713.0 1738.0 696.0 1773.0 684.0 1767.0 ship 0
667.0 1836.0 653.0 1829.0 675.0 1784.0 688.0 1790.0 ship 0
693.0 1736.0 689.0 1743.0 660.0 1729.0 665.0 1719.0 ship 0
600.0 1906.0 595.0 1915.0 562.0 1898.0 568.0 1886.0 ship 0
605.0 1893.0 600.0 1900.0 576.0 1886.0 582.0 1875.0 ship 0
614.0 1876.0 610.0 1884.0 579.0 1870.0 585.0 1860.0 ship 0
638.0 1877.0 627.0 1871.0 640.0 1847.0 650.0 1855.0 ship 0
581.0 1851.0 588.0 1839.0 624.0 1862.0 616.0 1875.0 ship 0
598.0 1841.0 604.0 1833.0 632.0 1851.0 626.0 1859.0 ship 0
600.0 1830.0 605.0 1816.0 641.0 1831.0 634.0 1844.0 ship 0
654.0 1807.0 648.0 1818.0 617.0 1801.0 622.0 1789.0 ship 0
655.0 1787.0 650.0 1794.0 628.0 1785.0 632.0 1776.0 ship 0
670.0 1776.0 665.0 1786.0 638.0 1771.0 642.0 1762.0 ship 0
676.0 1764.0 672.0 1773.0 645.0 1758.0 648.0 1749.0 ship 0
682.0 1751.0 678.0 1759.0 652.0 1746.0 656.0 1738.0 ship 0
701.0 1720.0 697.0 1732.0 666.0 1717.0 670.0 1703.0 ship 0
762.0 142.0 790.0 141.0 791.0 180.0 760.0 181.0 ship 0
675.0 1697.0 682.0 1688.0 711.0 1710.0 704.0 1720.0 ship 0
679.0 1685.0 682.0 1674.0 717.0 1686.0 713.0 1700.0 ship 0
560.0 1632.0 576.0 1607.0 621.0 1630.0 607.0 1655.0 ship 0
527.0 1721.0 533.0 1711.0 560.0 1725.0 555.0 1736.0 ship 0
727.0 1454.0 734.0 1443.0 766.0 1461.0 758.0 1472.0 ship 0
1036.0 1161.0 1045.0 1142.0 1085.0 1167.0 1077.0 1184.0 ship 0
925.0 1043.0 917.0 1050.0 898.0 1034.0 904.0 1024.0 ship 0
721.0 559.0 735.0 563.0 720.0 596.0 709.0 592.0 ship 0
668.0 580.0 660.0 576.0 666.0 560.0 675.0 563.0 ship 0
692.0 586.0 684.0 583.0 689.0 564.0 699.0 568.0 ship 0
355.0 2239.0 345.0 2262.0 302.0 2244.0 310.0 2219.0 ship 0
413.0 1307.0 359.0 1282.0 421.0 1164.0 474.0 1194.0 ship 0
1038.0 651.0 1039.0 638.0 1081.0 641.0 1080.0 654.0 ship 0
1083.0 593.0 1083.0 607.0 1044.0 603.0 1045.0 589.0 ship 0
579.0 8.0 581.0 18.0 562.0 20.0 561.0 12.0 small-vehicle 1
531.0 1693.0 537.0 1681.0 570.0 1699.0 565.0 1711.0 ship 0
514.0 1701.0 506.0 1718.0 457.0 1692.0 467.0 1676.0 ship 0
490.0 1746.0 484.0 1760.0 442.0 1735.0 449.0 1722.0 ship 0
543.0 1761.0 536.0 1778.0 495.0 1757.0 503.0 1742.0 ship 0
528.0 1777.0 524.0 1790.0 487.0 1772.0 494.0 1759.0 ship 0
478.0 1788.0 485.0 1773.0 527.0 1794.0 519.0 1810.0 ship 0
472.0 1806.0 479.0 1792.0 516.0 1814.0 510.0 1827.0 ship 0
465.0 1783.0 458.0 1796.0 428.0 1779.0 435.0 1767.0 ship 0
462.0 1803.0 455.0 1817.0 413.0 1794.0 420.0 1780.0 ship 0
463.0 1824.0 469.0 1811.0 500.0 1828.0 494.0 1840.0 ship 0
454.0 1840.0 460.0 1827.0 490.0 1843.0 485.0 1855.0 ship 0
451.0 1821.0 443.0 1839.0 400.0 1815.0 409.0 1799.0 ship 0
383.0 1832.0 392.0 1815.0 439.0 1840.0 430.0 1858.0 ship 0
440.0 1858.0 447.0 1845.0 482.0 1862.0 475.0 1876.0 ship 0
432.0 1875.0 438.0 1862.0 474.0 1881.0 467.0 1895.0 ship 0
425.0 1896.0 431.0 1884.0 469.0 1904.0 463.0 1916.0 ship 0
422.0 1862.0 416.0 1874.0 375.0 1851.0 382.0 1839.0 ship 0
417.0 1879.0 410.0 1895.0 369.0 1871.0 378.0 1856.0 ship 0
404.0 1904.0 398.0 1916.0 359.0 1894.0 366.0 1882.0 ship 0
415.0 1913.0 422.0 1900.0 459.0 1921.0 453.0 1934.0 ship 0
404.0 1926.0 410.0 1916.0 440.0 1933.0 435.0 1943.0 ship 0
389.0 1962.0 395.0 1948.0 430.0 1967.0 422.0 1981.0 ship 0
393.0 1943.0 400.0 1929.0 443.0 1954.0 436.0 1968.0 ship 0
387.0 1938.0 379.0 1955.0 327.0 1927.0 338.0 1909.0 ship 0
375.0 1961.0 369.0 1973.0 337.0 1955.0 343.0 1944.0 ship 0
377.0 1978.0 383.0 1965.0 422.0 1985.0 416.0 1998.0 ship 0
366.0 1995.0 371.0 1983.0 410.0 2003.0 403.0 2016.0 ship 0
363.0 1984.0 356.0 1997.0 319.0 1975.0 326.0 1962.0 ship 0
467.0 1671.0 475.0 1654.0 524.0 1682.0 516.0 1697.0 ship 0
535.0 1664.0 528.0 1679.0 487.0 1656.0 495.0 1642.0 ship 0
619.0 1397.0 627.0 1381.0 672.0 1406.0 664.0 1422.0 ship 0
539.0 1639.0 533.0 1651.0 501.0 1635.0 507.0 1623.0 ship 0
653.0 1446.0 646.0 1461.0 606.0 1439.0 613.0 1425.0 ship 0
642.0 1465.0 635.0 1479.0 592.0 1456.0 599.0 1442.0 ship 0
631.0 1482.0 626.0 1496.0 580.0 1474.0 586.0 1461.0 ship 0
623.0 1502.0 616.0 1517.0 567.0 1491.0 575.0 1476.0 ship 0
627.0 1523.0 632.0 1510.0 668.0 1526.0 663.0 1540.0 ship 0
635.0 1503.0 640.0 1486.0 680.0 1506.0 674.0 1521.0 ship 0
645.0 1485.0 651.0 1473.0 684.0 1489.0 680.0 1501.0 ship 0
654.0 1466.0 662.0 1450.0 698.0 1468.0 692.0 1485.0 ship 0
662.0 1445.0 668.0 1429.0 711.0 1453.0 704.0 1467.0 ship 0
674.0 1430.0 682.0 1416.0 727.0 1439.0 719.0 1454.0 ship 0
819.0 1537.0 810.0 1530.0 826.0 1505.0 835.0 1512.0 ship 0
822.0 1490.0 817.0 1502.0 785.0 1486.0 791.0 1475.0 ship 0
815.0 1503.0 810.0 1515.0 780.0 1499.0 785.0 1488.0 ship 0
807.0 1519.0 803.0 1529.0 775.0 1515.0 781.0 1503.0 ship 0
800.0 1531.0 796.0 1542.0 769.0 1527.0 774.0 1518.0 ship 0
794.0 1545.0 789.0 1556.0 756.0 1538.0 762.0 1527.0 ship 0
797.0 1579.0 787.0 1572.0 802.0 1546.0 812.0 1552.0 ship 0
786.0 1562.0 782.0 1571.0 756.0 1556.0 760.0 1547.0 ship 0
779.0 1575.0 774.0 1587.0 744.0 1570.0 750.0 1559.0 ship 0
772.0 1588.0 768.0 1598.0 742.0 1583.0 746.0 1574.0 ship 0
767.0 1602.0 761.0 1614.0 727.0 1595.0 733.0 1584.0 ship 0
776.0 1675.0 765.0 1697.0 697.0 1656.0 710.0 1633.0 ship 0
583.0 1605.0 589.0 1594.0 615.0 1606.0 609.0 1617.0 ship 0
537.0 1582.0 542.0 1570.0 575.0 1585.0 568.0 1598.0 ship 0
504.0 1592.0 514.0 1574.0 565.0 1602.0 556.0 1620.0 ship 0
594.0 1665.0 587.0 1679.0 546.0 1657.0 553.0 1643.0 ship 0
551.0 1623.0 544.0 1637.0 507.0 1618.0 513.0 1605.0 ship 0
355.0 1999.0 349.0 2014.0 314.0 1995.0 321.0 1982.0 ship 0
287.0 2009.0 295.0 1992.0 343.0 2019.0 335.0 2035.0 ship 0
346.0 2031.0 353.0 2017.0 397.0 2040.0 389.0 2054.0 ship 0
334.0 2040.0 326.0 2056.0 285.0 2035.0 293.0 2020.0 ship 0
742.0 559.0 759.0 567.0 737.0 620.0 721.0 612.0 ship 0
764.0 466.0 763.0 479.0 730.0 477.0 731.0 463.0 ship 0
701.0 439.0 713.0 441.0 708.0 474.0 696.0 472.0 ship 0
729.0 465.0 718.0 463.0 721.0 427.0 733.0 429.0 ship 0
713.0 442.0 701.0 438.0 710.0 410.0 721.0 415.0 ship 0
654.0 435.0 654.0 422.0 691.0 423.0 691.0 436.0 ship 0
663.0 371.0 668.0 358.0 698.0 370.0 692.0 384.0 ship 0
790.0 375.0 769.0 371.0 777.0 322.0 797.0 326.0 ship 0
821.0 105.0 808.0 103.0 811.0 78.0 823.0 80.0 ship 0
775.0 201.0 774.0 188.0 806.0 187.0 805.0 200.0 ship 0
458.0 135.0 472.0 136.0 469.0 190.0 456.0 188.0 ship 0
1303.0 2069.0 1305.0 2142.0 1103.0 2152.0 1095.0 2079.0 harbor 0
1296.0 1932.0 1297.0 2008.0 1101.0 2016.0 1095.0 1941.0 harbor 0
1283.0 1796.0 1288.0 1871.0 1094.0 1881.0 1090.0 1806.0 harbor 0
1228.0 1622.0 1231.0 1722.0 1083.0 1728.0 1079.0 1635.0 harbor 0
1107.0 1253.0 1195.0 1286.0 1080.0 1579.0 984.0 1541.0 harbor 0
993.0 1131.0 1084.0 1179.0 895.0 1520.0 803.0 1472.0 harbor 0
887.0 921.0 977.0 972.0 663.0 1545.0 570.0 1501.0 harbor 0
990.0 694.0 1099.0 680.0 1155.0 1125.0 1041.0 1134.0 harbor 0
997.0 284.0 1110.0 293.0 1083.0 649.0 967.0 636.0 harbor 0
740.0 568.0 721.0 613.0 651.0 587.0 667.0 540.0 harbor 0
819.0 32.0 811.0 201.0 733.0 200.0 734.0 30.0 harbor 0
256.0 2188.0 280.0 2143.0 408.0 2209.0 384.0 2253.0 harbor 0
687.0 1674.0 725.0 1694.0 448.0 2216.0 409.0 2193.0 harbor 0
525.0 1575.0 617.0 1622.0 336.0 2162.0 239.0 2117.0 harbor 0
309.0 1426.0 403.0 1462.0 353.0 1593.0 260.0 1555.0 harbor 0
227.0 1578.0 250.0 1586.0 173.0 1796.0 148.0 1788.0 harbor 0
656.0 608.0 662.0 589.0 720.0 611.0 715.0 630.0 ship 0
706.0 596.0 697.0 592.0 705.0 568.0 715.0 572.0 ship 0
499.0 1290.0 476.0 1278.0 509.0 1209.0 531.0 1219.0 ship 0
61.0 1993.0 66.0 1982.0 95.0 1996.0 90.0 2006.0 ship 0
258.0 2070.0 268.0 2055.0 311.0 2083.0 303.0 2097.0 ship 0
324.0 2083.0 331.0 2070.0 369.0 2090.0 363.0 2103.0 ship 0
464.0 2166.0 458.0 2179.0 427.0 2162.0 434.0 2149.0 ship 0
456.0 2178.0 451.0 2188.0 418.0 2171.0 423.0 2159.0 ship 0
448.0 2192.0 444.0 2203.0 418.0 2189.0 422.0 2179.0 ship 0
304.0 2117.0 310.0 2104.0 347.0 2123.0 341.0 2137.0 ship 0
291.0 2139.0 299.0 2123.0 349.0 2148.0 340.0 2163.0 ship 0
319.0 2168.0 314.0 2179.0 280.0 2162.0 286.0 2151.0 ship 0
295.0 2185.0 288.0 2198.0 255.0 2180.0 263.0 2167.0 ship 0
340.0 2204.0 333.0 2220.0 291.0 2201.0 299.0 2186.0 ship 0
344.0 2194.0 351.0 2179.0 392.0 2198.0 385.0 2213.0 ship 0
384.0 2226.0 378.0 2241.0 338.0 2223.0 344.0 2209.0 ship 0
65.0 2024.0 76.0 2004.0 133.0 2031.0 124.0 2054.0 ship 0
309.0 1454.0 315.0 1438.0 357.0 1454.0 349.0 1471.0 ship 0
115.0 1952.0 104.0 1945.0 119.0 1914.0 130.0 1920.0 ship 0
113.0 1975.0 120.0 1960.0 161.0 1977.0 155.0 1993.0 ship 0
123.0 1958.0 128.0 1944.0 170.0 1961.0 163.0 1975.0 ship 0
135.0 1942.0 141.0 1928.0 177.0 1945.0 171.0 1958.0 ship 0
134.0 1924.0 141.0 1906.0 197.0 1931.0 189.0 1949.0 ship 0
152.0 1890.0 157.0 1879.0 197.0 1898.0 192.0 1910.0 ship 0
106.0 1868.0 114.0 1853.0 151.0 1875.0 144.0 1888.0 ship 0
136.0 1804.0 139.0 1787.0 179.0 1793.0 177.0 1810.0 ship 0
283.0 1526.0 293.0 1499.0 348.0 1520.0 338.0 1546.0 ship 0
264.0 1549.0 254.0 1544.0 265.0 1520.0 274.0 1525.0 ship 0
295.0 1490.0 305.0 1462.0 380.0 1491.0 368.0 1521.0 ship 0
356.0 1470.0 360.0 1457.0 393.0 1470.0 388.0 1482.0 ship 0
664.0 1429.0 657.0 1445.0 618.0 1421.0 624.0 1407.0 ship 0
633.0 1379.0 641.0 1363.0 684.0 1388.0 676.0 1403.0 ship 0
1034.0 583.0 1033.0 601.0 970.0 595.0 972.0 579.0 ship 0
1086.0 982.0 1088.0 998.0 1028.0 1003.0 1027.0 988.0 ship 0
1096.0 995.0 1095.0 984.0 1130.0 980.0 1131.0 991.0 ship 0
1097.0 1015.0 1095.0 1002.0 1135.0 997.0 1136.0 1010.0 ship 0
1123.0 1180.0 1123.0 1167.0 1155.0 1166.0 1155.0 1179.0 ship 0
1118.0 1172.0 1111.0 1158.0 1152.0 1139.0 1159.0 1153.0 ship 0
1164.0 1123.0 1166.0 1138.0 1112.0 1142.0 1110.0 1128.0 ship 0
1113.0 1121.0 1112.0 1110.0 1148.0 1106.0 1148.0 1118.0 ship 0
1105.0 1101.0 1102.0 1086.0 1150.0 1082.0 1152.0 1100.0 ship 0
1140.0 1064.0 1141.0 1077.0 1102.0 1080.0 1100.0 1068.0 ship 0
1141.0 1020.0 1143.0 1034.0 1103.0 1038.0 1101.0 1025.0 ship 0
1090.0 1030.0 1091.0 1044.0 1032.0 1048.0 1032.0 1034.0 ship 0
1088.0 1055.0 1089.0 1071.0 1042.0 1075.0 1041.0 1059.0 ship 0
1095.0 1077.0 1096.0 1094.0 1037.0 1098.0 1036.0 1081.0 ship 0
1095.0 1103.0 1096.0 1117.0 1049.0 1121.0 1048.0 1106.0 ship 0
1093.0 1128.0 1093.0 1141.0 1057.0 1143.0 1056.0 1131.0 ship 0
1093.0 1145.0 1103.0 1146.0 1106.0 1181.0 1095.0 1181.0 ship 0
1033.0 1147.0 1027.0 1159.0 991.0 1139.0 996.0 1128.0 ship 0
1002.0 1126.0 1008.0 1114.0 1042.0 1133.0 1035.0 1145.0 ship 0
1030.0 1179.0 1036.0 1168.0 1068.0 1184.0 1062.0 1197.0 ship 0
974.0 1154.0 982.0 1139.0 1025.0 1163.0 1017.0 1177.0 ship 0
1012.0 1181.0 1007.0 1193.0 970.0 1174.0 977.0 1162.0 ship 0
1020.0 1199.0 1026.0 1188.0 1062.0 1208.0 1055.0 1219.0 ship 0
1010.0 1218.0 1016.0 1205.0 1053.0 1224.0 1047.0 1237.0 ship 0
1005.0 1198.0 999.0 1211.0 964.0 1194.0 972.0 1181.0 ship 0
992.0 1219.0 985.0 1232.0 948.0 1212.0 956.0 1198.0 ship 0
987.0 1254.0 992.0 1242.0 1029.0 1261.0 1022.0 1275.0 ship 0
982.0 1237.0 974.0 1251.0 936.0 1228.0 944.0 1214.0 ship 0
929.0 1250.0 936.0 1236.0 974.0 1256.0 966.0 1271.0 ship 0
1093.0 980.0 1093.0 970.0 1123.0 967.0 1124.0 977.0 ship 0
1081.0 964.0 1083.0 978.0 1031.0 982.0 1030.0 969.0 ship 0
686.0 1368.0 679.0 1383.0 641.0 1361.0 648.0 1348.0 ship 0
1092.0 965.0 1091.0 953.0 1127.0 950.0 1128.0 962.0 ship 0
973.0 573.0 975.0 556.0 1034.0 559.0 1033.0 578.0 ship 0
1046.0 585.0 1047.0 570.0 1091.0 574.0 1091.0 587.0 ship 0
1050.0 553.0 1050.0 541.0 1091.0 544.0 1090.0 557.0 ship 0
1055.0 537.0 1055.0 526.0 1086.0 527.0 1085.0 538.0 ship 0
1057.0 503.0 1058.0 492.0 1090.0 494.0 1089.0 506.0 ship 0
1059.0 488.0 1061.0 474.0 1091.0 477.0 1090.0 491.0 ship 0
1096.0 465.0 1095.0 481.0 1055.0 478.0 1056.0 462.0 ship 0
962.0 485.0 963.0 464.0 1039.0 468.0 1038.0 489.0 ship 0
971.0 457.0 973.0 439.0 1039.0 444.0 1038.0 462.0 ship 0
1097.0 427.0 1096.0 442.0 1055.0 439.0 1056.0 424.0 ship 0
1065.0 420.0 1065.0 410.0 1092.0 412.0 1093.0 422.0 ship 0
1055.0 410.0 1056.0 394.0 1106.0 398.0 1105.0 413.0 ship 0
1055.0 387.0 1055.0 374.0 1100.0 376.0 1099.0 389.0 ship 0
1104.0 349.0 1103.0 364.0 1062.0 360.0 1063.0 346.0 ship 0
1064.0 340.0 1064.0 329.0 1095.0 331.0 1095.0 342.0 ship 0
1067.0 327.0 1069.0 315.0 1102.0 323.0 1099.0 335.0 ship 0
1071.0 310.0 1071.0 296.0 1108.0 299.0 1108.0 313.0 ship 0
975.0 309.0 977.0 287.0 1051.0 294.0 1050.0 315.0 ship 0
1091.0 263.0 1091.0 288.0 1006.0 286.0 1008.0 260.0 ship 0
1074.0 863.0 1077.0 882.0 1024.0 888.0 1022.0 872.0 ship 0
1010.0 912.0 1008.0 894.0 1074.0 886.0 1075.0 904.0 ship 0
1120.0 874.0 1120.0 886.0 1084.0 889.0 1083.0 877.0 ship 0
1119.0 888.0 1120.0 901.0 1085.0 904.0 1085.0 891.0 ship 0
1089.0 933.0 1089.0 922.0 1124.0 919.0 1125.0 931.0 ship 0
1022.0 934.0 1022.0 916.0 1079.0 912.0 1080.0 931.0 ship 0
1080.0 936.0 1081.0 953.0 1026.0 956.0 1025.0 939.0 ship 0
1091.0 951.0 1091.0 938.0 1128.0 935.0 1128.0 948.0 ship 0
1018.0 1280.0 1012.0 1295.0 974.0 1274.0 981.0 1260.0 ship 0
964.0 1276.0 958.0 1288.0 924.0 1268.0 931.0 1257.0 ship 0
975.0 1292.0 980.0 1283.0 1017.0 1303.0 1011.0 1312.0 ship 0
947.0 1329.0 951.0 1318.0 981.0 1332.0 976.0 1343.0 ship 0
815.0 1163.0 821.0 1150.0 858.0 1169.0 851.0 1182.0 ship 0
877.0 1154.0 869.0 1170.0 826.0 1146.0 835.0 1130.0 ship 0
838.0 1125.0 845.0 1113.0 878.0 1131.0 872.0 1144.0 ship 0
847.0 1107.0 854.0 1094.0 888.0 1114.0 882.0 1127.0 ship 0
858.0 1091.0 866.0 1076.0 907.0 1099.0 899.0 1114.0 ship 0
890.0 1050.0 896.0 1039.0 922.0 1055.0 916.0 1065.0 ship 0
888.0 924.0 896.0 910.0 939.0 935.0 930.0 950.0 ship 0
916.0 946.0 910.0 958.0 883.0 942.0 889.0 932.0 ship 0
916.0 1003.0 904.0 995.0 923.0 966.0 933.0 973.0 ship 0
858.0 964.0 865.0 949.0 908.0 972.0 900.0 988.0 ship 0
901.0 991.0 894.0 1007.0 846.0 984.0 853.0 968.0 ship 0
883.0 1011.0 878.0 1024.0 838.0 1003.0 845.0 991.0 ship 0
826.0 1020.0 833.0 1005.0 877.0 1028.0 869.0 1044.0 ship 0
861.0 1052.0 855.0 1065.0 819.0 1044.0 825.0 1032.0 ship 0
856.0 1072.0 849.0 1086.0 807.0 1063.0 815.0 1047.0 ship 0
793.0 1076.0 800.0 1062.0 843.0 1089.0 837.0 1103.0 ship 0
833.0 1106.0 826.0 1122.0 784.0 1098.0 791.0 1081.0 ship 0
821.0 1126.0 815.0 1141.0 769.0 1114.0 777.0 1100.0 ship 0
748.0 1128.0 757.0 1113.0 812.0 1145.0 804.0 1160.0 ship 0
744.0 1151.0 753.0 1137.0 802.0 1166.0 794.0 1180.0 ship 0
787.0 1183.0 780.0 1198.0 738.0 1177.0 745.0 1162.0 ship 0
718.0 1236.0 725.0 1222.0 760.0 1240.0 753.0 1255.0 ship 0
747.0 1257.0 740.0 1272.0 702.0 1250.0 709.0 1237.0 ship 0
694.0 1268.0 699.0 1256.0 737.0 1275.0 731.0 1288.0 ship 0
721.0 1314.0 714.0 1329.0 674.0 1308.0 683.0 1293.0 ship 0
714.0 1334.0 706.0 1348.0 663.0 1326.0 671.0 1312.0 ship 0
693.0 1352.0 688.0 1363.0 656.0 1347.0 662.0 1336.0 ship 0
802.0 1182.0 809.0 1169.0 852.0 1191.0 845.0 1205.0 ship 0
799.0 1205.0 805.0 1191.0 844.0 1208.0 838.0 1223.0 ship 0
785.0 1222.0 792.0 1210.0 825.0 1229.0 817.0 1241.0 ship 0
884.0 1424.0 878.0 1438.0 837.0 1416.0 844.0 1404.0 ship 0
1001.0 1323.0 996.0 1335.0 957.0 1313.0 962.0 1301.0 ship 0
909.0 1288.0 915.0 1276.0 952.0 1295.0 945.0 1307.0 ship 0
942.0 1311.0 938.0 1324.0 900.0 1307.0 906.0 1294.0 ship 0
931.0 1336.0 926.0 1349.0 886.0 1327.0 893.0 1314.0 ship 0
881.0 1344.0 886.0 1334.0 920.0 1350.0 913.0 1362.0 ship 0
977.0 1358.0 973.0 1372.0 934.0 1351.0 941.0 1339.0 ship 0
959.0 1396.0 953.0 1409.0 914.0 1388.0 922.0 1375.0 ship 0
906.0 1407.0 914.0 1393.0 952.0 1415.0 946.0 1429.0 ship 0
907.0 1369.0 901.0 1382.0 870.0 1365.0 875.0 1354.0 ship 0
898.0 1385.0 892.0 1398.0 859.0 1380.0 866.0 1369.0 ship 0
892.0 1426.0 900.0 1410.0 939.0 1432.0 931.0 1446.0 ship 0
847.0 1400.0 852.0 1388.0 892.0 1406.0 886.0 1419.0 ship 0
896.0 1443.0 901.0 1434.0 922.0 1445.0 917.0 1454.0 ship 0
774.0 1240.0 781.0 1227.0 819.0 1248.0 811.0 1262.0 ship 0
876.0 1458.0 880.0 1449.0 904.0 1461.0 898.0 1470.0 ship 0
822.0 1434.0 830.0 1419.0 874.0 1443.0 865.0 1458.0 ship 0
863.0 1464.0 857.0 1477.0 817.0 1456.0 825.0 1443.0 ship 0
852.0 1483.0 846.0 1497.0 805.0 1474.0 812.0 1460.0 ship 0
689.0 1409.0 697.0 1395.0 742.0 1417.0 735.0 1435.0 ship 0
708.0 1373.0 714.0 1361.0 750.0 1379.0 744.0 1392.0 ship 0
716.0 1355.0 723.0 1339.0 766.0 1362.0 760.0 1377.0 ship 0
730.0 1335.0 736.0 1325.0 769.0 1342.0 764.0 1354.0 ship 0
780.0 1322.0 775.0 1335.0 738.0 1315.0 745.0 1302.0 ship 0
743.0 1296.0 750.0 1283.0 782.0 1302.0 775.0 1315.0 ship 0
754.0 1276.0 761.0 1262.0 800.0 1283.0 793.0 1299.0 ship 0
763.0 1258.0 770.0 1245.0 814.0 1268.0 805.0 1281.0 ship 0
507.0 17.0 509.0 10.0 525.0 18.0 523.0 23.0 small-vehicle 1
578.0 19.0 580.0 26.0 562.0 30.0 561.0 20.0 small-vehicle 1
771.0 336.0 758.0 334.0 768.0 293.0 780.0 298.0 ship 1
965.0 1696.0 959.0 1688.0 971.0 1677.0 977.0 1684.0 small-vehicle 0
960.0 1674.0 952.0 1667.0 969.0 1652.0 977.0 1659.0 small-vehicle 0
948.0 1673.0 948.0 1680.0 929.0 1678.0 931.0 1670.0 small-vehicle 0
943.0 1680.0 941.0 1689.0 924.0 1688.0 925.0 1679.0 small-vehicle 0
937.0 1693.0 936.0 1700.0 918.0 1699.0 917.0 1690.0 small-vehicle 0
933.0 1702.0 933.0 1711.0 907.0 1711.0 908.0 1701.0 small-vehicle 0
928.0 1713.0 926.0 1722.0 901.0 1721.0 902.0 1710.0 small-vehicle 0
864.0 1787.0 871.0 1791.0 863.0 1809.0 855.0 1805.0 small-vehicle 0
855.0 1775.0 865.0 1778.0 854.0 1801.0 843.0 1794.0 small-vehicle 0
804.0 1799.0 814.0 1795.0 822.0 1817.0 813.0 1820.0 small-vehicle 0
812.0 1789.0 819.0 1783.0 829.0 1802.0 822.0 1806.0 small-vehicle 0
817.0 1777.0 825.0 1772.0 836.0 1790.0 828.0 1795.0 small-vehicle 0
826.0 1770.0 831.0 1765.0 841.0 1782.0 835.0 1786.0 small-vehicle 0
828.0 1758.0 835.0 1753.0 845.0 1771.0 839.0 1774.0 small-vehicle 0
836.0 1747.0 842.0 1740.0 854.0 1763.0 847.0 1768.0 small-vehicle 0
842.0 1736.0 849.0 1732.0 859.0 1752.0 853.0 1756.0 small-vehicle 0
847.0 1727.0 854.0 1720.0 864.0 1739.0 858.0 1743.0 small-vehicle 0
861.0 1707.0 868.0 1700.0 876.0 1718.0 869.0 1723.0 small-vehicle 0
865.0 1697.0 873.0 1691.0 886.0 1716.0 879.0 1719.0 small-vehicle 0
873.0 1690.0 879.0 1685.0 890.0 1703.0 883.0 1706.0 small-vehicle 0
876.0 1675.0 883.0 1671.0 897.0 1693.0 890.0 1698.0 small-vehicle 0
883.0 1667.0 891.0 1661.0 900.0 1678.0 895.0 1682.0 small-vehicle 0
890.0 1657.0 896.0 1652.0 906.0 1669.0 899.0 1674.0 small-vehicle 0
898.0 1651.0 904.0 1646.0 915.0 1663.0 908.0 1667.0 small-vehicle 0
899.0 1635.0 908.0 1630.0 919.0 1650.0 912.0 1654.0 small-vehicle 0
805.0 1798.0 796.0 1802.0 788.0 1786.0 797.0 1783.0 small-vehicle 0
811.0 1789.0 805.0 1794.0 795.0 1777.0 803.0 1773.0 small-vehicle 0
816.0 1778.0 810.0 1782.0 801.0 1765.0 810.0 1761.0 small-vehicle 0
962.0 1685.0 956.0 1677.0 972.0 1664.0 978.0 1672.0 small-vehicle 0
967.0 1709.0 963.0 1700.0 976.0 1689.0 983.0 1697.0 small-vehicle 0
1003.0 2016.0 999.0 2007.0 1015.0 1996.0 1022.0 2003.0 small-vehicle 0
980.0 1570.0 989.0 1576.0 977.0 1591.0 969.0 1587.0 small-vehicle 0
1052.0 1881.0 1054.0 1890.0 1037.0 1897.0 1034.0 1889.0 small-vehicle 0
1052.0 1898.0 1055.0 1906.0 1041.0 1914.0 1036.0 1907.0 small-vehicle 0
1053.0 1907.0 1057.0 1916.0 1040.0 1927.0 1036.0 1919.0 small-vehicle 0
1006.0 1920.0 1010.0 1927.0 996.0 1937.0 991.0 1931.0 small-vehicle 0
999.0 1950.0 992.0 1942.0 1007.0 1933.0 1013.0 1939.0 small-vehicle 0
877.0 1847.0 873.0 1855.0 857.0 1846.0 861.0 1837.0 small-vehicle 0
894.0 1845.0 890.0 1852.0 875.0 1841.0 879.0 1835.0 small-vehicle 0
900.0 1835.0 894.0 1843.0 880.0 1833.0 883.0 1826.0 small-vehicle 0
997.0 1852.0 999.0 1858.0 985.0 1868.0 982.0 1861.0 small-vehicle 0
996.0 1839.0 998.0 1847.0 985.0 1855.0 983.0 1848.0 small-vehicle 0
997.0 1827.0 1001.0 1833.0 985.0 1847.0 981.0 1840.0 small-vehicle 0
985.0 1834.0 979.0 1824.0 995.0 1812.0 1001.0 1822.0 small-vehicle 0
1045.0 1820.0 1047.0 1828.0 1033.0 1836.0 1029.0 1829.0 small-vehicle 0
1037.0 1772.0 1042.0 1780.0 1026.0 1789.0 1021.0 1783.0 small-vehicle 0
993.0 1802.0 998.0 1808.0 984.0 1821.0 979.0 1814.0 small-vehicle 0
981.0 1800.0 974.0 1791.0 990.0 1781.0 995.0 1788.0 small-vehicle 0
979.0 1788.0 974.0 1780.0 988.0 1770.0 991.0 1778.0 small-vehicle 0
978.0 1764.0 972.0 1757.0 984.0 1746.0 989.0 1752.0 small-vehicle 0
975.0 1754.0 970.0 1746.0 982.0 1737.0 986.0 1743.0 small-vehicle 0
970.0 1743.0 965.0 1734.0 980.0 1723.0 984.0 1731.0 small-vehicle 0
1024.0 1671.0 1030.0 1678.0 1019.0 1691.0 1012.0 1684.0 small-vehicle 0
1022.0 1660.0 1025.0 1666.0 1016.0 1677.0 1012.0 1670.0 small-vehicle 1
1011.0 1669.0 1003.0 1663.0 1019.0 1647.0 1024.0 1654.0 small-vehicle 0
1011.0 1637.0 1018.0 1644.0 1003.0 1657.0 997.0 1652.0 small-vehicle 0
995.0 1604.0 1002.0 1611.0 990.0 1622.0 984.0 1617.0 small-vehicle 0
989.0 1591.0 998.0 1596.0 985.0 1612.0 978.0 1607.0 small-vehicle 0
980.0 1601.0 974.0 1595.0 986.0 1582.0 992.0 1590.0 small-vehicle 0
823.0 1768.0 817.0 1774.0 808.0 1756.0 816.0 1754.0 small-vehicle 0
829.0 1758.0 822.0 1763.0 813.0 1748.0 820.0 1743.0 small-vehicle 0
835.0 1750.0 828.0 1754.0 819.0 1737.0 827.0 1733.0 small-vehicle 0
840.0 1739.0 834.0 1743.0 823.0 1727.0 832.0 1722.0 small-vehicle 0
762.0 1880.0 753.0 1884.0 746.0 1867.0 752.0 1861.0 small-vehicle 0
725.0 1897.0 717.0 1890.0 731.0 1869.0 738.0 1875.0 small-vehicle 0
664.0 1926.0 665.0 1918.0 683.0 1919.0 683.0 1928.0 small-vehicle 0
711.0 1847.0 711.0 1837.0 729.0 1839.0 730.0 1846.0 small-vehicle 0
723.0 1827.0 723.0 1816.0 746.0 1817.0 744.0 1827.0 small-vehicle 0
730.0 1814.0 732.0 1806.0 749.0 1809.0 748.0 1816.0 small-vehicle 0
739.0 1797.0 741.0 1786.0 768.0 1787.0 767.0 1798.0 small-vehicle 0
750.0 1784.0 751.0 1777.0 768.0 1778.0 767.0 1785.0 small-vehicle 0
756.0 1775.0 756.0 1766.0 775.0 1768.0 773.0 1776.0 small-vehicle 0
760.0 1765.0 760.0 1757.0 781.0 1758.0 781.0 1765.0 small-vehicle 0
765.0 1756.0 766.0 1746.0 783.0 1749.0 783.0 1756.0 small-vehicle 0
770.0 1744.0 773.0 1736.0 793.0 1740.0 791.0 1748.0 small-vehicle 0
777.0 1734.0 780.0 1724.0 795.0 1729.0 794.0 1736.0 small-vehicle 0
784.0 1725.0 785.0 1716.0 804.0 1719.0 803.0 1727.0 small-vehicle 0
815.0 1679.0 814.0 1670.0 832.0 1670.0 832.0 1678.0 small-vehicle 0
819.0 1669.0 818.0 1659.0 839.0 1658.0 840.0 1668.0 small-vehicle 0
826.0 1655.0 827.0 1647.0 843.0 1647.0 843.0 1656.0 small-vehicle 0
829.0 1645.0 830.0 1636.0 853.0 1637.0 853.0 1645.0 small-vehicle 0
835.0 1636.0 837.0 1628.0 853.0 1628.0 854.0 1635.0 small-vehicle 0
842.0 1626.0 843.0 1617.0 864.0 1619.0 864.0 1627.0 small-vehicle 0
848.0 1615.0 849.0 1607.0 866.0 1609.0 866.0 1615.0 small-vehicle 0
858.0 1604.0 857.0 1595.0 876.0 1597.0 876.0 1605.0 small-vehicle 0
864.0 1594.0 865.0 1584.0 886.0 1588.0 886.0 1596.0 small-vehicle 0
1592.0 2401.0 1582.0 2403.0 1581.0 2382.0 1589.0 2381.0 small-vehicle 1
1564.0 2326.0 1562.0 2334.0 1544.0 2330.0 1545.0 2322.0 small-vehicle 1
1539.0 2320.0 1539.0 2327.0 1524.0 2328.0 1523.0 2321.0 small-vehicle 1
1518.0 2322.0 1518.0 2330.0 1503.0 2330.0 1501.0 2322.0 small-vehicle 1
758.0 1867.0 763.0 1862.0 778.0 1883.0 769.0 1888.0 small-vehicle 0
783.0 1876.0 779.0 1881.0 769.0 1866.0 774.0 1861.0 small-vehicle 0
757.0 1887.0 764.0 1882.0 773.0 1900.0 767.0 1906.0 small-vehicle 0
604.0 2026.0 604.0 2016.0 628.0 2017.0 628.0 2025.0 small-vehicle 0
849.0 1730.0 842.0 1734.0 828.0 1715.0 836.0 1710.0 small-vehicle 0
854.0 1719.0 847.0 1724.0 837.0 1707.0 845.0 1703.0 small-vehicle 0
859.0 1710.0 852.0 1714.0 842.0 1696.0 850.0 1692.0 small-vehicle 0
866.0 1700.0 860.0 1705.0 850.0 1688.0 857.0 1683.0 small-vehicle 0
872.0 1691.0 865.0 1695.0 856.0 1677.0 863.0 1673.0 small-vehicle 0
876.0 1678.0 870.0 1682.0 860.0 1666.0 867.0 1662.0 small-vehicle 0
883.0 1670.0 876.0 1675.0 866.0 1657.0 874.0 1651.0 small-vehicle 0
890.0 1659.0 883.0 1664.0 875.0 1647.0 882.0 1642.0 small-vehicle 0
902.0 1643.0 892.0 1649.0 883.0 1632.0 890.0 1626.0 small-vehicle 0
674.0 2038.0 683.0 2033.0 692.0 2049.0 685.0 2053.0 small-vehicle 0
646.0 2052.0 656.0 2047.0 667.0 2068.0 659.0 2072.0 small-vehicle 0
593.0 2049.0 591.0 2040.0 609.0 2038.0 611.0 2045.0 small-vehicle 0
688.0 1997.0 696.0 1991.0 709.0 2014.0 700.0 2018.0 small-vehicle 0
755.0 1891.0 749.0 1895.0 739.0 1876.0 746.0 1872.0 small-vehicle 0
697.0 1988.0 707.0 1984.0 715.0 2002.0 708.0 2005.0 small-vehicle 0
706.0 1966.0 713.0 1959.0 726.0 1977.0 720.0 1982.0 small-vehicle 0
714.0 1956.0 722.0 1950.0 732.0 1970.0 723.0 1976.0 small-vehicle 0
721.0 1947.0 727.0 1942.0 738.0 1959.0 732.0 1964.0 small-vehicle 0
726.0 1938.0 732.0 1932.0 742.0 1948.0 737.0 1954.0 small-vehicle 0
708.0 1929.0 715.0 1923.0 724.0 1938.0 718.0 1944.0 small-vehicle 0
716.0 1918.0 720.0 1912.0 731.0 1929.0 725.0 1934.0 small-vehicle 0
733.0 1929.0 739.0 1921.0 750.0 1938.0 744.0 1943.0 small-vehicle 0
727.0 1897.0 733.0 1893.0 743.0 1909.0 737.0 1913.0 small-vehicle 0
736.0 1914.0 744.0 1911.0 753.0 1928.0 748.0 1931.0 small-vehicle 0
745.0 1906.0 749.0 1902.0 759.0 1915.0 755.0 1919.0 small-vehicle 0
749.0 1898.0 758.0 1893.0 766.0 1910.0 761.0 1914.0 small-vehicle 0
1057.0 1949.0 1062.0 1958.0 1047.0 1967.0 1042.0 1958.0 small-vehicle 0
1006.0 2032.0 1001.0 2021.0 1020.0 2007.0 1026.0 2015.0 small-vehicle 0
1454.0 2324.0 1459.0 2332.0 1442.0 2337.0 1439.0 2331.0 small-vehicle 1
626.0 2237.0 625.0 2247.0 607.0 2246.0 607.0 2237.0 small-vehicle 0
611.0 2108.0 617.0 2104.0 630.0 2121.0 623.0 2125.0 small-vehicle 0
603.0 2118.0 611.0 2114.0 622.0 2131.0 615.0 2136.0 small-vehicle 0
620.0 2127.0 629.0 2122.0 639.0 2143.0 631.0 2147.0 small-vehicle 0
626.0 2113.0 633.0 2110.0 648.0 2134.0 641.0 2137.0 small-vehicle 0
632.0 2108.0 640.0 2102.0 651.0 2121.0 645.0 2124.0 small-vehicle 0
638.0 2095.0 645.0 2091.0 654.0 2106.0 647.0 2110.0 small-vehicle 0
644.0 2086.0 651.0 2082.0 661.0 2099.0 655.0 2103.0 small-vehicle 0
650.0 2078.0 656.0 2071.0 667.0 2089.0 661.0 2094.0 small-vehicle 0
493.0 2353.0 502.0 2348.0 512.0 2369.0 506.0 2372.0 small-vehicle 0
500.0 2342.0 507.0 2339.0 516.0 2359.0 509.0 2362.0 small-vehicle 0
505.0 2331.0 512.0 2328.0 520.0 2346.0 515.0 2350.0 small-vehicle 0
511.0 2324.0 518.0 2320.0 527.0 2336.0 520.0 2340.0 small-vehicle 0
516.0 2314.0 522.0 2310.0 533.0 2329.0 527.0 2331.0 small-vehicle 0
522.0 2303.0 529.0 2299.0 538.0 2317.0 532.0 2321.0 small-vehicle 0
528.0 2293.0 535.0 2290.0 545.0 2306.0 539.0 2310.0 small-vehicle 0
536.0 2286.0 541.0 2281.0 550.0 2297.0 544.0 2301.0 small-vehicle 0
540.0 2273.0 546.0 2268.0 557.0 2288.0 550.0 2291.0 small-vehicle 0
547.0 2265.0 553.0 2258.0 563.0 2278.0 555.0 2282.0 small-vehicle 0
552.0 2253.0 557.0 2249.0 568.0 2265.0 561.0 2270.0 small-vehicle 0
557.0 2244.0 562.0 2238.0 573.0 2255.0 567.0 2259.0 small-vehicle 0
569.0 2225.0 564.0 2231.0 553.0 2215.0 558.0 2210.0 small-vehicle 0
563.0 2232.0 570.0 2227.0 579.0 2244.0 573.0 2249.0 small-vehicle 0
570.0 2222.0 576.0 2218.0 586.0 2235.0 581.0 2241.0 small-vehicle 0
558.0 2202.0 565.0 2198.0 574.0 2214.0 569.0 2218.0 small-vehicle 0
564.0 2193.0 570.0 2190.0 580.0 2204.0 574.0 2209.0 small-vehicle 0
576.0 2214.0 581.0 2209.0 592.0 2228.0 587.0 2231.0 small-vehicle 0
579.0 2201.0 587.0 2196.0 600.0 2219.0 593.0 2223.0 small-vehicle 0
639.0 2101.0 634.0 2105.0 625.0 2089.0 631.0 2084.0 small-vehicle 0
623.0 2250.0 622.0 2256.0 603.0 2255.0 605.0 2248.0 small-vehicle 0
1072.0 2039.0 1076.0 2048.0 1054.0 2061.0 1049.0 2051.0 small-vehicle 0
618.0 2259.0 617.0 2266.0 596.0 2265.0 597.0 2258.0 small-vehicle 0
599.0 334.0 600.0 324.0 623.0 325.0 622.0 335.0 small-vehicle 1
182.0 733.0 191.0 737.0 185.0 759.0 175.0 756.0 ship 0
217.0 744.0 229.0 747.0 222.0 773.0 211.0 769.0 ship 0
759.0 1996.0 759.0 2005.0 741.0 2005.0 740.0 1996.0 small-vehicle 1
770.0 1985.0 770.0 1993.0 751.0 1993.0 752.0 1983.0 small-vehicle 1
803.0 1920.0 804.0 1930.0 786.0 1931.0 784.0 1921.0 small-vehicle 1
810.0 1908.0 813.0 1916.0 795.0 1920.0 792.0 1910.0 small-vehicle 1
893.0 1775.0 893.0 1782.0 876.0 1781.0 876.0 1773.0 small-vehicle 1
904.0 1754.0 904.0 1762.0 881.0 1761.0 882.0 1751.0 small-vehicle 1
818.0 1900.0 818.0 1909.0 800.0 1907.0 799.0 1898.0 small-vehicle 1
492.0 2356.0 484.0 2360.0 476.0 2341.0 484.0 2339.0 small-vehicle 0
500.0 2347.0 493.0 2350.0 482.0 2334.0 489.0 2328.0 small-vehicle 0
507.0 2339.0 499.0 2344.0 490.0 2326.0 498.0 2321.0 small-vehicle 0
510.0 2328.0 503.0 2332.0 496.0 2315.0 504.0 2313.0 small-vehicle 0
517.0 2317.0 510.0 2321.0 501.0 2305.0 507.0 2301.0 small-vehicle 0
523.0 2308.0 515.0 2313.0 505.0 2293.0 513.0 2289.0 small-vehicle 0
528.0 2296.0 521.0 2301.0 508.0 2280.0 517.0 2273.0 small-vehicle 0
533.0 2287.0 527.0 2291.0 517.0 2273.0 524.0 2270.0 small-vehicle 0
542.0 2277.0 534.0 2282.0 518.0 2259.0 528.0 2253.0 small-vehicle 0
547.0 2266.0 538.0 2270.0 525.0 2249.0 535.0 2245.0 small-vehicle 0
553.0 2256.0 545.0 2262.0 536.0 2244.0 543.0 2239.0 small-vehicle 0
557.0 2245.0 551.0 2249.0 540.0 2230.0 547.0 2227.0 small-vehicle 0
562.0 2234.0 555.0 2239.0 546.0 2222.0 554.0 2218.0 small-vehicle 0
593.0 2298.0 593.0 2306.0 575.0 2308.0 573.0 2299.0 small-vehicle 0
598.0 2288.0 600.0 2296.0 579.0 2297.0 578.0 2287.0 small-vehicle 0
605.0 2279.0 606.0 2287.0 586.0 2286.0 587.0 2278.0 small-vehicle 0
614.0 2267.0 613.0 2276.0 594.0 2275.0 593.0 2268.0 small-vehicle 0
462.0 2286.0 461.0 2276.0 481.0 2275.0 483.0 2285.0 small-vehicle 0
473.0 2273.0 475.0 2264.0 494.0 2265.0 494.0 2273.0 small-vehicle 0
480.0 2262.0 479.0 2253.0 498.0 2255.0 499.0 2264.0 small-vehicle 0
501.0 2224.0 499.0 2217.0 523.0 2212.0 524.0 2221.0 small-vehicle 0
817.0 2280.0 808.0 2287.0 797.0 2264.0 807.0 2260.0 small-vehicle 0
703.0 2263.0 709.0 2266.0 703.0 2280.0 696.0 2277.0 small-vehicle 0
755.0 2196.0 757.0 2204.0 741.0 2207.0 738.0 2199.0 small-vehicle 0
747.0 2231.0 740.0 2236.0 727.0 2221.0 734.0 2215.0 small-vehicle 0
805.0 2128.0 803.0 2138.0 781.0 2133.0 782.0 2123.0 small-vehicle 0
880.0 2217.0 871.0 2212.0 879.0 2197.0 887.0 2201.0 small-vehicle 0
1065.0 2152.0 1066.0 2161.0 1045.0 2167.0 1044.0 2156.0 small-vehicle 0
1065.0 2137.0 1069.0 2149.0 1047.0 2155.0 1042.0 2147.0 small-vehicle 0
1070.0 2124.0 1073.0 2133.0 1055.0 2141.0 1052.0 2135.0 small-vehicle 0
1444.0 2455.0 1445.0 2465.0 1423.0 2465.0 1422.0 2457.0 small-vehicle 0
1437.0 2437.0 1439.0 2443.0 1422.0 2447.0 1420.0 2438.0 small-vehicle 0
1437.0 2426.0 1438.0 2434.0 1415.0 2437.0 1413.0 2430.0 small-vehicle 0
1440.0 2445.0 1443.0 2453.0 1425.0 2456.0 1423.0 2448.0 small-vehicle 1
1371.0 2454.0 1370.0 2445.0 1391.0 2444.0 1392.0 2452.0 small-vehicle 1
1368.0 2441.0 1366.0 2434.0 1389.0 2434.0 1391.0 2442.0 small-vehicle 1
1541.0 2465.0 1538.0 2456.0 1558.0 2452.0 1560.0 2461.0 small-vehicle 1
1540.0 2446.0 1537.0 2436.0 1557.0 2432.0 1560.0 2441.0 small-vehicle 1
1561.0 2420.0 1564.0 2428.0 1546.0 2432.0 1544.0 2423.0 small-vehicle 1
1562.0 2408.0 1563.0 2418.0 1546.0 2423.0 1541.0 2414.0 small-vehicle 1
1435.0 2388.0 1438.0 2397.0 1421.0 2400.0 1418.0 2392.0 small-vehicle 1
940.0 2351.0 947.0 2356.0 935.0 2368.0 929.0 2364.0 small-vehicle 1
885.0 2409.0 891.0 2414.0 882.0 2428.0 874.0 2422.0 small-vehicle 1
983.0 2134.0 972.0 2126.0 989.0 2109.0 996.0 2116.0 small-vehicle 1
988.0 1879.0 982.0 1871.0 998.0 1861.0 1002.0 1869.0 small-vehicle 1
994.0 1891.0 985.0 1881.0 1001.0 1869.0 1007.0 1878.0 small-vehicle 1
1004.0 1883.0 1007.0 1892.0 992.0 1902.0 987.0 1896.0 small-vehicle 1
1004.0 1895.0 1011.0 1903.0 991.0 1917.0 986.0 1907.0 small-vehicle 1
806.0 2310.0 797.0 2313.0 788.0 2292.0 797.0 2288.0 small-vehicle 0
735.0 2430.0 729.0 2433.0 720.0 2418.0 728.0 2414.0 small-vehicle 0
707.0 2437.0 714.0 2431.0 726.0 2444.0 721.0 2449.0 small-vehicle 0
541.0 2144.0 541.0 2133.0 564.0 2133.0 565.0 2143.0 small-vehicle 1
509.0 2226.0 509.0 2234.0 492.0 2234.0 492.0 2225.0 small-vehicle 1
502.0 2212.0 504.0 2203.0 523.0 2204.0 523.0 2211.0 small-vehicle 1
537.0 2400.0 535.0 2408.0 519.0 2408.0 518.0 2399.0 small-vehicle 1
544.0 2390.0 545.0 2398.0 525.0 2396.0 526.0 2389.0 small-vehicle 1
551.0 2380.0 551.0 2388.0 530.0 2386.0 532.0 2377.0 small-vehicle 1
537.0 2377.0 535.0 2368.0 554.0 2368.0 555.0 2375.0 small-vehicle 1
563.0 2359.0 561.0 2368.0 542.0 2366.0 543.0 2357.0 small-vehicle 1
569.0 2349.0 567.0 2357.0 548.0 2358.0 548.0 2349.0 small-vehicle 1
550.0 2345.0 551.0 2337.0 570.0 2338.0 569.0 2346.0 small-vehicle 1
456.0 2298.0 456.0 2290.0 478.0 2291.0 477.0 2299.0 small-vehicle 1
649.0 2203.0 644.0 2209.0 628.0 2199.0 631.0 2192.0 small-vehicle 1
512.0 2198.0 511.0 2191.0 532.0 2190.0 532.0 2198.0 small-vehicle 1
569.0 2087.0 568.0 2078.0 587.0 2080.0 588.0 2089.0 small-vehicle 1
665.0 2342.0 671.0 2350.0 656.0 2359.0 650.0 2353.0 small-vehicle 0
659.0 2157.0 657.0 2148.0 680.0 2149.0 681.0 2158.0 small-vehicle 1
665.0 2146.0 665.0 2136.0 685.0 2138.0 685.0 2147.0 small-vehicle 1
670.0 2138.0 670.0 2128.0 688.0 2130.0 689.0 2138.0 small-vehicle 1
698.0 2109.0 697.0 2119.0 678.0 2118.0 679.0 2109.0 small-vehicle 1
705.0 2099.0 704.0 2107.0 685.0 2106.0 684.0 2098.0 small-vehicle 1
711.0 2086.0 713.0 2096.0 693.0 2096.0 692.0 2088.0 small-vehicle 1
723.0 2066.0 724.0 2074.0 704.0 2076.0 702.0 2067.0 small-vehicle 1
723.0 2057.0 724.0 2063.0 707.0 2064.0 707.0 2055.0 small-vehicle 0
770.0 2082.0 779.0 2087.0 767.0 2106.0 757.0 2102.0 small-vehicle 0
756.0 2103.0 764.0 2108.0 753.0 2126.0 746.0 2120.0 small-vehicle 0
731.0 2166.0 730.0 2175.0 716.0 2174.0 714.0 2167.0 small-vehicle 1
628.0 2349.0 627.0 2358.0 605.0 2357.0 604.0 2348.0 small-vehicle 0
1497.0 2323.0 1497.0 2332.0 1481.0 2333.0 1478.0 2324.0 small-vehicle 1
1436.0 2326.0 1437.0 2333.0 1421.0 2333.0 1419.0 2326.0 small-vehicle 1
574.0 30.0 576.0 37.0 562.0 38.0 560.0 31.0 small-vehicle 1
415.0 727.0 424.0 729.0 422.0 748.0 412.0 747.0 small-vehicle 1
509.0 613.0 508.0 603.0 530.0 603.0 531.0 612.0 small-vehicle 1
555.0 509.0 564.0 509.0 564.0 526.0 555.0 526.0 small-vehicle 1
543.0 527.0 534.0 528.0 534.0 512.0 543.0 509.0 small-vehicle 1
513.0 504.0 523.0 503.0 524.0 527.0 514.0 528.0 small-vehicle 1
494.0 505.0 502.0 504.0 504.0 528.0 494.0 528.0 small-vehicle 1
492.0 528.0 483.0 527.0 483.0 511.0 492.0 510.0 small-vehicle 1
472.0 510.0 481.0 510.0 482.0 527.0 474.0 528.0 small-vehicle 1
465.0 508.0 472.0 509.0 472.0 526.0 464.0 527.0 small-vehicle 1
463.0 527.0 452.0 527.0 454.0 506.0 463.0 508.0 small-vehicle 1
452.0 526.0 442.0 527.0 441.0 508.0 451.0 508.0 small-vehicle 1
531.0 461.0 539.0 460.0 541.0 480.0 533.0 481.0 small-vehicle 1
521.0 461.0 530.0 460.0 532.0 480.0 522.0 482.0 small-vehicle 1
503.0 464.0 511.0 461.0 513.0 482.0 505.0 483.0 small-vehicle 1
486.0 463.0 495.0 462.0 495.0 483.0 486.0 483.0 small-vehicle 1
488.0 482.0 477.0 481.0 476.0 460.0 486.0 461.0 small-vehicle 1
467.0 461.0 476.0 460.0 478.0 482.0 471.0 482.0 small-vehicle 1
457.0 465.0 466.0 465.0 465.0 484.0 457.0 484.0 small-vehicle 1
490.0 447.0 491.0 458.0 466.0 458.0 464.0 447.0 small-vehicle 1
134.0 749.0 124.0 745.0 131.0 723.0 141.0 726.0 small-vehicle 1
150.0 713.0 160.0 717.0 151.0 739.0 143.0 736.0 small-vehicle 1
205.0 713.0 213.0 713.0 213.0 736.0 205.0 736.0 small-vehicle 1
260.0 690.0 262.0 698.0 238.0 698.0 236.0 689.0 small-vehicle 1
259.0 678.0 260.0 689.0 236.0 687.0 236.0 679.0 small-vehicle 1
379.0 852.0 369.0 851.0 370.0 830.0 378.0 830.0 small-vehicle 1
372.0 785.0 371.0 794.0 356.0 793.0 357.0 784.0 small-vehicle 1
380.0 779.0 374.0 778.0 372.0 761.0 380.0 761.0 small-vehicle 1
373.0 725.0 381.0 726.0 380.0 742.0 373.0 742.0 small-vehicle 1
416.0 700.0 424.0 699.0 425.0 716.0 417.0 716.0 small-vehicle 1
413.0 809.0 420.0 810.0 421.0 826.0 413.0 827.0 small-vehicle 1
315.0 988.0 318.0 997.0 302.0 1006.0 297.0 999.0 small-vehicle 1
400.0 821.0 408.0 821.0 409.0 840.0 401.0 840.0 small-vehicle 1
283.0 995.0 278.0 988.0 294.0 978.0 298.0 985.0 small-vehicle 1
274.0 991.0 266.0 986.0 281.0 971.0 288.0 977.0 small-vehicle 1
253.0 981.0 249.0 975.0 265.0 966.0 269.0 973.0 small-vehicle 1
384.0 1009.0 392.0 1013.0 385.0 1029.0 377.0 1026.0 small-vehicle 1
374.0 997.0 383.0 1002.0 374.0 1018.0 366.0 1015.0 small-vehicle 1
384.0 953.0 392.0 956.0 387.0 973.0 380.0 971.0 small-vehicle 1
318.0 955.0 327.0 954.0 330.0 972.0 321.0 972.0 small-vehicle 1
327.0 954.0 337.0 953.0 340.0 972.0 332.0 973.0 small-vehicle 1
348.0 962.0 341.0 962.0 339.0 945.0 348.0 946.0 small-vehicle 1
335.0 951.0 327.0 951.0 324.0 936.0 333.0 936.0 small-vehicle 1
324.0 950.0 316.0 951.0 313.0 935.0 322.0 933.0 small-vehicle 1
316.0 949.0 309.0 949.0 303.0 931.0 312.0 929.0 small-vehicle 1
308.0 952.0 315.0 952.0 318.0 969.0 310.0 971.0 small-vehicle 1
295.0 944.0 304.0 944.0 307.0 959.0 300.0 961.0 small-vehicle 1
285.0 943.0 293.0 940.0 297.0 957.0 291.0 960.0 small-vehicle 1
291.0 925.0 300.0 923.0 304.0 942.0 296.0 943.0 small-vehicle 1
288.0 881.0 297.0 883.0 289.0 904.0 281.0 901.0 small-vehicle 1
308.0 887.0 314.0 892.0 303.0 906.0 296.0 901.0 small-vehicle 1
322.0 892.0 328.0 898.0 313.0 909.0 307.0 902.0 small-vehicle 1
345.0 900.0 349.0 906.0 337.0 919.0 331.0 911.0 small-vehicle 1
362.0 928.0 353.0 924.0 362.0 908.0 370.0 910.0 small-vehicle 1
372.0 933.0 362.0 929.0 370.0 910.0 378.0 912.0 small-vehicle 1
393.0 891.0 401.0 892.0 400.0 911.0 392.0 910.0 small-vehicle 1
372.0 883.0 363.0 879.0 368.0 860.0 377.0 861.0 small-vehicle 1
410.0 881.0 419.0 881.0 420.0 901.0 411.0 901.0 small-vehicle 1
412.0 857.0 421.0 856.0 421.0 875.0 413.0 875.0 small-vehicle 1
413.0 833.0 420.0 834.0 420.0 851.0 412.0 852.0 small-vehicle 1
374.0 707.0 382.0 707.0 380.0 723.0 372.0 723.0 small-vehicle 1
381.0 703.0 372.0 703.0 374.0 686.0 382.0 687.0 small-vehicle 1
373.0 661.0 381.0 661.0 380.0 679.0 373.0 679.0 small-vehicle 1
367.0 635.0 376.0 635.0 377.0 655.0 368.0 655.0 small-vehicle 1
271.0 443.0 268.0 452.0 244.0 447.0 246.0 438.0 small-vehicle 1
199.0 413.0 203.0 404.0 222.0 424.0 216.0 429.0 small-vehicle 1
211.0 401.0 218.0 395.0 231.0 417.0 226.0 422.0 small-vehicle 1
227.0 402.0 235.0 396.0 247.0 417.0 241.0 421.0 small-vehicle 1
245.0 406.0 251.0 399.0 265.0 421.0 258.0 426.0 small-vehicle 1
261.0 403.0 269.0 399.0 278.0 420.0 271.0 425.0 small-vehicle 1
274.0 405.0 282.0 401.0 289.0 420.0 282.0 423.0 small-vehicle 1
288.0 404.0 295.0 402.0 302.0 417.0 295.0 420.0 small-vehicle 1
300.0 407.0 307.0 404.0 313.0 420.0 309.0 422.0 small-vehicle 1
334.0 407.0 338.0 415.0 318.0 422.0 316.0 414.0 small-vehicle 1
359.0 401.0 361.0 409.0 343.0 417.0 340.0 408.0 small-vehicle 1
369.0 393.0 361.0 392.0 361.0 377.0 369.0 378.0 small-vehicle 1
373.0 372.0 380.0 372.0 380.0 392.0 373.0 393.0 small-vehicle 1
396.0 377.0 405.0 377.0 406.0 402.0 397.0 401.0 small-vehicle 1
413.0 400.0 423.0 401.0 421.0 420.0 412.0 419.0 small-vehicle 1
413.0 375.0 423.0 375.0 422.0 396.0 413.0 395.0 small-vehicle 1
413.0 353.0 420.0 354.0 422.0 373.0 414.0 372.0 small-vehicle 1
412.0 333.0 421.0 335.0 422.0 350.0 412.0 350.0 small-vehicle 1
414.0 312.0 421.0 312.0 421.0 329.0 414.0 329.0 small-vehicle 1
685.0 122.0 685.0 130.0 665.0 130.0 665.0 121.0 small-vehicle 1
697.0 99.0 704.0 102.0 700.0 118.0 691.0 115.0 small-vehicle 1
698.0 81.0 705.0 83.0 703.0 99.0 696.0 99.0 small-vehicle 1
698.0 59.0 708.0 60.0 705.0 77.0 695.0 76.0 small-vehicle 1
700.0 36.0 708.0 38.0 706.0 55.0 698.0 54.0 small-vehicle 1
577.0 55.0 580.0 64.0 565.0 73.0 560.0 67.0 small-vehicle 1
577.0 43.0 581.0 52.0 564.0 62.0 559.0 55.0 small-vehicle 1
568.0 39.0 573.0 45.0 559.0 53.0 554.0 47.0 small-vehicle 1
303.0 445.0 301.0 456.0 275.0 451.0 278.0 441.0 small-vehicle 1
329.0 445.0 328.0 454.0 304.0 457.0 304.0 447.0 small-vehicle 1
336.0 434.0 345.0 433.0 346.0 457.0 338.0 457.0 small-vehicle 1
380.0 580.0 371.0 580.0 371.0 563.0 380.0 563.0 small-vehicle 1
356.0 609.0 362.0 614.0 355.0 629.0 346.0 625.0 small-vehicle 1
346.0 627.0 338.0 623.0 344.0 608.0 353.0 611.0 small-vehicle 1
333.0 625.0 324.0 622.0 332.0 610.0 339.0 612.0 small-vehicle 1
377.0 633.0 368.0 635.0 363.0 618.0 373.0 614.0 small-vehicle 1
415.0 639.0 422.0 640.0 422.0 657.0 414.0 656.0 small-vehicle 1
416.0 616.0 424.0 619.0 422.0 636.0 415.0 637.0 small-vehicle 1
413.0 567.0 421.0 568.0 421.0 586.0 412.0 587.0 small-vehicle 1
321.0 628.0 313.0 624.0 323.0 608.0 331.0 611.0 small-vehicle 1
307.0 609.0 316.0 613.0 308.0 628.0 301.0 626.0 small-vehicle 1
297.0 628.0 289.0 626.0 297.0 609.0 304.0 611.0 small-vehicle 1
205.0 674.0 195.0 674.0 197.0 656.0 206.0 656.0 small-vehicle 1
196.0 674.0 187.0 674.0 188.0 654.0 196.0 655.0 small-vehicle 1
355.0 544.0 361.0 550.0 347.0 563.0 341.0 556.0 small-vehicle 1
325.0 464.0 333.0 463.0 333.0 480.0 327.0 481.0 small-vehicle 1
380.0 556.0 371.0 557.0 374.0 537.0 381.0 539.0 small-vehicle 1
380.0 537.0 372.0 537.0 370.0 517.0 380.0 518.0 small-vehicle 1
364.0 509.0 370.0 508.0 370.0 523.0 364.0 524.0 small-vehicle 1
354.0 507.0 361.0 506.0 363.0 528.0 355.0 528.0 small-vehicle 1
353.0 526.0 344.0 526.0 346.0 508.0 353.0 509.0 small-vehicle 1
332.0 506.0 341.0 507.0 339.0 524.0 332.0 525.0 small-vehicle 1
581.0 451.0 581.0 459.0 557.0 459.0 556.0 451.0 small-vehicle 1
412.0 458.0 421.0 456.0 419.0 476.0 412.0 476.0 small-vehicle 1
368.0 463.0 378.0 464.0 374.0 480.0 366.0 478.0 small-vehicle 1
353.0 464.0 361.0 464.0 362.0 482.0 354.0 483.0 small-vehicle 1
344.0 463.0 350.0 463.0 351.0 480.0 343.0 480.0 small-vehicle 1
333.0 462.0 342.0 461.0 342.0 479.0 335.0 480.0 small-vehicle 1
296.0 1001.0 288.0 995.0 303.0 983.0 308.0 990.0 small-vehicle 1
295.0 1054.0 302.0 1057.0 294.0 1074.0 288.0 1070.0 small-vehicle 1
1427.0 2345.0 1434.0 2349.0 1427.0 2364.0 1419.0 2360.0 small-vehicle 1
1373.0 955.0 1371.0 964.0 1350.0 958.0 1352.0 949.0 small-vehicle 1
1543.0 855.0 1546.0 862.0 1529.0 865.0 1526.0 858.0 small-vehicle 1
1433.0 848.0 1441.0 847.0 1441.0 870.0 1434.0 870.0 small-vehicle 1
1413.0 851.0 1404.0 851.0 1405.0 829.0 1413.0 829.0 small-vehicle 1
1431.0 723.0 1424.0 722.0 1425.0 703.0 1433.0 704.0 small-vehicle 1
1468.0 595.0 1468.0 586.0 1486.0 590.0 1486.0 597.0 small-vehicle 1
1488.0 556.0 1492.0 549.0 1509.0 566.0 1504.0 572.0 small-vehicle 1
1475.0 530.0 1481.0 526.0 1492.0 541.0 1485.0 546.0 small-vehicle 1
1452.0 537.0 1460.0 537.0 1459.0 557.0 1450.0 558.0 small-vehicle 1
1471.0 336.0 1479.0 337.0 1477.0 356.0 1470.0 355.0 small-vehicle 1
1448.0 350.0 1439.0 350.0 1442.0 326.0 1449.0 327.0 small-vehicle 1
1464.0 138.0 1454.0 138.0 1454.0 115.0 1463.0 115.0 small-vehicle 1
1482.0 126.0 1492.0 126.0 1490.0 149.0 1483.0 149.0 small-vehicle 1
1486.0 48.0 1496.0 46.0 1495.0 70.0 1485.0 70.0 small-vehicle 1
261.0 2326.0 256.0 2332.0 241.0 2322.0 244.0 2316.0 small-vehicle 1
71.0 2189.0 66.0 2196.0 50.0 2185.0 54.0 2177.0 small-vehicle 1
13.0 1894.0 5.0 1892.0 11.0 1876.0 18.0 1878.0 small-vehicle 1
17.0 1858.0 25.0 1862.0 20.0 1875.0 13.0 1873.0 small-vehicle 1
11.0 1812.0 0.0 1807.0 7.0 1790.0 17.0 1793.0 small-vehicle 1
78.0 1813.0 73.0 1821.0 57.0 1812.0 61.0 1804.0 small-vehicle 1
81.0 1802.0 78.0 1808.0 61.0 1801.0 63.0 1795.0 small-vehicle 1
48.0 1788.0 57.0 1789.0 55.0 1805.0 46.0 1804.0 small-vehicle 1
81.0 1791.0 76.0 1798.0 61.0 1791.0 64.0 1784.0 small-vehicle 1
83.0 1781.0 81.0 1789.0 61.0 1781.0 63.0 1773.0 small-vehicle 1
89.0 1774.0 86.0 1780.0 69.0 1773.0 70.0 1768.0 small-vehicle 1
91.0 1755.0 89.0 1764.0 71.0 1762.0 71.0 1754.0 small-vehicle 1
96.0 1744.0 94.0 1752.0 74.0 1750.0 75.0 1742.0 small-vehicle 1
90.0 1730.0 93.0 1739.0 75.0 1741.0 73.0 1733.0 small-vehicle 1
1549.0 900.0 1553.0 910.0 1530.0 913.0 1526.0 904.0 small-vehicle 1
1416.0 981.0 1408.0 981.0 1407.0 963.0 1415.0 963.0 small-vehicle 1
321.0 1077.0 312.0 1074.0 317.0 1056.0 326.0 1059.0 small-vehicle 1
1439.0 1018.0 1445.0 1017.0 1449.0 1037.0 1440.0 1037.0 small-vehicle 1
1417.0 2339.0 1410.0 2346.0 1394.0 2334.0 1400.0 2328.0 small-vehicle 1
1373.0 2323.0 1372.0 2331.0 1356.0 2328.0 1356.0 2320.0 small-vehicle 1
1337.0 2317.0 1337.0 2326.0 1316.0 2324.0 1317.0 2316.0 small-vehicle 1
1296.0 2316.0 1296.0 2325.0 1279.0 2322.0 1280.0 2313.0 small-vehicle 1
1269.0 2312.0 1269.0 2320.0 1248.0 2318.0 1248.0 2309.0 small-vehicle 1
1225.0 2306.0 1224.0 2313.0 1208.0 2311.0 1208.0 2305.0 small-vehicle 1
1185.0 2304.0 1184.0 2311.0 1165.0 2307.0 1166.0 2300.0 small-vehicle 1
1144.0 2291.0 1144.0 2283.0 1166.0 2285.0 1164.0 2293.0 small-vehicle 1
1187.0 2295.0 1188.0 2287.0 1207.0 2290.0 1206.0 2297.0 small-vehicle 1
1273.0 2305.0 1273.0 2296.0 1297.0 2300.0 1295.0 2308.0 small-vehicle 1
1396.0 2309.0 1392.0 2301.0 1412.0 2294.0 1415.0 2302.0 small-vehicle 1
1312.0 2291.0 1311.0 2299.0 1293.0 2297.0 1294.0 2289.0 small-vehicle 1
1365.0 2286.0 1367.0 2296.0 1344.0 2297.0 1342.0 2287.0 small-vehicle 1
1394.0 2279.0 1396.0 2288.0 1373.0 2293.0 1370.0 2283.0 small-vehicle 1
1390.0 2272.0 1389.0 2263.0 1406.0 2264.0 1407.0 2271.0 small-vehicle 1
1425.0 2267.0 1418.0 2274.0 1402.0 2261.0 1408.0 2255.0 small-vehicle 1
1413.0 2241.0 1422.0 2235.0 1430.0 2253.0 1425.0 2256.0 small-vehicle 1
1457.0 2211.0 1461.0 2202.0 1477.0 2210.0 1474.0 2218.0 small-vehicle 1
1562.0 2105.0 1552.0 2107.0 1550.0 2086.0 1559.0 2084.0 small-vehicle 1
1553.0 2016.0 1543.0 2016.0 1541.0 2000.0 1550.0 1998.0 small-vehicle 1
1528.0 1822.0 1519.0 1824.0 1515.0 1805.0 1524.0 1803.0 small-vehicle 1
1507.0 1681.0 1499.0 1682.0 1495.0 1663.0 1505.0 1662.0 small-vehicle 1
1488.0 1547.0 1482.0 1549.0 1478.0 1530.0 1486.0 1530.0 small-vehicle 1
1493.0 1488.0 1503.0 1487.0 1505.0 1508.0 1497.0 1509.0 small-vehicle 1
1455.0 1311.0 1446.0 1311.0 1444.0 1294.0 1453.0 1292.0 small-vehicle 1
1436.0 1167.0 1426.0 1169.0 1424.0 1150.0 1433.0 1147.0 small-vehicle 1
1401.0 1048.0 1392.0 1052.0 1383.0 1033.0 1390.0 1029.0 small-vehicle 1
83.0 1699.0 93.0 1703.0 85.0 1720.0 76.0 1717.0 small-vehicle 1
56.0 1732.0 47.0 1728.0 56.0 1710.0 64.0 1715.0 small-vehicle 1
49.0 1709.0 41.0 1705.0 50.0 1690.0 58.0 1694.0 small-vehicle 1
54.0 1656.0 49.0 1665.0 35.0 1658.0 38.0 1651.0 small-vehicle 1
256.0 1225.0 249.0 1222.0 256.0 1206.0 262.0 1208.0 small-vehicle 1
267.0 1201.0 259.0 1198.0 266.0 1181.0 275.0 1184.0 small-vehicle 1
277.0 1176.0 269.0 1173.0 275.0 1156.0 284.0 1160.0 small-vehicle 1
288.0 1153.0 280.0 1149.0 286.0 1133.0 294.0 1135.0 small-vehicle 1
181.0 1197.0 184.0 1189.0 198.0 1195.0 196.0 1203.0 small-vehicle 1
184.0 1183.0 187.0 1175.0 205.0 1181.0 201.0 1190.0 small-vehicle 1
188.0 1174.0 191.0 1165.0 208.0 1173.0 205.0 1181.0 small-vehicle 1
190.0 1164.0 194.0 1156.0 212.0 1162.0 209.0 1171.0 small-vehicle 1
194.0 1154.0 198.0 1146.0 216.0 1154.0 212.0 1161.0 small-vehicle 1
199.0 1145.0 201.0 1135.0 219.0 1144.0 216.0 1152.0 small-vehicle 1
223.0 1134.0 220.0 1141.0 201.0 1134.0 205.0 1127.0 small-vehicle 1
161.0 1099.0 171.0 1102.0 163.0 1120.0 155.0 1117.0 small-vehicle 1
136.0 1108.0 128.0 1105.0 133.0 1089.0 140.0 1091.0 small-vehicle 1
125.0 1085.0 132.0 1089.0 125.0 1103.0 117.0 1100.0 small-vehicle 1
106.0 1077.0 114.0 1080.0 105.0 1097.0 98.0 1092.0 small-vehicle 1
70.0 1015.0 66.0 1023.0 50.0 1016.0 55.0 1009.0 small-vehicle 1
75.0 1006.0 72.0 1013.0 56.0 1005.0 58.0 999.0 small-vehicle 1
80.0 996.0 78.0 1003.0 61.0 998.0 63.0 990.0 small-vehicle 1
85.0 987.0 80.0 994.0 66.0 989.0 69.0 981.0 small-vehicle 1
94.0 978.0 89.0 987.0 72.0 980.0 74.0 973.0 small-vehicle 1
95.0 969.0 92.0 977.0 76.0 970.0 78.0 962.0 small-vehicle 1
352.0 1062.0 348.0 1071.0 335.0 1064.0 338.0 1058.0 small-vehicle 1
330.0 1056.0 319.0 1053.0 328.0 1035.0 337.0 1038.0 small-vehicle 1
345.0 1089.0 352.0 1092.0 346.0 1110.0 337.0 1108.0 small-vehicle 1
311.0 1077.0 319.0 1079.0 311.0 1095.0 304.0 1091.0 small-vehicle 1
270.0 1060.0 277.0 1063.0 272.0 1079.0 265.0 1077.0 small-vehicle 1
280.0 1062.0 287.0 1064.0 282.0 1083.0 274.0 1080.0 small-vehicle 1
236.0 1183.0 239.0 1174.0 259.0 1183.0 255.0 1189.0 small-vehicle 1
233.0 1192.0 236.0 1183.0 253.0 1191.0 251.0 1200.0 small-vehicle 1
250.0 1200.0 247.0 1208.0 231.0 1200.0 233.0 1192.0 small-vehicle 1
83.0 1419.0 86.0 1410.0 102.0 1417.0 99.0 1424.0 small-vehicle 1
80.0 1644.0 72.0 1641.0 80.0 1620.0 87.0 1624.0 small-vehicle 1
155.0 1533.0 163.0 1537.0 157.0 1555.0 147.0 1552.0 small-vehicle 1
166.0 1509.0 174.0 1513.0 167.0 1531.0 158.0 1528.0 small-vehicle 1
177.0 1484.0 185.0 1487.0 178.0 1504.0 171.0 1501.0 small-vehicle 1
185.0 1460.0 195.0 1464.0 188.0 1483.0 179.0 1479.0 small-vehicle 1
139.0 1502.0 130.0 1499.0 139.0 1479.0 146.0 1483.0 small-vehicle 1
149.0 1479.0 140.0 1476.0 145.0 1462.0 154.0 1466.0 small-vehicle 1
158.0 1458.0 150.0 1453.0 157.0 1433.0 164.0 1437.0 small-vehicle 1
167.0 1434.0 160.0 1432.0 166.0 1415.0 173.0 1419.0 small-vehicle 1
199.0 1431.0 207.0 1436.0 200.0 1453.0 192.0 1449.0 small-vehicle 1
207.0 1412.0 214.0 1416.0 208.0 1433.0 200.0 1430.0 small-vehicle 1
175.0 1415.0 167.0 1411.0 175.0 1393.0 184.0 1397.0 small-vehicle 1
185.0 1367.0 192.0 1371.0 187.0 1385.0 179.0 1381.0 small-vehicle 1
247.0 1208.0 244.0 1216.0 225.0 1210.0 228.0 1200.0 small-vehicle 1
228.0 1363.0 235.0 1368.0 229.0 1385.0 220.0 1381.0 small-vehicle 1
237.0 1343.0 243.0 1347.0 237.0 1365.0 229.0 1361.0 small-vehicle 1
243.0 1324.0 252.0 1327.0 245.0 1345.0 237.0 1341.0 small-vehicle 1
211.0 1308.0 219.0 1311.0 212.0 1325.0 205.0 1322.0 small-vehicle 1
241.0 1241.0 249.0 1245.0 240.0 1259.0 234.0 1256.0 small-vehicle 1
279.0 1245.0 287.0 1247.0 281.0 1267.0 271.0 1262.0 small-vehicle 1
293.0 1207.0 301.0 1211.0 294.0 1231.0 285.0 1228.0 small-vehicle 1
315.0 1157.0 323.0 1161.0 315.0 1179.0 307.0 1176.0 small-vehicle 1
304.0 1184.0 313.0 1188.0 304.0 1206.0 296.0 1202.0 small-vehicle 1
246.0 1224.0 256.0 1229.0 250.0 1243.0 240.0 1240.0 small-vehicle 1
216.0 1231.0 219.0 1223.0 238.0 1231.0 235.0 1237.0 small-vehicle 1
243.0 1219.0 241.0 1227.0 223.0 1219.0 225.0 1212.0 small-vehicle 1
133.0 1857.0 202.0 1891.0 136.0 2034.0 68.0 2001.0 harbor 0
