imagesource:GoogleEarth
gsd:0.134494653644
276.0 706.0 328.0 735.0 250.0 891.0 191.0 864.0 tennis-court 0
378.0 143.0 431.0 172.0 349.0 330.0 290.0 299.0 tennis-court 0
286.0 404.0 362.0 442.0 277.0 602.0 206.0 563.0 tennis-court 0
378.0 451.0 452.0 490.0 370.0 648.0 296.0 609.0 tennis-court 0
467.0 498.0 542.0 537.0 461.0 694.0 386.0 656.0 tennis-court 0
557.0 543.0 633.0 584.0 552.0 742.0 477.0 702.0 tennis-court 0
649.0 592.0 723.0 630.0 642.0 788.0 568.0 749.0 tennis-court 0
528.0 838.0 603.0 877.0 521.0 1035.0 447.0 996.0 tennis-court 0
438.0 789.0 513.0 831.0 430.0 987.0 359.0 949.0 tennis-court 0
347.0 742.0 423.0 782.0 341.0 940.0 266.0 902.0 tennis-court 0
563.0 240.0 639.0 279.0 558.0 438.0 482.0 398.0 tennis-court 0
663.0 290.0 737.0 330.0 654.0 488.0 578.0 449.0 tennis-court 0
759.0 340.0 833.0 381.0 751.0 538.0 675.0 499.0 tennis-court 0
102.0 52.0 119.0 59.0 102.0 98.0 86.0 91.0 small-vehicle 1
83.0 98.0 100.0 106.0 85.0 138.0 71.0 131.0 small-vehicle 1
68.0 139.0 84.0 145.0 72.0 176.0 57.0 171.0 small-vehicle 1
49.0 188.0 66.0 194.0 55.0 226.0 39.0 221.0 small-vehicle 1
452.0 182.0 525.0 222.0 445.0 379.0 370.0 340.0 tennis-court 0
