imagesource:GoogleEarth
gsd:0.123097353752
1046.0 230.0 1041.0 211.0 1084.0 201.0 1088.0 219.0 small-vehicle 1
1035.0 184.0 1030.0 167.0 1063.0 157.0 1068.0 175.0 small-vehicle 1
1118.0 373.0 1123.0 389.0 1084.0 399.0 1079.0 382.0 small-vehicle 0
1096.0 290.0 1101.0 305.0 1067.0 315.0 1063.0 299.0 small-vehicle 0
1114.0 63.0 1110.0 45.0 1146.0 38.0 1151.0 55.0 small-vehicle 0
1033.0 160.0 1029.0 139.0 1065.0 134.0 1069.0 153.0 small-vehicle 0
881.0 124.0 970.0 103.0 1011.0 294.0 924.0 314.0 tennis-court 0
762.0 150.0 851.0 130.0 894.0 320.0 804.0 340.0 tennis-court 0
645.0 177.0 736.0 157.0 775.0 347.0 685.0 368.0 tennis-court 0
514.0 206.0 603.0 185.0 648.0 376.0 558.0 395.0 tennis-court 0
394.0 232.0 484.0 210.0 528.0 402.0 437.0 423.0 tennis-court 0
276.0 260.0 365.0 238.0 408.0 427.0 319.0 448.0 tennis-court 0
159.0 286.0 248.0 264.0 290.0 454.0 200.0 474.0 tennis-court 0
