imagesource:GoogleEarth
gsd:0.134570411038
514.0 24.0 525.0 42.0 496.0 59.0 484.0 43.0 small-vehicle 0
462.0 59.0 445.0 68.0 424.0 32.0 440.0 22.0 small-vehicle 0
20.0 387.0 9.0 371.0 38.0 349.0 49.0 365.0 small-vehicle 0
127.0 290.0 135.0 305.0 110.0 325.0 102.0 312.0 small-vehicle 0
230.0 218.0 238.0 234.0 208.0 254.0 200.0 241.0 small-vehicle 0
231.0 155.0 246.0 146.0 270.0 180.0 256.0 190.0 small-vehicle 0
142.0 222.0 153.0 214.0 172.0 243.0 160.0 251.0 small-vehicle 0
446.0 219.0 516.0 170.0 616.0 320.0 547.0 365.0 tennis-court 0
358.0 278.0 426.0 231.0 526.0 379.0 456.0 426.0 tennis-court 0
268.0 339.0 337.0 292.0 436.0 440.0 367.0 486.0 tennis-court 0
178.0 400.0 247.0 352.0 346.0 500.0 277.0 546.0 tennis-court 0
88.0 461.0 156.0 413.0 256.0 561.0 187.0 607.0 tennis-court 0
