imagesource:GoogleEarth
gsd:0.12739558034
728.0 38.0 743.0 32.0 754.0 70.0 737.0 76.0 small-vehicle 0
1.0 77.0 54.0 63.0 104.0 259.0 0.0 285.0 basketball-court 1
171.0 526.0 257.0 504.0 304.0 685.0 222.0 709.0 tennis-court 0
289.0 496.0 375.0 472.0 424.0 654.0 337.0 678.0 tennis-court 0
481.0 445.0 567.0 421.0 614.0 603.0 529.0 626.0 tennis-court 0
597.0 413.0 683.0 391.0 733.0 571.0 647.0 595.0 tennis-court 0
715.0 383.0 802.0 360.0 850.0 541.0 765.0 563.0 tennis-court 0
833.0 350.0 921.0 327.0 968.0 509.0 882.0 532.0 tennis-court 0
953.0 320.0 1038.0 296.0 1086.0 479.0 999.0 502.0 tennis-court 0
77.0 58.0 192.0 27.0 243.0 221.0 127.0 252.0 basketball-court 0
552.0 141.0 670.0 110.0 718.0 306.0 605.0 334.0 basketball-court 0
214.0 21.0 334.0 1.0 382.0 184.0 265.0 215.0 basketball-court 1
357.0 2.0 483.0 1.0 522.0 148.0 404.0 180.0 basketball-court 1
515.0 2.0 640.0 1.0 669.0 109.0 552.0 141.0 basketball-court 1
2.0 285.0 105.0 258.0 157.0 452.0 39.0 482.0 basketball-court 1
126.0 253.0 243.0 222.0 295.0 415.0 178.0 447.0 basketball-court 0
266.0 215.0 382.0 185.0 434.0 382.0 318.0 411.0 basketball-court 0
405.0 181.0 521.0 148.0 573.0 342.0 456.0 371.0 basketball-court 0
52.0 558.0 138.0 535.0 185.0 717.0 101.0 740.0 tennis-court 0
