imagesource:GoogleEarth
gsd:0.127644013603
63.0 59.0 48.0 65.0 34.0 25.0 48.0 19.0 small-vehicle 0
1180.0 959.0 1271.0 915.0 1350.0 1074.0 1258.0 1121.0 basketball-court 0
349.0 213.0 433.0 184.0 493.0 363.0 410.0 390.0 tennis-court 0
449.0 178.0 533.0 149.0 594.0 327.0 514.0 356.0 tennis-court 0
332.0 520.0 415.0 491.0 476.0 670.0 394.0 698.0 tennis-court 0
441.0 485.0 525.0 454.0 586.0 632.0 503.0 661.0 tennis-court 0
543.0 450.0 626.0 421.0 687.0 599.0 603.0 627.0 tennis-court 0
648.0 1223.0 807.0 1142.0 839.0 1208.0 679.0 1288.0 basketball-court 0
807.0 1143.0 965.0 1065.0 997.0 1131.0 840.0 1210.0 basketball-court 0
961.0 1061.0 1121.0 980.0 1160.0 1057.0 1000.0 1136.0 basketball-court 0
1293.0 904.0 1386.0 859.0 1464.0 1019.0 1373.0 1064.0 basketball-court 0
114.0 37.0 105.0 51.0 77.0 24.0 87.0 8.0 small-vehicle 0
1406.0 849.0 1497.0 804.0 1577.0 961.0 1484.0 1009.0 basketball-court 0
1265.0 1132.0 1425.0 1054.0 1471.0 1146.0 1310.0 1226.0 basketball-court 0
1325.0 1256.0 1484.0 1177.0 1529.0 1266.0 1370.0 1348.0 basketball-court 0
1425.0 1055.0 1584.0 977.0 1628.0 1067.0 1471.0 1148.0 basketball-court 0
1525.0 823.0 1617.0 777.0 1694.0 935.0 1602.0 983.0 basketball-court 0
1632.0 770.0 1724.0 723.0 1802.0 884.0 1711.0 930.0 basketball-court 0
1584.0 511.0 1777.0 420.0 1671.0 235.0 1489.0 311.0 baseball-diamond 0
99.0 73.0 84.0 81.0 62.0 46.0 75.0 37.0 small-vehicle 0
241.0 252.0 324.0 221.0 384.0 398.0 299.0 428.0 tennis-court 0
