imagesource:GoogleEarth
gsd:0.129014715063
677.0 353.0 667.0 334.0 709.0 314.0 719.0 334.0 small-vehicle 0
144.0 886.0 130.0 878.0 146.0 842.0 161.0 850.0 small-vehicle 0
124.0 880.0 108.0 874.0 125.0 834.0 140.0 841.0 small-vehicle 0
105.0 874.0 90.0 866.0 103.0 829.0 120.0 837.0 small-vehicle 0
89.0 863.0 71.0 855.0 85.0 817.0 104.0 826.0 small-vehicle 0
71.0 847.0 53.0 838.0 65.0 810.0 81.0 817.0 small-vehicle 0
49.0 841.0 30.0 831.0 44.0 800.0 62.0 809.0 small-vehicle 0
24.0 827.0 5.0 818.0 21.0 781.0 39.0 789.0 small-vehicle 0
664.0 302.0 667.0 282.0 753.0 285.0 752.0 304.0 large-vehicle 0
519.0 361.0 517.0 344.0 604.0 335.0 604.0 353.0 large-vehicle 0
449.0 394.0 448.0 377.0 531.0 370.0 533.0 388.0 large-vehicle 0
405.0 425.0 404.0 409.0 489.0 400.0 491.0 417.0 large-vehicle 0
357.0 519.0 341.0 511.0 379.0 436.0 395.0 443.0 large-vehicle 0
