imagesource:GoogleEarth
gsd:0.127076048526
1122.0 468.0 1135.0 477.0 1119.0 509.0 1106.0 500.0 small-vehicle 1
369.0 726.0 360.0 743.0 328.0 725.0 336.0 710.0 small-vehicle 0
1027.0 621.0 1044.0 629.0 1028.0 664.0 1013.0 658.0 small-vehicle 0
993.0 582.0 975.0 573.0 995.0 538.0 1012.0 548.0 small-vehicle 0
959.0 743.0 974.0 751.0 958.0 782.0 943.0 774.0 small-vehicle 0
205.0 629.0 196.0 648.0 163.0 629.0 172.0 613.0 small-vehicle 0
104.0 806.0 91.0 796.0 108.0 767.0 124.0 776.0 small-vehicle 0
84.0 841.0 71.0 832.0 88.0 803.0 102.0 811.0 small-vehicle 0
136.0 761.0 117.0 751.0 137.0 719.0 152.0 729.0 small-vehicle 0
576.0 847.0 568.0 862.0 537.0 844.0 546.0 828.0 small-vehicle 0
511.0 809.0 502.0 825.0 469.0 809.0 478.0 792.0 small-vehicle 0
466.0 775.0 456.0 793.0 424.0 772.0 433.0 756.0 small-vehicle 0
471.0 668.0 480.0 654.0 509.0 671.0 502.0 685.0 small-vehicle 0
92.0 566.0 84.0 582.0 49.0 562.0 59.0 547.0 small-vehicle 0
1113.0 374.0 1096.0 365.0 1116.0 329.0 1132.0 339.0 large-vehicle 0
171.0 613.0 162.0 629.0 129.0 609.0 139.0 594.0 small-vehicle 0
310.0 575.0 319.0 561.0 354.0 582.0 346.0 597.0 small-vehicle 0
205.0 516.0 213.0 500.0 248.0 521.0 239.0 536.0 small-vehicle 0
821.0 528.0 898.0 575.0 804.0 737.0 726.0 691.0 tennis-court 0
722.0 469.0 800.0 516.0 704.0 679.0 628.0 634.0 tennis-court 0
623.0 412.0 701.0 457.0 606.0 621.0 528.0 576.0 tennis-court 0
523.0 353.0 601.0 400.0 504.0 563.0 428.0 518.0 tennis-court 0
423.0 295.0 499.0 342.0 404.0 505.0 327.0 459.0 tennis-court 0
986.0 245.0 1062.0 291.0 968.0 455.0 891.0 410.0 tennis-court 0
701.0 314.0 776.0 186.0 857.0 236.0 787.0 362.0 swimming-pool 0
570.0 241.0 661.0 85.0 750.0 139.0 656.0 292.0 swimming-pool 0
1052.0 525.0 1066.0 533.0 1050.0 561.0 1037.0 553.0 small-vehicle 0
1015.0 538.0 1003.0 528.0 1019.0 504.0 1031.0 512.0 small-vehicle 0
1035.0 504.0 1021.0 495.0 1040.0 459.0 1055.0 469.0 small-vehicle 0
1099.0 505.0 1112.0 512.0 1093.0 545.0 1079.0 537.0 small-vehicle 0
1003.0 665.0 1018.0 674.0 1001.0 707.0 984.0 698.0 large-vehicle 0
967.0 624.0 948.0 615.0 966.0 583.0 983.0 590.0 large-vehicle 0
943.0 668.0 929.0 659.0 945.0 627.0 959.0 633.0 large-vehicle 0
918.0 713.0 902.0 704.0 921.0 668.0 937.0 676.0 large-vehicle 0
898.0 750.0 883.0 742.0 900.0 707.0 916.0 716.0 large-vehicle 0
867.0 800.0 856.0 792.0 873.0 757.0 887.0 766.0 large-vehicle 0
718.0 809.0 725.0 796.0 759.0 817.0 750.0 831.0 large-vehicle 0
672.0 784.0 680.0 769.0 713.0 789.0 704.0 803.0 large-vehicle 0
632.0 761.0 640.0 746.0 674.0 765.0 665.0 781.0 large-vehicle 0
594.0 740.0 603.0 725.0 637.0 746.0 628.0 761.0 large-vehicle 0
545.0 709.0 553.0 695.0 589.0 717.0 581.0 731.0 large-vehicle 0
507.0 687.0 516.0 672.0 549.0 691.0 539.0 706.0 large-vehicle 0
426.0 639.0 436.0 625.0 467.0 645.0 458.0 659.0 large-vehicle 0
318.0 695.0 309.0 712.0 275.0 692.0 285.0 675.0 large-vehicle 0
157.0 725.0 138.0 713.0 154.0 679.0 172.0 690.0 large-vehicle 0
266.0 669.0 259.0 684.0 222.0 662.0 230.0 646.0 large-vehicle 0
249.0 606.0 239.0 622.0 210.0 603.0 219.0 589.0 large-vehicle 0
260.0 547.0 268.0 531.0 298.0 546.0 291.0 561.0 large-vehicle 0
144.0 476.0 152.0 461.0 182.0 481.0 174.0 494.0 large-vehicle 0
1140.0 45.0 1124.0 36.0 1141.0 4.0 1158.0 12.0 small-vehicle 0
1139.0 335.0 1121.0 324.0 1140.0 289.0 1156.0 300.0 small-vehicle 0
1063.0 458.0 1048.0 448.0 1066.0 415.0 1080.0 424.0 small-vehicle 0
1086.0 419.0 1072.0 411.0 1088.0 380.0 1103.0 388.0 small-vehicle 0
247.0 407.0 347.0 247.0 177.0 151.0 79.0 318.0 baseball-diamond 0
