imagesource:GoogleEarth
gsd:0.1312608868
171.0 35.0 163.0 46.0 135.0 24.0 143.0 14.0 small-vehicle 0
859.0 556.0 928.0 602.0 832.0 756.0 758.0 709.0 tennis-court 0
609.0 467.0 656.0 397.0 807.0 498.0 761.0 569.0 tennis-court 0
548.0 560.0 594.0 489.0 745.0 591.0 698.0 662.0 tennis-court 0
467.0 680.0 514.0 610.0 665.0 710.0 620.0 782.0 tennis-court 0
406.0 773.0 453.0 703.0 603.0 805.0 557.0 874.0 tennis-court 0
171.0 620.0 218.0 550.0 371.0 651.0 324.0 722.0 tennis-court 0
233.0 527.0 280.0 457.0 432.0 557.0 385.0 629.0 tennis-court 0
312.0 407.0 359.0 335.0 513.0 437.0 465.0 507.0 tennis-court 0
372.0 313.0 420.0 242.0 574.0 344.0 527.0 415.0 tennis-court 0
