imagesource:GoogleEarth
gsd:0.126156099988
1847.0 163.0 1861.0 175.0 1841.0 211.0 1826.0 201.0 small-vehicle 1
2003.0 1893.0 2001.0 1927.0 1915.0 1918.0 1918.0 1886.0 ship 0
2009.0 1808.0 2006.0 1838.0 1913.0 1829.0 1916.0 1799.0 ship 0
2010.0 1765.0 2006.0 1800.0 1889.0 1785.0 1894.0 1752.0 ship 0
2014.0 1718.0 2012.0 1750.0 1917.0 1741.0 1921.0 1710.0 ship 0
2030.0 1671.0 2027.0 1708.0 1909.0 1699.0 1912.0 1662.0 ship 0
2040.0 1578.0 2039.0 1614.0 1925.0 1605.0 1928.0 1571.0 ship 0
2032.0 1537.0 2031.0 1571.0 1933.0 1561.0 1935.0 1529.0 ship 0
2235.0 1960.0 2232.0 1995.0 2150.0 1988.0 2151.0 1956.0 ship 0
2234.0 1924.0 2232.0 1955.0 2150.0 1945.0 2153.0 1916.0 ship 0
2251.0 1957.0 2253.0 1934.0 2321.0 1939.0 2317.0 1963.0 ship 0
2326.0 1898.0 2325.0 1924.0 2257.0 1919.0 2260.0 1895.0 ship 0
2241.0 1884.0 2239.0 1912.0 2165.0 1906.0 2167.0 1879.0 ship 0
2153.0 1867.0 2157.0 1842.0 2242.0 1851.0 2238.0 1878.0 ship 0
2255.0 1884.0 2256.0 1862.0 2324.0 1868.0 2321.0 1891.0 ship 0
2263.0 1849.0 2266.0 1828.0 2316.0 1833.0 2314.0 1854.0 ship 0
2258.0 1811.0 2259.0 1789.0 2329.0 1795.0 2326.0 1816.0 ship 0
2254.0 1810.0 2250.0 1843.0 2173.0 1834.0 2174.0 1806.0 ship 0
2249.0 1769.0 2248.0 1799.0 2171.0 1791.0 2172.0 1762.0 ship 0
2013.0 1848.0 2010.0 1887.0 1895.0 1875.0 1899.0 1833.0 ship 0
1888.0 1964.0 1891.0 1930.0 1985.0 1936.0 1982.0 1972.0 ship 0
1411.0 1840.0 1412.0 1820.0 1466.0 1823.0 1464.0 1841.0 ship 0
1629.0 1947.0 1633.0 1913.0 1727.0 1923.0 1723.0 1958.0 ship 0
1399.0 1928.0 1401.0 1902.0 1470.0 1906.0 1469.0 1932.0 ship 0
1378.0 1897.0 1376.0 1928.0 1275.0 1918.0 1278.0 1888.0 ship 0
1389.0 1767.0 1388.0 1800.0 1293.0 1792.0 1296.0 1761.0 ship 0
1388.0 1728.0 1387.0 1755.0 1305.0 1745.0 1308.0 1720.0 ship 0
1396.0 1601.0 1395.0 1634.0 1307.0 1627.0 1308.0 1598.0 ship 0
1395.0 1564.0 1392.0 1591.0 1315.0 1587.0 1318.0 1560.0 ship 0
1404.0 1480.0 1403.0 1511.0 1316.0 1504.0 1319.0 1475.0 ship 0
1409.0 1443.0 1408.0 1472.0 1322.0 1466.0 1324.0 1438.0 ship 0
1415.0 1364.0 1415.0 1394.0 1340.0 1388.0 1342.0 1358.0 ship 0
1789.0 1402.0 1789.0 1443.0 1623.0 1430.0 1625.0 1391.0 ship 0
1671.0 1481.0 1674.0 1446.0 1784.0 1459.0 1781.0 1496.0 ship 0
1662.0 1569.0 1664.0 1537.0 1752.0 1546.0 1751.0 1577.0 ship 0
1773.0 1580.0 1771.0 1620.0 1653.0 1605.0 1656.0 1570.0 ship 0
1648.0 1650.0 1651.0 1616.0 1760.0 1627.0 1756.0 1662.0 ship 0
1641.0 1729.0 1645.0 1696.0 1743.0 1704.0 1741.0 1741.0 ship 0
1626.0 1855.0 1630.0 1821.0 1731.0 1831.0 1728.0 1865.0 ship 0
1627.0 1904.0 1631.0 1869.0 1735.0 1878.0 1732.0 1913.0 ship 0
2267.0 1777.0 2270.0 1755.0 2327.0 1760.0 2323.0 1785.0 ship 0
2244.0 1731.0 2243.0 1761.0 2168.0 1756.0 2170.0 1726.0 ship 0
2174.0 1715.0 2175.0 1689.0 2245.0 1694.0 2242.0 1723.0 ship 0
2258.0 1657.0 2256.0 1683.0 2182.0 1676.0 2184.0 1649.0 ship 0
2810.0 1379.0 2819.0 1361.0 2879.0 1395.0 2868.0 1415.0 ship 0
2745.0 1339.0 2755.0 1319.0 2807.0 1352.0 2794.0 1370.0 ship 0
2786.0 1390.0 2775.0 1411.0 2731.0 1380.0 2743.0 1360.0 ship 0
2391.0 1434.0 2408.0 1403.0 2514.0 1468.0 2494.0 1504.0 ship 0
2501.0 1434.0 2513.0 1413.0 2562.0 1444.0 2550.0 1466.0 ship 0
2515.0 1402.0 2525.0 1383.0 2581.0 1417.0 2568.0 1437.0 ship 0
2535.0 1377.0 2545.0 1356.0 2597.0 1388.0 2587.0 1410.0 ship 0
2550.0 1344.0 2559.0 1326.0 2612.0 1360.0 2603.0 1377.0 ship 0
2583.0 1287.0 2592.0 1268.0 2649.0 1301.0 2640.0 1318.0 ship 0
2621.0 1231.0 2631.0 1212.0 2691.0 1249.0 2679.0 1268.0 ship 0
2611.0 1195.0 2599.0 1218.0 2542.0 1184.0 2554.0 1162.0 ship 0
2511.0 1362.0 2499.0 1386.0 2437.0 1347.0 2450.0 1324.0 ship 0
2139.0 1344.0 2158.0 1311.0 2271.0 1387.0 2250.0 1421.0 ship 0
2230.0 1332.0 2240.0 1314.0 2297.0 1352.0 2285.0 1371.0 ship 0
2142.0 1278.0 2157.0 1251.0 2227.0 1298.0 2213.0 1325.0 ship 0
2246.0 1297.0 2257.0 1278.0 2311.0 1315.0 2300.0 1333.0 ship 0
2265.0 1265.0 2276.0 1245.0 2345.0 1287.0 2332.0 1310.0 ship 0
2793.0 1408.0 2803.0 1387.0 2859.0 1423.0 2847.0 1441.0 ship 0
2772.0 1439.0 2783.0 1416.0 2845.0 1453.0 2833.0 1477.0 ship 0
2732.0 1470.0 2721.0 1491.0 2669.0 1457.0 2681.0 1438.0 ship 0
2504.0 1776.0 2506.0 1753.0 2576.0 1759.0 2575.0 1782.0 ship 0
2279.0 1676.0 2282.0 1651.0 2337.0 1657.0 2335.0 1681.0 ship 0
2275.0 1641.0 2276.0 1619.0 2336.0 1624.0 2335.0 1646.0 ship 0
2347.0 1569.0 2347.0 1604.0 2208.0 1598.0 2210.0 1560.0 ship 0
2435.0 1658.0 2433.0 1623.0 2549.0 1631.0 2548.0 1668.0 ship 0
2500.0 1682.0 2498.0 1704.0 2433.0 1696.0 2435.0 1674.0 ship 0
2511.0 1707.0 2512.0 1683.0 2575.0 1688.0 2574.0 1712.0 ship 0
2521.0 1740.0 2521.0 1714.0 2570.0 1720.0 2567.0 1745.0 ship 0
2502.0 1813.0 2503.0 1789.0 2571.0 1795.0 2569.0 1819.0 ship 0
2739.0 1501.0 2748.0 1481.0 2811.0 1518.0 2801.0 1538.0 ship 0
2500.0 1843.0 2502.0 1820.0 2561.0 1826.0 2559.0 1849.0 ship 0
2486.0 1789.0 2485.0 1812.0 2430.0 1803.0 2432.0 1783.0 ship 0
2484.0 1823.0 2484.0 1844.0 2419.0 1835.0 2422.0 1814.0 ship 0
2420.0 1872.0 2420.0 1849.0 2483.0 1854.0 2481.0 1879.0 ship 0
2494.0 1913.0 2495.0 1890.0 2560.0 1893.0 2557.0 1917.0 ship 0
2408.0 2007.0 2408.0 1985.0 2463.0 1987.0 2463.0 2011.0 ship 0
2787.0 1554.0 2771.0 1594.0 2651.0 1519.0 2672.0 1484.0 ship 0
1399.0 1882.0 1401.0 1859.0 1471.0 1865.0 1469.0 1889.0 ship 0
1411.0 1808.0 1412.0 1783.0 1481.0 1786.0 1479.0 1811.0 ship 0
2265.0 1228.0 2252.0 1253.0 2190.0 1212.0 2203.0 1189.0 ship 0
222.0 758.0 238.0 728.0 320.0 773.0 300.0 805.0 ship 0
269.0 676.0 285.0 645.0 372.0 692.0 355.0 725.0 ship 0
299.0 630.0 316.0 604.0 392.0 653.0 375.0 678.0 ship 0
317.0 594.0 335.0 561.0 415.0 611.0 397.0 642.0 ship 0
345.0 556.0 361.0 525.0 444.0 572.0 426.0 604.0 ship 0
369.0 514.0 383.0 483.0 482.0 535.0 464.0 569.0 ship 0
392.0 472.0 411.0 438.0 501.0 491.0 482.0 528.0 ship 0
422.0 438.0 441.0 403.0 509.0 445.0 493.0 478.0 ship 0
766.0 603.0 748.0 632.0 648.0 571.0 668.0 541.0 ship 0
899.0 672.0 881.0 704.0 779.0 640.0 798.0 610.0 ship 0
766.0 685.0 783.0 652.0 861.0 702.0 844.0 734.0 ship 0
643.0 623.0 660.0 596.0 741.0 648.0 723.0 675.0 ship 0
739.0 717.0 755.0 693.0 820.0 735.0 807.0 760.0 ship 0
669.0 828.0 687.0 802.0 762.0 852.0 747.0 876.0 ship 0
650.0 866.0 667.0 837.0 736.0 881.0 718.0 911.0 ship 0
602.0 943.0 622.0 915.0 696.0 964.0 680.0 988.0 ship 0
578.0 980.0 598.0 951.0 672.0 1002.0 656.0 1029.0 ship 0
563.0 1017.0 580.0 991.0 648.0 1035.0 631.0 1060.0 ship 0
242.0 711.0 260.0 681.0 348.0 741.0 331.0 770.0 ship 0
192.0 793.0 208.0 762.0 295.0 813.0 276.0 843.0 ship 0
1406.0 1766.0 1409.0 1740.0 1482.0 1747.0 1479.0 1775.0 ship 0
108.0 861.0 130.0 824.0 237.0 892.0 217.0 928.0 ship 0
602.0 1115.0 407.0 997.0 677.0 551.0 872.0 672.0 harbor 0
371.0 1280.0 397.0 1280.0 403.0 1531.0 378.0 1532.0 harbor 0
374.0 1527.0 400.0 1532.0 345.0 1891.0 318.0 1889.0 harbor 0
914.0 1327.0 732.0 1201.0 1032.0 720.0 1200.0 829.0 harbor 0
1202.0 826.0 1117.0 768.0 1331.0 415.0 1428.0 472.0 harbor 0
1405.0 1127.0 1247.0 1028.0 1542.0 538.0 1710.0 640.0 harbor 0
1731.0 1211.0 1580.0 1125.0 1816.0 706.0 1967.0 785.0 harbor 0
2002.0 1311.0 1855.0 1218.0 2071.0 876.0 2216.0 961.0 harbor 0
2278.0 1383.0 2143.0 1298.0 2313.0 1014.0 2453.0 1096.0 harbor 0
2542.0 1483.0 2410.0 1402.0 2547.0 1154.0 2687.0 1241.0 harbor 0
2782.0 1549.0 2661.0 1477.0 2771.0 1295.0 2894.0 1363.0 harbor 0
2438.0 1660.0 2576.0 1672.0 2547.0 2014.0 2406.0 2000.0 harbor 0
2189.0 1593.0 2340.0 1603.0 2305.0 1992.0 2152.0 1979.0 harbor 0
1931.0 1511.0 2071.0 1523.0 2032.0 1971.0 1885.0 1958.0 harbor 0
1638.0 1430.0 1792.0 1443.0 1749.0 1955.0 1597.0 1942.0 harbor 0
1332.0 1338.0 1516.0 1356.0 1471.0 1932.0 1282.0 1912.0 harbor 0
947.0 1256.0 1193.0 1280.0 1147.0 1906.0 902.0 1885.0 harbor 0
528.0 1048.0 546.0 1019.0 634.0 1079.0 616.0 1106.0 ship 0
440.0 1059.0 456.0 1028.0 565.0 1091.0 547.0 1125.0 ship 0
531.0 1008.0 513.0 1038.0 423.0 981.0 440.0 952.0 ship 0
582.0 923.0 566.0 952.0 465.0 892.0 483.0 863.0 ship 0
1088.0 1553.0 1088.0 1521.0 1179.0 1527.0 1175.0 1561.0 ship 0
1099.0 1474.0 1100.0 1444.0 1179.0 1450.0 1180.0 1481.0 ship 0
1114.0 1396.0 1116.0 1369.0 1188.0 1375.0 1184.0 1405.0 ship 0
1110.0 1361.0 1113.0 1329.0 1193.0 1335.0 1190.0 1368.0 ship 0
1110.0 1319.0 1112.0 1290.0 1194.0 1298.0 1193.0 1327.0 ship 0
1194.0 1247.0 1196.0 1283.0 1092.0 1284.0 1090.0 1247.0 ship 0
1344.0 1332.0 1354.0 1287.0 1496.0 1315.0 1487.0 1358.0 ship 0
1443.0 1393.0 1445.0 1367.0 1512.0 1371.0 1512.0 1398.0 ship 0
1516.0 1410.0 1514.0 1440.0 1435.0 1434.0 1436.0 1404.0 ship 0
1439.0 1465.0 1440.0 1442.0 1504.0 1446.0 1503.0 1470.0 ship 0
1429.0 1503.0 1429.0 1474.0 1504.0 1479.0 1503.0 1509.0 ship 0
1431.0 1539.0 1432.0 1516.0 1497.0 1523.0 1496.0 1547.0 ship 0
1425.0 1576.0 1427.0 1552.0 1497.0 1559.0 1494.0 1583.0 ship 0
1421.0 1612.0 1422.0 1587.0 1495.0 1592.0 1493.0 1619.0 ship 0
1416.0 1651.0 1417.0 1624.0 1486.0 1629.0 1483.0 1656.0 ship 0
1417.0 1689.0 1418.0 1664.0 1487.0 1670.0 1484.0 1694.0 ship 0
1411.0 1729.0 1412.0 1701.0 1485.0 1708.0 1481.0 1735.0 ship 0
1085.0 1628.0 1086.0 1603.0 1164.0 1610.0 1163.0 1636.0 ship 0
1067.0 1588.0 1066.0 1621.0 961.0 1616.0 962.0 1580.0 ship 0
1059.0 1633.0 1058.0 1672.0 942.0 1660.0 946.0 1623.0 ship 0
855.0 1020.0 872.0 994.0 944.0 1039.0 927.0 1067.0 ship 0
511.0 864.0 532.0 828.0 609.0 877.0 590.0 909.0 ship 0
636.0 834.0 615.0 867.0 527.0 807.0 546.0 774.0 ship 0
671.0 789.0 652.0 825.0 547.0 762.0 566.0 728.0 ship 0
569.0 713.0 589.0 681.0 683.0 743.0 663.0 774.0 ship 0
615.0 680.0 631.0 653.0 711.0 704.0 696.0 734.0 ship 0
762.0 1145.0 777.0 1113.0 863.0 1163.0 847.0 1198.0 ship 0
919.0 1084.0 904.0 1115.0 827.0 1062.0 844.0 1034.0 ship 0
426.0 1356.0 393.0 1358.0 393.0 1280.0 425.0 1278.0 ship 0
1077.0 1669.0 1080.0 1637.0 1166.0 1646.0 1165.0 1677.0 ship 0
396.0 1384.0 426.0 1381.0 431.0 1457.0 400.0 1460.0 ship 0
428.0 1555.0 403.0 1558.0 398.0 1488.0 424.0 1486.0 ship 0
380.0 1709.0 362.0 1684.0 426.0 1623.0 447.0 1647.0 ship 0
1062.0 1902.0 1063.0 1871.0 1147.0 1880.0 1145.0 1909.0 ship 0
1045.0 1796.0 1044.0 1834.0 898.0 1825.0 902.0 1784.0 ship 0
1059.0 1686.0 1057.0 1723.0 941.0 1715.0 945.0 1679.0 ship 0
1081.0 1707.0 1084.0 1677.0 1162.0 1683.0 1162.0 1714.0 ship 0
2288.0 1236.0 2300.0 1216.0 2362.0 1254.0 2350.0 1277.0 ship 0
2300.0 1147.0 2289.0 1166.0 2241.0 1136.0 2252.0 1117.0 ship 0
2030.0 902.0 2052.0 866.0 2189.0 941.0 2169.0 979.0 ship 0
2114.0 2176.0 2131.0 2176.0 2128.0 2215.0 2111.0 2213.0 small-vehicle 0
2068.0 2173.0 2086.0 2174.0 2082.0 2211.0 2064.0 2210.0 small-vehicle 0
2047.0 2170.0 2065.0 2169.0 2063.0 2204.0 2046.0 2204.0 small-vehicle 0
2487.0 2219.0 2487.0 2200.0 2528.0 2203.0 2526.0 2222.0 small-vehicle 0
2540.0 2221.0 2544.0 2201.0 2590.0 2211.0 2585.0 2230.0 small-vehicle 0
2597.0 2229.0 2594.0 2213.0 2633.0 2209.0 2635.0 2227.0 small-vehicle 0
2661.0 2232.0 2663.0 2216.0 2703.0 2220.0 2701.0 2237.0 small-vehicle 0
3046.0 1110.0 3037.0 1130.0 2995.0 1105.0 3006.0 1087.0 small-vehicle 0
3024.0 1066.0 3031.0 1051.0 3066.0 1072.0 3058.0 1087.0 small-vehicle 0
3090.0 1040.0 3082.0 1053.0 3045.0 1032.0 3052.0 1016.0 small-vehicle 0
3055.0 1009.0 3065.0 997.0 3097.0 1016.0 3088.0 1030.0 small-vehicle 0
2718.0 684.0 2735.0 693.0 2717.0 727.0 2699.0 718.0 small-vehicle 0
2691.0 602.0 2681.0 620.0 2645.0 599.0 2654.0 584.0 small-vehicle 0
2741.0 694.0 2758.0 703.0 2736.0 739.0 2721.0 729.0 small-vehicle 0
2760.0 705.0 2776.0 714.0 2756.0 752.0 2738.0 742.0 small-vehicle 0
2917.0 799.0 2934.0 809.0 2914.0 845.0 2897.0 835.0 small-vehicle 0
2937.0 814.0 2953.0 822.0 2938.0 854.0 2921.0 844.0 small-vehicle 0
2954.0 825.0 2971.0 834.0 2952.0 872.0 2937.0 862.0 small-vehicle 0
2090.0 2176.0 2110.0 2179.0 2105.0 2216.0 2087.0 2214.0 small-vehicle 0
2135.0 2178.0 2153.0 2180.0 2150.0 2217.0 2132.0 2215.0 small-vehicle 0
1279.0 2118.0 1298.0 2119.0 1294.0 2155.0 1277.0 2153.0 small-vehicle 0
2183.0 2182.0 2201.0 2182.0 2200.0 2219.0 2184.0 2219.0 small-vehicle 0
1324.0 2123.0 1340.0 2123.0 1338.0 2162.0 1323.0 2159.0 small-vehicle 0
1345.0 2126.0 1364.0 2128.0 1362.0 2164.0 1345.0 2162.0 small-vehicle 0
1396.0 2125.0 1415.0 2127.0 1415.0 2171.0 1395.0 2170.0 small-vehicle 0
1328.0 2208.0 1327.0 2230.0 1286.0 2227.0 1288.0 2206.0 small-vehicle 0
1434.0 2242.0 1425.0 2260.0 1385.0 2240.0 1394.0 2221.0 small-vehicle 0
1486.0 2252.0 1484.0 2269.0 1447.0 2266.0 1449.0 2248.0 small-vehicle 0
1595.0 2259.0 1594.0 2280.0 1547.0 2277.0 1548.0 2259.0 small-vehicle 0
1717.0 2179.0 1700.0 2177.0 1700.0 2145.0 1717.0 2147.0 small-vehicle 0
1725.0 2144.0 1742.0 2146.0 1740.0 2179.0 1725.0 2178.0 small-vehicle 0
1789.0 2148.0 1809.0 2149.0 1804.0 2186.0 1786.0 2185.0 small-vehicle 0
1854.0 2156.0 1872.0 2156.0 1872.0 2195.0 1855.0 2196.0 small-vehicle 0
1916.0 2155.0 1938.0 2159.0 1935.0 2211.0 1912.0 2208.0 small-vehicle 0
1840.0 2259.0 1837.0 2277.0 1798.0 2272.0 1799.0 2255.0 small-vehicle 0
2081.0 2272.0 2081.0 2293.0 2034.0 2288.0 2034.0 2271.0 small-vehicle 0
2135.0 2284.0 2136.0 2302.0 2102.0 2301.0 2101.0 2285.0 small-vehicle 0
2194.0 2289.0 2192.0 2305.0 2155.0 2301.0 2155.0 2284.0 small-vehicle 0
2161.0 2179.0 2178.0 2182.0 2174.0 2216.0 2159.0 2214.0 small-vehicle 0
2446.0 459.0 2438.0 475.0 2403.0 455.0 2413.0 438.0 small-vehicle 0
2251.0 451.0 2259.0 435.0 2298.0 458.0 2289.0 474.0 small-vehicle 0
2395.0 516.0 2383.0 535.0 2339.0 506.0 2349.0 489.0 small-vehicle 0
2312.0 643.0 2301.0 661.0 2265.0 640.0 2274.0 622.0 small-vehicle 0
1077.0 1848.0 1080.0 1832.0 1110.0 1836.0 1109.0 1850.0 ship 0
1090.0 2123.0 1170.0 2123.0 1170.0 2199.0 1090.0 2199.0 roundabout 0
2033.0 1726.0 2051.0 1726.0 2049.0 1764.0 2034.0 1762.0 ship 0
2064.0 1634.0 2047.0 1631.0 2051.0 1589.0 2069.0 1592.0 ship 0
2332.0 606.0 2319.0 621.0 2290.0 600.0 2302.0 583.0 small-vehicle 1
2344.0 582.0 2334.0 600.0 2300.0 577.0 2308.0 559.0 small-vehicle 1
3140.0 945.0 3134.0 957.0 3108.0 942.0 3116.0 928.0 small-vehicle 1
3132.0 1869.0 3124.0 1885.0 3074.0 1862.0 3082.0 1845.0 large-vehicle 0
2359.0 2211.0 2362.0 2190.0 2411.0 2196.0 2410.0 2212.0 large-vehicle 0
2313.0 2246.0 2314.0 2262.0 2273.0 2264.0 2272.0 2248.0 small-vehicle 1
508.0 483.0 494.0 477.0 510.0 450.0 521.0 460.0 ship 0
2149.0 1943.0 2143.0 1986.0 2043.0 1973.0 2048.0 1930.0 ship 0
1345.0 1120.0 1359.0 1102.0 1401.0 1125.0 1389.0 1146.0 ship 0
1113.0 757.0 1105.0 769.0 1075.0 752.0 1084.0 740.0 ship 0
1135.0 748.0 1126.0 760.0 1099.0 743.0 1109.0 730.0 ship 0
1318.0 484.0 1338.0 454.0 1417.0 503.0 1399.0 532.0 ship 0
2021.0 965.0 2034.0 971.0 2023.0 993.0 2011.0 986.0 ship 0
1589.0 1854.0 1609.0 1857.0 1605.0 1895.0 1581.0 1894.0 ship 0
2436.0 1565.0 2427.0 1548.0 2455.0 1533.0 2463.0 1547.0 ship 0
2178.0 1440.0 2179.0 1464.0 2128.0 1461.0 2129.0 1436.0 ship 0
279.0 587.0 292.0 596.0 281.0 616.0 264.0 607.0 ship 0
2321.0 625.0 2311.0 640.0 2273.0 620.0 2283.0 602.0 small-vehicle 1
2196.0 542.0 2205.0 527.0 2240.0 548.0 2232.0 563.0 small-vehicle 1
2177.0 581.0 2188.0 566.0 2216.0 583.0 2208.0 598.0 small-vehicle 1
1981.0 175.0 1969.0 194.0 1931.0 167.0 1941.0 152.0 small-vehicle 1
1787.0 130.0 1807.0 142.0 1785.0 178.0 1765.0 167.0 small-vehicle 0
1825.0 151.0 1841.0 162.0 1821.0 196.0 1806.0 188.0 small-vehicle 0
675.0 497.0 656.0 522.0 571.0 465.0 587.0 439.0 ship 0
239.0 654.0 256.0 665.0 236.0 688.0 221.0 678.0 ship 0
1651.0 766.0 1639.0 760.0 1648.0 739.0 1663.0 745.0 ship 0
206.0 703.0 222.0 716.0 207.0 735.0 190.0 725.0 ship 0
184.0 738.0 199.0 747.0 185.0 773.0 167.0 763.0 ship 0
401.0 1015.0 412.0 997.0 450.0 1024.0 438.0 1038.0 ship 0
142.0 800.0 159.0 813.0 146.0 833.0 128.0 823.0 ship 0
1727.0 609.0 1719.0 625.0 1686.0 608.0 1697.0 587.0 ship 0
1809.0 671.0 1798.0 679.0 1779.0 659.0 1790.0 649.0 ship 0
1877.0 717.0 1886.0 708.0 1903.0 726.0 1893.0 735.0 ship 0
1302.0 2123.0 1320.0 2125.0 1319.0 2159.0 1302.0 2157.0 small-vehicle 0
1255.0 2119.0 1274.0 2119.0 1271.0 2153.0 1254.0 2152.0 small-vehicle 0
2299.0 1204.0 2311.0 1181.0 2375.0 1220.0 2364.0 1244.0 ship 0
1569.0 1158.0 1585.0 1127.0 1748.0 1223.0 1734.0 1254.0 ship 0
1659.0 989.0 1676.0 960.0 1750.0 1007.0 1732.0 1033.0 ship 0
1772.0 973.0 1758.0 1002.0 1683.0 955.0 1700.0 926.0 ship 0
1815.0 897.0 1800.0 927.0 1722.0 875.0 1738.0 850.0 ship 0
1756.0 843.0 1771.0 818.0 1835.0 860.0 1821.0 885.0 ship 0
1863.0 829.0 1847.0 857.0 1777.0 811.0 1795.0 784.0 ship 0
1885.0 793.0 1873.0 820.0 1796.0 774.0 1813.0 746.0 ship 0
1903.0 750.0 1888.0 782.0 1811.0 735.0 1826.0 705.0 ship 0
1617.0 618.0 1633.0 592.0 1711.0 641.0 1693.0 667.0 ship 0
1559.0 717.0 1571.0 693.0 1646.0 736.0 1631.0 764.0 ship 0
1541.0 753.0 1556.0 725.0 1635.0 769.0 1619.0 799.0 ship 0
1490.0 855.0 1503.0 832.0 1570.0 869.0 1556.0 894.0 ship 0
1461.0 881.0 1477.0 856.0 1544.0 898.0 1529.0 926.0 ship 0
1449.0 919.0 1461.0 896.0 1530.0 936.0 1516.0 960.0 ship 0
1426.0 946.0 1440.0 924.0 1501.0 964.0 1489.0 986.0 ship 0
1487.0 996.0 1471.0 1022.0 1398.0 976.0 1415.0 952.0 ship 0
1465.0 1029.0 1451.0 1054.0 1389.0 1012.0 1403.0 988.0 ship 0
1363.0 1042.0 1377.0 1019.0 1447.0 1058.0 1431.0 1085.0 ship 0
1678.0 1129.0 1665.0 1157.0 1587.0 1111.0 1603.0 1086.0 ship 0
1677.0 1167.0 1691.0 1145.0 1741.0 1175.0 1727.0 1198.0 ship 0
1235.0 2117.0 1250.0 2117.0 1249.0 2155.0 1231.0 2153.0 small-vehicle 0
1755.0 1040.0 1787.0 1060.0 1729.0 1167.0 1693.0 1145.0 ship 0
2325.0 1174.0 2338.0 1155.0 2400.0 1198.0 2387.0 1217.0 ship 0
2336.0 1144.0 2349.0 1120.0 2411.0 1160.0 2397.0 1182.0 ship 0
2361.0 1116.0 2372.0 1095.0 2426.0 1128.0 2414.0 1151.0 ship 0
2376.0 1082.0 2388.0 1059.0 2450.0 1097.0 2437.0 1120.0 ship 0
2362.0 1043.0 2351.0 1065.0 2295.0 1028.0 2306.0 1009.0 ship 0
2339.0 1089.0 2328.0 1109.0 2265.0 1070.0 2279.0 1050.0 ship 0
2324.0 1123.0 2311.0 1147.0 2255.0 1112.0 2270.0 1088.0 ship 0
1991.0 1310.0 1969.0 1348.0 1854.0 1271.0 1877.0 1234.0 ship 0
1884.0 1214.0 1901.0 1185.0 1996.0 1245.0 1980.0 1276.0 ship 0
1902.0 1172.0 1919.0 1139.0 2041.0 1212.0 2021.0 1248.0 ship 0
1933.0 1128.0 1955.0 1092.0 2066.0 1168.0 2045.0 1205.0 ship 0
2082.0 1118.0 2066.0 1151.0 1968.0 1087.0 1989.0 1053.0 ship 0
2111.0 1076.0 2097.0 1110.0 1993.0 1049.0 2014.0 1016.0 ship 0
2142.0 1026.0 2127.0 1064.0 2019.0 999.0 2040.0 964.0 ship 0
2176.0 988.0 2158.0 1023.0 2043.0 954.0 2064.0 920.0 ship 0
1885.0 905.0 1853.0 880.0 1912.0 772.0 1947.0 792.0 ship 0
1815.0 1005.0 1789.0 985.0 1840.0 896.0 1868.0 913.0 ship 0
1351.0 1077.0 1363.0 1056.0 1434.0 1103.0 1423.0 1124.0 ship 0
1364.0 1109.0 1339.0 1143.0 1218.0 1058.0 1240.0 1024.0 ship 0
1343.0 1037.0 1329.0 1066.0 1252.0 1017.0 1270.0 990.0 ship 0
1368.0 1002.0 1352.0 1029.0 1272.0 977.0 1290.0 949.0 ship 0
1054.0 914.0 1068.0 889.0 1135.0 929.0 1120.0 955.0 ship 0
1028.0 941.0 1042.0 918.0 1121.0 966.0 1105.0 992.0 ship 0
1094.0 995.0 1079.0 1022.0 1010.0 977.0 1025.0 952.0 ship 0
974.0 1003.0 955.0 1034.0 874.0 977.0 895.0 947.0 ship 0
921.0 943.0 938.0 920.0 1001.0 962.0 984.0 986.0 ship 0
1032.0 916.0 1014.0 947.0 928.0 896.0 949.0 866.0 ship 0
1056.0 878.0 1039.0 909.0 949.0 852.0 971.0 817.0 ship 0
1084.0 832.0 1066.0 863.0 978.0 806.0 999.0 774.0 ship 0
1024.0 765.0 1039.0 739.0 1109.0 783.0 1091.0 810.0 ship 0
54.0 109.0 45.0 122.0 8.0 99.0 18.0 84.0 small-vehicle 0
23.0 261.0 37.0 269.0 20.0 297.0 7.0 290.0 small-vehicle 0
421.0 51.0 404.0 41.0 422.0 9.0 438.0 17.0 small-vehicle 0
439.0 62.0 422.0 54.0 440.0 19.0 457.0 26.0 small-vehicle 0
520.0 61.0 535.0 69.0 513.0 109.0 496.0 98.0 small-vehicle 0
552.0 130.0 533.0 122.0 551.0 85.0 569.0 96.0 small-vehicle 0
587.0 1.0 604.0 10.0 585.0 41.0 570.0 32.0 small-vehicle 0
1250.0 2202.0 1249.0 2225.0 1199.0 2219.0 1202.0 2200.0 small-vehicle 0
1083.0 884.0 1096.0 863.0 1158.0 902.0 1144.0 926.0 ship 0
1097.0 849.0 1109.0 831.0 1173.0 874.0 1163.0 892.0 ship 0
1112.0 815.0 1128.0 793.0 1196.0 836.0 1183.0 860.0 ship 0
1570.0 657.0 1556.0 681.0 1485.0 637.0 1500.0 612.0 ship 0
1393.0 966.0 1379.0 994.0 1303.0 943.0 1322.0 915.0 ship 0
1412.0 927.0 1395.0 954.0 1319.0 905.0 1339.0 878.0 ship 0
1437.0 889.0 1421.0 920.0 1343.0 869.0 1361.0 841.0 ship 0
1452.0 851.0 1437.0 879.0 1368.0 832.0 1383.0 807.0 ship 0
1480.0 814.0 1462.0 844.0 1388.0 793.0 1407.0 764.0 ship 0
1419.0 759.0 1435.0 734.0 1503.0 775.0 1485.0 802.0 ship 0
1547.0 697.0 1533.0 727.0 1453.0 679.0 1470.0 650.0 ship 0
1520.0 563.0 1537.0 532.0 1612.0 578.0 1595.0 609.0 ship 0
1148.0 751.0 1164.0 723.0 1237.0 767.0 1221.0 795.0 ship 0
1299.0 515.0 1315.0 490.0 1387.0 535.0 1370.0 560.0 ship 0
1277.0 557.0 1293.0 530.0 1360.0 569.0 1346.0 596.0 ship 0
1254.0 590.0 1270.0 564.0 1335.0 600.0 1320.0 626.0 ship 0
1235.0 622.0 1250.0 596.0 1320.0 640.0 1305.0 666.0 ship 0
1215.0 652.0 1231.0 627.0 1301.0 670.0 1286.0 699.0 ship 0
1196.0 685.0 1211.0 660.0 1282.0 709.0 1269.0 733.0 ship 0
1172.0 716.0 1189.0 689.0 1259.0 736.0 1244.0 763.0 ship 0
252.0 904.0 142.0 831.0 403.0 391.0 521.0 462.0 harbor 0
