imagesource:GoogleEarth
gsd:0.134242719916
129.0 918.0 142.0 930.0 117.0 961.0 104.0 949.0 small-vehicle 1
91.0 827.0 74.0 815.0 99.0 782.0 115.0 793.0 small-vehicle 1
284.0 1093.0 269.0 1083.0 289.0 1052.0 304.0 1062.0 small-vehicle 0
201.0 1024.0 186.0 1014.0 205.0 983.0 221.0 991.0 small-vehicle 0
245.0 1063.0 231.0 1054.0 253.0 1019.0 269.0 1028.0 small-vehicle 0
332.0 957.0 344.0 969.0 324.0 993.0 312.0 982.0 small-vehicle 0
52.0 750.0 66.0 761.0 44.0 791.0 31.0 780.0 small-vehicle 0
118.0 795.0 132.0 805.0 109.0 833.0 95.0 822.0 small-vehicle 0
280.0 203.0 355.0 102.0 488.0 198.0 411.0 302.0 basketball-court 0
483.0 691.0 547.0 744.0 443.0 884.0 375.0 832.0 tennis-court 0
398.0 628.0 466.0 681.0 358.0 820.0 291.0 769.0 tennis-court 0
316.0 565.0 384.0 616.0 275.0 757.0 207.0 706.0 tennis-court 0
357.0 504.0 407.0 436.0 548.0 545.0 499.0 610.0 tennis-court 0
421.0 418.0 471.0 351.0 614.0 459.0 564.0 526.0 tennis-court 0
487.0 331.0 537.0 264.0 680.0 371.0 629.0 438.0 tennis-court 0
