imagesource:GoogleEarth
gsd:0.245308215038
1549.0 330.0 1547.0 319.0 1572.0 312.0 1574.0 323.0 ship 0
1656.0 916.0 1652.0 904.0 1691.0 893.0 1694.0 906.0 ship 0
863.0 736.0 859.0 721.0 898.0 709.0 902.0 724.0 ship 0
839.0 715.0 843.0 727.0 807.0 736.0 804.0 726.0 ship 0
829.0 701.0 832.0 712.0 801.0 721.0 798.0 710.0 ship 0
833.0 652.0 829.0 638.0 873.0 624.0 877.0 637.0 ship 0
814.0 631.0 818.0 644.0 785.0 654.0 782.0 642.0 ship 0
826.0 631.0 822.0 618.0 864.0 603.0 869.0 617.0 ship 0
820.0 613.0 815.0 597.0 861.0 582.0 866.0 598.0 ship 0
813.0 590.0 808.0 576.0 850.0 563.0 855.0 578.0 ship 0
807.0 569.0 803.0 555.0 841.0 541.0 845.0 555.0 ship 0
801.0 548.0 797.0 533.0 838.0 520.0 843.0 535.0 ship 0
782.0 531.0 787.0 545.0 751.0 556.0 748.0 543.0 ship 0
778.0 513.0 783.0 529.0 744.0 540.0 740.0 525.0 ship 0
767.0 481.0 772.0 495.0 730.0 507.0 726.0 493.0 ship 0
760.0 466.0 763.0 477.0 726.0 488.0 722.0 477.0 ship 0
757.0 448.0 761.0 462.0 727.0 472.0 723.0 460.0 ship 0
778.0 465.0 774.0 452.0 819.0 438.0 824.0 450.0 ship 0
934.0 399.0 941.0 416.0 888.0 432.0 882.0 415.0 ship 0
948.0 409.0 942.0 393.0 993.0 376.0 999.0 393.0 ship 0
960.0 432.0 955.0 416.0 997.0 401.0 1004.0 418.0 ship 0
941.0 421.0 948.0 437.0 895.0 453.0 890.0 436.0 ship 0
960.0 454.0 955.0 438.0 1010.0 421.0 1016.0 438.0 ship 0
957.0 461.0 962.0 478.0 908.0 493.0 903.0 478.0 ship 0
981.0 504.0 976.0 488.0 1023.0 472.0 1029.0 488.0 ship 0
986.0 529.0 981.0 513.0 1031.0 494.0 1038.0 511.0 ship 0
967.0 503.0 973.0 519.0 923.0 534.0 918.0 519.0 ship 0
847.0 748.0 851.0 760.0 817.0 771.0 813.0 759.0 ship 0
859.0 781.0 863.0 794.0 828.0 804.0 824.0 793.0 ship 0
883.0 821.0 878.0 806.0 925.0 790.0 930.0 806.0 ship 0
748.0 1074.0 738.0 1043.0 784.0 1029.0 793.0 1060.0 ship 0
727.0 858.0 724.0 847.0 755.0 838.0 758.0 848.0 ship 0
712.0 860.0 716.0 872.0 687.0 879.0 683.0 868.0 ship 0
713.0 879.0 715.0 888.0 694.0 893.0 692.0 884.0 ship 0
725.0 890.0 728.0 901.0 695.0 910.0 692.0 899.0 ship 0
741.0 906.0 738.0 896.0 770.0 886.0 772.0 896.0 ship 0
748.0 923.0 745.0 913.0 772.0 905.0 775.0 915.0 ship 0
757.0 955.0 754.0 945.0 784.0 936.0 787.0 945.0 ship 0
743.0 951.0 746.0 962.0 715.0 971.0 712.0 960.0 ship 0
753.0 982.0 757.0 993.0 725.0 1003.0 721.0 992.0 ship 0
772.0 1007.0 767.0 996.0 798.0 985.0 802.0 997.0 ship 0
776.0 1023.0 773.0 1012.0 804.0 1002.0 808.0 1013.0 ship 0
927.0 1001.0 931.0 1012.0 899.0 1021.0 895.0 1010.0 ship 0
874.0 830.0 879.0 843.0 846.0 854.0 842.0 841.0 ship 0
919.0 984.0 923.0 995.0 891.0 1004.0 887.0 993.0 ship 0
972.0 1004.0 980.0 1024.0 905.0 1052.0 897.0 1030.0 ship 0
940.0 985.0 936.0 971.0 976.0 959.0 980.0 973.0 ship 0
916.0 964.0 920.0 978.0 886.0 987.0 882.0 974.0 ship 0
907.0 932.0 910.0 944.0 874.0 953.0 871.0 942.0 ship 0
922.0 945.0 917.0 929.0 964.0 914.0 969.0 930.0 ship 0
914.0 924.0 910.0 909.0 958.0 893.0 963.0 910.0 ship 0
858.0 903.0 856.0 892.0 888.0 882.0 892.0 893.0 ship 0
907.0 881.0 903.0 866.0 942.0 854.0 947.0 869.0 ship 0
899.0 860.0 896.0 849.0 936.0 837.0 940.0 848.0 ship 0
892.0 836.0 888.0 824.0 928.0 813.0 932.0 825.0 ship 0
977.0 547.0 983.0 562.0 937.0 576.0 932.0 561.0 ship 0
985.0 567.0 991.0 582.0 940.0 599.0 935.0 583.0 ship 0
992.0 588.0 998.0 603.0 951.0 618.0 945.0 603.0 ship 0
1497.0 830.0 1492.0 813.0 1547.0 798.0 1553.0 814.0 ship 0
1392.0 535.0 1405.0 533.0 1413.0 567.0 1400.0 570.0 ship 0
1424.0 567.0 1418.0 548.0 1473.0 534.0 1478.0 552.0 ship 0
1441.0 616.0 1437.0 597.0 1488.0 583.0 1492.0 600.0 ship 0
1448.0 639.0 1444.0 623.0 1491.0 606.0 1496.0 623.0 ship 0
1453.0 661.0 1449.0 646.0 1503.0 630.0 1507.0 646.0 ship 0
1416.0 644.0 1436.0 637.0 1456.0 709.0 1435.0 715.0 ship 0
1458.0 683.0 1454.0 670.0 1506.0 654.0 1510.0 669.0 ship 0
1464.0 709.0 1460.0 693.0 1513.0 679.0 1518.0 695.0 ship 0
1474.0 733.0 1468.0 715.0 1519.0 700.0 1524.0 718.0 ship 0
1479.0 759.0 1475.0 743.0 1527.0 727.0 1532.0 744.0 ship 0
1486.0 781.0 1481.0 764.0 1531.0 749.0 1537.0 766.0 ship 0
1509.0 852.0 1505.0 837.0 1548.0 825.0 1553.0 841.0 ship 0
1416.0 515.0 1411.0 500.0 1463.0 485.0 1468.0 502.0 ship 0
1526.0 900.0 1521.0 882.0 1564.0 871.0 1570.0 887.0 ship 0
1498.0 869.0 1473.0 874.0 1464.0 833.0 1487.0 827.0 ship 0
1537.0 974.0 1531.0 957.0 1584.0 941.0 1589.0 958.0 ship 0
1538.0 1002.0 1532.0 985.0 1587.0 967.0 1593.0 985.0 ship 0
1529.0 980.0 1503.0 986.0 1493.0 942.0 1517.0 936.0 ship 0
1700.0 1062.0 1696.0 1044.0 1773.0 1023.0 1778.0 1042.0 ship 0
1755.0 997.0 1761.0 1016.0 1693.0 1033.0 1689.0 1014.0 ship 0
1743.0 968.0 1751.0 990.0 1685.0 1009.0 1679.0 986.0 ship 0
1788.0 1010.0 1770.0 1014.0 1755.0 961.0 1774.0 957.0 ship 0
1775.0 950.0 1755.0 955.0 1739.0 896.0 1757.0 891.0 ship 0
1729.0 912.0 1734.0 930.0 1671.0 948.0 1665.0 930.0 ship 0
1420.0 543.0 1414.0 525.0 1467.0 511.0 1473.0 528.0 ship 0
1404.0 491.0 1400.0 476.0 1453.0 461.0 1459.0 478.0 ship 0
1004.0 576.0 998.0 559.0 1049.0 543.0 1054.0 559.0 ship 0
1103.0 943.0 1109.0 961.0 1058.0 975.0 1053.0 959.0 ship 0
1010.0 597.0 1005.0 581.0 1056.0 564.0 1062.0 582.0 ship 0
1009.0 649.0 1015.0 666.0 967.0 681.0 962.0 665.0 ship 0
1033.0 668.0 1029.0 652.0 1074.0 639.0 1079.0 653.0 ship 0
1046.0 718.0 1039.0 701.0 1093.0 683.0 1098.0 700.0 ship 0
1052.0 741.0 1047.0 724.0 1099.0 708.0 1104.0 725.0 ship 0
1044.0 753.0 1050.0 770.0 1003.0 782.0 999.0 767.0 ship 0
1071.0 788.0 1068.0 775.0 1116.0 760.0 1120.0 773.0 ship 0
1080.0 838.0 1076.0 819.0 1123.0 805.0 1128.0 822.0 ship 0
1062.0 837.0 1066.0 850.0 1030.0 862.0 1026.0 850.0 ship 0
1096.0 884.0 1092.0 868.0 1137.0 853.0 1143.0 870.0 ship 0
1116.0 927.0 1111.0 912.0 1158.0 897.0 1164.0 913.0 ship 0
1105.0 971.0 1110.0 985.0 1072.0 997.0 1068.0 983.0 ship 0
1400.0 467.0 1396.0 452.0 1441.0 439.0 1446.0 454.0 ship 0
1133.0 1001.0 1128.0 986.0 1178.0 972.0 1183.0 988.0 ship 0
1118.0 988.0 1127.0 1018.0 1081.0 1033.0 1072.0 1004.0 ship 0
1279.0 1092.0 1274.0 1076.0 1327.0 1057.0 1333.0 1074.0 ship 0
1349.0 327.0 1337.0 331.0 1328.0 303.0 1340.0 299.0 ship 0
1358.0 368.0 1350.0 371.0 1340.0 344.0 1350.0 341.0 ship 0
1357.0 325.0 1353.0 309.0 1407.0 294.0 1412.0 311.0 ship 0
1371.0 373.0 1367.0 357.0 1419.0 342.0 1424.0 359.0 ship 0
1378.0 435.0 1367.0 439.0 1358.0 408.0 1369.0 405.0 ship 0
1381.0 398.0 1377.0 381.0 1424.0 367.0 1429.0 384.0 ship 0
1387.0 420.0 1383.0 403.0 1433.0 391.0 1437.0 407.0 ship 0
1392.0 445.0 1387.0 429.0 1437.0 414.0 1442.0 430.0 ship 0
710.0 843.0 713.0 854.0 682.0 864.0 679.0 852.0 ship 0
704.0 829.0 707.0 840.0 678.0 848.0 674.0 838.0 ship 0
698.0 813.0 701.0 824.0 668.0 832.0 665.0 821.0 ship 0
454.0 1003.0 463.0 1028.0 372.0 1058.0 364.0 1033.0 ship 0
379.0 874.0 375.0 864.0 410.0 852.0 413.0 862.0 ship 0
360.0 879.0 365.0 898.0 311.0 912.0 306.0 894.0 ship 0
390.0 911.0 386.0 899.0 424.0 887.0 428.0 899.0 ship 0
375.0 908.0 381.0 926.0 315.0 944.0 309.0 927.0 ship 0
383.0 933.0 390.0 954.0 330.0 971.0 323.0 951.0 ship 0
401.0 947.0 397.0 935.0 434.0 923.0 437.0 936.0 ship 0
408.0 966.0 404.0 953.0 442.0 942.0 445.0 955.0 ship 0
412.0 985.0 408.0 974.0 444.0 962.0 448.0 973.0 ship 0
421.0 1005.0 416.0 994.0 449.0 983.0 453.0 995.0 ship 0
395.0 963.0 402.0 981.0 329.0 999.0 324.0 981.0 ship 0
401.0 991.0 408.0 1009.0 350.0 1025.0 344.0 1008.0 ship 0
574.0 1074.0 568.0 1052.0 649.0 1026.0 656.0 1049.0 ship 0
350.0 823.0 357.0 841.0 290.0 861.0 284.0 843.0 ship 0
599.0 1019.0 604.0 1034.0 558.0 1046.0 554.0 1032.0 ship 0
584.0 983.0 588.0 996.0 550.0 1007.0 546.0 995.0 ship 0
577.0 963.0 581.0 977.0 539.0 991.0 535.0 977.0 ship 0
537.0 970.0 533.0 957.0 571.0 944.0 575.0 958.0 ship 0
585.0 948.0 581.0 936.0 615.0 925.0 619.0 937.0 ship 0
580.0 928.0 575.0 915.0 611.0 902.0 616.0 916.0 ship 0
575.0 908.0 571.0 895.0 605.0 884.0 609.0 897.0 ship 0
560.0 905.0 564.0 918.0 525.0 928.0 522.0 916.0 ship 0
565.0 927.0 569.0 939.0 537.0 948.0 534.0 936.0 ship 0
564.0 872.0 559.0 859.0 593.0 848.0 597.0 861.0 ship 0
552.0 887.0 557.0 902.0 516.0 913.0 512.0 900.0 ship 0
358.0 849.0 364.0 868.0 310.0 883.0 304.0 866.0 ship 0
363.0 822.0 358.0 810.0 386.0 801.0 391.0 812.0 ship 0
558.0 852.0 554.0 839.0 588.0 828.0 592.0 841.0 ship 0
129.0 817.0 126.0 807.0 147.0 800.0 150.0 809.0 ship 0
654.0 1030.0 558.0 1059.0 404.0 553.0 495.0 524.0 harbor 0
814.0 1020.0 739.0 1049.0 570.0 503.0 643.0 477.0 harbor 0
995.0 1001.0 898.0 1034.0 716.0 451.0 815.0 423.0 harbor 0
1185.0 970.0 1069.0 1008.0 885.0 402.0 995.0 370.0 harbor 0
215.0 999.0 165.0 1021.0 74.0 731.0 120.0 711.0 harbor 0
1598.0 965.0 1528.0 988.0 1340.0 302.0 1405.0 280.0 harbor 0
1775.0 1026.0 1689.0 1052.0 1477.0 263.0 1565.0 241.0 harbor 0
1985.0 1083.0 1878.0 1107.0 1783.0 691.0 1891.0 669.0 harbor 0
2196.0 1040.0 2059.0 1074.0 1979.0 724.0 2105.0 691.0 harbor 0
128.0 629.0 140.0 624.0 151.0 650.0 139.0 655.0 ship 0
121.0 802.0 118.0 792.0 147.0 782.0 151.0 793.0 ship 0
299.0 628.0 295.0 613.0 335.0 600.0 341.0 615.0 ship 0
341.0 795.0 346.0 812.0 290.0 830.0 284.0 812.0 ship 0
305.0 647.0 301.0 632.0 339.0 620.0 344.0 634.0 ship 0
312.0 661.0 308.0 650.0 344.0 638.0 348.0 649.0 ship 0
319.0 680.0 315.0 666.0 350.0 656.0 354.0 668.0 ship 0
323.0 697.0 320.0 686.0 351.0 676.0 355.0 687.0 ship 0
328.0 715.0 324.0 702.0 357.0 691.0 361.0 704.0 ship 0
313.0 691.0 318.0 708.0 260.0 726.0 256.0 710.0 ship 0
316.0 716.0 322.0 733.0 273.0 748.0 268.0 730.0 ship 0
327.0 741.0 332.0 757.0 267.0 777.0 262.0 760.0 ship 0
338.0 734.0 335.0 722.0 367.0 712.0 370.0 723.0 ship 0
345.0 768.0 341.0 757.0 376.0 747.0 379.0 758.0 ship 0
351.0 788.0 346.0 774.0 381.0 763.0 385.0 777.0 ship 0
545.0 870.0 549.0 881.0 512.0 892.0 509.0 881.0 ship 0
551.0 833.0 546.0 822.0 577.0 811.0 581.0 822.0 ship 0
695.0 797.0 698.0 809.0 669.0 817.0 665.0 806.0 ship 0
647.0 643.0 650.0 654.0 620.0 663.0 616.0 652.0 ship 0
638.0 570.0 635.0 558.0 664.0 548.0 668.0 559.0 ship 0
642.0 584.0 639.0 574.0 670.0 563.0 673.0 574.0 ship 0
608.0 520.0 611.0 531.0 581.0 540.0 578.0 530.0 ship 0
613.0 535.0 616.0 546.0 584.0 556.0 581.0 545.0 ship 0
616.0 550.0 619.0 562.0 592.0 570.0 588.0 559.0 ship 0
622.0 565.0 626.0 577.0 599.0 585.0 596.0 574.0 ship 0
624.0 581.0 628.0 593.0 603.0 600.0 600.0 590.0 ship 0
646.0 602.0 642.0 591.0 671.0 581.0 674.0 592.0 ship 0
651.0 619.0 647.0 605.0 681.0 595.0 685.0 609.0 ship 0
636.0 611.0 640.0 623.0 607.0 632.0 604.0 622.0 ship 0
642.0 627.0 645.0 638.0 616.0 646.0 613.0 636.0 ship 0
662.0 649.0 659.0 639.0 689.0 630.0 692.0 640.0 ship 0
626.0 538.0 622.0 526.0 655.0 516.0 658.0 528.0 ship 0
665.0 666.0 662.0 655.0 695.0 645.0 698.0 655.0 ship 0
672.0 681.0 668.0 671.0 699.0 660.0 702.0 671.0 ship 0
654.0 674.0 658.0 686.0 626.0 696.0 622.0 685.0 ship 0
677.0 698.0 673.0 687.0 700.0 678.0 704.0 688.0 ship 0
682.0 714.0 678.0 702.0 709.0 693.0 712.0 704.0 ship 0
686.0 729.0 682.0 718.0 715.0 709.0 718.0 719.0 ship 0
692.0 745.0 688.0 735.0 713.0 727.0 716.0 737.0 ship 0
680.0 751.0 684.0 762.0 653.0 771.0 650.0 761.0 ship 0
684.0 767.0 688.0 777.0 661.0 786.0 658.0 775.0 ship 0
703.0 777.0 699.0 767.0 731.0 756.0 735.0 767.0 ship 0
692.0 781.0 697.0 792.0 658.0 803.0 655.0 792.0 ship 0
631.0 554.0 628.0 542.0 660.0 532.0 664.0 543.0 ship 0
621.0 522.0 618.0 511.0 649.0 500.0 653.0 511.0 ship 0
540.0 829.0 544.0 842.0 498.0 856.0 494.0 842.0 ship 0
478.0 640.0 483.0 654.0 444.0 666.0 440.0 653.0 ship 0
531.0 811.0 535.0 824.0 496.0 836.0 492.0 823.0 ship 0
540.0 797.0 535.0 784.0 568.0 774.0 572.0 786.0 ship 0
530.0 761.0 526.0 748.0 560.0 737.0 564.0 750.0 ship 0
516.0 752.0 520.0 767.0 474.0 781.0 470.0 767.0 ship 0
507.0 735.0 512.0 748.0 469.0 762.0 465.0 748.0 ship 0
507.0 690.0 504.0 679.0 531.0 671.0 534.0 682.0 ship 0
491.0 676.0 495.0 692.0 451.0 706.0 447.0 691.0 ship 0
505.0 674.0 501.0 662.0 533.0 651.0 537.0 664.0 ship 0
498.0 657.0 494.0 646.0 528.0 634.0 532.0 646.0 ship 0
491.0 642.0 487.0 629.0 523.0 617.0 527.0 631.0 ship 0
445.0 685.0 441.0 672.0 483.0 657.0 488.0 672.0 ship 0
473.0 621.0 477.0 634.0 434.0 647.0 431.0 634.0 ship 0
616.0 506.0 612.0 495.0 641.0 485.0 645.0 496.0 ship 0
485.0 624.0 482.0 614.0 505.0 606.0 508.0 617.0 ship 0
483.0 608.0 480.0 596.0 511.0 585.0 515.0 597.0 ship 0
467.0 602.0 472.0 616.0 429.0 630.0 425.0 616.0 ship 0
463.0 581.0 468.0 596.0 424.0 610.0 419.0 596.0 ship 0
480.0 591.0 476.0 580.0 506.0 569.0 510.0 580.0 ship 0
470.0 576.0 466.0 562.0 501.0 551.0 504.0 565.0 ship 0
503.0 535.0 507.0 547.0 465.0 560.0 461.0 547.0 ship 0
452.0 565.0 456.0 578.0 417.0 591.0 414.0 577.0 ship 0
449.0 544.0 454.0 559.0 410.0 571.0 406.0 559.0 ship 0
410.0 552.0 408.0 541.0 431.0 534.0 434.0 544.0 ship 0
601.0 503.0 606.0 515.0 577.0 524.0 573.0 513.0 ship 0
1707.0 898.0 1704.0 888.0 1733.0 879.0 1736.0 891.0 ship 0
1684.0 875.0 1688.0 889.0 1648.0 900.0 1645.0 886.0 ship 0
1555.0 346.0 1552.0 336.0 1576.0 328.0 1579.0 339.0 ship 0
1701.0 886.0 1698.0 875.0 1726.0 867.0 1729.0 878.0 ship 0
364.0 789.0 370.0 781.0 391.0 787.0 389.0 798.0 ship 0
296.0 592.0 286.0 589.0 292.0 571.0 301.0 576.0 ship 0
308.0 582.0 300.0 584.0 293.0 566.0 301.0 563.0 ship 0
318.0 574.0 310.0 575.0 310.0 556.0 319.0 557.0 ship 0
341.0 603.0 333.0 598.0 343.0 584.0 350.0 592.0 ship 0
316.0 586.0 311.0 579.0 325.0 567.0 331.0 578.0 ship 0
659.0 704.0 665.0 714.0 644.0 722.0 637.0 713.0 ship 0
2123.0 37.0 2134.0 28.0 2157.0 45.0 2149.0 56.0 ship 0
1903.0 491.0 1907.0 502.0 1884.0 512.0 1879.0 501.0 small-vehicle 0
1914.0 508.0 1919.0 521.0 1895.0 533.0 1891.0 524.0 small-vehicle 0
1920.0 521.0 1924.0 529.0 1909.0 540.0 1901.0 534.0 small-vehicle 0
1932.0 537.0 1940.0 542.0 1930.0 561.0 1920.0 558.0 small-vehicle 0
1943.0 542.0 1952.0 548.0 1941.0 567.0 1931.0 561.0 small-vehicle 0
1963.0 551.0 1975.0 553.0 1971.0 575.0 1958.0 573.0 small-vehicle 0
1975.0 555.0 1982.0 555.0 1981.0 575.0 1970.0 575.0 small-vehicle 0
1982.0 557.0 1992.0 557.0 1993.0 577.0 1981.0 577.0 small-vehicle 0
1996.0 557.0 2005.0 558.0 2002.0 580.0 1993.0 580.0 small-vehicle 0
2020.0 560.0 2028.0 561.0 2028.0 579.0 2018.0 580.0 small-vehicle 0
2051.0 560.0 2060.0 559.0 2057.0 581.0 2049.0 581.0 small-vehicle 0
2061.0 559.0 2071.0 558.0 2071.0 580.0 2060.0 581.0 small-vehicle 0
2101.0 563.0 2109.0 563.0 2109.0 584.0 2098.0 584.0 small-vehicle 0
2159.0 647.0 2146.0 646.0 2146.0 623.0 2157.0 622.0 small-vehicle 0
2100.0 644.0 2091.0 644.0 2091.0 623.0 2100.0 623.0 small-vehicle 0
1949.0 634.0 1938.0 634.0 1938.0 614.0 1950.0 614.0 small-vehicle 0
1914.0 625.0 1905.0 624.0 1905.0 603.0 1916.0 604.0 small-vehicle 0
352.0 802.0 354.0 790.0 376.0 793.0 376.0 802.0 ship 0
373.0 854.0 368.0 845.0 390.0 836.0 393.0 847.0 ship 0
1971.0 728.0 1969.0 719.0 1987.0 714.0 1989.0 722.0 ship 0
1386.0 187.0 1376.0 189.0 1373.0 172.0 1383.0 171.0 small-vehicle 1
1423.0 98.0 1434.0 96.0 1440.0 122.0 1428.0 125.0 large-vehicle 0
1470.0 112.0 1458.0 112.0 1456.0 90.0 1467.0 90.0 small-vehicle 0
1556.0 159.0 1547.0 160.0 1545.0 140.0 1555.0 139.0 small-vehicle 0
1468.0 90.0 1477.0 87.0 1482.0 108.0 1472.0 109.0 small-vehicle 0
1479.0 149.0 1488.0 147.0 1492.0 165.0 1483.0 168.0 small-vehicle 1
1469.0 152.0 1480.0 149.0 1484.0 171.0 1475.0 173.0 small-vehicle 1
1474.0 172.0 1464.0 175.0 1459.0 155.0 1468.0 153.0 small-vehicle 1
1463.0 173.0 1453.0 176.0 1448.0 158.0 1458.0 155.0 small-vehicle 1
1436.0 158.0 1446.0 156.0 1452.0 176.0 1441.0 179.0 small-vehicle 1
1415.0 178.0 1406.0 182.0 1400.0 164.0 1408.0 162.0 small-vehicle 1
1398.0 184.0 1388.0 186.0 1384.0 166.0 1395.0 164.0 small-vehicle 1
1360.0 171.0 1368.0 169.0 1374.0 189.0 1365.0 192.0 small-vehicle 1
1849.0 783.0 1852.0 794.0 1833.0 795.0 1830.0 785.0 ship 0
1349.0 173.0 1359.0 172.0 1363.0 194.0 1354.0 195.0 small-vehicle 1
1342.0 200.0 1333.0 202.0 1328.0 181.0 1337.0 178.0 small-vehicle 1
1333.0 200.0 1322.0 202.0 1315.0 181.0 1326.0 178.0 small-vehicle 1
1305.0 186.0 1315.0 183.0 1320.0 203.0 1311.0 205.0 small-vehicle 1
1213.0 425.0 1210.0 417.0 1230.0 410.0 1233.0 419.0 small-vehicle 1
1216.0 437.0 1213.0 428.0 1233.0 422.0 1234.0 431.0 small-vehicle 1
1401.0 502.0 1391.0 508.0 1379.0 489.0 1390.0 483.0 ship 0
1430.0 620.0 1419.0 623.0 1412.0 602.0 1422.0 598.0 ship 0
1478.0 795.0 1460.0 799.0 1440.0 735.0 1462.0 731.0 ship 0
1695.0 846.0 1691.0 833.0 1715.0 826.0 1719.0 840.0 ship 0
1872.0 735.0 1863.0 738.0 1854.0 718.0 1865.0 715.0 ship 0
1994.0 638.0 1984.0 638.0 1983.0 620.0 1994.0 620.0 small-vehicle 0
2008.0 557.0 2018.0 558.0 2018.0 579.0 2008.0 579.0 small-vehicle 1
2029.0 562.0 2039.0 562.0 2039.0 582.0 2028.0 582.0 small-vehicle 1
673.0 268.0 682.0 262.0 690.0 283.0 682.0 287.0 small-vehicle 1
924.0 201.0 934.0 200.0 937.0 217.0 926.0 220.0 small-vehicle 1
894.0 207.0 901.0 207.0 905.0 222.0 896.0 224.0 small-vehicle 1
892.0 224.0 883.0 226.0 879.0 208.0 889.0 207.0 small-vehicle 1
858.0 213.0 868.0 211.0 870.0 229.0 860.0 231.0 small-vehicle 1
845.0 215.0 856.0 214.0 859.0 232.0 851.0 234.0 small-vehicle 1
822.0 222.0 832.0 219.0 837.0 235.0 829.0 238.0 small-vehicle 1
815.0 242.0 806.0 245.0 802.0 228.0 810.0 225.0 small-vehicle 1
782.0 231.0 790.0 229.0 796.0 246.0 788.0 248.0 small-vehicle 1
767.0 232.0 776.0 231.0 782.0 249.0 774.0 252.0 small-vehicle 1
705.0 255.0 715.0 251.0 721.0 266.0 711.0 271.0 small-vehicle 1
682.0 261.0 694.0 257.0 699.0 276.0 691.0 279.0 small-vehicle 1
622.0 290.0 631.0 284.0 639.0 304.0 630.0 307.0 small-vehicle 1
955.0 198.0 964.0 194.0 968.0 216.0 958.0 218.0 small-vehicle 1
653.0 272.0 662.0 269.0 667.0 288.0 657.0 292.0 small-vehicle 1
611.0 292.0 621.0 288.0 627.0 306.0 619.0 310.0 small-vehicle 1
601.0 295.0 609.0 292.0 619.0 311.0 609.0 315.0 small-vehicle 1
506.0 342.0 515.0 335.0 526.0 353.0 516.0 358.0 small-vehicle 1
460.0 364.0 469.0 360.0 479.0 376.0 470.0 382.0 small-vehicle 1
471.0 359.0 479.0 354.0 487.0 372.0 479.0 375.0 small-vehicle 1
444.0 371.0 453.0 367.0 460.0 387.0 449.0 390.0 small-vehicle 1
433.0 375.0 443.0 371.0 449.0 388.0 441.0 392.0 small-vehicle 1
413.0 381.0 424.0 379.0 427.0 395.0 417.0 397.0 small-vehicle 1
134.0 830.0 130.0 819.0 152.0 810.0 156.0 822.0 ship 0
1310.0 503.0 1311.0 515.0 1285.0 521.0 1282.0 510.0 small-vehicle 0
937.0 200.0 946.0 198.0 949.0 216.0 941.0 218.0 small-vehicle 1
968.0 197.0 978.0 194.0 981.0 215.0 974.0 218.0 small-vehicle 1
2082.0 562.0 2093.0 563.0 2093.0 581.0 2081.0 581.0 small-vehicle 1
1346.0 115.0 1356.0 113.0 1361.0 132.0 1352.0 134.0 small-vehicle 1
2112.0 563.0 2120.0 563.0 2120.0 580.0 2110.0 582.0 small-vehicle 1
1973.0 635.0 1962.0 635.0 1963.0 615.0 1971.0 613.0 small-vehicle 1
1985.0 633.0 1974.0 635.0 1972.0 614.0 1982.0 613.0 small-vehicle 1
2007.0 640.0 1998.0 640.0 1997.0 615.0 2009.0 616.0 small-vehicle 1
2035.0 636.0 2026.0 637.0 2023.0 619.0 2033.0 617.0 small-vehicle 1
2059.0 636.0 2049.0 637.0 2050.0 618.0 2058.0 617.0 small-vehicle 1
2078.0 643.0 2069.0 643.0 2067.0 622.0 2076.0 623.0 small-vehicle 1
2112.0 641.0 2100.0 642.0 2103.0 623.0 2112.0 623.0 small-vehicle 1
2121.0 643.0 2112.0 643.0 2114.0 624.0 2125.0 625.0 small-vehicle 1
2146.0 646.0 2137.0 646.0 2136.0 627.0 2144.0 625.0 small-vehicle 1
2216.0 653.0 2207.0 659.0 2196.0 642.0 2203.0 637.0 small-vehicle 1
1359.0 114.0 1368.0 111.0 1371.0 131.0 1361.0 131.0 small-vehicle 1
1000.0 191.0 1010.0 189.0 1012.0 208.0 1003.0 210.0 small-vehicle 1
1378.0 109.0 1387.0 106.0 1392.0 126.0 1384.0 128.0 small-vehicle 1
1389.0 106.0 1398.0 103.0 1405.0 126.0 1394.0 127.0 small-vehicle 1
1401.0 102.0 1411.0 101.0 1414.0 118.0 1405.0 121.0 small-vehicle 1
1312.0 148.0 1301.0 151.0 1297.0 130.0 1306.0 127.0 small-vehicle 1
1300.0 148.0 1291.0 150.0 1287.0 132.0 1295.0 130.0 small-vehicle 1
1257.0 138.0 1267.0 135.0 1273.0 154.0 1265.0 157.0 small-vehicle 1
1057.0 186.0 1068.0 186.0 1070.0 204.0 1059.0 205.0 small-vehicle 1
1184.0 294.0 1182.0 283.0 1207.0 279.0 1208.0 288.0 small-vehicle 1
1190.0 316.0 1186.0 307.0 1207.0 300.0 1208.0 309.0 small-vehicle 1
1195.0 324.0 1192.0 317.0 1211.0 312.0 1213.0 321.0 small-vehicle 1
1023.0 189.0 1033.0 187.0 1038.0 203.0 1030.0 205.0 small-vehicle 1
87.0 1021.0 100.0 1021.0 100.0 1033.0 87.0 1033.0 roundabout 1
286.0 371.0 338.0 371.0 338.0 423.0 286.0 423.0 roundabout 0
137.0 620.0 126.0 627.0 115.0 603.0 125.0 598.0 small-vehicle 0
1520.0 264.0 1524.0 279.0 1483.0 290.0 1479.0 275.0 ship 0
1557.0 409.0 1561.0 423.0 1521.0 434.0 1518.0 420.0 ship 0
1555.0 390.0 1559.0 405.0 1518.0 416.0 1515.0 402.0 ship 0
1572.0 407.0 1569.0 396.0 1594.0 390.0 1596.0 401.0 ship 0
1565.0 392.0 1562.0 381.0 1589.0 373.0 1592.0 385.0 ship 0
1561.0 376.0 1558.0 365.0 1586.0 357.0 1589.0 368.0 ship 0
1559.0 360.0 1558.0 350.0 1579.0 344.0 1582.0 354.0 ship 0
1534.0 319.0 1539.0 334.0 1499.0 345.0 1495.0 331.0 ship 0
1544.0 315.0 1541.0 304.0 1569.0 296.0 1572.0 307.0 ship 0
1541.0 298.0 1538.0 287.0 1563.0 280.0 1566.0 291.0 ship 0
1535.0 283.0 1531.0 272.0 1561.0 263.0 1563.0 275.0 ship 0
1533.0 267.0 1530.0 256.0 1556.0 250.0 1559.0 260.0 ship 0
1526.0 284.0 1529.0 297.0 1492.0 306.0 1490.0 293.0 ship 0
1570.0 444.0 1574.0 460.0 1531.0 471.0 1527.0 457.0 ship 0
1783.0 695.0 1779.0 678.0 1839.0 665.0 1844.0 682.0 ship 0
1843.0 689.0 1848.0 708.0 1787.0 722.0 1782.0 703.0 ship 0
1851.0 712.0 1855.0 731.0 1796.0 744.0 1792.0 727.0 ship 0
1852.0 739.0 1856.0 755.0 1805.0 768.0 1802.0 750.0 ship 0
1852.0 764.0 1855.0 778.0 1809.0 787.0 1805.0 772.0 ship 0
1865.0 781.0 1861.0 767.0 1906.0 756.0 1910.0 771.0 ship 0
1914.0 731.0 1918.0 742.0 1888.0 749.0 1885.0 738.0 ship 0
1875.0 803.0 1871.0 788.0 1911.0 777.0 1914.0 792.0 ship 0
1878.0 824.0 1873.0 807.0 1918.0 796.0 1923.0 811.0 ship 0
1863.0 804.0 1868.0 823.0 1816.0 833.0 1812.0 816.0 ship 0
1885.0 841.0 1882.0 828.0 1920.0 819.0 1923.0 832.0 ship 0
1561.0 428.0 1565.0 440.0 1530.0 451.0 1527.0 438.0 ship 0
1573.0 465.0 1577.0 480.0 1538.0 490.0 1535.0 476.0 ship 0
1863.0 854.0 1867.0 868.0 1828.0 877.0 1825.0 863.0 ship 0
1651.0 704.0 1648.0 693.0 1681.0 683.0 1684.0 695.0 ship 0
1695.0 866.0 1691.0 855.0 1726.0 845.0 1729.0 856.0 ship 0
1682.0 854.0 1687.0 869.0 1648.0 880.0 1644.0 864.0 ship 0
1673.0 837.0 1677.0 850.0 1641.0 860.0 1639.0 847.0 ship 0
1674.0 812.0 1678.0 829.0 1635.0 839.0 1631.0 824.0 ship 0
1675.0 793.0 1671.0 781.0 1704.0 772.0 1707.0 784.0 ship 0
1673.0 774.0 1670.0 763.0 1699.0 754.0 1702.0 766.0 ship 0
1657.0 775.0 1661.0 789.0 1622.0 800.0 1619.0 785.0 ship 0
1648.0 756.0 1652.0 768.0 1619.0 776.0 1616.0 765.0 ship 0
1660.0 739.0 1657.0 728.0 1692.0 717.0 1695.0 731.0 ship 0
1647.0 736.0 1651.0 750.0 1614.0 761.0 1610.0 747.0 ship 0
1641.0 718.0 1644.0 732.0 1608.0 741.0 1605.0 728.0 ship 0
1647.0 684.0 1645.0 673.0 1679.0 663.0 1682.0 675.0 ship 0
1583.0 459.0 1580.0 448.0 1612.0 438.0 1615.0 450.0 ship 0
1631.0 676.0 1634.0 689.0 1598.0 699.0 1595.0 686.0 ship 0
1627.0 658.0 1630.0 672.0 1595.0 681.0 1592.0 667.0 ship 0
1637.0 648.0 1633.0 638.0 1666.0 627.0 1669.0 639.0 ship 0
1627.0 614.0 1623.0 601.0 1658.0 592.0 1661.0 604.0 ship 0
1621.0 597.0 1618.0 584.0 1650.0 575.0 1653.0 587.0 ship 0
1612.0 562.0 1609.0 550.0 1640.0 540.0 1643.0 552.0 ship 0
1599.0 560.0 1602.0 574.0 1565.0 584.0 1562.0 570.0 ship 0
1606.0 543.0 1603.0 531.0 1632.0 523.0 1634.0 535.0 ship 0
1589.0 522.0 1593.0 536.0 1555.0 548.0 1552.0 534.0 ship 0
1598.0 509.0 1595.0 496.0 1625.0 488.0 1629.0 500.0 ship 0
1587.0 475.0 1585.0 463.0 1613.0 455.0 1616.0 468.0 ship 0
1887.0 866.0 1883.0 850.0 1927.0 840.0 1932.0 856.0 ship 0
1873.0 871.0 1877.0 886.0 1838.0 894.0 1834.0 880.0 ship 0
58.0 565.0 49.0 570.0 43.0 551.0 51.0 546.0 small-vehicle 0
368.0 83.0 360.0 85.0 350.0 70.0 357.0 65.0 small-vehicle 0
2080.0 865.0 2076.0 849.0 2142.0 833.0 2145.0 849.0 ship 0
2052.0 841.0 2057.0 856.0 2016.0 868.0 2012.0 853.0 ship 0
2050.0 821.0 2053.0 837.0 2011.0 848.0 2007.0 833.0 ship 0
2046.0 802.0 2049.0 818.0 2004.0 829.0 2001.0 814.0 ship 0
2064.0 804.0 2059.0 785.0 2123.0 770.0 2128.0 788.0 ship 0
2001.0 808.0 1997.0 796.0 2035.0 786.0 2038.0 799.0 ship 0
2032.0 744.0 2036.0 760.0 1990.0 770.0 1987.0 755.0 ship 0
2050.0 744.0 2046.0 729.0 2099.0 714.0 2104.0 730.0 ship 0
407.0 18.0 408.0 28.0 387.0 30.0 387.0 21.0 small-vehicle 0
387.0 73.0 378.0 78.0 367.0 60.0 376.0 56.0 small-vehicle 0
360.0 64.0 366.0 60.0 378.0 78.0 369.0 83.0 small-vehicle 0
358.0 86.0 349.0 91.0 339.0 74.0 348.0 69.0 small-vehicle 0
2064.0 883.0 2069.0 900.0 2022.0 911.0 2018.0 895.0 ship 0
140.0 223.0 135.0 216.0 156.0 204.0 161.0 212.0 small-vehicle 0
161.0 251.0 154.0 242.0 174.0 231.0 178.0 239.0 small-vehicle 0
178.0 276.0 170.0 269.0 189.0 257.0 194.0 267.0 small-vehicle 0
184.0 288.0 176.0 281.0 196.0 268.0 201.0 276.0 small-vehicle 0
221.0 298.0 226.0 307.0 205.0 318.0 199.0 311.0 small-vehicle 0
210.0 330.0 204.0 322.0 226.0 310.0 231.0 319.0 small-vehicle 0
231.0 359.0 224.0 350.0 247.0 339.0 251.0 346.0 small-vehicle 0
268.0 466.0 271.0 474.0 246.0 484.0 242.0 474.0 small-vehicle 0
256.0 456.0 260.0 463.0 242.0 470.0 239.0 462.0 small-vehicle 0
198.0 510.0 207.0 506.0 215.0 524.0 206.0 528.0 small-vehicle 0
174.0 515.0 183.0 512.0 191.0 529.0 181.0 533.0 small-vehicle 0
2063.0 861.0 2068.0 879.0 2013.0 892.0 2010.0 874.0 ship 0
2074.0 903.0 2079.0 921.0 2022.0 935.0 2018.0 917.0 ship 0
1898.0 907.0 1894.0 892.0 1936.0 883.0 1940.0 897.0 ship 0
1921.0 1070.0 1925.0 1084.0 1880.0 1094.0 1876.0 1080.0 ship 0
1903.0 929.0 1899.0 914.0 1941.0 903.0 1945.0 920.0 ship 0
1884.0 893.0 1888.0 910.0 1836.0 921.0 1833.0 906.0 ship 0
1889.0 938.0 1892.0 950.0 1851.0 959.0 1849.0 947.0 ship 0
1909.0 951.0 1906.0 937.0 1946.0 926.0 1950.0 940.0 ship 0
1904.0 979.0 1909.0 996.0 1858.0 1008.0 1854.0 992.0 ship 0
1908.0 1001.0 1913.0 1017.0 1864.0 1030.0 1860.0 1013.0 ship 0
1923.0 1015.0 1919.0 998.0 1962.0 986.0 1967.0 1003.0 ship 0
1928.0 1036.0 1924.0 1022.0 1967.0 1011.0 1971.0 1025.0 ship 0
1914.0 1023.0 1919.0 1040.0 1869.0 1051.0 1866.0 1035.0 ship 0
1933.0 1059.0 1930.0 1045.0 1970.0 1035.0 1974.0 1048.0 ship 0
1915.0 1049.0 1919.0 1065.0 1872.0 1074.0 1869.0 1060.0 ship 0
1945.0 1079.0 1940.0 1064.0 1978.0 1055.0 1982.0 1070.0 ship 0
2076.0 928.0 2080.0 944.0 2033.0 955.0 2030.0 938.0 ship 0
1910.0 1117.0 1904.0 1098.0 1981.0 1078.0 1987.0 1098.0 ship 0
2062.0 1089.0 2058.0 1071.0 2116.0 1057.0 2122.0 1074.0 ship 0
2134.0 1071.0 2130.0 1055.0 2180.0 1042.0 2186.0 1060.0 ship 0
2118.0 1042.0 2114.0 1024.0 2178.0 1008.0 2183.0 1027.0 ship 0
2104.0 1035.0 2108.0 1054.0 2058.0 1064.0 2054.0 1047.0 ship 0
2091.0 1016.0 2094.0 1027.0 2061.0 1033.0 2058.0 1023.0 ship 0
2093.0 995.0 2096.0 1009.0 2050.0 1019.0 2047.0 1005.0 ship 0
2112.0 982.0 2108.0 965.0 2167.0 950.0 2172.0 969.0 ship 0
2087.0 969.0 2092.0 987.0 2039.0 999.0 2035.0 982.0 ship 0
2083.0 948.0 2088.0 965.0 2033.0 977.0 2030.0 960.0 ship 0
2098.0 958.0 2093.0 935.0 2167.0 917.0 2173.0 940.0 ship 0
461.0 1004.0 345.0 1041.0 228.0 620.0 335.0 589.0 harbor 0
