imagesource:GoogleEarth
gsd:0.140128990667
126.0 3002.0 140.0 2990.0 164.0 3027.0 147.0 3037.0 ship 1
1276.0 1966.0 1251.0 1967.0 1246.0 1898.0 1271.0 1898.0 ship 0
1329.0 2634.0 1322.0 2540.0 1376.0 2537.0 1383.0 2632.0 harbor 0
1309.0 2418.0 1302.0 2327.0 1358.0 2325.0 1365.0 2411.0 harbor 0
1298.0 2199.0 1289.0 2105.0 1340.0 2100.0 1345.0 2197.0 harbor 0
1278.0 1983.0 1272.0 1929.0 1318.0 1924.0 1323.0 1982.0 harbor 0
1260.0 1822.0 1252.0 1698.0 1314.0 1690.0 1322.0 1817.0 harbor 0
731.0 629.0 748.0 658.0 648.0 735.0 628.0 708.0 ship 0
540.0 778.0 555.0 800.0 492.0 848.0 478.0 825.0 ship 0
360.0 780.0 348.0 763.0 400.0 723.0 414.0 739.0 ship 0
639.0 584.0 623.0 555.0 716.0 495.0 732.0 519.0 ship 0
1142.0 465.0 1128.0 484.0 1074.0 440.0 1088.0 422.0 ship 0
1100.0 1643.0 1079.0 1643.0 1075.0 1581.0 1097.0 1581.0 ship 0
1131.0 1913.0 1112.0 1913.0 1110.0 1868.0 1128.0 1869.0 ship 0
1300.0 2207.0 1276.0 2207.0 1274.0 2147.0 1295.0 2146.0 ship 0
96.0 3023.0 112.0 3015.0 129.0 3050.0 115.0 3059.0 ship 1
1330.0 2631.0 1307.0 2633.0 1297.0 2564.0 1319.0 2563.0 ship 0
1228.0 2974.0 1197.0 2975.0 1191.0 2880.0 1221.0 2878.0 ship 0
276.0 2911.0 294.0 2901.0 324.0 2957.0 308.0 2968.0 ship 0
211.0 2931.0 231.0 2919.0 267.0 2988.0 248.0 3001.0 ship 0
182.0 2966.0 197.0 2957.0 221.0 3003.0 206.0 3012.0 ship 0
332.0 234.0 342.0 248.0 312.0 271.0 303.0 258.0 small-vehicle 0
68.0 476.0 77.0 490.0 51.0 510.0 44.0 499.0 small-vehicle 0
716.0 109.0 734.0 117.0 718.0 150.0 702.0 144.0 small-vehicle 0
900.0 99.0 890.0 115.0 859.0 96.0 867.0 81.0 small-vehicle 0
1615.0 1679.0 1633.0 1680.0 1630.0 1718.0 1614.0 1718.0 small-vehicle 0
1608.0 2151.0 1626.0 2151.0 1621.0 2190.0 1606.0 2188.0 small-vehicle 0
1531.0 2334.0 1522.0 2319.0 1548.0 2301.0 1558.0 2315.0 small-vehicle 0
1341.0 2849.0 1333.0 2762.0 1391.0 2760.0 1398.0 2842.0 harbor 0
1354.0 3065.0 1347.0 2976.0 1404.0 2975.0 1413.0 3061.0 harbor 0
1193.0 2880.0 1199.0 2965.0 1154.0 2969.0 1145.0 2885.0 harbor 0
1179.0 2663.0 1187.0 2749.0 1134.0 2752.0 1124.0 2671.0 harbor 0
109.0 990.0 164.0 1063.0 120.0 1100.0 62.0 1026.0 harbor 0
296.0 1009.0 386.0 935.0 418.0 985.0 329.0 1054.0 harbor 0
465.0 867.0 570.0 784.0 609.0 831.0 503.0 916.0 harbor 0
403.0 724.0 290.0 810.0 258.0 769.0 369.0 682.0 harbor 0
642.0 736.0 762.0 649.0 792.0 689.0 681.0 779.0 harbor 0
576.0 596.0 503.0 651.0 476.0 614.0 552.0 556.0 harbor 0
741.0 478.0 651.0 544.0 621.0 505.0 707.0 437.0 harbor 0
268.0 394.0 294.0 371.0 340.0 424.0 314.0 447.0 swimming-pool 0
32.0 789.0 99.0 738.0 123.0 772.0 58.0 826.0 swimming-pool 0
714.0 355.0 845.0 263.0 863.0 292.0 734.0 382.0 swimming-pool 0
852.0 392.0 808.0 428.0 768.0 376.0 820.0 343.0 harbor 0
912.0 387.0 852.0 394.0 842.0 333.0 908.0 328.0 harbor 0
1150.0 470.0 1055.0 394.0 1082.0 356.0 1180.0 434.0 harbor 0
1185.0 677.0 1180.0 588.0 1239.0 585.0 1244.0 671.0 harbor 0
1194.0 898.0 1187.0 803.0 1243.0 800.0 1249.0 898.0 harbor 0
1214.0 1120.0 1202.0 1020.0 1261.0 1012.0 1269.0 1112.0 harbor 0
1045.0 1126.0 1053.0 1232.0 1004.0 1238.0 992.0 1131.0 harbor 0
1225.0 1329.0 1218.0 1241.0 1275.0 1239.0 1285.0 1325.0 harbor 0
1065.0 1362.0 1073.0 1448.0 1019.0 1454.0 1010.0 1370.0 harbor 0
1249.0 1543.0 1240.0 1462.0 1292.0 1459.0 1296.0 1540.0 harbor 0
1078.0 1578.0 1083.0 1667.0 1033.0 1669.0 1027.0 1583.0 harbor 0
1107.0 1767.0 1113.0 1899.0 1052.0 1902.0 1041.0 1774.0 harbor 0
1131.0 2012.0 1138.0 2101.0 1080.0 2103.0 1075.0 2018.0 harbor 0
1153.0 2218.0 1159.0 2320.0 1105.0 2323.0 1094.0 2225.0 harbor 0
1161.0 2441.0 1166.0 2528.0 1122.0 2531.0 1114.0 2448.0 harbor 0
1580.0 2571.0 1562.0 2569.0 1562.0 2534.0 1580.0 2534.0 small-vehicle 0
105.0 449.0 115.0 465.0 86.0 487.0 76.0 474.0 small-vehicle 0
181.0 218.0 190.0 236.0 154.0 256.0 146.0 237.0 small-vehicle 0
151.0 698.0 220.0 638.0 261.0 670.0 183.0 737.0 swimming-pool 0
1431.0 340.0 1443.0 352.0 1414.0 381.0 1398.0 368.0 small-vehicle 1
1456.0 433.0 1461.0 453.0 1424.0 462.0 1419.0 446.0 small-vehicle 1
930.0 967.0 946.0 977.0 925.0 1001.0 910.0 990.0 small-vehicle 1
757.0 1751.0 763.0 1766.0 732.0 1783.0 724.0 1771.0 small-vehicle 1
1156.0 2069.0 1134.0 2071.0 1128.0 2005.0 1156.0 2006.0 ship 0
1311.0 1530.0 1342.0 1513.0 1369.0 1578.0 1343.0 1594.0 swimming-pool 0
1536.0 1548.0 1535.0 1533.0 1577.0 1532.0 1574.0 1548.0 small-vehicle 1
1538.0 1524.0 1536.0 1508.0 1581.0 1508.0 1581.0 1523.0 small-vehicle 1
1529.0 2075.0 1528.0 2056.0 1567.0 2058.0 1570.0 2072.0 small-vehicle 1
1610.0 2043.0 1628.0 2043.0 1629.0 2083.0 1610.0 2084.0 small-vehicle 1
1532.0 2100.0 1531.0 2083.0 1573.0 2082.0 1574.0 2097.0 small-vehicle 1
829.0 2169.0 823.0 2152.0 862.0 2142.0 868.0 2158.0 small-vehicle 1
876.0 2442.0 874.0 2422.0 907.0 2419.0 910.0 2434.0 small-vehicle 1
267.0 2768.0 282.0 2757.0 299.0 2791.0 283.0 2802.0 small-vehicle 1
264.0 2807.0 250.0 2816.0 234.0 2790.0 252.0 2780.0 ship 0
21.0 2922.0 35.0 2912.0 58.0 2949.0 38.0 2959.0 ship 0
288.0 2765.0 297.0 2757.0 311.0 2788.0 302.0 2792.0 ship 0
300.0 2759.0 308.0 2754.0 322.0 2783.0 311.0 2789.0 ship 0
838.0 2285.0 834.0 2270.0 871.0 2263.0 875.0 2279.0 small-vehicle 1
400.0 282.0 464.0 234.0 500.0 285.0 441.0 329.0 swimming-pool 0
1598.0 1007.0 1581.0 1007.0 1579.0 970.0 1595.0 970.0 small-vehicle 0
1455.0 1325.0 1454.0 1310.0 1494.0 1310.0 1495.0 1325.0 small-vehicle 0
1098.0 1893.0 1110.0 1891.0 1111.0 1914.0 1098.0 1914.0 ship 1
1120.0 2056.0 1131.0 2060.0 1128.0 2092.0 1117.0 2089.0 ship 1
342.0 2944.0 326.0 2951.0 305.0 2914.0 318.0 2904.0 small-vehicle 1
1405.0 337.0 1416.0 349.0 1390.0 372.0 1379.0 362.0 small-vehicle 1
760.0 825.0 831.0 755.0 863.0 791.0 799.0 857.0 swimming-pool 0
238.0 142.0 248.0 158.0 217.0 178.0 208.0 164.0 small-vehicle 0
729.0 1014.0 711.0 1026.0 687.0 1001.0 700.0 985.0 small-vehicle 0
281.0 111.0 291.0 125.0 257.0 153.0 244.0 137.0 small-vehicle 0
681.0 141.0 667.0 131.0 688.0 102.0 703.0 111.0 small-vehicle 0
13.0 1301.0 4.0 1281.0 37.0 1263.0 45.0 1280.0 small-vehicle 0
7.0 1256.0 2.0 1239.0 34.0 1222.0 41.0 1239.0 small-vehicle 0
229.0 1246.0 245.0 1247.0 244.0 1285.0 228.0 1285.0 small-vehicle 0
331.0 1265.0 324.0 1280.0 292.0 1264.0 299.0 1252.0 small-vehicle 0
391.0 1289.0 385.0 1309.0 349.0 1292.0 357.0 1277.0 small-vehicle 0
393.0 1306.0 400.0 1293.0 428.0 1311.0 420.0 1322.0 small-vehicle 0
519.0 1275.0 509.0 1262.0 538.0 1237.0 547.0 1249.0 small-vehicle 0
67.0 2791.0 52.0 2799.0 36.0 2767.0 52.0 2759.0 small-vehicle 0
98.0 2759.0 80.0 2768.0 65.0 2736.0 84.0 2728.0 small-vehicle 0
35.0 2808.0 17.0 2816.0 2.0 2789.0 19.0 2779.0 small-vehicle 0
45.0 2604.0 62.0 2595.0 74.0 2628.0 59.0 2636.0 small-vehicle 0
26.0 2613.0 39.0 2605.0 56.0 2635.0 42.0 2643.0 small-vehicle 0
6.0 2624.0 24.0 2615.0 37.0 2647.0 22.0 2655.0 small-vehicle 0
615.0 1427.0 605.0 1442.0 573.0 1418.0 582.0 1403.0 small-vehicle 0
662.0 1373.0 648.0 1379.0 635.0 1351.0 649.0 1345.0 small-vehicle 0
618.0 1185.0 606.0 1168.0 638.0 1149.0 648.0 1164.0 small-vehicle 0
844.0 1440.0 825.0 1448.0 812.0 1412.0 829.0 1405.0 small-vehicle 0
887.0 2345.0 889.0 2364.0 843.0 2371.0 840.0 2351.0 small-vehicle 0
908.0 2442.0 907.0 2460.0 865.0 2462.0 865.0 2444.0 small-vehicle 0
1632.0 1771.0 1614.0 1771.0 1614.0 1736.0 1632.0 1737.0 small-vehicle 0
1561.0 1098.0 1563.0 1112.0 1531.0 1118.0 1528.0 1104.0 small-vehicle 0
1428.0 937.0 1426.0 920.0 1476.0 915.0 1477.0 933.0 small-vehicle 0
915.0 1051.0 903.0 1037.0 942.0 1013.0 958.0 1033.0 ship 0
219.0 849.0 145.0 904.0 109.0 850.0 181.0 794.0 harbor 0
