imagesource:GoogleEarth
gsd:0.251418927779
420.0 1445.0 430.0 1461.0 385.0 1495.0 377.0 1479.0 ship 1
397.0 531.0 389.0 525.0 394.0 504.0 404.0 507.0 small-vehicle 1
287.0 672.0 296.0 676.0 293.0 697.0 280.0 695.0 small-vehicle 0
502.0 663.0 506.0 655.0 526.0 664.0 522.0 672.0 small-vehicle 0
333.0 531.0 346.0 534.0 336.0 561.0 325.0 557.0 large-vehicle 0
418.0 632.0 422.0 616.0 462.0 629.0 457.0 641.0 ship 0
377.0 523.0 367.0 521.0 370.0 500.0 380.0 501.0 small-vehicle 1
538.0 563.0 547.0 565.0 542.0 586.0 532.0 584.0 small-vehicle 1
529.0 564.0 536.0 567.0 531.0 584.0 525.0 581.0 small-vehicle 1
518.0 561.0 527.0 564.0 522.0 586.0 512.0 583.0 small-vehicle 1
508.0 558.0 516.0 560.0 512.0 577.0 503.0 575.0 small-vehicle 1
467.0 545.0 456.0 543.0 461.0 524.0 470.0 525.0 small-vehicle 1
453.0 521.0 459.0 522.0 457.0 541.0 448.0 538.0 small-vehicle 1
439.0 537.0 428.0 535.0 432.0 516.0 441.0 516.0 small-vehicle 1
410.0 533.0 399.0 530.0 404.0 507.0 416.0 513.0 small-vehicle 1
141.0 486.0 145.0 475.0 168.0 477.0 168.0 489.0 small-vehicle 1
143.0 648.0 147.0 658.0 124.0 665.0 120.0 657.0 small-vehicle 0
121.0 444.0 108.0 441.0 115.0 413.0 128.0 417.0 small-vehicle 1
59.0 384.0 60.0 375.0 87.0 380.0 84.0 389.0 small-vehicle 1
46.0 373.0 42.0 383.0 22.0 375.0 25.0 364.0 ship 0
848.0 244.0 848.0 255.0 816.0 254.0 817.0 242.0 large-vehicle 0
843.0 139.0 838.0 148.0 815.0 136.0 820.0 128.0 large-vehicle 0
575.0 76.0 588.0 79.0 580.0 117.0 565.0 113.0 ship 0
49.0 236.0 63.0 196.0 160.0 230.0 150.0 266.0 ship 0
150.0 265.0 159.0 233.0 233.0 251.0 225.0 282.0 ship 0
230.0 277.0 236.0 258.0 264.0 266.0 258.0 284.0 ship 0
162.0 328.0 182.0 332.0 168.0 412.0 147.0 407.0 ship 0
343.0 459.0 323.0 454.0 338.0 399.0 358.0 407.0 ship 0
297.0 395.0 316.0 399.0 303.0 447.0 283.0 443.0 ship 0
297.0 392.0 302.0 381.0 321.0 383.0 318.0 396.0 ship 0
89.0 628.0 92.0 617.0 112.0 625.0 109.0 634.0 small-vehicle 0
150.0 692.0 145.0 699.0 125.0 689.0 129.0 680.0 small-vehicle 0
328.0 837.0 336.0 840.0 333.0 857.0 324.0 856.0 small-vehicle 1
470.0 741.0 475.0 733.0 499.0 744.0 493.0 752.0 small-vehicle 1
294.0 731.0 304.0 735.0 298.0 753.0 291.0 750.0 small-vehicle 1
342.0 762.0 354.0 764.0 348.0 786.0 338.0 784.0 small-vehicle 1
361.0 744.0 370.0 746.0 364.0 765.0 356.0 763.0 small-vehicle 1
366.0 768.0 376.0 771.0 370.0 791.0 361.0 788.0 small-vehicle 1
425.0 838.0 418.0 845.0 401.0 832.0 406.0 827.0 small-vehicle 1
420.0 816.0 425.0 810.0 440.0 819.0 435.0 826.0 small-vehicle 1
444.0 812.0 440.0 817.0 424.0 808.0 428.0 800.0 small-vehicle 1
428.0 799.0 435.0 791.0 453.0 803.0 446.0 811.0 small-vehicle 1
435.0 790.0 440.0 782.0 459.0 793.0 454.0 799.0 small-vehicle 1
464.0 785.0 460.0 792.0 441.0 782.0 446.0 775.0 small-vehicle 1
472.0 778.0 467.0 784.0 450.0 773.0 455.0 765.0 small-vehicle 1
464.0 762.0 469.0 755.0 488.0 764.0 483.0 772.0 small-vehicle 1
490.0 754.0 486.0 762.0 469.0 754.0 471.0 746.0 small-vehicle 1
486.0 723.0 491.0 715.0 511.0 724.0 505.0 732.0 small-vehicle 1
132.0 713.0 141.0 720.0 129.0 739.0 123.0 735.0 small-vehicle 0
495.0 706.0 501.0 697.0 517.0 706.0 513.0 715.0 small-vehicle 1
796.0 939.0 790.0 954.0 753.0 933.0 759.0 918.0 ship 0
533.0 694.0 528.0 705.0 494.0 689.0 500.0 674.0 ship 0
345.0 722.0 332.0 718.0 341.0 688.0 353.0 691.0 large-vehicle 0
113.0 851.0 103.0 854.0 100.0 833.0 110.0 832.0 small-vehicle 0
71.0 869.0 61.0 868.0 63.0 847.0 74.0 849.0 small-vehicle 0
80.0 810.0 82.0 802.0 104.0 805.0 104.0 812.0 small-vehicle 0
152.0 747.0 148.0 757.0 126.0 750.0 129.0 742.0 small-vehicle 0
122.0 763.0 124.0 751.0 148.0 758.0 145.0 770.0 small-vehicle 0
105.0 770.0 112.0 759.0 132.0 771.0 127.0 780.0 small-vehicle 0
87.0 724.0 75.0 723.0 81.0 696.0 92.0 697.0 small-vehicle 0
111.0 706.0 118.0 710.0 108.0 731.0 101.0 727.0 small-vehicle 0
120.0 737.0 110.0 734.0 118.0 709.0 128.0 714.0 small-vehicle 0
253.0 354.0 263.0 359.0 257.0 380.0 246.0 378.0 ship 0
894.0 377.0 890.0 389.0 865.0 384.0 866.0 374.0 ship 0
637.0 273.0 651.0 277.0 639.0 327.0 622.0 323.0 ship 0
2495.0 714.0 2512.0 714.0 2512.0 781.0 2494.0 780.0 ship 0
368.0 1213.0 370.0 1204.0 402.0 1209.0 400.0 1218.0 ship 0
330.0 1206.0 332.0 1194.0 367.0 1197.0 365.0 1210.0 ship 0
334.0 1191.0 336.0 1176.0 393.0 1183.0 392.0 1197.0 ship 0
347.0 1170.0 349.0 1156.0 400.0 1164.0 398.0 1178.0 ship 0
357.0 1152.0 360.0 1138.0 408.0 1146.0 405.0 1160.0 ship 0
2309.0 837.0 2311.0 818.0 2369.0 824.0 2366.0 842.0 ship 0
2309.0 813.0 2313.0 794.0 2365.0 802.0 2363.0 820.0 ship 0
2330.0 748.0 2344.0 737.0 2380.0 780.0 2367.0 792.0 ship 0
2347.0 732.0 2364.0 720.0 2404.0 768.0 2389.0 780.0 ship 0
2371.0 719.0 2383.0 708.0 2423.0 754.0 2411.0 765.0 ship 0
2430.0 714.0 2446.0 714.0 2446.0 764.0 2429.0 764.0 ship 0
2450.0 713.0 2466.0 713.0 2466.0 760.0 2450.0 760.0 ship 0
2472.0 717.0 2487.0 717.0 2488.0 761.0 2472.0 761.0 ship 0
2519.0 711.0 2538.0 712.0 2535.0 788.0 2516.0 788.0 ship 0
487.0 17.0 485.0 24.0 467.0 17.0 469.0 8.0 small-vehicle 1
2309.0 899.0 2302.0 888.0 2330.0 865.0 2339.0 874.0 ship 0
2328.0 915.0 2316.0 902.0 2345.0 874.0 2357.0 884.0 ship 0
2345.0 928.0 2334.0 917.0 2363.0 886.0 2376.0 896.0 ship 0
2359.0 943.0 2350.0 933.0 2378.0 902.0 2389.0 911.0 ship 0
2374.0 960.0 2363.0 950.0 2397.0 916.0 2408.0 926.0 ship 0
2389.0 971.0 2380.0 962.0 2405.0 937.0 2414.0 945.0 ship 0
2400.0 988.0 2388.0 976.0 2419.0 942.0 2431.0 954.0 ship 0
2414.0 998.0 2407.0 989.0 2431.0 964.0 2439.0 973.0 ship 0
2426.0 1013.0 2418.0 1003.0 2443.0 979.0 2451.0 987.0 ship 0
2442.0 1023.0 2432.0 1012.0 2456.0 989.0 2466.0 999.0 ship 0
2454.0 1037.0 2444.0 1026.0 2470.0 1003.0 2479.0 1013.0 ship 0
2468.0 1050.0 2458.0 1040.0 2482.0 1014.0 2494.0 1023.0 ship 0
2480.0 1066.0 2468.0 1055.0 2496.0 1028.0 2507.0 1037.0 ship 0
324.0 1224.0 327.0 1210.0 372.0 1219.0 369.0 1234.0 ship 0
35.0 10.0 39.0 2.0 56.0 19.0 48.0 25.0 small-vehicle 1
48.0 47.0 41.0 52.0 28.0 35.0 37.0 31.0 small-vehicle 1
24.0 46.0 28.0 39.0 40.0 55.0 36.0 60.0 small-vehicle 1
502.0 27.0 493.0 23.0 500.0 3.0 509.0 5.0 ship 0
494.0 22.0 486.0 20.0 489.0 3.0 496.0 6.0 ship 0
457.0 36.0 461.0 21.0 494.0 31.0 491.0 46.0 ship 0
509.0 107.0 524.0 110.0 514.0 147.0 496.0 143.0 ship 0
831.0 206.0 822.0 205.0 827.0 185.0 835.0 187.0 small-vehicle 1
883.0 224.0 875.0 223.0 879.0 203.0 887.0 204.0 small-vehicle 1
902.0 100.0 898.0 110.0 873.0 102.0 879.0 92.0 small-vehicle 1
820.0 202.0 810.0 200.0 815.0 182.0 825.0 185.0 small-vehicle 1
767.0 165.0 766.0 173.0 749.0 171.0 749.0 161.0 small-vehicle 1
762.0 185.0 759.0 196.0 737.0 189.0 741.0 179.0 small-vehicle 1
742.0 237.0 741.0 245.0 720.0 242.0 723.0 231.0 small-vehicle 1
749.0 214.0 745.0 225.0 724.0 215.0 729.0 206.0 small-vehicle 1
606.0 65.0 597.0 64.0 598.0 46.0 606.0 48.0 small-vehicle 1
592.0 53.0 585.0 50.0 588.0 31.0 599.0 33.0 small-vehicle 1
312.0 188.0 311.0 196.0 296.0 194.0 298.0 185.0 small-vehicle 1
427.0 26.0 418.0 24.0 425.0 4.0 434.0 8.0 small-vehicle 1
437.0 34.0 428.0 32.0 434.0 13.0 443.0 16.0 small-vehicle 1
261.0 101.0 250.0 100.0 254.0 79.0 264.0 81.0 small-vehicle 1
285.0 14.0 282.0 20.0 264.0 17.0 267.0 8.0 small-vehicle 1
225.0 19.0 221.0 25.0 202.0 20.0 206.0 12.0 small-vehicle 1
110.0 21.0 109.0 30.0 90.0 34.0 92.0 26.0 small-vehicle 1
100.0 44.0 103.0 53.0 81.0 60.0 80.0 50.0 small-vehicle 1
98.0 56.0 98.0 66.0 78.0 72.0 78.0 63.0 small-vehicle 1
94.0 68.0 97.0 78.0 75.0 85.0 74.0 75.0 small-vehicle 1
88.0 90.0 90.0 100.0 71.0 105.0 68.0 97.0 small-vehicle 1
16.0 72.0 24.0 68.0 39.0 86.0 29.0 92.0 small-vehicle 1
38.0 67.0 32.0 74.0 16.0 58.0 24.0 50.0 small-vehicle 1
326.0 837.0 317.0 836.0 322.0 813.0 332.0 814.0 small-vehicle 1
397.0 840.0 403.0 834.0 417.0 847.0 412.0 853.0 small-vehicle 1
501.0 1295.0 486.0 1294.0 489.0 1258.0 503.0 1256.0 ship 1
335.0 1707.0 342.0 1713.0 332.0 1727.0 324.0 1722.0 small-vehicle 1
404.0 1636.0 408.0 1630.0 422.0 1640.0 416.0 1645.0 small-vehicle 1
397.0 1645.0 401.0 1636.0 417.0 1648.0 412.0 1654.0 small-vehicle 1
393.0 1651.0 399.0 1645.0 411.0 1655.0 405.0 1661.0 small-vehicle 1
387.0 1657.0 392.0 1651.0 406.0 1662.0 400.0 1669.0 small-vehicle 1
380.0 1665.0 385.0 1658.0 398.0 1669.0 393.0 1675.0 small-vehicle 1
367.0 1655.0 371.0 1649.0 385.0 1656.0 380.0 1663.0 small-vehicle 1
358.0 1659.0 363.0 1654.0 377.0 1665.0 373.0 1670.0 small-vehicle 1
319.0 1741.0 314.0 1737.0 322.0 1724.0 330.0 1729.0 small-vehicle 1
312.0 1738.0 304.0 1732.0 316.0 1715.0 325.0 1722.0 small-vehicle 1
304.0 1732.0 295.0 1727.0 307.0 1713.0 313.0 1717.0 small-vehicle 1
361.0 1725.0 367.0 1732.0 357.0 1743.0 348.0 1738.0 small-vehicle 1
351.0 1719.0 359.0 1726.0 348.0 1738.0 339.0 1732.0 small-vehicle 1
344.0 1712.0 352.0 1717.0 338.0 1731.0 331.0 1726.0 small-vehicle 1
328.0 1702.0 334.0 1708.0 323.0 1722.0 316.0 1717.0 small-vehicle 1
415.0 1620.0 419.0 1613.0 434.0 1623.0 428.0 1629.0 small-vehicle 1
320.0 1699.0 325.0 1704.0 315.0 1715.0 310.0 1710.0 small-vehicle 1
378.0 1684.0 386.0 1688.0 381.0 1706.0 372.0 1703.0 small-vehicle 1
359.0 1674.0 368.0 1676.0 362.0 1693.0 352.0 1691.0 small-vehicle 1
303.0 1690.0 298.0 1686.0 306.0 1672.0 313.0 1677.0 small-vehicle 1
293.0 1707.0 285.0 1701.0 296.0 1686.0 303.0 1692.0 small-vehicle 1
275.0 1702.0 267.0 1708.0 254.0 1691.0 261.0 1685.0 small-vehicle 1
218.0 1728.0 224.0 1718.0 241.0 1729.0 235.0 1739.0 small-vehicle 1
158.0 1726.0 162.0 1717.0 182.0 1729.0 176.0 1736.0 small-vehicle 1
123.0 1721.0 133.0 1708.0 157.0 1726.0 150.0 1736.0 small-vehicle 1
2.0 1645.0 6.0 1637.0 26.0 1648.0 20.0 1656.0 small-vehicle 1
19.0 1418.0 24.0 1426.0 8.0 1440.0 3.0 1433.0 small-vehicle 1
117.0 1493.0 128.0 1494.0 125.0 1514.0 116.0 1513.0 small-vehicle 1
130.0 1441.0 139.0 1445.0 131.0 1465.0 122.0 1462.0 small-vehicle 1
408.0 1629.0 415.0 1621.0 429.0 1631.0 423.0 1639.0 small-vehicle 1
426.0 1606.0 432.0 1596.0 445.0 1608.0 440.0 1616.0 small-vehicle 1
389.0 847.0 396.0 841.0 412.0 853.0 407.0 862.0 small-vehicle 1
365.0 1599.0 356.0 1604.0 341.0 1589.0 347.0 1582.0 small-vehicle 1
563.0 1711.0 555.0 1706.0 565.0 1691.0 574.0 1696.0 small-vehicle 1
577.0 1693.0 567.0 1688.0 581.0 1671.0 589.0 1676.0 small-vehicle 1
592.0 1674.0 584.0 1668.0 596.0 1651.0 604.0 1657.0 small-vehicle 1
416.0 1735.0 406.0 1730.0 414.0 1713.0 422.0 1717.0 small-vehicle 1
455.0 1526.0 462.0 1531.0 451.0 1544.0 445.0 1538.0 small-vehicle 1
441.0 1540.0 450.0 1545.0 440.0 1563.0 432.0 1559.0 small-vehicle 1
426.0 1571.0 416.0 1575.0 409.0 1559.0 418.0 1554.0 small-vehicle 1
416.0 1575.0 408.0 1580.0 400.0 1563.0 408.0 1560.0 small-vehicle 1
408.0 1581.0 398.0 1586.0 389.0 1568.0 397.0 1564.0 small-vehicle 1
395.0 1581.0 388.0 1584.0 378.0 1566.0 387.0 1565.0 small-vehicle 1
386.0 1583.0 379.0 1589.0 367.0 1571.0 375.0 1564.0 small-vehicle 1
378.0 1586.0 371.0 1592.0 358.0 1576.0 367.0 1570.0 small-vehicle 1
370.0 1591.0 363.0 1598.0 348.0 1581.0 356.0 1575.0 small-vehicle 1
356.0 1603.0 348.0 1609.0 334.0 1597.0 341.0 1589.0 small-vehicle 1
399.0 1606.0 406.0 1599.0 421.0 1612.0 414.0 1617.0 small-vehicle 1
346.0 1606.0 340.0 1612.0 324.0 1600.0 330.0 1595.0 small-vehicle 1
336.0 1613.0 333.0 1618.0 317.0 1606.0 322.0 1601.0 small-vehicle 1
330.0 1620.0 326.0 1626.0 310.0 1613.0 315.0 1607.0 small-vehicle 1
391.0 1586.0 393.0 1591.0 376.0 1600.0 372.0 1594.0 small-vehicle 1
371.0 1613.0 364.0 1619.0 349.0 1609.0 357.0 1603.0 small-vehicle 1
364.0 1621.0 356.0 1629.0 341.0 1614.0 349.0 1609.0 small-vehicle 1
355.0 1628.0 350.0 1634.0 333.0 1621.0 339.0 1614.0 small-vehicle 1
348.0 1633.0 344.0 1640.0 327.0 1627.0 332.0 1620.0 small-vehicle 1
372.0 1648.0 376.0 1639.0 391.0 1648.0 385.0 1657.0 small-vehicle 1
375.0 1640.0 381.0 1631.0 397.0 1643.0 391.0 1650.0 small-vehicle 1
383.0 1631.0 389.0 1626.0 402.0 1637.0 397.0 1643.0 small-vehicle 1
387.0 1624.0 393.0 1617.0 407.0 1626.0 403.0 1633.0 small-vehicle 1
396.0 1615.0 401.0 1608.0 415.0 1620.0 409.0 1627.0 small-vehicle 1
135.0 1415.0 146.0 1417.0 140.0 1434.0 129.0 1432.0 small-vehicle 1
158.0 1368.0 169.0 1374.0 159.0 1388.0 149.0 1384.0 small-vehicle 1
204.0 1279.0 194.0 1275.0 205.0 1256.0 214.0 1260.0 small-vehicle 1
188.0 869.0 185.0 880.0 161.0 873.0 164.0 863.0 small-vehicle 1
14.0 961.0 17.0 952.0 39.0 958.0 34.0 968.0 small-vehicle 1
311.0 1035.0 314.0 1047.0 291.0 1052.0 291.0 1042.0 small-vehicle 0
319.0 1013.0 319.0 1024.0 294.0 1027.0 294.0 1017.0 small-vehicle 0
325.0 1000.0 326.0 1010.0 302.0 1013.0 303.0 1005.0 small-vehicle 0
332.0 979.0 333.0 990.0 311.0 992.0 312.0 982.0 small-vehicle 0
339.0 971.0 334.0 980.0 317.0 974.0 321.0 965.0 small-vehicle 0
249.0 1002.0 243.0 994.0 262.0 985.0 265.0 993.0 small-vehicle 0
225.0 966.0 215.0 963.0 221.0 942.0 229.0 945.0 small-vehicle 0
214.0 963.0 203.0 961.0 206.0 941.0 217.0 942.0 small-vehicle 0
201.0 959.0 192.0 957.0 198.0 936.0 206.0 938.0 small-vehicle 0
237.0 836.0 226.0 832.0 231.0 809.0 243.0 812.0 large-vehicle 0
258.0 839.0 245.0 837.0 250.0 810.0 261.0 814.0 large-vehicle 0
184.0 880.0 181.0 892.0 157.0 887.0 161.0 874.0 small-vehicle 1
189.0 859.0 186.0 867.0 165.0 861.0 167.0 853.0 small-vehicle 1
242.0 1287.0 241.0 1295.0 219.0 1301.0 221.0 1291.0 small-vehicle 1
138.0 856.0 131.0 854.0 132.0 836.0 140.0 837.0 small-vehicle 1
149.0 795.0 156.0 793.0 159.0 811.0 150.0 813.0 small-vehicle 1
144.0 786.0 150.0 790.0 146.0 807.0 139.0 803.0 small-vehicle 1
205.0 796.0 205.0 806.0 182.0 802.0 185.0 790.0 small-vehicle 1
215.0 889.0 221.0 892.0 218.0 912.0 208.0 907.0 small-vehicle 1
227.0 917.0 217.0 914.0 224.0 892.0 233.0 896.0 small-vehicle 1
266.0 898.0 277.0 900.0 272.0 921.0 263.0 918.0 small-vehicle 1
344.0 963.0 341.0 970.0 321.0 964.0 326.0 956.0 small-vehicle 1
360.0 925.0 356.0 932.0 340.0 921.0 345.0 914.0 small-vehicle 1
376.0 905.0 371.0 914.0 353.0 904.0 359.0 897.0 small-vehicle 1
386.0 888.0 379.0 897.0 363.0 885.0 367.0 878.0 small-vehicle 1
376.0 866.0 381.0 857.0 398.0 871.0 396.0 878.0 small-vehicle 1
405.0 862.0 399.0 870.0 383.0 855.0 388.0 851.0 small-vehicle 1
50.0 1033.0 41.0 1032.0 44.0 1016.0 53.0 1017.0 small-vehicle 1
20.0 1043.0 8.0 1041.0 14.0 1020.0 25.0 1024.0 small-vehicle 1
61.0 1036.0 51.0 1035.0 55.0 1017.0 64.0 1020.0 small-vehicle 1
78.0 1048.0 71.0 1044.0 78.0 1028.0 85.0 1032.0 small-vehicle 1
245.0 1272.0 245.0 1283.0 224.0 1289.0 223.0 1280.0 small-vehicle 1
231.0 1275.0 226.0 1267.0 250.0 1257.0 250.0 1266.0 small-vehicle 1
234.0 1264.0 229.0 1254.0 252.0 1245.0 254.0 1253.0 small-vehicle 1
238.0 1248.0 237.0 1238.0 259.0 1229.0 257.0 1239.0 small-vehicle 1
262.0 1216.0 264.0 1226.0 243.0 1233.0 239.0 1224.0 small-vehicle 1
187.0 1250.0 185.0 1241.0 203.0 1234.0 207.0 1244.0 small-vehicle 1
193.0 1214.0 194.0 1202.0 213.0 1201.0 214.0 1212.0 small-vehicle 1
243.0 1221.0 242.0 1213.0 260.0 1205.0 264.0 1214.0 small-vehicle 1
300.0 1085.0 300.0 1094.0 277.0 1099.0 278.0 1088.0 small-vehicle 1
270.0 1181.0 271.0 1190.0 253.0 1197.0 253.0 1190.0 small-vehicle 0
274.0 1166.0 277.0 1176.0 259.0 1183.0 256.0 1176.0 small-vehicle 0
275.0 1153.0 280.0 1161.0 263.0 1171.0 259.0 1162.0 small-vehicle 0
282.0 1135.0 285.0 1145.0 263.0 1156.0 261.0 1147.0 small-vehicle 0
253.0 1106.0 263.0 1108.0 257.0 1125.0 248.0 1123.0 small-vehicle 0
9.0 984.0 12.0 973.0 32.0 979.0 28.0 989.0 small-vehicle 0
12.0 970.0 16.0 961.0 33.0 969.0 29.0 977.0 small-vehicle 0
309.0 1049.0 309.0 1058.0 285.0 1063.0 283.0 1054.0 small-vehicle 0
4.0 1068.0 13.0 1071.0 8.0 1089.0 1.0 1087.0 small-vehicle 1
16.0 1072.0 24.0 1073.0 21.0 1092.0 11.0 1090.0 small-vehicle 1
27.0 1072.0 37.0 1073.0 31.0 1094.0 21.0 1091.0 small-vehicle 1
44.0 1074.0 52.0 1077.0 47.0 1097.0 38.0 1094.0 small-vehicle 1
61.0 1081.0 70.0 1084.0 65.0 1103.0 56.0 1100.0 small-vehicle 1
71.0 1084.0 81.0 1086.0 75.0 1106.0 67.0 1105.0 small-vehicle 1
84.0 1088.0 94.0 1090.0 87.0 1110.0 77.0 1108.0 small-vehicle 1
87.0 1076.0 89.0 1068.0 107.0 1073.0 105.0 1080.0 small-vehicle 1
89.0 1064.0 92.0 1056.0 109.0 1062.0 107.0 1069.0 small-vehicle 1
87.0 1053.0 81.0 1048.0 87.0 1032.0 97.0 1037.0 small-vehicle 1
2510.0 1086.0 2501.0 1077.0 2521.0 1054.0 2530.0 1061.0 ship 0
2520.0 1098.0 2511.0 1091.0 2534.0 1066.0 2543.0 1074.0 ship 0
2529.0 1106.0 2524.0 1093.0 2556.0 1081.0 2562.0 1094.0 ship 0
1020.0 952.0 1028.0 944.0 1057.0 968.0 1050.0 977.0 ship 0
910.0 863.0 926.0 866.0 917.0 908.0 902.0 905.0 ship 0
928.0 922.0 937.0 930.0 918.0 952.0 910.0 944.0 ship 0
942.0 925.0 952.0 932.0 931.0 959.0 921.0 951.0 ship 0
951.0 936.0 960.0 943.0 940.0 968.0 929.0 961.0 ship 0
988.0 958.0 1002.0 965.0 981.0 1001.0 969.0 993.0 ship 0
1042.0 995.0 1048.0 986.0 1067.0 1002.0 1060.0 1010.0 ship 0
1049.0 1033.0 1041.0 1041.0 1015.0 1019.0 1023.0 1010.0 ship 0
982.0 1004.0 988.0 995.0 1013.0 1014.0 1005.0 1023.0 ship 0
989.0 995.0 996.0 986.0 1020.0 1005.0 1014.0 1013.0 ship 0
996.0 984.0 1003.0 975.0 1028.0 995.0 1021.0 1004.0 ship 0
1007.0 976.0 1014.0 967.0 1038.0 988.0 1031.0 996.0 ship 0
1013.0 964.0 1022.0 956.0 1045.0 976.0 1039.0 986.0 ship 0
1038.0 950.0 1044.0 943.0 1070.0 963.0 1064.0 971.0 ship 0
1105.0 754.0 1099.0 763.0 1076.0 749.0 1083.0 740.0 ship 0
779.0 1002.0 771.0 1014.0 727.0 987.0 735.0 973.0 ship 0
1108.0 744.0 1102.0 752.0 1082.0 739.0 1088.0 730.0 ship 0
1121.0 738.0 1115.0 749.0 1088.0 730.0 1096.0 720.0 ship 0
1179.0 649.0 1191.0 658.0 1168.0 689.0 1156.0 679.0 ship 0
1006.0 616.0 1016.0 618.0 1008.0 653.0 996.0 650.0 ship 0
1028.0 589.0 1018.0 587.0 1025.0 565.0 1035.0 567.0 ship 0
1048.0 594.0 1037.0 592.0 1041.0 562.0 1053.0 564.0 ship 0
1216.0 590.0 1211.0 604.0 1169.0 584.0 1176.0 570.0 ship 0
1082.0 596.0 1070.0 595.0 1075.0 570.0 1086.0 571.0 ship 0
1031.0 660.0 1018.0 657.0 1027.0 618.0 1039.0 621.0 ship 0
1346.0 643.0 1337.0 655.0 1297.0 622.0 1307.0 611.0 ship 0
1370.0 500.0 1382.0 504.0 1370.0 531.0 1359.0 526.0 ship 0
1359.0 482.0 1369.0 487.0 1357.0 518.0 1345.0 512.0 ship 0
1344.0 470.0 1356.0 475.0 1343.0 506.0 1332.0 501.0 ship 0
768.0 1018.0 761.0 1032.0 721.0 1009.0 730.0 995.0 ship 0
753.0 1078.0 745.0 1092.0 706.0 1069.0 715.0 1055.0 ship 0
2526.0 1131.0 2526.0 1121.0 2561.0 1121.0 2561.0 1130.0 ship 0
436.0 1306.0 447.0 1302.0 460.0 1336.0 449.0 1341.0 ship 0
356.0 1312.0 366.0 1310.0 376.0 1345.0 365.0 1348.0 ship 0
340.0 1305.0 325.0 1304.0 330.0 1269.0 343.0 1270.0 ship 0
354.0 1305.0 342.0 1304.0 345.0 1269.0 357.0 1269.0 ship 0
314.0 1245.0 318.0 1232.0 358.0 1241.0 354.0 1255.0 ship 0
371.0 1302.0 359.0 1302.0 360.0 1267.0 372.0 1267.0 ship 0
386.0 1301.0 373.0 1299.0 377.0 1263.0 389.0 1265.0 ship 0
400.0 1300.0 388.0 1297.0 396.0 1265.0 408.0 1268.0 ship 0
417.0 1301.0 404.0 1298.0 410.0 1261.0 423.0 1263.0 ship 0
434.0 1300.0 420.0 1298.0 425.0 1252.0 439.0 1254.0 ship 0
449.0 1296.0 437.0 1296.0 440.0 1262.0 453.0 1264.0 ship 0
372.0 1313.0 384.0 1310.0 393.0 1343.0 381.0 1347.0 ship 0
389.0 1312.0 399.0 1308.0 411.0 1337.0 401.0 1341.0 ship 0
422.0 1308.0 432.0 1304.0 444.0 1342.0 433.0 1345.0 ship 0
454.0 1308.0 466.0 1305.0 475.0 1340.0 465.0 1343.0 ship 0
714.0 1043.0 723.0 1029.0 761.0 1050.0 753.0 1064.0 ship 0
471.0 1309.0 481.0 1306.0 491.0 1340.0 481.0 1343.0 ship 0
483.0 1305.0 495.0 1301.0 504.0 1336.0 492.0 1339.0 ship 0
499.0 1303.0 510.0 1300.0 518.0 1330.0 508.0 1334.0 ship 0
516.0 1285.0 502.0 1284.0 506.0 1242.0 520.0 1243.0 ship 0
532.0 1289.0 517.0 1287.0 524.0 1251.0 538.0 1254.0 ship 0
551.0 1291.0 536.0 1289.0 543.0 1242.0 558.0 1246.0 ship 0
537.0 1343.0 525.0 1344.0 517.0 1303.0 528.0 1301.0 ship 0
534.0 1296.0 545.0 1295.0 548.0 1328.0 536.0 1328.0 ship 0
542.0 1298.0 552.0 1293.0 565.0 1317.0 556.0 1322.0 ship 0
572.0 1321.0 556.0 1317.0 568.0 1270.0 582.0 1273.0 ship 0
562.0 1221.0 574.0 1223.0 567.0 1271.0 556.0 1269.0 ship 0
727.0 1154.0 722.0 1163.0 696.0 1147.0 702.0 1138.0 ship 0
738.0 1141.0 730.0 1155.0 686.0 1129.0 695.0 1115.0 ship 0
1296.0 428.0 1312.0 434.0 1294.0 483.0 1277.0 476.0 ship 0
1275.0 419.0 1292.0 425.0 1275.0 476.0 1258.0 470.0 ship 0
1253.0 413.0 1272.0 418.0 1255.0 469.0 1237.0 462.0 ship 0
2117.0 1220.0 2080.0 1193.0 2120.0 1141.0 2160.0 1170.0 harbor 0
1613.0 1425.0 1626.0 1406.0 1661.0 1434.0 1647.0 1452.0 swimming-pool 0
894.0 528.0 974.0 546.0 964.0 592.0 884.0 575.0 harbor 0
1300.0 622.0 1389.0 692.0 1367.0 722.0 1275.0 654.0 harbor 0
1519.0 666.0 1447.0 604.0 1482.0 568.0 1553.0 624.0 harbor 0
1401.0 685.0 1483.0 751.0 1451.0 789.0 1372.0 725.0 harbor 0
1501.0 780.0 1530.0 803.0 1509.0 831.0 1478.0 810.0 harbor 0
1624.0 752.0 1587.0 712.0 1635.0 665.0 1672.0 704.0 harbor 0
1658.0 763.0 1653.0 757.0 1688.0 723.0 1694.0 730.0 harbor 0
1671.0 786.0 1664.0 780.0 1707.0 742.0 1713.0 749.0 harbor 0
1729.0 821.0 1720.0 813.0 1767.0 772.0 1775.0 781.0 harbor 0
1802.0 917.0 1736.0 832.0 1798.0 783.0 1871.0 859.0 harbor 0
2259.0 1283.0 2220.0 1264.0 2243.0 1209.0 2285.0 1226.0 harbor 0
2197.0 1225.0 2171.0 1206.0 2195.0 1170.0 2223.0 1189.0 harbor 0
2066.0 1182.0 2052.0 1183.0 2049.0 1125.0 2062.0 1123.0 harbor 0
1207.0 409.0 1219.0 413.0 1208.0 450.0 1195.0 446.0 ship 0
1963.0 1109.0 1908.0 1060.0 1954.0 1010.0 2006.0 1059.0 harbor 0
1916.0 1045.0 1868.0 998.0 1923.0 945.0 1966.0 994.0 harbor 0
1848.0 976.0 1809.0 931.0 1865.0 879.0 1906.0 919.0 harbor 0
2014.0 1137.0 1988.0 1115.0 2034.0 1061.0 2062.0 1083.0 harbor 0
2425.0 764.0 2423.0 705.0 2550.0 704.0 2551.0 766.0 harbor 0
2585.0 1336.0 2506.0 1329.0 2506.0 1114.0 2585.0 1116.0 harbor 0
2301.0 902.0 2349.0 864.0 2563.0 1069.0 2513.0 1116.0 harbor 0
390.0 1411.0 417.0 1451.0 235.0 1584.0 206.0 1552.0 harbor 0
232.0 1336.0 298.0 1359.0 245.0 1500.0 176.0 1477.0 harbor 0
581.0 1248.0 585.0 1333.0 311.0 1355.0 306.0 1274.0 harbor 0
757.0 899.0 813.0 919.0 696.0 1308.0 639.0 1293.0 harbor 0
790.0 702.0 838.0 707.0 828.0 874.0 779.0 870.0 harbor 0
730.0 775.0 710.0 884.0 544.0 857.0 562.0 740.0 harbor 0
1801.0 1574.0 1813.0 1557.0 1848.0 1584.0 1836.0 1602.0 swimming-pool 0
1996.0 1709.0 2011.0 1692.0 2046.0 1718.0 2031.0 1737.0 swimming-pool 0
575.0 325.0 526.0 308.0 555.0 209.0 604.0 227.0 harbor 0
501.0 319.0 322.0 272.0 362.0 142.0 534.0 194.0 harbor 0
793.0 389.0 770.0 384.0 788.0 308.0 809.0 312.0 ship 0
759.0 301.0 777.0 305.0 764.0 371.0 744.0 367.0 ship 0
733.0 300.0 748.0 302.0 743.0 343.0 728.0 341.0 ship 0
706.0 290.0 723.0 295.0 706.0 355.0 688.0 350.0 ship 0
683.0 288.0 696.0 292.0 685.0 332.0 671.0 327.0 ship 0
661.0 278.0 675.0 282.0 657.0 339.0 642.0 333.0 ship 0
476.0 254.0 488.0 259.0 474.0 293.0 462.0 287.0 ship 0
496.0 241.0 513.0 246.0 497.0 298.0 480.0 292.0 ship 0
594.0 251.0 605.0 255.0 598.0 285.0 586.0 282.0 ship 0
557.0 231.0 570.0 235.0 560.0 268.0 548.0 264.0 ship 0
547.0 269.0 558.0 272.0 547.0 313.0 535.0 309.0 ship 0
321.0 228.0 334.0 231.0 325.0 264.0 312.0 259.0 ship 0
354.0 228.0 340.0 222.0 350.0 185.0 365.0 189.0 ship 0
340.0 228.0 353.0 230.0 342.0 271.0 328.0 266.0 ship 0
362.0 252.0 371.0 260.0 352.0 283.0 342.0 275.0 ship 0
367.0 187.0 386.0 191.0 367.0 256.0 350.0 251.0 ship 0
436.0 206.0 449.0 210.0 437.0 252.0 423.0 248.0 ship 0
418.0 202.0 430.0 206.0 418.0 242.0 406.0 236.0 ship 0
406.0 236.0 420.0 242.0 401.0 286.0 387.0 279.0 ship 0
322.0 452.0 306.0 448.0 322.0 394.0 337.0 399.0 ship 0
288.0 420.0 274.0 416.0 286.0 369.0 300.0 374.0 ship 0
269.0 356.0 280.0 360.0 272.0 386.0 261.0 382.0 ship 0
263.0 450.0 245.0 445.0 260.0 385.0 277.0 389.0 ship 0
241.0 379.0 258.0 384.0 244.0 434.0 227.0 430.0 ship 0
211.0 396.0 194.0 390.0 207.0 346.0 224.0 352.0 ship 0
192.0 336.0 205.0 339.0 196.0 374.0 184.0 370.0 ship 0
383.0 275.0 364.0 268.0 395.0 195.0 414.0 204.0 ship 0
341.0 1314.0 352.0 1311.0 361.0 1342.0 350.0 1346.0 ship 0
322.0 1312.0 336.0 1309.0 348.0 1350.0 332.0 1355.0 ship 0
306.0 1320.0 318.0 1316.0 330.0 1350.0 319.0 1355.0 ship 0
620.0 922.0 622.0 936.0 585.0 939.0 584.0 925.0 ship 0
1782.0 906.0 1769.0 888.0 1813.0 854.0 1825.0 869.0 ship 0
777.0 987.0 772.0 995.0 745.0 977.0 751.0 969.0 ship 0
781.0 969.0 774.0 980.0 741.0 959.0 748.0 950.0 ship 0
832.0 780.0 823.0 796.0 777.0 768.0 788.0 753.0 ship 0
834.0 756.0 824.0 772.0 774.0 742.0 784.0 725.0 ship 0
835.0 733.0 829.0 748.0 786.0 720.0 794.0 708.0 ship 0
642.0 1033.0 666.0 1040.0 645.0 1100.0 623.0 1091.0 ship 0
520.0 813.0 522.0 803.0 554.0 806.0 553.0 817.0 ship 0
549.0 809.0 564.0 807.0 568.0 856.0 553.0 857.0 ship 0
552.0 980.0 546.0 987.0 526.0 967.0 534.0 960.0 ship 0
524.0 948.0 518.0 958.0 488.0 940.0 494.0 931.0 ship 0
625.0 961.0 626.0 986.0 549.0 988.0 548.0 965.0 ship 0
629.0 940.0 629.0 955.0 586.0 957.0 586.0 943.0 ship 0
512.0 926.0 511.0 912.0 562.0 906.0 563.0 922.0 ship 0
681.0 823.0 664.0 814.0 686.0 765.0 704.0 773.0 ship 0
510.0 912.0 510.0 899.0 556.0 894.0 557.0 907.0 ship 0
610.0 899.0 612.0 914.0 566.0 921.0 564.0 907.0 ship 0
569.0 905.0 567.0 894.0 598.0 888.0 601.0 899.0 ship 0
590.0 813.0 603.0 812.0 605.0 856.0 592.0 856.0 ship 0
607.0 817.0 622.0 816.0 624.0 866.0 610.0 866.0 ship 0
719.0 868.0 703.0 864.0 713.0 806.0 728.0 809.0 ship 0
704.0 882.0 689.0 883.0 685.0 834.0 699.0 833.0 ship 0
665.0 829.0 678.0 828.0 682.0 867.0 668.0 868.0 ship 0
646.0 824.0 661.0 823.0 663.0 866.0 648.0 866.0 ship 0
626.0 821.0 639.0 820.0 643.0 866.0 628.0 866.0 ship 0
567.0 790.0 554.0 783.0 568.0 752.0 581.0 757.0 ship 0
616.0 749.0 630.0 758.0 605.0 798.0 592.0 790.0 ship 0
623.0 810.0 609.0 801.0 634.0 756.0 647.0 763.0 ship 0
1844.0 874.0 1854.0 887.0 1816.0 918.0 1806.0 906.0 ship 0
1786.0 872.0 1778.0 861.0 1806.0 837.0 1814.0 849.0 ship 0
1744.0 772.0 1754.0 783.0 1721.0 811.0 1712.0 800.0 ship 0
1727.0 1094.0 1719.0 1086.0 1743.0 1061.0 1752.0 1070.0 ship 0
2526.0 1148.0 2527.0 1136.0 2561.0 1136.0 2560.0 1148.0 ship 0
2526.0 1164.0 2527.0 1152.0 2563.0 1153.0 2562.0 1165.0 ship 0
2526.0 1180.0 2527.0 1168.0 2560.0 1170.0 2559.0 1181.0 ship 0
2528.0 1196.0 2528.0 1185.0 2555.0 1187.0 2555.0 1197.0 ship 0
2526.0 1213.0 2526.0 1201.0 2563.0 1201.0 2563.0 1214.0 ship 0
2526.0 1229.0 2527.0 1217.0 2560.0 1219.0 2560.0 1231.0 ship 0
2524.0 1261.0 2525.0 1248.0 2564.0 1250.0 2564.0 1263.0 ship 0
2523.0 1277.0 2524.0 1265.0 2561.0 1267.0 2561.0 1278.0 ship 0
2527.0 1299.0 2528.0 1283.0 2577.0 1287.0 2575.0 1302.0 ship 0
2523.0 1322.0 2525.0 1305.0 2589.0 1308.0 2588.0 1326.0 ship 0
2580.0 1334.0 2579.0 1354.0 2510.0 1349.0 2511.0 1327.0 ship 0
2428.0 1274.0 2440.0 1275.0 2439.0 1311.0 2426.0 1310.0 ship 0
2273.0 1244.0 2287.0 1250.0 2273.0 1290.0 2257.0 1283.0 ship 0
2252.0 1248.0 2261.0 1252.0 2249.0 1281.0 2239.0 1276.0 ship 0
2239.0 1239.0 2249.0 1245.0 2234.0 1280.0 2223.0 1273.0 ship 0
2223.0 1223.0 2236.0 1230.0 2217.0 1265.0 2205.0 1258.0 ship 0
2120.0 1165.0 2128.0 1154.0 2159.0 1177.0 2151.0 1187.0 ship 0
2127.0 1173.0 2138.0 1181.0 2112.0 1217.0 2099.0 1208.0 ship 0
2141.0 1184.0 2153.0 1192.0 2127.0 1228.0 2115.0 1219.0 ship 0
2159.0 1405.0 2147.0 1399.0 2158.0 1371.0 2169.0 1375.0 ship 0
2105.0 1348.0 2114.0 1355.0 2095.0 1381.0 2087.0 1374.0 ship 0
2065.0 1358.0 2053.0 1350.0 2070.0 1324.0 2082.0 1331.0 ship 0
2048.0 1348.0 2037.0 1339.0 2057.0 1311.0 2069.0 1320.0 ship 0
2031.0 1126.0 2049.0 1126.0 2051.0 1179.0 2034.0 1179.0 ship 0
1888.0 1235.0 1887.0 1225.0 1913.0 1223.0 1914.0 1234.0 ship 0
1858.0 1222.0 1855.0 1208.0 1892.0 1202.0 1894.0 1217.0 ship 0
1739.0 1101.0 1734.0 1092.0 1757.0 1080.0 1761.0 1089.0 ship 0
642.0 815.0 624.0 807.0 647.0 763.0 663.0 771.0 ship 0
706.0 775.0 721.0 783.0 700.0 823.0 686.0 816.0 ship 0
289.0 1318.0 302.0 1313.0 314.0 1348.0 301.0 1353.0 ship 0
198.0 1526.0 215.0 1521.0 228.0 1575.0 213.0 1581.0 ship 0
334.0 598.0 338.0 586.0 375.0 598.0 371.0 611.0 ship 0
380.0 607.0 384.0 593.0 425.0 607.0 421.0 621.0 ship 0
333.0 584.0 337.0 570.0 383.0 584.0 379.0 598.0 ship 0
264.0 627.0 261.0 638.0 224.0 627.0 228.0 616.0 ship 0
375.0 1472.0 365.0 1457.0 405.0 1431.0 414.0 1445.0 ship 0
347.0 1433.0 362.0 1430.0 371.0 1479.0 357.0 1480.0 ship 0
338.0 1500.0 324.0 1502.0 317.0 1463.0 330.0 1460.0 ship 0
295.0 1551.0 288.0 1539.0 319.0 1519.0 327.0 1530.0 ship 0
306.0 1522.0 293.0 1524.0 286.0 1480.0 298.0 1478.0 ship 0
290.0 1530.0 275.0 1532.0 265.0 1481.0 281.0 1479.0 ship 0
275.0 1548.0 262.0 1550.0 252.0 1506.0 266.0 1503.0 ship 0
258.0 1555.0 245.0 1558.0 239.0 1526.0 251.0 1524.0 ship 0
244.0 1562.0 232.0 1566.0 221.0 1533.0 234.0 1528.0 ship 0
220.0 1606.0 213.0 1596.0 242.0 1574.0 250.0 1585.0 ship 0
591.0 730.0 600.0 718.0 644.0 743.0 637.0 756.0 ship 0
192.0 1566.0 203.0 1561.0 212.0 1593.0 201.0 1598.0 ship 0
173.0 1516.0 187.0 1511.0 198.0 1550.0 185.0 1555.0 ship 0
209.0 1515.0 193.0 1520.0 181.0 1478.0 196.0 1474.0 ship 0
191.0 1470.0 189.0 1451.0 237.0 1444.0 240.0 1462.0 ship 0
244.0 1461.0 242.0 1443.0 296.0 1433.0 299.0 1451.0 ship 0
205.0 1443.0 202.0 1429.0 256.0 1420.0 258.0 1435.0 ship 0
209.0 1426.0 207.0 1410.0 268.0 1400.0 271.0 1416.0 ship 0
216.0 1402.0 214.0 1391.0 258.0 1383.0 260.0 1396.0 ship 0
299.0 1376.0 302.0 1389.0 262.0 1397.0 260.0 1385.0 ship 0
227.0 1382.0 225.0 1370.0 264.0 1361.0 266.0 1373.0 ship 0
229.0 1363.0 228.0 1351.0 267.0 1345.0 269.0 1356.0 ship 0
293.0 1311.0 279.0 1302.0 297.0 1264.0 313.0 1271.0 ship 0
267.0 1318.0 281.0 1313.0 298.0 1359.0 284.0 1364.0 ship 0
300.0 583.0 304.0 572.0 338.0 583.0 333.0 594.0 ship 0
308.0 633.0 312.0 622.0 346.0 629.0 342.0 643.0 ship 0
351.0 682.0 339.0 678.0 350.0 645.0 361.0 649.0 ship 0
365.0 685.0 352.0 681.0 362.0 647.0 375.0 651.0 ship 0
786.0 565.0 770.0 559.0 781.0 519.0 798.0 525.0 ship 0
634.0 650.0 623.0 642.0 642.0 611.0 653.0 618.0 ship 0
648.0 652.0 639.0 648.0 655.0 622.0 663.0 626.0 ship 0
674.0 614.0 686.0 622.0 669.0 653.0 656.0 647.0 ship 0
682.0 661.0 671.0 654.0 688.0 626.0 698.0 632.0 ship 0
698.0 665.0 688.0 659.0 703.0 634.0 712.0 638.0 ship 0
712.0 670.0 700.0 663.0 719.0 632.0 730.0 638.0 ship 0
729.0 674.0 718.0 667.0 737.0 636.0 747.0 642.0 ship 0
742.0 688.0 727.0 680.0 748.0 646.0 761.0 654.0 ship 0
687.0 671.0 697.0 671.0 698.0 702.0 687.0 702.0 ship 0
700.0 675.0 713.0 673.0 714.0 709.0 702.0 709.0 ship 0
716.0 677.0 727.0 677.0 728.0 709.0 716.0 709.0 ship 0
739.0 716.0 729.0 715.0 730.0 685.0 742.0 686.0 ship 0
620.0 644.0 609.0 637.0 625.0 612.0 635.0 619.0 ship 0
655.0 662.0 666.0 663.0 668.0 694.0 658.0 696.0 ship 0
640.0 659.0 652.0 659.0 652.0 688.0 640.0 687.0 ship 0
624.0 654.0 637.0 655.0 635.0 687.0 622.0 686.0 ship 0
609.0 651.0 620.0 652.0 619.0 681.0 608.0 680.0 ship 0
473.0 619.0 467.0 632.0 433.0 618.0 440.0 606.0 ship 0
565.0 577.0 578.0 585.0 559.0 616.0 547.0 609.0 ship 0
587.0 576.0 599.0 583.0 572.0 624.0 560.0 617.0 ship 0
535.0 600.0 549.0 608.0 521.0 659.0 507.0 650.0 ship 0
416.0 662.0 421.0 648.0 461.0 662.0 456.0 675.0 ship 0
404.0 698.0 393.0 695.0 402.0 659.0 412.0 663.0 ship 0
390.0 696.0 377.0 692.0 387.0 655.0 400.0 658.0 ship 0
373.0 649.0 378.0 639.0 405.0 648.0 401.0 659.0 ship 0
313.0 677.0 316.0 666.0 344.0 674.0 340.0 685.0 ship 0
553.0 1726.0 543.0 1720.0 554.0 1706.0 563.0 1713.0 small-vehicle 1
537.0 1743.0 529.0 1738.0 541.0 1724.0 549.0 1728.0 small-vehicle 1
666.0 1616.0 676.0 1621.0 663.0 1641.0 653.0 1635.0 small-vehicle 0
1713.0 1494.0 1704.0 1488.0 1718.0 1470.0 1727.0 1476.0 small-vehicle 1
1833.0 1373.0 1825.0 1367.0 1839.0 1352.0 1845.0 1356.0 small-vehicle 1
1926.0 1438.0 1918.0 1434.0 1930.0 1416.0 1937.0 1421.0 small-vehicle 1
1704.0 1260.0 1696.0 1253.0 1709.0 1240.0 1717.0 1245.0 small-vehicle 1
1689.0 1242.0 1696.0 1248.0 1685.0 1264.0 1678.0 1257.0 small-vehicle 1
1761.0 1289.0 1770.0 1298.0 1755.0 1315.0 1747.0 1307.0 small-vehicle 1
1733.0 1333.0 1739.0 1323.0 1757.0 1338.0 1750.0 1346.0 small-vehicle 1
1750.0 1346.0 1757.0 1338.0 1774.0 1351.0 1769.0 1358.0 small-vehicle 1
1824.0 1405.0 1831.0 1395.0 1848.0 1409.0 1842.0 1416.0 small-vehicle 1
1911.0 1499.0 1903.0 1509.0 1885.0 1495.0 1892.0 1488.0 small-vehicle 1
1654.0 1594.0 1645.0 1586.0 1659.0 1566.0 1667.0 1573.0 small-vehicle 1
1876.0 1470.0 1870.0 1479.0 1852.0 1466.0 1859.0 1459.0 small-vehicle 1
1840.0 1446.0 1834.0 1455.0 1819.0 1443.0 1824.0 1433.0 small-vehicle 1
1784.0 1441.0 1794.0 1448.0 1783.0 1466.0 1773.0 1460.0 small-vehicle 1
1737.0 1371.0 1731.0 1377.0 1715.0 1366.0 1721.0 1358.0 small-vehicle 1
1851.0 1388.0 1842.0 1382.0 1854.0 1366.0 1862.0 1371.0 small-vehicle 1
1688.0 1332.0 1683.0 1340.0 1668.0 1329.0 1673.0 1321.0 small-vehicle 1
1653.0 1305.0 1648.0 1313.0 1630.0 1302.0 1636.0 1294.0 small-vehicle 1
1559.0 1237.0 1555.0 1244.0 1539.0 1234.0 1543.0 1227.0 small-vehicle 1
1540.0 1223.0 1534.0 1231.0 1516.0 1218.0 1523.0 1209.0 small-vehicle 1
1516.0 1202.0 1510.0 1211.0 1493.0 1199.0 1499.0 1192.0 small-vehicle 1
1462.0 1163.0 1455.0 1171.0 1439.0 1158.0 1444.0 1150.0 small-vehicle 1
1378.0 1111.0 1383.0 1105.0 1404.0 1122.0 1398.0 1129.0 small-vehicle 1
1394.0 947.0 1403.0 953.0 1393.0 969.0 1383.0 963.0 small-vehicle 1
1386.0 1073.0 1391.0 1064.0 1410.0 1079.0 1403.0 1086.0 small-vehicle 1
1435.0 1073.0 1441.0 1065.0 1462.0 1079.0 1458.0 1086.0 small-vehicle 1
1036.0 665.0 1043.0 672.0 1033.0 689.0 1024.0 682.0 small-vehicle 1
1001.0 785.0 1009.0 776.0 1030.0 794.0 1023.0 802.0 small-vehicle 1
1032.0 807.0 1040.0 799.0 1054.0 813.0 1049.0 820.0 small-vehicle 1
1842.0 1381.0 1835.0 1376.0 1848.0 1360.0 1853.0 1364.0 small-vehicle 1
1965.0 1460.0 1973.0 1466.0 1962.0 1482.0 1954.0 1475.0 small-vehicle 1
1089.0 1197.0 1094.0 1190.0 1111.0 1202.0 1105.0 1210.0 small-vehicle 1
1636.0 1212.0 1626.0 1205.0 1638.0 1190.0 1645.0 1196.0 small-vehicle 1
2023.0 1594.0 2028.0 1587.0 2043.0 1600.0 2038.0 1605.0 small-vehicle 1
1982.0 1566.0 1986.0 1560.0 2001.0 1569.0 1996.0 1574.0 small-vehicle 1
1967.0 1556.0 1972.0 1548.0 1987.0 1558.0 1980.0 1564.0 small-vehicle 1
1986.0 1525.0 1992.0 1517.0 2009.0 1530.0 2004.0 1536.0 small-vehicle 1
2031.0 1560.0 2037.0 1550.0 2053.0 1564.0 2048.0 1570.0 small-vehicle 1
2187.0 1555.0 2194.0 1562.0 2183.0 1577.0 2176.0 1571.0 small-vehicle 1
2202.0 1568.0 2209.0 1572.0 2199.0 1589.0 2191.0 1584.0 small-vehicle 1
2194.0 1562.0 2202.0 1568.0 2191.0 1586.0 2182.0 1581.0 small-vehicle 1
2147.0 1580.0 2154.0 1585.0 2141.0 1603.0 2135.0 1596.0 small-vehicle 1
2135.0 1589.0 2129.0 1596.0 2111.0 1583.0 2115.0 1575.0 small-vehicle 1
1659.0 1231.0 1650.0 1226.0 1662.0 1208.0 1671.0 1216.0 small-vehicle 1
1651.0 1224.0 1641.0 1217.0 1652.0 1203.0 1661.0 1207.0 small-vehicle 1
1643.0 1217.0 1635.0 1213.0 1646.0 1198.0 1651.0 1204.0 small-vehicle 1
1611.0 1196.0 1603.0 1191.0 1614.0 1174.0 1621.0 1182.0 small-vehicle 1
1986.0 1410.0 2006.0 1387.0 2046.0 1415.0 2024.0 1440.0 swimming-pool 0
1603.0 1190.0 1595.0 1184.0 1606.0 1166.0 1614.0 1172.0 small-vehicle 1
1596.0 1181.0 1587.0 1175.0 1597.0 1161.0 1604.0 1166.0 small-vehicle 1
1587.0 1176.0 1577.0 1170.0 1588.0 1152.0 1597.0 1158.0 small-vehicle 1
1506.0 1162.0 1512.0 1153.0 1529.0 1168.0 1523.0 1175.0 small-vehicle 1
1482.0 1146.0 1490.0 1140.0 1508.0 1152.0 1502.0 1162.0 small-vehicle 1
1462.0 1131.0 1469.0 1125.0 1488.0 1138.0 1481.0 1145.0 small-vehicle 1
2037.0 141.0 2089.0 135.0 2098.0 159.0 2047.0 167.0 swimming-pool 0
1433.0 129.0 1447.0 115.0 1473.0 140.0 1459.0 156.0 swimming-pool 0
2077.0 405.0 2127.0 407.0 2128.0 430.0 2077.0 428.0 swimming-pool 0
1810.0 478.0 1863.0 476.0 1864.0 500.0 1810.0 499.0 swimming-pool 0
1804.0 780.0 1816.0 773.0 1830.0 789.0 1818.0 798.0 swimming-pool 0
1382.0 796.0 1406.0 765.0 1426.0 782.0 1403.0 813.0 swimming-pool 0
1461.0 823.0 1471.0 811.0 1503.0 837.0 1493.0 849.0 swimming-pool 0
1037.0 844.0 1030.0 850.0 1015.0 838.0 1018.0 830.0 small-vehicle 1
993.0 825.0 998.0 817.0 1019.0 830.0 1011.0 838.0 small-vehicle 1
962.0 800.0 967.0 793.0 984.0 806.0 978.0 812.0 small-vehicle 1
959.0 1188.0 949.0 1182.0 960.0 1166.0 967.0 1173.0 small-vehicle 1
1070.0 1106.0 1076.0 1098.0 1092.0 1112.0 1085.0 1119.0 small-vehicle 1
1057.0 1039.0 1064.0 1043.0 1052.0 1061.0 1043.0 1055.0 small-vehicle 1
1045.0 1058.0 1051.0 1064.0 1039.0 1077.0 1034.0 1070.0 small-vehicle 1
1031.0 1073.0 1039.0 1079.0 1027.0 1094.0 1018.0 1089.0 small-vehicle 1
1011.0 1068.0 1017.0 1072.0 1007.0 1087.0 1000.0 1082.0 small-vehicle 1
983.0 1153.0 975.0 1148.0 986.0 1132.0 992.0 1137.0 small-vehicle 1
960.0 1127.0 968.0 1133.0 958.0 1149.0 951.0 1142.0 small-vehicle 1
948.0 1160.0 943.0 1165.0 930.0 1156.0 938.0 1149.0 small-vehicle 1
941.0 1139.0 932.0 1134.0 942.0 1118.0 951.0 1121.0 small-vehicle 1
924.0 1126.0 917.0 1120.0 927.0 1104.0 935.0 1110.0 small-vehicle 1
915.0 1117.0 910.0 1113.0 918.0 1098.0 924.0 1102.0 small-vehicle 1
899.0 1110.0 890.0 1105.0 901.0 1088.0 909.0 1092.0 small-vehicle 1
890.0 1103.0 883.0 1099.0 893.0 1084.0 900.0 1088.0 small-vehicle 1
863.0 1180.0 867.0 1172.0 883.0 1181.0 878.0 1189.0 small-vehicle 1
945.0 787.0 952.0 779.0 967.0 792.0 961.0 800.0 small-vehicle 1
807.0 1166.0 812.0 1157.0 832.0 1171.0 825.0 1179.0 small-vehicle 1
812.0 1158.0 816.0 1150.0 834.0 1161.0 831.0 1169.0 small-vehicle 1
815.0 1149.0 817.0 1140.0 837.0 1150.0 833.0 1159.0 small-vehicle 1
815.0 1137.0 819.0 1128.0 839.0 1138.0 835.0 1145.0 small-vehicle 1
842.0 1128.0 840.0 1137.0 817.0 1128.0 820.0 1120.0 small-vehicle 1
824.0 1115.0 827.0 1106.0 848.0 1111.0 844.0 1120.0 small-vehicle 1
825.0 1095.0 828.0 1085.0 849.0 1091.0 847.0 1099.0 small-vehicle 1
823.0 1079.0 825.0 1069.0 844.0 1080.0 840.0 1088.0 small-vehicle 1
846.0 997.0 856.0 1000.0 853.0 1019.0 844.0 1017.0 small-vehicle 1
820.0 1063.0 824.0 1055.0 842.0 1061.0 838.0 1070.0 small-vehicle 1
1053.0 1104.0 1062.0 1111.0 1052.0 1125.0 1043.0 1119.0 small-vehicle 1
1039.0 1124.0 1046.0 1130.0 1036.0 1140.0 1030.0 1134.0 small-vehicle 1
1025.0 1144.0 1032.0 1151.0 1020.0 1167.0 1010.0 1162.0 small-vehicle 1
1100.0 1061.0 1106.0 1054.0 1118.0 1065.0 1112.0 1071.0 small-vehicle 1
1108.0 1052.0 1113.0 1045.0 1128.0 1056.0 1121.0 1061.0 small-vehicle 1
1088.0 997.0 1098.0 1005.0 1084.0 1021.0 1076.0 1015.0 small-vehicle 1
1069.0 1021.0 1079.0 1027.0 1066.0 1044.0 1058.0 1035.0 small-vehicle 1
920.0 766.0 926.0 759.0 945.0 774.0 939.0 782.0 small-vehicle 1
905.0 523.0 918.0 526.0 910.0 563.0 895.0 559.0 ship 0
966.0 578.0 954.0 575.0 961.0 540.0 974.0 542.0 ship 0
920.0 530.0 931.0 531.0 926.0 568.0 914.0 567.0 ship 0
981.0 611.0 993.0 614.0 986.0 641.0 973.0 637.0 ship 0
974.0 706.0 986.0 714.0 972.0 737.0 958.0 727.0 ship 0
966.0 674.0 957.0 682.0 932.0 664.0 942.0 649.0 ship 0
929.0 597.0 941.0 595.0 953.0 629.0 936.0 633.0 ship 0
1100.0 769.0 1093.0 777.0 1069.0 755.0 1075.0 747.0 ship 0
1090.0 773.0 1081.0 782.0 1060.0 764.0 1068.0 755.0 ship 0
1158.0 696.0 1167.0 703.0 1151.0 727.0 1140.0 720.0 ship 0
1164.0 644.0 1174.0 648.0 1162.0 676.0 1150.0 670.0 ship 0
1230.0 691.0 1223.0 700.0 1196.0 683.0 1203.0 670.0 ship 0
1137.0 710.0 1125.0 704.0 1141.0 676.0 1152.0 683.0 ship 0
1099.0 649.0 1105.0 639.0 1134.0 655.0 1126.0 667.0 ship 0
891.0 858.0 909.0 862.0 904.0 901.0 883.0 897.0 ship 0
1047.0 984.0 1054.0 978.0 1076.0 998.0 1071.0 1005.0 ship 0
1035.0 1003.0 1043.0 997.0 1063.0 1015.0 1057.0 1021.0 ship 0
1025.0 1012.0 1033.0 1002.0 1056.0 1023.0 1049.0 1031.0 ship 0
1107.0 863.0 1114.0 855.0 1133.0 868.0 1125.0 875.0 small-vehicle 1
1013.0 915.0 1003.0 907.0 1019.0 885.0 1029.0 891.0 small-vehicle 1
954.0 979.0 945.0 974.0 956.0 955.0 967.0 961.0 small-vehicle 1
969.0 990.0 959.0 985.0 971.0 969.0 979.0 973.0 small-vehicle 1
1265.0 1028.0 1271.0 1020.0 1287.0 1032.0 1282.0 1038.0 small-vehicle 1
1148.0 993.0 1153.0 985.0 1167.0 995.0 1162.0 1001.0 small-vehicle 1
1124.0 965.0 1115.0 960.0 1128.0 945.0 1135.0 949.0 small-vehicle 1
1099.0 1000.0 1091.0 994.0 1107.0 974.0 1114.0 982.0 small-vehicle 1
2066.0 1616.0 2060.0 1625.0 2041.0 1612.0 2048.0 1604.0 small-vehicle 1
2095.0 1606.0 2101.0 1599.0 2119.0 1610.0 2114.0 1617.0 small-vehicle 1
2047.0 1570.0 2054.0 1563.0 2071.0 1578.0 2064.0 1583.0 small-vehicle 1
941.0 133.0 946.0 124.0 967.0 136.0 962.0 142.0 small-vehicle 1
1957.0 248.0 1956.0 258.0 1934.0 256.0 1936.0 247.0 small-vehicle 1
1726.0 398.0 1718.0 391.0 1733.0 380.0 1739.0 386.0 small-vehicle 1
1733.0 372.0 1733.0 381.0 1714.0 380.0 1713.0 372.0 small-vehicle 1
1680.0 89.0 1689.0 87.0 1691.0 104.0 1683.0 106.0 small-vehicle 1
1670.0 94.0 1677.0 94.0 1679.0 111.0 1669.0 112.0 small-vehicle 1
1567.0 137.0 1578.0 138.0 1577.0 159.0 1567.0 159.0 small-vehicle 1
1514.0 157.0 1507.0 165.0 1494.0 150.0 1500.0 143.0 small-vehicle 1
1484.0 130.0 1476.0 136.0 1462.0 120.0 1469.0 114.0 small-vehicle 1
1470.0 113.0 1464.0 118.0 1451.0 103.0 1457.0 96.0 small-vehicle 1
1441.0 80.0 1446.0 87.0 1433.0 97.0 1428.0 91.0 small-vehicle 1
951.0 107.0 956.0 100.0 975.0 110.0 970.0 118.0 small-vehicle 1
1045.0 153.0 1049.0 143.0 1069.0 153.0 1066.0 162.0 small-vehicle 1
975.0 118.0 980.0 110.0 996.0 118.0 992.0 127.0 small-vehicle 1
1080.0 221.0 1076.0 230.0 1055.0 223.0 1057.0 215.0 small-vehicle 1
1558.0 531.0 1554.0 539.0 1537.0 532.0 1539.0 525.0 small-vehicle 1
1036.0 231.0 1031.0 238.0 1011.0 227.0 1014.0 219.0 small-vehicle 1
1005.0 234.0 1003.0 243.0 980.0 240.0 982.0 228.0 small-vehicle 1
1091.0 314.0 1080.0 312.0 1085.0 292.0 1095.0 293.0 small-vehicle 1
1292.0 196.0 1283.0 199.0 1279.0 182.0 1286.0 180.0 small-vehicle 1
1191.0 302.0 1188.0 313.0 1163.0 304.0 1167.0 294.0 small-vehicle 1
1200.0 353.0 1211.0 353.0 1211.0 372.0 1201.0 371.0 small-vehicle 1
1219.0 304.0 1212.0 311.0 1193.0 300.0 1198.0 293.0 small-vehicle 1
1293.0 289.0 1296.0 280.0 1316.0 291.0 1311.0 299.0 small-vehicle 1
1344.0 424.0 1335.0 421.0 1344.0 400.0 1353.0 404.0 small-vehicle 1
1352.0 408.0 1361.0 412.0 1352.0 427.0 1344.0 423.0 small-vehicle 1
1510.0 456.0 1516.0 447.0 1534.0 458.0 1528.0 467.0 small-vehicle 1
1490.0 496.0 1485.0 505.0 1470.0 493.0 1475.0 487.0 small-vehicle 1
1513.0 511.0 1508.0 518.0 1492.0 507.0 1496.0 500.0 small-vehicle 1
2054.0 247.0 2056.0 257.0 2037.0 259.0 2037.0 250.0 small-vehicle 1
2122.0 230.0 2123.0 239.0 2103.0 244.0 2100.0 234.0 small-vehicle 1
1875.0 68.0 1873.0 57.0 1896.0 55.0 1898.0 64.0 small-vehicle 1
1966.0 54.0 1962.0 43.0 1984.0 40.0 1985.0 48.0 small-vehicle 1
481.0 1295.0 469.0 1293.0 473.0 1253.0 488.0 1254.0 ship 1
466.0 1289.0 454.0 1288.0 458.0 1253.0 470.0 1254.0 ship 1
661.0 819.0 644.0 813.0 666.0 768.0 681.0 776.0 ship 1
567.0 816.0 586.0 816.0 590.0 870.0 571.0 871.0 ship 1
583.0 806.0 561.0 795.0 590.0 740.0 609.0 749.0 ship 1
545.0 830.0 539.0 844.0 500.0 825.0 508.0 812.0 ship 1
767.0 565.0 784.0 569.0 776.0 609.0 759.0 605.0 ship 1
775.0 194.0 764.0 192.0 770.0 174.0 779.0 175.0 small-vehicle 1
330.0 201.0 342.0 205.0 337.0 223.0 325.0 221.0 ship 1
1684.0 784.0 1677.0 775.0 1694.0 762.0 1702.0 772.0 ship 0
1911.0 994.0 1927.0 1005.0 1895.0 1037.0 1882.0 1026.0 ship 0
2510.0 234.0 2511.0 225.0 2535.0 230.0 2533.0 238.0 small-vehicle 1
2538.0 231.0 2538.0 223.0 2557.0 221.0 2558.0 229.0 small-vehicle 1
2510.0 84.0 2504.0 90.0 2490.0 76.0 2497.0 69.0 small-vehicle 1
2546.0 107.0 2554.0 100.0 2569.0 119.0 2561.0 124.0 small-vehicle 1
2530.0 170.0 2524.0 162.0 2542.0 152.0 2548.0 160.0 small-vehicle 1
2498.0 156.0 2507.0 156.0 2508.0 177.0 2499.0 176.0 small-vehicle 1
2280.0 74.0 2277.0 66.0 2297.0 58.0 2299.0 65.0 small-vehicle 1
2318.0 0.0 2324.0 8.0 2313.0 21.0 2306.0 15.0 small-vehicle 1
2301.0 9.0 2308.0 15.0 2295.0 30.0 2289.0 24.0 small-vehicle 1
2385.0 240.0 2374.0 241.0 2373.0 221.0 2383.0 220.0 small-vehicle 1
2348.0 243.0 2338.0 242.0 2341.0 223.0 2351.0 223.0 small-vehicle 1
2337.0 204.0 2334.0 214.0 2313.0 213.0 2313.0 203.0 small-vehicle 1
2129.0 23.0 2121.0 26.0 2116.0 8.0 2126.0 5.0 small-vehicle 1
2119.0 27.0 2109.0 29.0 2106.0 10.0 2115.0 9.0 small-vehicle 1
2052.0 38.0 2050.0 29.0 2073.0 27.0 2074.0 35.0 small-vehicle 1
1986.0 61.0 1989.0 69.0 1971.0 75.0 1968.0 67.0 small-vehicle 1
1532.0 520.0 1526.0 528.0 1509.0 519.0 1515.0 511.0 small-vehicle 1
1577.0 542.0 1574.0 549.0 1555.0 540.0 1560.0 532.0 small-vehicle 1
2148.0 1645.0 2156.0 1638.0 2171.0 1650.0 2165.0 1657.0 small-vehicle 1
2459.0 1158.0 2452.0 1163.0 2438.0 1146.0 2448.0 1138.0 small-vehicle 1
2112.0 745.0 2103.0 745.0 2105.0 726.0 2114.0 727.0 small-vehicle 0
2107.0 805.0 2097.0 805.0 2096.0 785.0 2105.0 784.0 small-vehicle 0
2082.0 830.0 2085.0 822.0 2103.0 834.0 2100.0 839.0 small-vehicle 0
2218.0 869.0 2216.0 878.0 2194.0 873.0 2196.0 864.0 small-vehicle 1
2211.0 895.0 2207.0 900.0 2193.0 888.0 2199.0 883.0 small-vehicle 1
2230.0 912.0 2223.0 918.0 2210.0 904.0 2216.0 897.0 small-vehicle 1
2259.0 934.0 2253.0 942.0 2234.0 928.0 2240.0 921.0 small-vehicle 1
2170.0 1069.0 2160.0 1062.0 2176.0 1047.0 2183.0 1054.0 small-vehicle 1
2153.0 1056.0 2151.0 1044.0 2174.0 1038.0 2177.0 1047.0 small-vehicle 1
2295.0 940.0 2301.0 947.0 2289.0 963.0 2280.0 956.0 small-vehicle 1
2322.0 967.0 2325.0 975.0 2310.0 986.0 2305.0 979.0 small-vehicle 1
2325.0 1040.0 2322.0 1047.0 2304.0 1036.0 2310.0 1027.0 small-vehicle 1
2246.0 1087.0 2254.0 1093.0 2240.0 1112.0 2231.0 1107.0 small-vehicle 1
2075.0 1553.0 2081.0 1546.0 2098.0 1559.0 2092.0 1567.0 small-vehicle 1
1664.0 574.0 1660.0 582.0 1639.0 576.0 1644.0 567.0 small-vehicle 1
2172.0 1606.0 2181.0 1611.0 2169.0 1628.0 2160.0 1623.0 small-vehicle 1
2113.0 1618.0 2120.0 1610.0 2135.0 1623.0 2128.0 1630.0 small-vehicle 1
2261.0 1731.0 2269.0 1721.0 2287.0 1736.0 2280.0 1744.0 small-vehicle 1
2271.0 1692.0 2263.0 1700.0 2247.0 1686.0 2254.0 1678.0 small-vehicle 1
2234.0 1712.0 2241.0 1702.0 2258.0 1715.0 2252.0 1723.0 small-vehicle 1
2216.0 1697.0 2223.0 1689.0 2242.0 1701.0 2236.0 1708.0 small-vehicle 1
2200.0 1682.0 2205.0 1674.0 2224.0 1688.0 2217.0 1694.0 small-vehicle 1
2168.0 1693.0 2162.0 1701.0 2144.0 1688.0 2152.0 1680.0 small-vehicle 1
2150.0 1680.0 2145.0 1686.0 2129.0 1675.0 2135.0 1669.0 small-vehicle 1
2070.0 1666.0 2064.0 1659.0 2079.0 1643.0 2085.0 1650.0 small-vehicle 1
2060.0 1658.0 2054.0 1654.0 2065.0 1643.0 2071.0 1648.0 small-vehicle 1
2055.0 1652.0 2050.0 1645.0 2061.0 1631.0 2068.0 1638.0 small-vehicle 1
2134.0 1666.0 2126.0 1673.0 2110.0 1660.0 2116.0 1653.0 small-vehicle 1
1963.0 813.0 1956.0 804.0 1968.0 792.0 1977.0 799.0 small-vehicle 0
1946.0 740.0 1952.0 730.0 1975.0 745.0 1967.0 755.0 small-vehicle 0
1869.0 675.0 1876.0 667.0 1893.0 680.0 1886.0 687.0 small-vehicle 0
1838.0 654.0 1846.0 646.0 1862.0 659.0 1855.0 666.0 small-vehicle 0
1725.0 588.0 1723.0 597.0 1702.0 592.0 1703.0 583.0 small-vehicle 1
1737.0 561.0 1735.0 570.0 1708.0 565.0 1710.0 557.0 small-vehicle 1
1769.0 590.0 1771.0 580.0 1793.0 582.0 1790.0 591.0 small-vehicle 1
2125.0 540.0 2128.0 530.0 2149.0 533.0 2147.0 542.0 small-vehicle 1
2219.0 545.0 2219.0 536.0 2241.0 539.0 2239.0 548.0 small-vehicle 1
2198.0 546.0 2199.0 536.0 2219.0 537.0 2218.0 545.0 small-vehicle 1
2206.0 526.0 2207.0 516.0 2229.0 518.0 2229.0 526.0 small-vehicle 1
2319.0 520.0 2318.0 528.0 2299.0 527.0 2298.0 518.0 small-vehicle 1
2301.0 552.0 2303.0 541.0 2325.0 543.0 2324.0 553.0 small-vehicle 1
2349.0 554.0 2348.0 546.0 2374.0 546.0 2372.0 555.0 small-vehicle 1
2197.0 597.0 2196.0 606.0 2173.0 605.0 2172.0 596.0 small-vehicle 1
2330.0 611.0 2328.0 601.0 2351.0 602.0 2349.0 611.0 small-vehicle 1
2238.0 617.0 2239.0 606.0 2260.0 607.0 2260.0 616.0 small-vehicle 1
2437.0 632.0 2438.0 642.0 2417.0 645.0 2417.0 633.0 small-vehicle 1
2458.0 632.0 2460.0 641.0 2441.0 643.0 2440.0 634.0 small-vehicle 1
2464.0 612.0 2463.0 602.0 2482.0 600.0 2485.0 609.0 small-vehicle 1
2433.0 616.0 2435.0 626.0 2413.0 625.0 2411.0 616.0 small-vehicle 1
2471.0 559.0 2471.0 549.0 2493.0 550.0 2492.0 559.0 small-vehicle 1
2445.0 560.0 2447.0 548.0 2465.0 551.0 2466.0 559.0 small-vehicle 1
2545.0 558.0 2543.0 549.0 2568.0 548.0 2568.0 557.0 small-vehicle 1
2566.0 628.0 2568.0 637.0 2544.0 640.0 2541.0 630.0 small-vehicle 1
2505.0 653.0 2506.0 662.0 2487.0 660.0 2486.0 652.0 small-vehicle 1
2532.0 653.0 2533.0 661.0 2510.0 663.0 2510.0 653.0 small-vehicle 1
2552.0 651.0 2554.0 660.0 2533.0 662.0 2532.0 653.0 small-vehicle 1
2174.0 761.0 2185.0 762.0 2184.0 782.0 2174.0 782.0 small-vehicle 1
2175.0 788.0 2183.0 788.0 2183.0 810.0 2173.0 811.0 small-vehicle 1
1818.0 637.0 1823.0 628.0 1839.0 642.0 1832.0 650.0 small-vehicle 0
1007.0 1165.0 1014.0 1173.0 1003.0 1189.0 992.0 1184.0 small-vehicle 1
1007.0 1285.0 1011.0 1278.0 1030.0 1292.0 1025.0 1298.0 small-vehicle 1
584.0 1523.0 581.0 1511.0 609.0 1505.0 611.0 1515.0 small-vehicle 0
1105.0 1517.0 1098.0 1511.0 1112.0 1493.0 1119.0 1500.0 small-vehicle 0
1369.0 1529.0 1377.0 1525.0 1385.0 1543.0 1376.0 1545.0 small-vehicle 1
1351.0 1545.0 1357.0 1536.0 1376.0 1547.0 1369.0 1556.0 small-vehicle 1
1445.0 1613.0 1451.0 1606.0 1465.0 1617.0 1460.0 1624.0 small-vehicle 1
1342.0 1569.0 1336.0 1577.0 1320.0 1565.0 1325.0 1558.0 small-vehicle 1
1371.0 1592.0 1367.0 1601.0 1351.0 1589.0 1356.0 1582.0 small-vehicle 1
1315.0 1551.0 1310.0 1555.0 1293.0 1543.0 1297.0 1537.0 small-vehicle 0
1275.0 1520.0 1269.0 1526.0 1251.0 1515.0 1258.0 1506.0 small-vehicle 0
1189.0 1454.0 1183.0 1461.0 1167.0 1452.0 1174.0 1443.0 small-vehicle 0
1173.0 1443.0 1167.0 1450.0 1151.0 1439.0 1156.0 1432.0 small-vehicle 0
1256.0 1505.0 1251.0 1513.0 1236.0 1502.0 1242.0 1495.0 small-vehicle 0
1209.0 1469.0 1203.0 1478.0 1187.0 1465.0 1193.0 1457.0 small-vehicle 0
1164.0 1471.0 1172.0 1476.0 1159.0 1492.0 1151.0 1486.0 small-vehicle 0
1193.0 1488.0 1201.0 1494.0 1188.0 1510.0 1178.0 1506.0 small-vehicle 0
1123.0 1529.0 1115.0 1525.0 1126.0 1507.0 1134.0 1511.0 small-vehicle 0
1319.0 1499.0 1324.0 1493.0 1342.0 1507.0 1335.0 1512.0 small-vehicle 1
1149.0 1549.0 1140.0 1545.0 1150.0 1526.0 1158.0 1532.0 small-vehicle 0
1141.0 1540.0 1132.0 1535.0 1142.0 1518.0 1150.0 1524.0 small-vehicle 0
1134.0 1511.0 1144.0 1517.0 1133.0 1532.0 1125.0 1528.0 small-vehicle 0
1112.0 1524.0 1122.0 1529.0 1109.0 1544.0 1102.0 1539.0 small-vehicle 0
1099.0 1512.0 1105.0 1518.0 1093.0 1532.0 1087.0 1527.0 small-vehicle 0
1089.0 1506.0 1096.0 1512.0 1085.0 1526.0 1077.0 1521.0 small-vehicle 0
1316.0 1697.0 1306.0 1690.0 1321.0 1667.0 1332.0 1673.0 small-vehicle 0
1229.0 1611.0 1220.0 1605.0 1236.0 1582.0 1247.0 1590.0 large-vehicle 0
1238.0 1626.0 1227.0 1618.0 1246.0 1594.0 1254.0 1601.0 large-vehicle 0
1250.0 1612.0 1258.0 1600.0 1279.0 1618.0 1273.0 1627.0 large-vehicle 0
1241.0 1619.0 1248.0 1613.0 1272.0 1630.0 1265.0 1639.0 large-vehicle 0
1232.0 1632.0 1237.0 1622.0 1264.0 1640.0 1256.0 1650.0 large-vehicle 0
1204.0 1646.0 1193.0 1641.0 1214.0 1614.0 1223.0 1622.0 large-vehicle 0
1306.0 1509.0 1312.0 1501.0 1327.0 1513.0 1322.0 1519.0 small-vehicle 1
1272.0 1483.0 1278.0 1475.0 1294.0 1489.0 1288.0 1495.0 small-vehicle 1
1230.0 1252.0 1224.0 1247.0 1233.0 1231.0 1242.0 1237.0 small-vehicle 1
1637.0 1638.0 1645.0 1644.0 1635.0 1663.0 1624.0 1656.0 small-vehicle 0
1890.0 1485.0 1882.0 1492.0 1868.0 1482.0 1876.0 1472.0 small-vehicle 0
1731.0 1472.0 1721.0 1465.0 1735.0 1447.0 1744.0 1452.0 small-vehicle 0
1746.0 1451.0 1737.0 1446.0 1749.0 1429.0 1758.0 1434.0 small-vehicle 0
1772.0 1460.0 1780.0 1464.0 1769.0 1481.0 1762.0 1475.0 small-vehicle 0
1760.0 1477.0 1768.0 1483.0 1758.0 1497.0 1751.0 1493.0 small-vehicle 0
1743.0 1496.0 1751.0 1502.0 1739.0 1518.0 1730.0 1513.0 small-vehicle 0
1727.0 1519.0 1735.0 1524.0 1723.0 1540.0 1716.0 1535.0 small-vehicle 0
1679.0 1558.0 1670.0 1553.0 1682.0 1537.0 1691.0 1543.0 small-vehicle 0
1712.0 1541.0 1718.0 1546.0 1707.0 1562.0 1699.0 1558.0 small-vehicle 0
1696.0 1562.0 1705.0 1568.0 1692.0 1583.0 1685.0 1578.0 small-vehicle 0
1618.0 1620.0 1608.0 1614.0 1624.0 1595.0 1632.0 1602.0 small-vehicle 0
1667.0 1605.0 1674.0 1594.0 1692.0 1607.0 1686.0 1615.0 small-vehicle 0
1656.0 1615.0 1663.0 1620.0 1652.0 1638.0 1643.0 1632.0 small-vehicle 0
1620.0 1663.0 1627.0 1669.0 1614.0 1685.0 1605.0 1680.0 small-vehicle 0
1215.0 1440.0 1222.0 1433.0 1238.0 1446.0 1230.0 1452.0 small-vehicle 1
1591.0 1658.0 1581.0 1652.0 1598.0 1636.0 1605.0 1642.0 small-vehicle 0
1492.0 1681.0 1485.0 1689.0 1469.0 1678.0 1475.0 1670.0 small-vehicle 0
1472.0 1666.0 1464.0 1675.0 1448.0 1663.0 1454.0 1654.0 small-vehicle 0
1450.0 1651.0 1444.0 1657.0 1428.0 1646.0 1433.0 1637.0 small-vehicle 0
1503.0 1657.0 1510.0 1650.0 1525.0 1662.0 1517.0 1669.0 small-vehicle 0
1486.0 1644.0 1492.0 1636.0 1509.0 1650.0 1503.0 1656.0 small-vehicle 0
1398.0 1613.0 1391.0 1621.0 1376.0 1609.0 1382.0 1600.0 small-vehicle 0
1387.0 1572.0 1394.0 1563.0 1415.0 1579.0 1410.0 1587.0 small-vehicle 0
1450.0 1578.0 1453.0 1568.0 1474.0 1580.0 1470.0 1587.0 small-vehicle 0
1348.0 1525.0 1355.0 1516.0 1370.0 1529.0 1365.0 1536.0 small-vehicle 0
1378.0 1518.0 1386.0 1515.0 1394.0 1534.0 1386.0 1536.0 small-vehicle 0
1413.0 1556.0 1409.0 1565.0 1389.0 1556.0 1393.0 1547.0 small-vehicle 0
1189.0 1419.0 1198.0 1412.0 1213.0 1427.0 1206.0 1434.0 small-vehicle 1
1215.0 1654.0 1203.0 1647.0 1222.0 1624.0 1232.0 1632.0 large-vehicle 0
1188.0 1687.0 1179.0 1679.0 1196.0 1656.0 1207.0 1662.0 large-vehicle 0
1089.0 1727.0 1094.0 1716.0 1122.0 1737.0 1117.0 1745.0 large-vehicle 0
627.0 1557.0 620.0 1548.0 638.0 1540.0 645.0 1550.0 small-vehicle 1
725.0 1627.0 729.0 1618.0 744.0 1629.0 740.0 1637.0 small-vehicle 1
805.0 1641.0 811.0 1633.0 828.0 1644.0 820.0 1652.0 small-vehicle 1
787.0 1628.0 792.0 1621.0 808.0 1630.0 802.0 1638.0 small-vehicle 1
743.0 1596.0 750.0 1588.0 768.0 1603.0 762.0 1609.0 small-vehicle 1
636.0 1472.0 645.0 1474.0 643.0 1492.0 633.0 1490.0 small-vehicle 1
590.0 1725.0 597.0 1732.0 583.0 1744.0 575.0 1739.0 small-vehicle 1
602.0 1709.0 607.0 1714.0 598.0 1728.0 590.0 1722.0 small-vehicle 1
612.0 1691.0 621.0 1697.0 611.0 1710.0 605.0 1704.0 small-vehicle 1
625.0 1675.0 633.0 1680.0 624.0 1694.0 617.0 1689.0 small-vehicle 1
639.0 1656.0 649.0 1662.0 638.0 1677.0 629.0 1670.0 small-vehicle 1
642.0 1607.0 634.0 1600.0 646.0 1583.0 655.0 1587.0 small-vehicle 1
653.0 1638.0 660.0 1644.0 651.0 1657.0 643.0 1651.0 small-vehicle 1
643.0 1565.0 638.0 1555.0 654.0 1548.0 658.0 1557.0 small-vehicle 1
618.0 1548.0 611.0 1540.0 631.0 1531.0 635.0 1540.0 small-vehicle 1
1028.0 1570.0 1036.0 1578.0 1019.0 1595.0 1011.0 1589.0 small-vehicle 1
607.0 1541.0 603.0 1531.0 624.0 1523.0 628.0 1532.0 small-vehicle 1
830.0 1401.0 837.0 1408.0 826.0 1419.0 820.0 1414.0 small-vehicle 0
781.0 1422.0 772.0 1416.0 787.0 1400.0 794.0 1404.0 small-vehicle 0
924.0 1597.0 920.0 1603.0 904.0 1594.0 908.0 1585.0 small-vehicle 0
886.0 1619.0 890.0 1611.0 906.0 1624.0 901.0 1629.0 small-vehicle 0
867.0 1634.0 874.0 1627.0 892.0 1641.0 886.0 1648.0 small-vehicle 0
829.0 1619.0 834.0 1610.0 850.0 1622.0 844.0 1628.0 small-vehicle 0
746.0 1515.0 753.0 1523.0 739.0 1537.0 730.0 1533.0 small-vehicle 0
678.0 1491.0 684.0 1482.0 700.0 1496.0 693.0 1501.0 small-vehicle 0
676.0 1499.0 687.0 1501.0 685.0 1522.0 673.0 1520.0 small-vehicle 0
667.0 1492.0 678.0 1494.0 672.0 1515.0 663.0 1515.0 small-vehicle 0
644.0 1476.0 655.0 1478.0 650.0 1503.0 640.0 1502.0 small-vehicle 0
595.0 1532.0 594.0 1522.0 618.0 1516.0 620.0 1524.0 small-vehicle 0
762.0 1645.0 754.0 1650.0 740.0 1639.0 745.0 1632.0 small-vehicle 1
788.0 1673.0 796.0 1665.0 809.0 1678.0 804.0 1684.0 small-vehicle 1
908.0 1647.0 900.0 1643.0 910.0 1623.0 919.0 1628.0 small-vehicle 1
887.0 1676.0 879.0 1671.0 893.0 1648.0 902.0 1655.0 small-vehicle 1
665.0 1195.0 677.0 1176.0 722.0 1205.0 708.0 1222.0 ship 0
646.0 1275.0 655.0 1260.0 695.0 1284.0 687.0 1298.0 ship 0
653.0 1249.0 662.0 1227.0 704.0 1254.0 695.0 1269.0 ship 0
651.0 1193.0 644.0 1190.0 649.0 1175.0 657.0 1178.0 ship 0
646.0 1193.0 641.0 1196.0 632.0 1186.0 638.0 1181.0 ship 1
648.0 1160.0 628.0 1161.0 620.0 1105.0 642.0 1103.0 ship 0
578.0 1227.0 595.0 1234.0 586.0 1266.0 567.0 1259.0 ship 0
354.0 1488.0 338.0 1491.0 329.0 1454.0 345.0 1451.0 ship 0
87.0 1628.0 94.0 1621.0 112.0 1634.0 105.0 1643.0 small-vehicle 1
682.0 1623.0 695.0 1620.0 700.0 1647.0 685.0 1650.0 large-vehicle 0
956.0 1679.0 962.0 1685.0 952.0 1700.0 944.0 1695.0 small-vehicle 1
932.0 1624.0 937.0 1615.0 955.0 1622.0 951.0 1630.0 small-vehicle 1
911.0 1293.0 918.0 1298.0 908.0 1315.0 901.0 1309.0 small-vehicle 1
889.0 1323.0 897.0 1328.0 886.0 1344.0 877.0 1339.0 small-vehicle 1
831.0 1309.0 836.0 1299.0 854.0 1313.0 849.0 1319.0 small-vehicle 1
827.0 1362.0 818.0 1356.0 829.0 1343.0 839.0 1347.0 small-vehicle 1
816.0 1379.0 807.0 1373.0 817.0 1356.0 826.0 1362.0 small-vehicle 1
971.0 1611.0 964.0 1617.0 948.0 1604.0 954.0 1597.0 small-vehicle 1
841.0 1386.0 851.0 1391.0 841.0 1409.0 831.0 1403.0 small-vehicle 1
818.0 1418.0 826.0 1424.0 814.0 1440.0 806.0 1434.0 small-vehicle 1
700.0 1453.0 707.0 1460.0 694.0 1473.0 687.0 1466.0 small-vehicle 1
717.0 1411.0 725.0 1418.0 714.0 1432.0 704.0 1427.0 small-vehicle 1
728.0 1417.0 735.0 1410.0 751.0 1420.0 745.0 1429.0 small-vehicle 1
732.0 1424.0 739.0 1430.0 728.0 1443.0 721.0 1437.0 small-vehicle 1
789.0 1457.0 797.0 1463.0 786.0 1476.0 777.0 1470.0 small-vehicle 1
777.0 1474.0 785.0 1481.0 773.0 1494.0 764.0 1489.0 small-vehicle 1
761.0 1493.0 769.0 1501.0 757.0 1514.0 750.0 1506.0 small-vehicle 1
1928.0 1511.0 1921.0 1519.0 1903.0 1508.0 1912.0 1499.0 small-vehicle 0
1946.0 1527.0 1939.0 1535.0 1923.0 1521.0 1931.0 1515.0 small-vehicle 0
1857.0 1460.0 1851.0 1467.0 1834.0 1455.0 1840.0 1448.0 small-vehicle 0
1359.0 1429.0 1368.0 1423.0 1382.0 1435.0 1377.0 1443.0 small-vehicle 1
1243.0 1315.0 1250.0 1321.0 1234.0 1336.0 1228.0 1330.0 small-vehicle 1
1283.0 1268.0 1289.0 1273.0 1277.0 1287.0 1271.0 1284.0 small-vehicle 1
1273.0 1283.0 1282.0 1291.0 1269.0 1302.0 1262.0 1297.0 small-vehicle 1
1279.0 1307.0 1285.0 1298.0 1300.0 1310.0 1294.0 1317.0 small-vehicle 1
1244.0 1352.0 1251.0 1344.0 1262.0 1356.0 1257.0 1363.0 small-vehicle 1
1436.0 1409.0 1443.0 1414.0 1433.0 1430.0 1426.0 1425.0 small-vehicle 1
1427.0 1403.0 1435.0 1408.0 1426.0 1424.0 1418.0 1421.0 small-vehicle 1
1418.0 1396.0 1427.0 1402.0 1418.0 1419.0 1408.0 1414.0 small-vehicle 1
1430.0 1403.0 1420.0 1398.0 1433.0 1383.0 1440.0 1390.0 small-vehicle 1
1439.0 1409.0 1430.0 1403.0 1442.0 1388.0 1449.0 1394.0 small-vehicle 1
1378.0 1408.0 1384.0 1400.0 1398.0 1414.0 1395.0 1421.0 small-vehicle 1
1372.0 1417.0 1377.0 1409.0 1395.0 1423.0 1392.0 1429.0 small-vehicle 1
1368.0 1425.0 1371.0 1418.0 1391.0 1431.0 1385.0 1436.0 small-vehicle 1
1355.0 1438.0 1360.0 1431.0 1377.0 1442.0 1372.0 1449.0 small-vehicle 1
1413.0 979.0 1420.0 972.0 1431.0 990.0 1423.0 995.0 small-vehicle 0
1396.0 1486.0 1386.0 1478.0 1398.0 1464.0 1407.0 1470.0 small-vehicle 1
1343.0 1452.0 1350.0 1445.0 1364.0 1458.0 1358.0 1466.0 small-vehicle 1
1336.0 1464.0 1341.0 1455.0 1357.0 1467.0 1352.0 1475.0 small-vehicle 1
987.0 1272.0 993.0 1265.0 1010.0 1278.0 1003.0 1284.0 small-vehicle 0
848.0 1062.0 858.0 1058.0 867.0 1077.0 858.0 1080.0 small-vehicle 0
1125.0 1021.0 1117.0 1014.0 1128.0 997.0 1136.0 1002.0 small-vehicle 0
1224.0 985.0 1221.0 992.0 1202.0 982.0 1207.0 973.0 small-vehicle 0
1268.0 1020.0 1262.0 1028.0 1246.0 1015.0 1252.0 1008.0 small-vehicle 0
1251.0 1004.0 1245.0 1013.0 1227.0 1000.0 1230.0 990.0 small-vehicle 0
1265.0 981.0 1270.0 973.0 1289.0 984.0 1283.0 992.0 small-vehicle 0
1359.0 949.0 1368.0 943.0 1375.0 961.0 1368.0 965.0 small-vehicle 0
1339.0 976.0 1346.0 969.0 1355.0 989.0 1349.0 992.0 small-vehicle 0
1390.0 996.0 1389.0 1006.0 1367.0 1010.0 1368.0 1003.0 small-vehicle 0
1236.0 1308.0 1242.0 1316.0 1229.0 1329.0 1222.0 1325.0 small-vehicle 1
1227.0 1301.0 1234.0 1309.0 1220.0 1323.0 1212.0 1317.0 small-vehicle 1
1205.0 1312.0 1212.0 1317.0 1202.0 1330.0 1195.0 1325.0 small-vehicle 1
1217.0 1297.0 1225.0 1302.0 1214.0 1316.0 1208.0 1311.0 small-vehicle 1
1214.0 1262.0 1203.0 1255.0 1214.0 1239.0 1222.0 1246.0 small-vehicle 1
1178.0 1239.0 1171.0 1232.0 1186.0 1220.0 1190.0 1224.0 small-vehicle 1
1252.0 1244.0 1258.0 1250.0 1246.0 1263.0 1240.0 1259.0 small-vehicle 1
1259.0 1251.0 1266.0 1257.0 1254.0 1272.0 1246.0 1266.0 small-vehicle 1
1245.0 1265.0 1255.0 1271.0 1243.0 1285.0 1235.0 1280.0 small-vehicle 1
1238.0 1259.0 1244.0 1265.0 1234.0 1280.0 1227.0 1276.0 small-vehicle 1
1117.0 1254.0 1124.0 1246.0 1140.0 1256.0 1132.0 1264.0 small-vehicle 1
1110.0 1262.0 1115.0 1253.0 1130.0 1263.0 1125.0 1271.0 small-vehicle 1
1161.0 1277.0 1167.0 1282.0 1158.0 1294.0 1151.0 1291.0 small-vehicle 1
1165.0 1255.0 1174.0 1263.0 1160.0 1275.0 1154.0 1270.0 small-vehicle 1
1177.0 1269.0 1185.0 1274.0 1175.0 1289.0 1169.0 1281.0 small-vehicle 1
1168.0 1281.0 1176.0 1289.0 1166.0 1303.0 1156.0 1296.0 small-vehicle 1
1084.0 1344.0 1089.0 1336.0 1108.0 1346.0 1103.0 1353.0 small-vehicle 1
1114.0 1320.0 1123.0 1327.0 1113.0 1337.0 1107.0 1333.0 small-vehicle 1
1144.0 1314.0 1154.0 1320.0 1139.0 1336.0 1131.0 1329.0 small-vehicle 1
1169.0 1332.0 1176.0 1341.0 1164.0 1353.0 1154.0 1345.0 small-vehicle 1
1157.0 1346.0 1166.0 1353.0 1150.0 1369.0 1143.0 1363.0 small-vehicle 1
1126.0 1374.0 1132.0 1366.0 1148.0 1376.0 1141.0 1383.0 small-vehicle 1
1142.0 1386.0 1148.0 1379.0 1166.0 1391.0 1160.0 1399.0 small-vehicle 1
1226.0 1375.0 1231.0 1367.0 1250.0 1379.0 1242.0 1388.0 small-vehicle 1
1207.0 1397.0 1212.0 1386.0 1228.0 1403.0 1223.0 1409.0 small-vehicle 1
1198.0 1405.0 1207.0 1396.0 1223.0 1407.0 1216.0 1417.0 small-vehicle 1
1187.0 1370.0 1195.0 1378.0 1182.0 1390.0 1175.0 1384.0 small-vehicle 1
1179.0 1364.0 1184.0 1371.0 1175.0 1384.0 1167.0 1378.0 small-vehicle 1
1192.0 1349.0 1198.0 1356.0 1188.0 1369.0 1180.0 1362.0 small-vehicle 1
1192.0 1301.0 1200.0 1306.0 1187.0 1322.0 1181.0 1316.0 small-vehicle 1
1211.0 1289.0 1217.0 1294.0 1207.0 1311.0 1199.0 1306.0 small-vehicle 1
1307.0 1016.0 1314.0 1006.0 1333.0 1021.0 1326.0 1029.0 small-vehicle 0
1404.0 987.0 1412.0 980.0 1423.0 999.0 1417.0 1005.0 small-vehicle 0
1757.0 1386.0 1751.0 1392.0 1732.0 1379.0 1736.0 1371.0 small-vehicle 0
1131.0 1330.0 1140.0 1335.0 1126.0 1352.0 1119.0 1345.0 small-vehicle 0
1199.0 1229.0 1191.0 1225.0 1201.0 1208.0 1209.0 1215.0 small-vehicle 0
1191.0 1223.0 1184.0 1219.0 1195.0 1205.0 1202.0 1210.0 small-vehicle 0
1184.0 1219.0 1176.0 1212.0 1188.0 1197.0 1196.0 1203.0 small-vehicle 0
1150.0 1241.0 1144.0 1247.0 1129.0 1238.0 1132.0 1229.0 small-vehicle 0
1096.0 1221.0 1093.0 1228.0 1078.0 1218.0 1083.0 1210.0 small-vehicle 0
1123.0 1274.0 1117.0 1281.0 1101.0 1272.0 1107.0 1264.0 small-vehicle 0
1104.0 1224.0 1115.0 1226.0 1111.0 1245.0 1100.0 1243.0 small-vehicle 0
1053.0 1249.0 1059.0 1242.0 1074.0 1253.0 1068.0 1261.0 small-vehicle 0
1048.0 1257.0 1053.0 1249.0 1068.0 1263.0 1062.0 1270.0 small-vehicle 0
1032.0 1274.0 1039.0 1266.0 1054.0 1280.0 1049.0 1287.0 small-vehicle 0
1100.0 1305.0 1107.0 1311.0 1097.0 1327.0 1090.0 1323.0 small-vehicle 0
1109.0 1311.0 1116.0 1316.0 1107.0 1332.0 1098.0 1327.0 small-vehicle 0
1125.0 1303.0 1133.0 1308.0 1121.0 1325.0 1115.0 1320.0 small-vehicle 0
1146.0 1343.0 1152.0 1350.0 1143.0 1363.0 1136.0 1357.0 small-vehicle 0
1398.0 996.0 1406.0 989.0 1418.0 1005.0 1412.0 1009.0 small-vehicle 0
1157.0 1328.0 1164.0 1333.0 1155.0 1346.0 1146.0 1341.0 small-vehicle 0
1170.0 1358.0 1177.0 1365.0 1165.0 1379.0 1159.0 1373.0 small-vehicle 0
1104.0 1359.0 1112.0 1351.0 1126.0 1365.0 1122.0 1372.0 small-vehicle 0
1233.0 1360.0 1241.0 1352.0 1255.0 1365.0 1251.0 1372.0 small-vehicle 0
1211.0 1387.0 1217.0 1382.0 1234.0 1395.0 1228.0 1401.0 small-vehicle 0
1840.0 1428.0 1845.0 1420.0 1862.0 1432.0 1855.0 1438.0 small-vehicle 0
1882.0 1443.0 1887.0 1436.0 1906.0 1453.0 1901.0 1457.0 small-vehicle 0
1862.0 1431.0 1870.0 1424.0 1884.0 1436.0 1879.0 1442.0 small-vehicle 0
1843.0 1414.0 1849.0 1408.0 1867.0 1420.0 1859.0 1426.0 small-vehicle 0
1802.0 1386.0 1808.0 1378.0 1829.0 1389.0 1822.0 1397.0 small-vehicle 0
1787.0 1373.0 1792.0 1367.0 1807.0 1376.0 1801.0 1384.0 small-vehicle 0
1768.0 1361.0 1775.0 1352.0 1793.0 1362.0 1786.0 1371.0 small-vehicle 0
1768.0 1377.0 1760.0 1383.0 1741.0 1370.0 1749.0 1362.0 small-vehicle 0
1186.0 1246.0 1177.0 1240.0 1189.0 1225.0 1199.0 1231.0 small-vehicle 0
1204.0 1254.0 1197.0 1249.0 1206.0 1235.0 1213.0 1241.0 small-vehicle 0
1218.0 1268.0 1211.0 1261.0 1223.0 1247.0 1229.0 1253.0 small-vehicle 0
1227.0 1275.0 1220.0 1269.0 1232.0 1254.0 1239.0 1262.0 small-vehicle 0
1394.0 1003.0 1400.0 996.0 1412.0 1015.0 1405.0 1019.0 small-vehicle 0
1381.0 1019.0 1389.0 1011.0 1401.0 1031.0 1394.0 1035.0 small-vehicle 0
1376.0 1027.0 1383.0 1021.0 1398.0 1041.0 1389.0 1045.0 small-vehicle 0
1560.0 1144.0 1551.0 1140.0 1565.0 1123.0 1571.0 1128.0 small-vehicle 0
1425.0 1102.0 1432.0 1095.0 1448.0 1107.0 1442.0 1113.0 small-vehicle 0
1400.0 1058.0 1407.0 1051.0 1421.0 1062.0 1415.0 1067.0 small-vehicle 0
1353.0 1048.0 1357.0 1039.0 1375.0 1053.0 1367.0 1061.0 small-vehicle 0
1303.0 1063.0 1311.0 1071.0 1296.0 1085.0 1289.0 1081.0 small-vehicle 0
1320.0 1078.0 1329.0 1085.0 1316.0 1100.0 1307.0 1096.0 small-vehicle 0
1677.0 1291.0 1682.0 1282.0 1697.0 1295.0 1692.0 1300.0 small-vehicle 0
1708.0 1350.0 1704.0 1356.0 1688.0 1346.0 1693.0 1337.0 small-vehicle 0
1670.0 1321.0 1665.0 1328.0 1647.0 1318.0 1652.0 1309.0 small-vehicle 0
1634.0 1292.0 1630.0 1301.0 1611.0 1289.0 1617.0 1280.0 small-vehicle 0
1589.0 1305.0 1580.0 1299.0 1592.0 1284.0 1600.0 1291.0 small-vehicle 0
1585.0 1254.0 1577.0 1265.0 1560.0 1251.0 1567.0 1242.0 small-vehicle 0
1223.0 1351.0 1216.0 1345.0 1227.0 1329.0 1236.0 1335.0 small-vehicle 0
1214.0 1345.0 1207.0 1339.0 1220.0 1324.0 1228.0 1330.0 small-vehicle 0
1201.0 1287.0 1208.0 1292.0 1197.0 1307.0 1191.0 1301.0 small-vehicle 0
1188.0 1275.0 1196.0 1281.0 1183.0 1295.0 1177.0 1289.0 small-vehicle 0
1179.0 1314.0 1170.0 1308.0 1184.0 1294.0 1191.0 1301.0 small-vehicle 0
1223.0 1245.0 1214.0 1239.0 1225.0 1224.0 1231.0 1229.0 small-vehicle 0
1214.0 1239.0 1205.0 1233.0 1218.0 1219.0 1224.0 1224.0 small-vehicle 0
1250.0 1291.0 1243.0 1286.0 1254.0 1274.0 1261.0 1277.0 small-vehicle 0
1309.0 1299.0 1317.0 1306.0 1301.0 1321.0 1295.0 1314.0 small-vehicle 0
1289.0 1285.0 1296.0 1278.0 1311.0 1290.0 1305.0 1296.0 small-vehicle 0
1263.0 1278.0 1254.0 1271.0 1266.0 1257.0 1274.0 1263.0 small-vehicle 0
1241.0 1259.0 1233.0 1252.0 1243.0 1239.0 1250.0 1244.0 small-vehicle 0
760.0 649.0 743.0 715.0 592.0 674.0 605.0 608.0 harbor 0
