imagesource:GoogleEarth
gsd:0.134386275615
84.0 1309.0 94.0 1323.0 68.0 1343.0 58.0 1331.0 small-vehicle 1
447.0 194.0 438.0 210.0 407.0 190.0 417.0 175.0 small-vehicle 0
998.0 1249.0 985.0 1254.0 971.0 1219.0 984.0 1214.0 small-vehicle 0
960.0 1262.0 945.0 1267.0 935.0 1231.0 948.0 1227.0 small-vehicle 0
654.0 1108.0 661.0 1120.0 632.0 1137.0 624.0 1126.0 small-vehicle 0
640.0 1091.0 647.0 1102.0 622.0 1119.0 614.0 1110.0 small-vehicle 0
624.0 1074.0 632.0 1085.0 604.0 1107.0 596.0 1096.0 small-vehicle 0
613.0 1059.0 621.0 1071.0 593.0 1089.0 583.0 1077.0 small-vehicle 0
600.0 1043.0 608.0 1054.0 583.0 1073.0 575.0 1061.0 small-vehicle 0
588.0 1027.0 597.0 1037.0 571.0 1059.0 563.0 1049.0 small-vehicle 0
554.0 985.0 563.0 996.0 539.0 1016.0 530.0 1005.0 small-vehicle 0
529.0 953.0 539.0 966.0 514.0 987.0 504.0 976.0 small-vehicle 0
519.0 941.0 527.0 952.0 502.0 973.0 494.0 962.0 small-vehicle 0
510.0 928.0 519.0 939.0 490.0 959.0 481.0 947.0 small-vehicle 0
496.0 911.0 504.0 923.0 476.0 943.0 467.0 931.0 small-vehicle 0
474.0 876.0 483.0 890.0 453.0 912.0 444.0 900.0 small-vehicle 0
316.0 673.0 325.0 684.0 298.0 704.0 290.0 693.0 small-vehicle 0
302.0 659.0 310.0 671.0 282.0 692.0 273.0 681.0 small-vehicle 0
261.0 633.0 273.0 641.0 253.0 669.0 242.0 661.0 small-vehicle 0
243.0 620.0 255.0 629.0 235.0 658.0 225.0 650.0 small-vehicle 0
128.0 509.0 135.0 524.0 102.0 541.0 95.0 527.0 small-vehicle 0
174.0 371.0 181.0 359.0 208.0 376.0 199.0 388.0 small-vehicle 0
139.0 355.0 151.0 365.0 123.0 395.0 112.0 385.0 small-vehicle 0
531.0 812.0 664.0 706.0 761.0 828.0 623.0 934.0 swimming-pool 0
379.0 1124.0 442.0 1071.0 556.0 1208.0 490.0 1262.0 tennis-court 0
160.0 854.0 226.0 802.0 336.0 940.0 271.0 994.0 tennis-court 0
594.0 266.0 664.0 311.0 567.0 461.0 496.0 416.0 tennis-court 0
495.0 201.0 564.0 246.0 468.0 395.0 398.0 351.0 tennis-court 0
329.0 493.0 374.0 424.0 524.0 521.0 478.0 592.0 tennis-court 0
267.0 589.0 313.0 517.0 462.0 616.0 417.0 686.0 tennis-court 0
188.0 112.0 259.0 157.0 163.0 307.0 91.0 261.0 tennis-court 0
589.0 69.0 596.0 82.0 562.0 100.0 555.0 86.0 small-vehicle 0
418.0 173.0 426.0 159.0 458.0 178.0 448.0 193.0 small-vehicle 0
291.0 1215.0 306.0 1205.0 327.0 1233.0 315.0 1243.0 small-vehicle 1
323.0 383.0 314.0 397.0 284.0 378.0 295.0 363.0 small-vehicle 0
942.0 1117.0 962.0 1111.0 972.0 1154.0 954.0 1158.0 small-vehicle 1
885.0 1133.0 901.0 1128.0 910.0 1168.0 893.0 1172.0 small-vehicle 1
905.0 1126.0 919.0 1123.0 929.0 1163.0 916.0 1168.0 small-vehicle 1
1049.0 1199.0 1068.0 1192.0 1079.0 1225.0 1060.0 1231.0 small-vehicle 1
541.0 968.0 552.0 982.0 528.0 1003.0 515.0 989.0 small-vehicle 1
361.0 794.0 346.0 776.0 378.0 749.0 392.0 764.0 small-vehicle 1
323.0 744.0 311.0 729.0 339.0 704.0 353.0 719.0 small-vehicle 1
326.0 687.0 337.0 701.0 310.0 725.0 297.0 711.0 small-vehicle 1
276.0 642.0 292.0 652.0 271.0 683.0 255.0 674.0 small-vehicle 0
154.0 757.0 134.0 756.0 136.0 719.0 152.0 721.0 small-vehicle 0
129.0 761.0 111.0 759.0 114.0 720.0 131.0 721.0 small-vehicle 0
146.0 547.0 155.0 564.0 115.0 583.0 108.0 566.0 small-vehicle 0
137.0 526.0 145.0 543.0 106.0 564.0 98.0 549.0 small-vehicle 0
43.0 443.0 35.0 428.0 75.0 407.0 83.0 424.0 small-vehicle 0
143.0 408.0 151.0 393.0 189.0 415.0 180.0 432.0 small-vehicle 0
131.0 423.0 142.0 410.0 171.0 436.0 157.0 449.0 small-vehicle 0
156.0 390.0 166.0 375.0 196.0 395.0 186.0 409.0 small-vehicle 0
293.0 436.0 283.0 453.0 254.0 432.0 264.0 417.0 small-vehicle 0
301.0 419.0 292.0 430.0 265.0 412.0 274.0 399.0 small-vehicle 0
348.0 348.0 340.0 361.0 310.0 342.0 319.0 329.0 small-vehicle 1
274.0 274.0 264.0 289.0 233.0 270.0 243.0 255.0 small-vehicle 1
398.0 280.0 389.0 293.0 354.0 272.0 362.0 257.0 small-vehicle 1
85.0 531.0 79.0 513.0 114.0 499.0 118.0 515.0 small-vehicle 0
234.0 520.0 225.0 533.0 195.0 514.0 204.0 501.0 small-vehicle 0
203.0 498.0 212.0 482.0 248.0 504.0 240.0 521.0 small-vehicle 0
268.0 468.0 258.0 484.0 230.0 464.0 240.0 448.0 small-vehicle 0
278.0 205.0 287.0 191.0 315.0 209.0 307.0 222.0 small-vehicle 0
262.0 291.0 250.0 308.0 222.0 287.0 232.0 272.0 small-vehicle 0
191.0 336.0 200.0 323.0 229.0 344.0 220.0 358.0 small-vehicle 0
1000.0 56.0 996.0 115.0 879.0 105.0 880.0 47.0 harbor 0
