imagesource:GoogleEarth
gsd:0.140950512088
607.0 208.0 626.0 203.0 639.0 242.0 620.0 248.0 small-vehicle 1
444.0 1215.0 417.0 1221.0 393.0 1136.0 423.0 1130.0 ship 0
246.0 524.0 233.0 432.0 390.0 405.0 404.0 500.0 harbor 0
274.0 743.0 257.0 669.0 437.0 620.0 457.0 700.0 harbor 0
376.0 991.0 354.0 920.0 502.0 876.0 521.0 952.0 harbor 0
440.0 1194.0 417.0 1120.0 565.0 1083.0 585.0 1158.0 harbor 0
480.0 1392.0 456.0 1323.0 628.0 1269.0 648.0 1343.0 harbor 0
568.0 1630.0 525.0 1564.0 690.0 1462.0 734.0 1533.0 harbor 0
693.0 1860.0 655.0 1800.0 732.0 1757.0 768.0 1820.0 harbor 0
774.0 2005.0 716.0 1913.0 789.0 1871.0 844.0 1962.0 harbor 0
251.0 536.0 220.0 543.0 199.0 446.0 230.0 439.0 ship 0
258.0 493.0 276.0 488.0 291.0 537.0 274.0 543.0 ship 0
279.0 754.0 250.0 761.0 226.0 669.0 255.0 662.0 ship 0
335.0 932.0 355.0 926.0 377.0 991.0 356.0 998.0 ship 0
746.0 1926.0 768.0 1910.0 812.0 1981.0 792.0 1994.0 ship 0
991.0 1331.0 1000.0 1342.0 969.0 1362.0 961.0 1350.0 small-vehicle 1
717.0 1954.0 736.0 1943.0 768.0 1997.0 749.0 2010.0 ship 0
891.0 1277.0 904.0 1273.0 916.0 1302.0 903.0 1306.0 small-vehicle 0
847.0 1609.0 834.0 1604.0 845.0 1574.0 858.0 1580.0 small-vehicle 0
1003.0 1638.0 992.0 1642.0 979.0 1617.0 991.0 1612.0 small-vehicle 0
766.0 806.0 780.0 803.0 786.0 831.0 772.0 834.0 small-vehicle 0
793.0 378.0 792.0 392.0 758.0 392.0 758.0 377.0 small-vehicle 0
792.0 400.0 791.0 412.0 753.0 412.0 753.0 397.0 small-vehicle 0
782.0 334.0 788.0 347.0 757.0 360.0 752.0 346.0 small-vehicle 0
705.0 488.0 719.0 490.0 717.0 524.0 703.0 524.0 small-vehicle 0
964.0 1470.0 980.0 1462.0 996.0 1498.0 981.0 1504.0 small-vehicle 1
986.0 1591.0 972.0 1596.0 959.0 1568.0 975.0 1561.0 small-vehicle 1
982.0 1313.0 991.0 1328.0 958.0 1343.0 950.0 1329.0 small-vehicle 1
203.0 304.0 197.0 232.0 373.0 206.0 381.0 282.0 harbor 0
