imagesource:GoogleEarth
gsd:0.129960641513
152.0 777.0 168.0 779.0 165.0 814.0 150.0 814.0 small-vehicle 0
312.0 47.0 313.0 68.0 273.0 67.0 273.0 47.0 small-vehicle 0
684.0 815.0 684.0 798.0 726.0 797.0 726.0 815.0 small-vehicle 0
565.0 761.0 546.0 760.0 548.0 726.0 567.0 727.0 small-vehicle 0
342.0 789.0 359.0 788.0 358.0 821.0 342.0 821.0 small-vehicle 0
299.0 785.0 318.0 785.0 316.0 822.0 298.0 822.0 small-vehicle 0
641.0 333.0 725.0 336.0 720.0 520.0 633.0 518.0 tennis-court 0
533.0 329.0 620.0 333.0 616.0 515.0 528.0 513.0 tennis-court 0
422.0 327.0 508.0 329.0 502.0 513.0 414.0 511.0 tennis-court 0
316.0 322.0 402.0 326.0 396.0 510.0 310.0 508.0 tennis-court 0
204.0 320.0 290.0 323.0 284.0 507.0 197.0 503.0 tennis-court 0
98.0 315.0 184.0 317.0 177.0 503.0 91.0 499.0 tennis-court 0
