imagesource:GoogleEarth
gsd:0.229386909767
2084.0 1270.0 2093.0 1272.0 2089.0 1294.0 2078.0 1292.0 small-vehicle 0
424.0 715.0 409.0 722.0 390.0 679.0 404.0 672.0 ship 0
671.0 794.0 658.0 801.0 639.0 761.0 653.0 755.0 ship 0
477.0 763.0 462.0 771.0 440.0 725.0 454.0 716.0 ship 0
430.0 779.0 416.0 786.0 395.0 743.0 408.0 735.0 ship 0
372.0 750.0 385.0 743.0 406.0 789.0 390.0 796.0 ship 0
360.0 746.0 345.0 752.0 325.0 707.0 341.0 699.0 ship 0
337.0 757.0 320.0 765.0 302.0 718.0 318.0 710.0 ship 0
310.0 752.0 298.0 758.0 286.0 729.0 296.0 723.0 ship 0
370.0 686.0 386.0 679.0 403.0 722.0 388.0 728.0 ship 0
450.0 705.0 434.0 712.0 412.0 666.0 428.0 657.0 ship 0
483.0 700.0 496.0 693.0 516.0 739.0 501.0 746.0 ship 0
469.0 695.0 453.0 701.0 432.0 654.0 449.0 646.0 ship 0
457.0 643.0 470.0 636.0 490.0 678.0 475.0 685.0 ship 0
511.0 675.0 495.0 682.0 476.0 635.0 489.0 628.0 ship 0
533.0 661.0 519.0 668.0 497.0 624.0 511.0 616.0 ship 0
555.0 655.0 541.0 662.0 519.0 614.0 533.0 607.0 ship 0
541.0 598.0 554.0 591.0 577.0 640.0 562.0 647.0 ship 0
622.0 623.0 607.0 629.0 584.0 583.0 600.0 574.0 ship 0
640.0 609.0 624.0 617.0 604.0 572.0 620.0 564.0 ship 0
460.0 713.0 475.0 706.0 496.0 750.0 480.0 758.0 ship 0
503.0 691.0 516.0 684.0 534.0 726.0 519.0 733.0 ship 0
2059.0 1398.0 2071.0 1399.0 2067.0 1425.0 2055.0 1422.0 small-vehicle 0
586.0 443.0 603.0 434.0 624.0 480.0 607.0 488.0 ship 0
694.0 302.0 711.0 293.0 739.0 353.0 720.0 360.0 ship 0
783.0 334.0 766.0 341.0 744.0 291.0 762.0 283.0 ship 0
818.0 332.0 795.0 342.0 765.0 275.0 788.0 265.0 ship 0
837.0 384.0 820.0 393.0 796.0 344.0 815.0 335.0 ship 0
815.0 397.0 798.0 405.0 772.0 353.0 789.0 345.0 ship 0
678.0 390.0 697.0 382.0 722.0 443.0 703.0 452.0 ship 0
694.0 457.0 677.0 465.0 651.0 407.0 668.0 399.0 ship 0
631.0 418.0 648.0 410.0 668.0 452.0 652.0 461.0 ship 0
557.0 451.0 576.0 444.0 596.0 493.0 580.0 501.0 ship 0
562.0 720.0 545.0 729.0 525.0 681.0 539.0 672.0 ship 0
536.0 463.0 552.0 455.0 574.0 504.0 556.0 512.0 ship 0
631.0 632.0 646.0 624.0 669.0 662.0 651.0 673.0 ship 0
649.0 680.0 635.0 687.0 610.0 640.0 626.0 632.0 ship 0
691.0 652.0 677.0 660.0 654.0 619.0 668.0 611.0 ship 0
709.0 643.0 696.0 651.0 674.0 609.0 688.0 603.0 ship 0
587.0 646.0 602.0 639.0 622.0 684.0 607.0 691.0 ship 0
568.0 657.0 584.0 650.0 604.0 695.0 586.0 702.0 ship 0
545.0 667.0 561.0 660.0 580.0 706.0 563.0 714.0 ship 0
665.0 600.0 649.0 608.0 626.0 564.0 643.0 555.0 ship 0
649.0 553.0 664.0 546.0 682.0 586.0 666.0 593.0 ship 0
705.0 580.0 690.0 587.0 665.0 538.0 682.0 530.0 ship 0
538.0 859.0 523.0 863.0 509.0 827.0 522.0 820.0 ship 0
623.0 826.0 638.0 819.0 659.0 861.0 643.0 869.0 ship 0
615.0 818.0 604.0 824.0 588.0 791.0 600.0 785.0 ship 0
592.0 833.0 580.0 839.0 564.0 803.0 577.0 796.0 ship 0
547.0 807.0 560.0 800.0 574.0 834.0 562.0 839.0 ship 0
572.0 859.0 584.0 853.0 596.0 881.0 584.0 887.0 ship 0
549.0 868.0 563.0 861.0 578.0 895.0 564.0 901.0 ship 0
506.0 884.0 519.0 878.0 534.0 910.0 521.0 917.0 ship 0
555.0 851.0 541.0 857.0 526.0 818.0 539.0 812.0 ship 0
515.0 869.0 500.0 876.0 485.0 839.0 499.0 831.0 ship 0
717.0 589.0 729.0 583.0 743.0 612.0 731.0 618.0 ship 0
756.0 953.0 771.0 946.0 788.0 986.0 772.0 993.0 ship 0
720.0 951.0 708.0 956.0 693.0 923.0 706.0 917.0 ship 0
663.0 973.0 654.0 978.0 644.0 956.0 652.0 951.0 ship 0
760.0 933.0 747.0 939.0 731.0 905.0 744.0 899.0 ship 0
799.0 914.0 787.0 920.0 769.0 885.0 782.0 880.0 ship 0
840.0 897.0 826.0 904.0 808.0 867.0 824.0 860.0 ship 0
774.0 941.0 786.0 935.0 806.0 974.0 794.0 980.0 ship 0
791.0 933.0 804.0 926.0 825.0 963.0 811.0 970.0 ship 0
665.0 817.0 675.0 812.0 690.0 837.0 679.0 844.0 ship 0
762.0 769.0 774.0 763.0 788.0 790.0 775.0 796.0 ship 0
744.0 755.0 732.0 761.0 718.0 728.0 730.0 724.0 ship 0
786.0 738.0 773.0 745.0 755.0 710.0 769.0 703.0 ship 0
749.0 560.0 734.0 567.0 714.0 521.0 729.0 515.0 ship 0
820.0 595.0 806.0 601.0 783.0 556.0 797.0 548.0 ship 0
802.0 543.0 819.0 535.0 839.0 581.0 824.0 589.0 ship 0
846.0 523.0 861.0 515.0 882.0 560.0 865.0 568.0 ship 0
907.0 540.0 895.0 546.0 878.0 515.0 889.0 508.0 ship 0
942.0 528.0 919.0 542.0 876.0 450.0 898.0 440.0 ship 0
883.0 493.0 872.0 499.0 854.0 468.0 865.0 460.0 ship 0
821.0 472.0 834.0 466.0 852.0 505.0 837.0 512.0 ship 0
1009.0 680.0 988.0 692.0 956.0 629.0 975.0 620.0 ship 0
932.0 684.0 945.0 678.0 962.0 712.0 950.0 718.0 ship 0
868.0 655.0 879.0 650.0 893.0 680.0 883.0 687.0 ship 0
854.0 719.0 866.0 712.0 885.0 749.0 873.0 754.0 ship 0
864.0 702.0 849.0 709.0 829.0 669.0 845.0 661.0 ship 0
845.0 712.0 829.0 719.0 811.0 677.0 827.0 671.0 ship 0
836.0 728.0 848.0 721.0 865.0 757.0 852.0 763.0 ship 0
801.0 749.0 812.0 744.0 828.0 775.0 816.0 782.0 ship 0
776.0 755.0 789.0 748.0 808.0 783.0 794.0 790.0 ship 0
648.0 330.0 665.0 322.0 690.0 377.0 672.0 384.0 ship 0
708.0 363.0 692.0 369.0 672.0 324.0 688.0 315.0 ship 0
625.0 345.0 642.0 338.0 664.0 389.0 647.0 396.0 ship 0
267.0 432.0 252.0 438.0 238.0 403.0 251.0 396.0 ship 0
1542.0 309.0 1602.0 331.0 1569.0 415.0 1511.0 391.0 harbor 0
1182.0 339.0 1324.0 291.0 1340.0 353.0 1202.0 400.0 harbor 0
1123.0 790.0 1132.0 780.0 1211.0 836.0 1205.0 846.0 harbor 0
1158.0 741.0 1159.0 728.0 1270.0 749.0 1268.0 763.0 harbor 0
1139.0 680.0 1133.0 641.0 1256.0 622.0 1264.0 661.0 harbor 0
1681.0 1513.0 1655.0 1534.0 1577.0 1446.0 1599.0 1424.0 harbor 0
182.0 431.0 195.0 424.0 208.0 459.0 194.0 464.0 ship 0
219.0 409.0 231.0 403.0 248.0 440.0 233.0 447.0 ship 0
250.0 376.0 266.0 369.0 284.0 413.0 269.0 422.0 ship 0
547.0 283.0 529.0 291.0 508.0 250.0 527.0 240.0 ship 0
312.0 409.0 295.0 418.0 264.0 355.0 281.0 346.0 ship 0
358.0 382.0 341.0 391.0 315.0 338.0 332.0 328.0 ship 0
301.0 321.0 289.0 326.0 275.0 297.0 286.0 292.0 ship 0
348.0 300.0 333.0 307.0 311.0 264.0 324.0 255.0 ship 0
376.0 359.0 362.0 366.0 341.0 323.0 355.0 315.0 ship 0
408.0 359.0 389.0 370.0 358.0 311.0 378.0 301.0 ship 0
446.0 256.0 429.0 264.0 406.0 219.0 422.0 212.0 ship 0
507.0 314.0 488.0 324.0 457.0 265.0 474.0 255.0 ship 0
1946.0 560.0 1970.0 422.0 2150.0 454.0 2151.0 597.0 harbor 1
1752.0 465.0 1771.0 538.0 1678.0 566.0 1656.0 487.0 harbor 0
1824.0 648.0 1831.0 662.0 1736.0 703.0 1728.0 689.0 harbor 0
1919.0 772.0 1936.0 658.0 2147.0 697.0 2125.0 809.0 harbor 0
767.0 276.0 822.0 386.0 204.0 680.0 152.0 570.0 harbor 0
871.0 444.0 917.0 535.0 309.0 831.0 262.0 736.0 harbor 0
950.0 611.0 994.0 696.0 486.0 938.0 446.0 847.0 harbor 0
1000.0 773.0 1042.0 854.0 632.0 1049.0 588.0 964.0 harbor 0
884.0 1077.0 896.0 1087.0 790.0 1201.0 776.0 1189.0 harbor 0
1038.0 1356.0 1102.0 1334.0 1141.0 1446.0 1076.0 1467.0 harbor 0
1082.0 1215.0 1084.0 1199.0 1203.0 1218.0 1201.0 1235.0 harbor 0
1708.0 1710.0 1790.0 1724.0 1767.0 1839.0 1684.0 1823.0 harbor 0
1637.0 1739.0 1648.0 1749.0 1584.0 1829.0 1568.0 1817.0 harbor 0
1581.0 1679.0 1586.0 1693.0 1505.0 1727.0 1501.0 1713.0 harbor 0
1623.0 1557.0 1615.0 1573.0 1533.0 1543.0 1540.0 1523.0 harbor 0
1794.0 1502.0 1815.0 1393.0 2031.0 1428.0 2005.0 1542.0 harbor 0
1834.0 1257.0 1851.0 1144.0 2070.0 1182.0 2047.0 1294.0 harbor 0
1741.0 1130.0 1745.0 1144.0 1641.0 1175.0 1638.0 1161.0 harbor 0
1712.0 1066.0 1706.0 1087.0 1595.0 1066.0 1601.0 1046.0 harbor 0
1767.0 1019.0 1757.0 1030.0 1680.0 966.0 1689.0 954.0 harbor 0
1876.0 1015.0 1895.0 903.0 2109.0 937.0 2093.0 1051.0 harbor 0
522.0 295.0 505.0 303.0 482.0 257.0 500.0 246.0 ship 0
577.0 280.0 559.0 291.0 531.0 232.0 547.0 223.0 ship 0
617.0 411.0 600.0 419.0 578.0 370.0 595.0 362.0 ship 0
357.0 536.0 340.0 545.0 315.0 498.0 332.0 489.0 ship 0
306.0 632.0 290.0 639.0 269.0 589.0 285.0 583.0 ship 0
245.0 598.0 262.0 589.0 288.0 646.0 268.0 655.0 ship 0
222.0 617.0 236.0 610.0 256.0 653.0 239.0 660.0 ship 0
209.0 639.0 221.0 632.0 234.0 662.0 222.0 668.0 ship 0
230.0 597.0 213.0 604.0 190.0 555.0 207.0 548.0 ship 0
258.0 584.0 240.0 591.0 217.0 540.0 236.0 531.0 ship 0
281.0 574.0 263.0 582.0 240.0 531.0 257.0 523.0 ship 0
307.0 561.0 289.0 569.0 266.0 519.0 284.0 510.0 ship 0
377.0 524.0 361.0 534.0 337.0 483.0 353.0 475.0 ship 0
601.0 267.0 582.0 278.0 552.0 221.0 571.0 211.0 ship 0
403.0 513.0 386.0 521.0 360.0 470.0 379.0 461.0 ship 0
425.0 504.0 408.0 511.0 383.0 455.0 399.0 446.0 ship 0
453.0 492.0 435.0 500.0 409.0 448.0 426.0 439.0 ship 0
500.0 468.0 483.0 475.0 456.0 426.0 476.0 415.0 ship 0
518.0 457.0 502.0 464.0 479.0 414.0 496.0 406.0 ship 0
545.0 446.0 530.0 453.0 505.0 402.0 521.0 396.0 ship 0
569.0 434.0 551.0 442.0 526.0 391.0 543.0 384.0 ship 0
596.0 422.0 579.0 430.0 550.0 375.0 568.0 364.0 ship 0
295.0 579.0 312.0 570.0 334.0 623.0 317.0 630.0 ship 0
361.0 615.0 343.0 624.0 316.0 569.0 334.0 560.0 ship 0
381.0 596.0 368.0 602.0 345.0 557.0 358.0 549.0 ship 0
366.0 544.0 381.0 536.0 404.0 585.0 387.0 593.0 ship 0
570.0 131.0 590.0 123.0 617.0 185.0 598.0 193.0 ship 0
544.0 139.0 562.0 130.0 587.0 183.0 570.0 192.0 ship 0
566.0 200.0 548.0 208.0 522.0 155.0 540.0 145.0 ship 0
504.0 167.0 520.0 160.0 539.0 209.0 524.0 215.0 ship 0
515.0 225.0 499.0 234.0 475.0 180.0 491.0 172.0 ship 0
493.0 235.0 479.0 242.0 459.0 198.0 475.0 192.0 ship 0
480.0 327.0 463.0 336.0 432.0 276.0 450.0 266.0 ship 0
408.0 285.0 425.0 277.0 450.0 328.0 432.0 336.0 ship 0
432.0 347.0 412.0 356.0 385.0 299.0 402.0 289.0 ship 0
414.0 263.0 398.0 270.0 380.0 230.0 394.0 222.0 ship 0
352.0 231.0 370.0 222.0 398.0 278.0 378.0 288.0 ship 0
371.0 292.0 354.0 299.0 330.0 246.0 347.0 238.0 ship 0
439.0 508.0 455.0 500.0 483.0 557.0 464.0 567.0 ship 0
528.0 526.0 513.0 533.0 489.0 487.0 503.0 478.0 ship 0
548.0 517.0 532.0 524.0 509.0 478.0 525.0 469.0 ship 0
458.0 572.0 440.0 581.0 413.0 521.0 432.0 512.0 ship 0
391.0 532.0 408.0 523.0 432.0 573.0 414.0 580.0 ship 0
845.0 955.0 834.0 962.0 813.0 925.0 824.0 919.0 ship 0
868.0 958.0 855.0 965.0 831.0 917.0 845.0 910.0 ship 0
886.0 884.0 903.0 876.0 923.0 921.0 904.0 928.0 ship 0
74.0 555.0 77.0 565.0 55.0 573.0 50.0 565.0 small-vehicle 0
2109.0 742.0 2092.0 738.0 2100.0 691.0 2121.0 694.0 ship 0
2091.0 758.0 2097.0 757.0 2095.0 777.0 2088.0 776.0 ship 0
2122.0 538.0 2138.0 539.0 2139.0 577.0 2120.0 577.0 ship 0
2141.0 455.0 2151.0 457.0 2151.0 477.0 2139.0 478.0 ship 0
1565.0 329.0 1560.0 340.0 1536.0 332.0 1540.0 319.0 ship 0
331.0 546.0 312.0 555.0 289.0 509.0 307.0 498.0 ship 0
136.0 142.0 142.0 152.0 120.0 169.0 113.0 161.0 small-vehicle 0
70.0 487.0 67.0 496.0 42.0 490.0 44.0 481.0 small-vehicle 0
83.0 577.0 86.0 587.0 66.0 594.0 62.0 586.0 small-vehicle 0
91.0 884.0 97.0 877.0 112.0 895.0 107.0 902.0 small-vehicle 1
78.0 567.0 81.0 577.0 60.0 584.0 58.0 574.0 small-vehicle 0
74.0 459.0 72.0 470.0 49.0 464.0 51.0 454.0 small-vehicle 1
69.0 472.0 69.0 481.0 46.0 481.0 48.0 470.0 small-vehicle 1
43.0 503.0 43.0 493.0 64.0 497.0 62.0 505.0 small-vehicle 1
68.0 510.0 65.0 517.0 45.0 515.0 47.0 506.0 small-vehicle 1
67.0 521.0 68.0 529.0 46.0 530.0 47.0 520.0 small-vehicle 1
68.0 533.0 72.0 543.0 48.0 547.0 44.0 537.0 small-vehicle 1
71.0 542.0 73.0 554.0 51.0 561.0 46.0 549.0 small-vehicle 1
1727.0 988.0 1741.0 967.0 1779.0 996.0 1765.0 1018.0 ship 0
1634.0 1545.0 1629.0 1561.0 1584.0 1545.0 1591.0 1528.0 ship 0
1768.0 1782.0 1772.0 1792.0 1753.0 1797.0 1748.0 1788.0 ship 0
1729.0 1786.0 1728.0 1796.0 1709.0 1793.0 1710.0 1782.0 ship 0
1731.0 1783.0 1708.0 1777.0 1720.0 1712.0 1744.0 1717.0 ship 0
1765.0 1784.0 1742.0 1780.0 1753.0 1712.0 1778.0 1717.0 ship 0
315.0 315.0 303.0 320.0 290.0 286.0 303.0 283.0 ship 0
197.0 423.0 210.0 417.0 218.0 438.0 205.0 444.0 ship 0
748.0 575.0 755.0 572.0 762.0 585.0 752.0 588.0 ship 1
387.0 798.0 356.0 813.0 338.0 777.0 366.0 762.0 ship 0
496.0 894.0 505.0 891.0 513.0 911.0 501.0 915.0 ship 0
499.0 874.0 488.0 882.0 465.0 852.0 479.0 841.0 ship 0
941.0 677.0 945.0 670.0 959.0 672.0 955.0 683.0 ship 1
609.0 875.0 598.0 881.0 592.0 863.0 601.0 858.0 ship 0
1198.0 638.0 1197.0 649.0 1154.0 643.0 1158.0 630.0 ship 0
880.0 933.0 868.0 939.0 850.0 905.0 864.0 899.0 ship 0
871.0 899.0 883.0 894.0 896.0 927.0 881.0 931.0 ship 0
697.0 942.0 687.0 946.0 677.0 926.0 690.0 921.0 ship 0
989.0 1245.0 979.0 1255.0 951.0 1226.0 963.0 1215.0 ship 0
1093.0 1418.0 1088.0 1408.0 1120.0 1399.0 1124.0 1412.0 ship 0
1055.0 1391.0 1046.0 1395.0 1035.0 1378.0 1045.0 1370.0 ship 0
149.0 862.0 141.0 868.0 126.0 854.0 134.0 845.0 small-vehicle 1
270.0 860.0 280.0 865.0 270.0 882.0 260.0 879.0 small-vehicle 1
1611.0 1775.0 1598.0 1763.0 1629.0 1728.0 1642.0 1740.0 ship 0
1284.0 1503.0 1277.0 1493.0 1293.0 1483.0 1300.0 1491.0 small-vehicle 0
403.0 1551.0 411.0 1554.0 404.0 1572.0 395.0 1569.0 small-vehicle 1
495.0 1650.0 497.0 1639.0 521.0 1642.0 521.0 1652.0 small-vehicle 1
862.0 1526.0 869.0 1535.0 852.0 1551.0 844.0 1543.0 small-vehicle 0
900.0 1778.0 891.0 1769.0 912.0 1756.0 918.0 1763.0 small-vehicle 1
1409.0 1876.0 1418.0 1884.0 1399.0 1901.0 1391.0 1894.0 small-vehicle 0
1360.0 1716.0 1360.0 1725.0 1337.0 1722.0 1338.0 1712.0 small-vehicle 1
1023.0 1593.0 1012.0 1588.0 1026.0 1565.0 1034.0 1570.0 small-vehicle 0
1275.0 1487.0 1270.0 1477.0 1290.0 1471.0 1295.0 1481.0 small-vehicle 0
1368.0 1414.0 1371.0 1401.0 1396.0 1406.0 1395.0 1416.0 small-vehicle 0
280.0 865.0 288.0 871.0 278.0 888.0 269.0 882.0 small-vehicle 1
1267.0 1465.0 1269.0 1453.0 1291.0 1459.0 1288.0 1468.0 small-vehicle 0
1523.0 1368.0 1515.0 1374.0 1498.0 1356.0 1506.0 1349.0 small-vehicle 0
1246.0 1066.0 1241.0 1060.0 1257.0 1049.0 1262.0 1057.0 small-vehicle 1
1398.0 819.0 1400.0 809.0 1422.0 812.0 1423.0 820.0 small-vehicle 1
1431.0 627.0 1429.0 616.0 1455.0 613.0 1457.0 624.0 small-vehicle 1
1540.0 630.0 1542.0 639.0 1519.0 641.0 1518.0 631.0 small-vehicle 1
1423.0 496.0 1434.0 496.0 1434.0 519.0 1423.0 519.0 small-vehicle 0
2048.0 1537.0 2038.0 1535.0 2043.0 1512.0 2054.0 1515.0 small-vehicle 0
402.0 1555.0 392.0 1552.0 399.0 1531.0 411.0 1533.0 small-vehicle 1
615.0 1278.0 607.0 1271.0 627.0 1251.0 633.0 1259.0 small-vehicle 0
263.0 850.0 272.0 856.0 261.0 876.0 251.0 871.0 small-vehicle 0
251.0 844.0 260.0 851.0 247.0 870.0 239.0 863.0 small-vehicle 0
528.0 1014.0 536.0 1019.0 526.0 1039.0 518.0 1034.0 small-vehicle 1
537.0 1020.0 548.0 1026.0 538.0 1045.0 528.0 1040.0 small-vehicle 1
475.0 982.0 485.0 987.0 473.0 1008.0 464.0 1002.0 small-vehicle 1
428.0 952.0 436.0 957.0 425.0 974.0 417.0 970.0 small-vehicle 1
416.0 945.0 424.0 953.0 414.0 969.0 406.0 964.0 small-vehicle 1
535.0 881.0 544.0 876.0 557.0 903.0 544.0 908.0 ship 0
472.0 1066.0 470.0 1055.0 497.0 1050.0 499.0 1061.0 small-vehicle 1
486.0 1074.0 484.0 1065.0 506.0 1057.0 511.0 1067.0 small-vehicle 1
505.0 1083.0 501.0 1074.0 524.0 1067.0 528.0 1077.0 small-vehicle 1
511.0 1091.0 507.0 1083.0 529.0 1076.0 533.0 1085.0 small-vehicle 1
259.0 962.0 270.0 968.0 255.0 993.0 245.0 988.0 small-vehicle 1
148.0 836.0 155.0 828.0 169.0 847.0 161.0 853.0 small-vehicle 0
137.0 843.0 143.0 836.0 161.0 857.0 152.0 864.0 small-vehicle 0
110.0 870.0 117.0 861.0 132.0 876.0 124.0 883.0 small-vehicle 0
99.0 875.0 108.0 869.0 122.0 886.0 114.0 894.0 small-vehicle 0
78.0 891.0 90.0 885.0 104.0 904.0 95.0 911.0 small-vehicle 0
238.0 839.0 247.0 845.0 233.0 863.0 225.0 857.0 small-vehicle 0
1627.0 1816.0 1606.0 1800.0 1647.0 1748.0 1664.0 1762.0 ship 0
1561.0 1566.0 1569.0 1548.0 1617.0 1569.0 1609.0 1587.0 ship 0
947.0 862.0 961.0 856.0 978.0 890.0 964.0 896.0 ship 0
1873.0 1028.0 1852.0 1025.0 1864.0 965.0 1884.0 970.0 ship 0
1618.0 313.0 1610.0 337.0 1541.0 310.0 1549.0 287.0 ship 0
1719.0 576.0 1714.0 556.0 1772.0 538.0 1778.0 558.0 ship 0
1776.0 675.0 1766.0 656.0 1819.0 632.0 1827.0 650.0 ship 0
1665.0 1057.0 1668.0 1041.0 1719.0 1051.0 1716.0 1067.0 ship 0
1831.0 1267.0 1803.0 1262.0 1822.0 1166.0 1848.0 1171.0 ship 0
1884.0 966.0 1863.0 961.0 1877.0 896.0 1896.0 900.0 ship 0
1911.0 957.0 1893.0 954.0 1902.0 900.0 1920.0 903.0 ship 0
1940.0 962.0 1923.0 958.0 1929.0 910.0 1949.0 913.0 ship 0
1891.0 964.0 1911.0 968.0 1900.0 1034.0 1878.0 1029.0 ship 0
2047.0 673.0 2066.0 676.0 2055.0 728.0 2036.0 723.0 ship 0
1927.0 1036.0 1907.0 1032.0 1918.0 972.0 1937.0 976.0 ship 0
1948.0 1037.0 1932.0 1033.0 1941.0 983.0 1958.0 986.0 ship 0
1973.0 985.0 1989.0 987.0 1982.0 1036.0 1965.0 1033.0 ship 0
2035.0 1055.0 2014.0 1050.0 2025.0 998.0 2044.0 1002.0 ship 0
2067.0 976.0 2054.0 973.0 2060.0 944.0 2072.0 948.0 ship 0
2049.0 980.0 2030.0 976.0 2038.0 919.0 2059.0 922.0 ship 0
2016.0 972.0 1997.0 969.0 2007.0 921.0 2025.0 924.0 ship 0
2075.0 813.0 2053.0 807.0 2065.0 750.0 2085.0 754.0 ship 0
1255.0 315.0 1248.0 294.0 1313.0 272.0 1321.0 292.0 ship 0
1178.0 339.0 1171.0 317.0 1238.0 294.0 1246.0 318.0 ship 0
1145.0 647.0 1122.0 659.0 1079.0 568.0 1103.0 556.0 ship 0
1170.0 669.0 1173.0 656.0 1213.0 664.0 1210.0 678.0 ship 0
937.0 849.0 925.0 856.0 908.0 823.0 920.0 816.0 ship 0
915.0 860.0 900.0 866.0 885.0 829.0 897.0 822.0 ship 0
986.0 846.0 997.0 840.0 1011.0 868.0 1000.0 873.0 ship 0
1001.0 832.0 1016.0 823.0 1036.0 861.0 1020.0 869.0 ship 0
1054.0 832.0 1034.0 842.0 1007.0 789.0 1025.0 780.0 ship 0
1174.0 823.0 1163.0 841.0 1111.0 805.0 1125.0 787.0 ship 0
1176.0 798.0 1169.0 809.0 1140.0 788.0 1147.0 778.0 ship 0
1088.0 1161.0 1082.0 1145.0 1130.0 1130.0 1135.0 1148.0 ship 0
1129.0 1220.0 1127.0 1233.0 1094.0 1228.0 1096.0 1215.0 ship 0
935.0 1222.0 944.0 1214.0 986.0 1264.0 977.0 1271.0 harbor 0
993.0 1247.0 1005.0 1256.0 943.0 1351.0 929.0 1340.0 harbor 0
989.0 1320.0 970.0 1308.0 1006.0 1252.0 1024.0 1264.0 ship 0
1132.0 1371.0 1116.0 1378.0 1100.0 1337.0 1113.0 1331.0 ship 0
1111.0 1390.0 1095.0 1396.0 1073.0 1338.0 1090.0 1331.0 ship 0
1092.0 1397.0 1069.0 1404.0 1048.0 1344.0 1069.0 1335.0 ship 0
1214.0 751.0 1210.0 772.0 1149.0 757.0 1154.0 737.0 ship 0
1222.0 719.0 1218.0 740.0 1160.0 730.0 1164.0 710.0 ship 0
2090.0 733.0 2070.0 729.0 2079.0 679.0 2098.0 683.0 ship 0
2033.0 727.0 2013.0 723.0 2024.0 669.0 2044.0 673.0 ship 0
1597.0 1475.0 1617.0 1459.0 1673.0 1518.0 1653.0 1537.0 ship 0
1894.0 1537.0 1872.0 1532.0 1887.0 1473.0 1907.0 1477.0 ship 0
1963.0 1289.0 1944.0 1287.0 1952.0 1228.0 1971.0 1231.0 ship 0
1940.0 1276.0 1922.0 1272.0 1930.0 1222.0 1948.0 1224.0 ship 0
1901.0 1215.0 1918.0 1218.0 1908.0 1274.0 1889.0 1271.0 ship 0
1885.0 1272.0 1866.0 1269.0 1878.0 1215.0 1895.0 1219.0 ship 0
1854.0 1268.0 1836.0 1264.0 1847.0 1212.0 1865.0 1215.0 ship 0
1965.0 1469.0 1945.0 1464.0 1956.0 1409.0 1976.0 1413.0 ship 0
1933.0 1457.0 1916.0 1452.0 1926.0 1405.0 1944.0 1409.0 ship 0
1942.0 1478.0 1963.0 1481.0 1953.0 1538.0 1932.0 1535.0 ship 0
1838.0 1465.0 1855.0 1467.0 1848.0 1512.0 1830.0 1509.0 ship 0
2004.0 725.0 1986.0 720.0 1995.0 669.0 2013.0 673.0 ship 0
1909.0 1462.0 1890.0 1458.0 1900.0 1402.0 1920.0 1405.0 ship 0
1857.0 1452.0 1839.0 1449.0 1848.0 1400.0 1866.0 1402.0 ship 0
1881.0 1455.0 1863.0 1452.0 1870.0 1402.0 1888.0 1405.0 ship 0
1827.0 1447.0 1809.0 1443.0 1821.0 1388.0 1838.0 1392.0 ship 0
1809.0 1424.0 1795.0 1422.0 1801.0 1389.0 1815.0 1392.0 ship 0
1784.0 1439.0 1806.0 1444.0 1795.0 1497.0 1774.0 1491.0 ship 0
1817.0 1512.0 1798.0 1507.0 1808.0 1455.0 1827.0 1458.0 ship 0
1672.0 1487.0 1664.0 1496.0 1640.0 1471.0 1650.0 1463.0 ship 0
1992.0 1301.0 1971.0 1297.0 1981.0 1232.0 2002.0 1235.0 ship 0
1866.0 1201.0 1849.0 1198.0 1858.0 1146.0 1876.0 1149.0 ship 0
1951.0 1208.0 1934.0 1204.0 1941.0 1156.0 1961.0 1159.0 ship 0
1965.0 1153.0 1984.0 1157.0 1976.0 1215.0 1957.0 1211.0 ship 0
2034.0 748.0 2051.0 751.0 2044.0 794.0 2026.0 791.0 ship 0
2021.0 797.0 2001.0 792.0 2010.0 745.0 2031.0 748.0 ship 0
1993.0 798.0 1971.0 794.0 1984.0 732.0 2003.0 736.0 ship 0
1962.0 727.0 1980.0 730.0 1971.0 782.0 1952.0 778.0 ship 0
1933.0 721.0 1952.0 724.0 1942.0 783.0 1921.0 778.0 ship 0
1954.0 713.0 1934.0 711.0 1942.0 660.0 1961.0 663.0 ship 0
1918.0 762.0 1893.0 758.0 1903.0 689.0 1928.0 691.0 ship 0
2081.0 598.0 2058.0 591.0 2072.0 520.0 2092.0 525.0 ship 0
2055.0 586.0 2033.0 581.0 2045.0 514.0 2067.0 518.0 ship 0
2026.0 580.0 2006.0 576.0 2019.0 510.0 2038.0 513.0 ship 0
2001.0 576.0 1979.0 572.0 1992.0 506.0 2013.0 509.0 ship 0
2042.0 499.0 2021.0 495.0 2031.0 440.0 2052.0 444.0 ship 0
2008.0 420.0 2029.0 424.0 2016.0 495.0 1994.0 490.0 ship 0
1976.0 416.0 1998.0 419.0 1986.0 490.0 1966.0 485.0 ship 0
1957.0 484.0 1938.0 480.0 1949.0 420.0 1970.0 423.0 ship 0
2025.0 119.0 2022.0 99.0 2082.0 90.0 2086.0 110.0 ship 0
1996.0 1159.0 2016.0 1162.0 2006.0 1221.0 1986.0 1217.0 ship 0
574.0 134.0 624.0 246.0 295.0 402.0 239.0 288.0 harbor 0
