imagesource:GoogleEarth
gsd:0.140213714075
607.0 2876.0 610.0 2894.0 560.0 2901.0 556.0 2884.0 small-vehicle 0
1071.0 4533.0 1038.0 4538.0 1026.0 4448.0 1060.0 4442.0 ship 0
1345.0 3831.0 1319.0 3832.0 1310.0 3758.0 1335.0 3754.0 ship 0
1318.0 3851.0 1364.0 3845.0 1374.0 3965.0 1327.0 3971.0 ship 0
1350.0 4088.0 1382.0 4085.0 1395.0 4187.0 1361.0 4192.0 ship 0
1315.0 4102.0 1342.0 4099.0 1354.0 4192.0 1328.0 4194.0 ship 0
1270.0 4110.0 1301.0 4104.0 1310.0 4193.0 1280.0 4196.0 ship 0
1364.0 4209.0 1393.0 4206.0 1403.0 4296.0 1374.0 4298.0 ship 0
1370.0 4319.0 1336.0 4323.0 1325.0 4223.0 1358.0 4218.0 ship 0
1288.0 4228.0 1316.0 4224.0 1324.0 4314.0 1298.0 4316.0 ship 0
1245.0 4234.0 1278.0 4227.0 1288.0 4313.0 1255.0 4315.0 ship 0
1274.0 4210.0 1234.0 4215.0 1222.0 4111.0 1260.0 4107.0 ship 0
1234.0 4218.0 1204.0 4223.0 1188.0 4116.0 1221.0 4111.0 ship 0
1208.0 4238.0 1234.0 4233.0 1245.0 4321.0 1218.0 4326.0 ship 0
1167.0 4245.0 1198.0 4240.0 1207.0 4328.0 1175.0 4331.0 ship 0
1124.0 4244.0 1155.0 4239.0 1166.0 4334.0 1136.0 4340.0 ship 0
1081.0 4251.0 1117.0 4244.0 1129.0 4341.0 1093.0 4346.0 ship 0
1079.0 4329.0 1056.0 4333.0 1046.0 4263.0 1072.0 4259.0 ship 0
967.0 4268.0 999.0 4264.0 1007.0 4344.0 975.0 4351.0 ship 0
954.0 4147.0 986.0 4145.0 994.0 4234.0 960.0 4237.0 ship 0
1033.0 4236.0 995.0 4240.0 988.0 4134.0 1021.0 4129.0 ship 0
1072.0 4232.0 1042.0 4236.0 1027.0 4121.0 1060.0 4116.0 ship 0
1070.0 4121.0 1098.0 4117.0 1111.0 4220.0 1080.0 4222.0 ship 0
1152.0 4223.0 1117.0 4228.0 1107.0 4126.0 1142.0 4123.0 ship 0
1195.0 4219.0 1160.0 4223.0 1147.0 4122.0 1181.0 4117.0 ship 0
1308.0 3832.0 1282.0 3835.0 1272.0 3765.0 1301.0 3761.0 ship 0
1225.0 3770.0 1252.0 3765.0 1263.0 3839.0 1235.0 3844.0 ship 0
1273.0 3860.0 1313.0 3854.0 1324.0 3960.0 1286.0 3964.0 ship 0
1070.0 3868.0 1039.0 3871.0 1032.0 3797.0 1060.0 3792.0 ship 0
1123.0 2610.0 1146.0 2609.0 1151.0 2668.0 1130.0 2671.0 ship 0
1150.0 2608.0 1170.0 2604.0 1178.0 2668.0 1155.0 2671.0 ship 0
1167.0 2587.0 1147.0 2588.0 1139.0 2529.0 1161.0 2527.0 ship 0
992.0 3610.0 976.0 3613.0 970.0 3572.0 986.0 3569.0 ship 0
862.0 3580.0 879.0 3577.0 883.0 3608.0 866.0 3610.0 ship 0
905.0 3651.0 926.0 3648.0 936.0 3712.0 913.0 3715.0 ship 0
932.0 3655.0 951.0 3652.0 960.0 3704.0 941.0 3708.0 ship 0
944.0 3881.0 918.0 3884.0 911.0 3814.0 938.0 3811.0 ship 0
989.0 3876.0 962.0 3878.0 954.0 3806.0 983.0 3803.0 ship 0
1025.0 3873.0 999.0 3876.0 990.0 3800.0 1018.0 3797.0 ship 0
1148.0 3854.0 1125.0 3858.0 1112.0 3786.0 1137.0 3780.0 ship 0
1243.0 3868.0 1272.0 3865.0 1284.0 3966.0 1253.0 3969.0 ship 0
922.0 3906.0 955.0 3901.0 968.0 4020.0 932.0 4024.0 ship 0
963.0 3914.0 992.0 3910.0 1006.0 4001.0 973.0 4005.0 ship 0
1044.0 3990.0 1010.0 3995.0 1000.0 3903.0 1034.0 3900.0 ship 0
1085.0 3991.0 1054.0 3995.0 1039.0 3899.0 1071.0 3893.0 ship 0
1078.0 3896.0 1114.0 3893.0 1123.0 3996.0 1088.0 4000.0 ship 0
1157.0 3879.0 1192.0 3874.0 1205.0 3980.0 1170.0 3982.0 ship 0
1107.0 3868.0 1076.0 3872.0 1068.0 3782.0 1098.0 3779.0 ship 0
1144.0 3787.0 1168.0 3780.0 1186.0 3853.0 1159.0 3859.0 ship 0
1225.0 3849.0 1203.0 3850.0 1195.0 3780.0 1220.0 3778.0 ship 0
1193.0 3877.0 1233.0 3871.0 1244.0 3977.0 1207.0 3981.0 ship 0
1031.0 4537.0 1003.0 4542.0 990.0 4442.0 1023.0 4439.0 ship 0
1099.0 4430.0 1139.0 4425.0 1150.0 4517.0 1112.0 4522.0 ship 0
639.0 1607.0 661.0 1596.0 697.0 1686.0 673.0 1696.0 ship 0
1184.0 4519.0 1163.0 4524.0 1149.0 4447.0 1174.0 4443.0 ship 0
527.0 1328.0 556.0 1313.0 599.0 1407.0 567.0 1423.0 ship 0
552.0 1417.0 527.0 1427.0 495.0 1348.0 520.0 1337.0 ship 0
467.0 1359.0 487.0 1351.0 510.0 1408.0 488.0 1417.0 ship 0
444.0 1369.0 462.0 1362.0 487.0 1424.0 466.0 1432.0 ship 0
462.0 1457.0 451.0 1463.0 438.0 1431.0 448.0 1425.0 ship 0
533.0 1618.0 515.0 1626.0 499.0 1589.0 515.0 1581.0 ship 0
577.0 1616.0 556.0 1627.0 521.0 1552.0 541.0 1543.0 ship 0
623.0 1597.0 595.0 1610.0 556.0 1522.0 585.0 1511.0 ship 0
656.0 1583.0 635.0 1594.0 594.0 1512.0 619.0 1500.0 ship 0
697.0 1569.0 671.0 1581.0 630.0 1490.0 662.0 1478.0 ship 0
728.0 1552.0 704.0 1561.0 670.0 1484.0 695.0 1474.0 ship 0
799.0 1515.0 773.0 1526.0 742.0 1457.0 767.0 1445.0 ship 0
839.0 1501.0 818.0 1517.0 775.0 1444.0 797.0 1431.0 ship 0
877.0 1493.0 853.0 1507.0 803.0 1409.0 832.0 1395.0 ship 0
911.0 1474.0 886.0 1489.0 848.0 1409.0 877.0 1396.0 ship 0
946.0 1459.0 924.0 1468.0 892.0 1402.0 915.0 1389.0 ship 0
925.0 1490.0 954.0 1477.0 998.0 1571.0 967.0 1584.0 ship 0
888.0 1504.0 918.0 1491.0 957.0 1582.0 929.0 1593.0 ship 0
854.0 1520.0 881.0 1509.0 917.0 1599.0 890.0 1609.0 ship 0
823.0 1544.0 849.0 1534.0 880.0 1613.0 855.0 1624.0 ship 0
852.0 1635.0 824.0 1648.0 788.0 1561.0 817.0 1551.0 ship 0
744.0 1564.0 773.0 1554.0 808.0 1643.0 782.0 1655.0 ship 0
776.0 1666.0 751.0 1676.0 713.0 1582.0 737.0 1572.0 ship 0
621.0 1387.0 599.0 1396.0 565.0 1313.0 591.0 1305.0 ship 0
667.0 1272.0 691.0 1260.0 725.0 1335.0 701.0 1346.0 ship 0
707.0 1261.0 732.0 1251.0 760.0 1324.0 735.0 1333.0 ship 0
1367.0 4514.0 1392.0 4508.0 1403.0 4581.0 1378.0 4585.0 ship 0
1231.0 4515.0 1205.0 4519.0 1193.0 4442.0 1223.0 4439.0 ship 0
1006.0 4559.0 1028.0 4556.0 1039.0 4634.0 1015.0 4638.0 ship 0
1063.0 4552.0 1091.0 4548.0 1102.0 4628.0 1071.0 4632.0 ship 0
1102.0 4554.0 1125.0 4551.0 1133.0 4616.0 1110.0 4618.0 ship 0
1172.0 4537.0 1201.0 4534.0 1209.0 4612.0 1183.0 4614.0 ship 0
1251.0 4609.0 1229.0 4611.0 1219.0 4534.0 1241.0 4530.0 ship 0
1262.0 4508.0 1240.0 4512.0 1231.0 4431.0 1252.0 4428.0 ship 0
1305.0 4496.0 1274.0 4497.0 1273.0 4422.0 1303.0 4421.0 ship 0
1350.0 4483.0 1321.0 4487.0 1309.0 4416.0 1339.0 4412.0 ship 0
1291.0 4523.0 1318.0 4518.0 1329.0 4594.0 1301.0 4596.0 ship 0
613.0 1273.0 591.0 1283.0 565.0 1220.0 587.0 1210.0 ship 0
738.0 1238.0 762.0 1227.0 793.0 1297.0 767.0 1308.0 ship 0
644.0 1263.0 624.0 1272.0 595.0 1204.0 615.0 1195.0 ship 0
676.0 1247.0 655.0 1256.0 624.0 1192.0 648.0 1180.0 ship 0
703.0 1234.0 684.0 1241.0 658.0 1182.0 679.0 1173.0 ship 0
736.0 1221.0 716.0 1231.0 688.0 1173.0 708.0 1164.0 ship 0
764.0 1208.0 749.0 1215.0 718.0 1157.0 737.0 1149.0 ship 0
802.0 1197.0 778.0 1208.0 743.0 1137.0 767.0 1126.0 ship 0
825.0 1184.0 807.0 1192.0 779.0 1135.0 799.0 1126.0 ship 0
820.0 1152.0 856.0 1141.0 911.0 1271.0 879.0 1284.0 ship 0
808.0 1210.0 833.0 1198.0 866.0 1275.0 845.0 1286.0 ship 0
771.0 1227.0 800.0 1214.0 837.0 1289.0 806.0 1302.0 ship 0
1095.0 2615.0 1115.0 2612.0 1119.0 2671.0 1101.0 2671.0 ship 0
1064.0 2619.0 1088.0 2617.0 1095.0 2670.0 1073.0 2672.0 ship 0
1038.0 2619.0 1056.0 2617.0 1065.0 2672.0 1046.0 2675.0 ship 0
1011.0 2624.0 1034.0 2622.0 1040.0 2681.0 1016.0 2683.0 ship 0
453.0 406.0 480.0 394.0 518.0 488.0 490.0 502.0 ship 0
569.0 470.0 538.0 485.0 490.0 374.0 520.0 361.0 ship 0
694.0 706.0 657.0 732.0 582.0 592.0 619.0 575.0 ship 0
592.0 664.0 573.0 672.0 544.0 604.0 564.0 596.0 ship 0
558.0 682.0 536.0 690.0 509.0 622.0 531.0 611.0 ship 0
544.0 708.0 562.0 700.0 593.0 764.0 574.0 773.0 ship 0
518.0 726.0 537.0 718.0 564.0 778.0 546.0 787.0 ship 0
479.0 737.0 497.0 729.0 520.0 782.0 501.0 791.0 ship 0
446.0 746.0 467.0 734.0 496.0 797.0 472.0 806.0 ship 0
419.0 761.0 441.0 751.0 462.0 812.0 438.0 820.0 ship 0
383.0 772.0 405.0 761.0 431.0 829.0 407.0 840.0 ship 0
396.0 846.0 375.0 853.0 351.0 790.0 374.0 779.0 ship 0
320.0 802.0 340.0 791.0 366.0 855.0 344.0 863.0 ship 0
285.0 820.0 305.0 812.0 329.0 870.0 309.0 880.0 ship 0
255.0 832.0 274.0 821.0 299.0 882.0 277.0 893.0 ship 0
218.0 843.0 239.0 832.0 268.0 896.0 245.0 906.0 ship 0
465.0 719.0 442.0 730.0 409.0 660.0 434.0 649.0 ship 0
434.0 732.0 408.0 745.0 377.0 671.0 403.0 658.0 ship 0
344.0 677.0 366.0 668.0 394.0 737.0 368.0 746.0 ship 0
369.0 765.0 342.0 776.0 306.0 695.0 335.0 681.0 ship 0
284.0 718.0 305.0 709.0 330.0 775.0 309.0 784.0 ship 0
299.0 790.0 277.0 800.0 247.0 731.0 273.0 719.0 ship 0
265.0 805.0 244.0 814.0 213.0 742.0 237.0 732.0 ship 0
417.0 434.0 442.0 424.0 472.0 490.0 448.0 504.0 ship 0
371.0 444.0 404.0 429.0 444.0 518.0 406.0 535.0 ship 0
332.0 455.0 362.0 442.0 401.0 529.0 369.0 541.0 ship 0
1393.0 4405.0 1415.0 4587.0 1047.0 4634.0 1024.0 4454.0 harbor 0
489.0 368.0 534.0 471.0 139.0 643.0 98.0 538.0 harbor 0
577.0 584.0 644.0 736.0 256.0 906.0 192.0 749.0 harbor 0
677.0 807.0 754.0 989.0 357.0 1159.0 283.0 976.0 harbor 0
811.0 1116.0 876.0 1274.0 482.0 1446.0 416.0 1287.0 harbor 0
921.0 1374.0 1000.0 1563.0 603.0 1729.0 519.0 1549.0 harbor 0
1077.0 1749.0 1097.0 1923.0 669.0 1974.0 648.0 1806.0 harbor 0
1177.0 2524.0 1189.0 2664.0 802.0 2706.0 787.0 2569.0 harbor 0
1197.0 2739.0 1209.0 2874.0 832.0 2917.0 817.0 2782.0 harbor 0
1312.0 3754.0 1334.0 3961.0 961.0 4012.0 936.0 3801.0 harbor 0
1354.0 4092.0 1381.0 4299.0 1002.0 4349.0 980.0 4138.0 harbor 0
1389.0 4683.0 1414.0 4856.0 1077.0 4893.0 1061.0 4725.0 harbor 0
258.0 498.0 283.0 486.0 316.0 558.0 290.0 572.0 ship 0
97.0 360.0 87.0 335.0 162.0 303.0 171.0 328.0 ship 0
197.0 454.0 212.0 492.0 87.0 543.0 73.0 508.0 ship 0
108.0 618.0 90.0 626.0 68.0 580.0 85.0 570.0 ship 0
131.0 672.0 115.0 680.0 97.0 640.0 114.0 632.0 ship 0
120.0 698.0 137.0 691.0 156.0 736.0 138.0 745.0 ship 0
147.0 766.0 165.0 758.0 183.0 801.0 164.0 811.0 ship 0
199.0 883.0 216.0 875.0 232.0 910.0 214.0 920.0 ship 0
168.0 646.0 139.0 660.0 97.0 565.0 126.0 551.0 ship 0
141.0 544.0 168.0 530.0 205.0 614.0 173.0 626.0 ship 0
238.0 602.0 210.0 613.0 175.0 524.0 204.0 510.0 ship 0
177.0 749.0 206.0 734.0 236.0 811.0 208.0 827.0 ship 0
356.0 1019.0 333.0 1028.0 308.0 964.0 330.0 954.0 ship 0
386.0 1006.0 364.0 1014.0 337.0 952.0 363.0 942.0 ship 0
767.0 2643.0 799.0 2638.0 809.0 2710.0 774.0 2714.0 ship 0
668.0 2305.0 686.0 2301.0 692.0 2341.0 674.0 2343.0 ship 0
704.0 2326.0 719.0 2325.0 724.0 2368.0 707.0 2371.0 ship 0
711.0 2373.0 729.0 2370.0 734.0 2418.0 715.0 2419.0 ship 0
739.0 2340.0 768.0 2340.0 772.0 2412.0 742.0 2413.0 ship 0
729.0 2440.0 751.0 2436.0 760.0 2503.0 737.0 2505.0 ship 0
829.0 2627.0 804.0 2630.0 794.0 2569.0 823.0 2566.0 ship 0
861.0 2626.0 839.0 2628.0 833.0 2568.0 856.0 2566.0 ship 0
885.0 2621.0 865.0 2622.0 858.0 2563.0 881.0 2561.0 ship 0
917.0 2617.0 897.0 2620.0 889.0 2560.0 910.0 2558.0 ship 0
944.0 2615.0 927.0 2616.0 919.0 2560.0 937.0 2558.0 ship 0
808.0 2643.0 833.0 2641.0 839.0 2702.0 815.0 2705.0 ship 0
717.0 2243.0 694.0 2245.0 686.0 2185.0 712.0 2182.0 ship 0
844.0 2644.0 862.0 2643.0 865.0 2697.0 847.0 2698.0 ship 0
868.0 2639.0 889.0 2636.0 895.0 2697.0 873.0 2699.0 ship 0
923.0 2631.0 945.0 2628.0 951.0 2690.0 928.0 2693.0 ship 0
953.0 2632.0 971.0 2631.0 979.0 2687.0 961.0 2689.0 ship 0
979.0 2627.0 1001.0 2624.0 1007.0 2684.0 986.0 2687.0 ship 0
975.0 2611.0 955.0 2615.0 946.0 2552.0 966.0 2549.0 ship 0
1000.0 2607.0 982.0 2610.0 967.0 2543.0 990.0 2541.0 ship 0
1057.0 2599.0 1036.0 2601.0 1026.0 2544.0 1048.0 2541.0 ship 0
1086.0 2600.0 1066.0 2602.0 1058.0 2539.0 1082.0 2537.0 ship 0
1140.0 2585.0 1121.0 2589.0 1110.0 2538.0 1131.0 2534.0 ship 0
720.0 2177.0 744.0 2174.0 751.0 2239.0 726.0 2240.0 ship 0
709.0 2150.0 685.0 2153.0 675.0 2074.0 703.0 2070.0 ship 0
418.0 994.0 394.0 1003.0 366.0 934.0 390.0 923.0 ship 0
570.0 926.0 550.0 936.0 520.0 875.0 544.0 864.0 ship 0
450.0 980.0 428.0 989.0 400.0 928.0 422.0 918.0 ship 0
313.0 1064.0 348.0 1049.0 393.0 1156.0 358.0 1171.0 ship 0
353.0 1058.0 375.0 1047.0 402.0 1109.0 376.0 1119.0 ship 0
383.0 1033.0 411.0 1021.0 450.0 1120.0 420.0 1132.0 ship 0
498.0 1118.0 471.0 1133.0 421.0 1017.0 449.0 1003.0 ship 0
459.0 996.0 487.0 982.0 536.0 1092.0 503.0 1105.0 ship 0
574.0 1067.0 546.0 1078.0 498.0 984.0 529.0 969.0 ship 0
482.0 966.0 460.0 978.0 430.0 917.0 456.0 907.0 ship 0
506.0 954.0 488.0 962.0 459.0 900.0 480.0 891.0 ship 0
544.0 937.0 520.0 949.0 490.0 888.0 516.0 877.0 ship 0
601.0 912.0 580.0 921.0 545.0 850.0 567.0 839.0 ship 0
734.0 2146.0 715.0 2146.0 713.0 2076.0 732.0 2076.0 ship 0
540.0 960.0 568.0 946.0 612.0 1045.0 582.0 1057.0 ship 0
580.0 949.0 610.0 934.0 646.0 1023.0 617.0 1036.0 ship 0
631.0 901.0 608.0 912.0 581.0 849.0 602.0 839.0 ship 0
612.0 835.0 635.0 825.0 661.0 887.0 639.0 896.0 ship 0
622.0 926.0 655.0 911.0 695.0 1016.0 660.0 1029.0 ship 0
456.0 1337.0 432.0 1348.0 404.0 1280.0 431.0 1267.0 ship 0
486.0 1322.0 467.0 1331.0 443.0 1276.0 464.0 1267.0 ship 0
520.0 1313.0 500.0 1321.0 475.0 1263.0 496.0 1254.0 ship 0
550.0 1299.0 527.0 1309.0 505.0 1254.0 526.0 1243.0 ship 0
582.0 1288.0 562.0 1296.0 537.0 1238.0 557.0 1228.0 ship 0
741.0 1681.0 714.0 1693.0 676.0 1603.0 702.0 1591.0 ship 0
662.0 1695.0 637.0 1708.0 600.0 1627.0 631.0 1614.0 ship 0
687.0 3530.0 688.0 3549.0 640.0 3552.0 638.0 3536.0 small-vehicle 0
546.0 3969.0 544.0 3953.0 586.0 3949.0 587.0 3966.0 small-vehicle 0
632.0 3144.0 635.0 3162.0 598.0 3169.0 594.0 3152.0 small-vehicle 0
629.0 3492.0 630.0 3511.0 592.0 3515.0 589.0 3499.0 small-vehicle 0
418.0 3465.0 435.0 3462.0 439.0 3495.0 423.0 3496.0 small-vehicle 0
641.0 3556.0 643.0 3570.0 612.0 3576.0 609.0 3560.0 small-vehicle 0
627.0 3518.0 629.0 3533.0 602.0 3536.0 600.0 3522.0 small-vehicle 0
651.0 3569.0 650.0 3554.0 684.0 3550.0 683.0 3566.0 small-vehicle 0
649.0 3593.0 651.0 3610.0 617.0 3614.0 613.0 3598.0 small-vehicle 0
451.0 3659.0 471.0 3657.0 475.0 3705.0 456.0 3705.0 small-vehicle 0
662.0 3644.0 658.0 3625.0 702.0 3620.0 704.0 3637.0 small-vehicle 0
698.0 3664.0 701.0 3682.0 658.0 3690.0 655.0 3671.0 small-vehicle 0
668.0 3730.0 670.0 3745.0 625.0 3752.0 624.0 3735.0 small-vehicle 0
672.0 3747.0 669.0 3731.0 702.0 3726.0 705.0 3741.0 small-vehicle 0
670.0 3768.0 671.0 3788.0 629.0 3793.0 626.0 3774.0 small-vehicle 0
671.0 3791.0 673.0 3808.0 639.0 3813.0 637.0 3796.0 small-vehicle 0
711.0 3823.0 713.0 3841.0 675.0 3847.0 671.0 3830.0 small-vehicle 0
678.0 3867.0 674.0 3851.0 712.0 3844.0 714.0 3860.0 small-vehicle 0
674.0 3849.0 675.0 3866.0 640.0 3871.0 638.0 3853.0 small-vehicle 0
676.0 3870.0 678.0 3885.0 642.0 3891.0 642.0 3875.0 small-vehicle 0
683.0 3890.0 685.0 3907.0 647.0 3912.0 645.0 3897.0 small-vehicle 0
691.0 3907.0 688.0 3893.0 716.0 3884.0 718.0 3898.0 small-vehicle 0
691.0 3923.0 687.0 3909.0 724.0 3904.0 724.0 3919.0 small-vehicle 0
726.0 3922.0 727.0 3938.0 691.0 3942.0 688.0 3927.0 small-vehicle 0
684.0 3926.0 688.0 3944.0 651.0 3948.0 649.0 3933.0 small-vehicle 0
611.0 2964.0 615.0 2981.0 582.0 2988.0 577.0 2971.0 small-vehicle 0
545.0 2722.0 540.0 2708.0 573.0 2702.0 575.0 2716.0 small-vehicle 0
545.0 2798.0 542.0 2784.0 576.0 2776.0 579.0 2793.0 small-vehicle 0
350.0 2463.0 350.0 2445.0 384.0 2444.0 383.0 2462.0 small-vehicle 0
479.0 2353.0 482.0 2369.0 438.0 2375.0 436.0 2359.0 small-vehicle 0
469.0 2334.0 471.0 2351.0 441.0 2355.0 438.0 2339.0 small-vehicle 0
474.0 2352.0 472.0 2337.0 511.0 2331.0 512.0 2345.0 small-vehicle 0
478.0 2409.0 476.0 2394.0 518.0 2388.0 519.0 2403.0 small-vehicle 0
477.0 2432.0 478.0 2449.0 444.0 2452.0 442.0 2436.0 small-vehicle 0
481.0 2451.0 483.0 2470.0 450.0 2474.0 447.0 2456.0 small-vehicle 0
483.0 2472.0 485.0 2487.0 448.0 2493.0 447.0 2475.0 small-vehicle 0
488.0 2488.0 485.0 2470.0 528.0 2467.0 527.0 2482.0 small-vehicle 0
492.0 2505.0 490.0 2490.0 530.0 2485.0 530.0 2501.0 small-vehicle 0
359.0 2525.0 354.0 2509.0 387.0 2499.0 391.0 2517.0 small-vehicle 0
350.0 2423.0 348.0 2407.0 388.0 2403.0 386.0 2419.0 small-vehicle 0
606.0 2914.0 608.0 2930.0 576.0 2935.0 572.0 2918.0 small-vehicle 0
347.0 2388.0 344.0 2369.0 391.0 2364.0 393.0 2382.0 small-vehicle 0
341.0 2348.0 341.0 2333.0 383.0 2329.0 385.0 2345.0 small-vehicle 0
400.0 2623.0 402.0 2641.0 366.0 2644.0 364.0 2626.0 small-vehicle 0
416.0 2700.0 420.0 2716.0 390.0 2721.0 385.0 2708.0 small-vehicle 0
398.0 2740.0 395.0 2726.0 431.0 2719.0 432.0 2734.0 small-vehicle 0
396.0 2762.0 392.0 2746.0 429.0 2738.0 433.0 2756.0 small-vehicle 0
405.0 2796.0 401.0 2780.0 443.0 2772.0 445.0 2789.0 small-vehicle 0
405.0 2818.0 401.0 2803.0 435.0 2796.0 438.0 2813.0 small-vehicle 0
447.0 2915.0 449.0 2932.0 413.0 2935.0 411.0 2919.0 small-vehicle 0
607.0 2933.0 609.0 2951.0 575.0 2954.0 572.0 2938.0 small-vehicle 0
683.0 3909.0 684.0 3926.0 649.0 3931.0 648.0 3915.0 small-vehicle 0
540.0 3876.0 539.0 3860.0 577.0 3853.0 576.0 3868.0 small-vehicle 0
634.0 1728.0 603.0 1745.0 559.0 1646.0 589.0 1632.0 ship 0
689.0 3968.0 691.0 3985.0 655.0 3990.0 651.0 3975.0 small-vehicle 0
127.0 4613.0 99.0 4619.0 92.0 4571.0 121.0 4567.0 small-vehicle 1
240.0 4485.0 257.0 4479.0 269.0 4515.0 248.0 4519.0 small-vehicle 1
12.0 4850.0 28.0 4852.0 26.0 4887.0 7.0 4885.0 small-vehicle 1
156.0 4172.0 178.0 4169.0 186.0 4210.0 163.0 4212.0 small-vehicle 1
624.0 4094.0 608.0 4099.0 599.0 4064.0 616.0 4057.0 small-vehicle 1
1267.0 2865.0 1216.0 2874.0 1199.0 2777.0 1256.0 2772.0 ship 0
793.0 2867.0 811.0 2862.0 822.0 2917.0 802.0 2922.0 ship 0
1173.0 2535.0 1202.0 2527.0 1219.0 2593.0 1184.0 2598.0 ship 0
1228.0 2654.0 1189.0 2661.0 1186.0 2603.0 1223.0 2597.0 ship 0
1297.0 2177.0 1286.0 2180.0 1283.0 2155.0 1295.0 2155.0 ship 0
1325.0 2166.0 1313.0 2173.0 1303.0 2153.0 1315.0 2145.0 ship 0
234.0 2193.0 215.0 2194.0 209.0 2151.0 233.0 2149.0 small-vehicle 0
157.0 1541.0 170.0 1549.0 157.0 1582.0 142.0 1574.0 small-vehicle 1
611.0 1050.0 619.0 1067.0 591.0 1077.0 584.0 1064.0 ship 0
923.0 1375.0 973.0 1352.0 1011.0 1442.0 958.0 1466.0 ship 0
922.0 1601.0 930.0 1579.0 971.0 1594.0 963.0 1619.0 ship 0
1151.0 2298.0 1184.0 2293.0 1195.0 2376.0 1159.0 2380.0 ship 0
1159.0 2379.0 1198.0 2378.0 1200.0 2436.0 1163.0 2441.0 ship 0
1292.0 3509.0 1355.0 3501.0 1367.0 3652.0 1307.0 3662.0 ship 0
885.0 3894.0 906.0 3891.0 914.0 3935.0 892.0 3939.0 ship 0
858.0 4696.0 859.0 4712.0 834.0 4717.0 831.0 4702.0 small-vehicle 1
831.0 4734.0 828.0 4718.0 862.0 4712.0 865.0 4730.0 small-vehicle 1
667.0 1378.0 634.0 1391.0 598.0 1304.0 628.0 1290.0 ship 0
618.0 4051.0 638.0 4049.0 644.0 4093.0 625.0 4094.0 small-vehicle 1
779.0 4938.0 765.0 4939.0 760.0 4910.0 774.0 4909.0 small-vehicle 1
742.0 4906.0 759.0 4906.0 760.0 4942.0 744.0 4943.0 small-vehicle 1
745.0 4645.0 746.0 4661.0 713.0 4666.0 711.0 4650.0 small-vehicle 0
691.0 3991.0 692.0 4008.0 654.0 4012.0 651.0 3996.0 small-vehicle 0
688.0 4541.0 685.0 4524.0 731.0 4518.0 732.0 4535.0 small-vehicle 0
648.0 4512.0 651.0 4528.0 622.0 4533.0 620.0 4518.0 small-vehicle 0
618.0 4494.0 615.0 4482.0 650.0 4475.0 649.0 4488.0 small-vehicle 0
662.0 4582.0 662.0 4596.0 632.0 4600.0 630.0 4586.0 small-vehicle 0
709.0 4595.0 705.0 4580.0 736.0 4573.0 738.0 4587.0 small-vehicle 0
742.0 4627.0 742.0 4641.0 708.0 4644.0 707.0 4632.0 small-vehicle 0
855.0 4637.0 855.0 4652.0 819.0 4655.0 816.0 4639.0 small-vehicle 0
674.0 4638.0 676.0 4654.0 636.0 4661.0 634.0 4644.0 small-vehicle 0
641.0 4690.0 637.0 4674.0 668.0 4669.0 670.0 4686.0 small-vehicle 0
715.0 4685.0 712.0 4671.0 746.0 4666.0 748.0 4681.0 small-vehicle 0
741.0 4951.0 724.0 4951.0 723.0 4914.0 739.0 4914.0 small-vehicle 0
856.0 4657.0 856.0 4673.0 822.0 4675.0 821.0 4661.0 small-vehicle 0
828.0 4698.0 825.0 4682.0 856.0 4677.0 859.0 4693.0 small-vehicle 0
748.0 4835.0 731.0 4836.0 726.0 4801.0 742.0 4798.0 small-vehicle 0
771.0 4832.0 754.0 4835.0 750.0 4799.0 766.0 4798.0 small-vehicle 0
788.0 4831.0 775.0 4831.0 769.0 4801.0 784.0 4800.0 small-vehicle 0
788.0 4794.0 805.0 4794.0 808.0 4826.0 793.0 4826.0 small-vehicle 0
806.0 4792.0 824.0 4792.0 826.0 4826.0 810.0 4826.0 small-vehicle 0
828.0 4793.0 844.0 4793.0 848.0 4828.0 832.0 4829.0 small-vehicle 0
798.0 4935.0 783.0 4936.0 775.0 4906.0 790.0 4902.0 small-vehicle 0
860.0 4894.0 877.0 4891.0 881.0 4922.0 865.0 4922.0 small-vehicle 0
473.0 2372.0 475.0 2392.0 437.0 2395.0 435.0 2377.0 small-vehicle 0
475.0 2414.0 477.0 2429.0 445.0 2434.0 444.0 2419.0 small-vehicle 0
520.0 2023.0 536.0 2021.0 541.0 2057.0 527.0 2058.0 small-vehicle 0
549.0 2229.0 571.0 2224.0 574.0 2257.0 553.0 2259.0 small-vehicle 0
644.0 1960.0 630.0 1961.0 626.0 1928.0 640.0 1926.0 ship 0
1079.0 1759.0 1117.0 1755.0 1126.0 1887.0 1089.0 1889.0 ship 0
1192.0 2804.0 1170.0 2805.0 1163.0 2740.0 1184.0 2738.0 ship 0
1203.0 2881.0 1182.0 2883.0 1173.0 2824.0 1193.0 2820.0 ship 0
1177.0 2882.0 1161.0 2883.0 1155.0 2826.0 1172.0 2824.0 ship 0
1126.0 2828.0 1144.0 2825.0 1150.0 2880.0 1129.0 2882.0 ship 0
1138.0 2745.0 1156.0 2743.0 1162.0 2800.0 1145.0 2802.0 ship 0
1136.0 2805.0 1114.0 2806.0 1109.0 2750.0 1129.0 2747.0 ship 0
1106.0 2813.0 1088.0 2814.0 1084.0 2755.0 1101.0 2753.0 ship 0
1104.0 2831.0 1125.0 2830.0 1127.0 2887.0 1109.0 2887.0 ship 0
1077.0 2833.0 1096.0 2831.0 1101.0 2882.0 1083.0 2884.0 ship 0
1078.0 2812.0 1059.0 2814.0 1053.0 2756.0 1073.0 2754.0 ship 0
1052.0 2815.0 1030.0 2816.0 1026.0 2763.0 1047.0 2761.0 ship 0
1023.0 2820.0 1002.0 2821.0 996.0 2762.0 1018.0 2761.0 ship 0
1001.0 2827.0 976.0 2829.0 971.0 2766.0 994.0 2763.0 ship 0
1054.0 2832.0 1075.0 2830.0 1080.0 2889.0 1059.0 2889.0 ship 0
1026.0 2836.0 1045.0 2835.0 1050.0 2889.0 1032.0 2892.0 ship 0
1007.0 2843.0 1026.0 2841.0 1031.0 2892.0 1012.0 2894.0 ship 0
979.0 2847.0 997.0 2846.0 1002.0 2892.0 982.0 2893.0 ship 0
956.0 2846.0 976.0 2844.0 981.0 2904.0 963.0 2905.0 ship 0
928.0 2853.0 947.0 2851.0 954.0 2909.0 934.0 2911.0 ship 0
907.0 2854.0 924.0 2853.0 927.0 2910.0 912.0 2911.0 ship 0
940.0 2833.0 922.0 2835.0 915.0 2774.0 935.0 2772.0 ship 0
682.0 1967.0 659.0 1969.0 652.0 1903.0 676.0 1900.0 ship 0
679.0 1899.0 699.0 1896.0 704.0 1955.0 683.0 1957.0 ship 0
710.0 1894.0 736.0 1891.0 742.0 1954.0 719.0 1959.0 ship 0
924.0 1772.0 945.0 1769.0 953.0 1841.0 932.0 1844.0 ship 0
644.0 1812.0 669.0 1809.0 674.0 1871.0 649.0 1873.0 ship 0
696.0 1874.0 677.0 1875.0 671.0 1817.0 691.0 1816.0 ship 0
724.0 1867.0 705.0 1869.0 699.0 1818.0 719.0 1817.0 ship 0
747.0 1868.0 728.0 1871.0 720.0 1815.0 741.0 1813.0 ship 0
776.0 1866.0 758.0 1868.0 749.0 1811.0 768.0 1808.0 ship 0
797.0 1859.0 780.0 1862.0 771.0 1806.0 789.0 1802.0 ship 0
827.0 1856.0 806.0 1859.0 800.0 1800.0 821.0 1799.0 ship 0
848.0 1843.0 830.0 1846.0 820.0 1789.0 838.0 1785.0 ship 0
889.0 1851.0 858.0 1855.0 848.0 1771.0 882.0 1768.0 ship 0
922.0 1848.0 901.0 1851.0 889.0 1775.0 911.0 1771.0 ship 0
967.0 1761.0 995.0 1761.0 998.0 1834.0 970.0 1833.0 ship 0
747.0 1886.0 774.0 1881.0 780.0 1962.0 753.0 1964.0 ship 0
1031.0 1824.0 1007.0 1827.0 999.0 1753.0 1024.0 1752.0 ship 0
1045.0 1761.0 1066.0 1760.0 1071.0 1827.0 1051.0 1829.0 ship 0
1009.0 1857.0 1038.0 1853.0 1044.0 1923.0 1019.0 1927.0 ship 0
1049.0 1854.0 1075.0 1851.0 1084.0 1926.0 1058.0 1929.0 ship 0
1010.0 1933.0 984.0 1936.0 974.0 1860.0 1001.0 1857.0 ship 0
936.0 1867.0 961.0 1863.0 968.0 1930.0 945.0 1932.0 ship 0
936.0 1948.0 915.0 1953.0 902.0 1869.0 924.0 1864.0 ship 0
860.0 1875.0 886.0 1871.0 895.0 1945.0 868.0 1946.0 ship 0
824.0 1888.0 849.0 1885.0 856.0 1948.0 831.0 1952.0 ship 0
783.0 1883.0 812.0 1878.0 820.0 1957.0 791.0 1958.0 ship 0
912.0 2836.0 893.0 2838.0 886.0 2780.0 905.0 2777.0 ship 0
903.0 2918.0 881.0 2921.0 874.0 2858.0 896.0 2855.0 ship 0
855.0 2861.0 872.0 2859.0 878.0 2916.0 860.0 2919.0 ship 0
341.0 1699.0 329.0 1708.0 304.0 1675.0 317.0 1664.0 small-vehicle 0
1449.0 4580.0 1410.0 4585.0 1399.0 4507.0 1436.0 4502.0 ship 0
1385.0 4408.0 1420.0 4400.0 1429.0 4482.0 1393.0 4488.0 ship 0
1392.0 4492.0 1360.0 4498.0 1344.0 4402.0 1377.0 4397.0 ship 0
8.0 734.0 27.0 726.0 41.0 765.0 22.0 772.0 small-vehicle 0
44.0 813.0 62.0 806.0 74.0 841.0 58.0 846.0 small-vehicle 0
63.0 856.0 79.0 848.0 94.0 884.0 79.0 891.0 small-vehicle 0
82.0 895.0 98.0 888.0 111.0 917.0 94.0 925.0 small-vehicle 0
96.0 931.0 112.0 925.0 126.0 954.0 109.0 963.0 small-vehicle 0
162.0 1089.0 178.0 1082.0 193.0 1118.0 176.0 1125.0 small-vehicle 0
166.0 1244.0 181.0 1237.0 197.0 1278.0 182.0 1286.0 small-vehicle 0
215.0 1781.0 207.0 1764.0 236.0 1752.0 242.0 1770.0 small-vehicle 0
1383.0 4765.0 1356.0 4767.0 1347.0 4690.0 1374.0 4687.0 ship 0
226.0 1816.0 218.0 1801.0 246.0 1786.0 254.0 1802.0 small-vehicle 0
456.0 1767.0 470.0 1761.0 483.0 1792.0 469.0 1799.0 small-vehicle 0
490.0 1850.0 506.0 1842.0 524.0 1873.0 508.0 1881.0 small-vehicle 0
506.0 1892.0 525.0 1889.0 528.0 1921.0 512.0 1924.0 small-vehicle 0
358.0 1897.0 361.0 1913.0 331.0 1921.0 327.0 1906.0 small-vehicle 0
190.0 1988.0 172.0 1992.0 163.0 1961.0 179.0 1956.0 small-vehicle 0
341.0 2330.0 338.0 2309.0 378.0 2304.0 380.0 2324.0 small-vehicle 0
429.0 2317.0 426.0 2301.0 468.0 2297.0 470.0 2313.0 small-vehicle 0
339.0 2279.0 341.0 2265.0 374.0 2272.0 372.0 2287.0 small-vehicle 0
511.0 2294.0 514.0 2307.0 477.0 2313.0 474.0 2296.0 small-vehicle 0
1383.0 4700.0 1426.0 4694.0 1444.0 4834.0 1399.0 4841.0 ship 0
1345.0 4763.0 1325.0 4765.0 1315.0 4705.0 1337.0 4702.0 ship 0
816.0 2860.0 843.0 2857.0 847.0 2919.0 820.0 2920.0 ship 0
1196.0 4783.0 1170.0 4785.0 1163.0 4718.0 1189.0 4716.0 ship 0
812.0 2839.0 792.0 2840.0 788.0 2781.0 808.0 2779.0 ship 0
808.0 2990.0 830.0 2986.0 839.0 3045.0 815.0 3049.0 ship 0
847.0 3078.0 845.0 3063.0 889.0 3058.0 890.0 3074.0 ship 0
820.0 3066.0 837.0 3065.0 841.0 3122.0 822.0 3122.0 ship 0
898.0 3058.0 926.0 3056.0 930.0 3135.0 903.0 3136.0 ship 0
1219.0 2940.0 1269.0 2930.0 1290.0 3096.0 1243.0 3100.0 ship 0
1003.0 4783.0 1022.0 4782.0 1025.0 4825.0 1006.0 4826.0 ship 0
1059.0 4796.0 1034.0 4798.0 1028.0 4732.0 1053.0 4730.0 ship 0
1120.0 4790.0 1097.0 4793.0 1091.0 4722.0 1114.0 4721.0 ship 0
1155.0 4790.0 1129.0 4792.0 1120.0 4719.0 1147.0 4715.0 ship 0
1231.0 4780.0 1202.0 4785.0 1196.0 4710.0 1225.0 4709.0 ship 0
1355.0 4782.0 1388.0 4779.0 1399.0 4867.0 1364.0 4870.0 ship 0
1270.0 4773.0 1246.0 4775.0 1233.0 4703.0 1260.0 4699.0 ship 0
1307.0 4769.0 1280.0 4774.0 1270.0 4700.0 1298.0 4697.0 ship 0
1007.0 4836.0 1027.0 4835.0 1033.0 4883.0 1012.0 4886.0 ship 0
1037.0 4825.0 1069.0 4821.0 1080.0 4918.0 1047.0 4923.0 ship 0
1097.0 4817.0 1125.0 4814.0 1131.0 4891.0 1103.0 4895.0 ship 0
1135.0 4816.0 1163.0 4813.0 1173.0 4906.0 1142.0 4910.0 ship 0
1174.0 4804.0 1198.0 4799.0 1208.0 4874.0 1185.0 4876.0 ship 0
1242.0 4798.0 1271.0 4793.0 1283.0 4871.0 1254.0 4875.0 ship 0
1285.0 4797.0 1310.0 4793.0 1317.0 4871.0 1293.0 4875.0 ship 0
1318.0 4792.0 1345.0 4788.0 1356.0 4864.0 1327.0 4866.0 ship 0
408.0 166.0 421.0 197.0 53.0 354.0 39.0 324.0 harbor 0
