imagesource:GoogleEarth
gsd:0.276062901853
1009.0 275.0 998.0 280.0 990.0 256.0 1001.0 250.0 small-vehicle 1
158.0 1000.0 145.0 1001.0 140.0 967.0 153.0 965.0 ship 0
1193.0 2900.0 1180.0 2907.0 1150.0 2860.0 1163.0 2852.0 ship 0
1175.0 2910.0 1156.0 2921.0 1116.0 2857.0 1136.0 2847.0 ship 0
1152.0 2922.0 1141.0 2930.0 1114.0 2887.0 1126.0 2879.0 ship 0
1087.0 2667.0 1073.0 2675.0 1045.0 2623.0 1061.0 2616.0 ship 0
1033.0 2638.0 1046.0 2632.0 1067.0 2674.0 1055.0 2681.0 ship 0
1035.0 2705.0 1048.0 2698.0 1066.0 2737.0 1053.0 2744.0 ship 0
1058.0 2686.0 1071.0 2679.0 1094.0 2719.0 1079.0 2728.0 ship 0
1075.0 2681.0 1089.0 2672.0 1124.0 2720.0 1109.0 2731.0 ship 0
1146.0 2643.0 1158.0 2636.0 1179.0 2672.0 1167.0 2680.0 ship 0
1199.0 2606.0 1188.0 2613.0 1164.0 2572.0 1177.0 2565.0 ship 0
1216.0 2597.0 1204.0 2603.0 1176.0 2556.0 1189.0 2549.0 ship 0
1239.0 2583.0 1227.0 2590.0 1198.0 2541.0 1214.0 2533.0 ship 0
1231.0 2661.0 1217.0 2671.0 1186.0 2623.0 1202.0 2613.0 ship 0
1118.0 2593.0 1134.0 2586.0 1155.0 2629.0 1140.0 2636.0 ship 0
1046.0 2417.0 1062.0 2410.0 1088.0 2455.0 1071.0 2464.0 ship 0
1070.0 2404.0 1086.0 2395.0 1116.0 2451.0 1101.0 2460.0 ship 0
1166.0 2452.0 1146.0 2463.0 1105.0 2389.0 1127.0 2377.0 ship 0
1206.0 2891.0 1198.0 2896.0 1170.0 2849.0 1179.0 2844.0 ship 0
1183.0 2977.0 1169.0 2986.0 1139.0 2938.0 1153.0 2929.0 ship 0
1158.0 2926.0 1169.0 2920.0 1190.0 2959.0 1181.0 2965.0 ship 0
1314.0 2844.0 1326.0 2837.0 1347.0 2877.0 1334.0 2883.0 ship 0
1300.0 3128.0 1312.0 3121.0 1335.0 3161.0 1324.0 3168.0 ship 0
1275.0 3145.0 1287.0 3139.0 1308.0 3175.0 1297.0 3183.0 ship 0
1256.0 3153.0 1270.0 3144.0 1300.0 3195.0 1283.0 3205.0 ship 0
1219.0 3086.0 1237.0 3077.0 1267.0 3139.0 1252.0 3146.0 ship 0
1339.0 2821.0 1328.0 2827.0 1304.0 2787.0 1316.0 2780.0 ship 0
1362.0 2802.0 1350.0 2809.0 1331.0 2776.0 1343.0 2769.0 ship 0
1357.0 2826.0 1370.0 2819.0 1392.0 2858.0 1379.0 2866.0 ship 0
1287.0 2858.0 1297.0 2852.0 1322.0 2895.0 1312.0 2901.0 ship 0
1217.0 2947.0 1205.0 2953.0 1184.0 2916.0 1198.0 2909.0 ship 0
1319.0 2821.0 1309.0 2828.0 1290.0 2795.0 1302.0 2790.0 ship 0
1292.0 2841.0 1280.0 2848.0 1257.0 2808.0 1269.0 2801.0 ship 0
1277.0 2854.0 1266.0 2861.0 1245.0 2818.0 1256.0 2813.0 ship 0
1255.0 2867.0 1242.0 2875.0 1218.0 2834.0 1231.0 2827.0 ship 0
1236.0 2875.0 1225.0 2882.0 1199.0 2841.0 1212.0 2834.0 ship 0
1226.0 2891.0 1239.0 2884.0 1268.0 2933.0 1253.0 2941.0 ship 0
1203.0 2906.0 1214.0 2901.0 1231.0 2940.0 1222.0 2944.0 ship 0
177.0 1000.0 164.0 1001.0 160.0 962.0 175.0 961.0 ship 0
118.0 965.0 131.0 964.0 135.0 1002.0 122.0 1003.0 ship 0
1310.0 3115.0 1297.0 3122.0 1266.0 3073.0 1281.0 3065.0 ship 0
114.0 1001.0 100.0 1003.0 96.0 967.0 110.0 966.0 ship 0
308.0 822.0 298.0 823.0 294.0 794.0 305.0 793.0 ship 0
256.0 843.0 267.0 842.0 270.0 876.0 259.0 878.0 ship 0
267.0 828.0 257.0 829.0 253.0 806.0 264.0 804.0 ship 0
242.0 829.0 233.0 832.0 224.0 802.0 233.0 799.0 ship 0
232.0 842.0 248.0 840.0 253.0 885.0 238.0 888.0 ship 0
211.0 847.0 222.0 844.0 231.0 883.0 219.0 886.0 ship 0
197.0 835.0 187.0 836.0 182.0 801.0 193.0 800.0 ship 0
205.0 889.0 191.0 890.0 188.0 851.0 202.0 850.0 ship 0
165.0 852.0 179.0 849.0 188.0 892.0 174.0 894.0 ship 0
180.0 839.0 169.0 840.0 165.0 806.0 178.0 805.0 ship 0
156.0 839.0 146.0 842.0 140.0 816.0 149.0 814.0 ship 0
138.0 841.0 127.0 842.0 126.0 812.0 136.0 812.0 ship 0
125.0 856.0 138.0 853.0 145.0 896.0 132.0 899.0 ship 0
77.0 855.0 94.0 852.0 102.0 904.0 86.0 906.0 ship 0
80.0 724.0 70.0 727.0 64.0 697.0 74.0 694.0 ship 0
84.0 768.0 73.0 769.0 70.0 736.0 82.0 736.0 ship 0
109.0 735.0 120.0 734.0 122.0 762.0 110.0 763.0 ship 0
296.0 831.0 311.0 831.0 316.0 878.0 300.0 880.0 ship 0
336.0 877.0 322.0 879.0 315.0 833.0 330.0 831.0 ship 0
351.0 816.0 340.0 816.0 338.0 788.0 348.0 787.0 ship 0
270.0 1000.0 286.0 998.0 294.0 1047.0 277.0 1049.0 ship 0
98.0 1012.0 114.0 1010.0 120.0 1067.0 105.0 1069.0 ship 0
147.0 1075.0 131.0 1077.0 125.0 1019.0 141.0 1018.0 ship 0
251.0 1004.0 265.0 1002.0 270.0 1042.0 256.0 1043.0 ship 0
211.0 1012.0 224.0 1011.0 229.0 1049.0 215.0 1050.0 ship 0
245.0 993.0 230.0 995.0 226.0 955.0 240.0 954.0 ship 0
263.0 992.0 250.0 993.0 246.0 951.0 260.0 951.0 ship 0
287.0 985.0 275.0 987.0 269.0 954.0 282.0 951.0 ship 0
293.0 998.0 307.0 997.0 311.0 1036.0 297.0 1038.0 ship 0
367.0 815.0 355.0 816.0 353.0 786.0 364.0 785.0 ship 0
307.0 988.0 291.0 989.0 287.0 947.0 301.0 945.0 ship 0
330.0 980.0 319.0 982.0 315.0 950.0 326.0 948.0 ship 0
348.0 976.0 335.0 977.0 331.0 944.0 343.0 943.0 ship 0
371.0 973.0 360.0 975.0 355.0 948.0 366.0 946.0 ship 0
388.0 972.0 376.0 973.0 373.0 937.0 385.0 936.0 ship 0
379.0 822.0 388.0 820.0 394.0 847.0 384.0 849.0 ship 0
436.0 796.0 438.0 807.0 416.0 812.0 413.0 802.0 ship 0
1359.0 3160.0 1346.0 3169.0 1319.0 3122.0 1332.0 3115.0 ship 0
1326.0 3107.0 1316.0 3113.0 1292.0 3073.0 1303.0 3068.0 ship 0
131.0 716.0 121.0 717.0 118.0 690.0 128.0 689.0 ship 0
985.0 3165.0 977.0 3172.0 961.0 3148.0 969.0 3142.0 ship 0
789.0 853.0 792.0 863.0 761.0 873.0 758.0 863.0 ship 0
775.0 811.0 776.0 820.0 755.0 824.0 753.0 815.0 ship 0
763.0 794.0 764.0 804.0 742.0 809.0 739.0 799.0 ship 0
764.0 783.0 765.0 794.0 739.0 799.0 737.0 789.0 ship 0
696.0 814.0 694.0 802.0 723.0 799.0 724.0 810.0 ship 0
780.0 819.0 783.0 830.0 754.0 836.0 750.0 825.0 ship 0
701.0 836.0 697.0 824.0 730.0 817.0 734.0 829.0 ship 0
934.0 2467.0 916.0 2476.0 876.0 2404.0 896.0 2392.0 ship 0
970.0 2446.0 945.0 2461.0 898.0 2384.0 922.0 2369.0 ship 0
920.0 2478.0 936.0 2468.0 973.0 2533.0 956.0 2542.0 ship 0
974.0 2456.0 989.0 2447.0 1019.0 2504.0 1002.0 2514.0 ship 0
1002.0 2422.0 990.0 2430.0 968.0 2390.0 982.0 2382.0 ship 0
971.0 2351.0 994.0 2340.0 1029.0 2406.0 1009.0 2417.0 ship 0
999.0 2330.0 1022.0 2320.0 1059.0 2392.0 1039.0 2403.0 ship 0
1082.0 2385.0 1069.0 2391.0 1044.0 2350.0 1059.0 2342.0 ship 0
1100.0 2377.0 1091.0 2382.0 1074.0 2351.0 1084.0 2347.0 ship 0
1102.0 2328.0 1082.0 2341.0 1034.0 2268.0 1057.0 2253.0 ship 0
790.0 865.0 792.0 874.0 765.0 882.0 761.0 873.0 ship 0
791.0 875.0 794.0 884.0 770.0 892.0 767.0 883.0 ship 0
798.0 885.0 800.0 893.0 776.0 899.0 774.0 891.0 ship 0
717.0 889.0 716.0 879.0 740.0 875.0 740.0 886.0 ship 0
820.0 973.0 822.0 983.0 800.0 988.0 797.0 978.0 ship 0
819.0 963.0 821.0 972.0 800.0 977.0 797.0 968.0 ship 0
669.0 898.0 680.0 896.0 685.0 927.0 674.0 929.0 ship 0
658.0 903.0 668.0 901.0 674.0 931.0 664.0 933.0 ship 0
642.0 907.0 652.0 905.0 660.0 932.0 650.0 936.0 ship 0
636.0 869.0 646.0 865.0 653.0 888.0 643.0 892.0 ship 0
710.0 879.0 709.0 869.0 734.0 866.0 735.0 875.0 ship 0
722.0 900.0 720.0 890.0 743.0 885.0 745.0 894.0 ship 0
805.0 895.0 806.0 904.0 779.0 909.0 776.0 900.0 ship 0
723.0 911.0 721.0 901.0 749.0 894.0 750.0 904.0 ship 0
742.0 927.0 740.0 917.0 768.0 913.0 769.0 924.0 ship 0
749.0 929.0 758.0 932.0 752.0 956.0 742.0 952.0 ship 0
757.0 934.0 765.0 935.0 763.0 960.0 754.0 958.0 ship 0
775.0 931.0 784.0 931.0 787.0 959.0 777.0 958.0 ship 0
783.0 928.0 791.0 925.0 798.0 946.0 789.0 949.0 ship 0
806.0 905.0 807.0 917.0 777.0 921.0 775.0 908.0 ship 0
1015.0 3150.0 1005.0 3155.0 991.0 3129.0 1001.0 3124.0 ship 0
1004.0 3204.0 994.0 3209.0 979.0 3181.0 990.0 3176.0 ship 0
1426.0 3129.0 1410.0 3137.0 1385.0 3084.0 1401.0 3078.0 ship 0
996.0 3166.0 1003.0 3161.0 1020.0 3186.0 1012.0 3191.0 ship 0
1144.0 3321.0 1134.0 3327.0 1115.0 3295.0 1126.0 3288.0 ship 0
1184.0 3299.0 1175.0 3304.0 1160.0 3280.0 1169.0 3274.0 ship 0
1198.0 3292.0 1187.0 3299.0 1169.0 3270.0 1180.0 3263.0 ship 0
1089.0 3373.0 1083.0 3360.0 1131.0 3336.0 1137.0 3350.0 ship 0
1153.0 3340.0 1147.0 3329.0 1178.0 3311.0 1184.0 3323.0 ship 0
1429.0 3200.0 1434.0 3209.0 1408.0 3223.0 1403.0 3214.0 ship 0
1451.0 3198.0 1462.0 3216.0 1383.0 3261.0 1373.0 3243.0 ship 0
1496.0 3186.0 1500.0 3195.0 1478.0 3207.0 1472.0 3197.0 ship 0
1481.0 3022.0 1467.0 3030.0 1439.0 2985.0 1455.0 2976.0 ship 0
1476.0 3043.0 1489.0 3037.0 1508.0 3073.0 1498.0 3080.0 ship 0
1448.0 3053.0 1459.0 3047.0 1478.0 3081.0 1467.0 3087.0 ship 0
1468.0 3097.0 1452.0 3106.0 1429.0 3065.0 1445.0 3056.0 ship 0
1404.0 3075.0 1415.0 3070.0 1434.0 3106.0 1423.0 3111.0 ship 0
1451.0 3032.0 1440.0 3038.0 1420.0 3004.0 1433.0 2998.0 ship 0
1439.0 3047.0 1427.0 3053.0 1405.0 3013.0 1419.0 3007.0 ship 0
1409.0 3054.0 1397.0 3062.0 1377.0 3025.0 1390.0 3019.0 ship 0
1363.0 3035.0 1376.0 3028.0 1396.0 3071.0 1383.0 3077.0 ship 0
1129.0 3329.0 1120.0 3334.0 1106.0 3307.0 1115.0 3301.0 ship 0
1115.0 3336.0 1107.0 3340.0 1092.0 3315.0 1100.0 3310.0 ship 0
1103.0 3343.0 1091.0 3349.0 1076.0 3320.0 1089.0 3313.0 ship 0
1109.0 3099.0 1100.0 3105.0 1085.0 3078.0 1095.0 3073.0 ship 0
1008.0 3157.0 1017.0 3152.0 1031.0 3178.0 1021.0 3184.0 ship 0
1031.0 3141.0 1021.0 3148.0 1003.0 3121.0 1013.0 3114.0 ship 0
1022.0 3152.0 1032.0 3147.0 1045.0 3172.0 1035.0 3178.0 ship 0
1037.0 3146.0 1046.0 3142.0 1056.0 3163.0 1047.0 3167.0 ship 0
1050.0 3138.0 1058.0 3133.0 1072.0 3157.0 1063.0 3161.0 ship 0
1068.0 3121.0 1059.0 3126.0 1044.0 3101.0 1053.0 3095.0 ship 0
1093.0 3107.0 1085.0 3112.0 1071.0 3086.0 1081.0 3081.0 ship 0
1114.0 3104.0 1124.0 3099.0 1137.0 3122.0 1127.0 3127.0 ship 0
1056.0 3321.0 1067.0 3316.0 1083.0 3345.0 1072.0 3353.0 ship 0
1033.0 3260.0 1024.0 3264.0 1009.0 3237.0 1019.0 3231.0 ship 0
1092.0 3227.0 1082.0 3233.0 1068.0 3207.0 1078.0 3202.0 ship 0
1117.0 3215.0 1108.0 3220.0 1095.0 3197.0 1104.0 3192.0 ship 0
1171.0 3187.0 1162.0 3192.0 1147.0 3167.0 1157.0 3162.0 ship 0
1146.0 3202.0 1137.0 3206.0 1122.0 3179.0 1132.0 3173.0 ship 0
1126.0 3234.0 1118.0 3221.0 1167.0 3196.0 1174.0 3210.0 ship 0
1096.0 3233.0 1104.0 3249.0 1057.0 3275.0 1050.0 3258.0 ship 0
116.0 723.0 105.0 724.0 103.0 692.0 114.0 692.0 ship 0
149.0 716.0 137.0 716.0 135.0 686.0 148.0 686.0 ship 0
1245.0 3415.0 1257.0 3409.0 1279.0 3454.0 1266.0 3460.0 ship 0
817.0 2503.0 808.0 2509.0 792.0 2482.0 801.0 2477.0 ship 0
849.0 2883.0 842.0 2871.0 881.0 2850.0 887.0 2860.0 ship 0
825.0 2867.0 816.0 2874.0 795.0 2838.0 807.0 2831.0 ship 0
848.0 2859.0 838.0 2864.0 826.0 2841.0 835.0 2836.0 ship 0
827.0 2670.0 838.0 2664.0 854.0 2696.0 843.0 2702.0 ship 0
803.0 2680.0 812.0 2673.0 833.0 2706.0 823.0 2712.0 ship 0
790.0 2689.0 801.0 2683.0 818.0 2716.0 807.0 2723.0 ship 0
731.0 2722.0 746.0 2715.0 774.0 2765.0 758.0 2774.0 ship 0
885.0 2628.0 877.0 2634.0 861.0 2607.0 870.0 2602.0 ship 0
868.0 2631.0 860.0 2636.0 845.0 2611.0 853.0 2606.0 ship 0
849.0 2646.0 839.0 2652.0 816.0 2613.0 828.0 2606.0 ship 0
831.0 2649.0 822.0 2655.0 805.0 2629.0 815.0 2623.0 ship 0
811.0 2664.0 801.0 2671.0 783.0 2642.0 794.0 2636.0 ship 0
774.0 2684.0 764.0 2690.0 742.0 2654.0 753.0 2648.0 ship 0
759.0 2696.0 748.0 2702.0 727.0 2666.0 739.0 2659.0 ship 0
737.0 2706.0 728.0 2712.0 709.0 2677.0 719.0 2672.0 ship 0
758.0 2486.0 749.0 2490.0 733.0 2463.0 742.0 2458.0 ship 0
780.0 2473.0 770.0 2479.0 750.0 2444.0 762.0 2438.0 ship 0
862.0 2845.0 850.0 2852.0 834.0 2822.0 846.0 2815.0 ship 0
885.0 2838.0 873.0 2844.0 849.0 2803.0 862.0 2797.0 ship 0
871.0 2801.0 884.0 2795.0 900.0 2825.0 888.0 2832.0 ship 0
955.0 2941.0 946.0 2946.0 930.0 2920.0 939.0 2914.0 ship 0
933.0 3071.0 924.0 3076.0 909.0 3051.0 919.0 3046.0 ship 0
922.0 2964.0 931.0 2959.0 944.0 2982.0 934.0 2987.0 ship 0
975.0 2937.0 984.0 2932.0 996.0 2954.0 988.0 2959.0 ship 0
1012.0 2914.0 1020.0 2909.0 1035.0 2935.0 1026.0 2940.0 ship 0
1008.0 2912.0 1000.0 2917.0 984.0 2890.0 993.0 2885.0 ship 0
981.0 2925.0 973.0 2931.0 956.0 2905.0 966.0 2899.0 ship 0
940.0 2906.0 950.0 2901.0 965.0 2931.0 956.0 2936.0 ship 0
940.0 2949.0 931.0 2953.0 916.0 2927.0 925.0 2921.0 ship 0
920.0 2812.0 911.0 2818.0 894.0 2792.0 904.0 2787.0 ship 0
929.0 2954.0 921.0 2960.0 904.0 2934.0 914.0 2928.0 ship 0
913.0 2963.0 905.0 2967.0 892.0 2942.0 901.0 2937.0 ship 0
903.0 2969.0 894.0 2974.0 878.0 2946.0 887.0 2941.0 ship 0
883.0 2978.0 874.0 2983.0 860.0 2958.0 869.0 2953.0 ship 0
972.0 2787.0 962.0 2792.0 946.0 2765.0 955.0 2759.0 ship 0
915.0 2754.0 930.0 2747.0 958.0 2796.0 945.0 2803.0 ship 0
936.0 2807.0 927.0 2813.0 910.0 2785.0 919.0 2780.0 ship 0
792.0 2460.0 784.0 2465.0 769.0 2440.0 778.0 2435.0 ship 0
773.0 2488.0 784.0 2481.0 807.0 2522.0 795.0 2529.0 ship 0
1005.0 3039.0 995.0 3042.0 985.0 3015.0 996.0 3012.0 ship 0
781.0 2526.0 772.0 2531.0 754.0 2499.0 763.0 2495.0 ship 0
859.0 2596.0 899.0 2674.0 748.0 2753.0 709.0 2677.0 harbor 0
949.0 2760.0 972.0 2805.0 826.0 2884.0 800.0 2837.0 harbor 0
1029.0 2756.0 983.0 2667.0 1219.0 2547.0 1269.0 2632.0 harbor 0
1013.0 2877.0 1039.0 2931.0 891.0 3009.0 863.0 2960.0 harbor 0
1151.0 2979.0 1101.0 2888.0 1345.0 2768.0 1390.0 2857.0 harbor 0
1113.0 3066.0 1141.0 3119.0 993.0 3201.0 966.0 3145.0 harbor 0
1164.0 3158.0 1181.0 3193.0 1034.0 3273.0 1014.0 3239.0 harbor 0
1276.0 3211.0 1226.0 3111.0 1465.0 2989.0 1516.0 3088.0 harbor 0
1496.0 3190.0 1506.0 3204.0 1326.0 3307.0 1317.0 3294.0 harbor 0
1196.0 3258.0 1213.0 3294.0 1079.0 3366.0 1060.0 3328.0 harbor 0
121.0 1064.0 111.0 965.0 453.0 924.0 466.0 1021.0 harbor 0
103.0 902.0 89.0 815.0 432.0 772.0 446.0 859.0 harbor 0
84.0 769.0 77.0 692.0 418.0 649.0 429.0 722.0 harbor 0
69.0 645.0 62.0 575.0 402.0 529.0 415.0 602.0 harbor 0
53.0 513.0 47.0 476.0 389.0 431.0 398.0 471.0 harbor 0
79.0 433.0 69.0 374.0 381.0 333.0 387.0 394.0 harbor 0
87.0 341.0 82.0 283.0 369.0 243.0 376.0 306.0 harbor 0
919.0 2548.0 859.0 2438.0 1094.0 2319.0 1153.0 2420.0 harbor 0
770.0 2433.0 810.0 2510.0 661.0 2589.0 621.0 2514.0 harbor 0
709.0 2336.0 717.0 2349.0 574.0 2425.0 566.0 2413.0 harbor 0
834.0 2190.0 825.0 2172.0 880.0 2142.0 890.0 2162.0 ship 0
739.0 2505.0 747.0 2500.0 762.0 2526.0 753.0 2531.0 ship 0
717.0 2519.0 727.0 2515.0 743.0 2542.0 734.0 2548.0 ship 0
678.0 2537.0 688.0 2532.0 702.0 2558.0 692.0 2563.0 ship 0
662.0 2548.0 673.0 2542.0 691.0 2573.0 680.0 2579.0 ship 0
669.0 2534.0 659.0 2540.0 643.0 2512.0 654.0 2506.0 ship 0
649.0 2541.0 636.0 2549.0 612.0 2506.0 625.0 2499.0 ship 0
696.0 2355.0 704.0 2371.0 658.0 2398.0 650.0 2382.0 ship 0
693.0 2072.0 714.0 2060.0 767.0 2142.0 746.0 2156.0 ship 0
144.0 92.0 132.0 93.0 123.0 2.0 134.0 2.0 harbor 1
663.0 2005.0 681.0 1994.0 716.0 2053.0 695.0 2063.0 ship 0
668.0 1971.0 653.0 1978.0 622.0 1927.0 638.0 1918.0 ship 0
561.0 1837.0 585.0 1824.0 632.0 1901.0 605.0 1917.0 ship 0
340.0 2077.0 311.0 2027.0 402.0 1978.0 429.0 2027.0 basketball-court 0
12.0 274.0 3.0 270.0 60.0 4.0 72.0 8.0 harbor 0
247.0 83.0 236.0 84.0 226.0 0.0 236.0 1.0 harbor 1
195.0 86.0 184.0 88.0 174.0 0.0 184.0 1.0 harbor 1
954.0 3062.0 944.0 3068.0 929.0 3043.0 939.0 3036.0 ship 0
950.0 3107.0 942.0 3111.0 929.0 3089.0 939.0 3084.0 ship 0
165.0 713.0 155.0 713.0 153.0 685.0 163.0 685.0 ship 0
169.0 487.0 157.0 487.0 155.0 458.0 166.0 458.0 ship 0
363.0 704.0 373.0 703.0 375.0 729.0 365.0 730.0 ship 0
377.0 698.0 386.0 695.0 394.0 723.0 384.0 727.0 ship 0
371.0 689.0 360.0 690.0 357.0 662.0 368.0 660.0 ship 0
403.0 685.0 393.0 685.0 392.0 660.0 402.0 660.0 ship 0
425.0 683.0 416.0 684.0 412.0 660.0 422.0 660.0 ship 0
397.0 570.0 408.0 568.0 413.0 597.0 403.0 599.0 ship 0
332.0 581.0 343.0 580.0 346.0 610.0 335.0 612.0 ship 0
310.0 584.0 321.0 583.0 326.0 610.0 315.0 612.0 ship 0
262.0 587.0 273.0 586.0 276.0 613.0 266.0 615.0 ship 0
229.0 593.0 239.0 593.0 240.0 622.0 229.0 622.0 ship 0
122.0 642.0 112.0 643.0 108.0 610.0 118.0 610.0 ship 0
92.0 613.0 103.0 612.0 106.0 640.0 95.0 641.0 ship 0
54.0 614.0 66.0 612.0 68.0 644.0 59.0 644.0 ship 0
188.0 578.0 189.0 588.0 163.0 592.0 161.0 581.0 ship 0
66.0 577.0 75.0 575.0 82.0 595.0 72.0 599.0 ship 0
112.0 494.0 101.0 496.0 96.0 467.0 107.0 465.0 ship 0
125.0 492.0 114.0 492.0 114.0 465.0 124.0 465.0 ship 0
435.0 759.0 425.0 761.0 419.0 734.0 430.0 731.0 ship 0
346.0 702.0 357.0 701.0 359.0 730.0 348.0 732.0 ship 0
328.0 710.0 338.0 709.0 342.0 737.0 332.0 738.0 ship 0
251.0 702.0 241.0 703.0 239.0 675.0 249.0 674.0 ship 0
140.0 730.0 150.0 727.0 156.0 764.0 146.0 766.0 ship 0
157.0 726.0 168.0 725.0 172.0 756.0 160.0 757.0 ship 0
173.0 723.0 185.0 721.0 189.0 753.0 176.0 754.0 ship 0
190.0 723.0 201.0 722.0 204.0 750.0 194.0 752.0 ship 0
208.0 722.0 219.0 720.0 224.0 750.0 212.0 752.0 ship 0
234.0 705.0 223.0 706.0 219.0 676.0 230.0 675.0 ship 0
226.0 722.0 238.0 721.0 240.0 753.0 228.0 753.0 ship 0
241.0 715.0 253.0 713.0 257.0 747.0 246.0 749.0 ship 0
337.0 694.0 327.0 694.0 324.0 665.0 335.0 664.0 ship 0
260.0 715.0 272.0 715.0 273.0 743.0 261.0 743.0 ship 0
267.0 702.0 257.0 704.0 255.0 672.0 266.0 671.0 ship 0
287.0 702.0 275.0 703.0 271.0 670.0 284.0 670.0 ship 0
294.0 709.0 305.0 708.0 309.0 742.0 298.0 743.0 ship 0
313.0 709.0 323.0 708.0 326.0 738.0 316.0 740.0 ship 0
302.0 702.0 292.0 702.0 291.0 674.0 302.0 674.0 ship 0
321.0 694.0 312.0 696.0 308.0 673.0 318.0 672.0 ship 0
141.0 487.0 131.0 489.0 126.0 466.0 137.0 464.0 ship 0
255.0 473.0 243.0 476.0 238.0 450.0 248.0 448.0 ship 0
971.0 3100.0 960.0 3105.0 944.0 3076.0 955.0 3070.0 ship 0
347.0 483.0 347.0 472.0 378.0 472.0 377.0 483.0 ship 0
124.0 402.0 134.0 401.0 138.0 426.0 126.0 428.0 ship 0
96.0 404.0 107.0 404.0 107.0 430.0 97.0 430.0 ship 0
134.0 392.0 123.0 394.0 119.0 367.0 130.0 366.0 ship 0
1066.0 3016.0 1075.0 3011.0 1090.0 3038.0 1082.0 3043.0 ship 0
1053.0 3019.0 1062.0 3014.0 1077.0 3044.0 1068.0 3049.0 ship 0
1064.0 2972.0 1093.0 3031.0 942.0 3112.0 912.0 3054.0 harbor 0
1072.0 3001.0 1063.0 3007.0 1048.0 2979.0 1059.0 2974.0 ship 0
1046.0 3016.0 1036.0 3021.0 1021.0 2993.0 1032.0 2988.0 ship 0
1018.0 3027.0 1010.0 3032.0 997.0 3011.0 1007.0 3005.0 ship 0
962.0 2945.0 970.0 2941.0 984.0 2965.0 976.0 2970.0 ship 0
1007.0 2655.0 1018.0 2650.0 1039.0 2687.0 1026.0 2693.0 ship 0
1026.0 2705.0 1011.0 2713.0 982.0 2664.0 1000.0 2654.0 ship 0
863.0 2650.0 874.0 2644.0 893.0 2679.0 883.0 2684.0 ship 0
844.0 2666.0 854.0 2662.0 870.0 2689.0 861.0 2695.0 ship 0
986.0 3058.0 994.0 3054.0 1008.0 3075.0 1000.0 3081.0 ship 0
972.0 3059.0 983.0 3054.0 996.0 3082.0 987.0 3087.0 ship 0
957.0 3068.0 966.0 3063.0 979.0 3087.0 970.0 3093.0 ship 0
151.0 399.0 162.0 398.0 165.0 423.0 154.0 425.0 ship 0
107.0 315.0 116.0 314.0 119.0 333.0 109.0 334.0 ship 0
157.0 305.0 166.0 304.0 170.0 329.0 161.0 331.0 ship 0
246.0 379.0 236.0 380.0 232.0 355.0 241.0 354.0 ship 0
339.0 469.0 327.0 471.0 323.0 444.0 335.0 442.0 ship 0
377.0 376.0 389.0 375.0 390.0 405.0 378.0 406.0 ship 0
334.0 375.0 344.0 374.0 348.0 399.0 339.0 401.0 ship 0
321.0 379.0 331.0 377.0 334.0 400.0 323.0 402.0 ship 0
344.0 367.0 334.0 369.0 330.0 343.0 341.0 342.0 ship 0
331.0 369.0 321.0 370.0 318.0 346.0 328.0 344.0 ship 0
265.0 385.0 275.0 384.0 278.0 408.0 268.0 410.0 ship 0
244.0 287.0 235.0 288.0 232.0 265.0 241.0 264.0 ship 0
192.0 294.0 183.0 296.0 178.0 272.0 187.0 271.0 ship 0
365.0 280.0 375.0 279.0 378.0 306.0 368.0 307.0 ship 0
297.0 281.0 287.0 282.0 284.0 259.0 293.0 258.0 ship 0
260.0 199.0 251.0 200.0 247.0 176.0 258.0 175.0 ship 0
328.0 198.0 339.0 197.0 342.0 224.0 331.0 224.0 ship 0
337.0 190.0 327.0 191.0 324.0 169.0 335.0 168.0 ship 0
286.0 194.0 276.0 195.0 273.0 176.0 282.0 174.0 ship 0
108.0 228.0 117.0 226.0 122.0 249.0 114.0 250.0 ship 0
822.0 983.0 824.0 993.0 797.0 999.0 794.0 989.0 ship 0
1272.0 3315.0 1307.0 3298.0 1356.0 3388.0 1323.0 3405.0 harbor 0
1533.0 1531.0 1526.0 1535.0 1517.0 1521.0 1523.0 1516.0 small-vehicle 1
423.0 3248.0 420.0 3240.0 437.0 3236.0 439.0 3244.0 small-vehicle 1
546.0 3359.0 543.0 3351.0 565.0 3346.0 566.0 3354.0 small-vehicle 1
535.0 3350.0 533.0 3343.0 552.0 3339.0 552.0 3347.0 small-vehicle 1
520.0 3332.0 517.0 3324.0 538.0 3321.0 540.0 3331.0 small-vehicle 1
507.0 3325.0 503.0 3318.0 527.0 3312.0 527.0 3320.0 small-vehicle 1
496.0 3318.0 492.0 3309.0 513.0 3305.0 516.0 3313.0 small-vehicle 1
563.0 3310.0 571.0 3302.0 585.0 3318.0 578.0 3324.0 small-vehicle 1
625.0 3220.0 618.0 3213.0 633.0 3197.0 640.0 3203.0 small-vehicle 1
599.0 3201.0 608.0 3198.0 616.0 3214.0 609.0 3217.0 small-vehicle 1
607.0 3171.0 615.0 3176.0 605.0 3192.0 597.0 3187.0 small-vehicle 1
499.0 3173.0 499.0 3164.0 523.0 3165.0 524.0 3175.0 small-vehicle 1
448.0 3107.0 455.0 3099.0 473.0 3117.0 466.0 3125.0 small-vehicle 1
433.0 3113.0 426.0 3108.0 441.0 3090.0 448.0 3096.0 small-vehicle 1
324.0 2995.0 328.0 3002.0 317.0 3013.0 311.0 3009.0 small-vehicle 1
320.0 2998.0 314.0 2992.0 326.0 2980.0 332.0 2986.0 small-vehicle 1
480.0 3299.0 478.0 3288.0 502.0 3287.0 502.0 3296.0 small-vehicle 1
502.0 3271.0 510.0 3265.0 524.0 3278.0 515.0 3284.0 small-vehicle 1
472.0 3271.0 475.0 3280.0 457.0 3283.0 454.0 3276.0 small-vehicle 1
556.0 3368.0 554.0 3360.0 574.0 3353.0 575.0 3364.0 small-vehicle 1
576.0 3385.0 575.0 3375.0 596.0 3372.0 598.0 3381.0 small-vehicle 1
730.0 3335.0 738.0 3329.0 749.0 3347.0 740.0 3351.0 small-vehicle 1
1527.0 3279.0 1518.0 3285.0 1507.0 3263.0 1517.0 3258.0 small-vehicle 1
1592.0 3080.0 1601.0 3074.0 1612.0 3094.0 1604.0 3098.0 small-vehicle 0
1522.0 2949.0 1517.0 2939.0 1532.0 2930.0 1537.0 2937.0 small-vehicle 0
1601.0 3101.0 1612.0 3096.0 1629.0 3124.0 1618.0 3130.0 large-vehicle 0
1663.0 3399.0 1670.0 3412.0 1633.0 3426.0 1628.0 3415.0 large-vehicle 0
1544.0 3242.0 1554.0 3237.0 1563.0 3257.0 1553.0 3260.0 small-vehicle 1
1550.0 3263.0 1542.0 3266.0 1531.0 3248.0 1540.0 3243.0 small-vehicle 1
1519.0 3253.0 1529.0 3248.0 1537.0 3266.0 1530.0 3272.0 small-vehicle 1
1470.0 3281.0 1477.0 3276.0 1486.0 3292.0 1479.0 3296.0 small-vehicle 1
872.0 3345.0 865.0 3351.0 851.0 3338.0 859.0 3333.0 small-vehicle 1
796.0 2022.0 790.0 2012.0 815.0 2000.0 820.0 2012.0 large-vehicle 0
817.0 2014.0 819.0 2023.0 800.0 2029.0 797.0 2022.0 small-vehicle 1
860.0 3121.0 866.0 3130.0 844.0 3142.0 838.0 3134.0 small-vehicle 1
731.0 3396.0 736.0 3387.0 755.0 3399.0 752.0 3406.0 small-vehicle 1
720.0 3372.0 728.0 3363.0 746.0 3381.0 741.0 3388.0 small-vehicle 1
662.0 3469.0 659.0 3461.0 679.0 3456.0 681.0 3463.0 small-vehicle 1
628.0 3435.0 625.0 3426.0 642.0 3421.0 645.0 3430.0 small-vehicle 1
438.0 3265.0 434.0 3256.0 459.0 3251.0 460.0 3261.0 small-vehicle 1
449.0 3230.0 457.0 3224.0 470.0 3241.0 463.0 3244.0 small-vehicle 1
1611.0 2838.0 1603.0 2841.0 1595.0 2822.0 1604.0 2820.0 small-vehicle 0
382.0 3215.0 380.0 3207.0 397.0 3202.0 399.0 3211.0 small-vehicle 1
569.0 2578.0 574.0 2586.0 556.0 2595.0 553.0 2587.0 small-vehicle 0
560.0 2562.0 565.0 2571.0 545.0 2581.0 541.0 2573.0 small-vehicle 0
532.0 2539.0 522.0 2542.0 512.0 2520.0 521.0 2516.0 small-vehicle 0
297.0 2723.0 293.0 2733.0 270.0 2723.0 273.0 2715.0 small-vehicle 0
227.0 2629.0 232.0 2638.0 213.0 2647.0 209.0 2638.0 small-vehicle 0
204.0 2640.0 210.0 2650.0 190.0 2661.0 184.0 2650.0 ship 0
127.0 2477.0 121.0 2485.0 95.0 2469.0 103.0 2459.0 large-vehicle 0
73.0 2504.0 78.0 2498.0 95.0 2509.0 91.0 2516.0 small-vehicle 0
75.0 2493.0 79.0 2484.0 100.0 2497.0 95.0 2504.0 small-vehicle 0
210.0 2454.0 203.0 2448.0 213.0 2433.0 220.0 2438.0 small-vehicle 0
169.0 2453.0 162.0 2461.0 146.0 2445.0 151.0 2437.0 small-vehicle 0
104.0 2382.0 109.0 2377.0 120.0 2386.0 116.0 2393.0 small-vehicle 1
106.0 2375.0 111.0 2366.0 126.0 2375.0 122.0 2383.0 small-vehicle 0
150.0 2306.0 155.0 2298.0 174.0 2309.0 169.0 2316.0 small-vehicle 0
315.0 2330.0 322.0 2326.0 332.0 2342.0 324.0 2346.0 small-vehicle 0
362.0 2329.0 354.0 2334.0 344.0 2315.0 351.0 2310.0 small-vehicle 0
353.0 2309.0 361.0 2304.0 371.0 2324.0 364.0 2329.0 small-vehicle 0
628.0 2686.0 633.0 2695.0 612.0 2706.0 607.0 2699.0 small-vehicle 0
634.0 2697.0 640.0 2707.0 620.0 2717.0 615.0 2710.0 small-vehicle 0
268.0 2862.0 277.0 2863.0 278.0 2882.0 269.0 2883.0 small-vehicle 0
150.0 3032.0 143.0 3025.0 158.0 3009.0 166.0 3014.0 small-vehicle 1
370.0 3206.0 368.0 3197.0 389.0 3194.0 390.0 3202.0 small-vehicle 1
350.0 3188.0 347.0 3180.0 373.0 3174.0 374.0 3183.0 small-vehicle 1
327.0 3171.0 326.0 3164.0 344.0 3160.0 346.0 3167.0 small-vehicle 1
310.0 3156.0 308.0 3148.0 328.0 3142.0 331.0 3152.0 small-vehicle 1
221.0 3082.0 217.0 3074.0 243.0 3067.0 246.0 3076.0 small-vehicle 1
194.0 3067.0 191.0 3059.0 215.0 3052.0 218.0 3061.0 small-vehicle 1
175.0 3049.0 171.0 3042.0 191.0 3036.0 194.0 3044.0 small-vehicle 1
155.0 2991.0 160.0 2984.0 175.0 2998.0 169.0 3004.0 small-vehicle 1
381.0 2947.0 374.0 2940.0 386.0 2927.0 391.0 2933.0 small-vehicle 0
127.0 3010.0 120.0 3002.0 138.0 2987.0 144.0 2995.0 small-vehicle 1
171.0 2940.0 168.0 2932.0 187.0 2924.0 191.0 2932.0 small-vehicle 1
74.0 2958.0 80.0 2963.0 72.0 2979.0 65.0 2975.0 small-vehicle 1
794.0 3442.0 802.0 3450.0 761.0 3493.0 751.0 3484.0 large-vehicle 0
510.0 3105.0 501.0 3096.0 539.0 3058.0 547.0 3067.0 large-vehicle 0
217.0 2902.0 206.0 2907.0 192.0 2881.0 203.0 2875.0 large-vehicle 0
172.0 2925.0 166.0 2932.0 149.0 2921.0 154.0 2913.0 small-vehicle 0
1531.0 2804.0 1537.0 2813.0 1518.0 2822.0 1514.0 2815.0 small-vehicle 0
1463.0 2845.0 1458.0 2837.0 1475.0 2827.0 1479.0 2833.0 small-vehicle 0
373.0 2300.0 380.0 2296.0 390.0 2313.0 382.0 2318.0 small-vehicle 0
1325.0 1261.0 1328.0 1271.0 1306.0 1279.0 1302.0 1270.0 small-vehicle 0
1602.0 876.0 1610.0 877.0 1610.0 895.0 1601.0 895.0 small-vehicle 1
1565.0 996.0 1556.0 995.0 1556.0 974.0 1563.0 975.0 small-vehicle 1
1312.0 891.0 1311.0 882.0 1330.0 880.0 1330.0 888.0 small-vehicle 1
1307.0 905.0 1305.0 895.0 1323.0 892.0 1326.0 901.0 small-vehicle 1
1364.0 921.0 1355.0 922.0 1354.0 903.0 1363.0 904.0 small-vehicle 1
1350.0 920.0 1341.0 922.0 1341.0 900.0 1348.0 900.0 small-vehicle 1
1489.0 1006.0 1498.0 1006.0 1496.0 1021.0 1487.0 1021.0 small-vehicle 1
1434.0 1068.0 1433.0 1060.0 1448.0 1056.0 1451.0 1063.0 small-vehicle 1
1641.0 1135.0 1643.0 1127.0 1664.0 1131.0 1662.0 1139.0 small-vehicle 1
1636.0 1139.0 1635.0 1147.0 1616.0 1143.0 1617.0 1134.0 small-vehicle 1
1590.0 1151.0 1590.0 1143.0 1613.0 1143.0 1612.0 1152.0 small-vehicle 1
1391.0 1028.0 1390.0 1020.0 1407.0 1019.0 1408.0 1027.0 small-vehicle 0
1235.0 1106.0 1235.0 1096.0 1254.0 1095.0 1256.0 1103.0 small-vehicle 0
1265.0 1147.0 1262.0 1139.0 1281.0 1131.0 1285.0 1140.0 small-vehicle 0
1245.0 1157.0 1240.0 1148.0 1259.0 1142.0 1263.0 1151.0 small-vehicle 0
1270.0 1152.0 1278.0 1148.0 1290.0 1164.0 1282.0 1169.0 small-vehicle 0
1340.0 1295.0 1344.0 1303.0 1328.0 1310.0 1324.0 1303.0 small-vehicle 0
1601.0 842.0 1610.0 843.0 1608.0 863.0 1599.0 861.0 small-vehicle 1
1627.0 839.0 1627.0 828.0 1649.0 827.0 1649.0 836.0 small-vehicle 1
1594.0 787.0 1584.0 786.0 1585.0 766.0 1595.0 767.0 small-vehicle 1
1504.0 266.0 1505.0 256.0 1525.0 259.0 1524.0 268.0 small-vehicle 1
356.0 832.0 376.0 830.0 382.0 881.0 362.0 884.0 ship 0
519.0 69.0 519.0 61.0 535.0 60.0 535.0 66.0 small-vehicle 1
496.0 5.0 504.0 1.0 513.0 14.0 507.0 18.0 small-vehicle 1
1460.0 597.0 1470.0 597.0 1469.0 619.0 1459.0 620.0 small-vehicle 1
976.0 293.0 964.0 299.0 953.0 261.0 966.0 258.0 large-vehicle 0
984.0 321.0 972.0 324.0 968.0 299.0 978.0 298.0 small-vehicle 1
1522.0 224.0 1513.0 229.0 1497.0 210.0 1507.0 203.0 small-vehicle 1
1473.0 228.0 1475.0 222.0 1495.0 227.0 1494.0 235.0 small-vehicle 1
1594.0 767.0 1601.0 760.0 1617.0 773.0 1610.0 781.0 small-vehicle 1
1527.0 634.0 1527.0 643.0 1510.0 642.0 1509.0 633.0 small-vehicle 1
1544.0 604.0 1543.0 614.0 1521.0 615.0 1521.0 605.0 small-vehicle 1
1598.0 854.0 1588.0 854.0 1586.0 832.0 1598.0 831.0 small-vehicle 1
1597.0 875.0 1587.0 876.0 1588.0 853.0 1599.0 853.0 small-vehicle 1
1589.0 881.0 1599.0 881.0 1598.0 900.0 1587.0 899.0 small-vehicle 1
1656.0 763.0 1654.0 771.0 1638.0 767.0 1640.0 759.0 small-vehicle 1
1647.0 778.0 1647.0 785.0 1628.0 785.0 1629.0 775.0 small-vehicle 1
1346.0 1287.0 1336.0 1290.0 1332.0 1276.0 1340.0 1272.0 small-vehicle 1
1314.0 1232.0 1317.0 1241.0 1300.0 1248.0 1296.0 1241.0 small-vehicle 0
1457.0 2833.0 1453.0 2826.0 1471.0 2813.0 1474.0 2819.0 small-vehicle 0
1286.0 1186.0 1296.0 1182.0 1303.0 1201.0 1295.0 1204.0 small-vehicle 0
1413.0 1828.0 1408.0 1821.0 1423.0 1813.0 1427.0 1818.0 small-vehicle 1
1412.0 1818.0 1407.0 1811.0 1422.0 1800.0 1428.0 1806.0 small-vehicle 1
1279.0 1904.0 1274.0 1893.0 1293.0 1882.0 1299.0 1889.0 small-vehicle 1
1479.0 1852.0 1468.0 1853.0 1467.0 1837.0 1476.0 1836.0 small-vehicle 1
1398.0 2138.0 1399.0 2146.0 1382.0 2147.0 1380.0 2140.0 small-vehicle 0
1130.0 2192.0 1123.0 2196.0 1115.0 2183.0 1122.0 2178.0 small-vehicle 0
1232.0 2264.0 1236.0 2272.0 1216.0 2284.0 1210.0 2276.0 small-vehicle 0
1194.0 2314.0 1197.0 2321.0 1180.0 2328.0 1177.0 2322.0 small-vehicle 0
1202.0 2370.0 1198.0 2362.0 1214.0 2354.0 1217.0 2361.0 small-vehicle 0
1228.0 2381.0 1231.0 2388.0 1215.0 2398.0 1212.0 2389.0 small-vehicle 0
1244.0 2399.0 1249.0 2405.0 1236.0 2416.0 1231.0 2410.0 small-vehicle 0
1287.0 2357.0 1291.0 2367.0 1276.0 2376.0 1270.0 2367.0 small-vehicle 0
1251.0 2437.0 1244.0 2430.0 1261.0 2418.0 1267.0 2424.0 small-vehicle 0
1263.0 2478.0 1259.0 2469.0 1279.0 2463.0 1283.0 2472.0 small-vehicle 0
1277.0 2502.0 1271.0 2492.0 1293.0 2483.0 1297.0 2492.0 small-vehicle 0
1287.0 2519.0 1283.0 2512.0 1300.0 2506.0 1302.0 2513.0 small-vehicle 0
1452.0 2823.0 1446.0 2816.0 1461.0 2805.0 1464.0 2814.0 small-vehicle 0
1419.0 1834.0 1415.0 1827.0 1433.0 1820.0 1436.0 1827.0 small-vehicle 1
1417.0 1850.0 1412.0 1843.0 1427.0 1833.0 1432.0 1839.0 small-vehicle 1
1417.0 1862.0 1413.0 1855.0 1428.0 1844.0 1433.0 1853.0 small-vehicle 1
1315.0 1542.0 1315.0 1535.0 1333.0 1534.0 1335.0 1542.0 small-vehicle 1
1356.0 1345.0 1362.0 1338.0 1377.0 1353.0 1371.0 1359.0 small-vehicle 0
1547.0 1187.0 1536.0 1186.0 1538.0 1162.0 1551.0 1162.0 ship 0
1658.0 1497.0 1651.0 1492.0 1665.0 1471.0 1673.0 1477.0 large-vehicle 0
1653.0 1457.0 1642.0 1451.0 1655.0 1434.0 1663.0 1439.0 small-vehicle 1
1558.0 1594.0 1550.0 1599.0 1536.0 1579.0 1544.0 1575.0 small-vehicle 1
1461.0 1428.0 1454.0 1435.0 1441.0 1422.0 1447.0 1417.0 small-vehicle 1
1330.0 1451.0 1324.0 1458.0 1311.0 1445.0 1316.0 1438.0 small-vehicle 1
1380.0 1572.0 1372.0 1575.0 1365.0 1557.0 1373.0 1553.0 small-vehicle 1
1298.0 1714.0 1300.0 1723.0 1280.0 1728.0 1278.0 1720.0 small-vehicle 1
1412.0 1617.0 1414.0 1627.0 1392.0 1632.0 1389.0 1625.0 small-vehicle 1
1332.0 1655.0 1324.0 1656.0 1320.0 1640.0 1329.0 1639.0 small-vehicle 1
1340.0 1664.0 1338.0 1655.0 1359.0 1651.0 1361.0 1660.0 small-vehicle 1
1417.0 1655.0 1417.0 1665.0 1400.0 1666.0 1399.0 1657.0 small-vehicle 1
1389.0 1749.0 1386.0 1741.0 1404.0 1733.0 1407.0 1742.0 small-vehicle 1
1384.0 1739.0 1380.0 1731.0 1401.0 1724.0 1404.0 1733.0 small-vehicle 1
1296.0 1704.0 1298.0 1714.0 1281.0 1717.0 1278.0 1709.0 small-vehicle 1
364.0 2305.0 372.0 2300.0 380.0 2319.0 373.0 2323.0 small-vehicle 0
447.0 2261.0 456.0 2256.0 465.0 2271.0 457.0 2277.0 small-vehicle 0
116.0 217.0 105.0 219.0 104.0 196.0 116.0 194.0 ship 0
682.0 135.0 686.0 143.0 672.0 152.0 667.0 145.0 small-vehicle 1
392.0 34.0 384.0 29.0 393.0 14.0 400.0 18.0 small-vehicle 0
383.0 26.0 375.0 20.0 389.0 4.0 394.0 9.0 small-vehicle 0
399.0 72.0 392.0 66.0 405.0 51.0 412.0 58.0 small-vehicle 0
544.0 647.0 542.0 639.0 561.0 636.0 563.0 644.0 small-vehicle 1
469.0 593.0 468.0 585.0 488.0 582.0 490.0 590.0 small-vehicle 1
538.0 613.0 537.0 605.0 554.0 604.0 556.0 611.0 small-vehicle 1
796.0 454.0 789.0 460.0 777.0 445.0 784.0 440.0 small-vehicle 1
742.0 399.0 750.0 402.0 742.0 417.0 733.0 414.0 small-vehicle 1
667.0 428.0 666.0 419.0 685.0 415.0 687.0 424.0 small-vehicle 1
722.0 337.0 727.0 332.0 740.0 345.0 735.0 351.0 small-vehicle 1
790.0 321.0 783.0 326.0 773.0 309.0 781.0 305.0 small-vehicle 1
698.0 230.0 691.0 222.0 709.0 210.0 714.0 218.0 small-vehicle 1
678.0 126.0 682.0 134.0 668.0 143.0 662.0 136.0 small-vehicle 1
679.0 114.0 683.0 121.0 669.0 129.0 664.0 123.0 small-vehicle 1
504.0 282.0 505.0 291.0 482.0 295.0 482.0 285.0 small-vehicle 1
612.0 144.0 613.0 153.0 592.0 156.0 590.0 147.0 small-vehicle 1
605.0 233.0 604.0 223.0 623.0 220.0 624.0 228.0 small-vehicle 1
464.0 76.0 455.0 79.0 452.0 60.0 460.0 58.0 small-vehicle 0
644.0 5.0 646.0 15.0 620.0 17.0 618.0 8.0 small-vehicle 0
528.0 114.0 527.0 104.0 549.0 101.0 551.0 110.0 small-vehicle 0
602.0 68.0 603.0 77.0 583.0 77.0 583.0 70.0 small-vehicle 0
617.0 152.0 615.0 144.0 634.0 139.0 635.0 149.0 small-vehicle 0
612.0 143.0 612.0 134.0 630.0 131.0 630.0 139.0 small-vehicle 0
609.0 132.0 609.0 122.0 629.0 120.0 630.0 128.0 small-vehicle 0
627.0 108.0 628.0 116.0 608.0 119.0 608.0 111.0 small-vehicle 0
605.0 101.0 607.0 108.0 589.0 112.0 588.0 105.0 small-vehicle 0
586.0 101.0 586.0 92.0 604.0 92.0 605.0 101.0 small-vehicle 0
603.0 79.0 603.0 88.0 585.0 89.0 584.0 82.0 small-vehicle 0
605.0 76.0 604.0 68.0 622.0 66.0 624.0 74.0 small-vehicle 0
422.0 151.0 431.0 151.0 430.0 168.0 422.0 169.0 small-vehicle 0
585.0 70.0 584.0 61.0 602.0 59.0 602.0 67.0 small-vehicle 0
548.0 281.0 547.0 274.0 565.0 271.0 567.0 279.0 small-vehicle 0
546.0 273.0 547.0 264.0 565.0 262.0 566.0 270.0 small-vehicle 0
545.0 262.0 544.0 253.0 567.0 250.0 568.0 260.0 small-vehicle 0
551.0 250.0 549.0 242.0 570.0 237.0 573.0 246.0 small-vehicle 0
478.0 184.0 470.0 186.0 466.0 169.0 474.0 168.0 small-vehicle 0
464.0 183.0 456.0 185.0 452.0 169.0 461.0 167.0 small-vehicle 0
686.0 180.0 690.0 188.0 674.0 199.0 669.0 193.0 small-vehicle 1
623.0 76.0 625.0 84.0 606.0 88.0 604.0 79.0 small-vehicle 1
613.0 156.0 613.0 164.0 595.0 165.0 595.0 157.0 small-vehicle 0
422.0 127.0 432.0 127.0 431.0 147.0 421.0 147.0 small-vehicle 1
1626.0 3442.0 1630.0 3433.0 1647.0 3442.0 1644.0 3450.0 ship 0
1606.0 3454.0 1618.0 3450.0 1634.0 3472.0 1624.0 3480.0 ship 0
1618.0 3447.0 1627.0 3441.0 1645.0 3464.0 1634.0 3472.0 ship 0
1582.0 3461.0 1594.0 3450.0 1617.0 3486.0 1604.0 3494.0 ship 0
1566.0 3469.0 1574.0 3463.0 1599.0 3494.0 1586.0 3499.0 ship 0
629.0 2392.0 637.0 2407.0 593.0 2433.0 582.0 2416.0 ship 0
606.0 2384.0 609.0 2394.0 579.0 2408.0 576.0 2398.0 ship 0
336.0 1030.0 322.0 1031.0 318.0 995.0 332.0 994.0 ship 0
119.0 729.0 133.0 727.0 138.0 758.0 126.0 762.0 ship 0
219.0 708.0 208.0 709.0 203.0 678.0 216.0 676.0 ship 0
157.0 601.0 170.0 597.0 176.0 630.0 162.0 633.0 ship 0
68.0 501.0 56.0 502.0 58.0 475.0 69.0 474.0 ship 0
81.0 359.0 79.0 353.0 94.0 348.0 95.0 354.0 ship 0
90.0 315.0 101.0 313.0 105.0 336.0 93.0 338.0 ship 0
364.0 189.0 352.0 190.0 348.0 165.0 362.0 161.0 ship 0
314.0 194.0 302.0 196.0 298.0 172.0 310.0 171.0 ship 0
221.0 205.0 210.0 206.0 208.0 185.0 220.0 183.0 ship 0
1271.0 2640.0 1257.0 2649.0 1228.0 2603.0 1248.0 2594.0 ship 0
1309.0 2706.0 1288.0 2717.0 1257.0 2664.0 1281.0 2652.0 ship 0
1368.0 2404.0 1374.0 2415.0 1351.0 2429.0 1344.0 2418.0 ship 0
1412.0 2122.0 1411.0 2111.0 1441.0 2105.0 1443.0 2119.0 ship 0
524.0 101.0 522.0 93.0 544.0 90.0 546.0 98.0 small-vehicle 1
524.0 83.0 522.0 75.0 544.0 71.0 546.0 80.0 small-vehicle 1
503.0 70.0 495.0 71.0 492.0 53.0 500.0 51.0 small-vehicle 1
713.0 873.0 707.0 865.0 724.0 855.0 730.0 861.0 ship 0
701.0 862.0 700.0 853.0 722.0 849.0 722.0 858.0 ship 0
1404.0 2057.0 1405.0 2044.0 1435.0 2043.0 1436.0 2056.0 ship 0
1395.0 2074.0 1395.0 2064.0 1422.0 2059.0 1425.0 2071.0 ship 0
1398.0 2139.0 1396.0 2128.0 1422.0 2122.0 1425.0 2134.0 ship 0
1360.0 2390.0 1368.0 2399.0 1347.0 2414.0 1337.0 2406.0 ship 0
1415.0 2419.0 1420.0 2403.0 1456.0 2414.0 1453.0 2429.0 ship 0
1412.0 2393.0 1416.0 2381.0 1449.0 2384.0 1448.0 2398.0 ship 0
1420.0 2375.0 1423.0 2363.0 1451.0 2369.0 1447.0 2381.0 ship 0
1411.0 2351.0 1409.0 2339.0 1436.0 2330.0 1441.0 2344.0 ship 0
1341.0 2337.0 1346.0 2349.0 1317.0 2363.0 1313.0 2351.0 ship 0
1350.0 2369.0 1353.0 2379.0 1330.0 2390.0 1326.0 2379.0 ship 0
1353.0 2380.0 1359.0 2388.0 1338.0 2403.0 1331.0 2394.0 ship 0
609.0 133.0 611.0 141.0 595.0 143.0 593.0 135.0 small-vehicle 0
614.0 176.0 612.0 166.0 635.0 163.0 638.0 174.0 small-vehicle 0
502.0 2229.0 510.0 2225.0 519.0 2245.0 511.0 2250.0 small-vehicle 0
540.0 522.0 549.0 520.0 551.0 541.0 544.0 542.0 small-vehicle 0
590.0 689.0 591.0 697.0 572.0 700.0 571.0 691.0 small-vehicle 0
484.0 703.0 483.0 693.0 504.0 690.0 505.0 699.0 small-vehicle 0
482.0 682.0 481.0 673.0 502.0 669.0 503.0 678.0 small-vehicle 0
478.0 662.0 478.0 652.0 497.0 651.0 498.0 659.0 small-vehicle 0
474.0 652.0 472.0 642.0 500.0 639.0 500.0 648.0 small-vehicle 0
471.0 633.0 471.0 622.0 496.0 621.0 496.0 630.0 small-vehicle 0
494.0 610.0 496.0 619.0 473.0 622.0 471.0 613.0 small-vehicle 0
469.0 605.0 466.0 595.0 492.0 592.0 494.0 602.0 small-vehicle 0
491.0 1074.0 504.0 1072.0 520.0 1144.0 504.0 1148.0 large-vehicle 0
919.0 552.0 935.0 549.0 941.0 587.0 926.0 590.0 large-vehicle 0
651.0 618.0 650.0 610.0 666.0 607.0 668.0 615.0 small-vehicle 0
645.0 586.0 643.0 576.0 666.0 572.0 666.0 582.0 small-vehicle 0
634.0 553.0 632.0 544.0 654.0 541.0 656.0 549.0 small-vehicle 0
666.0 539.0 666.0 529.0 688.0 527.0 689.0 536.0 small-vehicle 0
618.0 512.0 628.0 510.0 631.0 533.0 621.0 533.0 small-vehicle 0
597.0 518.0 607.0 517.0 608.0 532.0 598.0 534.0 small-vehicle 0
586.0 517.0 594.0 514.0 597.0 535.0 589.0 537.0 small-vehicle 0
557.0 725.0 556.0 716.0 576.0 713.0 577.0 720.0 small-vehicle 0
509.0 758.0 509.0 750.0 526.0 747.0 527.0 754.0 small-vehicle 0
547.0 658.0 545.0 648.0 568.0 646.0 570.0 654.0 small-vehicle 0
527.0 758.0 530.0 766.0 512.0 768.0 510.0 760.0 small-vehicle 0
373.0 2236.0 381.0 2234.0 385.0 2253.0 377.0 2255.0 small-vehicle 0
361.0 2236.0 372.0 2234.0 375.0 2260.0 367.0 2262.0 small-vehicle 0
386.0 2085.0 391.0 2094.0 370.0 2106.0 365.0 2099.0 ship 0
397.0 2048.0 402.0 2040.0 417.0 2050.0 413.0 2056.0 small-vehicle 0
407.0 2057.0 403.0 2062.0 390.0 2054.0 393.0 2048.0 small-vehicle 0
375.0 2057.0 381.0 2049.0 400.0 2062.0 395.0 2070.0 small-vehicle 0
531.0 778.0 531.0 788.0 512.0 790.0 510.0 780.0 small-vehicle 0
658.0 775.0 651.0 783.0 633.0 770.0 639.0 763.0 small-vehicle 0
568.0 659.0 568.0 668.0 547.0 669.0 546.0 662.0 small-vehicle 0
559.0 734.0 557.0 727.0 576.0 725.0 577.0 732.0 small-vehicle 0
558.0 625.0 560.0 634.0 542.0 636.0 540.0 628.0 small-vehicle 0
557.0 615.0 557.0 624.0 537.0 625.0 537.0 617.0 small-vehicle 0
538.0 592.0 537.0 582.0 555.0 581.0 557.0 589.0 small-vehicle 0
557.0 593.0 558.0 601.0 537.0 603.0 537.0 594.0 small-vehicle 0
579.0 601.0 580.0 609.0 560.0 612.0 558.0 603.0 small-vehicle 0
565.0 622.0 564.0 614.0 584.0 612.0 584.0 619.0 small-vehicle 0
552.0 522.0 562.0 521.0 564.0 537.0 555.0 539.0 small-vehicle 0
530.0 524.0 539.0 524.0 541.0 543.0 533.0 544.0 small-vehicle 0
621.0 209.0 619.0 199.0 641.0 196.0 643.0 206.0 small-vehicle 0
519.0 524.0 529.0 523.0 530.0 542.0 522.0 543.0 small-vehicle 0
741.0 325.0 734.0 330.0 722.0 317.0 731.0 311.0 small-vehicle 0
651.0 305.0 651.0 298.0 666.0 296.0 667.0 304.0 small-vehicle 0
650.0 287.0 649.0 279.0 669.0 277.0 670.0 285.0 small-vehicle 0
873.0 110.0 865.0 116.0 852.0 100.0 859.0 95.0 small-vehicle 0
826.0 50.0 832.0 44.0 844.0 58.0 839.0 64.0 small-vehicle 0
736.0 186.0 739.0 176.0 761.0 185.0 758.0 193.0 small-vehicle 0
744.0 136.0 747.0 127.0 768.0 135.0 766.0 143.0 small-vehicle 0
762.0 100.0 760.0 108.0 735.0 99.0 738.0 90.0 small-vehicle 0
686.0 59.0 691.0 67.0 669.0 81.0 665.0 74.0 large-vehicle 0
670.0 58.0 675.0 66.0 658.0 78.0 653.0 70.0 small-vehicle 0
685.0 74.0 689.0 79.0 675.0 90.0 671.0 84.0 small-vehicle 0
679.0 99.0 673.0 93.0 689.0 80.0 694.0 87.0 small-vehicle 0
685.0 109.0 678.0 102.0 695.0 90.0 699.0 98.0 small-vehicle 0
626.0 242.0 626.0 234.0 645.0 232.0 645.0 240.0 small-vehicle 0
623.0 229.0 623.0 222.0 641.0 219.0 643.0 228.0 small-vehicle 0
628.0 219.0 627.0 211.0 646.0 208.0 647.0 215.0 small-vehicle 0
607.0 220.0 606.0 213.0 625.0 210.0 625.0 217.0 small-vehicle 0
733.0 333.0 742.0 330.0 753.0 345.0 747.0 350.0 small-vehicle 0
761.0 333.0 770.0 327.0 781.0 342.0 774.0 347.0 small-vehicle 0
769.0 326.0 761.0 331.0 749.0 316.0 757.0 309.0 small-vehicle 0
674.0 493.0 674.0 482.0 690.0 481.0 693.0 491.0 small-vehicle 0
510.0 530.0 518.0 528.0 521.0 548.0 513.0 549.0 small-vehicle 0
739.0 449.0 746.0 445.0 758.0 460.0 752.0 464.0 small-vehicle 0
750.0 445.0 756.0 441.0 768.0 453.0 762.0 459.0 small-vehicle 0
809.0 387.0 817.0 390.0 807.0 412.0 798.0 408.0 small-vehicle 0
770.0 395.0 760.0 391.0 769.0 373.0 778.0 377.0 small-vehicle 0
758.0 371.0 767.0 375.0 757.0 394.0 748.0 392.0 small-vehicle 0
744.0 397.0 735.0 393.0 742.0 375.0 752.0 378.0 small-vehicle 0
669.0 471.0 668.0 460.0 690.0 458.0 692.0 468.0 small-vehicle 0
754.0 325.0 746.0 329.0 735.0 314.0 744.0 309.0 small-vehicle 0
696.0 460.0 687.0 453.0 700.0 439.0 709.0 445.0 small-vehicle 0
662.0 416.0 660.0 407.0 681.0 402.0 682.0 413.0 small-vehicle 0
657.0 394.0 656.0 384.0 679.0 381.0 680.0 391.0 small-vehicle 0
662.0 381.0 660.0 372.0 678.0 369.0 679.0 379.0 small-vehicle 0
654.0 360.0 653.0 351.0 674.0 350.0 674.0 358.0 small-vehicle 0
652.0 338.0 651.0 330.0 674.0 328.0 674.0 337.0 small-vehicle 0
652.0 327.0 653.0 319.0 671.0 318.0 671.0 326.0 small-vehicle 0
106.0 251.0 99.0 195.0 359.0 161.0 367.0 215.0 harbor 0
