imagesource:GoogleEarth
gsd:0.218594250548
3428.0 1829.0 3447.0 1816.0 3477.0 1863.0 3456.0 1875.0 ship 0
2044.0 1271.0 2035.0 1279.0 2010.0 1246.0 2020.0 1238.0 ship 0
2220.0 1418.0 2207.0 1411.0 2228.0 1373.0 2240.0 1380.0 ship 0
2205.0 1404.0 2192.0 1395.0 2216.0 1359.0 2227.0 1367.0 ship 0
2179.0 1391.0 2168.0 1383.0 2189.0 1344.0 2201.0 1351.0 ship 0
2167.0 1459.0 2152.0 1449.0 2177.0 1404.0 2192.0 1414.0 ship 0
2139.0 1369.0 2124.0 1360.0 2152.0 1314.0 2166.0 1325.0 ship 0
2127.0 1349.0 2111.0 1340.0 2135.0 1300.0 2150.0 1309.0 ship 0
2080.0 1407.0 2066.0 1397.0 2091.0 1355.0 2106.0 1365.0 ship 0
2102.0 1339.0 2091.0 1332.0 2109.0 1301.0 2121.0 1308.0 ship 0
2084.0 1334.0 2074.0 1328.0 2091.0 1298.0 2101.0 1305.0 ship 0
2045.0 1331.0 2062.0 1343.0 2037.0 1386.0 2020.0 1375.0 ship 0
1991.0 1353.0 1976.0 1339.0 2009.0 1299.0 2024.0 1312.0 ship 0
1982.0 1289.0 1999.0 1299.0 1972.0 1347.0 1956.0 1336.0 ship 0
1940.0 1265.0 1956.0 1273.0 1930.0 1320.0 1915.0 1310.0 ship 0
1905.0 1308.0 1890.0 1298.0 1919.0 1252.0 1933.0 1262.0 ship 0
2584.0 1446.0 2568.0 1431.0 2624.0 1371.0 2640.0 1387.0 ship 0
2671.0 1396.0 2681.0 1407.0 2655.0 1436.0 2644.0 1426.0 ship 0
2614.0 1425.0 2626.0 1434.0 2595.0 1471.0 2583.0 1462.0 ship 0
2692.0 1456.0 2684.0 1448.0 2707.0 1419.0 2716.0 1427.0 ship 0
2645.0 1443.0 2656.0 1453.0 2626.0 1492.0 2614.0 1482.0 ship 0
2656.0 1457.0 2668.0 1466.0 2647.0 1502.0 2634.0 1493.0 ship 0
2662.0 1519.0 2651.0 1510.0 2677.0 1471.0 2689.0 1480.0 ship 0
2681.0 1526.0 2671.0 1517.0 2692.0 1486.0 2703.0 1495.0 ship 0
2705.0 1472.0 2694.0 1462.0 2721.0 1429.0 2733.0 1440.0 ship 0
2712.0 1498.0 2723.0 1508.0 2699.0 1540.0 2687.0 1528.0 ship 0
2715.0 1485.0 2702.0 1474.0 2743.0 1428.0 2755.0 1439.0 ship 0
2709.0 1562.0 2696.0 1549.0 2727.0 1509.0 2740.0 1520.0 ship 0
2747.0 1522.0 2762.0 1533.0 2735.0 1572.0 2719.0 1560.0 ship 0
1942.0 1251.0 1926.0 1240.0 1956.0 1193.0 1969.0 1202.0 ship 0
2060.0 1263.0 2048.0 1269.0 2025.0 1234.0 2035.0 1225.0 ship 0
1483.0 1110.0 1468.0 1113.0 1455.0 1061.0 1473.0 1058.0 ship 0
2076.0 1277.0 2069.0 1266.0 2096.0 1248.0 2103.0 1260.0 ship 0
1474.0 1046.0 1458.0 1049.0 1451.0 1007.0 1468.0 1004.0 ship 0
1452.0 1047.0 1439.0 1049.0 1433.0 1011.0 1448.0 1008.0 ship 0
1436.0 1053.0 1423.0 1056.0 1415.0 1016.0 1429.0 1013.0 ship 0
1387.0 1136.0 1369.0 1139.0 1357.0 1079.0 1376.0 1075.0 ship 0
1331.0 1080.0 1346.0 1077.0 1355.0 1121.0 1339.0 1124.0 ship 0
1333.0 1128.0 1317.0 1132.0 1308.0 1086.0 1325.0 1082.0 ship 0
1400.0 1061.0 1385.0 1064.0 1377.0 1023.0 1392.0 1020.0 ship 0
1361.0 1066.0 1345.0 1068.0 1336.0 1028.0 1352.0 1025.0 ship 0
1365.0 1316.0 1387.0 1324.0 1364.0 1403.0 1342.0 1396.0 ship 0
1310.0 1388.0 1288.0 1379.0 1313.0 1305.0 1337.0 1315.0 ship 0
1280.0 1378.0 1260.0 1371.0 1284.0 1296.0 1308.0 1305.0 ship 0
1253.0 1362.0 1233.0 1353.0 1254.0 1288.0 1276.0 1297.0 ship 0
1224.0 1355.0 1207.0 1347.0 1229.0 1280.0 1249.0 1287.0 ship 0
2274.0 1391.0 2288.0 1399.0 2269.0 1435.0 2256.0 1427.0 ship 0
2331.0 1337.0 2340.0 1347.0 2315.0 1370.0 2306.0 1359.0 ship 0
2302.0 1358.0 2295.0 1349.0 2320.0 1327.0 2327.0 1338.0 ship 0
2282.0 1345.0 2275.0 1332.0 2305.0 1313.0 2312.0 1325.0 ship 0
2327.0 1322.0 2317.0 1307.0 2355.0 1276.0 2364.0 1294.0 ship 0
2264.0 1251.0 2270.0 1263.0 2244.0 1284.0 2237.0 1272.0 ship 0
2258.0 1240.0 2263.0 1250.0 2236.0 1265.0 2230.0 1256.0 ship 0
2124.0 1229.0 2135.0 1222.0 2156.0 1248.0 2146.0 1256.0 ship 0
2157.0 1131.0 2168.0 1122.0 2193.0 1155.0 2182.0 1166.0 ship 0
2177.0 1172.0 2167.0 1178.0 2144.0 1145.0 2154.0 1137.0 ship 0
2161.0 1184.0 2150.0 1193.0 2126.0 1160.0 2138.0 1151.0 ship 0
2145.0 1196.0 2134.0 1205.0 2105.0 1170.0 2118.0 1159.0 ship 0
2112.0 1222.0 2100.0 1231.0 2074.0 1195.0 2086.0 1185.0 ship 0
2077.0 1245.0 2064.0 1253.0 2036.0 1214.0 2050.0 1205.0 ship 0
2785.0 1481.0 2797.0 1492.0 2772.0 1524.0 2759.0 1513.0 ship 0
2786.0 1539.0 2775.0 1532.0 2798.0 1497.0 2810.0 1506.0 ship 0
2803.0 1549.0 2792.0 1540.0 2816.0 1505.0 2829.0 1516.0 ship 0
2817.0 1563.0 2803.0 1552.0 2840.0 1500.0 2855.0 1512.0 ship 0
2846.0 1944.0 2857.0 1928.0 2905.0 1966.0 2895.0 1980.0 ship 0
2883.0 1835.0 2899.0 1847.0 2853.0 1903.0 2839.0 1891.0 ship 0
2908.0 1789.0 2918.0 1799.0 2894.0 1825.0 2884.0 1816.0 ship 0
2862.0 1821.0 2878.0 1834.0 2836.0 1893.0 2819.0 1876.0 ship 0
2798.0 1887.0 2782.0 1873.0 2832.0 1812.0 2849.0 1825.0 ship 0
2856.0 1816.0 2843.0 1806.0 2873.0 1765.0 2887.0 1777.0 ship 0
2852.0 1746.0 2867.0 1759.0 2837.0 1799.0 2823.0 1788.0 ship 0
2810.0 1805.0 2824.0 1817.0 2786.0 1865.0 2773.0 1855.0 ship 0
2794.0 1782.0 2808.0 1793.0 2770.0 1845.0 2754.0 1832.0 ship 0
2817.0 1788.0 2803.0 1776.0 2832.0 1734.0 2848.0 1746.0 ship 0
2820.0 1715.0 2832.0 1724.0 2801.0 1769.0 2787.0 1758.0 ship 0
2778.0 1768.0 2790.0 1779.0 2750.0 1829.0 2739.0 1818.0 ship 0
2756.0 1749.0 2772.0 1762.0 2725.0 1820.0 2710.0 1806.0 ship 0
2803.0 1700.0 2814.0 1710.0 2779.0 1756.0 2767.0 1748.0 ship 0
2758.0 1736.0 2746.0 1726.0 2776.0 1686.0 2788.0 1694.0 ship 0
2758.0 1673.0 2772.0 1683.0 2743.0 1720.0 2730.0 1710.0 ship 0
2737.0 1734.0 2750.0 1745.0 2708.0 1797.0 2696.0 1787.0 ship 0
2717.0 1722.0 2730.0 1733.0 2690.0 1781.0 2678.0 1771.0 ship 0
2695.0 1704.0 2710.0 1714.0 2675.0 1765.0 2659.0 1753.0 ship 0
2703.0 1694.0 2692.0 1682.0 2717.0 1652.0 2728.0 1662.0 ship 0
2718.0 1708.0 2707.0 1699.0 2736.0 1658.0 2748.0 1668.0 ship 0
2660.0 1675.0 2671.0 1684.0 2632.0 1737.0 2620.0 1726.0 ship 0
2614.0 1723.0 2600.0 1709.0 2638.0 1663.0 2652.0 1675.0 ship 0
2596.0 1699.0 2583.0 1687.0 2620.0 1643.0 2635.0 1655.0 ship 0
2650.0 1581.0 2664.0 1592.0 2632.0 1633.0 2618.0 1622.0 ship 0
2608.0 1622.0 2596.0 1611.0 2627.0 1573.0 2639.0 1584.0 ship 0
2592.0 1609.0 2580.0 1599.0 2613.0 1555.0 2625.0 1566.0 ship 0
2853.0 1918.0 2866.0 1901.0 2934.0 1950.0 2920.0 1969.0 ship 0
2933.0 1926.0 2923.0 1940.0 2879.0 1902.0 2891.0 1887.0 ship 0
2890.0 1876.0 2902.0 1863.0 2962.0 1911.0 2951.0 1928.0 ship 0
2928.0 1650.0 2915.0 1639.0 2946.0 1601.0 2958.0 1611.0 ship 0
2769.0 1599.0 2757.0 1590.0 2780.0 1554.0 2793.0 1564.0 ship 0
2784.0 1611.0 2772.0 1602.0 2796.0 1568.0 2809.0 1577.0 ship 0
2802.0 1624.0 2792.0 1616.0 2814.0 1585.0 2824.0 1593.0 ship 0
2860.0 1519.0 2873.0 1529.0 2838.0 1576.0 2825.0 1564.0 ship 0
2831.0 1588.0 2846.0 1598.0 2821.0 1638.0 2807.0 1628.0 ship 0
2877.0 1534.0 2892.0 1546.0 2857.0 1589.0 2842.0 1576.0 ship 0
2875.0 1606.0 2861.0 1595.0 2894.0 1553.0 2907.0 1564.0 ship 0
2839.0 1648.0 2829.0 1639.0 2852.0 1609.0 2862.0 1618.0 ship 0
2870.0 1616.0 2881.0 1628.0 2852.0 1665.0 2840.0 1656.0 ship 0
2867.0 1682.0 2852.0 1671.0 2883.0 1628.0 2896.0 1640.0 ship 0
2911.0 1561.0 2927.0 1575.0 2889.0 1620.0 2876.0 1608.0 ship 0
2910.0 1636.0 2896.0 1624.0 2932.0 1574.0 2948.0 1588.0 ship 0
2949.0 1663.0 2939.0 1655.0 2965.0 1619.0 2975.0 1627.0 ship 0
2917.0 1860.0 2927.0 1848.0 2967.0 1882.0 2957.0 1896.0 ship 0
2980.0 1631.0 2991.0 1641.0 2965.0 1673.0 2953.0 1662.0 ship 0
2976.0 1684.0 2967.0 1675.0 2993.0 1642.0 3003.0 1652.0 ship 0
3016.0 1705.0 3008.0 1698.0 3032.0 1666.0 3040.0 1673.0 ship 0
2942.0 1726.0 2933.0 1716.0 2958.0 1687.0 2968.0 1697.0 ship 0
2974.0 1697.0 2984.0 1706.0 2957.0 1737.0 2949.0 1726.0 ship 0
2991.0 1715.0 3000.0 1723.0 2978.0 1750.0 2969.0 1742.0 ship 0
2936.0 1673.0 2946.0 1682.0 2921.0 1712.0 2911.0 1701.0 ship 0
2919.0 1658.0 2932.0 1668.0 2906.0 1704.0 2893.0 1694.0 ship 0
3046.0 1785.0 3036.0 1800.0 2988.0 1760.0 3001.0 1745.0 ship 0
3022.0 1717.0 3034.0 1704.0 3073.0 1737.0 3062.0 1752.0 ship 0
2991.0 1785.0 2999.0 1776.0 3023.0 1796.0 3016.0 1804.0 ship 0
2993.0 1866.0 2981.0 1883.0 2926.0 1840.0 2940.0 1823.0 ship 0
1494.0 1045.0 1480.0 1048.0 1472.0 1003.0 1488.0 1000.0 ship 0
1505.0 1055.0 1523.0 1051.0 1531.0 1101.0 1515.0 1105.0 ship 0
2559.0 1669.0 2548.0 1656.0 2577.0 1619.0 2590.0 1631.0 ship 0
367.0 706.0 350.0 700.0 364.0 657.0 381.0 662.0 ship 0
476.0 746.0 461.0 742.0 473.0 703.0 488.0 708.0 ship 0
376.0 772.0 362.0 767.0 375.0 723.0 389.0 727.0 ship 0
199.0 993.0 185.0 988.0 199.0 945.0 214.0 951.0 ship 0
230.0 930.0 255.0 936.0 232.0 1014.0 208.0 1007.0 ship 0
255.0 1020.0 240.0 1015.0 253.0 971.0 268.0 975.0 ship 0
284.0 960.0 308.0 967.0 284.0 1034.0 264.0 1026.0 ship 0
311.0 978.0 331.0 984.0 312.0 1045.0 290.0 1038.0 ship 0
341.0 977.0 364.0 983.0 342.0 1051.0 320.0 1043.0 ship 0
363.0 1068.0 345.0 1061.0 363.0 1005.0 381.0 1011.0 ship 0
393.0 1078.0 373.0 1071.0 393.0 1010.0 412.0 1016.0 ship 0
421.0 1012.0 443.0 1019.0 422.0 1083.0 402.0 1078.0 ship 0
454.0 1018.0 476.0 1025.0 455.0 1087.0 433.0 1079.0 ship 0
478.0 1108.0 457.0 1101.0 480.0 1026.0 504.0 1033.0 ship 0
506.0 1048.0 526.0 1055.0 506.0 1114.0 485.0 1107.0 ship 0
560.0 1130.0 540.0 1120.0 564.0 1055.0 585.0 1062.0 ship 0
586.0 1143.0 565.0 1135.0 588.0 1064.0 607.0 1069.0 ship 0
619.0 1068.0 644.0 1076.0 620.0 1148.0 597.0 1139.0 ship 0
676.0 1080.0 699.0 1087.0 677.0 1158.0 652.0 1151.0 ship 0
806.0 1211.0 788.0 1203.0 810.0 1141.0 829.0 1149.0 ship 0
837.0 1164.0 858.0 1174.0 839.0 1223.0 818.0 1215.0 ship 0
865.0 1232.0 845.0 1224.0 866.0 1159.0 887.0 1167.0 ship 0
897.0 1241.0 876.0 1235.0 894.0 1165.0 917.0 1171.0 ship 0
924.0 1171.0 944.0 1178.0 920.0 1246.0 901.0 1237.0 ship 0
977.0 1193.0 996.0 1200.0 977.0 1257.0 959.0 1249.0 ship 0
1064.0 1231.0 1083.0 1239.0 1059.0 1298.0 1041.0 1290.0 ship 0
1098.0 1216.0 1122.0 1223.0 1089.0 1308.0 1066.0 1297.0 ship 0
1140.0 1327.0 1120.0 1319.0 1139.0 1255.0 1161.0 1263.0 ship 0
417.0 723.0 406.0 718.0 421.0 680.0 432.0 685.0 ship 0
325.0 690.0 311.0 682.0 331.0 641.0 346.0 648.0 ship 0
1507.0 992.0 1521.0 990.0 1529.0 1037.0 1516.0 1039.0 ship 0
287.0 745.0 270.0 739.0 288.0 686.0 303.0 692.0 ship 0
508.0 548.0 480.0 634.0 199.0 538.0 226.0 451.0 harbor 0
478.0 696.0 444.0 799.0 134.0 690.0 173.0 591.0 harbor 0
607.0 509.0 636.0 431.0 950.0 542.0 923.0 626.0 harbor 0
541.0 681.0 582.0 572.0 904.0 687.0 862.0 801.0 harbor 0
543.0 827.0 566.0 767.0 839.0 864.0 819.0 927.0 harbor 0
1252.0 654.0 1222.0 736.0 937.0 632.0 969.0 546.0 harbor 0
1152.0 786.0 1118.0 887.0 878.0 793.0 913.0 699.0 harbor 0
1130.0 972.0 1107.0 1033.0 836.0 933.0 856.0 871.0 harbor 0
1301.0 791.0 1289.0 738.0 1554.0 691.0 1563.0 737.0 harbor 0
1223.0 1011.0 1203.0 882.0 1617.0 812.0 1642.0 931.0 harbor 0
1335.0 1144.0 1316.0 1029.0 1653.0 973.0 1671.0 1087.0 harbor 0
732.0 1389.0 771.0 1299.0 1187.0 1444.0 1156.0 1547.0 ship 0
163.0 1005.0 187.0 936.0 749.0 1118.0 726.0 1197.0 harbor 0
1404.0 1348.0 1379.0 1420.0 735.0 1197.0 763.0 1122.0 harbor 0
2101.0 1803.0 2051.0 1865.0 1619.0 1553.0 1673.0 1487.0 ship 0
2325.0 1407.0 2262.0 1519.0 1658.0 1160.0 1722.0 1052.0 harbor 0
2034.0 1293.0 1997.0 1234.0 2162.0 1114.0 2204.0 1168.0 harbor 0
1728.0 811.0 1825.0 796.0 1855.0 949.0 1752.0 968.0 harbor 0
2577.0 1454.0 2652.0 1373.0 3041.0 1674.0 2976.0 1756.0 harbor 0
2376.0 1539.0 2453.0 1436.0 2932.0 1805.0 2848.0 1909.0 harbor 0
2910.0 1967.0 2843.0 1914.0 3054.0 1656.0 3109.0 1699.0 harbor 0
3134.0 1698.0 3031.0 1621.0 3231.0 1359.0 3330.0 1440.0 harbor 0
3341.0 1727.0 3369.0 1759.0 3154.0 1983.0 3098.0 1984.0 harbor 1
110.0 190.0 148.0 193.0 121.0 425.0 84.0 421.0 ship 0
166.0 971.0 153.0 1004.0 25.0 957.0 38.0 925.0 ship 0
169.0 719.0 149.0 712.0 172.0 649.0 191.0 656.0 ship 0
196.0 660.0 212.0 666.0 198.0 712.0 181.0 707.0 ship 0
1194.0 1348.0 1175.0 1341.0 1196.0 1285.0 1213.0 1293.0 ship 0
345.0 374.0 333.0 369.0 348.0 330.0 360.0 335.0 ship 0
367.0 382.0 352.0 375.0 367.0 333.0 381.0 338.0 ship 0
270.0 346.0 256.0 340.0 269.0 301.0 283.0 307.0 ship 0
858.0 961.0 865.0 945.0 917.0 964.0 910.0 981.0 ship 0
894.0 945.0 877.0 939.0 894.0 891.0 911.0 898.0 ship 0
852.0 863.0 872.0 871.0 852.0 929.0 831.0 921.0 ship 0
1221.0 1022.0 1198.0 1025.0 1191.0 952.0 1213.0 951.0 ship 0
1270.0 998.0 1256.0 1002.0 1243.0 952.0 1258.0 949.0 ship 0
1292.0 994.0 1275.0 998.0 1266.0 947.0 1283.0 944.0 ship 0
1210.0 938.0 1190.0 940.0 1183.0 887.0 1202.0 884.0 ship 0
1209.0 892.0 1227.0 890.0 1234.0 941.0 1217.0 944.0 ship 0
1262.0 936.0 1243.0 940.0 1234.0 885.0 1251.0 883.0 ship 0
1284.0 933.0 1269.0 937.0 1258.0 880.0 1275.0 876.0 ship 0
1310.0 929.0 1295.0 932.0 1284.0 877.0 1300.0 874.0 ship 0
1328.0 922.0 1316.0 924.0 1306.0 874.0 1321.0 871.0 ship 0
1819.0 1255.0 1805.0 1247.0 1835.0 1192.0 1851.0 1202.0 ship 0
1890.0 1152.0 1904.0 1162.0 1877.0 1207.0 1863.0 1198.0 ship 0
1796.0 1240.0 1782.0 1231.0 1812.0 1180.0 1827.0 1190.0 ship 0
1812.0 1167.0 1800.0 1159.0 1822.0 1120.0 1835.0 1128.0 ship 0
1793.0 1158.0 1782.0 1150.0 1804.0 1113.0 1815.0 1120.0 ship 0
1778.0 1148.0 1769.0 1141.0 1784.0 1117.0 1794.0 1124.0 ship 0
1770.0 1152.0 1787.0 1163.0 1756.0 1210.0 1741.0 1200.0 ship 0
1746.0 1146.0 1760.0 1155.0 1736.0 1198.0 1721.0 1189.0 ship 0
1703.0 1117.0 1714.0 1124.0 1696.0 1159.0 1685.0 1152.0 ship 0
1680.0 1147.0 1669.0 1141.0 1685.0 1109.0 1697.0 1116.0 ship 0
1610.0 1055.0 1608.0 1034.0 1675.0 1022.0 1678.0 1043.0 ship 0
1579.0 1039.0 1596.0 1037.0 1606.0 1096.0 1589.0 1098.0 ship 0
1555.0 1040.0 1572.0 1037.0 1582.0 1092.0 1564.0 1096.0 ship 0
1582.0 1027.0 1567.0 1029.0 1559.0 985.0 1575.0 983.0 ship 0
1563.0 1027.0 1552.0 1029.0 1546.0 994.0 1559.0 992.0 ship 0
938.0 962.0 922.0 955.0 939.0 907.0 956.0 915.0 ship 0
986.0 979.0 969.0 974.0 986.0 921.0 1003.0 928.0 ship 0
1010.0 988.0 997.0 982.0 1013.0 934.0 1027.0 939.0 ship 0
513.0 445.0 525.0 449.0 515.0 485.0 503.0 481.0 ship 0
235.0 299.0 259.0 307.0 237.0 376.0 212.0 366.0 ship 0
328.0 381.0 340.0 386.0 331.0 418.0 318.0 413.0 ship 0
366.0 394.0 378.0 399.0 368.0 434.0 356.0 428.0 ship 0
402.0 408.0 415.0 413.0 405.0 446.0 392.0 441.0 ship 0
386.0 341.0 402.0 346.0 388.0 385.0 373.0 379.0 ship 0
407.0 386.0 395.0 382.0 404.0 353.0 415.0 357.0 ship 0
477.0 422.0 463.0 415.0 477.0 374.0 492.0 380.0 ship 0
498.0 423.0 486.0 418.0 498.0 382.0 510.0 387.0 ship 0
441.0 422.0 454.0 427.0 446.0 453.0 432.0 447.0 ship 0
462.0 469.0 451.0 465.0 462.0 428.0 474.0 433.0 ship 0
478.0 436.0 489.0 440.0 478.0 474.0 466.0 470.0 ship 0
498.0 441.0 510.0 445.0 499.0 477.0 486.0 473.0 ship 0
534.0 453.0 548.0 457.0 537.0 492.0 523.0 488.0 ship 0
1004.0 996.0 997.0 1019.0 935.0 995.0 943.0 974.0 ship 0
487.0 581.0 475.0 575.0 485.0 541.0 499.0 546.0 ship 0
452.0 574.0 439.0 569.0 454.0 524.0 469.0 530.0 ship 0
493.0 645.0 477.0 638.0 494.0 591.0 510.0 597.0 ship 0
471.0 587.0 487.0 591.0 473.0 635.0 459.0 630.0 ship 0
434.0 577.0 449.0 582.0 436.0 622.0 422.0 617.0 ship 0
395.0 555.0 382.0 551.0 393.0 511.0 406.0 515.0 ship 0
377.0 546.0 363.0 541.0 376.0 500.0 391.0 506.0 ship 0
339.0 530.0 326.0 525.0 343.0 486.0 357.0 492.0 ship 0
304.0 520.0 290.0 515.0 304.0 473.0 319.0 479.0 ship 0
250.0 510.0 262.0 515.0 250.0 554.0 237.0 548.0 ship 0
228.0 555.0 214.0 548.0 232.0 507.0 245.0 512.0 ship 0
184.0 524.0 165.0 517.0 189.0 458.0 207.0 467.0 ship 0
2573.0 1693.0 2560.0 1683.0 2594.0 1633.0 2609.0 1645.0 ship 0
2562.0 1596.0 2577.0 1610.0 2537.0 1659.0 2524.0 1643.0 ship 0
1916.0 1569.0 1929.0 1582.0 1905.0 1598.0 1894.0 1586.0 ship 0
1042.0 359.0 1050.0 362.0 1039.0 382.0 1031.0 377.0 small-vehicle 0
1174.0 440.0 1164.0 436.0 1175.0 409.0 1184.0 413.0 small-vehicle 0
1010.0 341.0 1017.0 345.0 1004.0 364.0 996.0 360.0 small-vehicle 1
1030.0 350.0 1038.0 355.0 1027.0 377.0 1019.0 373.0 small-vehicle 1
1188.0 441.0 1180.0 438.0 1188.0 417.0 1196.0 419.0 small-vehicle 1
1199.0 445.0 1190.0 439.0 1202.0 416.0 1209.0 420.0 small-vehicle 1
1222.0 455.0 1211.0 452.0 1220.0 424.0 1231.0 429.0 large-vehicle 0
1441.0 273.0 1437.0 283.0 1416.0 274.0 1419.0 266.0 small-vehicle 1
1459.0 504.0 1467.0 508.0 1461.0 528.0 1452.0 527.0 small-vehicle 1
1375.0 487.0 1384.0 489.0 1377.0 509.0 1368.0 507.0 small-vehicle 1
1387.0 488.0 1397.0 492.0 1386.0 516.0 1376.0 512.0 small-vehicle 1
1574.0 521.0 1588.0 523.0 1583.0 544.0 1571.0 544.0 small-vehicle 1
1730.0 576.0 1719.0 573.0 1725.0 552.0 1736.0 553.0 small-vehicle 1
1742.0 581.0 1731.0 579.0 1737.0 555.0 1747.0 559.0 small-vehicle 1
1754.0 584.0 1744.0 580.0 1751.0 560.0 1761.0 564.0 small-vehicle 1
1776.0 595.0 1765.0 592.0 1773.0 565.0 1785.0 569.0 small-vehicle 1
2344.0 712.0 2333.0 709.0 2344.0 683.0 2355.0 688.0 small-vehicle 0
2426.0 750.0 2415.0 746.0 2427.0 718.0 2437.0 723.0 small-vehicle 0
2446.0 755.0 2435.0 749.0 2445.0 729.0 2454.0 735.0 small-vehicle 0
2477.0 770.0 2466.0 764.0 2477.0 743.0 2487.0 747.0 small-vehicle 0
2499.0 779.0 2490.0 775.0 2498.0 754.0 2508.0 758.0 small-vehicle 0
2529.0 790.0 2520.0 786.0 2530.0 765.0 2539.0 768.0 small-vehicle 0
2540.0 798.0 2530.0 794.0 2542.0 770.0 2552.0 775.0 small-vehicle 0
2577.0 724.0 2586.0 729.0 2575.0 750.0 2565.0 745.0 small-vehicle 0
2606.0 830.0 2614.0 835.0 2607.0 850.0 2597.0 846.0 small-vehicle 0
2815.0 889.0 2806.0 895.0 2789.0 877.0 2798.0 871.0 small-vehicle 0
2833.0 877.0 2826.0 882.0 2813.0 867.0 2820.0 861.0 small-vehicle 0
2844.0 872.0 2835.0 878.0 2819.0 862.0 2830.0 855.0 small-vehicle 0
1152.0 430.0 1142.0 426.0 1154.0 401.0 1163.0 405.0 small-vehicle 0
695.0 79.0 704.0 84.0 694.0 107.0 683.0 104.0 small-vehicle 0
951.0 597.0 966.0 603.0 951.0 644.0 936.0 637.0 ship 0
701.0 171.0 691.0 168.0 701.0 145.0 710.0 150.0 small-vehicle 0
1388.0 914.0 1368.0 918.0 1356.0 861.0 1377.0 857.0 ship 0
1416.0 906.0 1398.0 909.0 1388.0 851.0 1405.0 847.0 ship 0
1440.0 902.0 1423.0 904.0 1413.0 848.0 1430.0 846.0 ship 0
1437.0 913.0 1450.0 910.0 1459.0 950.0 1446.0 953.0 ship 0
1396.0 918.0 1413.0 915.0 1420.0 958.0 1406.0 961.0 ship 0
1379.0 926.0 1393.0 922.0 1401.0 962.0 1387.0 964.0 ship 0
1357.0 926.0 1371.0 923.0 1379.0 967.0 1365.0 970.0 ship 0
1338.0 933.0 1353.0 928.0 1361.0 970.0 1345.0 973.0 ship 0
1294.0 938.0 1310.0 935.0 1319.0 987.0 1303.0 989.0 ship 0
1477.0 907.0 1492.0 903.0 1499.0 942.0 1485.0 945.0 ship 0
1497.0 901.0 1512.0 898.0 1520.0 937.0 1505.0 941.0 ship 0
1517.0 899.0 1530.0 897.0 1537.0 935.0 1524.0 936.0 ship 0
1538.0 895.0 1553.0 892.0 1561.0 934.0 1545.0 936.0 ship 0
1576.0 888.0 1591.0 884.0 1600.0 928.0 1585.0 931.0 ship 0
1522.0 882.0 1506.0 884.0 1495.0 834.0 1514.0 831.0 ship 0
1544.0 821.0 1562.0 816.0 1574.0 874.0 1557.0 878.0 ship 0
1649.0 851.0 1638.0 852.0 1635.0 818.0 1646.0 817.0 ship 0
314.0 543.0 329.0 547.0 324.0 578.0 307.0 576.0 ship 0
207.0 380.0 231.0 389.0 217.0 448.0 191.0 439.0 ship 0
433.0 741.0 451.0 748.0 439.0 797.0 419.0 790.0 ship 0
568.0 827.0 548.0 822.0 567.0 774.0 586.0 781.0 ship 0
1213.0 957.0 1229.0 949.0 1246.0 1000.0 1223.0 1007.0 ship 0
1430.0 1067.0 1446.0 1065.0 1456.0 1117.0 1439.0 1122.0 ship 0
1873.0 1221.0 1891.0 1231.0 1864.0 1275.0 1846.0 1265.0 ship 0
1168.0 1248.0 1163.0 1261.0 1141.0 1250.0 1149.0 1239.0 ship 0
50.0 545.0 1.0 534.0 35.0 366.0 90.0 379.0 ship 0
658.0 179.0 655.0 169.0 679.0 160.0 684.0 170.0 small-vehicle 0
2831.0 851.0 2839.0 845.0 2851.0 863.0 2843.0 868.0 small-vehicle 0
2932.0 901.0 2939.0 909.0 2926.0 923.0 2917.0 916.0 small-vehicle 0
2630.0 1038.0 2604.0 1016.0 2647.0 963.0 2676.0 989.0 ship 0
2765.0 846.0 2773.0 856.0 2750.0 874.0 2743.0 864.0 ship 0
3327.0 1175.0 3326.0 1184.0 3308.0 1187.0 3306.0 1175.0 small-vehicle 1
3312.0 1162.0 3311.0 1172.0 3293.0 1174.0 3294.0 1162.0 small-vehicle 1
3282.0 1161.0 3282.0 1152.0 3300.0 1151.0 3300.0 1160.0 small-vehicle 1
3297.0 1088.0 3309.0 1090.0 3306.0 1119.0 3294.0 1118.0 small-vehicle 1
3313.0 1102.0 3323.0 1104.0 3322.0 1133.0 3310.0 1131.0 small-vehicle 1
3325.0 1117.0 3333.0 1119.0 3335.0 1140.0 3324.0 1142.0 small-vehicle 1
3336.0 1127.0 3345.0 1129.0 3348.0 1155.0 3336.0 1155.0 small-vehicle 1
3356.0 1146.0 3368.0 1150.0 3360.0 1175.0 3349.0 1170.0 small-vehicle 1
1678.0 967.0 1663.0 973.0 1654.0 944.0 1668.0 937.0 ship 0
1317.0 793.0 1319.0 780.0 1347.0 779.0 1346.0 793.0 ship 0
1720.0 1111.0 1709.0 1103.0 1725.0 1082.0 1737.0 1087.0 ship 0
1707.0 1078.0 1718.0 1083.0 1700.0 1111.0 1691.0 1106.0 ship 0
910.0 766.0 924.0 771.0 910.0 809.0 897.0 805.0 ship 0
886.0 763.0 899.0 766.0 889.0 805.0 875.0 802.0 ship 0
878.0 932.0 869.0 934.0 868.0 915.0 878.0 913.0 ship 0
973.0 933.0 980.0 942.0 971.0 953.0 962.0 946.0 ship 1
346.0 674.0 354.0 679.0 347.0 691.0 339.0 687.0 ship 1
531.0 1105.0 519.0 1102.0 525.0 1078.0 536.0 1079.0 ship 0
1778.0 1034.0 1768.0 969.0 2058.0 924.0 2066.0 988.0 harbor 0
2323.0 1355.0 2054.0 961.0 2413.0 757.0 2694.0 1085.0 harbor 0
2156.0 1761.0 2203.0 1708.0 2381.0 1869.0 2334.0 1920.0 ship 0
1753.0 1522.0 1742.0 1532.0 1720.0 1514.0 1731.0 1501.0 ship 0
1909.0 1566.0 1923.0 1551.0 2000.0 1631.0 1989.0 1642.0 ship 0
1916.0 1594.0 1925.0 1583.0 1992.0 1650.0 1980.0 1659.0 ship 0
1922.0 1616.0 1930.0 1610.0 1967.0 1647.0 1953.0 1658.0 ship 0
1897.0 1609.0 1911.0 1602.0 1946.0 1653.0 1934.0 1660.0 ship 0
1870.0 1625.0 1882.0 1609.0 1946.0 1664.0 1937.0 1676.0 ship 0
3341.0 1188.0 3341.0 1199.0 3318.0 1199.0 3318.0 1188.0 small-vehicle 1
3312.0 1188.0 3315.0 1199.0 3293.0 1199.0 3290.0 1189.0 small-vehicle 1
3341.0 1214.0 3342.0 1225.0 3319.0 1224.0 3317.0 1214.0 small-vehicle 1
3147.0 1128.0 3135.0 1125.0 3145.0 1102.0 3154.0 1105.0 small-vehicle 1
3006.0 1838.0 2991.0 1855.0 2939.0 1813.0 2954.0 1795.0 ship 0
3114.0 1700.0 3106.0 1712.0 3055.0 1676.0 3068.0 1661.0 ship 0
2678.0 1689.0 2692.0 1704.0 2654.0 1748.0 2640.0 1735.0 ship 0
3114.0 1064.0 3124.0 1059.0 3138.0 1078.0 3131.0 1085.0 small-vehicle 1
3139.0 1043.0 3147.0 1035.0 3165.0 1052.0 3157.0 1060.0 small-vehicle 1
3149.0 1036.0 3157.0 1029.0 3172.0 1045.0 3166.0 1053.0 small-vehicle 1
3181.0 1040.0 3173.0 1047.0 3157.0 1029.0 3162.0 1020.0 small-vehicle 1
3189.0 1029.0 3182.0 1037.0 3166.0 1022.0 3171.0 1015.0 small-vehicle 1
3246.0 1040.0 3245.0 1030.0 3264.0 1026.0 3265.0 1038.0 small-vehicle 1
3373.0 988.0 3361.0 996.0 3349.0 971.0 3361.0 965.0 small-vehicle 1
3249.0 1050.0 3259.0 1050.0 3257.0 1078.0 3248.0 1077.0 small-vehicle 1
3211.0 1088.0 3212.0 1100.0 3182.0 1100.0 3183.0 1089.0 small-vehicle 1
3179.0 1154.0 3170.0 1150.0 3176.0 1128.0 3186.0 1130.0 small-vehicle 1
3401.0 1275.0 3394.0 1280.0 3378.0 1265.0 3383.0 1258.0 small-vehicle 1
3234.0 1114.0 3233.0 1122.0 3212.0 1123.0 3211.0 1115.0 small-vehicle 1
3227.0 1114.0 3226.0 1103.0 3248.0 1102.0 3248.0 1112.0 small-vehicle 1
3279.0 1124.0 3280.0 1133.0 3258.0 1135.0 3257.0 1126.0 small-vehicle 1
3287.0 1138.0 3287.0 1146.0 3269.0 1148.0 3267.0 1138.0 small-vehicle 1
3272.0 1150.0 3273.0 1160.0 3249.0 1161.0 3248.0 1148.0 small-vehicle 1
3224.0 1194.0 3214.0 1190.0 3220.0 1168.0 3230.0 1171.0 small-vehicle 1
3236.0 1205.0 3226.0 1205.0 3230.0 1178.0 3239.0 1180.0 small-vehicle 1
3309.0 1277.0 3299.0 1275.0 3305.0 1245.0 3315.0 1247.0 small-vehicle 1
3321.0 1280.0 3311.0 1277.0 3318.0 1256.0 3328.0 1260.0 small-vehicle 1
3377.0 1303.0 3371.0 1310.0 3351.0 1293.0 3358.0 1285.0 small-vehicle 1
3384.0 1291.0 3377.0 1300.0 3360.0 1286.0 3367.0 1278.0 small-vehicle 1
3391.0 1283.0 3385.0 1290.0 3370.0 1277.0 3375.0 1267.0 small-vehicle 1
1361.0 919.0 1342.0 923.0 1332.0 865.0 1352.0 862.0 ship 0
982.0 604.0 994.0 609.0 979.0 651.0 966.0 646.0 ship 0
2539.0 1583.0 2556.0 1595.0 2519.0 1648.0 2502.0 1634.0 ship 0
3093.0 1627.0 3105.0 1611.0 3161.0 1656.0 3150.0 1672.0 ship 0
3029.0 1624.0 3036.0 1614.0 3064.0 1638.0 3057.0 1647.0 ship 0
3046.0 1592.0 3056.0 1580.0 3089.0 1609.0 3079.0 1621.0 ship 0
3101.0 1601.0 3092.0 1611.0 3066.0 1578.0 3076.0 1571.0 ship 0
638.0 476.0 623.0 471.0 640.0 428.0 655.0 434.0 ship 0
674.0 489.0 662.0 485.0 674.0 447.0 687.0 452.0 ship 0
694.0 493.0 681.0 488.0 693.0 452.0 706.0 456.0 ship 0
714.0 495.0 699.0 490.0 712.0 453.0 726.0 458.0 ship 0
732.0 503.0 720.0 498.0 730.0 467.0 742.0 471.0 ship 0
750.0 508.0 736.0 503.0 748.0 466.0 762.0 471.0 ship 0
765.0 477.0 778.0 482.0 765.0 517.0 754.0 513.0 ship 0
784.0 480.0 796.0 485.0 783.0 522.0 771.0 517.0 ship 0
802.0 528.0 789.0 523.0 801.0 485.0 815.0 490.0 ship 0
818.0 534.0 807.0 529.0 819.0 493.0 832.0 498.0 ship 0
837.0 544.0 824.0 538.0 837.0 499.0 850.0 505.0 ship 0
747.0 522.0 762.0 527.0 748.0 565.0 733.0 559.0 ship 0
729.0 514.0 743.0 519.0 730.0 554.0 718.0 549.0 ship 0
715.0 510.0 726.0 514.0 714.0 549.0 703.0 545.0 ship 0
695.0 504.0 706.0 508.0 696.0 541.0 684.0 538.0 ship 0
644.0 487.0 655.0 491.0 643.0 526.0 631.0 521.0 ship 0
604.0 469.0 620.0 475.0 603.0 517.0 587.0 508.0 ship 0
785.0 533.0 799.0 538.0 784.0 574.0 769.0 567.0 ship 0
800.0 543.0 812.0 546.0 802.0 581.0 790.0 577.0 ship 0
838.0 553.0 851.0 558.0 841.0 592.0 826.0 586.0 ship 0
854.0 550.0 842.0 546.0 853.0 517.0 865.0 522.0 ship 0
873.0 556.0 859.0 551.0 871.0 515.0 886.0 520.0 ship 0
890.0 521.0 901.0 525.0 888.0 560.0 877.0 556.0 ship 0
906.0 570.0 893.0 566.0 906.0 527.0 919.0 532.0 ship 0
3077.0 1648.0 3089.0 1634.0 3138.0 1675.0 3124.0 1689.0 ship 0
3113.0 1582.0 3108.0 1592.0 3077.0 1571.0 3083.0 1561.0 ship 0
999.0 613.0 1013.0 618.0 999.0 655.0 986.0 649.0 ship 0
3124.0 1570.0 3116.0 1580.0 3086.0 1554.0 3095.0 1544.0 ship 0
2548.0 1577.0 2538.0 1567.0 2569.0 1529.0 2579.0 1539.0 ship 0
2502.0 1559.0 2518.0 1571.0 2483.0 1621.0 2467.0 1609.0 ship 0
2534.0 1557.0 2522.0 1545.0 2553.0 1508.0 2565.0 1519.0 ship 0
2526.0 1506.0 2537.0 1514.0 2520.0 1543.0 2508.0 1536.0 ship 0
2498.0 1535.0 2487.0 1524.0 2517.0 1486.0 2529.0 1495.0 ship 0
2501.0 1464.0 2515.0 1475.0 2484.0 1519.0 2469.0 1508.0 ship 0
2486.0 1539.0 2501.0 1551.0 2464.0 1601.0 2449.0 1589.0 ship 0
2462.0 1524.0 2478.0 1535.0 2439.0 1595.0 2424.0 1583.0 ship 0
2441.0 1511.0 2458.0 1524.0 2421.0 1572.0 2406.0 1558.0 ship 0
2448.0 1498.0 2435.0 1487.0 2463.0 1453.0 2476.0 1465.0 ship 0
2379.0 1540.0 2361.0 1524.0 2406.0 1466.0 2423.0 1482.0 ship 0
2430.0 1868.0 2437.0 1854.0 2484.0 1884.0 2476.0 1898.0 ship 0
2401.0 1875.0 2413.0 1858.0 2480.0 1905.0 2468.0 1924.0 ship 0
2319.0 1813.0 2332.0 1797.0 2381.0 1842.0 2368.0 1856.0 ship 0
2316.0 1782.0 2332.0 1763.0 2415.0 1834.0 2398.0 1855.0 ship 0
2020.0 1115.0 2002.0 1095.0 2091.0 1020.0 2109.0 1043.0 harbor 0
2097.0 910.0 2111.0 926.0 2062.0 967.0 2050.0 951.0 ship 0
2116.0 1590.0 2144.0 1618.0 2014.0 1739.0 1989.0 1708.0 ship 0
1707.0 1488.0 1695.0 1536.0 1498.0 1465.0 1517.0 1417.0 ship 0
1634.0 1507.0 1625.0 1566.0 1345.0 1500.0 1360.0 1447.0 ship 0
3200.0 1510.0 3206.0 1500.0 3232.0 1522.0 3224.0 1532.0 ship 0
3172.0 1541.0 3179.0 1530.0 3214.0 1557.0 3205.0 1568.0 ship 0
3128.0 1510.0 3137.0 1501.0 3160.0 1527.0 3152.0 1534.0 ship 0
3126.0 1583.0 3137.0 1568.0 3186.0 1608.0 3173.0 1624.0 ship 0
3174.0 1632.0 3161.0 1649.0 3114.0 1610.0 3126.0 1593.0 ship 0
3112.0 1531.0 3120.0 1521.0 3142.0 1538.0 3134.0 1549.0 ship 0
3137.0 1557.0 3128.0 1568.0 3092.0 1537.0 3101.0 1525.0 ship 0
921.0 574.0 910.0 568.0 926.0 535.0 937.0 540.0 ship 0
793.0 709.0 776.0 702.0 796.0 651.0 813.0 658.0 ship 0
818.0 726.0 834.0 733.0 818.0 784.0 800.0 776.0 ship 0
769.0 774.0 750.0 767.0 772.0 710.0 790.0 716.0 ship 0
1127.0 780.0 1143.0 786.0 1128.0 829.0 1111.0 823.0 ship 0
1148.0 787.0 1162.0 791.0 1150.0 835.0 1134.0 829.0 ship 0
1130.0 887.0 1116.0 882.0 1129.0 840.0 1144.0 846.0 ship 0
1108.0 832.0 1124.0 838.0 1110.0 879.0 1095.0 874.0 ship 0
1086.0 826.0 1102.0 833.0 1087.0 875.0 1072.0 868.0 ship 0
1068.0 820.0 1082.0 824.0 1066.0 867.0 1052.0 861.0 ship 0
1046.0 813.0 1060.0 818.0 1046.0 859.0 1033.0 853.0 ship 0
1449.0 752.0 1435.0 755.0 1426.0 716.0 1440.0 713.0 ship 0
1372.0 767.0 1356.0 770.0 1348.0 730.0 1364.0 725.0 ship 0
1355.0 770.0 1339.0 773.0 1332.0 731.0 1349.0 728.0 ship 0
1335.0 772.0 1318.0 775.0 1310.0 732.0 1327.0 728.0 ship 0
1280.0 757.0 1292.0 754.0 1300.0 788.0 1287.0 791.0 ship 0
1530.0 752.0 1528.0 742.0 1553.0 736.0 1556.0 747.0 ship 0
1233.0 690.0 1248.0 695.0 1233.0 741.0 1217.0 736.0 ship 0
1193.0 687.0 1205.0 691.0 1194.0 726.0 1181.0 721.0 ship 0
1178.0 677.0 1192.0 682.0 1178.0 720.0 1164.0 714.0 ship 0
1162.0 667.0 1176.0 673.0 1160.0 714.0 1145.0 707.0 ship 0
1176.0 668.0 1162.0 663.0 1178.0 621.0 1194.0 628.0 ship 0
1145.0 600.0 1161.0 605.0 1144.0 647.0 1130.0 640.0 ship 0
1124.0 658.0 1138.0 664.0 1123.0 703.0 1109.0 698.0 ship 0
1105.0 642.0 1091.0 637.0 1105.0 594.0 1121.0 600.0 ship 0
1085.0 637.0 1072.0 631.0 1086.0 591.0 1101.0 597.0 ship 0
1068.0 627.0 1054.0 623.0 1070.0 581.0 1083.0 586.0 ship 0
1017.0 608.0 1003.0 604.0 1016.0 565.0 1030.0 571.0 ship 0
1069.0 685.0 1053.0 678.0 1067.0 638.0 1083.0 643.0 ship 0
1033.0 622.0 1048.0 627.0 1035.0 668.0 1019.0 662.0 ship 0
1016.0 620.0 1031.0 625.0 1016.0 669.0 1000.0 663.0 ship 0
1085.0 816.0 1070.0 810.0 1085.0 765.0 1102.0 770.0 ship 0
1026.0 858.0 1011.0 852.0 1026.0 807.0 1042.0 812.0 ship 0
928.0 768.0 942.0 772.0 929.0 818.0 913.0 812.0 ship 0
725.0 913.0 731.0 895.0 790.0 918.0 782.0 936.0 ship 0
749.0 705.0 763.0 711.0 750.0 754.0 734.0 749.0 ship 0
769.0 700.0 755.0 695.0 771.0 645.0 786.0 651.0 ship 0
722.0 684.0 707.0 678.0 726.0 628.0 740.0 634.0 ship 0
681.0 733.0 664.0 726.0 681.0 681.0 698.0 686.0 ship 0
678.0 665.0 661.0 660.0 678.0 613.0 695.0 620.0 ship 0
608.0 711.0 594.0 706.0 613.0 652.0 627.0 657.0 ship 0
562.0 693.0 548.0 687.0 567.0 638.0 581.0 644.0 ship 0
632.0 653.0 616.0 647.0 634.0 593.0 649.0 598.0 ship 0
543.0 627.0 561.0 634.0 543.0 684.0 524.0 675.0 ship 0
637.0 856.0 621.0 850.0 640.0 801.0 654.0 808.0 ship 0
550.0 852.0 557.0 834.0 624.0 860.0 617.0 879.0 ship 0
656.0 892.0 664.0 874.0 722.0 896.0 715.0 913.0 ship 0
796.0 909.0 781.0 903.0 799.0 855.0 812.0 861.0 ship 0
950.0 821.0 933.0 815.0 945.0 776.0 962.0 781.0 ship 0
777.0 901.0 763.0 897.0 778.0 850.0 793.0 855.0 ship 0
751.0 893.0 737.0 888.0 755.0 837.0 770.0 842.0 ship 0
729.0 884.0 714.0 879.0 731.0 833.0 747.0 839.0 ship 0
702.0 875.0 689.0 870.0 705.0 822.0 717.0 827.0 ship 0
684.0 869.0 666.0 863.0 683.0 816.0 700.0 821.0 ship 0
945.0 764.0 932.0 758.0 948.0 716.0 961.0 721.0 ship 0
969.0 717.0 984.0 722.0 968.0 766.0 954.0 760.0 ship 0
988.0 729.0 1001.0 734.0 988.0 776.0 974.0 770.0 ship 0
1007.0 786.0 992.0 781.0 1008.0 733.0 1022.0 739.0 ship 0
1026.0 744.0 1041.0 749.0 1027.0 793.0 1012.0 788.0 ship 0
1048.0 799.0 1033.0 793.0 1046.0 752.0 1062.0 757.0 ship 0
967.0 781.0 983.0 788.0 967.0 833.0 950.0 827.0 ship 0
245.0 393.0 273.0 304.0 566.0 404.0 541.0 496.0 harbor 0
