imagesource:GoogleEarth
gsd:0.239489605204
1410.0 456.0 1420.0 455.0 1424.0 476.0 1416.0 477.0 small-vehicle 1
544.0 841.0 531.0 856.0 480.0 804.0 493.0 791.0 ship 0
647.0 733.0 633.0 746.0 586.0 697.0 600.0 683.0 ship 0
603.0 678.0 616.0 665.0 657.0 706.0 644.0 719.0 ship 0
616.0 655.0 629.0 644.0 670.0 685.0 658.0 698.0 ship 0
703.0 681.0 691.0 694.0 641.0 645.0 653.0 631.0 ship 0
716.0 660.0 701.0 675.0 656.0 625.0 671.0 611.0 ship 0
668.0 603.0 680.0 590.0 728.0 635.0 714.0 650.0 ship 0
690.0 589.0 702.0 576.0 749.0 620.0 739.0 634.0 ship 0
706.0 569.0 717.0 556.0 768.0 602.0 756.0 616.0 ship 0
792.0 589.0 778.0 604.0 727.0 554.0 740.0 538.0 ship 0
744.0 527.0 757.0 515.0 801.0 560.0 791.0 572.0 ship 0
750.0 506.0 738.0 521.0 694.0 479.0 707.0 465.0 ship 0
663.0 491.0 675.0 478.0 725.0 525.0 712.0 540.0 ship 0
643.0 512.0 656.0 497.0 707.0 546.0 696.0 560.0 ship 0
695.0 566.0 684.0 580.0 636.0 533.0 646.0 521.0 ship 0
616.0 553.0 630.0 538.0 674.0 581.0 662.0 595.0 ship 0
600.0 568.0 612.0 556.0 655.0 599.0 643.0 612.0 ship 0
577.0 582.0 588.0 569.0 635.0 615.0 624.0 628.0 ship 0
565.0 604.0 578.0 592.0 617.0 632.0 604.0 648.0 ship 0
605.0 654.0 593.0 669.0 546.0 624.0 559.0 610.0 ship 0
529.0 639.0 542.0 626.0 587.0 672.0 575.0 687.0 ship 0
569.0 692.0 558.0 704.0 515.0 661.0 527.0 650.0 ship 0
554.0 710.0 541.0 723.0 496.0 677.0 508.0 664.0 ship 0
478.0 691.0 490.0 680.0 532.0 723.0 519.0 737.0 ship 0
565.0 709.0 578.0 698.0 623.0 746.0 611.0 760.0 ship 0
551.0 729.0 564.0 717.0 605.0 760.0 592.0 774.0 ship 0
531.0 749.0 544.0 734.0 587.0 778.0 574.0 793.0 ship 0
659.0 944.0 670.0 932.0 705.0 969.0 693.0 981.0 ship 0
824.0 674.0 836.0 660.0 875.0 700.0 862.0 713.0 ship 0
857.0 720.0 846.0 730.0 812.0 692.0 825.0 682.0 ship 0
788.0 704.0 800.0 692.0 844.0 733.0 832.0 747.0 ship 0
777.0 726.0 789.0 715.0 826.0 753.0 814.0 765.0 ship 0
858.0 742.0 871.0 728.0 906.0 764.0 893.0 778.0 ship 0
825.0 774.0 837.0 761.0 875.0 802.0 864.0 815.0 ship 0
811.0 794.0 825.0 781.0 859.0 815.0 847.0 829.0 ship 0
791.0 811.0 805.0 798.0 843.0 835.0 830.0 848.0 ship 0
832.0 856.0 820.0 870.0 774.0 826.0 785.0 813.0 ship 0
740.0 857.0 753.0 846.0 789.0 881.0 777.0 897.0 ship 0
644.0 963.0 652.0 953.0 688.0 989.0 680.0 999.0 ship 0
574.0 802.0 562.0 816.0 514.0 769.0 528.0 755.0 ship 0
734.0 757.0 748.0 743.0 790.0 784.0 779.0 799.0 ship 0
776.0 804.0 765.0 816.0 726.0 779.0 738.0 766.0 ship 0
702.0 790.0 715.0 775.0 756.0 816.0 742.0 831.0 ship 0
666.0 821.0 679.0 808.0 725.0 853.0 712.0 866.0 ship 0
703.0 871.0 693.0 881.0 657.0 843.0 668.0 831.0 ship 0
695.0 890.0 684.0 903.0 639.0 862.0 652.0 849.0 ship 0
626.0 881.0 638.0 870.0 671.0 901.0 659.0 913.0 ship 0
606.0 894.0 619.0 882.0 660.0 921.0 647.0 935.0 ship 0
589.0 913.0 602.0 900.0 637.0 936.0 625.0 948.0 ship 0
496.0 785.0 509.0 772.0 554.0 817.0 540.0 831.0 ship 0
459.0 711.0 472.0 698.0 513.0 738.0 499.0 752.0 ship 0
499.0 762.0 488.0 773.0 442.0 732.0 454.0 720.0 ship 0
856.0 636.0 866.0 624.0 906.0 662.0 894.0 675.0 ship 0
416.0 740.0 428.0 728.0 479.0 777.0 466.0 791.0 ship 0
369.0 292.0 381.0 279.0 420.0 320.0 407.0 333.0 ship 0
385.0 277.0 398.0 265.0 436.0 301.0 422.0 314.0 ship 0
407.0 265.0 418.0 253.0 453.0 286.0 440.0 300.0 ship 0
424.0 223.0 411.0 235.0 376.0 198.0 387.0 187.0 ship 0
424.0 244.0 433.0 234.0 469.0 269.0 458.0 281.0 ship 0
501.0 356.0 514.0 345.0 550.0 382.0 538.0 396.0 ship 0
566.0 390.0 579.0 376.0 620.0 416.0 607.0 429.0 ship 0
548.0 408.0 561.0 394.0 603.0 433.0 591.0 446.0 ship 0
520.0 446.0 531.0 433.0 568.0 469.0 557.0 480.0 ship 0
501.0 462.0 511.0 449.0 552.0 485.0 540.0 498.0 ship 0
487.0 483.0 497.0 471.0 534.0 505.0 522.0 516.0 ship 0
466.0 496.0 477.0 482.0 516.0 520.0 504.0 533.0 ship 0
409.0 437.0 421.0 426.0 464.0 469.0 451.0 482.0 ship 0
482.0 454.0 471.0 467.0 427.0 424.0 438.0 411.0 ship 0
515.0 417.0 506.0 430.0 465.0 392.0 477.0 381.0 ship 0
537.0 403.0 526.0 418.0 480.0 374.0 493.0 361.0 ship 0
1137.0 1348.0 1059.0 1266.0 1242.0 1079.0 1329.0 1159.0 harbor 0
933.0 1269.0 866.0 1196.0 1109.0 948.0 1182.0 1016.0 harbor 0
821.0 1148.0 734.0 1069.0 1034.0 767.0 1120.0 853.0 harbor 0
676.0 1006.0 583.0 918.0 871.0 624.0 965.0 714.0 harbor 0
519.0 852.0 416.0 754.0 701.0 465.0 802.0 561.0 harbor 0
375.0 668.0 279.0 574.0 526.0 326.0 620.0 415.0 harbor 0
198.0 545.0 117.0 457.0 390.0 189.0 469.0 269.0 harbor 0
354.0 308.0 367.0 295.0 405.0 335.0 392.0 348.0 ship 0
389.0 352.0 377.0 364.0 341.0 328.0 353.0 315.0 ship 0
377.0 372.0 365.0 385.0 325.0 343.0 338.0 330.0 ship 0
187.0 238.0 197.0 226.0 230.0 260.0 221.0 272.0 ship 0
67.0 303.0 70.0 315.0 27.0 328.0 24.0 314.0 ship 0
67.0 320.0 77.0 332.0 33.0 376.0 22.0 362.0 ship 0
48.0 382.0 57.0 372.0 88.0 400.0 78.0 410.0 ship 0
106.0 386.0 97.0 396.0 64.0 365.0 74.0 354.0 ship 0
79.0 352.0 90.0 340.0 123.0 369.0 112.0 383.0 ship 0
97.0 336.0 108.0 323.0 140.0 357.0 129.0 368.0 ship 0
171.0 325.0 159.0 336.0 126.0 303.0 137.0 292.0 ship 0
143.0 287.0 153.0 276.0 185.0 310.0 174.0 321.0 ship 0
167.0 273.0 176.0 265.0 197.0 291.0 189.0 300.0 ship 0
178.0 264.0 186.0 255.0 211.0 277.0 203.0 287.0 ship 0
204.0 224.0 213.0 214.0 244.0 243.0 233.0 253.0 ship 0
364.0 388.0 353.0 404.0 309.0 362.0 321.0 349.0 ship 0
233.0 192.0 243.0 180.0 277.0 216.0 266.0 227.0 ship 0
248.0 174.0 257.0 164.0 292.0 196.0 281.0 209.0 ship 0
265.0 160.0 275.0 150.0 306.0 180.0 296.0 192.0 ship 0
279.0 144.0 289.0 132.0 322.0 164.0 311.0 176.0 ship 0
362.0 218.0 372.0 207.0 402.0 236.0 392.0 247.0 ship 0
378.0 252.0 371.0 261.0 344.0 234.0 353.0 225.0 ship 0
342.0 299.0 332.0 310.0 299.0 279.0 311.0 268.0 ship 0
272.0 311.0 283.0 302.0 310.0 330.0 300.0 341.0 ship 0
298.0 349.0 288.0 362.0 257.0 330.0 268.0 318.0 ship 0
284.0 366.0 272.0 379.0 241.0 345.0 253.0 334.0 ship 0
838.0 653.0 849.0 641.0 885.0 675.0 873.0 688.0 ship 0
874.0 721.0 886.0 709.0 929.0 753.0 916.0 765.0 ship 0
1335.0 418.0 1345.0 417.0 1349.0 446.0 1338.0 446.0 small-vehicle 1
1176.0 1303.0 1169.0 1312.0 1147.0 1288.0 1155.0 1281.0 ship 0
884.0 241.0 893.0 241.0 897.0 260.0 889.0 261.0 small-vehicle 0
894.0 220.0 905.0 219.0 905.0 242.0 895.0 242.0 small-vehicle 0
894.0 240.0 883.0 239.0 883.0 218.0 893.0 218.0 small-vehicle 0
883.0 235.0 874.0 237.0 871.0 211.0 880.0 211.0 small-vehicle 0
962.0 202.0 972.0 203.0 974.0 226.0 963.0 225.0 small-vehicle 0
939.0 189.0 949.0 190.0 950.0 216.0 942.0 218.0 small-vehicle 0
907.0 176.0 915.0 178.0 919.0 205.0 910.0 205.0 small-vehicle 0
873.0 161.0 884.0 161.0 884.0 188.0 873.0 186.0 small-vehicle 0
851.0 152.0 860.0 152.0 863.0 177.0 854.0 176.0 small-vehicle 0
840.0 147.0 849.0 147.0 851.0 170.0 843.0 170.0 small-vehicle 0
760.0 172.0 752.0 166.0 765.0 150.0 773.0 157.0 small-vehicle 0
726.0 140.0 717.0 134.0 735.0 114.0 742.0 122.0 small-vehicle 0
682.0 52.0 687.0 41.0 710.0 55.0 706.0 64.0 small-vehicle 0
764.0 1047.0 776.0 1035.0 813.0 1072.0 799.0 1086.0 ship 0
273.0 394.0 287.0 380.0 324.0 413.0 310.0 426.0 ship 0
88.0 303.0 85.0 293.0 115.0 287.0 116.0 298.0 ship 0
97.0 300.0 106.0 306.0 82.0 327.0 76.0 320.0 ship 0
1220.0 1097.0 1231.0 1085.0 1276.0 1128.0 1265.0 1141.0 ship 0
1241.0 1163.0 1229.0 1177.0 1192.0 1137.0 1204.0 1126.0 ship 0
1224.0 1182.0 1212.0 1195.0 1174.0 1157.0 1188.0 1144.0 ship 0
1195.0 1233.0 1202.0 1225.0 1228.0 1247.0 1221.0 1257.0 ship 0
1224.0 1268.0 1215.0 1278.0 1182.0 1247.0 1191.0 1237.0 ship 0
1169.0 1258.0 1179.0 1248.0 1205.0 1275.0 1196.0 1286.0 ship 0
873.0 237.0 882.0 236.0 883.0 256.0 875.0 256.0 small-vehicle 0
951.0 250.0 958.0 250.0 962.0 272.0 953.0 274.0 small-vehicle 0
986.0 286.0 995.0 287.0 998.0 309.0 989.0 309.0 small-vehicle 0
939.0 260.0 947.0 259.0 951.0 284.0 942.0 285.0 small-vehicle 1
1202.0 262.0 1197.0 272.0 1174.0 260.0 1179.0 251.0 small-vehicle 1
1022.0 340.0 1032.0 333.0 1046.0 353.0 1039.0 359.0 small-vehicle 1
1037.0 361.0 1028.0 367.0 1017.0 351.0 1024.0 344.0 small-vehicle 1
996.0 358.0 1005.0 352.0 1020.0 374.0 1011.0 381.0 small-vehicle 1
986.0 366.0 994.0 359.0 1008.0 381.0 1001.0 386.0 small-vehicle 1
966.0 381.0 974.0 374.0 988.0 394.0 979.0 399.0 small-vehicle 1
963.0 378.0 957.0 388.0 930.0 374.0 935.0 364.0 small-vehicle 1
903.0 362.0 906.0 354.0 927.0 363.0 922.0 371.0 small-vehicle 1
923.0 307.0 932.0 307.0 935.0 327.0 926.0 327.0 small-vehicle 1
912.0 302.0 922.0 305.0 923.0 323.0 913.0 322.0 small-vehicle 1
918.0 259.0 927.0 257.0 929.0 278.0 921.0 278.0 small-vehicle 1
876.0 285.0 885.0 284.0 888.0 307.0 880.0 308.0 small-vehicle 0
907.0 252.0 915.0 252.0 917.0 272.0 909.0 272.0 small-vehicle 1
915.0 233.0 926.0 234.0 929.0 258.0 918.0 258.0 small-vehicle 1
741.0 155.0 733.0 148.0 748.0 132.0 756.0 138.0 small-vehicle 1
732.0 148.0 726.0 141.0 741.0 125.0 749.0 132.0 small-vehicle 1
977.0 372.0 986.0 368.0 1000.0 390.0 993.0 395.0 small-vehicle 0
881.0 353.0 884.0 344.0 904.0 354.0 901.0 361.0 small-vehicle 0
858.0 346.0 862.0 334.0 881.0 344.0 879.0 352.0 small-vehicle 0
946.0 316.0 957.0 316.0 956.0 340.0 947.0 340.0 small-vehicle 0
934.0 311.0 944.0 312.0 946.0 335.0 937.0 334.0 small-vehicle 0
888.0 289.0 897.0 289.0 900.0 312.0 889.0 313.0 small-vehicle 0
1152.0 1271.0 1162.0 1260.0 1191.0 1287.0 1183.0 1299.0 ship 0
1098.0 1219.0 1111.0 1206.0 1153.0 1247.0 1139.0 1261.0 ship 0
890.0 706.0 904.0 692.0 940.0 729.0 928.0 744.0 ship 0
1168.0 1318.0 1159.0 1329.0 1130.0 1301.0 1139.0 1291.0 ship 0
1029.0 853.0 1016.0 865.0 980.0 827.0 990.0 815.0 ship 0
1009.0 864.0 997.0 876.0 957.0 838.0 969.0 825.0 ship 0
991.0 880.0 981.0 895.0 948.0 864.0 960.0 849.0 ship 0
1008.0 891.0 1019.0 880.0 1049.0 908.0 1038.0 922.0 ship 0
992.0 909.0 1003.0 897.0 1038.0 931.0 1028.0 943.0 ship 0
924.0 873.0 936.0 861.0 976.0 899.0 965.0 913.0 ship 0
977.0 922.0 987.0 912.0 1021.0 945.0 1011.0 955.0 ship 0
962.0 938.0 972.0 927.0 1006.0 961.0 996.0 973.0 ship 0
910.0 891.0 924.0 879.0 960.0 915.0 947.0 929.0 ship 0
941.0 933.0 930.0 944.0 898.0 911.0 910.0 899.0 ship 0
944.0 954.0 954.0 943.0 987.0 974.0 978.0 985.0 ship 0
934.0 972.0 944.0 961.0 974.0 989.0 966.0 1001.0 ship 0
910.0 967.0 898.0 980.0 860.0 946.0 874.0 931.0 ship 0
899.0 1001.0 910.0 990.0 942.0 1021.0 933.0 1033.0 ship 0
880.0 1006.0 870.0 1017.0 833.0 981.0 843.0 969.0 ship 0
857.0 1019.0 846.0 1031.0 811.0 995.0 825.0 983.0 ship 0
914.0 1055.0 903.0 1067.0 867.0 1034.0 878.0 1021.0 ship 0
843.0 1039.0 832.0 1051.0 793.0 1011.0 805.0 999.0 ship 0
839.0 1063.0 849.0 1052.0 884.0 1087.0 873.0 1098.0 ship 0
854.0 1118.0 843.0 1128.0 812.0 1099.0 821.0 1088.0 ship 0
756.0 1113.0 768.0 1099.0 814.0 1145.0 802.0 1159.0 ship 0
798.0 1094.0 787.0 1105.0 742.0 1062.0 755.0 1048.0 ship 0
907.0 690.0 918.0 678.0 950.0 707.0 941.0 720.0 ship 0
986.0 802.0 999.0 788.0 1045.0 833.0 1031.0 846.0 ship 0
1062.0 815.0 1052.0 829.0 1005.0 787.0 1020.0 772.0 ship 0
857.0 1210.0 870.0 1198.0 906.0 1234.0 893.0 1247.0 ship 0
1012.0 1044.0 1021.0 1035.0 1051.0 1066.0 1041.0 1077.0 ship 0
1050.0 1278.0 1062.0 1266.0 1102.0 1304.0 1090.0 1317.0 ship 0
1099.0 1041.0 1108.0 1031.0 1144.0 1066.0 1133.0 1077.0 ship 0
1113.0 1025.0 1122.0 1013.0 1156.0 1048.0 1147.0 1058.0 ship 0
1170.0 1036.0 1162.0 1047.0 1132.0 1014.0 1142.0 1005.0 ship 0
1086.0 965.0 1097.0 952.0 1131.0 985.0 1121.0 998.0 ship 0
1076.0 984.0 1084.0 975.0 1110.0 1000.0 1102.0 1010.0 ship 0
1040.0 1012.0 1050.0 1002.0 1082.0 1034.0 1072.0 1045.0 ship 0
1083.0 1053.0 1093.0 1043.0 1126.0 1080.0 1117.0 1091.0 ship 0
1070.0 1076.0 1079.0 1066.0 1109.0 1095.0 1101.0 1105.0 ship 0
1067.0 1053.0 1058.0 1065.0 1024.0 1030.0 1033.0 1020.0 ship 0
1059.0 1092.0 1067.0 1082.0 1095.0 1109.0 1086.0 1119.0 ship 0
917.0 1211.0 906.0 1223.0 872.0 1191.0 883.0 1179.0 ship 0
1025.0 1123.0 1035.0 1112.0 1066.0 1142.0 1056.0 1154.0 ship 0
1006.0 1119.0 995.0 1129.0 963.0 1093.0 975.0 1080.0 ship 0
997.0 1154.0 1007.0 1145.0 1033.0 1172.0 1025.0 1182.0 ship 0
974.0 1165.0 985.0 1156.0 1018.0 1188.0 1008.0 1199.0 ship 0
964.0 1183.0 973.0 1174.0 1004.0 1204.0 994.0 1214.0 ship 0
945.0 1107.0 958.0 1096.0 990.0 1131.0 977.0 1143.0 ship 0
958.0 1161.0 948.0 1169.0 922.0 1143.0 931.0 1132.0 ship 0
945.0 1179.0 935.0 1190.0 900.0 1156.0 912.0 1144.0 ship 0
945.0 1196.0 958.0 1185.0 994.0 1223.0 981.0 1236.0 ship 0
976.0 1237.0 966.0 1249.0 933.0 1218.0 942.0 1206.0 ship 0
76.0 421.0 32.0 376.0 306.0 96.0 353.0 138.0 harbor 0
