imagesource:GoogleEarth
gsd:0.131505961095
125.0 1299.0 120.0 1289.0 139.0 1282.0 144.0 1292.0 ship 1
67.0 1195.0 62.0 1181.0 94.0 1168.0 99.0 1183.0 ship 0
208.0 989.0 195.0 964.0 254.0 934.0 268.0 957.0 ship 0
179.0 993.0 152.0 1003.0 122.0 930.0 151.0 921.0 ship 0
278.0 968.0 287.0 988.0 228.0 1022.0 217.0 1002.0 ship 0
167.0 1015.0 192.0 1013.0 207.0 1085.0 178.0 1092.0 ship 0
301.0 1036.0 307.0 1056.0 248.0 1075.0 239.0 1054.0 ship 0
326.0 1066.0 335.0 1092.0 254.0 1123.0 243.0 1097.0 ship 0
190.0 1100.0 218.0 1092.0 246.0 1173.0 217.0 1184.0 ship 0
35.0 1124.0 27.0 1109.0 58.0 1093.0 64.0 1108.0 ship 0
47.0 1137.0 42.0 1123.0 72.0 1112.0 77.0 1124.0 ship 0
52.0 1152.0 47.0 1137.0 79.0 1125.0 84.0 1139.0 ship 0
57.0 1168.0 52.0 1153.0 81.0 1140.0 86.0 1154.0 ship 0
62.0 1182.0 57.0 1168.0 86.0 1154.0 93.0 1166.0 ship 0
72.0 1208.0 69.0 1193.0 100.0 1184.0 103.0 1198.0 ship 0
115.0 1282.0 111.0 1273.0 129.0 1264.0 133.0 1275.0 ship 1
84.0 1224.0 75.0 1212.0 102.0 1195.0 110.0 1209.0 ship 0
75.0 1238.0 73.0 1222.0 102.0 1215.0 104.0 1232.0 ship 0
87.0 1250.0 82.0 1235.0 107.0 1224.0 114.0 1239.0 ship 0
155.0 1221.0 171.0 1212.0 187.0 1242.0 172.0 1252.0 ship 0
67.0 1253.0 71.0 1266.0 47.0 1275.0 42.0 1263.0 ship 0
71.0 1266.0 74.0 1277.0 48.0 1287.0 45.0 1276.0 ship 0
81.0 1281.0 83.0 1293.0 51.0 1303.0 48.0 1289.0 ship 0
89.0 1264.0 87.0 1253.0 107.0 1250.0 108.0 1260.0 ship 0
90.0 1274.0 89.0 1264.0 108.0 1260.0 109.0 1269.0 ship 0
92.0 1282.0 91.0 1271.0 111.0 1268.0 112.0 1278.0 ship 0
120.0 1249.0 114.0 1238.0 132.0 1229.0 138.0 1240.0 ship 0
33.0 1192.0 36.0 1204.0 15.0 1211.0 12.0 1200.0 ship 0
242.0 872.0 254.0 892.0 194.0 930.0 180.0 908.0 ship 0
91.0 834.0 117.0 826.0 147.0 906.0 117.0 915.0 ship 0
257.0 845.0 243.0 822.0 311.0 786.0 324.0 807.0 ship 0
234.0 768.0 223.0 747.0 292.0 707.0 304.0 731.0 ship 0
543.0 278.0 555.0 296.0 112.0 569.0 102.0 553.0 harbor 0
580.0 381.0 591.0 397.0 101.0 704.0 93.0 688.0 harbor 0
601.0 496.0 610.0 510.0 141.0 797.0 132.0 783.0 harbor 0
574.0 669.0 584.0 687.0 185.0 905.0 175.0 889.0 harbor 0
516.0 827.0 525.0 846.0 217.0 1004.0 208.0 987.0 harbor 0
472.0 1006.0 475.0 1024.0 249.0 1091.0 242.0 1075.0 harbor 0
439.0 1138.0 446.0 1155.0 302.0 1214.0 295.0 1197.0 harbor 0
203.0 321.0 190.0 300.0 234.0 272.0 247.0 292.0 ship 0
170.0 427.0 160.0 408.0 213.0 375.0 226.0 393.0 ship 0
235.0 392.0 222.0 371.0 299.0 322.0 313.0 346.0 ship 0
150.0 493.0 125.0 489.0 144.0 428.0 167.0 434.0 ship 0
194.0 496.0 181.0 476.0 246.0 433.0 260.0 455.0 ship 0
93.0 512.0 69.0 506.0 89.0 442.0 116.0 451.0 ship 0
64.0 518.0 87.0 525.0 74.0 574.0 51.0 569.0 ship 0
103.0 683.0 87.0 662.0 161.0 614.0 174.0 637.0 ship 0
100.0 640.0 80.0 637.0 90.0 592.0 110.0 595.0 ship 0
49.0 649.0 29.0 640.0 46.0 592.0 68.0 598.0 ship 0
297.0 582.0 308.0 600.0 258.0 635.0 244.0 615.0 ship 0
187.0 677.0 176.0 659.0 233.0 622.0 247.0 643.0 ship 0
166.0 664.0 177.0 683.0 116.0 722.0 104.0 702.0 ship 0
29.0 672.0 52.0 663.0 74.0 714.0 50.0 724.0 ship 0
228.0 725.0 215.0 705.0 289.0 656.0 303.0 678.0 ship 0
196.0 717.0 207.0 738.0 131.0 780.0 119.0 757.0 ship 0
108.0 802.0 83.0 815.0 52.0 741.0 76.0 730.0 ship 0
154.0 819.0 141.0 798.0 202.0 760.0 217.0 784.0 ship 0
36.0 1185.0 36.0 1193.0 14.0 1196.0 14.0 1187.0 ship 0
3.0 1189.0 3.0 1181.0 30.0 1174.0 31.0 1183.0 ship 0
3.0 1183.0 1.0 1177.0 32.0 1162.0 35.0 1169.0 ship 0
422.0 408.0 406.0 385.0 478.0 343.0 490.0 364.0 ship 0
413.0 353.0 418.0 363.0 401.0 374.0 394.0 365.0 ship 0
472.0 303.0 482.0 321.0 422.0 357.0 409.0 336.0 ship 0
308.0 333.0 301.0 313.0 360.0 288.0 368.0 308.0 ship 0
377.0 301.0 362.0 281.0 424.0 243.0 437.0 261.0 ship 0
359.0 258.0 349.0 244.0 377.0 228.0 387.0 242.0 ship 0
444.0 253.0 434.0 235.0 487.0 204.0 497.0 222.0 ship 0
421.0 220.0 408.0 203.0 454.0 174.0 465.0 192.0 ship 0
497.0 55.0 481.0 56.0 478.0 20.0 494.0 20.0 small-vehicle 0
515.0 43.0 499.0 43.0 498.0 5.0 515.0 4.0 small-vehicle 0
497.0 312.0 487.0 294.0 533.0 264.0 544.0 281.0 ship 0
496.0 353.0 489.0 333.0 556.0 300.0 565.0 318.0 ship 0
457.0 464.0 443.0 444.0 510.0 395.0 522.0 416.0 ship 0
541.0 407.0 528.0 390.0 572.0 362.0 583.0 381.0 ship 0
478.0 498.0 467.0 475.0 534.0 434.0 546.0 453.0 ship 0
602.0 385.0 616.0 404.0 560.0 446.0 546.0 427.0 ship 0
455.0 587.0 440.0 564.0 505.0 523.0 518.0 547.0 ship 0
531.0 539.0 518.0 519.0 589.0 471.0 602.0 493.0 ship 0
468.0 623.0 457.0 601.0 534.0 563.0 542.0 585.0 ship 0
557.0 575.0 544.0 552.0 622.0 509.0 633.0 535.0 ship 0
504.0 710.0 492.0 689.0 569.0 640.0 584.0 665.0 ship 0
596.0 679.0 605.0 696.0 525.0 742.0 517.0 722.0 ship 0
507.0 817.0 495.0 810.0 507.0 789.0 520.0 797.0 ship 0
476.0 853.0 467.0 839.0 508.0 810.0 516.0 824.0 ship 0
459.0 904.0 450.0 880.0 526.0 846.0 535.0 869.0 ship 0
33.0 1270.0 44.0 1274.0 40.0 1295.0 27.0 1293.0 ship 1
347.0 404.0 332.0 383.0 385.0 352.0 399.0 371.0 ship 0
355.0 444.0 343.0 422.0 402.0 389.0 415.0 413.0 ship 0
251.0 1197.0 263.0 1190.0 274.0 1208.0 263.0 1215.0 ship 0
270.0 493.0 263.0 471.0 336.0 440.0 343.0 462.0 ship 0
265.0 1219.0 276.0 1215.0 283.0 1232.0 272.0 1236.0 ship 0
279.0 1253.0 258.0 1264.0 222.0 1194.0 244.0 1185.0 ship 0
196.0 1316.0 213.0 1312.0 223.0 1346.0 206.0 1352.0 ship 0
119.0 1255.0 128.0 1244.0 148.0 1257.0 139.0 1269.0 ship 0
129.0 1366.0 126.0 1353.0 155.0 1342.0 158.0 1354.0 ship 0
378.0 1210.0 368.0 1189.0 447.0 1155.0 456.0 1181.0 ship 0
377.0 1164.0 365.0 1143.0 433.0 1107.0 445.0 1127.0 ship 0
390.0 1043.0 399.0 1058.0 356.0 1081.0 344.0 1064.0 ship 0
411.0 1062.0 406.0 1041.0 477.0 1024.0 482.0 1046.0 ship 0
405.0 1028.0 396.0 1010.0 454.0 989.0 462.0 1005.0 ship 0
375.0 951.0 361.0 930.0 440.0 887.0 456.0 909.0 ship 0
434.0 847.0 442.0 870.0 372.0 895.0 367.0 870.0 ship 0
381.0 893.0 379.0 904.0 360.0 903.0 360.0 892.0 ship 0
266.0 886.0 254.0 865.0 325.0 829.0 333.0 852.0 ship 0
349.0 835.0 340.0 817.0 390.0 792.0 399.0 810.0 ship 0
399.0 735.0 411.0 759.0 339.0 799.0 326.0 775.0 ship 0
434.0 796.0 422.0 772.0 491.0 738.0 503.0 764.0 ship 0
431.0 748.0 417.0 729.0 476.0 691.0 490.0 712.0 ship 0
313.0 676.0 300.0 657.0 352.0 620.0 368.0 638.0 ship 0
397.0 672.0 383.0 651.0 450.0 610.0 465.0 636.0 ship 0
386.0 632.0 372.0 613.0 437.0 568.0 451.0 589.0 ship 0
328.0 590.0 319.0 569.0 393.0 531.0 403.0 555.0 ship 0
283.0 574.0 269.0 555.0 334.0 511.0 347.0 529.0 ship 0
410.0 543.0 397.0 523.0 453.0 485.0 467.0 507.0 ship 0
370.0 521.0 353.0 496.0 424.0 449.0 438.0 472.0 ship 0
467.0 159.0 492.0 201.0 152.0 413.0 124.0 368.0 harbor 0
