imagesource:GoogleEarth
gsd:0.237028671789
1208.0 138.0 1205.0 150.0 1175.0 144.0 1178.0 132.0 ship 0
1155.0 610.0 1116.0 576.0 1209.0 471.0 1254.0 504.0 harbor 0
123.0 1529.0 113.0 1530.0 114.0 1511.0 124.0 1511.0 ship 0
97.0 1570.0 82.0 1568.0 84.0 1520.0 100.0 1520.0 ship 0
9.0 1233.0 10.0 1223.0 33.0 1226.0 32.0 1235.0 small-vehicle 1
15.0 1264.0 9.0 1257.0 23.0 1239.0 31.0 1246.0 small-vehicle 1
118.0 1287.0 119.0 1294.0 103.0 1293.0 103.0 1285.0 small-vehicle 1
97.0 1275.0 99.0 1268.0 120.0 1273.0 116.0 1281.0 small-vehicle 1
578.0 171.0 587.0 178.0 570.0 197.0 563.0 187.0 small-vehicle 1
1522.0 1042.0 1497.0 1027.0 1545.0 945.0 1566.0 956.0 harbor 0
1322.0 855.0 1273.0 790.0 1386.0 702.0 1437.0 761.0 harbor 0
1271.0 736.0 1210.0 680.0 1324.0 554.0 1387.0 604.0 harbor 0
1102.0 844.0 954.0 846.0 949.0 505.0 1097.0 507.0 harbor 0
132.0 109.0 124.0 110.0 121.0 97.0 128.0 94.0 small-vehicle 1
871.0 616.0 825.0 651.0 683.0 442.0 728.0 415.0 harbor 0
861.0 679.0 836.0 734.0 582.0 609.0 607.0 565.0 harbor 0
912.0 826.0 891.0 873.0 745.0 809.0 760.0 765.0 harbor 0
766.0 1036.0 749.0 1070.0 617.0 1001.0 634.0 973.0 harbor 0
697.0 1136.0 733.0 1178.0 690.0 1212.0 656.0 1174.0 harbor 0
790.0 1193.0 855.0 1284.0 782.0 1325.0 717.0 1235.0 harbor 0
856.0 1502.0 872.0 1552.0 806.0 1574.0 789.0 1521.0 harbor 0
259.0 1595.0 241.0 1592.0 253.0 1468.0 271.0 1469.0 harbor 0
211.0 1587.0 171.0 1577.0 195.0 1457.0 234.0 1466.0 harbor 0
112.0 1573.0 96.0 1572.0 105.0 1453.0 122.0 1454.0 harbor 0
247.0 1581.0 232.0 1582.0 231.0 1540.0 243.0 1539.0 ship 0
250.0 1264.0 237.0 1266.0 234.0 1239.0 248.0 1237.0 ship 0
846.0 1295.0 831.0 1311.0 776.0 1257.0 800.0 1239.0 ship 0
664.0 1477.0 664.0 1468.0 686.0 1469.0 687.0 1479.0 small-vehicle 1
1432.0 243.0 1424.0 240.0 1428.0 222.0 1437.0 225.0 small-vehicle 0
1234.0 160.0 1223.0 160.0 1224.0 135.0 1235.0 135.0 small-vehicle 0
1076.0 381.0 1078.0 392.0 1055.0 392.0 1054.0 382.0 small-vehicle 0
1046.0 447.0 1035.0 445.0 1035.0 421.0 1047.0 422.0 small-vehicle 0
1033.0 445.0 1021.0 445.0 1022.0 418.0 1033.0 419.0 small-vehicle 0
840.0 580.0 849.0 570.0 887.0 607.0 871.0 619.0 ship 1
942.0 574.0 941.0 558.0 1002.0 557.0 1003.0 572.0 ship 1
954.0 673.0 953.0 651.0 1015.0 650.0 1016.0 671.0 ship 1
1160.0 612.0 1148.0 624.0 1101.0 586.0 1118.0 571.0 ship 0
940.0 720.0 940.0 697.0 1000.0 697.0 1001.0 718.0 ship 1
1085.0 738.0 1086.0 722.0 1124.0 722.0 1124.0 741.0 ship 0
1075.0 728.0 1076.0 750.0 998.0 755.0 998.0 734.0 ship 0
1080.0 756.0 1081.0 775.0 1000.0 781.0 1000.0 759.0 ship 0
1079.0 785.0 1080.0 803.0 1013.0 806.0 1012.0 786.0 ship 0
1054.0 1095.0 1025.0 1095.0 1031.0 990.0 1061.0 991.0 ship 0
1504.0 1449.0 1489.0 1443.0 1501.0 1408.0 1518.0 1415.0 ship 0
1140.0 1553.0 1149.0 1553.0 1147.0 1574.0 1136.0 1573.0 ship 0
1143.0 1571.0 1151.0 1585.0 1110.0 1609.0 1100.0 1595.0 ship 0
886.0 866.0 881.0 876.0 855.0 866.0 860.0 855.0 ship 0
741.0 1065.0 734.0 1078.0 687.0 1058.0 694.0 1041.0 ship 0
664.0 1455.0 668.0 1446.0 688.0 1455.0 685.0 1463.0 small-vehicle 1
56.0 1515.0 1.0 1514.0 5.0 1426.0 60.0 1428.0 harbor 0
