imagesource:GoogleEarth
gsd:0.259511829611
678.0 1605.0 686.0 1601.0 695.0 1618.0 687.0 1623.0 small-vehicle 0
998.0 505.0 988.0 501.0 1000.0 475.0 1008.0 480.0 large-vehicle 0
582.0 781.0 580.0 767.0 764.0 740.0 765.0 753.0 harbor 0
589.0 815.0 594.0 803.0 717.0 851.0 712.0 863.0 harbor 0
485.0 883.0 636.0 875.0 638.0 941.0 486.0 948.0 harbor 0
172.0 1216.0 157.0 1146.0 328.0 1109.0 340.0 1170.0 harbor 0
296.0 1327.0 259.0 1239.0 343.0 1208.0 374.0 1296.0 harbor 0
322.0 1478.0 258.0 1410.0 334.0 1353.0 389.0 1421.0 harbor 0
407.0 1602.0 397.0 1589.0 469.0 1528.0 481.0 1540.0 harbor 0
508.0 1676.0 500.0 1660.0 579.0 1617.0 589.0 1633.0 harbor 0
700.0 1798.0 592.0 1732.0 625.0 1689.0 729.0 1758.0 harbor 0
457.0 731.0 455.0 710.0 711.0 689.0 714.0 708.0 harbor 0
541.0 637.0 540.0 621.0 757.0 604.0 759.0 620.0 harbor 0
595.0 551.0 591.0 534.0 791.0 514.0 793.0 530.0 harbor 0
462.0 376.0 458.0 367.0 482.0 359.0 485.0 371.0 ship 0
690.0 381.0 701.0 386.0 681.0 422.0 671.0 418.0 ship 0
786.0 583.0 793.0 587.0 786.0 606.0 778.0 601.0 ship 0
604.0 788.0 600.0 777.0 632.0 772.0 635.0 781.0 ship 0
662.0 838.0 657.0 849.0 627.0 843.0 631.0 829.0 ship 0
89.0 552.0 76.0 539.0 115.0 491.0 127.0 501.0 ship 0
285.0 1296.0 271.0 1301.0 254.0 1259.0 268.0 1253.0 ship 0
292.0 1310.0 298.0 1309.0 304.0 1322.0 295.0 1325.0 ship 1
513.0 1657.0 504.0 1650.0 526.0 1630.0 535.0 1639.0 ship 0
623.0 1735.0 618.0 1741.0 605.0 1734.0 609.0 1725.0 ship 1
662.0 1737.0 656.0 1752.0 614.0 1734.0 619.0 1718.0 ship 0
550.0 1345.0 545.0 1336.0 568.0 1326.0 572.0 1334.0 small-vehicle 1
480.0 1124.0 473.0 1131.0 460.0 1120.0 464.0 1113.0 small-vehicle 1
910.0 657.0 900.0 652.0 914.0 632.0 921.0 638.0 small-vehicle 1
907.0 550.0 917.0 549.0 919.0 570.0 909.0 572.0 small-vehicle 1
667.0 442.0 653.0 435.0 716.0 306.0 730.0 314.0 harbor 0
