imagesource:GoogleEarth
gsd:0.216454610982
2395.0 919.0 2396.0 909.0 2414.0 909.0 2414.0 918.0 small-vehicle 1
1558.0 473.0 1575.0 473.0 1579.0 508.0 1560.0 511.0 ship 0
1818.0 2042.0 1809.0 2039.0 1820.0 2018.0 1828.0 2022.0 small-vehicle 1
943.0 270.0 939.0 282.0 909.0 271.0 914.0 257.0 ship 1
670.0 975.0 667.0 962.0 691.0 955.0 695.0 970.0 ship 1
496.0 1929.0 489.0 1941.0 462.0 1927.0 470.0 1916.0 ship 1
2984.0 2078.0 2888.0 2128.0 2840.0 2031.0 2935.0 1979.0 harbor 0
3077.0 1947.0 3025.0 2002.0 2961.0 1944.0 3014.0 1891.0 harbor 0
3161.0 1778.0 3129.0 1831.0 3073.0 1798.0 3106.0 1744.0 harbor 0
3273.0 1579.0 3214.0 1683.0 3133.0 1637.0 3189.0 1529.0 harbor 0
3180.0 748.0 3230.0 841.0 3163.0 874.0 3117.0 778.0 harbor 0
2658.0 470.0 2747.0 487.0 2733.0 591.0 2637.0 578.0 harbor 0
2457.0 516.0 2470.0 516.0 2465.0 641.0 2451.0 640.0 harbor 0
2140.0 415.0 2307.0 463.0 2271.0 581.0 2104.0 532.0 harbor 0
1979.0 481.0 1994.0 484.0 1983.0 555.0 1966.0 552.0 harbor 0
1636.0 453.0 1654.0 450.0 1670.0 557.0 1652.0 560.0 harbor 0
1535.0 458.0 1573.0 451.0 1588.0 566.0 1554.0 571.0 harbor 0
1260.0 405.0 1345.0 411.0 1335.0 573.0 1245.0 566.0 harbor 0
1055.0 357.0 1075.0 353.0 1114.0 556.0 1095.0 560.0 harbor 0
820.0 200.0 953.0 253.0 908.0 380.0 760.0 316.0 harbor 0
246.0 291.0 272.0 285.0 320.0 476.0 299.0 483.0 harbor 0
1707.0 1945.0 1696.0 1944.0 1701.0 1921.0 1711.0 1922.0 small-vehicle 1
2180.0 511.0 2179.0 541.0 2129.0 535.0 2132.0 507.0 ship 0
1251.0 428.0 1261.0 429.0 1258.0 452.0 1246.0 452.0 ship 1
2213.0 543.0 2196.0 540.0 2210.0 487.0 2229.0 492.0 ship 0
3259.0 943.0 3269.0 933.0 3302.0 967.0 3286.0 979.0 ship 0
2629.0 1631.0 2621.0 1637.0 2606.0 1617.0 2613.0 1611.0 small-vehicle 1
2915.0 2048.0 2905.0 2046.0 2910.0 2032.0 2917.0 2035.0 ship 1
3022.0 1993.0 3012.0 2004.0 2985.0 1980.0 2999.0 1968.0 ship 1
2884.0 2122.0 2869.0 2126.0 2852.0 2090.0 2868.0 2084.0 ship 1
2384.0 2097.0 2395.0 2096.0 2394.0 2122.0 2382.0 2122.0 small-vehicle 1
2222.0 1475.0 2225.0 1464.0 2251.0 1467.0 2248.0 1480.0 small-vehicle 1
2161.0 1176.0 2170.0 1173.0 2180.0 1199.0 2170.0 1202.0 small-vehicle 1
2337.0 1155.0 2325.0 1159.0 2314.0 1128.0 2328.0 1124.0 small-vehicle 1
2375.0 697.0 2366.0 694.0 2371.0 668.0 2381.0 672.0 small-vehicle 1
2335.0 657.0 2346.0 656.0 2347.0 684.0 2336.0 685.0 small-vehicle 1
2278.0 683.0 2281.0 675.0 2301.0 682.0 2300.0 690.0 small-vehicle 1
2250.0 668.0 2252.0 658.0 2275.0 668.0 2273.0 677.0 small-vehicle 1
2201.0 645.0 2205.0 635.0 2227.0 645.0 2224.0 654.0 small-vehicle 1
2165.0 636.0 2167.0 627.0 2187.0 634.0 2185.0 642.0 small-vehicle 1
2442.0 523.0 2455.0 522.0 2456.0 566.0 2442.0 566.0 ship 0
2201.0 418.0 2198.0 442.0 2138.0 435.0 2142.0 408.0 ship 0
2126.0 464.0 2131.0 444.0 2193.0 454.0 2189.0 479.0 ship 0
2222.0 481.0 2225.0 460.0 2294.0 474.0 2290.0 497.0 ship 0
99.0 327.0 115.0 324.0 146.0 497.0 130.0 502.0 harbor 0
