imagesource:GoogleEarth
gsd:0.2677007896
949.0 332.0 941.0 327.0 954.0 311.0 960.0 315.0 small-vehicle 1
1080.0 782.0 1071.0 779.0 1079.0 761.0 1085.0 762.0 small-vehicle 1
946.0 582.0 957.0 590.0 936.0 610.0 924.0 600.0 ship 0
1039.0 263.0 1030.0 253.0 1050.0 236.0 1058.0 245.0 ship 1
1003.0 310.0 998.0 299.0 1026.0 285.0 1032.0 295.0 ship 0
1099.0 432.0 1089.0 424.0 1102.0 403.0 1115.0 411.0 ship 0
908.0 367.0 899.0 358.0 920.0 343.0 927.0 352.0 ship 0
731.0 496.0 741.0 505.0 720.0 532.0 708.0 524.0 ship 0
276.0 408.0 283.0 417.0 268.0 430.0 260.0 421.0 ship 0
255.0 370.0 265.0 380.0 239.0 404.0 229.0 395.0 ship 0
673.0 269.0 681.0 274.0 670.0 292.0 660.0 286.0 ship 0
688.0 269.0 683.0 264.0 697.0 250.0 704.0 256.0 small-vehicle 0
674.0 79.0 679.0 85.0 668.0 94.0 663.0 89.0 small-vehicle 1
668.0 55.0 677.0 56.0 676.0 73.0 667.0 72.0 small-vehicle 0
2110.0 2323.0 2078.0 2298.0 2200.0 2124.0 2231.0 2145.0 harbor 0
2020.0 2210.0 2008.0 2199.0 2113.0 2064.0 2126.0 2073.0 harbor 0
1704.0 2021.0 1688.0 2001.0 1864.0 1849.0 1884.0 1869.0 harbor 0
1508.0 1788.0 1493.0 1772.0 1684.0 1609.0 1701.0 1628.0 harbor 0
1416.0 1687.0 1402.0 1672.0 1573.0 1509.0 1587.0 1525.0 harbor 0
1317.0 1516.0 1301.0 1503.0 1434.0 1376.0 1445.0 1388.0 harbor 0
1252.0 1422.0 1235.0 1407.0 1339.0 1295.0 1356.0 1309.0 harbor 0
1107.0 1325.0 1091.0 1307.0 1230.0 1181.0 1244.0 1195.0 harbor 0
993.0 1192.0 979.0 1179.0 1124.0 1040.0 1137.0 1052.0 harbor 0
887.0 1029.0 869.0 1011.0 985.0 896.0 1005.0 915.0 harbor 0
655.0 856.0 639.0 839.0 827.0 660.0 841.0 678.0 harbor 0
421.0 590.0 404.0 573.0 558.0 438.0 573.0 452.0 harbor 0
331.0 493.0 308.0 471.0 482.0 308.0 502.0 328.0 harbor 0
934.0 593.0 927.0 585.0 939.0 575.0 947.0 583.0 small-vehicle 1
883.0 984.0 888.0 991.0 874.0 1007.0 865.0 999.0 ship 0
1400.0 769.0 1407.0 776.0 1394.0 788.0 1388.0 781.0 small-vehicle 1
669.0 842.0 674.0 848.0 662.0 861.0 654.0 858.0 ship 0
1095.0 807.0 1085.0 804.0 1089.0 785.0 1099.0 786.0 small-vehicle 1
2324.0 882.0 2332.0 876.0 2348.0 893.0 2340.0 899.0 ship 0
2089.0 696.0 2082.0 701.0 2067.0 683.0 2074.0 676.0 ship 0
2354.0 439.0 2360.0 432.0 2374.0 449.0 2369.0 455.0 small-vehicle 1
2114.0 127.0 2123.0 128.0 2120.0 149.0 2112.0 147.0 small-vehicle 1
2014.0 77.0 2023.0 79.0 2018.0 103.0 2008.0 102.0 small-vehicle 1
1959.0 215.0 1967.0 222.0 1953.0 241.0 1945.0 235.0 small-vehicle 1
440.0 165.0 434.0 158.0 450.0 145.0 456.0 152.0 small-vehicle 1
1804.0 1502.0 1810.0 1509.0 1797.0 1523.0 1789.0 1518.0 small-vehicle 1
1766.0 1598.0 1772.0 1608.0 1755.0 1620.0 1748.0 1612.0 small-vehicle 1
1722.0 2001.0 1731.0 2010.0 1712.0 2030.0 1704.0 2020.0 ship 0
2083.0 2269.0 2092.0 2275.0 2078.0 2297.0 2069.0 2292.0 ship 0
2052.0 1766.0 2048.0 1759.0 2063.0 1748.0 2068.0 1754.0 small-vehicle 1
2040.0 1760.0 2035.0 1753.0 2050.0 1742.0 2056.0 1749.0 small-vehicle 1
2060.0 1466.0 2054.0 1456.0 2076.0 1442.0 2082.0 1450.0 ship 1
2088.0 1226.0 2079.0 1216.0 2098.0 1197.0 2106.0 1206.0 ship 1
2074.0 1225.0 2060.0 1220.0 2072.0 1197.0 2084.0 1203.0 ship 1
1995.0 1305.0 1987.0 1300.0 2002.0 1282.0 2009.0 1289.0 ship 0
1265.0 961.0 1274.0 964.0 1266.0 986.0 1254.0 982.0 ship 0
1454.0 1125.0 1452.0 1133.0 1434.0 1129.0 1436.0 1121.0 small-vehicle 1
1449.0 1116.0 1451.0 1105.0 1471.0 1107.0 1470.0 1116.0 small-vehicle 1
1275.0 988.0 1268.0 983.0 1281.0 969.0 1287.0 975.0 small-vehicle 1
1365.0 816.0 1371.0 826.0 1356.0 836.0 1351.0 827.0 small-vehicle 0
1232.0 29.0 1237.0 19.0 1257.0 35.0 1251.0 43.0 ship 0
1122.0 554.0 1127.0 562.0 1113.0 573.0 1106.0 568.0 small-vehicle 1
261.0 421.0 243.0 402.0 415.0 238.0 431.0 256.0 harbor 0
