imagesource:GoogleEarth
gsd:0.281139737108
588.0 1649.0 595.0 1644.0 608.0 1659.0 601.0 1664.0 small-vehicle 1
467.0 1677.0 473.0 1670.0 487.0 1683.0 480.0 1690.0 small-vehicle 0
469.0 359.0 480.0 343.0 954.0 593.0 947.0 610.0 harbor 0
541.0 671.0 543.0 657.0 662.0 675.0 660.0 690.0 harbor 0
663.0 689.0 666.0 681.0 944.0 805.0 940.0 812.0 harbor 0
565.0 845.0 568.0 820.0 766.0 850.0 763.0 875.0 harbor 0
563.0 995.0 577.0 969.0 851.0 1099.0 842.0 1123.0 harbor 0
531.0 1056.0 541.0 1040.0 770.0 1166.0 762.0 1180.0 harbor 0
489.0 1146.0 502.0 1130.0 697.0 1272.0 685.0 1289.0 harbor 0
482.0 1269.0 495.0 1258.0 628.0 1387.0 616.0 1399.0 harbor 0
485.0 1439.0 498.0 1429.0 548.0 1490.0 538.0 1499.0 harbor 0
280.0 1462.0 326.0 1428.0 456.0 1586.0 409.0 1633.0 harbor 0
184.0 1515.0 235.0 1474.0 362.0 1626.0 305.0 1669.0 harbor 0
560.0 675.0 558.0 686.0 532.0 684.0 534.0 671.0 ship 0
856.0 296.0 851.0 302.0 842.0 294.0 846.0 288.0 ship 1
976.0 1046.0 978.0 1038.0 1000.0 1047.0 996.0 1054.0 small-vehicle 1
507.0 1136.0 516.0 1128.0 538.0 1146.0 529.0 1156.0 ship 0
479.0 1446.0 485.0 1442.0 498.0 1453.0 493.0 1458.0 ship 0
259.0 1489.0 250.0 1496.0 234.0 1477.0 244.0 1468.0 ship 0
785.0 306.0 814.0 261.0 1056.0 449.0 1029.0 494.0 harbor 0
