imagesource:GoogleEarth
gsd:0.258452624633
2763.0 245.0 2882.0 245.0 2882.0 364.0 2763.0 364.0 roundabout 0
2732.0 1355.0 2705.0 1389.0 2548.0 1236.0 2575.0 1200.0 harbor 0
507.0 2359.0 518.0 2350.0 533.0 2368.0 526.0 2374.0 ship 0
759.0 2148.0 764.0 2138.0 787.0 2153.0 781.0 2162.0 ship 0
572.0 2234.0 577.0 2225.0 603.0 2247.0 597.0 2255.0 ship 0
258.0 2103.0 261.0 2097.0 277.0 2108.0 272.0 2113.0 small-vehicle 1
258.0 2118.0 265.0 2111.0 279.0 2126.0 272.0 2132.0 small-vehicle 1
233.0 2100.0 241.0 2091.0 255.0 2105.0 249.0 2112.0 small-vehicle 1
3727.0 792.0 3671.0 792.0 3664.0 577.0 3721.0 578.0 harbor 0
3457.0 713.0 3417.0 762.0 3233.0 577.0 3273.0 530.0 harbor 0
3262.0 796.0 3236.0 833.0 3045.0 683.0 3070.0 649.0 harbor 0
3218.0 936.0 3196.0 971.0 2958.0 786.0 2984.0 756.0 harbor 0
3111.0 1005.0 3101.0 1013.0 2946.0 853.0 2955.0 843.0 harbor 0
2995.0 1073.0 2978.0 1110.0 2794.0 1020.0 2810.0 985.0 harbor 0
2960.0 1321.0 2930.0 1359.0 2680.0 1131.0 2712.0 1096.0 harbor 0
2552.0 1457.0 2526.0 1478.0 2418.0 1334.0 2442.0 1313.0 harbor 0
3699.0 769.0 3699.0 782.0 3673.0 781.0 3673.0 769.0 ship 0
2436.0 1525.0 2411.0 1541.0 2326.0 1391.0 2347.0 1378.0 harbor 0
2279.0 1613.0 2254.0 1629.0 2165.0 1484.0 2189.0 1468.0 harbor 0
2171.0 1683.0 2141.0 1710.0 2008.0 1544.0 2040.0 1518.0 harbor 0
2178.0 1852.0 2134.0 1891.0 1947.0 1637.0 1989.0 1601.0 harbor 0
1366.0 1726.0 1345.0 1732.0 1244.0 1370.0 1266.0 1362.0 harbor 0
1216.0 1820.0 1172.0 1835.0 1088.0 1467.0 1137.0 1455.0 harbor 0
1105.0 1849.0 1051.0 1875.0 927.0 1570.0 973.0 1546.0 harbor 0
962.0 1977.0 926.0 1996.0 769.0 1621.0 804.0 1604.0 harbor 0
420.0 1820.0 435.0 1798.0 473.0 1827.0 458.0 1849.0 swimming-pool 0
725.0 1590.0 762.0 1572.0 773.0 1593.0 738.0 1612.0 swimming-pool 0
791.0 2146.0 752.0 2199.0 447.0 1964.0 477.0 1921.0 harbor 0
596.0 2253.0 568.0 2286.0 379.0 2122.0 403.0 2097.0 harbor 0
537.0 2364.0 511.0 2390.0 324.0 2204.0 347.0 2183.0 harbor 0
1116.0 1255.0 1107.0 1259.0 1102.0 1239.0 1110.0 1236.0 small-vehicle 1
2016.0 688.0 2007.0 683.0 2019.0 666.0 2026.0 670.0 small-vehicle 1
1861.0 469.0 1907.0 446.0 1926.0 475.0 1880.0 499.0 swimming-pool 0
1962.0 183.0 1969.0 181.0 1976.0 200.0 1969.0 202.0 small-vehicle 1
3746.0 253.0 3751.0 244.0 3768.0 255.0 3765.0 262.0 ship 0
3709.0 234.0 3716.0 225.0 3735.0 239.0 3729.0 246.0 ship 0
3569.0 320.0 3574.0 327.0 3561.0 338.0 3555.0 332.0 small-vehicle 0
3449.0 385.0 3454.0 394.0 3437.0 406.0 3431.0 400.0 small-vehicle 0
3414.0 385.0 3420.0 392.0 3408.0 404.0 3402.0 398.0 small-vehicle 0
3330.0 384.0 3337.0 391.0 3324.0 402.0 3317.0 397.0 small-vehicle 0
3264.0 385.0 3271.0 392.0 3258.0 406.0 3250.0 400.0 small-vehicle 0
3398.0 679.0 3391.0 670.0 3409.0 653.0 3417.0 662.0 ship 0
3409.0 693.0 3399.0 686.0 3410.0 669.0 3418.0 674.0 ship 0
3422.0 722.0 3430.0 728.0 3403.0 753.0 3397.0 746.0 ship 0
3392.0 693.0 3400.0 701.0 3383.0 718.0 3374.0 713.0 ship 0
3375.0 683.0 3385.0 690.0 3370.0 709.0 3360.0 703.0 ship 0
3362.0 672.0 3369.0 680.0 3351.0 696.0 3343.0 690.0 ship 0
3081.0 976.0 3090.0 964.0 3121.0 990.0 3109.0 1002.0 ship 0
2421.0 1510.0 2423.0 1518.0 2402.0 1532.0 2397.0 1523.0 ship 0
2253.0 1615.0 2248.0 1606.0 2273.0 1590.0 2280.0 1600.0 ship 0
2124.0 1829.0 2136.0 1841.0 2108.0 1863.0 2098.0 1851.0 ship 0
2110.0 1818.0 2118.0 1828.0 2099.0 1845.0 2090.0 1836.0 ship 0
2071.0 1354.0 2066.0 1357.0 2054.0 1342.0 2061.0 1337.0 small-vehicle 1
2355.0 1170.0 2349.0 1163.0 2364.0 1152.0 2371.0 1159.0 small-vehicle 1
2329.0 1195.0 2322.0 1186.0 2336.0 1175.0 2343.0 1182.0 small-vehicle 1
2296.0 1248.0 2290.0 1254.0 2278.0 1237.0 2284.0 1231.0 small-vehicle 1
2494.0 501.0 2488.0 493.0 2506.0 481.0 2512.0 490.0 small-vehicle 1
2304.0 395.0 2295.0 392.0 2301.0 373.0 2309.0 375.0 small-vehicle 1
2488.0 77.0 2496.0 69.0 2512.0 85.0 2503.0 93.0 small-vehicle 1
1618.0 142.0 1612.0 148.0 1594.0 137.0 1599.0 129.0 ship 1
1662.0 192.0 1725.0 192.0 1725.0 260.0 1662.0 260.0 roundabout 0
80.0 2347.0 82.0 2320.0 135.0 2322.0 132.0 2351.0 swimming-pool 0
