imagesource:GoogleEarth
gsd:0.272665019223
155.0 1684.0 159.0 1676.0 178.0 1687.0 174.0 1695.0 ship 0
722.0 1329.0 725.0 1324.0 739.0 1330.0 734.0 1338.0 ship 0
1180.0 404.0 1192.0 364.0 1383.0 421.0 1376.0 461.0 harbor 0
1145.0 499.0 1154.0 470.0 1370.0 532.0 1362.0 561.0 harbor 0
1097.0 666.0 1112.0 628.0 1313.0 700.0 1302.0 736.0 harbor 0
1035.0 797.0 1044.0 761.0 1263.0 825.0 1255.0 860.0 harbor 0
1006.0 920.0 1024.0 883.0 1193.0 952.0 1180.0 984.0 harbor 0
853.0 1071.0 871.0 1046.0 1033.0 1176.0 1014.0 1201.0 harbor 0
797.0 1162.0 811.0 1148.0 981.0 1295.0 967.0 1312.0 harbor 0
662.0 1286.0 676.0 1270.0 836.0 1408.0 825.0 1426.0 harbor 0
609.0 1344.0 638.0 1322.0 765.0 1475.0 741.0 1502.0 harbor 0
505.0 1449.0 525.0 1434.0 651.0 1585.0 634.0 1603.0 harbor 0
261.0 1638.0 308.0 1597.0 449.0 1742.0 399.0 1785.0 harbor 0
123.0 1680.0 156.0 1646.0 341.0 1821.0 312.0 1858.0 harbor 0
1249.0 239.0 1246.0 250.0 1216.0 241.0 1220.0 229.0 ship 0
1206.0 395.0 1204.0 405.0 1178.0 400.0 1182.0 389.0 ship 0
1133.0 642.0 1129.0 652.0 1103.0 644.0 1106.0 633.0 ship 0
1035.0 919.0 1029.0 927.0 1004.0 917.0 1010.0 906.0 ship 0
876.0 1091.0 868.0 1099.0 846.0 1081.0 853.0 1073.0 ship 0
819.0 1184.0 808.0 1191.0 791.0 1176.0 800.0 1167.0 ship 0
709.0 1328.0 700.0 1336.0 679.0 1318.0 687.0 1308.0 ship 0
1221.0 244.0 1232.0 212.0 1452.0 281.0 1444.0 313.0 harbor 0
