imagesource:GoogleEarth
gsd:0.255029798925
734.0 60.0 740.0 64.0 733.0 78.0 725.0 73.0 ship 0
393.0 843.0 430.0 867.0 294.0 1128.0 256.0 1102.0 harbor 0
824.0 540.0 797.0 542.0 786.0 269.0 810.0 266.0 harbor 0
962.0 492.0 930.0 491.0 924.0 277.0 947.0 274.0 harbor 0
1212.0 380.0 1188.0 383.0 1153.0 160.0 1176.0 156.0 harbor 0
1358.0 353.0 1340.0 359.0 1288.0 143.0 1308.0 139.0 harbor 0
1602.0 259.0 1578.0 273.0 1459.0 19.0 1481.0 8.0 harbor 0
2033.0 956.0 2059.0 971.0 1965.0 1143.0 1943.0 1129.0 harbor 0
1860.0 960.0 1887.0 965.0 1871.0 1062.0 1845.0 1059.0 harbor 0
1525.0 707.0 1544.0 708.0 1538.0 886.0 1519.0 886.0 harbor 0
1337.0 727.0 1363.0 722.0 1406.0 968.0 1381.0 972.0 harbor 0
814.0 922.0 838.0 927.0 820.0 1067.0 795.0 1063.0 harbor 0
555.0 296.0 567.0 296.0 567.0 322.0 556.0 320.0 ship 0
961.0 511.0 957.0 522.0 937.0 514.0 942.0 504.0 ship 0
578.0 299.0 591.0 303.0 583.0 326.0 569.0 321.0 ship 1
788.0 98.0 800.0 97.0 804.0 124.0 790.0 126.0 ship 0
790.0 60.0 782.0 62.0 778.0 39.0 788.0 37.0 small-vehicle 0
768.0 40.0 776.0 39.0 777.0 56.0 770.0 56.0 small-vehicle 1
844.0 50.0 835.0 53.0 832.0 31.0 841.0 29.0 small-vehicle 1
1540.0 959.0 1530.0 957.0 1533.0 934.0 1543.0 936.0 small-vehicle 0
1774.0 1070.0 1762.0 1066.0 1768.0 1046.0 1778.0 1049.0 ship 0
1526.0 765.0 1514.0 765.0 1514.0 735.0 1527.0 735.0 ship 0
1551.0 247.0 1562.0 243.0 1571.0 264.0 1560.0 269.0 ship 0
962.0 492.0 963.0 505.0 935.0 502.0 936.0 489.0 ship 0
537.0 545.0 508.0 541.0 535.0 263.0 562.0 265.0 harbor 0
