imagesource:GoogleEarth
gsd:0.259516259509
1471.0 176.0 1459.0 176.0 1461.0 152.0 1473.0 150.0 ship 0
1125.0 207.0 1112.0 208.0 1110.0 176.0 1122.0 175.0 ship 0
944.0 825.0 956.0 826.0 953.0 853.0 942.0 852.0 ship 0
914.0 863.0 913.0 851.0 941.0 848.0 942.0 862.0 ship 0
866.0 857.0 868.0 844.0 900.0 846.0 897.0 860.0 ship 0
679.0 284.0 666.0 281.0 670.0 256.0 683.0 257.0 ship 0
740.0 291.0 726.0 288.0 732.0 259.0 745.0 261.0 ship 0
763.0 280.0 751.0 278.0 752.0 259.0 764.0 259.0 ship 0
933.0 242.0 921.0 241.0 923.0 217.0 935.0 218.0 ship 0
911.0 254.0 897.0 254.0 897.0 223.0 911.0 223.0 ship 0
950.0 244.0 936.0 241.0 938.0 215.0 952.0 216.0 ship 0
995.0 254.0 980.0 250.0 985.0 223.0 998.0 225.0 ship 0
1102.0 209.0 1089.0 212.0 1084.0 178.0 1096.0 176.0 ship 0
1056.0 860.0 1053.0 873.0 1026.0 866.0 1028.0 855.0 ship 0
367.0 789.0 348.0 788.0 350.0 762.0 368.0 763.0 harbor 0
1049.0 871.0 1008.0 865.0 1013.0 832.0 1053.0 838.0 harbor 0
986.0 851.0 969.0 849.0 973.0 814.0 990.0 817.0 harbor 0
941.0 852.0 918.0 848.0 922.0 808.0 946.0 811.0 harbor 0
616.0 824.0 603.0 822.0 608.0 778.0 624.0 779.0 harbor 0
654.0 823.0 640.0 822.0 643.0 782.0 658.0 782.0 harbor 0
697.0 827.0 680.0 825.0 683.0 787.0 702.0 789.0 harbor 0
790.0 833.0 770.0 831.0 772.0 795.0 792.0 796.0 harbor 0
860.0 841.0 840.0 839.0 844.0 802.0 865.0 804.0 harbor 0
829.0 838.0 809.0 836.0 810.0 798.0 832.0 800.0 harbor 0
962.0 831.0 974.0 832.0 970.0 860.0 958.0 859.0 ship 0
1076.0 847.0 1088.0 849.0 1081.0 885.0 1070.0 882.0 ship 0
537.0 812.0 522.0 809.0 526.0 769.0 542.0 770.0 harbor 0
655.0 800.0 668.0 801.0 665.0 829.0 653.0 827.0 ship 0
1211.0 870.0 1222.0 871.0 1220.0 897.0 1209.0 897.0 ship 0
1184.0 865.0 1196.0 868.0 1191.0 895.0 1179.0 894.0 ship 0
326.0 867.0 316.0 866.0 316.0 839.0 328.0 840.0 ship 0
377.0 877.0 364.0 876.0 366.0 847.0 379.0 848.0 ship 0
424.0 812.0 427.0 799.0 450.0 804.0 446.0 817.0 ship 0
514.0 782.0 527.0 784.0 524.0 814.0 511.0 812.0 ship 0
578.0 793.0 591.0 794.0 586.0 822.0 574.0 820.0 ship 0
527.0 892.0 513.0 890.0 519.0 860.0 534.0 861.0 ship 0
683.0 905.0 668.0 902.0 674.0 879.0 687.0 881.0 ship 0
698.0 805.0 710.0 807.0 708.0 834.0 697.0 833.0 ship 0
621.0 787.0 637.0 789.0 631.0 830.0 616.0 828.0 ship 0
1110.0 852.0 1123.0 853.0 1118.0 887.0 1105.0 883.0 ship 0
740.0 801.0 756.0 803.0 753.0 843.0 738.0 841.0 ship 0
765.0 916.0 751.0 914.0 755.0 887.0 768.0 890.0 ship 0
819.0 885.0 817.0 898.0 789.0 894.0 792.0 881.0 ship 0
862.0 924.0 850.0 921.0 854.0 897.0 867.0 900.0 ship 0
926.0 930.0 912.0 926.0 917.0 898.0 930.0 901.0 ship 0
966.0 930.0 953.0 927.0 957.0 900.0 971.0 903.0 ship 0
1027.0 935.0 1013.0 933.0 1015.0 907.0 1028.0 908.0 ship 0
1047.0 944.0 1036.0 943.0 1037.0 909.0 1048.0 910.0 ship 0
1138.0 855.0 1150.0 859.0 1145.0 886.0 1134.0 884.0 ship 0
1125.0 858.0 1137.0 860.0 1131.0 888.0 1121.0 885.0 ship 0
574.0 813.0 553.0 809.0 556.0 782.0 578.0 785.0 harbor 0
500.0 810.0 481.0 808.0 485.0 766.0 504.0 767.0 harbor 0
379.0 1066.0 368.0 1066.0 372.0 1044.0 382.0 1045.0 small-vehicle 0
1584.0 178.0 1596.0 182.0 1579.0 236.0 1566.0 232.0 harbor 0
1008.0 241.0 1026.0 245.0 1005.0 380.0 986.0 375.0 harbor 0
1038.0 214.0 1061.0 216.0 1040.0 380.0 1015.0 376.0 harbor 0
1066.0 185.0 1083.0 182.0 1092.0 236.0 1074.0 240.0 harbor 0
1118.0 180.0 1135.0 177.0 1142.0 229.0 1124.0 232.0 harbor 0
1168.0 166.0 1188.0 165.0 1191.0 222.0 1169.0 223.0 harbor 0
1214.0 161.0 1286.0 149.0 1294.0 205.0 1227.0 218.0 harbor 0
1376.0 136.0 1428.0 141.0 1424.0 195.0 1373.0 189.0 harbor 0
1298.0 150.0 1308.0 147.0 1319.0 195.0 1310.0 197.0 harbor 0
1337.0 135.0 1362.0 140.0 1355.0 188.0 1329.0 185.0 harbor 0
1467.0 151.0 1491.0 156.0 1479.0 207.0 1455.0 201.0 harbor 0
1646.0 203.0 1657.0 206.0 1644.0 248.0 1631.0 244.0 harbor 0
931.0 217.0 950.0 220.0 926.0 392.0 909.0 391.0 harbor 0
293.0 844.0 316.0 845.0 314.0 870.0 290.0 869.0 harbor 0
136.0 1098.0 141.0 1035.0 181.0 1037.0 179.0 1097.0 harbor 0
139.0 1006.0 150.0 953.0 190.0 962.0 181.0 1014.0 harbor 0
155.0 918.0 172.0 875.0 212.0 896.0 193.0 933.0 harbor 0
203.0 771.0 181.0 755.0 208.0 715.0 231.0 734.0 harbor 0
126.0 611.0 128.0 582.0 202.0 591.0 198.0 618.0 harbor 0
166.0 488.0 180.0 462.0 254.0 501.0 239.0 531.0 harbor 0
235.0 399.0 254.0 386.0 300.0 456.0 282.0 467.0 harbor 0
286.0 364.0 305.0 353.0 358.0 435.0 338.0 448.0 harbor 0
323.0 342.0 343.0 328.0 394.0 408.0 376.0 421.0 harbor 0
962.0 221.0 984.0 225.0 964.0 389.0 940.0 384.0 harbor 0
878.0 228.0 906.0 231.0 889.0 391.0 863.0 389.0 harbor 0
455.0 805.0 433.0 805.0 433.0 759.0 456.0 760.0 harbor 0
766.0 890.0 787.0 892.0 783.0 921.0 762.0 919.0 harbor 0
424.0 803.0 393.0 799.0 395.0 765.0 427.0 767.0 harbor 0
395.0 855.0 416.0 858.0 414.0 882.0 392.0 879.0 harbor 0
422.0 860.0 440.0 862.0 439.0 884.0 419.0 882.0 harbor 0
475.0 865.0 496.0 870.0 491.0 891.0 470.0 886.0 harbor 0
515.0 856.0 539.0 861.0 532.0 896.0 507.0 890.0 harbor 0
556.0 869.0 572.0 871.0 566.0 898.0 551.0 896.0 harbor 0
610.0 873.0 625.0 875.0 621.0 904.0 606.0 902.0 harbor 0
635.0 876.0 654.0 880.0 649.0 909.0 630.0 906.0 harbor 0
684.0 880.0 705.0 884.0 700.0 911.0 679.0 908.0 harbor 0
721.0 884.0 741.0 886.0 738.0 916.0 717.0 914.0 harbor 0
928.0 906.0 948.0 909.0 943.0 939.0 923.0 936.0 harbor 0
836.0 244.0 865.0 249.0 846.0 395.0 815.0 389.0 harbor 0
1082.0 919.0 1112.0 923.0 1106.0 956.0 1076.0 952.0 harbor 0
1064.0 876.0 1070.0 840.0 1221.0 868.0 1218.0 906.0 harbor 0
1118.0 930.0 1150.0 934.0 1148.0 959.0 1115.0 954.0 harbor 0
1156.0 934.0 1179.0 938.0 1174.0 964.0 1153.0 960.0 harbor 0
571.0 255.0 593.0 259.0 577.0 378.0 555.0 374.0 harbor 0
633.0 262.0 651.0 264.0 635.0 383.0 617.0 379.0 harbor 0
684.0 247.0 705.0 251.0 683.0 387.0 662.0 383.0 harbor 0
719.0 255.0 746.0 261.0 726.0 394.0 696.0 389.0 harbor 0
765.0 260.0 785.0 263.0 765.0 397.0 744.0 392.0 harbor 0
795.0 262.0 819.0 267.0 798.0 389.0 776.0 384.0 harbor 0
131.0 1067.0 145.0 1065.0 146.0 1096.0 134.0 1097.0 ship 0
189.0 724.0 199.0 733.0 174.0 766.0 162.0 756.0 ship 0
329.0 365.0 318.0 373.0 301.0 353.0 311.0 342.0 ship 0
1246.0 322.0 1254.0 317.0 1264.0 337.0 1257.0 340.0 small-vehicle 0
1580.0 479.0 1574.0 486.0 1558.0 471.0 1565.0 465.0 small-vehicle 0
1624.0 354.0 1629.0 345.0 1648.0 352.0 1645.0 361.0 small-vehicle 0
1640.0 395.0 1637.0 404.0 1613.0 399.0 1614.0 390.0 small-vehicle 0
1532.0 406.0 1537.0 416.0 1512.0 423.0 1508.0 414.0 small-vehicle 0
1513.0 320.0 1524.0 324.0 1515.0 344.0 1506.0 341.0 small-vehicle 0
1502.0 319.0 1510.0 322.0 1505.0 342.0 1496.0 340.0 small-vehicle 0
1513.0 293.0 1523.0 294.0 1519.0 315.0 1510.0 313.0 small-vehicle 0
1421.0 404.0 1432.0 402.0 1431.0 422.0 1422.0 422.0 small-vehicle 0
1410.0 394.0 1419.0 396.0 1415.0 417.0 1405.0 416.0 small-vehicle 0
1228.0 489.0 1236.0 491.0 1233.0 511.0 1225.0 510.0 small-vehicle 0
1220.0 314.0 1230.0 311.0 1235.0 331.0 1227.0 335.0 small-vehicle 0
1615.0 507.0 1624.0 510.0 1620.0 528.0 1611.0 528.0 small-vehicle 1
1085.0 328.0 1086.0 318.0 1108.0 322.0 1107.0 330.0 small-vehicle 0
1086.0 346.0 1084.0 336.0 1107.0 336.0 1107.0 343.0 small-vehicle 0
1185.0 427.0 1196.0 427.0 1193.0 450.0 1182.0 449.0 small-vehicle 0
1085.0 422.0 1096.0 421.0 1096.0 449.0 1086.0 450.0 small-vehicle 0
1080.0 474.0 1082.0 466.0 1106.0 473.0 1103.0 481.0 small-vehicle 0
937.0 680.0 945.0 682.0 942.0 703.0 933.0 701.0 small-vehicle 0
933.0 515.0 941.0 516.0 940.0 537.0 932.0 536.0 small-vehicle 0
919.0 513.0 929.0 514.0 928.0 535.0 918.0 534.0 small-vehicle 0
891.0 513.0 898.0 513.0 898.0 530.0 891.0 530.0 small-vehicle 0
884.0 528.0 875.0 529.0 875.0 508.0 884.0 508.0 small-vehicle 0
1437.0 405.0 1447.0 407.0 1443.0 426.0 1433.0 424.0 small-vehicle 1
1632.0 533.0 1623.0 530.0 1631.0 509.0 1640.0 511.0 small-vehicle 0
371.0 347.0 361.0 355.0 343.0 331.0 353.0 323.0 ship 0
932.0 1137.0 921.0 1133.0 928.0 1113.0 938.0 1116.0 small-vehicle 0
347.0 1058.0 339.0 1052.0 353.0 1039.0 360.0 1045.0 small-vehicle 0
408.0 990.0 419.0 988.0 422.0 1008.0 410.0 1008.0 small-vehicle 0
422.0 986.0 430.0 986.0 428.0 1006.0 420.0 1006.0 small-vehicle 0
571.0 1029.0 571.0 1020.0 592.0 1025.0 589.0 1032.0 small-vehicle 0
607.0 1038.0 609.0 1028.0 632.0 1032.0 631.0 1042.0 small-vehicle 0
651.0 1039.0 653.0 1030.0 672.0 1033.0 670.0 1041.0 small-vehicle 1
700.0 1042.0 701.0 1034.0 723.0 1038.0 721.0 1048.0 small-vehicle 0
797.0 1032.0 807.0 1032.0 805.0 1053.0 796.0 1052.0 small-vehicle 0
768.0 1095.0 777.0 1096.0 773.0 1116.0 766.0 1115.0 small-vehicle 0
978.0 1138.0 970.0 1131.0 986.0 1116.0 994.0 1122.0 small-vehicle 0
856.0 1045.0 864.0 1046.0 862.0 1064.0 853.0 1065.0 small-vehicle 0
1251.0 839.0 1252.0 830.0 1273.0 834.0 1273.0 842.0 small-vehicle 0
868.0 1046.0 876.0 1047.0 874.0 1065.0 866.0 1065.0 small-vehicle 0
890.0 1042.0 898.0 1043.0 898.0 1063.0 888.0 1062.0 small-vehicle 0
993.0 1081.0 995.0 1072.0 1015.0 1074.0 1015.0 1084.0 small-vehicle 0
1066.0 1087.0 1069.0 1080.0 1090.0 1083.0 1087.0 1092.0 small-vehicle 0
1111.0 1083.0 1103.0 1083.0 1102.0 1064.0 1112.0 1064.0 small-vehicle 0
1365.0 999.0 1363.0 1008.0 1342.0 1003.0 1344.0 993.0 small-vehicle 0
1404.0 977.0 1403.0 987.0 1378.0 985.0 1379.0 974.0 small-vehicle 0
1252.0 870.0 1257.0 862.0 1278.0 870.0 1275.0 878.0 small-vehicle 1
1255.0 852.0 1257.0 842.0 1278.0 849.0 1277.0 856.0 small-vehicle 0
1275.0 829.0 1284.0 826.0 1292.0 846.0 1283.0 851.0 small-vehicle 0
769.0 503.0 776.0 502.0 778.0 519.0 770.0 520.0 small-vehicle 0
637.0 484.0 646.0 485.0 645.0 505.0 636.0 504.0 small-vehicle 0
900.0 681.0 911.0 683.0 909.0 703.0 900.0 703.0 small-vehicle 0
193.0 880.0 186.0 888.0 168.0 873.0 176.0 864.0 ship 0
1370.0 163.0 1360.0 162.0 1358.0 140.0 1370.0 138.0 ship 0
1082.0 322.0 1080.0 331.0 1062.0 328.0 1062.0 319.0 ship 0
924.0 692.0 935.0 694.0 929.0 722.0 919.0 720.0 ship 0
1203.0 950.0 1192.0 948.0 1193.0 922.0 1208.0 922.0 ship 0
1114.0 929.0 1112.0 919.0 1142.0 919.0 1143.0 931.0 ship 0
862.0 815.0 873.0 816.0 874.0 845.0 861.0 846.0 ship 0
801.0 814.0 813.0 815.0 810.0 843.0 796.0 842.0 ship 0
609.0 894.0 597.0 893.0 600.0 870.0 611.0 872.0 ship 0
156.0 1072.0 167.0 1073.0 169.0 1101.0 156.0 1102.0 ship 0
158.0 1012.0 156.0 1022.0 133.0 1020.0 134.0 1008.0 ship 0
714.0 808.0 722.0 808.0 719.0 828.0 710.0 826.0 ship 0
875.0 681.0 885.0 680.0 886.0 701.0 878.0 701.0 small-vehicle 0
473.0 778.0 485.0 779.0 481.0 809.0 469.0 808.0 ship 0
379.0 774.0 391.0 774.0 389.0 800.0 377.0 800.0 ship 0
884.0 618.0 873.0 620.0 869.0 601.0 882.0 599.0 ship 0
748.0 556.0 758.0 557.0 758.0 580.0 746.0 580.0 ship 0
636.0 492.0 622.0 491.0 622.0 464.0 637.0 464.0 ship 0
603.0 283.0 589.0 283.0 590.0 255.0 604.0 254.0 ship 0
1603.0 210.0 1591.0 207.0 1595.0 177.0 1607.0 180.0 ship 0
1347.0 169.0 1332.0 172.0 1323.0 137.0 1338.0 133.0 ship 0
1283.0 183.0 1270.0 183.0 1267.0 151.0 1281.0 149.0 ship 0
1206.0 191.0 1190.0 193.0 1188.0 155.0 1202.0 154.0 ship 0
1230.0 181.0 1219.0 183.0 1215.0 164.0 1225.0 161.0 ship 0
1265.0 177.0 1253.0 180.0 1248.0 155.0 1263.0 153.0 ship 0
1299.0 315.0 1286.0 317.0 1286.0 291.0 1299.0 290.0 ship 0
1455.0 416.0 1449.0 405.0 1471.0 397.0 1478.0 407.0 ship 0
876.0 701.0 866.0 701.0 868.0 681.0 874.0 682.0 small-vehicle 0
804.0 715.0 795.0 714.0 800.0 694.0 807.0 696.0 small-vehicle 0
794.0 710.0 784.0 709.0 788.0 690.0 794.0 691.0 small-vehicle 0
781.0 708.0 774.0 707.0 775.0 688.0 785.0 689.0 small-vehicle 0
762.0 689.0 752.0 687.0 754.0 662.0 766.0 665.0 small-vehicle 0
736.0 687.0 728.0 686.0 730.0 664.0 737.0 665.0 small-vehicle 0
690.0 637.0 691.0 627.0 715.0 629.0 715.0 640.0 small-vehicle 0
663.0 619.0 668.0 611.0 691.0 621.0 685.0 630.0 small-vehicle 0
542.0 670.0 533.0 669.0 535.0 649.0 543.0 648.0 small-vehicle 0
493.0 619.0 492.0 610.0 514.0 610.0 515.0 619.0 small-vehicle 0
426.0 663.0 417.0 661.0 419.0 644.0 428.0 645.0 small-vehicle 1
306.0 645.0 303.0 635.0 322.0 633.0 325.0 641.0 small-vehicle 1
363.0 557.0 368.0 550.0 383.0 561.0 379.0 567.0 small-vehicle 1
371.0 528.0 379.0 523.0 394.0 540.0 387.0 544.0 small-vehicle 1
1622.0 947.0 1618.0 934.0 1649.0 930.0 1650.0 943.0 ship 0
1601.0 1105.0 1603.0 1095.0 1633.0 1098.0 1631.0 1110.0 ship 0
1197.0 424.0 1191.0 429.0 1182.0 419.0 1189.0 415.0 ship 1
1506.0 654.0 1516.0 644.0 1536.0 667.0 1526.0 675.0 ship 0
1495.0 505.0 1507.0 505.0 1506.0 534.0 1492.0 532.0 ship 0
1647.0 590.0 1634.0 583.0 1646.0 556.0 1661.0 563.0 ship 0
1454.0 338.0 1443.0 337.0 1445.0 321.0 1455.0 321.0 ship 0
488.0 247.0 508.0 250.0 496.0 377.0 475.0 373.0 harbor 0
