imagesource:GoogleEarth
gsd:0.252373274883
2027.0 344.0 2017.0 343.0 2019.0 325.0 2029.0 325.0 small-vehicle 1
1676.0 210.0 1680.0 224.0 1654.0 232.0 1650.0 221.0 ship 0
104.0 271.0 104.0 279.0 78.0 279.0 77.0 270.0 small-vehicle 0
50.0 250.0 51.0 241.0 71.0 244.0 69.0 252.0 small-vehicle 0
17.0 247.0 20.0 237.0 42.0 240.0 41.0 248.0 small-vehicle 0
105.0 83.0 105.0 93.0 85.0 92.0 87.0 81.0 ship 0
399.0 625.0 406.0 625.0 403.0 644.0 396.0 643.0 ship 0
378.0 452.0 386.0 449.0 378.0 433.0 369.0 439.0 ship 0
288.0 415.0 292.0 404.0 317.0 407.0 316.0 419.0 ship 0
426.0 179.0 425.0 192.0 399.0 190.0 401.0 175.0 ship 0
1166.0 71.0 1176.0 71.0 1176.0 95.0 1163.0 95.0 ship 0
1153.0 117.0 1161.0 126.0 1144.0 143.0 1137.0 137.0 ship 0
1290.0 226.0 1291.0 239.0 1260.0 239.0 1259.0 224.0 ship 0
989.0 755.0 1002.0 755.0 1002.0 780.0 989.0 782.0 ship 0
1641.0 530.0 1640.0 542.0 1609.0 542.0 1609.0 531.0 ship 0
1762.0 412.0 1750.0 412.0 1752.0 388.0 1764.0 389.0 ship 0
1505.0 258.0 1514.0 259.0 1515.0 284.0 1504.0 284.0 ship 0
1720.0 266.0 1722.0 254.0 1749.0 257.0 1749.0 266.0 ship 0
1722.0 248.0 1725.0 236.0 1751.0 240.0 1751.0 250.0 ship 0
144.0 259.0 146.0 251.0 166.0 255.0 166.0 262.0 small-vehicle 0
177.0 263.0 178.0 254.0 199.0 258.0 197.0 266.0 small-vehicle 0
294.0 222.0 304.0 220.0 302.0 239.0 291.0 240.0 small-vehicle 0
363.0 276.0 361.0 284.0 345.0 282.0 346.0 275.0 small-vehicle 1
538.0 558.0 538.0 567.0 513.0 566.0 513.0 556.0 small-vehicle 1
374.0 578.0 362.0 579.0 365.0 555.0 375.0 555.0 small-vehicle 1
281.0 377.0 290.0 378.0 290.0 396.0 281.0 396.0 small-vehicle 1
329.0 154.0 330.0 144.0 348.0 147.0 346.0 155.0 small-vehicle 1
348.0 159.0 348.0 168.0 325.0 167.0 327.0 158.0 small-vehicle 1
546.0 319.0 546.0 328.0 526.0 327.0 527.0 318.0 small-vehicle 1
464.0 312.0 464.0 320.0 443.0 319.0 444.0 308.0 small-vehicle 1
341.0 274.0 341.0 282.0 320.0 280.0 320.0 271.0 small-vehicle 1
305.0 295.0 300.0 299.0 286.0 286.0 292.0 280.0 small-vehicle 0
207.0 265.0 209.0 258.0 225.0 261.0 224.0 268.0 small-vehicle 1
233.0 55.0 235.0 47.0 256.0 49.0 255.0 57.0 small-vehicle 0
319.0 77.0 309.0 77.0 312.0 60.0 321.0 62.0 small-vehicle 0
310.0 81.0 319.0 80.0 317.0 98.0 308.0 98.0 small-vehicle 0
297.0 197.0 306.0 200.0 303.0 217.0 293.0 216.0 small-vehicle 0
299.0 171.0 307.0 172.0 305.0 192.0 296.0 192.0 small-vehicle 0
260.0 375.0 250.0 372.0 254.0 350.0 263.0 350.0 small-vehicle 0
1670.0 232.0 1678.0 244.0 1655.0 255.0 1647.0 243.0 ship 0
1897.0 296.0 1898.0 285.0 1922.0 287.0 1922.0 297.0 ship 1
2143.0 185.0 2153.0 185.0 2150.0 212.0 2140.0 212.0 small-vehicle 1
1965.0 285.0 1967.0 275.0 1994.0 276.0 1994.0 286.0 ship 1
398.0 895.0 413.0 896.0 408.0 931.0 395.0 930.0 ship 0
2535.0 812.0 2495.0 810.0 2534.0 469.0 2568.0 473.0 harbor 0
2459.0 807.0 2432.0 806.0 2470.0 430.0 2495.0 431.0 harbor 0
2398.0 840.0 2370.0 837.0 2420.0 426.0 2445.0 428.0 harbor 0
2191.0 794.0 2169.0 792.0 2202.0 468.0 2227.0 472.0 harbor 0
2043.0 918.0 1979.0 910.0 2039.0 436.0 2102.0 447.0 harbor 0
1937.0 781.0 1910.0 776.0 1952.0 444.0 1977.0 446.0 harbor 0
1859.0 930.0 1817.0 924.0 1875.0 508.0 1910.0 511.0 harbor 0
1718.0 962.0 1694.0 960.0 1712.0 757.0 1736.0 759.0 harbor 0
1400.0 1008.0 1360.0 1003.0 1382.0 785.0 1421.0 789.0 harbor 0
1324.0 1007.0 1301.0 1003.0 1329.0 778.0 1351.0 780.0 harbor 0
1048.0 1063.0 1011.0 1055.0 1048.0 840.0 1085.0 845.0 harbor 0
932.0 1041.0 902.0 1036.0 925.0 884.0 956.0 890.0 harbor 0
614.0 986.0 588.0 981.0 606.0 806.0 635.0 811.0 harbor 0
519.0 958.0 501.0 956.0 525.0 748.0 546.0 749.0 harbor 0
438.0 952.0 406.0 947.0 435.0 717.0 470.0 722.0 harbor 0
324.0 902.0 298.0 898.0 337.0 691.0 360.0 693.0 harbor 0
521.0 913.0 538.0 914.0 535.0 959.0 519.0 957.0 ship 0
578.0 944.0 593.0 946.0 588.0 974.0 574.0 973.0 ship 0
935.0 998.0 951.0 1000.0 945.0 1037.0 929.0 1035.0 ship 0
1941.0 755.0 1951.0 755.0 1949.0 783.0 1939.0 782.0 ship 0
2040.0 248.0 2041.0 238.0 2063.0 240.0 2062.0 250.0 ship 1
2382.0 359.0 2382.0 344.0 2406.0 348.0 2404.0 362.0 ship 1
2401.0 383.0 2399.0 391.0 2381.0 389.0 2381.0 379.0 ship 1
2399.0 374.0 2399.0 383.0 2381.0 379.0 2380.0 371.0 ship 1
2138.0 559.0 2127.0 559.0 2128.0 533.0 2141.0 532.0 ship 0
2651.0 786.0 2638.0 781.0 2650.0 755.0 2661.0 760.0 ship 0
2186.0 773.0 2196.0 774.0 2195.0 798.0 2183.0 799.0 ship 0
1865.0 893.0 1853.0 893.0 1855.0 867.0 1867.0 867.0 ship 0
1845.0 899.0 1826.0 897.0 1832.0 857.0 1849.0 859.0 ship 0
1376.0 989.0 1378.0 980.0 1403.0 984.0 1401.0 993.0 ship 0
325.0 879.0 336.0 881.0 332.0 905.0 322.0 904.0 ship 0
72.0 804.0 85.0 807.0 79.0 835.0 67.0 833.0 ship 0
2164.0 764.0 2179.0 766.0 2175.0 798.0 2160.0 796.0 ship 0
2038.0 864.0 2052.0 862.0 2054.0 892.0 2042.0 894.0 ship 0
2020.0 865.0 2034.0 864.0 2035.0 894.0 2023.0 896.0 ship 0
2000.0 861.0 2012.0 864.0 2004.0 894.0 1991.0 891.0 ship 0
584.0 590.0 581.0 583.0 597.0 573.0 602.0 579.0 small-vehicle 1
615.0 601.0 607.0 602.0 606.0 581.0 614.0 579.0 small-vehicle 1
633.0 588.0 625.0 591.0 621.0 573.0 631.0 571.0 small-vehicle 1
596.0 570.0 590.0 561.0 606.0 553.0 610.0 560.0 small-vehicle 1
1256.0 379.0 1255.0 388.0 1233.0 385.0 1234.0 375.0 small-vehicle 1
1051.0 353.0 1049.0 362.0 1031.0 360.0 1031.0 352.0 small-vehicle 1
992.0 357.0 994.0 347.0 1020.0 348.0 1017.0 357.0 small-vehicle 1
968.0 353.0 969.0 343.0 993.0 347.0 990.0 356.0 small-vehicle 1
1212.0 373.0 1212.0 381.0 1194.0 379.0 1193.0 371.0 small-vehicle 0
986.0 602.0 985.0 610.0 964.0 607.0 964.0 599.0 small-vehicle 0
1220.0 406.0 1221.0 396.0 1247.0 400.0 1246.0 409.0 small-vehicle 0
1030.0 361.0 1034.0 369.0 1015.0 376.0 1010.0 368.0 small-vehicle 0
929.0 350.0 930.0 340.0 951.0 344.0 951.0 353.0 small-vehicle 0
956.0 230.0 964.0 229.0 966.0 249.0 957.0 250.0 small-vehicle 0
941.0 184.0 941.0 194.0 920.0 192.0 921.0 183.0 small-vehicle 0
829.0 142.0 838.0 143.0 838.0 165.0 827.0 165.0 small-vehicle 0
794.0 136.0 803.0 137.0 803.0 157.0 794.0 156.0 small-vehicle 0
808.0 218.0 798.0 218.0 799.0 194.0 808.0 195.0 small-vehicle 0
803.0 247.0 794.0 247.0 796.0 225.0 806.0 225.0 small-vehicle 0
830.0 268.0 819.0 269.0 821.0 247.0 830.0 246.0 small-vehicle 0
831.0 340.0 834.0 330.0 854.0 335.0 852.0 345.0 small-vehicle 0
1665.0 591.0 1667.0 582.0 1687.0 588.0 1684.0 595.0 small-vehicle 1
1465.0 403.0 1465.0 411.0 1443.0 409.0 1444.0 401.0 small-vehicle 1
1599.0 420.0 1599.0 429.0 1574.0 426.0 1574.0 417.0 small-vehicle 1
1630.0 42.0 1630.0 51.0 1609.0 48.0 1609.0 39.0 small-vehicle 1
2055.0 217.0 2051.0 226.0 2034.0 219.0 2037.0 212.0 small-vehicle 0
2215.0 25.0 2224.0 26.0 2221.0 49.0 2212.0 48.0 small-vehicle 0
2172.0 61.0 2185.0 62.0 2181.0 85.0 2169.0 84.0 small-vehicle 0
1965.0 88.0 1966.0 79.0 1987.0 83.0 1984.0 90.0 small-vehicle 0
1824.0 343.0 1834.0 344.0 1833.0 361.0 1823.0 360.0 small-vehicle 1
1747.0 79.0 1747.0 87.0 1730.0 86.0 1730.0 78.0 small-vehicle 1
1623.0 66.0 1621.0 74.0 1604.0 72.0 1604.0 63.0 small-vehicle 1
1606.0 39.0 1603.0 47.0 1586.0 45.0 1585.0 36.0 small-vehicle 1
1355.0 115.0 1364.0 117.0 1362.0 140.0 1352.0 138.0 small-vehicle 1
1542.0 41.0 1544.0 32.0 1564.0 35.0 1563.0 43.0 small-vehicle 1
1264.0 34.0 1266.0 25.0 1287.0 28.0 1285.0 36.0 small-vehicle 1
1232.0 29.0 1234.0 21.0 1253.0 25.0 1251.0 32.0 small-vehicle 1
1167.0 14.0 1166.0 24.0 1145.0 21.0 1147.0 12.0 small-vehicle 1
1142.0 11.0 1142.0 20.0 1122.0 19.0 1123.0 11.0 small-vehicle 1
1090.0 13.0 1091.0 6.0 1108.0 9.0 1107.0 16.0 small-vehicle 1
1306.0 102.0 1296.0 102.0 1298.0 82.0 1308.0 82.0 small-vehicle 1
918.0 481.0 916.0 469.0 936.0 467.0 936.0 477.0 small-vehicle 0
807.0 441.0 798.0 443.0 797.0 421.0 807.0 420.0 small-vehicle 0
771.0 456.0 779.0 458.0 777.0 481.0 768.0 479.0 small-vehicle 0
718.0 326.0 718.0 316.0 741.0 320.0 740.0 328.0 small-vehicle 1
851.0 51.0 842.0 52.0 843.0 32.0 851.0 31.0 small-vehicle 1
847.0 83.0 836.0 83.0 840.0 59.0 849.0 60.0 small-vehicle 1
664.0 130.0 654.0 129.0 655.0 106.0 664.0 106.0 small-vehicle 1
827.0 173.0 837.0 175.0 836.0 198.0 826.0 198.0 small-vehicle 1
826.0 208.0 835.0 209.0 834.0 231.0 826.0 230.0 small-vehicle 1
879.0 368.0 879.0 358.0 900.0 361.0 899.0 369.0 small-vehicle 1
844.0 363.0 845.0 352.0 868.0 357.0 867.0 364.0 small-vehicle 1
746.0 708.0 754.0 709.0 752.0 728.0 745.0 728.0 small-vehicle 1
807.0 133.0 816.0 134.0 813.0 155.0 803.0 156.0 small-vehicle 1
773.0 641.0 781.0 643.0 782.0 663.0 773.0 662.0 small-vehicle 1
785.0 526.0 794.0 527.0 792.0 548.0 783.0 547.0 small-vehicle 1
760.0 540.0 768.0 540.0 769.0 563.0 760.0 563.0 small-vehicle 1
673.0 550.0 673.0 559.0 652.0 558.0 654.0 548.0 small-vehicle 1
649.0 548.0 649.0 557.0 627.0 555.0 629.0 546.0 small-vehicle 1
617.0 549.0 609.0 549.0 608.0 531.0 619.0 532.0 small-vehicle 1
591.0 541.0 580.0 541.0 583.0 515.0 593.0 515.0 small-vehicle 1
810.0 104.0 820.0 105.0 818.0 128.0 808.0 128.0 small-vehicle 1
479.0 245.0 482.0 256.0 464.0 266.0 458.0 258.0 small-vehicle 0
765.0 483.0 775.0 484.0 772.0 509.0 763.0 508.0 small-vehicle 0
682.0 323.0 684.0 313.0 706.0 316.0 703.0 326.0 small-vehicle 0
788.0 499.0 799.0 499.0 795.0 523.0 786.0 523.0 small-vehicle 0
784.0 563.0 792.0 564.0 791.0 586.0 781.0 584.0 small-vehicle 0
780.0 587.0 790.0 587.0 788.0 611.0 779.0 610.0 small-vehicle 0
778.0 615.0 785.0 617.0 784.0 633.0 777.0 633.0 small-vehicle 0
753.0 593.0 761.0 594.0 760.0 618.0 750.0 617.0 small-vehicle 0
733.0 617.0 722.0 616.0 724.0 593.0 737.0 594.0 ship 0
744.0 579.0 743.0 588.0 721.0 587.0 722.0 578.0 small-vehicle 0
663.0 321.0 664.0 311.0 685.0 312.0 684.0 322.0 small-vehicle 0
401.0 281.0 399.0 291.0 380.0 289.0 383.0 279.0 small-vehicle 0
664.0 311.0 663.0 319.0 644.0 315.0 646.0 307.0 small-vehicle 0
613.0 304.0 612.0 313.0 593.0 312.0 595.0 302.0 small-vehicle 0
590.0 302.0 588.0 312.0 563.0 309.0 565.0 300.0 small-vehicle 0
556.0 298.0 554.0 308.0 535.0 305.0 536.0 295.0 small-vehicle 0
507.0 294.0 505.0 303.0 487.0 300.0 488.0 291.0 small-vehicle 0
484.0 291.0 484.0 301.0 461.0 299.0 464.0 289.0 small-vehicle 0
427.0 283.0 425.0 293.0 410.0 292.0 411.0 282.0 small-vehicle 0
89.0 833.0 55.0 824.0 92.0 640.0 125.0 646.0 harbor 0
