imagesource:GoogleEarth
gsd:0.127050104484
1671.0 402.0 1679.0 393.0 1697.0 407.0 1687.0 418.0 ship 1
1232.0 854.0 1249.0 862.0 1230.0 905.0 1212.0 896.0 ship 0
483.0 585.0 439.0 568.0 623.0 151.0 665.0 168.0 harbor 0
618.0 634.0 572.0 613.0 738.0 228.0 787.0 245.0 harbor 0
812.0 705.0 731.0 668.0 883.0 363.0 970.0 402.0 harbor 0
984.0 808.0 923.0 774.0 1059.0 478.0 1134.0 511.0 harbor 0
1209.0 913.0 1155.0 886.0 1276.0 642.0 1337.0 668.0 harbor 0
1569.0 996.0 1437.0 936.0 1698.0 378.0 1817.0 424.0 harbor 0
2177.0 1162.0 2118.0 1146.0 2299.0 527.0 2358.0 538.0 harbor 0
2498.0 1372.0 2419.0 1335.0 2563.0 964.0 2636.0 1001.0 harbor 0
316.0 466.0 341.0 475.0 321.0 525.0 298.0 516.0 ship 0
435.0 507.0 459.0 517.0 439.0 578.0 410.0 569.0 ship 0
636.0 588.0 662.0 599.0 628.0 662.0 605.0 652.0 ship 0
1006.0 748.0 1028.0 758.0 1000.0 813.0 981.0 804.0 ship 0
1271.0 852.0 1295.0 863.0 1265.0 922.0 1241.0 913.0 ship 0
1448.0 868.0 1470.0 878.0 1442.0 937.0 1421.0 929.0 ship 0
2609.0 831.0 2613.0 818.0 2644.0 832.0 2642.0 844.0 small-vehicle 0
1444.0 241.0 1456.0 243.0 1448.0 276.0 1435.0 272.0 ship 0
2025.0 211.0 2006.0 205.0 2026.0 163.0 2042.0 169.0 small-vehicle 0
1989.0 197.0 1971.0 192.0 1982.0 155.0 1997.0 160.0 small-vehicle 1
1834.0 99.0 1819.0 96.0 1831.0 62.0 1845.0 67.0 small-vehicle 1
1979.0 7.0 1990.0 12.0 1975.0 50.0 1961.0 45.0 small-vehicle 0
2345.0 20.0 2359.0 27.0 2342.0 63.0 2326.0 57.0 small-vehicle 1
2285.0 66.0 2271.0 61.0 2287.0 27.0 2299.0 34.0 small-vehicle 0
2314.0 17.0 2330.0 23.0 2318.0 59.0 2302.0 53.0 small-vehicle 0
2598.0 297.0 2582.0 297.0 2585.0 264.0 2599.0 266.0 small-vehicle 0
2311.0 248.0 2330.0 251.0 2322.0 299.0 2303.0 295.0 ship 0
2595.0 300.0 2611.0 299.0 2612.0 355.0 2591.0 354.0 ship 0
2609.0 810.0 2613.0 797.0 2656.0 809.0 2653.0 827.0 small-vehicle 0
2698.0 884.0 2691.0 898.0 2658.0 885.0 2663.0 871.0 small-vehicle 0
320.0 526.0 225.0 472.0 348.0 130.0 452.0 175.0 harbor 0
