imagesource:GoogleEarth
gsd:0.124156920681
2697.0 857.0 2677.0 856.0 2678.0 814.0 2698.0 815.0 small-vehicle 1
2697.0 517.0 2773.0 523.0 2767.0 569.0 2691.0 562.0 harbor 0
2359.0 502.0 2410.0 505.0 2405.0 569.0 2356.0 565.0 harbor 0
2064.0 495.0 2060.0 520.0 1957.0 511.0 1959.0 488.0 harbor 0
1815.0 459.0 1876.0 462.0 1870.0 530.0 1809.0 528.0 harbor 0
1446.0 426.0 1519.0 435.0 1511.0 502.0 1438.0 496.0 harbor 0
1408.0 423.0 1421.0 423.0 1413.0 495.0 1401.0 495.0 harbor 0
1316.0 414.0 1328.0 415.0 1322.0 489.0 1310.0 487.0 harbor 0
1252.0 406.0 1289.0 409.0 1283.0 483.0 1246.0 479.0 harbor 0
1036.0 395.0 1110.0 400.0 1106.0 476.0 1033.0 470.0 harbor 0
1134.0 402.0 1145.0 402.0 1139.0 477.0 1128.0 476.0 harbor 0
856.0 381.0 920.0 388.0 916.0 458.0 849.0 453.0 harbor 0
948.0 389.0 963.0 392.0 955.0 460.0 941.0 460.0 harbor 0
569.0 375.0 603.0 380.0 596.0 433.0 564.0 429.0 harbor 0
195.0 365.0 198.0 334.0 348.0 337.0 346.0 365.0 harbor 0
80.0 140.0 98.0 127.0 142.0 175.0 122.0 191.0 ship 0
325.0 149.0 348.0 150.0 343.0 213.0 321.0 211.0 ship 0
538.0 170.0 555.0 191.0 514.0 226.0 495.0 208.0 ship 0
591.0 423.0 572.0 422.0 575.0 378.0 594.0 379.0 ship 0
2506.0 532.0 2604.0 542.0 2600.0 574.0 2503.0 567.0 harbor 0
2901.0 535.0 2993.0 542.0 2989.0 588.0 2895.0 581.0 harbor 0
966.0 197.0 991.0 198.0 985.0 269.0 962.0 268.0 ship 0
3080.0 542.0 3162.0 550.0 3155.0 602.0 3074.0 592.0 harbor 0
343.0 203.0 349.0 161.0 497.0 178.0 492.0 221.0 harbor 0
582.0 224.0 585.0 193.0 728.0 200.0 725.0 231.0 harbor 0
910.0 277.0 752.0 261.0 768.0 162.0 922.0 170.0 harbor 0
1059.0 266.0 984.0 257.0 994.0 189.0 1066.0 198.0 harbor 0
1173.0 251.0 1176.0 222.0 1262.0 229.0 1259.0 257.0 harbor 0
1478.0 270.0 1366.0 262.0 1372.0 218.0 1483.0 228.0 harbor 0
1588.0 300.0 1509.0 293.0 1516.0 229.0 1593.0 235.0 harbor 0
1827.0 312.0 1733.0 302.0 1740.0 242.0 1830.0 246.0 harbor 0
2000.0 318.0 1892.0 309.0 1895.0 261.0 2003.0 270.0 harbor 0
2180.0 335.0 2098.0 322.0 2104.0 280.0 2187.0 291.0 harbor 0
2555.0 351.0 2461.0 344.0 2464.0 309.0 2557.0 315.0 harbor 0
2695.0 359.0 2623.0 356.0 2628.0 316.0 2697.0 321.0 harbor 0
2890.0 385.0 2831.0 380.0 2838.0 324.0 2892.0 327.0 harbor 0
3140.0 415.0 3017.0 408.0 3022.0 340.0 3143.0 351.0 harbor 0
3280.0 409.0 3206.0 403.0 3210.0 348.0 3285.0 355.0 harbor 0
3424.0 415.0 3356.0 412.0 3362.0 356.0 3429.0 363.0 harbor 0
3239.0 555.0 3334.0 562.0 3331.0 614.0 3233.0 603.0 harbor 0
942.0 441.0 916.0 441.0 919.0 384.0 944.0 384.0 ship 0
775.0 261.0 776.0 238.0 843.0 242.0 841.0 267.0 ship 0
2699.0 810.0 2681.0 808.0 2679.0 764.0 2704.0 764.0 ship 0
3108.0 365.0 3133.0 368.0 3125.0 425.0 3101.0 421.0 ship 0
3236.0 604.0 3214.0 603.0 3216.0 550.0 3238.0 549.0 ship 0
428.0 107.0 441.0 104.0 452.0 129.0 438.0 133.0 ship 0
385.0 190.0 388.0 176.0 420.0 179.0 420.0 195.0 ship 0
574.0 240.0 574.0 219.0 615.0 222.0 617.0 241.0 ship 0
425.0 195.0 425.0 180.0 456.0 182.0 455.0 200.0 ship 1
289.0 659.0 295.0 643.0 330.0 657.0 325.0 669.0 small-vehicle 1
287.0 683.0 290.0 669.0 326.0 680.0 323.0 693.0 small-vehicle 1
413.0 842.0 402.0 829.0 441.0 803.0 452.0 819.0 small-vehicle 1
1244.0 695.0 1224.0 697.0 1222.0 651.0 1242.0 648.0 small-vehicle 1
1250.0 458.0 1232.0 458.0 1231.0 405.0 1255.0 408.0 ship 0
2066.0 705.0 2085.0 706.0 2083.0 745.0 2065.0 744.0 small-vehicle 0
2297.0 87.0 2280.0 89.0 2281.0 54.0 2297.0 53.0 small-vehicle 1
2832.0 137.0 2814.0 135.0 2822.0 98.0 2837.0 99.0 small-vehicle 1
2939.0 41.0 2942.0 22.0 2986.0 26.0 2983.0 45.0 small-vehicle 0
3201.0 144.0 3182.0 145.0 3185.0 103.0 3202.0 105.0 small-vehicle 0
3216.0 117.0 3232.0 123.0 3224.0 158.0 3207.0 156.0 small-vehicle 0
3442.0 187.0 3424.0 188.0 3428.0 145.0 3444.0 148.0 small-vehicle 0
3424.0 411.0 3425.0 385.0 3471.0 387.0 3471.0 411.0 ship 0
3016.0 594.0 2986.0 589.0 2993.0 526.0 3023.0 532.0 ship 0
1134.0 458.0 1106.0 456.0 1111.0 395.0 1137.0 397.0 ship 0
2907.0 535.0 2908.0 511.0 2962.0 516.0 2958.0 539.0 ship 0
1151.0 272.0 1152.0 248.0 1211.0 252.0 1207.0 275.0 ship 0
1316.0 476.0 1291.0 476.0 1295.0 406.0 1318.0 408.0 ship 0
1441.0 486.0 1420.0 482.0 1424.0 426.0 1446.0 428.0 ship 0
1348.0 291.0 1351.0 264.0 1427.0 269.0 1425.0 296.0 ship 0
1425.0 232.0 1423.0 255.0 1360.0 250.0 1362.0 226.0 ship 0
1597.0 258.0 1622.0 259.0 1618.0 311.0 1595.0 308.0 ship 0
1811.0 528.0 1778.0 526.0 1782.0 449.0 1816.0 451.0 ship 0
1893.0 533.0 1871.0 532.0 1875.0 473.0 1896.0 475.0 ship 0
2001.0 277.0 2026.0 278.0 2020.0 338.0 2000.0 336.0 ship 0
2063.0 344.0 2066.0 323.0 2117.0 328.0 2114.0 349.0 ship 0
2361.0 562.0 2333.0 562.0 2333.0 496.0 2359.0 495.0 ship 0
2379.0 339.0 2379.0 361.0 2328.0 359.0 2328.0 336.0 ship 0
2442.0 299.0 2464.0 300.0 2461.0 360.0 2438.0 358.0 ship 0
2639.0 517.0 2637.0 544.0 2548.0 536.0 2550.0 504.0 ship 0
2817.0 496.0 2816.0 529.0 2720.0 521.0 2721.0 488.0 ship 0
2760.0 367.0 2758.0 393.0 2692.0 385.0 2694.0 359.0 ship 0
2901.0 585.0 2874.0 582.0 2874.0 511.0 2901.0 510.0 ship 0
261.0 146.0 256.0 190.0 105.0 180.0 113.0 131.0 harbor 0
