imagesource:GoogleEarth
gsd:0.12457654808
2526.0 814.0 2550.0 814.0 2547.0 859.0 2527.0 860.0 small-vehicle 1
1393.0 529.0 1435.0 531.0 1433.0 606.0 1390.0 603.0 harbor 0
2395.0 595.0 2458.0 601.0 2453.0 653.0 2392.0 650.0 harbor 0
2284.0 585.0 2323.0 590.0 2316.0 631.0 2280.0 627.0 harbor 0
2133.0 578.0 2188.0 583.0 2183.0 624.0 2127.0 617.0 harbor 0
1952.0 564.0 2038.0 570.0 2038.0 628.0 1949.0 618.0 harbor 0
1835.0 556.0 1876.0 558.0 1874.0 636.0 1831.0 632.0 harbor 0
1701.0 552.0 1743.0 555.0 1736.0 626.0 1695.0 621.0 harbor 0
1537.0 545.0 1588.0 552.0 1580.0 620.0 1529.0 615.0 harbor 0
1249.0 526.0 1290.0 530.0 1285.0 602.0 1247.0 599.0 harbor 0
2730.0 619.0 2792.0 626.0 2789.0 678.0 2725.0 673.0 harbor 0
1119.0 519.0 1157.0 521.0 1155.0 590.0 1113.0 587.0 harbor 0
933.0 501.0 993.0 506.0 987.0 560.0 927.0 553.0 harbor 0
799.0 492.0 860.0 498.0 857.0 543.0 795.0 539.0 harbor 0
663.0 476.0 723.0 484.0 719.0 528.0 659.0 522.0 harbor 0
465.0 457.0 597.0 466.0 594.0 519.0 460.0 510.0 harbor 0
377.0 466.0 423.0 470.0 419.0 525.0 374.0 522.0 harbor 0
88.0 425.0 116.0 428.0 106.0 510.0 79.0 508.0 harbor 0
2583.0 610.0 2645.0 615.0 2641.0 670.0 2578.0 665.0 harbor 0
2868.0 633.0 2946.0 638.0 2942.0 690.0 2866.0 686.0 harbor 0
2581.0 411.0 2604.0 411.0 2602.0 464.0 2577.0 463.0 ship 0
1510.0 380.0 1455.0 372.0 1461.0 315.0 1514.0 320.0 harbor 0
453.0 313.0 420.0 311.0 424.0 237.0 456.0 240.0 harbor 0
580.0 313.0 524.0 309.0 527.0 267.0 581.0 270.0 harbor 0
742.0 320.0 666.0 315.0 670.0 280.0 744.0 285.0 harbor 0
876.0 332.0 824.0 327.0 828.0 294.0 879.0 300.0 harbor 0
938.0 338.0 927.0 337.0 929.0 303.0 941.0 303.0 harbor 0
1119.0 377.0 1006.0 364.0 1013.0 305.0 1128.0 319.0 harbor 0
1326.0 390.0 1245.0 385.0 1245.0 329.0 1327.0 333.0 harbor 0
1573.0 373.0 1575.0 349.0 1687.0 355.0 1686.0 377.0 harbor 0
2977.0 476.0 2925.0 470.0 2926.0 426.0 2979.0 432.0 harbor 0
1910.0 407.0 1859.0 403.0 1864.0 341.0 1918.0 348.0 harbor 0
2044.0 417.0 1993.0 409.0 1999.0 356.0 2051.0 362.0 harbor 0
2224.0 436.0 2166.0 429.0 2169.0 374.0 2229.0 379.0 harbor 0
2355.0 459.0 2305.0 451.0 2311.0 387.0 2363.0 391.0 harbor 0
2498.0 456.0 2448.0 449.0 2450.0 399.0 2503.0 403.0 harbor 0
2656.0 465.0 2600.0 458.0 2602.0 401.0 2660.0 409.0 harbor 0
2808.0 478.0 2733.0 470.0 2740.0 414.0 2811.0 421.0 harbor 0
289.0 246.0 313.0 249.0 308.0 304.0 284.0 302.0 ship 0
139.0 482.0 112.0 481.0 116.0 425.0 144.0 427.0 ship 0
332.0 468.0 334.0 443.0 397.0 444.0 396.0 469.0 ship 0
2465.0 140.0 2445.0 138.0 2454.0 95.0 2472.0 95.0 small-vehicle 1
2751.0 426.0 2771.0 428.0 2766.0 474.0 2749.0 472.0 ship 0
2859.0 678.0 2834.0 675.0 2842.0 616.0 2866.0 619.0 ship 0
2906.0 429.0 2930.0 432.0 2924.0 491.0 2899.0 488.0 ship 0
400.0 248.0 426.0 248.0 423.0 305.0 397.0 306.0 ship 0
2032.0 175.0 2016.0 173.0 2020.0 133.0 2037.0 134.0 small-vehicle 1
2194.0 129.0 2178.0 126.0 2186.0 92.0 2200.0 93.0 small-vehicle 1
2407.0 152.0 2387.0 151.0 2387.0 103.0 2409.0 103.0 small-vehicle 1
2444.0 145.0 2466.0 148.0 2463.0 202.0 2437.0 203.0 ship 0
446.0 512.0 419.0 512.0 420.0 454.0 447.0 455.0 ship 0
2232.0 679.0 2254.0 678.0 2259.0 720.0 2239.0 724.0 swimming-pool 0
1021.0 765.0 1038.0 767.0 1037.0 808.0 1020.0 808.0 small-vehicle 0
1025.0 714.0 1042.0 715.0 1042.0 759.0 1024.0 758.0 small-vehicle 0
538.0 756.0 557.0 758.0 555.0 805.0 538.0 803.0 small-vehicle 0
417.0 726.0 435.0 723.0 437.0 771.0 418.0 771.0 small-vehicle 0
854.0 83.0 836.0 81.0 839.0 42.0 858.0 43.0 small-vehicle 1
1116.0 559.0 1095.0 558.0 1098.0 512.0 1118.0 513.0 ship 0
2433.0 395.0 2457.0 399.0 2448.0 461.0 2424.0 456.0 ship 0
2147.0 388.0 2171.0 391.0 2164.0 447.0 2139.0 445.0 ship 0
2228.0 384.0 2254.0 386.0 2246.0 456.0 2220.0 454.0 ship 0
2368.0 400.0 2391.0 403.0 2386.0 462.0 2363.0 459.0 ship 0
459.0 240.0 486.0 242.0 479.0 315.0 456.0 312.0 ship 0
587.0 274.0 614.0 276.0 605.0 342.0 579.0 339.0 ship 0
746.0 546.0 720.0 542.0 727.0 470.0 754.0 474.0 ship 0
800.0 525.0 778.0 524.0 779.0 471.0 802.0 471.0 ship 0
746.0 293.0 771.0 295.0 766.0 352.0 738.0 349.0 ship 0
888.0 545.0 862.0 543.0 863.0 484.0 893.0 487.0 ship 0
911.0 499.0 911.0 480.0 967.0 478.0 966.0 500.0 ship 0
1183.0 574.0 1157.0 572.0 1161.0 518.0 1186.0 519.0 ship 0
1920.0 360.0 1945.0 364.0 1937.0 424.0 1915.0 423.0 ship 0
1976.0 375.0 1993.0 376.0 1987.0 425.0 1971.0 423.0 ship 0
2058.0 623.0 2035.0 620.0 2038.0 564.0 2064.0 566.0 ship 0
2216.0 629.0 2190.0 628.0 2193.0 574.0 2217.0 576.0 ship 0
2278.0 637.0 2254.0 635.0 2258.0 578.0 2280.0 581.0 ship 0
2479.0 654.0 2456.0 652.0 2458.0 591.0 2484.0 593.0 ship 0
2562.0 714.0 2543.0 711.0 2545.0 668.0 2565.0 670.0 ship 0
284.0 306.0 256.0 304.0 259.0 210.0 286.0 210.0 harbor 0
