imagesource:GoogleEarth
gsd:0.250210481695
1059.0 946.0 1069.0 944.0 1074.0 965.0 1066.0 966.0 small-vehicle 1
1046.0 1103.0 1044.0 1094.0 1065.0 1092.0 1067.0 1100.0 small-vehicle 1
3092.0 160.0 3116.0 155.0 3162.0 409.0 3140.0 415.0 harbor 0
3005.0 196.0 3036.0 192.0 3079.0 438.0 3053.0 445.0 harbor 0
2919.0 230.0 2952.0 222.0 2995.0 466.0 2963.0 472.0 harbor 0
2812.0 265.0 2850.0 259.0 2886.0 490.0 2855.0 496.0 harbor 0
2719.0 345.0 2754.0 339.0 2786.0 533.0 2755.0 542.0 harbor 0
2609.0 354.0 2642.0 347.0 2686.0 572.0 2657.0 579.0 harbor 0
2384.0 448.0 2413.0 441.0 2457.0 657.0 2426.0 665.0 harbor 0
2200.0 473.0 2236.0 464.0 2273.0 704.0 2235.0 711.0 harbor 0
2094.0 484.0 2138.0 475.0 2181.0 723.0 2141.0 735.0 harbor 0
1993.0 519.0 2038.0 512.0 2071.0 752.0 2032.0 757.0 harbor 0
1832.0 561.0 1879.0 554.0 1907.0 785.0 1865.0 792.0 harbor 0
1717.0 540.0 1766.0 532.0 1802.0 799.0 1754.0 809.0 harbor 0
1658.0 595.0 1684.0 590.0 1718.0 821.0 1692.0 826.0 harbor 0
1425.0 671.0 1448.0 666.0 1492.0 846.0 1473.0 852.0 harbor 0
1317.0 671.0 1338.0 668.0 1371.0 875.0 1353.0 880.0 harbor 0
1196.0 627.0 1230.0 620.0 1271.0 859.0 1237.0 869.0 harbor 0
1108.0 646.0 1149.0 639.0 1179.0 860.0 1144.0 867.0 harbor 0
981.0 621.0 1005.0 619.0 1042.0 824.0 1019.0 829.0 harbor 0
863.0 567.0 902.0 559.0 960.0 825.0 921.0 839.0 harbor 0
759.0 653.0 803.0 647.0 836.0 929.0 795.0 936.0 harbor 0
614.0 657.0 641.0 651.0 720.0 946.0 691.0 953.0 harbor 0
506.0 662.0 546.0 655.0 608.0 995.0 568.0 1007.0 harbor 0
417.0 705.0 448.0 700.0 503.0 1011.0 473.0 1017.0 harbor 0
315.0 787.0 344.0 781.0 386.0 1050.0 359.0 1056.0 harbor 0
43.0 1015.0 58.0 1012.0 76.0 1121.0 60.0 1125.0 harbor 0
3180.0 156.0 3211.0 152.0 3258.0 398.0 3231.0 405.0 harbor 0
3277.0 132.0 3322.0 121.0 3365.0 390.0 3320.0 399.0 harbor 0
3400.0 213.0 3428.0 207.0 3449.0 346.0 3423.0 352.0 harbor 0
3497.0 63.0 3487.0 66.0 3479.0 39.0 3492.0 36.0 ship 0
1368.0 1128.0 1365.0 1116.0 1391.0 1113.0 1394.0 1122.0 small-vehicle 1
1928.0 939.0 1935.0 948.0 1919.0 960.0 1912.0 951.0 small-vehicle 1
2446.0 1060.0 2436.0 1063.0 2434.0 1042.0 2442.0 1041.0 small-vehicle 1
2485.0 1100.0 2499.0 1098.0 2503.0 1123.0 2490.0 1125.0 ship 1
2841.0 1020.0 2851.0 1018.0 2858.0 1046.0 2845.0 1049.0 ship 1
2874.0 998.0 2867.0 1005.0 2851.0 989.0 2859.0 983.0 small-vehicle 1
2808.0 992.0 2797.0 997.0 2788.0 975.0 2798.0 971.0 small-vehicle 1
2633.0 904.0 2643.0 902.0 2651.0 922.0 2642.0 926.0 small-vehicle 1
3477.0 1110.0 3467.0 1103.0 3481.0 1081.0 3491.0 1088.0 ship 1
2697.0 609.0 2732.0 605.0 2736.0 621.0 2698.0 629.0 swimming-pool 0
3328.0 438.0 3363.0 432.0 3371.0 464.0 3338.0 472.0 swimming-pool 0
3243.0 348.0 3250.0 349.0 3251.0 369.0 3242.0 366.0 ship 0
542.0 683.0 533.0 687.0 526.0 658.0 538.0 656.0 ship 0
3220.0 254.0 3231.0 251.0 3237.0 274.0 3226.0 276.0 ship 0
3219.0 180.0 3207.0 183.0 3199.0 150.0 3214.0 149.0 ship 0
3138.0 196.0 3126.0 198.0 3116.0 164.0 3132.0 159.0 ship 0
3112.0 179.0 3116.0 192.0 3084.0 199.0 3082.0 186.0 ship 0
2853.0 284.0 2840.0 289.0 2834.0 266.0 2848.0 261.0 ship 0
2661.0 377.0 2649.0 381.0 2644.0 358.0 2655.0 355.0 ship 0
2369.0 454.0 2381.0 449.0 2390.0 477.0 2378.0 482.0 ship 0
2203.0 492.0 2193.0 494.0 2186.0 470.0 2201.0 466.0 ship 0
1780.0 558.0 1770.0 560.0 1763.0 536.0 1775.0 533.0 ship 0
1760.0 558.0 1750.0 561.0 1745.0 539.0 1757.0 536.0 ship 0
885.0 589.0 872.0 592.0 867.0 568.0 880.0 563.0 ship 0
206.0 792.0 228.0 788.0 269.0 1054.0 246.0 1059.0 harbor 0
