imagesource:GoogleEarth
gsd:0.126582298907
2229.0 1282.0 2203.0 1288.0 2198.0 1242.0 2226.0 1237.0 ship 0
2440.0 422.0 2419.0 425.0 2411.0 376.0 2437.0 373.0 ship 0
1494.0 1288.0 1509.0 1287.0 1512.0 1327.0 1496.0 1329.0 small-vehicle 1
1653.0 1144.0 1716.0 1132.0 1721.0 1161.0 1661.0 1172.0 swimming-pool 0
2870.0 415.0 2910.0 407.0 2997.0 812.0 2964.0 819.0 harbor 0
2733.0 585.0 2770.0 581.0 2802.0 876.0 2767.0 878.0 harbor 0
2436.0 370.0 2511.0 357.0 2600.0 887.0 2534.0 900.0 harbor 0
2206.0 701.0 2239.0 695.0 2280.0 882.0 2251.0 890.0 harbor 0
1896.0 661.0 2015.0 647.0 2050.0 865.0 1933.0 880.0 harbor 0
1547.0 532.0 1621.0 527.0 1686.0 917.0 1612.0 926.0 harbor 0
1174.0 591.0 1251.0 584.0 1314.0 976.0 1249.0 988.0 harbor 0
997.0 634.0 1051.0 630.0 1074.0 981.0 1017.0 984.0 harbor 0
782.0 575.0 821.0 570.0 891.0 990.0 856.0 995.0 harbor 0
555.0 594.0 609.0 589.0 675.0 1023.0 631.0 1030.0 harbor 0
395.0 631.0 443.0 626.0 535.0 1122.0 487.0 1131.0 harbor 0
221.0 680.0 262.0 675.0 335.0 1134.0 292.0 1142.0 harbor 0
