imagesource:GoogleEarth
gsd:0.125779212997
2773.0 670.0 2842.0 648.0 2855.0 681.0 2790.0 703.0 swimming-pool 0
1739.0 493.0 1797.0 486.0 1853.0 775.0 1798.0 785.0 harbor 0
2248.0 1228.0 2252.0 1251.0 2208.0 1258.0 2205.0 1235.0 small-vehicle 1
3451.0 248.0 3503.0 239.0 3533.0 374.0 3483.0 389.0 harbor 0
3255.0 207.0 3297.0 201.0 3339.0 432.0 3301.0 440.0 harbor 0
3094.0 294.0 3139.0 285.0 3190.0 520.0 3147.0 531.0 harbor 0
2985.0 654.0 2975.0 620.0 3037.0 605.0 3045.0 640.0 swimming-pool 0
2760.0 173.0 2802.0 170.0 2846.0 501.0 2806.0 507.0 harbor 0
2565.0 279.0 2615.0 270.0 2659.0 511.0 2607.0 522.0 harbor 0
2271.0 276.0 2315.0 269.0 2366.0 499.0 2329.0 508.0 harbor 0
2107.0 345.0 2154.0 337.0 2223.0 619.0 2179.0 627.0 harbor 0
1906.0 498.0 1953.0 486.0 1989.0 614.0 1942.0 630.0 harbor 0
1588.0 535.0 1654.0 528.0 1707.0 877.0 1646.0 886.0 harbor 0
3216.0 869.0 3196.0 868.0 3200.0 826.0 3219.0 827.0 small-vehicle 1
1446.0 570.0 1497.0 564.0 1549.0 895.0 1496.0 900.0 harbor 0
1230.0 536.0 1291.0 525.0 1350.0 921.0 1289.0 930.0 harbor 0
1060.0 540.0 1096.0 536.0 1125.0 864.0 1089.0 866.0 harbor 0
946.0 869.0 963.0 866.0 981.0 1069.0 961.0 1074.0 harbor 0
800.0 761.0 825.0 737.0 962.0 851.0 938.0 881.0 harbor 0
680.0 830.0 764.0 825.0 805.0 1105.0 717.0 1120.0 harbor 0
589.0 1054.0 610.0 1052.0 621.0 1166.0 602.0 1169.0 harbor 0
556.0 981.0 572.0 974.0 609.0 1046.0 592.0 1053.0 harbor 0
609.0 851.0 657.0 881.0 600.0 991.0 543.0 960.0 harbor 0
472.0 929.0 498.0 941.0 397.0 1201.0 371.0 1190.0 harbor 0
3339.0 1233.0 3335.0 1211.0 3377.0 1204.0 3382.0 1228.0 small-vehicle 1
3250.0 864.0 3231.0 868.0 3226.0 829.0 3245.0 826.0 small-vehicle 1
2661.0 816.0 2738.0 806.0 2744.0 842.0 2667.0 853.0 swimming-pool 0
947.0 1231.0 966.0 1223.0 978.0 1265.0 959.0 1273.0 small-vehicle 0
837.0 1182.0 814.0 1191.0 799.0 1145.0 820.0 1134.0 ship 0
3248.0 1357.0 3316.0 1344.0 3324.0 1380.0 3254.0 1391.0 swimming-pool 0
2577.0 870.0 2579.0 846.0 2628.0 846.0 2628.0 869.0 ship 0
629.0 917.0 609.0 906.0 635.0 863.0 655.0 874.0 ship 0
605.0 836.0 587.0 819.0 622.0 784.0 639.0 801.0 ship 0
2508.0 602.0 2488.0 605.0 2484.0 566.0 2503.0 564.0 small-vehicle 0
2813.0 899.0 2831.0 896.0 2836.0 931.0 2819.0 935.0 small-vehicle 0
2821.0 879.0 2809.0 865.0 2846.0 834.0 2858.0 851.0 small-vehicle 0
2786.0 782.0 2805.0 779.0 2813.0 816.0 2793.0 820.0 small-vehicle 0
414.0 1264.0 432.0 1261.0 436.0 1300.0 419.0 1302.0 small-vehicle 0
978.0 1230.0 1001.0 1228.0 1004.0 1269.0 984.0 1272.0 small-vehicle 0
3450.0 1010.0 3447.0 993.0 3486.0 984.0 3488.0 1003.0 small-vehicle 1
1013.0 1224.0 1032.0 1223.0 1028.0 1269.0 1009.0 1269.0 small-vehicle 0
1325.0 582.0 1295.0 586.0 1285.0 519.0 1313.0 515.0 ship 0
1542.0 620.0 1516.0 624.0 1505.0 566.0 1531.0 561.0 ship 0
1697.0 584.0 1672.0 586.0 1667.0 530.0 1694.0 526.0 ship 0
2571.0 322.0 2545.0 326.0 2538.0 277.0 2563.0 274.0 ship 0
2065.0 910.0 2062.0 891.0 2100.0 882.0 2102.0 902.0 small-vehicle 0
2124.0 836.0 2147.0 829.0 2158.0 875.0 2137.0 881.0 small-vehicle 0
2623.0 815.0 2626.0 836.0 2580.0 844.0 2578.0 824.0 small-vehicle 0
2607.0 744.0 2609.0 764.0 2569.0 767.0 2567.0 749.0 small-vehicle 0
3655.0 977.0 3649.0 959.0 3684.0 952.0 3688.0 972.0 small-vehicle 0
617.0 775.0 641.0 809.0 497.0 945.0 468.0 909.0 harbor 0
