imagesource:GoogleEarth
gsd:0.125753822273
238.0 790.0 256.0 792.0 248.0 832.0 230.0 829.0 small-vehicle 0
363.0 499.0 340.0 487.0 358.0 450.0 380.0 459.0 ship 0
949.0 477.0 927.0 464.0 944.0 425.0 965.0 436.0 ship 0
756.0 538.0 730.0 527.0 749.0 472.0 773.0 480.0 ship 0
173.0 360.0 152.0 352.0 169.0 307.0 191.0 317.0 ship 0
2010.0 394.0 2061.0 392.0 2067.0 812.0 2017.0 817.0 harbor 0
1812.0 444.0 1902.0 438.0 1920.0 852.0 1838.0 856.0 harbor 0
1614.0 624.0 1643.0 625.0 1637.0 862.0 1611.0 862.0 harbor 0
1654.0 320.0 1697.0 324.0 1686.0 537.0 1645.0 534.0 harbor 0
1395.0 328.0 1427.0 337.0 1315.0 768.0 1286.0 760.0 harbor 0
1141.0 405.0 1202.0 414.0 1161.0 667.0 1106.0 659.0 harbor 0
970.0 428.0 999.0 445.0 862.0 729.0 827.0 713.0 harbor 0
706.0 468.0 746.0 487.0 663.0 681.0 619.0 663.0 harbor 0
374.0 469.0 424.0 490.0 369.0 622.0 314.0 598.0 harbor 0
125.0 292.0 169.0 311.0 104.0 479.0 53.0 459.0 harbor 0
