imagesource:GoogleEarth
gsd:0.273027844584
281.0 1606.0 312.0 1595.0 320.0 1607.0 288.0 1621.0 swimming-pool 0
1325.0 1780.0 1348.0 1776.0 1374.0 1918.0 1348.0 1917.0 harbor 0
260.0 1794.0 229.0 1802.0 204.0 1709.0 238.0 1700.0 harbor 0
354.0 1752.0 315.0 1759.0 288.0 1657.0 331.0 1648.0 harbor 0
429.0 1693.0 386.0 1701.0 371.0 1627.0 413.0 1619.0 harbor 0
506.0 1673.0 473.0 1686.0 443.0 1604.0 480.0 1591.0 harbor 0
596.0 1647.0 551.0 1663.0 529.0 1581.0 574.0 1567.0 harbor 0
669.0 1605.0 630.0 1612.0 610.0 1524.0 653.0 1512.0 harbor 0
802.0 1511.0 766.0 1527.0 744.0 1459.0 778.0 1445.0 harbor 0
976.0 1442.0 951.0 1457.0 853.0 1313.0 878.0 1293.0 harbor 0
1109.0 1363.0 1081.0 1385.0 895.0 1110.0 916.0 1093.0 harbor 0
1184.0 1319.0 1169.0 1334.0 997.0 1077.0 1016.0 1064.0 harbor 0
1311.0 1213.0 1292.0 1226.0 1189.0 1066.0 1208.0 1054.0 harbor 0
1357.0 1164.0 1336.0 1176.0 1168.0 818.0 1190.0 806.0 harbor 0
1221.0 283.0 1255.0 280.0 1272.0 471.0 1237.0 473.0 harbor 0
1100.0 240.0 1127.0 238.0 1146.0 407.0 1121.0 411.0 harbor 0
986.0 231.0 1011.0 228.0 1033.0 373.0 1010.0 378.0 harbor 0
900.0 230.0 923.0 226.0 947.0 366.0 927.0 371.0 harbor 0
743.0 224.0 766.0 220.0 797.0 409.0 779.0 414.0 harbor 0
639.0 226.0 672.0 221.0 707.0 430.0 677.0 436.0 harbor 0
565.0 259.0 587.0 256.0 642.0 543.0 623.0 548.0 harbor 0
520.0 456.0 537.0 453.0 563.0 564.0 546.0 568.0 harbor 0
390.0 290.0 410.0 287.0 474.0 647.0 457.0 652.0 harbor 0
310.0 328.0 333.0 323.0 399.0 704.0 380.0 708.0 harbor 0
229.0 357.0 260.0 354.0 325.0 744.0 292.0 751.0 harbor 0
152.0 497.0 177.0 490.0 220.0 698.0 193.0 705.0 harbor 0
84.0 559.0 104.0 555.0 138.0 740.0 118.0 746.0 harbor 0
191.0 1830.0 177.0 1834.0 146.0 1750.0 157.0 1744.0 harbor 0
282.0 396.0 268.0 400.0 261.0 365.0 277.0 362.0 ship 0
593.0 1399.0 585.0 1402.0 579.0 1387.0 588.0 1384.0 small-vehicle 1
854.0 240.0 833.0 244.0 822.0 190.0 845.0 185.0 ship 0
581.0 1401.0 572.0 1403.0 567.0 1386.0 575.0 1384.0 small-vehicle 1
573.0 1382.0 566.0 1384.0 561.0 1365.0 568.0 1364.0 small-vehicle 1
726.0 1375.0 719.0 1377.0 711.0 1356.0 719.0 1353.0 small-vehicle 1
366.0 1510.0 356.0 1512.0 354.0 1494.0 362.0 1492.0 small-vehicle 1
384.0 1505.0 375.0 1510.0 363.0 1489.0 370.0 1484.0 small-vehicle 1
172.0 1568.0 180.0 1565.0 186.0 1586.0 178.0 1588.0 small-vehicle 1
1330.0 1798.0 1321.0 1801.0 1315.0 1779.0 1326.0 1778.0 ship 0
852.0 892.0 862.0 886.0 877.0 912.0 866.0 918.0 ship 0
767.0 1492.0 765.0 1483.0 785.0 1482.0 785.0 1489.0 ship 0
924.0 1437.0 931.0 1431.0 945.0 1448.0 936.0 1453.0 ship 0
370.0 1680.0 379.0 1679.0 384.0 1703.0 375.0 1705.0 ship 0
588.0 1381.0 579.0 1385.0 571.0 1364.0 581.0 1360.0 ship 0
305.0 1424.0 316.0 1422.0 322.0 1460.0 310.0 1461.0 ship 0
415.0 1385.0 409.0 1392.0 395.0 1381.0 401.0 1375.0 small-vehicle 0
609.0 1186.0 605.0 1174.0 628.0 1168.0 633.0 1180.0 ship 0
443.0 1012.0 445.0 1022.0 426.0 1026.0 423.0 1018.0 small-vehicle 1
470.0 1002.0 474.0 1012.0 455.0 1017.0 452.0 1009.0 small-vehicle 1
270.0 942.0 278.0 940.0 283.0 958.0 276.0 961.0 small-vehicle 0
995.0 737.0 1003.0 738.0 1000.0 757.0 992.0 756.0 small-vehicle 0
1228.0 304.0 1219.0 306.0 1215.0 284.0 1225.0 281.0 ship 0
1124.0 235.0 1138.0 233.0 1139.0 260.0 1127.0 260.0 ship 0
192.0 507.0 182.0 512.0 176.0 492.0 186.0 487.0 ship 0
238.0 396.0 227.0 398.0 222.0 378.0 232.0 373.0 ship 0
706.0 535.0 715.0 526.0 740.0 547.0 728.0 557.0 swimming-pool 0
1117.0 1356.0 1126.0 1372.0 1100.0 1387.0 1092.0 1374.0 ship 0
4.0 522.0 26.0 521.0 56.0 760.0 34.0 763.0 harbor 0
