imagesource:GoogleEarth
gsd:0.12952966664
1451.0 305.0 1433.0 308.0 1425.0 272.0 1445.0 268.0 ship 1
369.0 1299.0 412.0 1295.0 420.0 1354.0 376.0 1360.0 swimming-pool 0
2029.0 1334.0 2045.0 1327.0 2058.0 1357.0 2044.0 1361.0 small-vehicle 0
1756.0 109.0 1828.0 95.0 1928.0 520.0 1860.0 540.0 harbor 0
1568.0 164.0 1619.0 157.0 1690.0 597.0 1644.0 606.0 harbor 0
1411.0 272.0 1450.0 266.0 1520.0 708.0 1482.0 714.0 harbor 0
1196.0 359.0 1258.0 349.0 1342.0 831.0 1285.0 842.0 harbor 0
986.0 384.0 1078.0 368.0 1168.0 922.0 1080.0 935.0 harbor 0
810.0 474.0 896.0 451.0 1016.0 965.0 942.0 986.0 harbor 0
672.0 511.0 753.0 492.0 847.0 1005.0 768.0 1022.0 harbor 0
189.0 767.0 255.0 757.0 327.0 1164.0 253.0 1179.0 harbor 0
