imagesource:GoogleEarth
gsd:0.126593863456
2925.0 1324.0 2929.0 1343.0 2881.0 1348.0 2880.0 1327.0 ship 0
2860.0 1034.0 2861.0 1019.0 2902.0 1022.0 2901.0 1036.0 small-vehicle 1
686.0 690.0 745.0 679.0 812.0 1026.0 761.0 1035.0 harbor 0
1054.0 499.0 1114.0 486.0 1177.0 824.0 1116.0 842.0 harbor 0
1370.0 484.0 1480.0 474.0 1520.0 805.0 1404.0 809.0 harbor 0
1655.0 410.0 1714.0 401.0 1766.0 792.0 1707.0 801.0 harbor 0
1782.0 436.0 1876.0 416.0 1942.0 732.0 1859.0 752.0 harbor 0
2038.0 448.0 2116.0 436.0 2166.0 762.0 2091.0 781.0 harbor 0
2221.0 400.0 2301.0 388.0 2349.0 735.0 2276.0 750.0 harbor 0
2396.0 413.0 2436.0 405.0 2508.0 805.0 2466.0 816.0 harbor 0
2565.0 421.0 2637.0 406.0 2685.0 719.0 2620.0 729.0 harbor 0
2944.0 304.0 3039.0 295.0 3094.0 746.0 3005.0 758.0 harbor 0
2366.0 1431.0 2339.0 1429.0 2342.0 1368.0 2368.0 1370.0 ship 0
710.0 654.0 726.0 673.0 678.0 704.0 662.0 687.0 ship 0
713.0 715.0 718.0 731.0 693.0 740.0 687.0 725.0 ship 1
717.0 734.0 722.0 751.0 697.0 757.0 691.0 741.0 ship 1
1500.0 540.0 1487.0 543.0 1478.0 503.0 1497.0 500.0 ship 1
1669.0 467.0 1646.0 470.0 1631.0 410.0 1657.0 403.0 ship 1
2622.0 460.0 2608.0 463.0 2599.0 420.0 2617.0 417.0 ship 1
339.0 741.0 435.0 705.0 598.0 1110.0 520.0 1148.0 harbor 0
