imagesource:GoogleEarth
gsd:0.260515292364
530.0 29.0 519.0 27.0 525.0 8.0 533.0 10.0 small-vehicle 1
487.0 455.0 494.0 453.0 499.0 468.0 492.0 470.0 small-vehicle 1
523.0 873.0 557.0 861.0 565.0 877.0 531.0 890.0 swimming-pool 0
363.0 406.0 401.0 413.0 397.0 431.0 360.0 424.0 swimming-pool 0
318.0 506.0 327.0 504.0 332.0 524.0 323.0 528.0 small-vehicle 0
331.0 524.0 340.0 525.0 337.0 544.0 328.0 542.0 small-vehicle 0
314.0 542.0 325.0 541.0 325.0 564.0 316.0 565.0 small-vehicle 0
1460.0 635.0 1447.0 646.0 1369.0 541.0 1384.0 531.0 harbor 0
950.0 1338.0 932.0 1344.0 792.0 954.0 815.0 946.0 harbor 0
1058.0 1278.0 1033.0 1286.0 898.0 872.0 924.0 864.0 harbor 0
1120.0 1144.0 1091.0 1151.0 990.0 817.0 1019.0 808.0 harbor 0
1459.0 1061.0 1446.0 1068.0 1236.0 734.0 1248.0 726.0 harbor 0
1548.0 1002.0 1534.0 1012.0 1287.0 633.0 1303.0 621.0 harbor 0
1849.0 736.0 1818.0 761.0 1607.0 440.0 1639.0 422.0 harbor 0
1926.0 682.0 1910.0 693.0 1691.0 369.0 1710.0 358.0 harbor 0
2017.0 600.0 1999.0 613.0 1772.0 281.0 1791.0 266.0 harbor 0
753.0 1240.0 721.0 1244.0 667.0 938.0 695.0 933.0 harbor 0
657.0 1329.0 629.0 1336.0 545.0 940.0 573.0 932.0 harbor 0
454.0 1460.0 421.0 1469.0 323.0 1022.0 352.0 1013.0 harbor 0
468.0 430.0 456.0 432.0 449.0 412.0 462.0 408.0 ship 1
467.0 775.0 459.0 775.0 458.0 755.0 466.0 754.0 small-vehicle 1
649.0 1302.0 661.0 1298.0 668.0 1329.0 654.0 1332.0 ship 0
643.0 495.0 651.0 491.0 656.0 508.0 649.0 510.0 small-vehicle 1
909.0 1323.0 921.0 1316.0 931.0 1346.0 918.0 1349.0 ship 0
1595.0 814.0 1587.0 819.0 1571.0 794.0 1581.0 788.0 ship 0
1883.0 672.0 1890.0 667.0 1907.0 689.0 1897.0 694.0 ship 0
1970.0 591.0 1981.0 586.0 1998.0 610.0 1986.0 616.0 ship 0
1543.0 199.0 1560.0 198.0 1563.0 228.0 1546.0 229.0 swimming-pool 0
1147.0 168.0 1140.0 158.0 1163.0 146.0 1168.0 156.0 ship 0
1137.0 159.0 1133.0 152.0 1147.0 144.0 1151.0 150.0 small-vehicle 1
1112.0 179.0 1108.0 173.0 1125.0 162.0 1130.0 169.0 small-vehicle 1
1487.0 316.0 1485.0 324.0 1463.0 316.0 1468.0 307.0 small-vehicle 1
1250.0 376.0 1246.0 382.0 1225.0 371.0 1229.0 364.0 small-vehicle 0
1004.0 277.0 1005.0 289.0 979.0 290.0 978.0 279.0 ship 0
1032.0 277.0 1031.0 286.0 1012.0 287.0 1013.0 276.0 small-vehicle 1
977.0 310.0 968.0 308.0 973.0 292.0 980.0 293.0 small-vehicle 1
1006.0 439.0 998.0 433.0 1011.0 416.0 1019.0 422.0 small-vehicle 1
992.0 457.0 982.0 451.0 995.0 436.0 1002.0 442.0 small-vehicle 1
780.0 484.0 787.0 480.0 796.0 500.0 789.0 504.0 small-vehicle 1
769.0 487.0 774.0 484.0 782.0 502.0 775.0 504.0 small-vehicle 1
337.0 1318.0 315.0 1324.0 231.0 1061.0 247.0 1055.0 harbor 0
