imagesource:GoogleEarth
gsd:0.282727525818
902.0 2051.0 905.0 2038.0 929.0 2049.0 925.0 2059.0 ship 1
729.0 545.0 734.0 538.0 748.0 548.0 743.0 555.0 ship 0
1162.0 1525.0 1167.0 1514.0 1189.0 1524.0 1185.0 1536.0 ship 0
1095.0 1566.0 1082.0 1563.0 1087.0 1536.0 1101.0 1540.0 ship 0
944.0 723.0 931.0 710.0 952.0 680.0 964.0 691.0 ship 0
700.0 559.0 691.0 571.0 674.0 556.0 683.0 544.0 ship 0
900.0 2264.0 891.0 2306.0 685.0 2263.0 694.0 2219.0 harbor 0
927.0 2059.0 921.0 2072.0 725.0 2000.0 730.0 1986.0 harbor 0
946.0 1991.0 935.0 2011.0 747.0 1915.0 758.0 1897.0 harbor 0
864.0 1641.0 863.0 1650.0 760.0 1633.0 762.0 1625.0 harbor 0
951.0 1527.0 953.0 1536.0 762.0 1565.0 759.0 1554.0 harbor 0
1112.0 1557.0 1107.0 1576.0 955.0 1535.0 959.0 1515.0 harbor 0
994.0 1454.0 991.0 1462.0 802.0 1417.0 804.0 1408.0 harbor 0
1196.0 1512.0 1191.0 1523.0 1010.0 1462.0 1013.0 1450.0 harbor 0
1279.0 1465.0 1247.0 1491.0 1143.0 1370.0 1173.0 1344.0 harbor 0
1065.0 761.0 1088.0 781.0 944.0 980.0 916.0 961.0 harbor 0
964.0 692.0 996.0 720.0 865.0 897.0 831.0 869.0 harbor 0
762.0 804.0 773.0 811.0 753.0 854.0 741.0 848.0 harbor 0
688.0 696.0 704.0 704.0 652.0 828.0 634.0 823.0 harbor 0
716.0 504.0 760.0 543.0 571.0 769.0 527.0 730.0 harbor 0
464.0 394.0 491.0 421.0 340.0 583.0 315.0 559.0 harbor 0
693.0 585.0 699.0 579.0 714.0 592.0 708.0 600.0 ship 0
797.0 1075.0 790.0 1067.0 809.0 1055.0 815.0 1063.0 ship 0
62.0 2242.0 68.0 2240.0 72.0 2257.0 67.0 2259.0 small-vehicle 1
602.0 936.0 610.0 939.0 603.0 957.0 595.0 954.0 small-vehicle 1
78.0 2260.0 83.0 2257.0 90.0 2271.0 84.0 2275.0 small-vehicle 1
65.0 2261.0 73.0 2256.0 78.0 2273.0 71.0 2277.0 small-vehicle 1
95.0 2162.0 102.0 2168.0 91.0 2180.0 83.0 2177.0 small-vehicle 1
102.0 2168.0 107.0 2174.0 99.0 2186.0 91.0 2182.0 small-vehicle 1
423.0 2236.0 423.0 2227.0 447.0 2229.0 445.0 2238.0 small-vehicle 1
395.0 2180.0 386.0 2179.0 389.0 2159.0 396.0 2158.0 small-vehicle 0
72.0 2043.0 74.0 2031.0 103.0 2035.0 99.0 2047.0 swimming-pool 0
50.0 1988.0 50.0 1979.0 72.0 1980.0 71.0 1989.0 small-vehicle 1
106.0 1703.0 114.0 1703.0 114.0 1720.0 105.0 1720.0 small-vehicle 1
493.0 1658.0 492.0 1666.0 475.0 1665.0 473.0 1656.0 small-vehicle 1
469.0 1544.0 472.0 1538.0 488.0 1546.0 486.0 1552.0 small-vehicle 1
509.0 1546.0 506.0 1552.0 490.0 1545.0 493.0 1538.0 small-vehicle 1
503.0 1530.0 500.0 1537.0 486.0 1529.0 489.0 1523.0 small-vehicle 1
330.0 1312.0 345.0 1313.0 339.0 1349.0 324.0 1345.0 swimming-pool 0
126.0 1210.0 135.0 1209.0 136.0 1229.0 128.0 1229.0 small-vehicle 1
609.0 1125.0 613.0 1117.0 634.0 1123.0 631.0 1132.0 small-vehicle 1
700.0 1045.0 709.0 1048.0 703.0 1068.0 695.0 1065.0 small-vehicle 1
708.0 1019.0 716.0 1022.0 713.0 1039.0 704.0 1037.0 small-vehicle 1
722.0 984.0 717.0 975.0 734.0 959.0 741.0 969.0 ship 1
340.0 275.0 366.0 302.0 177.0 502.0 153.0 476.0 harbor 0
