imagesource:GoogleEarth
gsd:0.261453806088
827.0 439.0 819.0 444.0 812.0 426.0 819.0 422.0 small-vehicle 1
1060.0 878.0 1026.0 897.0 891.0 662.0 922.0 647.0 harbor 0
1838.0 144.0 1809.0 149.0 1790.0 33.0 1815.0 29.0 harbor 0
1692.0 668.0 1629.0 709.0 1426.0 342.0 1489.0 310.0 harbor 0
1484.0 665.0 1467.0 676.0 1315.0 402.0 1333.0 395.0 harbor 0
1298.0 481.0 1279.0 493.0 1242.0 425.0 1262.0 416.0 harbor 0
1243.0 496.0 1221.0 508.0 1183.0 424.0 1204.0 414.0 harbor 0
1350.0 786.0 1326.0 801.0 1170.0 522.0 1194.0 510.0 harbor 0
1107.0 552.0 1084.0 562.0 1066.0 518.0 1089.0 510.0 harbor 0
1039.0 629.0 1025.0 636.0 1004.0 596.0 1016.0 589.0 harbor 0
1097.0 855.0 1084.0 864.0 955.0 634.0 972.0 627.0 harbor 0
909.0 915.0 886.0 928.0 786.0 696.0 810.0 686.0 harbor 0
831.0 464.0 824.0 469.0 817.0 454.0 824.0 450.0 small-vehicle 1
794.0 802.0 771.0 812.0 732.0 713.0 755.0 704.0 harbor 0
759.0 906.0 744.0 912.0 679.0 734.0 696.0 727.0 harbor 0
734.0 959.0 718.0 967.0 636.0 739.0 652.0 733.0 harbor 0
539.0 836.0 531.0 838.0 517.0 793.0 525.0 790.0 harbor 0
464.0 886.0 450.0 891.0 432.0 831.0 449.0 826.0 harbor 0
69.0 865.0 52.0 819.0 67.0 813.0 84.0 861.0 swimming-pool 0
279.0 1019.0 251.0 1030.0 195.0 859.0 223.0 851.0 harbor 0
188.0 999.0 171.0 1006.0 129.0 889.0 146.0 883.0 harbor 0
209.0 1228.0 181.0 1238.0 70.0 911.0 94.0 902.0 harbor 0
1753.0 201.0 1733.0 211.0 1677.0 80.0 1700.0 71.0 harbor 0
1701.0 235.0 1665.0 253.0 1612.0 143.0 1648.0 128.0 harbor 0
1583.0 264.0 1566.0 272.0 1518.0 174.0 1536.0 165.0 harbor 0
20.0 986.0 28.0 984.0 35.0 1005.0 27.0 1007.0 ship 0
1141.0 148.0 1134.0 153.0 1123.0 138.0 1130.0 133.0 small-vehicle 0
1157.0 177.0 1151.0 181.0 1137.0 160.0 1145.0 156.0 small-vehicle 0
45.0 58.0 48.0 65.0 33.0 72.0 29.0 66.0 small-vehicle 0
560.0 191.0 563.0 200.0 544.0 208.0 539.0 200.0 small-vehicle 0
481.0 285.0 478.0 278.0 495.0 272.0 498.0 278.0 small-vehicle 0
481.0 271.0 479.0 264.0 501.0 257.0 503.0 265.0 small-vehicle 0
479.0 248.0 479.0 239.0 500.0 238.0 500.0 245.0 small-vehicle 0
608.0 396.0 601.0 401.0 593.0 383.0 601.0 381.0 small-vehicle 0
701.0 545.0 691.0 550.0 679.0 529.0 689.0 524.0 small-vehicle 0
639.0 667.0 643.0 663.0 651.0 672.0 647.0 677.0 ship 1
1012.0 699.0 1004.0 703.0 996.0 687.0 1003.0 682.0 ship 0
1039.0 645.0 1030.0 655.0 1011.0 639.0 1018.0 626.0 ship 0
888.0 435.0 899.0 430.0 913.0 452.0 899.0 458.0 ship 0
562.0 470.0 555.0 461.0 578.0 452.0 582.0 462.0 ship 0
612.0 419.0 622.0 412.0 637.0 433.0 628.0 440.0 ship 0
677.0 499.0 687.0 492.0 707.0 518.0 696.0 525.0 ship 0
699.0 942.0 707.0 938.0 716.0 965.0 706.0 968.0 ship 0
779.0 759.0 785.0 754.0 796.0 775.0 786.0 779.0 ship 0
416.0 722.0 425.0 718.0 431.0 737.0 422.0 740.0 ship 0
20.0 1239.0 7.0 1211.0 42.0 1196.0 55.0 1225.0 harbor 0
