imagesource:GoogleEarth
gsd:0.140620139843
82.0 1471.0 77.0 1444.0 128.0 1435.0 133.0 1462.0 ship 0
828.0 1329.0 820.0 1302.0 876.0 1287.0 884.0 1315.0 ship 0
608.0 815.0 601.0 792.0 653.0 769.0 663.0 797.0 ship 0
572.0 697.0 566.0 675.0 612.0 658.0 617.0 678.0 ship 0
591.0 198.0 595.0 174.0 640.0 181.0 635.0 206.0 ship 0
919.0 1367.0 949.0 1431.0 594.0 1571.0 563.0 1510.0 harbor 0
865.0 1269.0 881.0 1318.0 502.0 1435.0 489.0 1388.0 harbor 0
793.0 1121.0 820.0 1189.0 546.0 1284.0 520.0 1215.0 harbor 0
702.0 898.0 731.0 981.0 477.0 1071.0 450.0 995.0 harbor 0
663.0 791.0 676.0 831.0 395.0 930.0 384.0 897.0 harbor 0
616.0 680.0 626.0 712.0 379.0 798.0 367.0 761.0 harbor 0
561.0 561.0 571.0 589.0 364.0 664.0 352.0 637.0 harbor 0
540.0 451.0 549.0 485.0 361.0 541.0 347.0 509.0 harbor 0
669.0 231.0 683.0 281.0 210.0 426.0 197.0 385.0 harbor 0
638.0 149.0 655.0 195.0 129.0 376.0 115.0 333.0 harbor 0
