imagesource:GoogleEarth
gsd:0.253726991307
1583.0 528.0 1574.0 531.0 1568.0 511.0 1579.0 508.0 ship 0
2123.0 319.0 2144.0 314.0 2179.0 480.0 2159.0 484.0 harbor 0
1959.0 443.0 1984.0 438.0 2009.0 564.0 1987.0 566.0 harbor 0
1897.0 421.0 1927.0 419.0 1949.0 573.0 1920.0 575.0 harbor 0
1771.0 394.0 1802.0 389.0 1835.0 572.0 1805.0 576.0 harbor 0
1697.0 464.0 1722.0 462.0 1744.0 596.0 1719.0 598.0 harbor 0
1636.0 439.0 1658.0 437.0 1686.0 617.0 1665.0 619.0 harbor 0
1525.0 521.0 1569.0 513.0 1598.0 654.0 1553.0 663.0 harbor 0
1498.0 583.0 1511.0 581.0 1526.0 672.0 1512.0 674.0 harbor 0
1263.0 690.0 1289.0 686.0 1302.0 751.0 1280.0 756.0 harbor 0
1171.0 742.0 1193.0 730.0 1221.0 795.0 1202.0 804.0 harbor 0
1105.0 795.0 1123.0 784.0 1156.0 833.0 1136.0 846.0 harbor 0
996.0 850.0 1022.0 849.0 1031.0 920.0 1006.0 923.0 harbor 0
895.0 892.0 913.0 886.0 945.0 975.0 929.0 981.0 harbor 0
803.0 883.0 839.0 874.0 851.0 964.0 819.0 968.0 harbor 0
700.0 910.0 746.0 902.0 758.0 994.0 714.0 1002.0 harbor 0
626.0 923.0 652.0 924.0 646.0 1007.0 620.0 1005.0 harbor 0
458.0 913.0 519.0 906.0 535.0 1012.0 469.0 1016.0 harbor 0
335.0 942.0 355.0 938.0 374.0 1058.0 357.0 1060.0 harbor 0
2031.0 343.0 2054.0 337.0 2109.0 512.0 2087.0 520.0 harbor 0
2204.0 293.0 2214.0 292.0 2235.0 453.0 2226.0 453.0 harbor 0
1736.0 482.0 1725.0 485.0 1720.0 460.0 1732.0 458.0 ship 0
2120.0 978.0 2164.0 969.0 2183.0 1062.0 2140.0 1070.0 tennis-court 0
1663.0 423.0 1665.0 436.0 1636.0 442.0 1633.0 428.0 ship 0
2127.0 340.0 2117.0 344.0 2111.0 322.0 2121.0 319.0 ship 0
2235.0 675.0 2225.0 677.0 2221.0 655.0 2231.0 654.0 small-vehicle 0
2100.0 684.0 2105.0 676.0 2126.0 689.0 2120.0 696.0 small-vehicle 0
2016.0 831.0 2010.0 836.0 1991.0 821.0 1996.0 816.0 small-vehicle 0
2173.0 829.0 2177.0 837.0 2155.0 846.0 2150.0 838.0 small-vehicle 0
1964.0 729.0 1971.0 729.0 1973.0 749.0 1964.0 750.0 small-vehicle 0
1862.0 742.0 1870.0 740.0 1873.0 761.0 1866.0 763.0 small-vehicle 0
1693.0 748.0 1700.0 746.0 1706.0 767.0 1696.0 768.0 small-vehicle 0
1327.0 890.0 1335.0 889.0 1339.0 907.0 1331.0 908.0 small-vehicle 0
1310.0 888.0 1318.0 886.0 1322.0 906.0 1315.0 908.0 small-vehicle 0
956.0 1098.0 964.0 1095.0 970.0 1115.0 960.0 1117.0 small-vehicle 1
1117.0 817.0 1107.0 822.0 1094.0 797.0 1108.0 791.0 ship 0
1038.0 871.0 1026.0 873.0 1022.0 845.0 1036.0 844.0 ship 0
816.0 912.0 805.0 915.0 796.0 888.0 811.0 882.0 ship 0
339.0 963.0 325.0 966.0 321.0 940.0 333.0 935.0 ship 0
2177.0 966.0 2221.0 958.0 2241.0 1051.0 2196.0 1059.0 tennis-court 0
259.0 934.0 279.0 931.0 307.0 1102.0 289.0 1105.0 harbor 0
