imagesource:GoogleEarth
gsd:0.266662108416
427.0 941.0 416.0 945.0 411.0 924.0 421.0 921.0 small-vehicle 0
1432.0 180.0 1471.0 160.0 1480.0 179.0 1443.0 197.0 swimming-pool 0
36.0 1383.0 24.0 1378.0 37.0 1356.0 46.0 1362.0 ship 0
29.0 1351.0 36.0 1360.0 18.0 1377.0 9.0 1369.0 ship 0
203.0 1182.0 196.0 1187.0 183.0 1175.0 192.0 1167.0 ship 0
13.0 1060.0 24.0 1062.0 20.0 1087.0 9.0 1085.0 ship 0
80.0 935.0 70.0 929.0 89.0 910.0 96.0 918.0 ship 0
417.0 914.0 407.0 918.0 397.0 899.0 408.0 894.0 ship 0
426.0 831.0 420.0 838.0 403.0 822.0 412.0 814.0 ship 0
661.0 1122.0 657.0 1112.0 678.0 1104.0 682.0 1114.0 ship 0
658.0 982.0 650.0 986.0 635.0 968.0 644.0 962.0 ship 0
665.0 974.0 659.0 980.0 646.0 963.0 653.0 956.0 ship 0
675.0 969.0 667.0 974.0 653.0 956.0 663.0 948.0 ship 0
1001.0 1097.0 1006.0 1089.0 1022.0 1104.0 1014.0 1111.0 ship 0
1058.0 1057.0 1051.0 1049.0 1068.0 1034.0 1074.0 1044.0 ship 0
927.0 598.0 917.0 601.0 912.0 583.0 922.0 580.0 ship 0
974.0 447.0 966.0 452.0 954.0 434.0 963.0 427.0 ship 0
489.0 352.0 482.0 362.0 457.0 342.0 468.0 330.0 ship 0
1153.0 264.0 1163.0 255.0 1182.0 276.0 1173.0 285.0 ship 0
1129.0 234.0 1139.0 225.0 1153.0 244.0 1146.0 250.0 ship 0
1201.0 217.0 1210.0 210.0 1222.0 228.0 1213.0 232.0 ship 0
1312.0 232.0 1349.0 215.0 1359.0 235.0 1322.0 252.0 swimming-pool 0
1537.0 74.0 1579.0 53.0 1589.0 75.0 1549.0 97.0 swimming-pool 0
130.0 1190.0 134.0 1185.0 147.0 1196.0 142.0 1200.0 small-vehicle 0
2016.0 391.0 1969.0 429.0 1795.0 221.0 1834.0 186.0 harbor 0
302.0 1578.0 269.0 1599.0 242.0 1555.0 279.0 1533.0 harbor 0
447.0 1498.0 414.0 1519.0 369.0 1451.0 401.0 1432.0 harbor 0
626.0 1391.0 607.0 1407.0 577.0 1367.0 596.0 1351.0 harbor 0
681.0 1358.0 646.0 1380.0 616.0 1336.0 652.0 1312.0 harbor 0
742.0 1316.0 698.0 1340.0 674.0 1301.0 715.0 1276.0 harbor 0
796.0 1279.0 761.0 1306.0 733.0 1271.0 767.0 1246.0 harbor 0
838.0 1239.0 821.0 1251.0 801.0 1220.0 819.0 1209.0 harbor 0
884.0 1212.0 867.0 1224.0 843.0 1189.0 859.0 1177.0 harbor 0
947.0 1168.0 928.0 1184.0 900.0 1144.0 920.0 1130.0 harbor 0
1015.0 1114.0 992.0 1132.0 964.0 1094.0 985.0 1077.0 harbor 0
1079.0 1055.0 1053.0 1076.0 1026.0 1036.0 1051.0 1018.0 harbor 0
1278.0 947.0 1229.0 987.0 1157.0 891.0 1211.0 854.0 harbor 0
1351.0 867.0 1337.0 879.0 1276.0 803.0 1291.0 792.0 harbor 0
1438.0 820.0 1416.0 847.0 1331.0 768.0 1359.0 740.0 harbor 0
1295.0 666.0 1306.0 677.0 1283.0 700.0 1272.0 689.0 swimming-pool 0
1512.0 741.0 1489.0 760.0 1398.0 661.0 1416.0 642.0 harbor 0
1606.0 671.0 1587.0 681.0 1491.0 526.0 1512.0 516.0 harbor 0
1744.0 594.0 1719.0 606.0 1626.0 439.0 1652.0 427.0 harbor 0
1853.0 510.0 1831.0 524.0 1701.0 311.0 1724.0 299.0 harbor 0
1215.0 240.0 1220.0 233.0 1232.0 246.0 1225.0 251.0 ship 0
1062.0 147.0 1070.0 140.0 1087.0 159.0 1079.0 165.0 ship 0
1032.0 113.0 1039.0 108.0 1058.0 128.0 1049.0 135.0 ship 0
997.0 75.0 1004.0 66.0 1023.0 83.0 1015.0 92.0 ship 0
834.0 892.0 844.0 890.0 853.0 914.0 845.0 917.0 small-vehicle 0
910.0 917.0 906.0 909.0 926.0 901.0 930.0 907.0 small-vehicle 0
913.0 878.0 917.0 886.0 905.0 896.0 899.0 889.0 small-vehicle 0
898.0 654.0 893.0 661.0 878.0 650.0 882.0 643.0 small-vehicle 0
1096.0 654.0 1101.0 647.0 1118.0 664.0 1111.0 671.0 small-vehicle 1
1003.0 688.0 1010.0 684.0 1023.0 703.0 1014.0 708.0 small-vehicle 1
514.0 421.0 508.0 427.0 490.0 411.0 494.0 405.0 small-vehicle 0
678.0 204.0 688.0 201.0 694.0 225.0 683.0 226.0 small-vehicle 0
431.0 159.0 436.0 168.0 418.0 180.0 411.0 173.0 small-vehicle 0
52.0 902.0 63.0 900.0 64.0 922.0 52.0 922.0 small-vehicle 0
89.0 932.0 97.0 938.0 78.0 953.0 74.0 944.0 small-vehicle 0
70.0 945.0 77.0 954.0 62.0 970.0 53.0 963.0 ship 0
2.0 1039.0 10.0 1033.0 22.0 1055.0 13.0 1058.0 small-vehicle 0
107.0 1090.0 112.0 1098.0 94.0 1110.0 89.0 1102.0 small-vehicle 0
97.0 1079.0 103.0 1088.0 89.0 1100.0 82.0 1092.0 small-vehicle 0
140.0 1091.0 147.0 1082.0 160.0 1100.0 153.0 1105.0 small-vehicle 0
303.0 1110.0 313.0 1110.0 317.0 1133.0 306.0 1135.0 small-vehicle 0
179.0 1201.0 170.0 1203.0 163.0 1187.0 172.0 1184.0 small-vehicle 0
146.0 1192.0 151.0 1187.0 162.0 1199.0 157.0 1203.0 small-vehicle 0
778.0 726.0 786.0 723.0 795.0 740.0 787.0 745.0 small-vehicle 0
640.0 779.0 631.0 783.0 622.0 764.0 630.0 760.0 small-vehicle 0
610.0 774.0 618.0 769.0 630.0 790.0 621.0 794.0 small-vehicle 0
666.0 254.0 673.0 261.0 652.0 279.0 645.0 271.0 ship 0
963.0 31.0 971.0 24.0 989.0 41.0 979.0 49.0 ship 0
1593.0 650.0 1602.0 645.0 1616.0 663.0 1606.0 667.0 ship 0
1608.0 668.0 1614.0 678.0 1594.0 691.0 1587.0 683.0 ship 0
1222.0 939.0 1229.0 948.0 1212.0 955.0 1208.0 948.0 ship 0
1253.0 947.0 1246.0 940.0 1261.0 923.0 1270.0 933.0 ship 0
1693.0 927.0 1702.0 934.0 1682.0 949.0 1671.0 941.0 ship 0
1934.0 410.0 1945.0 398.0 1971.0 429.0 1957.0 439.0 ship 0
2001.0 400.0 1989.0 391.0 2010.0 373.0 2021.0 381.0 ship 0
636.0 45.0 644.0 37.0 664.0 57.0 656.0 64.0 ship 0
381.0 940.0 389.0 935.0 399.0 954.0 392.0 958.0 small-vehicle 0
640.0 27.0 633.0 20.0 651.0 4.0 659.0 12.0 ship 0
679.0 33.0 669.0 25.0 691.0 3.0 701.0 15.0 ship 0
605.0 67.0 595.0 74.0 579.0 52.0 589.0 46.0 ship 1
710.0 1306.0 721.0 1299.0 735.0 1322.0 724.0 1328.0 ship 1
446.0 1245.0 453.0 1242.0 465.0 1262.0 459.0 1265.0 small-vehicle 0
742.0 1045.0 735.0 1048.0 726.0 1032.0 732.0 1028.0 small-vehicle 0
733.0 1023.0 742.0 1019.0 754.0 1038.0 748.0 1043.0 small-vehicle 0
653.0 992.0 659.0 987.0 672.0 1004.0 665.0 1008.0 small-vehicle 0
223.0 1638.0 200.0 1654.0 161.0 1594.0 186.0 1578.0 harbor 0
