imagesource:GoogleEarth
gsd:0.253683425351
2070.0 114.0 2066.0 106.0 2091.0 98.0 2097.0 106.0 small-vehicle 1
1979.0 328.0 1987.0 325.0 1994.0 344.0 1986.0 346.0 small-vehicle 1
271.0 430.0 244.0 424.0 328.0 32.0 354.0 36.0 harbor 0
435.0 452.0 403.0 443.0 497.0 80.0 531.0 90.0 harbor 0
565.0 459.0 540.0 448.0 631.0 122.0 660.0 131.0 harbor 0
620.0 507.0 597.0 494.0 715.0 159.0 747.0 170.0 harbor 0
697.0 525.0 652.0 500.0 776.0 177.0 820.0 195.0 harbor 0
877.0 569.0 825.0 545.0 941.0 231.0 998.0 251.0 harbor 0
1114.0 611.0 1092.0 602.0 1180.0 371.0 1201.0 380.0 harbor 0
1221.0 605.0 1190.0 591.0 1245.0 441.0 1278.0 451.0 harbor 0
1278.0 636.0 1256.0 626.0 1302.0 514.0 1323.0 525.0 harbor 0
1373.0 660.0 1350.0 652.0 1387.0 550.0 1408.0 557.0 harbor 0
1463.0 669.0 1434.0 659.0 1467.0 560.0 1497.0 570.0 harbor 0
1610.0 703.0 1558.0 698.0 1565.0 575.0 1617.0 578.0 harbor 0
1718.0 707.0 1695.0 703.0 1705.0 595.0 1730.0 597.0 harbor 0
1853.0 761.0 1803.0 768.0 1783.0 653.0 1835.0 643.0 harbor 0
2023.0 775.0 1964.0 793.0 1929.0 671.0 1989.0 650.0 harbor 0
2079.0 772.0 2047.0 782.0 2006.0 649.0 2042.0 638.0 harbor 0
2181.0 756.0 2153.0 765.0 2101.0 615.0 2131.0 605.0 harbor 0
1101.0 167.0 1089.0 163.0 1097.0 138.0 1108.0 142.0 small-vehicle 1
1189.0 203.0 1180.0 199.0 1188.0 180.0 1196.0 185.0 small-vehicle 1
180.0 393.0 143.0 386.0 202.0 63.0 236.0 70.0 harbor 0
