imagesource:GoogleEarth
gsd:0.248742045811
3676.0 625.0 3669.0 625.0 3670.0 607.0 3677.0 608.0 small-vehicle 0
4452.0 219.0 4469.0 222.0 4457.0 293.0 4440.0 290.0 harbor 0
4970.0 266.0 4988.0 270.0 4969.0 378.0 4952.0 374.0 harbor 0
5148.0 292.0 5167.0 295.0 5147.0 412.0 5128.0 408.0 harbor 0
5272.0 315.0 5295.0 318.0 5278.0 430.0 5254.0 427.0 harbor 0
5543.0 356.0 5568.0 360.0 5552.0 462.0 5530.0 460.0 harbor 0
5610.0 378.0 5630.0 383.0 5615.0 473.0 5595.0 470.0 harbor 0
5978.0 431.0 5998.0 435.0 5981.0 533.0 5962.0 530.0 harbor 0
6249.0 1.0 6337.0 1.0 6186.0 664.0 6101.0 666.0 bridge 0
7135.0 601.0 7159.0 607.0 7149.0 665.0 7125.0 664.0 harbor 1
6976.0 599.0 7010.0 604.0 7002.0 663.0 6970.0 659.0 harbor 0
6858.0 577.0 6875.0 584.0 6854.0 659.0 6838.0 654.0 harbor 0
6732.0 552.0 6756.0 558.0 6740.0 633.0 6718.0 627.0 harbor 0
6608.0 563.0 6629.0 567.0 6617.0 620.0 6598.0 616.0 harbor 0
6478.0 502.0 6495.0 506.0 6484.0 576.0 6466.0 572.0 harbor 0
6403.0 486.0 6426.0 494.0 6405.0 581.0 6379.0 574.0 harbor 0
6328.0 494.0 6351.0 501.0 6337.0 566.0 6314.0 560.0 harbor 0
4531.0 189.0 4556.0 194.0 4536.0 300.0 4512.0 293.0 harbor 0
4385.0 153.0 4409.0 157.0 4388.0 275.0 4365.0 270.0 harbor 0
3113.0 480.0 3110.0 490.0 3091.0 482.0 3094.0 475.0 small-vehicle 0
4167.0 126.0 4203.0 134.0 4182.0 240.0 4145.0 232.0 harbor 0
354.0 37.0 379.0 35.0 403.0 244.0 377.0 248.0 harbor 0
761.0 17.0 800.0 12.0 815.0 139.0 777.0 144.0 harbor 0
865.0 0.0 878.0 1.0 906.0 121.0 894.0 124.0 harbor 1
2737.0 103.0 2741.0 88.0 2777.0 96.0 2773.0 111.0 swimming-pool 0
3135.0 2.0 3154.0 1.0 3142.0 95.0 3124.0 93.0 harbor 1
3071.0 1.0 3090.0 1.0 3079.0 89.0 3061.0 85.0 harbor 1
3304.0 10.0 3323.0 13.0 3308.0 99.0 3287.0 94.0 harbor 0
3371.0 14.0 3410.0 23.0 3386.0 119.0 3345.0 108.0 harbor 0
3445.0 37.0 3462.0 41.0 3439.0 125.0 3422.0 119.0 harbor 0
3509.0 49.0 3542.0 59.0 3520.0 150.0 3486.0 140.0 harbor 0
3666.0 58.0 3701.0 64.0 3688.0 165.0 3654.0 160.0 harbor 0
3802.0 110.0 3832.0 117.0 3820.0 181.0 3788.0 174.0 harbor 0
3880.0 125.0 3904.0 129.0 3888.0 203.0 3867.0 199.0 harbor 0
4025.0 104.0 4047.0 107.0 4031.0 214.0 4006.0 208.0 harbor 0
4095.0 113.0 4129.0 121.0 4108.0 226.0 4073.0 218.0 harbor 0
443.0 374.0 452.0 374.0 450.0 395.0 440.0 395.0 small-vehicle 0
321.0 481.0 332.0 483.0 329.0 506.0 319.0 504.0 small-vehicle 0
1074.0 216.0 1065.0 212.0 1068.0 192.0 1077.0 193.0 small-vehicle 0
1127.0 214.0 1137.0 218.0 1131.0 238.0 1123.0 235.0 small-vehicle 0
1890.0 258.0 1900.0 258.0 1896.0 285.0 1887.0 283.0 small-vehicle 0
3652.0 639.0 3643.0 636.0 3649.0 614.0 3658.0 615.0 small-vehicle 0
6245.0 303.0 6254.0 303.0 6253.0 320.0 6243.0 321.0 small-vehicle 1
412.0 458.0 409.0 467.0 383.0 465.0 384.0 454.0 small-vehicle 0
332.0 517.0 332.0 507.0 353.0 510.0 352.0 518.0 small-vehicle 0
321.0 451.0 332.0 451.0 329.0 477.0 319.0 475.0 small-vehicle 0
388.0 440.0 390.0 430.0 418.0 436.0 416.0 446.0 small-vehicle 0
243.0 437.0 230.0 437.0 232.0 405.0 245.0 405.0 small-vehicle 0
192.0 512.0 198.0 509.0 211.0 524.0 205.0 529.0 small-vehicle 0
1141.0 214.0 1151.0 218.0 1143.0 236.0 1135.0 233.0 small-vehicle 0
1875.0 271.0 1882.0 271.0 1878.0 289.0 1870.0 287.0 small-vehicle 0
1717.0 387.0 1714.0 393.0 1695.0 388.0 1696.0 381.0 small-vehicle 0
2364.0 600.0 2375.0 602.0 2367.0 624.0 2359.0 622.0 ship 0
3244.0 166.0 3245.0 157.0 3263.0 162.0 3261.0 170.0 small-vehicle 0
3237.0 192.0 3238.0 183.0 3256.0 189.0 3254.0 196.0 small-vehicle 0
6206.0 419.0 6216.0 422.0 6209.0 443.0 6200.0 438.0 small-vehicle 0
4650.0 553.0 4643.0 551.0 4648.0 529.0 4655.0 532.0 small-vehicle 0
4475.0 547.0 4485.0 550.0 4479.0 572.0 4471.0 568.0 small-vehicle 0
2643.0 623.0 2641.0 631.0 2609.0 625.0 2610.0 614.0 ship 0
1820.0 298.0 1829.0 301.0 1820.0 329.0 1812.0 326.0 ship 0
1909.0 196.0 1905.0 208.0 1879.0 200.0 1883.0 186.0 ship 0
2556.0 194.0 2549.0 196.0 2544.0 179.0 2550.0 176.0 small-vehicle 0
2828.0 135.0 2838.0 138.0 2833.0 159.0 2823.0 155.0 small-vehicle 0
2296.0 556.0 2299.0 548.0 2318.0 554.0 2315.0 561.0 small-vehicle 0
2298.0 544.0 2300.0 534.0 2321.0 546.0 2317.0 552.0 small-vehicle 0
2842.0 179.0 2830.0 173.0 2838.0 148.0 2851.0 154.0 ship 0
5304.0 353.0 5293.0 350.0 5296.0 318.0 5308.0 320.0 ship 0
3318.0 356.0 3329.0 359.0 3324.0 383.0 3315.0 382.0 small-vehicle 0
3364.0 390.0 3376.0 393.0 3371.0 409.0 3361.0 406.0 small-vehicle 0
3405.0 387.0 3414.0 390.0 3407.0 410.0 3398.0 407.0 small-vehicle 0
3414.0 379.0 3402.0 374.0 3412.0 345.0 3423.0 350.0 ship 0
3839.0 150.0 3826.0 148.0 3829.0 115.0 3844.0 117.0 ship 0
4417.0 192.0 4404.0 189.0 4409.0 157.0 4422.0 162.0 ship 0
271.0 47.0 294.0 45.0 319.0 250.0 293.0 254.0 harbor 0
