imagesource:GoogleEarth
gsd:0.26098498928
2003.0 975.0 2010.0 974.0 2014.0 992.0 2008.0 995.0 small-vehicle 1
815.0 597.0 818.0 617.0 780.0 628.0 775.0 605.0 harbor 0
618.0 258.0 637.0 252.0 647.0 286.0 628.0 292.0 harbor 0
807.0 387.0 800.0 367.0 834.0 357.0 840.0 376.0 harbor 0
787.0 421.0 789.0 437.0 761.0 442.0 758.0 425.0 harbor 0
797.0 479.0 801.0 495.0 765.0 504.0 759.0 490.0 harbor 0
828.0 496.0 824.0 478.0 859.0 470.0 862.0 488.0 harbor 0
807.0 539.0 809.0 560.0 767.0 565.0 764.0 544.0 harbor 0
837.0 554.0 833.0 536.0 871.0 526.0 876.0 546.0 harbor 0
852.0 615.0 847.0 597.0 884.0 587.0 888.0 606.0 harbor 0
884.0 938.0 889.0 959.0 855.0 967.0 850.0 948.0 harbor 0
826.0 654.0 828.0 671.0 794.0 679.0 790.0 662.0 harbor 0
863.0 666.0 858.0 645.0 896.0 637.0 901.0 656.0 harbor 0
829.0 711.0 833.0 733.0 801.0 740.0 797.0 719.0 harbor 0
883.0 723.0 877.0 702.0 907.0 694.0 912.0 715.0 harbor 0
843.0 769.0 847.0 790.0 813.0 798.0 809.0 776.0 harbor 0
894.0 778.0 889.0 758.0 918.0 752.0 922.0 772.0 harbor 0
868.0 884.0 873.0 904.0 843.0 912.0 838.0 893.0 harbor 0
840.0 220.0 860.0 214.0 867.0 244.0 849.0 249.0 harbor 0
1143.0 196.0 1148.0 218.0 1112.0 226.0 1107.0 205.0 harbor 0
1160.0 286.0 1164.0 306.0 1123.0 314.0 1119.0 296.0 harbor 0
1203.0 301.0 1196.0 280.0 1217.0 275.0 1223.0 293.0 harbor 0
1262.0 800.0 1267.0 820.0 1231.0 828.0 1226.0 810.0 harbor 0
1308.0 806.0 1303.0 785.0 1333.0 778.0 1339.0 798.0 harbor 0
1284.0 695.0 1279.0 679.0 1313.0 670.0 1318.0 685.0 harbor 0
1236.0 687.0 1239.0 707.0 1212.0 712.0 1206.0 695.0 harbor 0
1230.0 625.0 1233.0 643.0 1194.0 649.0 1190.0 633.0 harbor 0
1268.0 642.0 1263.0 622.0 1297.0 614.0 1302.0 635.0 harbor 0
1219.0 573.0 1222.0 594.0 1186.0 598.0 1182.0 579.0 harbor 0
1246.0 526.0 1242.0 505.0 1271.0 499.0 1275.0 519.0 harbor 0
1210.0 515.0 1213.0 535.0 1175.0 542.0 1172.0 520.0 harbor 0
1230.0 469.0 1226.0 450.0 1260.0 443.0 1264.0 463.0 harbor 0
1191.0 457.0 1195.0 475.0 1160.0 483.0 1156.0 462.0 harbor 0
1220.0 407.0 1216.0 387.0 1247.0 382.0 1251.0 402.0 harbor 0
1180.0 404.0 1182.0 421.0 1147.0 428.0 1143.0 413.0 harbor 0
1210.0 357.0 1204.0 336.0 1230.0 332.0 1235.0 353.0 harbor 0
1170.0 342.0 1173.0 362.0 1134.0 370.0 1129.0 350.0 harbor 0
914.0 893.0 910.0 873.0 941.0 868.0 944.0 887.0 harbor 0
922.0 952.0 918.0 932.0 954.0 926.0 958.0 946.0 harbor 0
1270.0 860.0 1273.0 879.0 1243.0 885.0 1238.0 867.0 harbor 0
410.0 677.0 413.0 696.0 367.0 709.0 362.0 689.0 harbor 0
458.0 910.0 462.0 930.0 416.0 938.0 410.0 917.0 harbor 0
478.0 865.0 474.0 845.0 511.0 839.0 514.0 862.0 harbor 0
447.0 852.0 451.0 871.0 405.0 881.0 400.0 862.0 harbor 0
462.0 809.0 458.0 788.0 502.0 780.0 505.0 801.0 harbor 0
430.0 778.0 434.0 797.0 388.0 808.0 383.0 788.0 harbor 0
423.0 738.0 426.0 753.0 378.0 764.0 374.0 748.0 harbor 0
459.0 752.0 454.0 731.0 487.0 726.0 491.0 746.0 harbor 0
397.0 624.0 400.0 645.0 354.0 654.0 349.0 635.0 harbor 0
900.0 1007.0 904.0 1026.0 872.0 1036.0 868.0 1014.0 harbor 0
423.0 637.0 419.0 618.0 464.0 608.0 468.0 628.0 harbor 0
382.0 567.0 384.0 583.0 335.0 593.0 330.0 576.0 harbor 0
406.0 584.0 401.0 564.0 427.0 559.0 432.0 579.0 harbor 0
370.0 509.0 374.0 529.0 324.0 539.0 320.0 519.0 harbor 0
402.0 534.0 396.0 513.0 437.0 502.0 442.0 521.0 harbor 0
341.0 408.0 342.0 427.0 298.0 431.0 297.0 410.0 harbor 0
379.0 395.0 387.0 377.0 412.0 390.0 404.0 408.0 harbor 0
497.0 923.0 493.0 901.0 524.0 895.0 528.0 916.0 harbor 0
497.0 982.0 493.0 961.0 534.0 954.0 538.0 974.0 harbor 0
463.0 967.0 468.0 988.0 424.0 998.0 421.0 976.0 harbor 0
466.0 1028.0 469.0 1046.0 433.0 1055.0 429.0 1036.0 harbor 0
940.0 1008.0 935.0 987.0 965.0 983.0 969.0 1003.0 harbor 0
911.0 1060.0 915.0 1080.0 884.0 1088.0 880.0 1067.0 harbor 0
951.0 1065.0 946.0 1046.0 978.0 1039.0 982.0 1057.0 harbor 0
923.0 1099.0 926.0 1119.0 894.0 1125.0 891.0 1106.0 harbor 0
963.0 1122.0 959.0 1105.0 988.0 1099.0 991.0 1117.0 harbor 0
935.0 1164.0 940.0 1184.0 904.0 1193.0 900.0 1173.0 harbor 0
969.0 1178.0 965.0 1159.0 1001.0 1152.0 1005.0 1169.0 harbor 0
525.0 1249.0 530.0 1267.0 489.0 1275.0 485.0 1258.0 harbor 0
570.0 1268.0 564.0 1247.0 597.0 1239.0 602.0 1260.0 harbor 0
514.0 1199.0 518.0 1215.0 478.0 1223.0 474.0 1208.0 harbor 0
550.0 1209.0 545.0 1188.0 587.0 1180.0 590.0 1198.0 harbor 0
499.0 1135.0 504.0 1154.0 461.0 1166.0 455.0 1148.0 harbor 0
531.0 1157.0 528.0 1137.0 574.0 1128.0 579.0 1148.0 harbor 0
476.0 1085.0 481.0 1107.0 446.0 1115.0 440.0 1095.0 harbor 0
537.0 1096.0 532.0 1075.0 564.0 1067.0 568.0 1088.0 harbor 0
1320.0 866.0 1315.0 847.0 1346.0 838.0 1351.0 860.0 harbor 0
1323.0 925.0 1320.0 905.0 1365.0 898.0 1368.0 916.0 harbor 0
1849.0 880.0 1846.0 873.0 1864.0 866.0 1866.0 873.0 small-vehicle 1
714.0 1273.0 712.0 1263.0 732.0 1259.0 732.0 1268.0 small-vehicle 0
1663.0 466.0 1665.0 475.0 1642.0 481.0 1640.0 471.0 ship 0
1808.0 654.0 1804.0 644.0 1823.0 641.0 1825.0 651.0 small-vehicle 0
1721.0 298.0 1720.0 292.0 1738.0 288.0 1740.0 295.0 small-vehicle 0
1713.0 289.0 1711.0 280.0 1734.0 276.0 1736.0 283.0 small-vehicle 0
1356.0 329.0 1351.0 321.0 1371.0 316.0 1371.0 324.0 small-vehicle 0
1340.0 453.0 1337.0 444.0 1358.0 440.0 1360.0 447.0 small-vehicle 0
1431.0 661.0 1428.0 653.0 1447.0 650.0 1447.0 658.0 small-vehicle 0
1169.0 1120.0 1165.0 1112.0 1193.0 1103.0 1199.0 1113.0 ship 0
403.0 1239.0 404.0 1245.0 386.0 1250.0 383.0 1243.0 small-vehicle 0
939.0 1008.0 930.0 1009.0 925.0 983.0 934.0 982.0 ship 0
1096.0 1104.0 1094.0 1094.0 1116.0 1090.0 1118.0 1100.0 small-vehicle 0
1076.0 1108.0 1073.0 1101.0 1094.0 1096.0 1095.0 1104.0 small-vehicle 0
1075.0 1094.0 1074.0 1084.0 1095.0 1083.0 1095.0 1091.0 small-vehicle 0
1132.0 896.0 1131.0 888.0 1152.0 889.0 1151.0 897.0 small-vehicle 0
1325.0 182.0 1322.0 175.0 1340.0 173.0 1341.0 180.0 small-vehicle 0
1302.0 173.0 1302.0 166.0 1320.0 164.0 1320.0 170.0 small-vehicle 0
1845.0 854.0 1843.0 843.0 1862.0 842.0 1863.0 850.0 small-vehicle 0
1844.0 934.0 1841.0 924.0 1863.0 919.0 1865.0 930.0 small-vehicle 0
1893.0 732.0 1891.0 724.0 1911.0 721.0 1914.0 728.0 small-vehicle 0
1522.0 1372.0 1520.0 1366.0 1537.0 1364.0 1539.0 1369.0 small-vehicle 0
1885.0 720.0 1884.0 712.0 1903.0 706.0 1906.0 714.0 small-vehicle 1
1896.0 39.0 1893.0 26.0 1914.0 21.0 1917.0 33.0 swimming-pool 0
2012.0 131.0 2022.0 131.0 2020.0 151.0 2009.0 151.0 small-vehicle 1
1016.0 805.0 1015.0 798.0 1034.0 794.0 1035.0 801.0 small-vehicle 1
1004.0 643.0 1002.0 638.0 1023.0 630.0 1025.0 637.0 small-vehicle 1
554.0 590.0 551.0 581.0 569.0 577.0 572.0 584.0 small-vehicle 1
526.0 594.0 525.0 588.0 545.0 584.0 544.0 592.0 small-vehicle 1
762.0 918.0 765.0 925.0 747.0 932.0 745.0 924.0 small-vehicle 1
811.0 1192.0 811.0 1184.0 829.0 1181.0 830.0 1189.0 small-vehicle 1
671.0 1215.0 670.0 1206.0 696.0 1202.0 697.0 1209.0 small-vehicle 1
378.0 1171.0 380.0 1178.0 360.0 1183.0 358.0 1174.0 small-vehicle 1
381.0 1187.0 384.0 1194.0 369.0 1199.0 365.0 1192.0 small-vehicle 1
1705.0 1326.0 1707.0 1333.0 1686.0 1339.0 1683.0 1331.0 small-vehicle 0
1627.0 1354.0 1626.0 1345.0 1643.0 1345.0 1644.0 1353.0 small-vehicle 0
1500.0 1378.0 1498.0 1372.0 1515.0 1370.0 1515.0 1375.0 small-vehicle 0
1290.0 103.0 1293.0 112.0 1263.0 123.0 1258.0 112.0 ship 0
359.0 1189.0 363.0 1197.0 344.0 1204.0 341.0 1196.0 small-vehicle 0
1339.0 984.0 1334.0 966.0 1372.0 958.0 1376.0 976.0 harbor 0
1746.0 958.0 1741.0 938.0 1774.0 932.0 1779.0 950.0 harbor 0
1688.0 727.0 1684.0 712.0 1721.0 705.0 1724.0 721.0 harbor 0
1668.0 782.0 1673.0 803.0 1634.0 813.0 1629.0 793.0 harbor 0
1705.0 788.0 1701.0 770.0 1731.0 762.0 1736.0 780.0 harbor 0
1713.0 839.0 1709.0 821.0 1744.0 813.0 1747.0 832.0 harbor 0
1691.0 888.0 1695.0 909.0 1649.0 919.0 1645.0 899.0 harbor 0
1731.0 901.0 1726.0 882.0 1755.0 874.0 1759.0 894.0 harbor 0
1698.0 948.0 1702.0 965.0 1670.0 973.0 1665.0 957.0 harbor 0
1719.0 1001.0 1723.0 1020.0 1681.0 1029.0 1676.0 1010.0 harbor 0
288.0 1130.0 298.0 1126.0 301.0 1150.0 290.0 1150.0 small-vehicle 0
1755.0 999.0 1751.0 979.0 1780.0 973.0 1785.0 993.0 harbor 0
1746.0 1032.0 1764.0 1028.0 1771.0 1054.0 1752.0 1058.0 harbor 0
1332.0 1108.0 1344.0 1106.0 1349.0 1138.0 1337.0 1140.0 harbor 0
1331.0 1077.0 1336.0 1097.0 1289.0 1109.0 1285.0 1090.0 harbor 0
1361.0 1086.0 1372.0 1072.0 1408.0 1097.0 1396.0 1112.0 harbor 0
1308.0 1026.0 1311.0 1045.0 1278.0 1055.0 1271.0 1037.0 harbor 0
1292.0 970.0 1296.0 994.0 1271.0 1000.0 1265.0 977.0 harbor 0
1651.0 721.0 1655.0 736.0 1619.0 744.0 1615.0 728.0 harbor 0
1680.0 668.0 1677.0 647.0 1708.0 644.0 1712.0 663.0 harbor 0
1642.0 667.0 1646.0 688.0 1610.0 698.0 1604.0 678.0 harbor 0
1669.0 614.0 1665.0 593.0 1700.0 588.0 1703.0 610.0 harbor 0
1518.0 114.0 1524.0 140.0 1490.0 147.0 1483.0 121.0 harbor 0
1572.0 149.0 1570.0 136.0 1610.0 128.0 1613.0 140.0 harbor 0
1544.0 206.0 1547.0 221.0 1511.0 230.0 1508.0 214.0 harbor 0
1598.0 212.0 1592.0 192.0 1627.0 185.0 1632.0 203.0 harbor 0
1601.0 272.0 1597.0 250.0 1635.0 244.0 1639.0 264.0 harbor 0
1561.0 311.0 1569.0 335.0 1533.0 345.0 1527.0 323.0 harbor 0
1615.0 330.0 1610.0 309.0 1644.0 302.0 1650.0 323.0 harbor 0
1578.0 373.0 1582.0 390.0 1552.0 396.0 1549.0 382.0 harbor 0
1624.0 390.0 1619.0 364.0 1656.0 358.0 1661.0 383.0 harbor 0
1588.0 432.0 1592.0 454.0 1558.0 461.0 1554.0 440.0 harbor 0
1634.0 444.0 1631.0 424.0 1665.0 418.0 1668.0 438.0 harbor 0
1599.0 486.0 1604.0 507.0 1576.0 512.0 1571.0 493.0 harbor 0
1649.0 503.0 1644.0 478.0 1678.0 475.0 1683.0 499.0 harbor 0
1660.0 558.0 1655.0 537.0 1693.0 532.0 1696.0 550.0 harbor 0
1628.0 602.0 1634.0 622.0 1595.0 631.0 1591.0 611.0 harbor 0
344.0 370.0 337.0 391.0 291.0 378.0 295.0 358.0 harbor 0
