imagesource:GoogleEarth
gsd:0.271000134862
1449.0 1041.0 1458.0 1035.0 1471.0 1059.0 1462.0 1065.0 small-vehicle 1
1188.0 828.0 1204.0 812.0 1234.0 840.0 1220.0 855.0 harbor 0
1701.0 285.0 1713.0 269.0 1733.0 287.0 1723.0 301.0 harbor 0
1664.0 326.0 1679.0 311.0 1698.0 328.0 1685.0 344.0 harbor 0
1625.0 376.0 1643.0 358.0 1661.0 375.0 1643.0 393.0 harbor 0
1593.0 415.0 1606.0 401.0 1624.0 418.0 1612.0 431.0 harbor 0
1553.0 457.0 1567.0 441.0 1586.0 459.0 1574.0 473.0 harbor 0
1518.0 493.0 1532.0 479.0 1552.0 499.0 1540.0 512.0 harbor 0
1470.0 551.0 1484.0 536.0 1503.0 554.0 1487.0 568.0 harbor 0
1427.0 597.0 1442.0 583.0 1459.0 600.0 1446.0 615.0 harbor 0
1355.0 683.0 1372.0 665.0 1390.0 686.0 1373.0 702.0 harbor 0
1321.0 718.0 1335.0 704.0 1356.0 724.0 1344.0 738.0 harbor 0
1235.0 799.0 1248.0 784.0 1270.0 802.0 1258.0 818.0 harbor 0
996.0 1504.0 981.0 1466.0 1027.0 1446.0 1045.0 1483.0 swimming-pool 0
1214.0 1896.0 1203.0 1864.0 1258.0 1843.0 1268.0 1876.0 swimming-pool 0
1471.0 1162.0 1458.0 1129.0 1500.0 1115.0 1511.0 1148.0 swimming-pool 0
1669.0 855.0 1656.0 825.0 1720.0 795.0 1735.0 826.0 swimming-pool 0
387.0 1852.0 397.0 1856.0 391.0 1873.0 381.0 1870.0 small-vehicle 0
609.0 1753.0 605.0 1743.0 630.0 1739.0 632.0 1746.0 small-vehicle 0
1752.0 233.0 1768.0 221.0 1784.0 242.0 1769.0 254.0 harbor 0
1150.0 893.0 1163.0 879.0 1187.0 898.0 1174.0 913.0 harbor 0
1368.0 1870.0 1372.0 1877.0 1355.0 1884.0 1352.0 1877.0 small-vehicle 0
1098.0 934.0 1113.0 919.0 1137.0 942.0 1123.0 958.0 harbor 0
236.0 1845.0 251.0 1825.0 277.0 1846.0 264.0 1865.0 harbor 0
262.0 1791.0 283.0 1766.0 309.0 1791.0 287.0 1816.0 harbor 0
312.0 1712.0 327.0 1698.0 344.0 1716.0 332.0 1729.0 harbor 0
340.0 1664.0 354.0 1649.0 377.0 1671.0 363.0 1685.0 harbor 0
372.0 1624.0 386.0 1609.0 409.0 1629.0 394.0 1644.0 harbor 0
416.0 1574.0 431.0 1561.0 452.0 1589.0 438.0 1599.0 harbor 0
454.0 1541.0 468.0 1528.0 496.0 1555.0 483.0 1568.0 harbor 0
537.0 1460.0 551.0 1447.0 584.0 1480.0 572.0 1493.0 harbor 0
572.0 1420.0 584.0 1407.0 622.0 1442.0 609.0 1455.0 harbor 0
650.0 1342.0 664.0 1327.0 700.0 1359.0 685.0 1373.0 harbor 0
697.0 1305.0 712.0 1292.0 739.0 1321.0 726.0 1333.0 harbor 0
782.0 1224.0 797.0 1211.0 827.0 1239.0 814.0 1254.0 harbor 0
828.0 1191.0 843.0 1178.0 869.0 1209.0 856.0 1220.0 harbor 0
944.0 1094.0 959.0 1080.0 983.0 1107.0 969.0 1120.0 harbor 0
984.0 1061.0 998.0 1047.0 1018.0 1067.0 1006.0 1080.0 harbor 0
1026.0 1018.0 1041.0 1003.0 1061.0 1024.0 1049.0 1037.0 harbor 0
1066.0 977.0 1080.0 962.0 1100.0 983.0 1086.0 996.0 harbor 0
1361.0 1904.0 1356.0 1895.0 1375.0 1890.0 1378.0 1897.0 small-vehicle 0
1286.0 1847.0 1285.0 1839.0 1303.0 1831.0 1307.0 1840.0 small-vehicle 0
1524.0 1772.0 1532.0 1768.0 1542.0 1788.0 1535.0 1792.0 small-vehicle 1
1690.0 1548.0 1697.0 1545.0 1701.0 1561.0 1694.0 1563.0 small-vehicle 0
1673.0 1557.0 1681.0 1554.0 1687.0 1574.0 1678.0 1575.0 small-vehicle 0
1725.0 1181.0 1728.0 1190.0 1709.0 1197.0 1705.0 1192.0 small-vehicle 0
1530.0 1224.0 1541.0 1221.0 1548.0 1242.0 1540.0 1247.0 small-vehicle 0
1500.0 1237.0 1508.0 1232.0 1516.0 1252.0 1507.0 1255.0 small-vehicle 0
1480.0 1245.0 1489.0 1241.0 1498.0 1260.0 1490.0 1264.0 small-vehicle 0
1574.0 1026.0 1570.0 1017.0 1591.0 1009.0 1595.0 1018.0 small-vehicle 0
1634.0 943.0 1638.0 952.0 1624.0 960.0 1618.0 952.0 small-vehicle 0
1665.0 1021.0 1668.0 1028.0 1648.0 1034.0 1646.0 1026.0 small-vehicle 0
1676.0 1103.0 1673.0 1095.0 1693.0 1088.0 1695.0 1095.0 small-vehicle 0
1681.0 1123.0 1679.0 1115.0 1700.0 1109.0 1701.0 1116.0 small-vehicle 0
1627.0 1160.0 1624.0 1155.0 1637.0 1150.0 1639.0 1153.0 small-vehicle 1
1717.0 434.0 1724.0 429.0 1739.0 441.0 1733.0 448.0 small-vehicle 0
1707.0 1595.0 1714.0 1589.0 1723.0 1609.0 1716.0 1611.0 small-vehicle 0
1734.0 1604.0 1725.0 1606.0 1720.0 1591.0 1727.0 1588.0 small-vehicle 0
1718.0 1639.0 1724.0 1642.0 1711.0 1657.0 1705.0 1654.0 small-vehicle 0
1709.0 1632.0 1716.0 1638.0 1703.0 1650.0 1697.0 1647.0 small-vehicle 0
1704.0 1625.0 1710.0 1632.0 1696.0 1642.0 1691.0 1636.0 small-vehicle 0
1681.0 1553.0 1688.0 1551.0 1693.0 1567.0 1686.0 1569.0 small-vehicle 0
1699.0 1546.0 1708.0 1543.0 1713.0 1562.0 1706.0 1563.0 small-vehicle 0
1311.0 1902.0 1308.0 1894.0 1324.0 1889.0 1327.0 1894.0 small-vehicle 0
1718.0 1537.0 1727.0 1535.0 1734.0 1554.0 1726.0 1556.0 small-vehicle 0
1434.0 1774.0 1431.0 1765.0 1449.0 1757.0 1453.0 1763.0 small-vehicle 0
1439.0 1793.0 1438.0 1786.0 1456.0 1780.0 1458.0 1788.0 small-vehicle 0
1484.0 1811.0 1477.0 1813.0 1470.0 1797.0 1477.0 1793.0 small-vehicle 0
1495.0 1805.0 1488.0 1809.0 1481.0 1792.0 1487.0 1791.0 small-vehicle 0
1492.0 1787.0 1501.0 1785.0 1507.0 1803.0 1499.0 1804.0 small-vehicle 0
1070.0 1242.0 1062.0 1235.0 1075.0 1224.0 1082.0 1232.0 small-vehicle 0
1171.0 1456.0 1179.0 1454.0 1184.0 1472.0 1177.0 1475.0 small-vehicle 0
1421.0 1739.0 1417.0 1730.0 1436.0 1724.0 1440.0 1732.0 small-vehicle 0
1615.0 1623.0 1611.0 1616.0 1633.0 1610.0 1635.0 1618.0 small-vehicle 0
1735.0 1652.0 1742.0 1656.0 1730.0 1668.0 1725.0 1666.0 small-vehicle 0
1797.0 1621.0 1801.0 1631.0 1779.0 1637.0 1777.0 1630.0 small-vehicle 0
1788.0 1646.0 1786.0 1639.0 1803.0 1636.0 1804.0 1644.0 small-vehicle 0
1784.0 1514.0 1791.0 1510.0 1796.0 1526.0 1789.0 1529.0 small-vehicle 0
1767.0 1522.0 1775.0 1519.0 1781.0 1538.0 1774.0 1540.0 small-vehicle 0
1758.0 1525.0 1766.0 1522.0 1771.0 1538.0 1765.0 1543.0 small-vehicle 0
1744.0 1528.0 1753.0 1525.0 1762.0 1543.0 1754.0 1546.0 small-vehicle 0
1750.0 1545.0 1744.0 1547.0 1736.0 1532.0 1744.0 1527.0 small-vehicle 0
201.0 1904.0 215.0 1877.0 240.0 1890.0 232.0 1904.0 harbor 1
