imagesource:GoogleEarth
gsd:0.285514819241
1543.0 2359.0 1540.0 2366.0 1524.0 2359.0 1526.0 2353.0 small-vehicle 0
1158.0 2558.0 1145.0 2581.0 1125.0 2567.0 1139.0 2544.0 harbor 0
1172.0 3158.0 1152.0 3152.0 1158.0 3114.0 1180.0 3119.0 swimming-pool 0
466.0 3311.0 450.0 3298.0 471.0 3272.0 488.0 3288.0 swimming-pool 0
642.0 3101.0 628.0 3089.0 649.0 3062.0 664.0 3074.0 swimming-pool 0
344.0 3049.0 334.0 3036.0 357.0 3016.0 367.0 3028.0 swimming-pool 0
236.0 3202.0 213.0 3184.0 243.0 3148.0 264.0 3164.0 swimming-pool 0
1243.0 2487.0 1251.0 2472.0 1270.0 2483.0 1262.0 2498.0 harbor 0
1254.0 2472.0 1249.0 2463.0 1271.0 2451.0 1276.0 2461.0 harbor 0
1246.0 2452.0 1238.0 2446.0 1257.0 2422.0 1265.0 2429.0 harbor 0
1241.0 2437.0 1229.0 2436.0 1229.0 2411.0 1241.0 2412.0 harbor 0
1210.0 2473.0 1197.0 2490.0 1178.0 2475.0 1192.0 2458.0 harbor 0
1218.0 2528.0 1227.0 2516.0 1243.0 2527.0 1234.0 2541.0 harbor 0
1178.0 2586.0 1191.0 2568.0 1206.0 2580.0 1194.0 2598.0 harbor 0
538.0 3304.0 522.0 3325.0 498.0 3305.0 514.0 3283.0 harbor 0
1129.0 2661.0 1142.0 2642.0 1160.0 2655.0 1149.0 2674.0 harbor 0
1110.0 2627.0 1088.0 2654.0 1071.0 2639.0 1093.0 2613.0 harbor 0
1082.0 2731.0 1094.0 2708.0 1114.0 2719.0 1103.0 2742.0 harbor 0
1033.0 2772.0 1051.0 2753.0 1070.0 2775.0 1052.0 2794.0 harbor 0
1014.0 2737.0 996.0 2758.0 981.0 2743.0 1000.0 2721.0 harbor 0
946.0 2795.0 958.0 2808.0 925.0 2838.0 912.0 2827.0 harbor 0
941.0 2890.0 953.0 2876.0 967.0 2890.0 956.0 2903.0 harbor 0
890.0 2870.0 867.0 2903.0 850.0 2887.0 873.0 2857.0 harbor 0
879.0 2957.0 894.0 2940.0 911.0 2956.0 898.0 2972.0 harbor 0
792.0 3071.0 804.0 3040.0 833.0 3049.0 824.0 3081.0 harbor 0
745.0 3052.0 734.0 3065.0 716.0 3046.0 729.0 3033.0 harbor 0
992.0 2944.0 988.0 2915.0 1016.0 2910.0 1021.0 2941.0 swimming-pool 0
1241.0 3002.0 1257.0 2997.0 1268.0 3028.0 1251.0 3032.0 swimming-pool 0
1385.0 2815.0 1365.0 2805.0 1381.0 2771.0 1401.0 2780.0 swimming-pool 0
1217.0 2595.0 1218.0 2575.0 1253.0 2575.0 1252.0 2595.0 swimming-pool 0
1541.0 897.0 1550.0 901.0 1544.0 922.0 1532.0 919.0 ship 0
1534.0 1185.0 1530.0 1194.0 1495.0 1178.0 1499.0 1167.0 ship 0
1289.0 1756.0 1279.0 1750.0 1298.0 1723.0 1309.0 1728.0 ship 0
922.0 2078.0 934.0 2093.0 888.0 2137.0 877.0 2124.0 ship 0
852.0 2189.0 863.0 2198.0 831.0 2242.0 819.0 2233.0 ship 0
768.0 2339.0 752.0 2328.0 782.0 2287.0 798.0 2299.0 ship 0
243.0 2947.0 254.0 2953.0 237.0 2979.0 226.0 2973.0 ship 0
239.0 3033.0 233.0 3040.0 214.0 3025.0 218.0 3016.0 ship 0
119.0 3187.0 111.0 3194.0 82.0 3170.0 88.0 3160.0 ship 0
1459.0 1733.0 1452.0 1707.0 1489.0 1695.0 1495.0 1719.0 swimming-pool 0
1566.0 1429.0 1574.0 1406.0 1599.0 1415.0 1592.0 1437.0 swimming-pool 0
1552.0 2248.0 1556.0 2234.0 1582.0 2243.0 1577.0 2258.0 swimming-pool 0
1526.0 3048.0 1510.0 3042.0 1521.0 3015.0 1537.0 3020.0 swimming-pool 0
1399.0 3318.0 1416.0 3282.0 1443.0 3297.0 1428.0 3334.0 swimming-pool 0
1305.0 3171.0 1289.0 3160.0 1302.0 3131.0 1320.0 3140.0 swimming-pool 0
1393.0 2111.0 1378.0 2105.0 1390.0 2074.0 1405.0 2079.0 swimming-pool 0
1348.0 2187.0 1341.0 2165.0 1366.0 2155.0 1373.0 2179.0 swimming-pool 0
1091.0 2168.0 1107.0 2158.0 1121.0 2192.0 1106.0 2200.0 swimming-pool 0
1213.0 2402.0 1208.0 2386.0 1230.0 2377.0 1235.0 2392.0 swimming-pool 0
1127.0 2462.0 1135.0 2451.0 1155.0 2464.0 1148.0 2476.0 swimming-pool 0
898.0 2746.0 907.0 2734.0 931.0 2756.0 920.0 2769.0 swimming-pool 0
910.0 2701.0 919.0 2688.0 944.0 2707.0 934.0 2719.0 swimming-pool 0
982.0 2619.0 993.0 2603.0 1021.0 2620.0 1008.0 2638.0 swimming-pool 0
581.0 3337.0 593.0 3348.0 558.0 3386.0 547.0 3376.0 harbor 0
603.0 3228.0 589.0 3241.0 569.0 3220.0 581.0 3207.0 harbor 0
209.0 3336.0 214.0 3331.0 227.0 3348.0 221.0 3352.0 small-vehicle 1
1547.0 1021.0 1554.0 1001.0 1646.0 1041.0 1639.0 1063.0 harbor 0
1335.0 1689.0 1346.0 1660.0 1438.0 1699.0 1425.0 1728.0 harbor 0
1369.0 1648.0 1389.0 1598.0 1472.0 1630.0 1458.0 1681.0 harbor 0
1389.0 1562.0 1404.0 1527.0 1500.0 1566.0 1488.0 1601.0 harbor 0
1429.0 1504.0 1415.0 1498.0 1425.0 1470.0 1438.0 1475.0 harbor 0
1427.0 1469.0 1435.0 1449.0 1526.0 1484.0 1520.0 1504.0 harbor 0
1441.0 1412.0 1458.0 1371.0 1544.0 1408.0 1531.0 1448.0 harbor 0
1471.0 1338.0 1489.0 1294.0 1577.0 1332.0 1564.0 1375.0 harbor 0
1482.0 1261.0 1494.0 1227.0 1589.0 1265.0 1579.0 1303.0 harbor 0
1509.0 1169.0 1522.0 1136.0 1610.0 1167.0 1600.0 1207.0 harbor 0
1534.0 1094.0 1517.0 1087.0 1529.0 1058.0 1545.0 1067.0 harbor 0
1538.0 1063.0 1545.0 1043.0 1639.0 1082.0 1634.0 1103.0 harbor 0
1530.0 900.0 1541.0 868.0 1648.0 919.0 1638.0 949.0 harbor 0
690.0 3113.0 664.0 3141.0 645.0 3121.0 672.0 3093.0 harbor 0
1544.0 856.0 1563.0 812.0 1650.0 847.0 1633.0 896.0 harbor 0
1534.0 760.0 1540.0 740.0 1644.0 770.0 1641.0 790.0 harbor 0
1530.0 722.0 1527.0 687.0 1634.0 684.0 1638.0 719.0 harbor 0
1592.0 654.0 1593.0 648.0 1652.0 656.0 1652.0 662.0 harbor 0
1527.0 684.0 1518.0 658.0 1586.0 641.0 1594.0 666.0 harbor 0
1515.0 636.0 1516.0 603.0 1647.0 610.0 1647.0 640.0 harbor 0
1510.0 599.0 1509.0 579.0 1644.0 578.0 1646.0 598.0 harbor 0
1503.0 567.0 1503.0 544.0 1647.0 543.0 1648.0 565.0 harbor 0
1478.0 517.0 1477.0 494.0 1636.0 484.0 1638.0 508.0 harbor 0
1455.0 484.0 1452.0 470.0 1603.0 437.0 1608.0 453.0 harbor 0
1412.0 428.0 1397.0 383.0 1554.0 337.0 1570.0 378.0 harbor 0
1288.0 1762.0 1316.0 1721.0 1362.0 1754.0 1338.0 1794.0 harbor 0
1254.0 1813.0 1282.0 1771.0 1327.0 1804.0 1299.0 1845.0 harbor 0
1208.0 1871.0 1223.0 1848.0 1295.0 1900.0 1281.0 1921.0 harbor 0
1412.0 1821.0 1397.0 1812.0 1412.0 1783.0 1429.0 1794.0 swimming-pool 0
756.0 3297.0 722.0 3251.0 744.0 3235.0 780.0 3281.0 harbor 0
867.0 3395.0 844.0 3383.0 857.0 3357.0 879.0 3369.0 harbor 0
1.0 3256.0 97.0 3331.0 84.0 3348.0 1.0 3284.0 harbor 1
39.0 3223.0 52.0 3207.0 135.0 3276.0 125.0 3292.0 harbor 0
93.0 3160.0 116.0 3127.0 196.0 3191.0 173.0 3221.0 harbor 0
120.0 3119.0 154.0 3071.0 237.0 3135.0 207.0 3178.0 harbor 0
178.0 3054.0 204.0 3018.0 283.0 3078.0 257.0 3113.0 harbor 0
255.0 2999.0 234.0 2984.0 277.0 2923.0 295.0 2937.0 harbor 0
315.0 2886.0 346.0 2845.0 422.0 2901.0 393.0 2945.0 harbor 0
376.0 2810.0 401.0 2781.0 484.0 2852.0 458.0 2880.0 harbor 0
440.0 2740.0 467.0 2704.0 547.0 2768.0 518.0 2807.0 harbor 0
504.0 2658.0 540.0 2610.0 610.0 2665.0 574.0 2715.0 harbor 0
575.0 2578.0 612.0 2533.0 680.0 2599.0 645.0 2636.0 harbor 0
661.0 2467.0 695.0 2428.0 751.0 2478.0 716.0 2515.0 harbor 0
727.0 2403.0 759.0 2358.0 831.0 2413.0 799.0 2458.0 harbor 0
769.0 2342.0 798.0 2297.0 872.0 2346.0 844.0 2390.0 harbor 0
834.0 2240.0 865.0 2200.0 914.0 2241.0 888.0 2281.0 harbor 0
894.0 2136.0 933.0 2097.0 982.0 2151.0 948.0 2188.0 harbor 0
1019.0 2036.0 1040.0 2019.0 1111.0 2105.0 1090.0 2123.0 harbor 0
1092.0 1977.0 1129.0 1944.0 1186.0 2011.0 1147.0 2046.0 harbor 0
1160.0 1928.0 1187.0 1902.0 1243.0 1955.0 1217.0 1986.0 harbor 0
1318.0 1911.0 1325.0 1899.0 1357.0 1921.0 1349.0 1931.0 swimming-pool 0
1345.0 1891.0 1344.0 1868.0 1383.0 1864.0 1386.0 1884.0 swimming-pool 0
1577.0 224.0 1586.0 240.0 1557.0 267.0 1546.0 252.0 swimming-pool 0
266.0 3272.0 269.0 3262.0 287.0 3273.0 285.0 3282.0 small-vehicle 1
1586.0 2377.0 1583.0 2386.0 1564.0 2377.0 1568.0 2369.0 small-vehicle 0
1485.0 2982.0 1487.0 2973.0 1501.0 2982.0 1499.0 2989.0 small-vehicle 1
1117.0 3148.0 1125.0 3147.0 1124.0 3168.0 1116.0 3168.0 small-vehicle 0
1368.0 3151.0 1375.0 3155.0 1362.0 3174.0 1356.0 3170.0 small-vehicle 0
1460.0 2946.0 1467.0 2951.0 1459.0 2971.0 1451.0 2968.0 small-vehicle 0
1176.0 3218.0 1182.0 3224.0 1167.0 3237.0 1162.0 3232.0 small-vehicle 1
1168.0 3212.0 1175.0 3218.0 1160.0 3229.0 1153.0 3226.0 small-vehicle 1
1157.0 3198.0 1164.0 3207.0 1151.0 3217.0 1144.0 3212.0 small-vehicle 1
1049.0 3211.0 1050.0 3202.0 1066.0 3205.0 1064.0 3213.0 small-vehicle 1
1043.0 3187.0 1049.0 3181.0 1060.0 3194.0 1052.0 3198.0 small-vehicle 1
1030.0 3183.0 1037.0 3179.0 1045.0 3199.0 1037.0 3200.0 small-vehicle 1
1492.0 2964.0 1496.0 2955.0 1514.0 2964.0 1508.0 2972.0 small-vehicle 1
1488.0 2973.0 1492.0 2966.0 1506.0 2973.0 1502.0 2979.0 small-vehicle 1
1475.0 3002.0 1484.0 3004.0 1472.0 3025.0 1464.0 3023.0 small-vehicle 1
1634.0 2405.0 1638.0 2399.0 1652.0 2405.0 1650.0 2414.0 small-vehicle 0
1299.0 2910.0 1304.0 2897.0 1333.0 2908.0 1326.0 2919.0 swimming-pool 0
1416.0 2681.0 1432.0 2688.0 1417.0 2727.0 1401.0 2718.0 swimming-pool 0
1498.0 2755.0 1501.0 2745.0 1521.0 2754.0 1519.0 2761.0 small-vehicle 1
1507.0 2728.0 1509.0 2721.0 1527.0 2730.0 1524.0 2736.0 small-vehicle 1
1460.0 2612.0 1462.0 2603.0 1482.0 2608.0 1479.0 2615.0 small-vehicle 1
1580.0 2670.0 1578.0 2662.0 1600.0 2658.0 1602.0 2667.0 small-vehicle 1
1547.0 2641.0 1550.0 2634.0 1564.0 2640.0 1562.0 2646.0 small-vehicle 1
1505.0 2584.0 1509.0 2579.0 1524.0 2587.0 1523.0 2593.0 small-vehicle 1
1487.0 2579.0 1489.0 2571.0 1504.0 2578.0 1502.0 2585.0 small-vehicle 1
1381.0 2555.0 1382.0 2548.0 1399.0 2550.0 1400.0 2557.0 small-vehicle 1
1365.0 2564.0 1362.0 2559.0 1377.0 2551.0 1380.0 2559.0 small-vehicle 1
1032.0 3162.0 1040.0 3163.0 1036.0 3179.0 1028.0 3177.0 small-vehicle 0
1051.0 3153.0 1048.0 3143.0 1067.0 3141.0 1068.0 3150.0 small-vehicle 0
1094.0 3208.0 1095.0 3217.0 1075.0 3215.0 1074.0 3206.0 small-vehicle 0
1151.0 3259.0 1143.0 3265.0 1128.0 3247.0 1132.0 3241.0 small-vehicle 0
1561.0 2368.0 1560.0 2374.0 1543.0 2368.0 1546.0 2362.0 small-vehicle 0
1608.0 2387.0 1603.0 2395.0 1584.0 2385.0 1589.0 2378.0 small-vehicle 0
1097.0 3003.0 1102.0 2998.0 1116.0 3010.0 1111.0 3015.0 small-vehicle 1
1144.0 3016.0 1139.0 3024.0 1125.0 3012.0 1131.0 3006.0 small-vehicle 1
1105.0 2996.0 1108.0 2991.0 1124.0 3002.0 1120.0 3006.0 small-vehicle 1
1472.0 2231.0 1470.0 2238.0 1450.0 2231.0 1453.0 2224.0 small-vehicle 1
1368.0 2040.0 1375.0 2045.0 1364.0 2058.0 1357.0 2056.0 small-vehicle 1
1515.0 2447.0 1531.0 2454.0 1520.0 2486.0 1504.0 2478.0 swimming-pool 0
1164.0 3282.0 1172.0 3277.0 1182.0 3296.0 1173.0 3301.0 small-vehicle 0
1317.0 3383.0 1313.0 3390.0 1299.0 3381.0 1302.0 3373.0 small-vehicle 0
1264.0 3322.0 1270.0 3326.0 1262.0 3340.0 1257.0 3337.0 small-vehicle 0
1255.0 3317.0 1261.0 3319.0 1251.0 3340.0 1245.0 3337.0 small-vehicle 0
1247.0 3310.0 1254.0 3314.0 1243.0 3333.0 1235.0 3329.0 small-vehicle 0
1236.0 3303.0 1244.0 3305.0 1232.0 3327.0 1224.0 3323.0 small-vehicle 0
1224.0 3285.0 1230.0 3292.0 1215.0 3303.0 1207.0 3298.0 small-vehicle 0
1218.0 3274.0 1224.0 3280.0 1204.0 3292.0 1201.0 3284.0 small-vehicle 0
1209.0 3263.0 1215.0 3272.0 1197.0 3282.0 1193.0 3278.0 small-vehicle 0
1204.0 3257.0 1208.0 3263.0 1195.0 3272.0 1190.0 3267.0 small-vehicle 0
1197.0 3246.0 1202.0 3252.0 1187.0 3263.0 1183.0 3259.0 small-vehicle 0
1189.0 3236.0 1195.0 3243.0 1179.0 3256.0 1174.0 3249.0 small-vehicle 0
1148.0 3182.0 1154.0 3188.0 1139.0 3202.0 1134.0 3196.0 small-vehicle 0
1180.0 3228.0 1185.0 3234.0 1173.0 3245.0 1167.0 3241.0 small-vehicle 0
1163.0 3276.0 1157.0 3280.0 1146.0 3265.0 1151.0 3259.0 small-vehicle 0
1614.0 2397.0 1617.0 2390.0 1632.0 2398.0 1629.0 2403.0 small-vehicle 0
1618.0 2365.0 1622.0 2356.0 1640.0 2366.0 1636.0 2373.0 small-vehicle 0
429.0 3070.0 434.0 3065.0 448.0 3079.0 442.0 3083.0 small-vehicle 1
848.0 3114.0 847.0 3125.0 822.0 3121.0 822.0 3110.0 ship 0
825.0 2728.0 832.0 2734.0 824.0 2750.0 817.0 2747.0 small-vehicle 0
814.0 2765.0 807.0 2771.0 792.0 2759.0 800.0 2751.0 small-vehicle 0
616.0 2858.0 609.0 2863.0 595.0 2855.0 599.0 2847.0 small-vehicle 0
663.0 2953.0 664.0 2961.0 643.0 2963.0 643.0 2955.0 small-vehicle 0
642.0 2909.0 649.0 2915.0 636.0 2931.0 629.0 2927.0 small-vehicle 0
672.0 3147.0 663.0 3137.0 687.0 3111.0 698.0 3120.0 ship 0
352.0 3285.0 356.0 3272.0 391.0 3287.0 385.0 3296.0 ship 0
558.0 3350.0 565.0 3357.0 547.0 3377.0 537.0 3369.0 ship 0
579.0 3310.0 596.0 3324.0 564.0 3356.0 550.0 3344.0 ship 0
715.0 3353.0 724.0 3347.0 741.0 3369.0 732.0 3376.0 ship 0
726.0 3351.0 735.0 3340.0 776.0 3376.0 764.0 3389.0 ship 0
866.0 3042.0 879.0 3046.0 870.0 3074.0 857.0 3070.0 swimming-pool 0
1573.0 2352.0 1574.0 2342.0 1591.0 2347.0 1588.0 2355.0 small-vehicle 0
406.0 3231.0 412.0 3225.0 426.0 3239.0 419.0 3243.0 small-vehicle 1
399.0 3245.0 403.0 3239.0 415.0 3250.0 411.0 3255.0 small-vehicle 1
349.0 3299.0 354.0 3293.0 367.0 3304.0 362.0 3309.0 small-vehicle 0
335.0 3326.0 340.0 3320.0 353.0 3330.0 349.0 3336.0 small-vehicle 0
371.0 3085.0 377.0 3076.0 395.0 3094.0 390.0 3098.0 small-vehicle 0
503.0 2988.0 508.0 2983.0 518.0 2998.0 512.0 3000.0 small-vehicle 0
421.0 3083.0 426.0 3076.0 441.0 3087.0 437.0 3094.0 small-vehicle 0
316.0 3235.0 308.0 3229.0 317.0 3212.0 325.0 3217.0 small-vehicle 0
302.0 3380.0 310.0 3383.0 301.0 3400.0 295.0 3398.0 small-vehicle 0
551.0 3039.0 557.0 3034.0 575.0 3050.0 569.0 3056.0 small-vehicle 1
548.0 3053.0 554.0 3047.0 568.0 3060.0 563.0 3064.0 small-vehicle 1
825.0 2688.0 830.0 2694.0 820.0 2705.0 814.0 2701.0 small-vehicle 1
833.0 2690.0 827.0 2685.0 843.0 2670.0 848.0 2675.0 small-vehicle 0
828.0 2748.0 834.0 2754.0 817.0 2763.0 812.0 2757.0 small-vehicle 0
831.0 2698.0 837.0 2692.0 848.0 2706.0 842.0 2711.0 small-vehicle 0
1578.0 2319.0 1585.0 2321.0 1581.0 2338.0 1574.0 2336.0 small-vehicle 0
1563.0 2331.0 1555.0 2329.0 1561.0 2307.0 1569.0 2310.0 small-vehicle 0
1539.0 2337.0 1545.0 2329.0 1560.0 2343.0 1554.0 2347.0 small-vehicle 0
1466.0 2368.0 1474.0 2370.0 1468.0 2388.0 1460.0 2385.0 small-vehicle 0
1475.0 2367.0 1466.0 2366.0 1470.0 2347.0 1478.0 2350.0 small-vehicle 0
1460.0 2325.0 1457.0 2333.0 1438.0 2327.0 1440.0 2318.0 small-vehicle 0
1527.0 2311.0 1524.0 2301.0 1546.0 2298.0 1547.0 2306.0 small-vehicle 0
1532.0 2284.0 1536.0 2273.0 1553.0 2283.0 1551.0 2290.0 small-vehicle 0
1483.0 2251.0 1474.0 2250.0 1473.0 2228.0 1483.0 2228.0 small-vehicle 0
1471.0 2253.0 1466.0 2261.0 1445.0 2255.0 1446.0 2245.0 small-vehicle 0
1534.0 1836.0 1543.0 1841.0 1533.0 1858.0 1525.0 1855.0 small-vehicle 0
1557.0 1766.0 1557.0 1761.0 1572.0 1767.0 1569.0 1772.0 small-vehicle 0
1588.0 1702.0 1591.0 1691.0 1607.0 1698.0 1605.0 1706.0 small-vehicle 0
1019.0 2238.0 1006.0 2226.0 1026.0 2207.0 1037.0 2220.0 swimming-pool 0
792.0 2516.0 800.0 2508.0 817.0 2528.0 810.0 2534.0 small-vehicle 0
964.0 2569.0 970.0 2574.0 960.0 2587.0 953.0 2583.0 small-vehicle 0
989.0 2548.0 984.0 2553.0 967.0 2543.0 972.0 2535.0 small-vehicle 0
948.0 2562.0 941.0 2557.0 952.0 2540.0 959.0 2547.0 small-vehicle 0
1306.0 2464.0 1320.0 2469.0 1307.0 2495.0 1294.0 2488.0 swimming-pool 0
1166.0 2729.0 1177.0 2737.0 1166.0 2758.0 1155.0 2753.0 swimming-pool 0
874.0 2650.0 887.0 2654.0 878.0 2687.0 865.0 2683.0 ship 0
655.0 2847.0 649.0 2841.0 659.0 2825.0 667.0 2831.0 ship 0
860.0 2714.0 858.0 2707.0 877.0 2704.0 877.0 2714.0 ship 0
1369.0 335.0 1367.0 314.0 1534.0 279.0 1539.0 300.0 harbor 0
