imagesource:GoogleEarth
gsd:0.134468598384
758.0 26.0 776.0 19.0 789.0 54.0 771.0 60.0 small-vehicle 0
812.0 154.0 829.0 146.0 842.0 182.0 826.0 189.0 small-vehicle 0
612.0 379.0 689.0 347.0 756.0 511.0 680.0 543.0 tennis-court 0
508.0 130.0 584.0 98.0 652.0 263.0 575.0 295.0 tennis-court 0
407.0 172.0 483.0 139.0 552.0 303.0 476.0 335.0 tennis-court 0
283.0 223.0 361.0 191.0 428.0 355.0 352.0 388.0 tennis-court 0
182.0 263.0 260.0 231.0 329.0 397.0 250.0 428.0 tennis-court 0
300.0 782.0 302.0 801.0 269.0 803.0 268.0 785.0 small-vehicle 0
548.0 756.0 549.0 775.0 512.0 776.0 511.0 758.0 small-vehicle 0
502.0 609.0 519.0 603.0 526.0 633.0 513.0 638.0 small-vehicle 0
736.0 745.0 739.0 763.0 703.0 766.0 702.0 748.0 small-vehicle 0
133.0 799.0 133.0 816.0 95.0 820.0 94.0 804.0 small-vehicle 0
229.0 786.0 229.0 805.0 189.0 808.0 188.0 790.0 small-vehicle 0
438.0 662.0 420.0 665.0 411.0 626.0 429.0 622.0 small-vehicle 0
392.0 541.0 409.0 537.0 415.0 575.0 398.0 578.0 small-vehicle 0
325.0 556.0 343.0 553.0 348.0 591.0 331.0 592.0 small-vehicle 0
851.0 252.0 869.0 241.0 893.0 294.0 874.0 303.0 large-vehicle 0
509.0 422.0 586.0 390.0 655.0 553.0 577.0 586.0 tennis-court 0
