imagesource:GoogleEarth
gsd:0.137706490815
725.0 510.0 743.0 516.0 732.0 545.0 715.0 540.0 small-vehicle 0
713.0 515.0 701.0 501.0 724.0 478.0 735.0 487.0 small-vehicle 0
319.0 416.0 397.0 394.0 444.0 561.0 365.0 584.0 tennis-court 0
420.0 387.0 500.0 365.0 544.0 533.0 467.0 554.0 tennis-court 0
291.0 723.0 372.0 700.0 418.0 868.0 338.0 889.0 tennis-court 0
395.0 694.0 473.0 671.0 519.0 839.0 442.0 860.0 tennis-court 0
496.0 665.0 575.0 643.0 622.0 811.0 543.0 832.0 tennis-court 0
349.0 1006.0 426.0 984.0 474.0 1150.0 397.0 1172.0 tennis-court 1
451.0 977.0 529.0 953.0 576.0 1123.0 497.0 1144.0 tennis-court 1
603.0 935.0 681.0 912.0 730.0 1080.0 651.0 1099.0 tennis-court 1
757.0 890.0 834.0 869.0 883.0 1035.0 805.0 1059.0 tennis-court 1
858.0 863.0 937.0 840.0 982.0 1007.0 906.0 1028.0 tennis-court 1
621.0 278.0 614.0 263.0 645.0 248.0 653.0 262.0 small-vehicle 0
630.0 306.0 623.0 290.0 655.0 274.0 662.0 289.0 small-vehicle 0
639.0 330.0 629.0 313.0 659.0 295.0 668.0 310.0 small-vehicle 0
670.0 419.0 659.0 404.0 684.0 382.0 695.0 396.0 small-vehicle 0
816.0 357.0 799.0 360.0 793.0 327.0 808.0 323.0 small-vehicle 0
888.0 331.0 871.0 336.0 861.0 302.0 878.0 298.0 small-vehicle 0
689.0 472.0 679.0 456.0 710.0 431.0 721.0 444.0 small-vehicle 0
680.0 446.0 669.0 430.0 699.0 406.0 710.0 418.0 small-vehicle 0
791.0 368.0 773.0 371.0 766.0 333.0 784.0 329.0 small-vehicle 0
799.0 430.0 780.0 432.0 774.0 396.0 793.0 393.0 small-vehicle 0
651.0 348.0 642.0 333.0 674.0 313.0 682.0 327.0 small-vehicle 0
927.0 1218.0 911.0 1223.0 901.0 1191.0 918.0 1186.0 small-vehicle 0
698.0 496.0 684.0 480.0 711.0 456.0 727.0 468.0 small-vehicle 0
215.0 444.0 295.0 423.0 342.0 590.0 262.0 612.0 tennis-court 0
