imagesource:GoogleEarth
gsd:0.128534504566
640.0 121.0 649.0 97.0 704.0 127.0 692.0 146.0 ship 0
876.0 621.0 870.0 604.0 906.0 594.0 912.0 610.0 small-vehicle 0
225.0 539.0 312.0 526.0 339.0 708.0 251.0 721.0 tennis-court 0
443.0 504.0 531.0 491.0 558.0 674.0 472.0 687.0 tennis-court 0
557.0 486.0 643.0 475.0 670.0 659.0 583.0 671.0 tennis-court 0
273.0 838.0 360.0 824.0 388.0 1009.0 302.0 1021.0 tennis-court 0
485.0 785.0 570.0 772.0 598.0 957.0 512.0 969.0 tennis-court 0
597.0 768.0 683.0 755.0 711.0 939.0 624.0 954.0 tennis-court 0
1357.0 690.0 1434.0 646.0 1522.0 810.0 1444.0 852.0 tennis-court 0
1457.0 635.0 1533.0 593.0 1623.0 757.0 1545.0 799.0 tennis-court 0
1223.0 438.0 1299.0 396.0 1388.0 561.0 1310.0 602.0 tennis-court 0
1323.0 384.0 1400.0 344.0 1486.0 507.0 1411.0 548.0 tennis-court 0
2306.0 474.0 2391.0 453.0 2436.0 633.0 2352.0 655.0 tennis-court 0
2189.0 502.0 2277.0 480.0 2321.0 662.0 2236.0 683.0 tennis-court 0
2238.0 198.0 2323.0 176.0 2367.0 358.0 2282.0 379.0 tennis-court 0
2122.0 228.0 2207.0 206.0 2253.0 386.0 2168.0 408.0 tennis-court 0
856.0 546.0 851.0 528.0 885.0 517.0 891.0 534.0 small-vehicle 0
988.0 539.0 990.0 522.0 1030.0 530.0 1028.0 548.0 small-vehicle 0
947.0 553.0 949.0 536.0 985.0 544.0 983.0 559.0 small-vehicle 0
1022.0 629.0 1025.0 614.0 1067.0 625.0 1064.0 640.0 small-vehicle 0
975.0 646.0 977.0 630.0 1012.0 638.0 1009.0 653.0 small-vehicle 0
1023.0 652.0 1025.0 637.0 1064.0 646.0 1061.0 662.0 small-vehicle 0
907.0 719.0 902.0 701.0 937.0 691.0 942.0 707.0 small-vehicle 0
1204.0 793.0 1208.0 810.0 1173.0 821.0 1169.0 807.0 small-vehicle 0
1191.0 757.0 1195.0 774.0 1161.0 784.0 1156.0 768.0 small-vehicle 0
845.0 507.0 840.0 490.0 876.0 476.0 879.0 494.0 small-vehicle 0
831.0 490.0 826.0 471.0 861.0 460.0 867.0 478.0 small-vehicle 0
827.0 464.0 822.0 448.0 855.0 435.0 859.0 453.0 small-vehicle 0
958.0 466.0 959.0 448.0 1006.0 454.0 1002.0 475.0 small-vehicle 0
953.0 576.0 955.0 560.0 995.0 566.0 992.0 582.0 small-vehicle 0
960.0 603.0 963.0 583.0 1010.0 593.0 1006.0 614.0 small-vehicle 0
113.0 554.0 199.0 541.0 228.0 726.0 139.0 738.0 tennis-court 0
