imagesource:GoogleEarth
gsd:0.133342257342
4828.0 542.0 4838.0 553.0 4812.0 573.0 4802.0 561.0 small-vehicle 1
1996.0 2354.0 2011.0 2331.0 2183.0 2465.0 2163.0 2489.0 harbor 0
956.0 4306.0 983.0 4283.0 1057.0 4364.0 1025.0 4389.0 ship 0
968.0 4092.0 993.0 4067.0 1145.0 4228.0 1122.0 4248.0 harbor 0
1000.0 3964.0 1030.0 3937.0 1204.0 4127.0 1174.0 4157.0 harbor 0
1068.0 3822.0 1102.0 3800.0 1267.0 3987.0 1231.0 4014.0 harbor 0
1119.0 3727.0 1157.0 3691.0 1312.0 3850.0 1277.0 3883.0 harbor 0
1220.0 3587.0 1248.0 3565.0 1379.0 3718.0 1348.0 3745.0 harbor 0
1281.0 3478.0 1311.0 3452.0 1433.0 3598.0 1410.0 3622.0 harbor 0
1361.0 3369.0 1376.0 3355.0 1507.0 3497.0 1488.0 3511.0 harbor 0
1440.0 3287.0 1457.0 3271.0 1614.0 3455.0 1590.0 3471.0 harbor 0
1498.0 3215.0 1534.0 3185.0 1673.0 3346.0 1637.0 3380.0 harbor 0
1582.0 3118.0 1615.0 3094.0 1784.0 3288.0 1755.0 3315.0 harbor 0
1787.0 2748.0 1807.0 2728.0 2132.0 3091.0 2108.0 3111.0 harbor 0
1864.0 2674.0 1888.0 2649.0 1988.0 2742.0 1961.0 2770.0 harbor 0
1892.0 2511.0 1928.0 2473.0 2081.0 2643.0 2051.0 2675.0 harbor 0
2280.0 2064.0 2309.0 2038.0 2453.0 2200.0 2425.0 2228.0 harbor 0
4613.0 466.0 4623.0 476.0 4589.0 509.0 4579.0 498.0 small-vehicle 0
2430.0 1909.0 2464.0 1880.0 2574.0 2021.0 2538.0 2045.0 harbor 0
2489.0 1817.0 2532.0 1787.0 2687.0 1968.0 2645.0 1998.0 harbor 0
2540.0 1701.0 2575.0 1672.0 2863.0 2014.0 2835.0 2037.0 harbor 0
2635.0 1634.0 2660.0 1615.0 3221.0 2258.0 3195.0 2280.0 harbor 0
2737.0 1559.0 2771.0 1528.0 3315.0 2131.0 3283.0 2162.0 harbor 0
2865.0 1387.0 2896.0 1366.0 3415.0 1956.0 3384.0 1980.0 harbor 0
3037.0 1230.0 3067.0 1203.0 3537.0 1742.0 3502.0 1770.0 harbor 0
3116.0 1147.0 3148.0 1124.0 3259.0 1252.0 3232.0 1280.0 harbor 0
3204.0 1081.0 3233.0 1053.0 3340.0 1175.0 3309.0 1203.0 harbor 0
3332.0 917.0 3384.0 873.0 3522.0 1031.0 3476.0 1076.0 harbor 0
3523.0 767.0 3578.0 727.0 3690.0 859.0 3640.0 900.0 harbor 0
3813.0 503.0 3836.0 481.0 3930.0 583.0 3905.0 604.0 harbor 0
4390.0 482.0 4406.0 506.0 4384.0 520.0 4369.0 499.0 harbor 0
4488.0 499.0 4541.0 462.0 4744.0 696.0 4742.0 814.0 harbor 1
1053.0 3984.0 1058.0 4001.0 1025.0 4016.0 1018.0 3998.0 ship 0
1224.0 3722.0 1209.0 3736.0 1160.0 3695.0 1171.0 3676.0 ship 0
1138.0 3808.0 1126.0 3815.0 1100.0 3788.0 1111.0 3778.0 ship 0
1091.0 4354.0 1079.0 4365.0 1050.0 4334.0 1067.0 4322.0 ship 0
4708.0 154.0 4718.0 144.0 4748.0 175.0 4736.0 188.0 ship 0
1519.0 4142.0 1532.0 4134.0 1553.0 4160.0 1543.0 4169.0 small-vehicle 0
3950.0 3211.0 3941.0 3221.0 3915.0 3194.0 3923.0 3184.0 small-vehicle 0
4561.0 2585.0 4568.0 2576.0 4602.0 2606.0 4592.0 2615.0 small-vehicle 0
4560.0 2645.0 4548.0 2654.0 4518.0 2620.0 4533.0 2611.0 small-vehicle 0
4147.0 2996.0 4138.0 3003.0 4110.0 2979.0 4118.0 2966.0 small-vehicle 0
4809.0 831.0 4822.0 849.0 4789.0 873.0 4776.0 859.0 ship 0
4712.0 699.0 4721.0 715.0 4683.0 741.0 4671.0 727.0 ship 0
4659.0 641.0 4675.0 661.0 4640.0 687.0 4625.0 673.0 ship 0
4627.0 584.0 4639.0 603.0 4590.0 640.0 4578.0 622.0 ship 0
4579.0 700.0 4570.0 714.0 4537.0 689.0 4549.0 672.0 ship 0
4815.0 518.0 4826.0 530.0 4794.0 560.0 4780.0 553.0 small-vehicle 0
4071.0 1731.0 4088.0 1744.0 4057.0 1766.0 4045.0 1753.0 small-vehicle 0
3954.0 1603.0 3944.0 1587.0 3976.0 1564.0 3985.0 1578.0 small-vehicle 0
4613.0 2074.0 4598.0 2060.0 4624.0 2036.0 4639.0 2051.0 ship 0
4587.0 2075.0 4606.0 2087.0 4578.0 2119.0 4565.0 2106.0 small-vehicle 0
4245.0 2254.0 4259.0 2240.0 4285.0 2276.0 4271.0 2283.0 small-vehicle 0
4539.0 2606.0 4553.0 2597.0 4577.0 2631.0 4567.0 2641.0 small-vehicle 0
2816.0 4222.0 2803.0 4231.0 2774.0 4202.0 2788.0 4189.0 small-vehicle 0
2794.0 4240.0 2785.0 4248.0 2761.0 4224.0 2772.0 4213.0 small-vehicle 0
2033.0 3707.0 2020.0 3718.0 1996.0 3686.0 2009.0 3673.0 ship 0
2043.0 3664.0 2058.0 3657.0 2077.0 3689.0 2065.0 3699.0 small-vehicle 0
2609.0 3309.0 2596.0 3306.0 2600.0 3266.0 2616.0 3269.0 small-vehicle 0
2535.0 3265.0 2550.0 3260.0 2562.0 3299.0 2545.0 3302.0 small-vehicle 0
2714.0 2247.0 2726.0 2234.0 2752.0 2263.0 2740.0 2276.0 small-vehicle 0
3828.0 454.0 3845.0 470.0 3809.0 505.0 3796.0 487.0 ship 0
3658.0 1345.0 3644.0 1332.0 3666.0 1295.0 3680.0 1305.0 small-vehicle 0
3062.0 1259.0 3049.0 1271.0 3023.0 1241.0 3032.0 1230.0 ship 0
2575.0 1801.0 2561.0 1814.0 2534.0 1780.0 2549.0 1766.0 ship 0
4558.0 709.0 4544.0 720.0 4486.0 641.0 4499.0 628.0 harbor 0
