imagesource:GoogleEarth
gsd:0.133600641249
2800.0 3212.0 2780.0 3208.0 2787.0 3167.0 2804.0 3169.0 small-vehicle 0
1197.0 3873.0 1185.0 3857.0 1217.0 3828.0 1229.0 3842.0 small-vehicle 0
1924.0 3556.0 1936.0 3571.0 1911.0 3595.0 1899.0 3580.0 small-vehicle 1
1939.0 3571.0 1949.0 3586.0 1927.0 3610.0 1915.0 3594.0 small-vehicle 1
1940.0 3626.0 1928.0 3614.0 1953.0 3587.0 1964.0 3599.0 small-vehicle 0
1998.0 3629.0 2007.0 3641.0 1982.0 3668.0 1972.0 3656.0 small-vehicle 0
2089.0 3768.0 2076.0 3781.0 2054.0 3754.0 2066.0 3742.0 small-vehicle 0
1785.0 3744.0 1795.0 3760.0 1764.0 3790.0 1752.0 3774.0 small-vehicle 0
1782.0 3803.0 1771.0 3790.0 1799.0 3760.0 1812.0 3774.0 small-vehicle 0
1812.0 3836.0 1801.0 3821.0 1833.0 3793.0 1844.0 3809.0 small-vehicle 0
1799.0 3821.0 1786.0 3807.0 1814.0 3781.0 1827.0 3796.0 small-vehicle 0
1876.0 2809.0 1890.0 2809.0 1888.0 2847.0 1871.0 2848.0 small-vehicle 0
1794.0 2831.0 1806.0 2818.0 1838.0 2850.0 1826.0 2864.0 small-vehicle 0
1811.0 2810.0 1824.0 2797.0 1851.0 2828.0 1838.0 2841.0 small-vehicle 0
1090.0 3810.0 1103.0 3796.0 1128.0 3826.0 1114.0 3840.0 small-vehicle 0
1231.0 3742.0 1217.0 3755.0 1192.0 3720.0 1204.0 3708.0 small-vehicle 0
1895.0 3526.0 1906.0 3540.0 1881.0 3562.0 1870.0 3549.0 small-vehicle 1
1199.0 3700.0 1214.0 3687.0 1236.0 3718.0 1224.0 3730.0 small-vehicle 0
1280.0 3749.0 1265.0 3760.0 1244.0 3726.0 1259.0 3716.0 small-vehicle 0
1427.0 3776.0 1412.0 3787.0 1392.0 3757.0 1406.0 3746.0 small-vehicle 0
1449.0 3708.0 1461.0 3699.0 1489.0 3732.0 1478.0 3742.0 small-vehicle 0
1463.0 3698.0 1476.0 3684.0 1501.0 3714.0 1489.0 3725.0 small-vehicle 0
1478.0 3683.0 1491.0 3668.0 1515.0 3695.0 1504.0 3710.0 small-vehicle 0
1318.0 3695.0 1334.0 3683.0 1354.0 3710.0 1339.0 3723.0 small-vehicle 0
1172.0 3459.0 1186.0 3446.0 1211.0 3473.0 1200.0 3485.0 small-vehicle 0
1331.0 3436.0 1341.0 3453.0 1311.0 3476.0 1299.0 3464.0 small-vehicle 0
1249.0 3549.0 1261.0 3563.0 1234.0 3589.0 1222.0 3577.0 small-vehicle 0
1421.0 2871.0 1440.0 2879.0 1426.0 2921.0 1406.0 2915.0 small-vehicle 0
1411.0 2982.0 1421.0 2998.0 1387.0 3027.0 1375.0 3012.0 small-vehicle 0
1471.0 3059.0 1458.0 3044.0 1489.0 3017.0 1501.0 3031.0 small-vehicle 0
1895.0 3585.0 1881.0 3568.0 1910.0 3542.0 1922.0 3557.0 small-vehicle 1
1881.0 3510.0 1892.0 3524.0 1866.0 3549.0 1856.0 3534.0 small-vehicle 1
2544.0 3776.0 2556.0 3763.0 2582.0 3789.0 2568.0 3803.0 small-vehicle 0
2302.0 3747.0 2315.0 3761.0 2289.0 3785.0 2278.0 3773.0 small-vehicle 0
2633.0 3750.0 2619.0 3764.0 2586.0 3724.0 2603.0 3709.0 small-vehicle 0
2614.0 3703.0 2625.0 3691.0 2649.0 3720.0 2639.0 3731.0 small-vehicle 0
2672.0 3703.0 2660.0 3715.0 2631.0 3686.0 2644.0 3674.0 small-vehicle 1
2688.0 3687.0 2676.0 3698.0 2648.0 3671.0 2660.0 3659.0 small-vehicle 1
2666.0 3656.0 2678.0 3644.0 2703.0 3670.0 2693.0 3680.0 small-vehicle 1
2727.0 3650.0 2715.0 3667.0 2679.0 3640.0 2692.0 3624.0 small-vehicle 1
2511.0 3860.0 2499.0 3873.0 2470.0 3842.0 2482.0 3830.0 small-vehicle 1
2375.0 3820.0 2385.0 3834.0 2365.0 3857.0 2353.0 3844.0 small-vehicle 0
2344.0 3849.0 2331.0 3833.0 2359.0 3802.0 2373.0 3819.0 small-vehicle 0
2345.0 3791.0 2355.0 3803.0 2335.0 3827.0 2323.0 3815.0 small-vehicle 0
2220.0 3864.0 2210.0 3852.0 2235.0 3826.0 2246.0 3842.0 small-vehicle 0
2333.0 3776.0 2343.0 3789.0 2318.0 3812.0 2308.0 3799.0 small-vehicle 0
2319.0 3760.0 2330.0 3777.0 2298.0 3806.0 2287.0 3792.0 small-vehicle 0
2289.0 3734.0 2300.0 3746.0 2278.0 3771.0 2266.0 3759.0 small-vehicle 0
1868.0 3488.0 1881.0 3502.0 1854.0 3529.0 1842.0 3514.0 small-vehicle 1
2266.0 3755.0 2256.0 3742.0 2279.0 3717.0 2289.0 3729.0 small-vehicle 0
2262.0 3701.0 2274.0 3715.0 2248.0 3741.0 2236.0 3727.0 small-vehicle 0
2247.0 3686.0 2259.0 3699.0 2233.0 3725.0 2222.0 3712.0 small-vehicle 0
2231.0 3670.0 2242.0 3682.0 2216.0 3706.0 2206.0 3694.0 small-vehicle 0
2199.0 3694.0 2188.0 3679.0 2220.0 3652.0 2232.0 3666.0 small-vehicle 0
2205.0 3638.0 2216.0 3649.0 2188.0 3675.0 2178.0 3662.0 small-vehicle 0
2193.0 3619.0 2204.0 3632.0 2179.0 3656.0 2168.0 3645.0 small-vehicle 0
2187.0 3831.0 2175.0 3817.0 2198.0 3794.0 2211.0 3807.0 small-vehicle 0
2425.0 3314.0 2439.0 3331.0 2407.0 3358.0 2394.0 3342.0 small-vehicle 0
2271.0 3269.0 2255.0 3248.0 2300.0 3208.0 2318.0 3226.0 large-vehicle 0
2055.0 3628.0 2042.0 3645.0 2002.0 3602.0 2015.0 3587.0 small-vehicle 1
1819.0 3444.0 1832.0 3458.0 1807.0 3483.0 1793.0 3469.0 small-vehicle 1
1848.0 3472.0 1860.0 3485.0 1835.0 3512.0 1822.0 3502.0 small-vehicle 1
1512.0 3054.0 1522.0 3068.0 1496.0 3091.0 1486.0 3080.0 small-vehicle 0
1580.0 3094.0 1568.0 3080.0 1596.0 3055.0 1605.0 3069.0 small-vehicle 0
1547.0 3078.0 1558.0 3094.0 1527.0 3124.0 1516.0 3109.0 small-vehicle 0
3638.0 675.0 3654.0 692.0 3587.0 765.0 3571.0 751.0 harbor 0
1952.0 1957.0 2002.0 1910.0 2124.0 2029.0 2078.0 2080.0 harbor 0
2026.0 1862.0 2074.0 1820.0 2191.0 1942.0 2149.0 1988.0 harbor 0
2137.0 1716.0 2185.0 1676.0 2251.0 1751.0 2206.0 1789.0 harbor 0
2240.0 1636.0 2270.0 1613.0 2361.0 1716.0 2335.0 1741.0 harbor 0
2309.0 1501.0 2339.0 1471.0 2452.0 1594.0 2423.0 1624.0 harbor 0
2371.0 1349.0 2398.0 1325.0 2524.0 1456.0 2498.0 1486.0 harbor 0
2490.0 1234.0 2522.0 1208.0 2644.0 1347.0 2614.0 1373.0 harbor 0
2671.0 1163.0 2709.0 1130.0 2771.0 1203.0 2733.0 1236.0 harbor 0
2894.0 997.0 2916.0 977.0 2962.0 1030.0 2942.0 1048.0 harbor 0
2903.0 709.0 2936.0 694.0 3042.0 879.0 3010.0 894.0 harbor 0
2990.0 585.0 3020.0 561.0 3148.0 708.0 3120.0 733.0 harbor 0
3121.0 421.0 3151.0 393.0 3238.0 495.0 3208.0 525.0 harbor 0
3267.0 225.0 3306.0 200.0 3410.0 330.0 3374.0 359.0 harbor 0
3526.0 844.0 3501.0 887.0 3466.0 867.0 3493.0 824.0 harbor 0
1600.0 3199.0 1589.0 3185.0 1611.0 3162.0 1622.0 3175.0 small-vehicle 0
3432.0 1015.0 3418.0 1037.0 3373.0 1005.0 3388.0 982.0 harbor 0
3388.0 1115.0 3421.0 1136.0 3392.0 1190.0 3359.0 1175.0 harbor 0
3471.0 1105.0 3492.0 1113.0 3460.0 1217.0 3437.0 1209.0 harbor 0
3573.0 1114.0 3617.0 1109.0 3628.0 1230.0 3581.0 1236.0 harbor 0
3701.0 1058.0 3721.0 1053.0 3748.0 1138.0 3728.0 1144.0 harbor 0
3756.0 1011.0 3785.0 994.0 3869.0 1120.0 3842.0 1138.0 harbor 0
3841.0 955.0 3871.0 915.0 3965.0 983.0 3942.0 1017.0 harbor 0
3868.0 849.0 3875.0 833.0 3961.0 864.0 3955.0 883.0 harbor 0
3903.0 765.0 3921.0 708.0 4002.0 738.0 3985.0 794.0 harbor 0
3928.0 681.0 3914.0 636.0 3997.0 621.0 4011.0 662.0 harbor 0
3855.0 567.0 3842.0 553.0 3888.0 518.0 3900.0 533.0 harbor 0
3780.0 494.0 3763.0 479.0 3809.0 442.0 3824.0 460.0 harbor 0
3535.0 54.0 3595.0 3.0 3770.0 188.0 3717.0 242.0 harbor 0
2043.0 2314.0 2085.0 2276.0 2152.0 2350.0 2111.0 2385.0 swimming-pool 0
1934.0 1983.0 1994.0 2036.0 1837.0 2231.0 1773.0 2182.0 harbor 0
1715.0 2246.0 1765.0 2200.0 1912.0 2362.0 1867.0 2404.0 harbor 0
1627.0 2337.0 1680.0 2292.0 1834.0 2447.0 1785.0 2497.0 harbor 0
1611.0 3212.0 1601.0 3199.0 1625.0 3175.0 1635.0 3188.0 small-vehicle 0
1626.0 3229.0 1615.0 3215.0 1644.0 3189.0 1652.0 3204.0 small-vehicle 0
1658.0 3204.0 1669.0 3216.0 1645.0 3241.0 1634.0 3231.0 small-vehicle 0
1702.0 3256.0 1714.0 3270.0 1685.0 3295.0 1675.0 3282.0 small-vehicle 0
1668.0 3395.0 1657.0 3378.0 1690.0 3350.0 1699.0 3364.0 small-vehicle 0
1632.0 3390.0 1644.0 3377.0 1674.0 3407.0 1663.0 3419.0 small-vehicle 0
1617.0 3407.0 1631.0 3391.0 1659.0 3419.0 1645.0 3434.0 small-vehicle 0
1514.0 3332.0 1525.0 3346.0 1500.0 3370.0 1487.0 3356.0 small-vehicle 0
1485.0 3351.0 1476.0 3341.0 1499.0 3316.0 1510.0 3331.0 small-vehicle 0
1469.0 3279.0 1481.0 3293.0 1458.0 3316.0 1445.0 3304.0 small-vehicle 0
1424.0 3238.0 1438.0 3254.0 1407.0 3283.0 1394.0 3265.0 small-vehicle 0
1412.0 3221.0 1422.0 3235.0 1395.0 3259.0 1386.0 3246.0 small-vehicle 0
1381.0 3189.0 1394.0 3202.0 1368.0 3225.0 1355.0 3213.0 small-vehicle 0
1352.0 3152.0 1365.0 3168.0 1334.0 3195.0 1320.0 3182.0 small-vehicle 0
1335.0 3132.0 1347.0 3147.0 1312.0 3175.0 1302.0 3161.0 small-vehicle 0
1258.0 3186.0 1276.0 3196.0 1251.0 3232.0 1233.0 3224.0 small-vehicle 0
1280.0 3215.0 1293.0 3228.0 1266.0 3256.0 1252.0 3244.0 small-vehicle 0
1328.0 3327.0 1314.0 3313.0 1340.0 3286.0 1354.0 3299.0 small-vehicle 0
661.0 3724.0 703.0 3677.0 804.0 3774.0 762.0 3819.0 harbor 0
741.0 3588.0 778.0 3552.0 884.0 3665.0 844.0 3701.0 harbor 0
830.0 3504.0 881.0 3452.0 984.0 3570.0 942.0 3617.0 harbor 0
911.0 3418.0 925.0 3397.0 1016.0 3476.0 1000.0 3496.0 harbor 0
974.0 3365.0 1009.0 3328.0 1117.0 3415.0 1089.0 3455.0 harbor 0
1026.0 3227.0 1057.0 3202.0 1165.0 3333.0 1138.0 3355.0 harbor 0
1158.0 2861.0 1215.0 2810.0 1362.0 2980.0 1300.0 3032.0 harbor 0
1404.0 2664.0 1430.0 2688.0 1272.0 2865.0 1246.0 2837.0 harbor 0
1485.0 2507.0 1552.0 2443.0 1687.0 2601.0 1625.0 2654.0 harbor 0
2565.0 3764.0 2570.0 3746.0 2613.0 3769.0 2608.0 3786.0 small-vehicle 0
2561.0 3809.0 2548.0 3820.0 2520.0 3788.0 2535.0 3776.0 small-vehicle 0
1448.0 2889.0 1464.0 2895.0 1443.0 2933.0 1430.0 2926.0 small-vehicle 0
2342.0 3410.0 2328.0 3417.0 2307.0 3389.0 2318.0 3380.0 small-vehicle 0
2605.0 3510.0 2619.0 3525.0 2586.0 3547.0 2579.0 3536.0 small-vehicle 0
2524.0 3465.0 2516.0 3453.0 2542.0 3432.0 2551.0 3446.0 small-vehicle 0
2512.0 3452.0 2504.0 3440.0 2526.0 3416.0 2541.0 3425.0 small-vehicle 0
2494.0 3440.0 2481.0 3428.0 2512.0 3395.0 2528.0 3405.0 small-vehicle 0
2375.0 3463.0 2363.0 3451.0 2389.0 3429.0 2398.0 3438.0 small-vehicle 0
2521.0 3629.0 2509.0 3619.0 2534.0 3592.0 2546.0 3601.0 small-vehicle 0
2253.0 3531.0 2239.0 3518.0 2269.0 3488.0 2282.0 3503.0 small-vehicle 0
2260.0 3555.0 2248.0 3542.0 2277.0 3509.0 2293.0 3523.0 small-vehicle 0
2378.0 3410.0 2391.0 3423.0 2360.0 3445.0 2351.0 3435.0 small-vehicle 0
2478.0 3425.0 2463.0 3411.0 2490.0 3388.0 2502.0 3399.0 small-vehicle 0
2472.0 3364.0 2488.0 3378.0 2454.0 3409.0 2441.0 3396.0 small-vehicle 0
2428.0 3378.0 2417.0 3364.0 2439.0 3343.0 2450.0 3355.0 small-vehicle 0
2360.0 3397.0 2349.0 3409.0 2324.0 3379.0 2335.0 3369.0 small-vehicle 0
2294.0 3406.0 2306.0 3399.0 2325.0 3421.0 2313.0 3429.0 small-vehicle 0
2622.0 3571.0 2613.0 3558.0 2641.0 3541.0 2650.0 3555.0 small-vehicle 0
2311.0 3436.0 2298.0 3443.0 2273.0 3420.0 2281.0 3410.0 small-vehicle 0
2301.0 3451.0 2289.0 3464.0 2263.0 3436.0 2273.0 3425.0 small-vehicle 0
2287.0 3470.0 2273.0 3482.0 2242.0 3447.0 2254.0 3436.0 small-vehicle 0
2232.0 3518.0 2220.0 3505.0 2251.0 3477.0 2263.0 3491.0 small-vehicle 0
2157.0 3524.0 2170.0 3536.0 2146.0 3555.0 2134.0 3545.0 small-vehicle 0
2132.0 3542.0 2121.0 3529.0 2141.0 3511.0 2151.0 3520.0 small-vehicle 0
2116.0 3526.0 2106.0 3517.0 2130.0 3490.0 2143.0 3501.0 small-vehicle 0
2081.0 3485.0 2085.0 3469.0 2126.0 3479.0 2122.0 3491.0 small-vehicle 0
2166.0 3436.0 2158.0 3447.0 2136.0 3427.0 2146.0 3417.0 small-vehicle 0
2159.0 3461.0 2145.0 3471.0 2119.0 3441.0 2132.0 3430.0 small-vehicle 0
2194.0 3436.0 2185.0 3448.0 2159.0 3424.0 2168.0 3415.0 small-vehicle 0
2198.0 3411.0 2187.0 3422.0 2161.0 3398.0 2171.0 3384.0 small-vehicle 0
2183.0 3392.0 2197.0 3380.0 2223.0 3405.0 2210.0 3416.0 small-vehicle 0
2623.0 3525.0 2632.0 3539.0 2606.0 3556.0 2595.0 3545.0 small-vehicle 0
2636.0 3595.0 2626.0 3581.0 2663.0 3558.0 2671.0 3571.0 small-vehicle 0
2503.0 3805.0 2516.0 3793.0 2548.0 3828.0 2538.0 3841.0 small-vehicle 0
3576.0 544.0 3593.0 554.0 3569.0 584.0 3557.0 576.0 small-vehicle 0
1949.0 3804.0 1936.0 3794.0 1962.0 3766.0 1976.0 3774.0 small-vehicle 0
3405.0 2068.0 3419.0 2055.0 3458.0 2096.0 3442.0 2110.0 ship 0
3167.0 1692.0 3178.0 1701.0 3149.0 1729.0 3139.0 1721.0 small-vehicle 1
2530.0 2712.0 2544.0 2705.0 2569.0 2745.0 2555.0 2751.0 small-vehicle 1
2488.0 2732.0 2495.0 2724.0 2525.0 2752.0 2519.0 2761.0 small-vehicle 1
1343.0 3453.0 1354.0 3464.0 1329.0 3487.0 1318.0 3476.0 small-vehicle 1
1232.0 3835.0 1221.0 3824.0 1244.0 3803.0 1254.0 3812.0 small-vehicle 1
4032.0 254.0 4042.0 245.0 4069.0 274.0 4061.0 285.0 small-vehicle 0
4011.0 264.0 4022.0 255.0 4045.0 283.0 4037.0 294.0 small-vehicle 0
4086.0 322.0 4075.0 331.0 4049.0 307.0 4062.0 296.0 small-vehicle 0
4043.0 340.0 4030.0 351.0 4005.0 316.0 4015.0 310.0 small-vehicle 0
3903.0 431.0 3892.0 417.0 3929.0 396.0 3940.0 413.0 small-vehicle 0
3863.0 429.0 3855.0 415.0 3892.0 398.0 3899.0 412.0 small-vehicle 0
3483.0 605.0 3493.0 594.0 3518.0 618.0 3507.0 631.0 small-vehicle 0
2499.0 3604.0 2490.0 3593.0 2517.0 3571.0 2527.0 3582.0 small-vehicle 0
3343.0 3553.0 3332.0 3563.0 3308.0 3538.0 3318.0 3528.0 small-vehicle 0
2265.0 2311.0 2278.0 2301.0 2304.0 2334.0 2291.0 2342.0 small-vehicle 0
2571.0 3464.0 2583.0 3474.0 2559.0 3498.0 2549.0 3487.0 small-vehicle 1
2554.0 3450.0 2568.0 3461.0 2540.0 3485.0 2530.0 3473.0 small-vehicle 1
2596.0 3492.0 2606.0 3505.0 2569.0 3528.0 2562.0 3513.0 small-vehicle 1
2453.0 3489.0 2465.0 3501.0 2436.0 3528.0 2424.0 3517.0 small-vehicle 1
2408.0 3499.0 2397.0 3489.0 2418.0 3465.0 2428.0 3474.0 small-vehicle 1
2389.0 3482.0 2381.0 3470.0 2407.0 3451.0 2415.0 3463.0 small-vehicle 0
2421.0 3514.0 2412.0 3502.0 2437.0 3482.0 2448.0 3487.0 small-vehicle 0
2449.0 3546.0 2439.0 3534.0 2466.0 3513.0 2474.0 3524.0 small-vehicle 0
2476.0 3521.0 2489.0 3534.0 2462.0 3560.0 2451.0 3545.0 small-vehicle 0
2488.0 3543.0 2497.0 3554.0 2469.0 3574.0 2461.0 3563.0 small-vehicle 0
2501.0 3554.0 2513.0 3567.0 2481.0 3587.0 2473.0 3576.0 small-vehicle 0
2231.0 3387.0 2221.0 3398.0 2194.0 3375.0 2204.0 3365.0 small-vehicle 0
2212.0 3360.0 2224.0 3350.0 2251.0 3376.0 2241.0 3387.0 small-vehicle 0
2233.0 3348.0 2243.0 3338.0 2269.0 3361.0 2259.0 3371.0 small-vehicle 0
4036.0 1319.0 4052.0 1311.0 4067.0 1342.0 4054.0 1351.0 small-vehicle 1
815.0 3642.0 803.0 3629.0 834.0 3603.0 846.0 3622.0 ship 0
2594.0 1798.0 2581.0 1814.0 2554.0 1788.0 2567.0 1773.0 small-vehicle 0
2428.0 2014.0 2439.0 2003.0 2464.0 2032.0 2451.0 2042.0 small-vehicle 0
2453.0 2052.0 2439.0 2065.0 2405.0 2030.0 2419.0 2017.0 small-vehicle 0
2227.0 2562.0 2215.0 2576.0 2190.0 2551.0 2202.0 2537.0 small-vehicle 0
2207.0 2574.0 2195.0 2585.0 2167.0 2558.0 2179.0 2544.0 small-vehicle 0
2425.0 2757.0 2437.0 2771.0 2411.0 2795.0 2398.0 2782.0 small-vehicle 0
2205.0 3014.0 2194.0 2999.0 2223.0 2976.0 2233.0 2990.0 small-vehicle 0
2255.0 2938.0 2268.0 2952.0 2239.0 2983.0 2226.0 2969.0 small-vehicle 0
2397.0 2979.0 2383.0 2993.0 2358.0 2963.0 2372.0 2951.0 small-vehicle 0
2315.0 2954.0 2296.0 2963.0 2279.0 2925.0 2297.0 2918.0 small-vehicle 0
2161.0 2975.0 2149.0 2961.0 2176.0 2935.0 2189.0 2949.0 small-vehicle 0
4061.0 2741.0 4063.0 2759.0 4022.0 2761.0 4019.0 2744.0 small-vehicle 1
4055.0 1353.0 4069.0 1342.0 4091.0 1383.0 4077.0 1392.0 small-vehicle 1
2324.0 3319.0 2310.0 3311.0 2336.0 3280.0 2345.0 3287.0 small-vehicle 0
4026.0 1829.0 4013.0 1813.0 4049.0 1779.0 4062.0 1797.0 ship 0
3483.0 1519.0 3462.0 1518.0 3464.0 1464.0 3485.0 1464.0 ship 0
3460.0 1419.0 3441.0 1410.0 3454.0 1362.0 3473.0 1369.0 ship 0
3497.0 1459.0 3476.0 1452.0 3494.0 1369.0 3516.0 1376.0 ship 0
2968.0 1855.0 2977.0 1841.0 3004.0 1860.0 2994.0 1873.0 small-vehicle 0
3367.0 2025.0 3379.0 2011.0 3413.0 2046.0 3401.0 2059.0 small-vehicle 0
3088.0 2679.0 3076.0 2692.0 3042.0 2657.0 3054.0 2644.0 small-vehicle 0
3117.0 2674.0 3104.0 2686.0 3073.0 2649.0 3086.0 2638.0 small-vehicle 0
3012.0 3461.0 3022.0 3476.0 2994.0 3502.0 2983.0 3485.0 small-vehicle 0
3374.0 3685.0 3363.0 3698.0 3334.0 3666.0 3350.0 3653.0 small-vehicle 0
3313.0 3564.0 3324.0 3576.0 3299.0 3600.0 3288.0 3583.0 small-vehicle 0
3263.0 3643.0 3249.0 3627.0 3282.0 3597.0 3296.0 3612.0 small-vehicle 0
2522.0 3837.0 2511.0 3850.0 2485.0 3824.0 2495.0 3811.0 small-vehicle 0
836.0 3583.0 820.0 3597.0 786.0 3554.0 805.0 3542.0 ship 0
913.0 3493.0 898.0 3507.0 863.0 3474.0 877.0 3459.0 ship 0
942.0 3441.0 931.0 3458.0 896.0 3426.0 909.0 3411.0 ship 0
1254.0 2915.0 1271.0 2930.0 1232.0 2966.0 1217.0 2949.0 ship 0
2302.0 3314.0 2284.0 3307.0 2308.0 3266.0 2324.0 3276.0 small-vehicle 0
1730.0 3129.0 1772.0 3097.0 1841.0 3173.0 1801.0 3208.0 swimming-pool 0
2232.0 3881.0 2221.0 3873.0 2245.0 3848.0 2257.0 3859.0 small-vehicle 0
1272.0 3568.0 1289.0 3581.0 1259.0 3605.0 1245.0 3593.0 small-vehicle 0
1344.0 3668.0 1357.0 3655.0 1387.0 3680.0 1374.0 3694.0 small-vehicle 0
3258.0 2268.0 3275.0 2281.0 3235.0 2320.0 3223.0 2306.0 ship 0
3498.0 1163.0 3475.0 1156.0 3494.0 1090.0 3518.0 1097.0 ship 0
3324.0 1126.0 3314.0 1110.0 3365.0 1078.0 3375.0 1097.0 ship 0
3372.0 1022.0 3379.0 1010.0 3417.0 1036.0 3407.0 1051.0 ship 0
3525.0 842.0 3542.0 851.0 3514.0 897.0 3498.0 891.0 ship 0
3656.0 1083.0 3649.0 1064.0 3719.0 1030.0 3732.0 1052.0 ship 0
3842.0 1040.0 3824.0 1051.0 3799.0 1015.0 3818.0 1001.0 ship 0
3886.0 991.0 3871.0 1007.0 3834.0 980.0 3849.0 959.0 ship 0
3925.0 870.0 3919.0 891.0 3863.0 870.0 3868.0 849.0 ship 0
3939.0 834.0 3933.0 851.0 3888.0 838.0 3892.0 819.0 ship 0
3591.0 797.0 3573.0 783.0 3618.0 731.0 3637.0 747.0 ship 0
3948.0 782.0 3941.0 803.0 3896.0 789.0 3903.0 765.0 ship 0
3889.0 652.0 3914.0 640.0 3927.0 687.0 3905.0 696.0 ship 0
3885.0 542.0 3898.0 552.0 3864.0 582.0 3856.0 570.0 ship 0
3779.0 440.0 3793.0 457.0 3758.0 485.0 3743.0 471.0 ship 0
2142.0 1714.0 2130.0 1704.0 2171.0 1658.0 2187.0 1676.0 ship 0
1958.0 2031.0 1948.0 2043.0 1917.0 2015.0 1931.0 2002.0 ship 0
1939.0 2057.0 1924.0 2070.0 1894.0 2037.0 1911.0 2025.0 ship 0
1788.0 2253.0 1774.0 2264.0 1742.0 2231.0 1759.0 2216.0 ship 0
1701.0 2337.0 1687.0 2353.0 1656.0 2322.0 1671.0 2309.0 ship 0
1613.0 2466.0 1595.0 2484.0 1561.0 2447.0 1578.0 2432.0 ship 0
1449.0 2683.0 1439.0 2697.0 1405.0 2665.0 1415.0 2653.0 ship 0
3713.0 2.0 3810.0 2.0 3887.0 84.0 3839.0 129.0 harbor 1
