imagesource:GoogleEarth
gsd:0.131813645429
1910.0 852.0 1899.0 836.0 1930.0 811.0 1944.0 825.0 small-vehicle 0
1494.0 1020.0 1528.0 1059.0 1493.0 1091.0 1459.0 1054.0 harbor 0
1384.0 899.0 1430.0 955.0 1388.0 991.0 1343.0 940.0 harbor 0
1605.0 877.0 1588.0 860.0 1639.0 816.0 1656.0 833.0 harbor 0
1509.0 745.0 1544.0 717.0 1589.0 770.0 1554.0 801.0 harbor 0
1488.0 729.0 1471.0 709.0 1519.0 668.0 1538.0 687.0 harbor 0
1414.0 648.0 1432.0 634.0 1473.0 680.0 1455.0 694.0 harbor 0
1310.0 807.0 1350.0 852.0 1300.0 898.0 1261.0 856.0 harbor 0
1212.0 692.0 1237.0 719.0 1184.0 768.0 1162.0 744.0 harbor 0
1351.0 576.0 1321.0 542.0 1364.0 504.0 1394.0 539.0 harbor 0
1280.0 439.0 1254.0 410.0 1270.0 395.0 1297.0 426.0 harbor 0
1113.0 596.0 1139.0 628.0 1094.0 669.0 1069.0 642.0 harbor 0
924.0 424.0 942.0 446.0 903.0 476.0 885.0 452.0 harbor 0
1882.0 2409.0 1849.0 2376.0 1868.0 2358.0 1899.0 2393.0 harbor 0
1871.0 2459.0 1875.0 2436.0 1949.0 2451.0 1947.0 2472.0 harbor 0
1837.0 2493.0 1857.0 2467.0 1919.0 2527.0 1894.0 2550.0 harbor 0
1798.0 2546.0 1814.0 2530.0 1860.0 2580.0 1845.0 2596.0 harbor 0
1739.0 2571.0 1763.0 2596.0 1733.0 2625.0 1709.0 2600.0 harbor 0
1689.0 2493.0 1707.0 2512.0 1665.0 2556.0 1646.0 2536.0 harbor 0
1616.0 2420.0 1654.0 2464.0 1612.0 2502.0 1573.0 2464.0 harbor 0
1569.0 2389.0 1588.0 2409.0 1552.0 2440.0 1534.0 2422.0 harbor 0
1729.0 2303.0 1718.0 2290.0 1762.0 2250.0 1776.0 2264.0 harbor 0
1662.0 2234.0 1627.0 2195.0 1679.0 2153.0 1708.0 2192.0 harbor 0
1689.0 974.0 1676.0 955.0 1722.0 918.0 1736.0 938.0 harbor 0
1686.0 1213.0 1708.0 1236.0 1668.0 1274.0 1649.0 1251.0 harbor 0
1448.0 1312.0 1457.0 1320.0 1433.0 1352.0 1421.0 1343.0 small-vehicle 1
1823.0 1117.0 1774.0 1059.0 1820.0 1021.0 1872.0 1080.0 harbor 0
915.0 2030.0 928.0 2044.0 900.0 2074.0 885.0 2062.0 small-vehicle 0
888.0 2121.0 876.0 2107.0 905.0 2079.0 915.0 2095.0 small-vehicle 0
1017.0 2148.0 1028.0 2161.0 1003.0 2187.0 992.0 2178.0 small-vehicle 0
66.0 1825.0 80.0 1818.0 99.0 1853.0 84.0 1861.0 small-vehicle 0
488.0 1769.0 474.0 1782.0 452.0 1754.0 466.0 1738.0 small-vehicle 0
566.0 1668.0 578.0 1685.0 542.0 1714.0 531.0 1697.0 small-vehicle 0
534.0 1658.0 545.0 1671.0 521.0 1695.0 510.0 1684.0 small-vehicle 0
425.0 1584.0 436.0 1598.0 406.0 1626.0 395.0 1614.0 small-vehicle 0
2511.0 1884.0 2505.0 1853.0 2552.0 1848.0 2558.0 1874.0 harbor 0
2384.0 1961.0 2416.0 1980.0 2386.0 2029.0 2354.0 2011.0 harbor 0
2318.0 1915.0 2346.0 1956.0 2317.0 1979.0 2286.0 1940.0 harbor 0
2493.0 1828.0 2476.0 1841.0 2447.0 1805.0 2465.0 1789.0 harbor 0
2255.0 1576.0 2268.0 1564.0 2305.0 1608.0 2290.0 1619.0 harbor 0
2188.0 1525.0 2158.0 1496.0 2209.0 1449.0 2237.0 1478.0 harbor 0
2061.0 1599.0 2088.0 1635.0 2038.0 1674.0 2010.0 1644.0 harbor 0
1970.0 1502.0 2009.0 1549.0 1961.0 1592.0 1921.0 1549.0 harbor 0
1884.0 1438.0 1913.0 1467.0 1874.0 1504.0 1849.0 1474.0 harbor 0
2061.0 1385.0 2046.0 1366.0 2080.0 1338.0 2094.0 1356.0 harbor 0
2000.0 1316.0 1982.0 1296.0 2032.0 1250.0 2053.0 1271.0 harbor 0
1803.0 1352.0 1830.0 1383.0 1812.0 1399.0 1785.0 1369.0 harbor 0
1894.0 1187.0 1876.0 1167.0 1917.0 1125.0 1936.0 1146.0 harbor 0
1452.0 2273.0 1487.0 2308.0 1448.0 2344.0 1413.0 2309.0 harbor 0
1364.0 2194.0 1391.0 2222.0 1374.0 2241.0 1345.0 2213.0 harbor 0
1256.0 2084.0 1285.0 2114.0 1252.0 2148.0 1223.0 2120.0 harbor 0
1231.0 2029.0 1241.0 2040.0 1192.0 2088.0 1183.0 2079.0 harbor 0
3020.0 1194.0 2981.0 1148.0 3018.0 1116.0 3058.0 1159.0 harbor 0
2929.0 1079.0 2896.0 1041.0 2934.0 1013.0 2965.0 1047.0 harbor 0
2775.0 1093.0 2803.0 1124.0 2760.0 1158.0 2734.0 1132.0 harbor 0
2858.0 990.0 2833.0 957.0 2872.0 931.0 2897.0 963.0 harbor 0
2794.0 907.0 2769.0 876.0 2805.0 850.0 2831.0 882.0 harbor 0
2580.0 904.0 2608.0 934.0 2582.0 961.0 2550.0 930.0 harbor 0
2396.0 704.0 2422.0 734.0 2399.0 750.0 2375.0 723.0 harbor 0
2665.0 754.0 2641.0 723.0 2681.0 695.0 2706.0 725.0 harbor 0
2586.0 656.0 2562.0 623.0 2602.0 596.0 2629.0 629.0 harbor 0
2290.0 576.0 2325.0 617.0 2284.0 648.0 2250.0 610.0 harbor 0
2210.0 513.0 2235.0 544.0 2208.0 570.0 2181.0 540.0 harbor 0
2487.0 522.0 2460.0 494.0 2501.0 461.0 2526.0 495.0 harbor 0
2407.0 431.0 2376.0 393.0 2418.0 362.0 2449.0 398.0 harbor 0
2104.0 394.0 2135.0 430.0 2111.0 448.0 2081.0 414.0 harbor 0
1940.0 183.0 1956.0 203.0 1906.0 249.0 1890.0 232.0 harbor 0
1820.0 85.0 1846.0 117.0 1809.0 148.0 1783.0 118.0 harbor 0
2165.0 136.0 2133.0 101.0 2159.0 80.0 2190.0 116.0 harbor 0
580.0 1379.0 600.0 1402.0 575.0 1422.0 557.0 1403.0 harbor 0
461.0 1292.0 476.0 1277.0 518.0 1323.0 501.0 1336.0 harbor 0
396.0 1196.0 425.0 1223.0 399.0 1245.0 372.0 1221.0 harbor 0
304.0 1104.0 323.0 1127.0 295.0 1149.0 277.0 1126.0 harbor 0
2877.0 1219.0 2905.0 1250.0 2877.0 1276.0 2849.0 1246.0 harbor 0
3103.0 1287.0 3085.0 1268.0 3126.0 1236.0 3141.0 1258.0 harbor 0
2950.0 1284.0 2986.0 1324.0 2951.0 1356.0 2915.0 1316.0 harbor 0
814.0 1633.0 796.0 1648.0 752.0 1599.0 769.0 1584.0 harbor 0
1161.0 1993.0 1193.0 2027.0 1164.0 2061.0 1128.0 2025.0 harbor 0
1574.0 2141.0 1547.0 2108.0 1595.0 2066.0 1623.0 2097.0 harbor 0
1487.0 2046.0 1458.0 2014.0 1508.0 1969.0 1534.0 2000.0 harbor 0
1384.0 1940.0 1356.0 1906.0 1410.0 1863.0 1438.0 1895.0 harbor 0
1318.0 1824.0 1278.0 1777.0 1308.0 1747.0 1353.0 1796.0 harbor 0
1070.0 1881.0 1111.0 1928.0 1070.0 1967.0 1029.0 1923.0 harbor 0
954.0 1760.0 999.0 1811.0 957.0 1849.0 909.0 1801.0 harbor 0
1213.0 1714.0 1177.0 1675.0 1213.0 1643.0 1250.0 1684.0 harbor 0
874.0 1674.0 912.0 1718.0 871.0 1753.0 835.0 1715.0 harbor 0
1101.0 1621.0 1074.0 1591.0 1120.0 1551.0 1148.0 1580.0 harbor 0
3121.0 1351.0 3132.0 1339.0 3172.0 1383.0 3159.0 1394.0 harbor 0
994.0 1512.0 963.0 1476.0 1014.0 1428.0 1047.0 1465.0 harbor 0
688.0 1490.0 725.0 1531.0 687.0 1567.0 645.0 1526.0 harbor 0
851.0 1306.0 809.0 1261.0 845.0 1227.0 893.0 1272.0 harbor 0
755.0 1199.0 723.0 1161.0 753.0 1139.0 784.0 1173.0 harbor 0
645.0 1094.0 617.0 1066.0 653.0 1032.0 679.0 1062.0 harbor 0
550.0 990.0 507.0 945.0 544.0 914.0 589.0 959.0 harbor 0
437.0 903.0 402.0 861.0 459.0 818.0 492.0 854.0 harbor 0
840.0 308.0 870.0 345.0 826.0 389.0 788.0 351.0 harbor 0
3078.0 1398.0 3088.0 1386.0 3114.0 1416.0 3103.0 1425.0 harbor 0
1182.0 2348.0 1196.0 2361.0 1169.0 2386.0 1158.0 2374.0 small-vehicle 0
1330.0 2447.0 1341.0 2464.0 1307.0 2493.0 1295.0 2477.0 small-vehicle 0
1316.0 2792.0 1307.0 2776.0 1336.0 2755.0 1348.0 2770.0 small-vehicle 0
1620.0 2490.0 1605.0 2478.0 1637.0 2438.0 1654.0 2455.0 ship 0
2967.0 1373.0 2954.0 1361.0 2986.0 1324.0 3004.0 1341.0 ship 0
2201.0 2418.0 2211.0 2434.0 2166.0 2454.0 2157.0 2441.0 ship 0
2124.0 2317.0 2132.0 2338.0 2085.0 2358.0 2079.0 2339.0 ship 0
2715.0 2120.0 2723.0 2108.0 2752.0 2129.0 2744.0 2140.0 small-vehicle 0
2482.0 1845.0 2473.0 1853.0 2441.0 1824.0 2450.0 1814.0 ship 0
2292.0 1842.0 2300.0 1860.0 2255.0 1874.0 2250.0 1852.0 ship 0
2168.0 1797.0 2153.0 1784.0 2198.0 1735.0 2214.0 1750.0 ship 0
2069.0 1677.0 2055.0 1664.0 2090.0 1628.0 2108.0 1642.0 ship 0
1404.0 1345.0 1394.0 1331.0 1423.0 1312.0 1431.0 1325.0 small-vehicle 0
1388.0 1334.0 1375.0 1323.0 1399.0 1291.0 1414.0 1301.0 small-vehicle 0
1642.0 1249.0 1628.0 1239.0 1668.0 1199.0 1685.0 1214.0 ship 0
1455.0 1056.0 1440.0 1042.0 1473.0 1008.0 1491.0 1022.0 ship 0
1221.0 775.0 1205.0 762.0 1240.0 728.0 1257.0 741.0 ship 0
1115.0 683.0 1099.0 668.0 1145.0 624.0 1164.0 645.0 ship 0
1389.0 1849.0 1401.0 1866.0 1360.0 1898.0 1344.0 1878.0 ship 0
1484.0 1956.0 1499.0 1971.0 1461.0 2007.0 1444.0 1992.0 ship 0
1567.0 2064.0 1576.0 2079.0 1545.0 2104.0 1533.0 2092.0 ship 0
1642.0 2220.0 1634.0 2208.0 1664.0 2190.0 1670.0 2204.0 ship 0
1773.0 2263.0 1789.0 2277.0 1751.0 2313.0 1735.0 2297.0 ship 0
1799.0 2317.0 1814.0 2328.0 1783.0 2362.0 1773.0 2351.0 ship 0
2003.0 2763.0 1991.0 2770.0 1961.0 2730.0 1975.0 2720.0 ship 0
3137.0 1406.0 3127.0 1419.0 3097.0 1390.0 3110.0 1374.0 ship 0
2740.0 1117.0 2729.0 1104.0 2761.0 1075.0 2775.0 1088.0 ship 0
2696.0 1085.0 2681.0 1070.0 2720.0 1035.0 2736.0 1050.0 ship 0
1109.0 299.0 1129.0 283.0 1165.0 326.0 1144.0 341.0 ship 0
3104.0 1222.0 3118.0 1241.0 3079.0 1272.0 3062.0 1252.0 ship 0
3055.0 1166.0 3071.0 1178.0 3038.0 1208.0 3021.0 1196.0 ship 0
2444.0 402.0 2457.0 419.0 2421.0 450.0 2406.0 432.0 ship 0
2668.0 149.0 2653.0 137.0 2684.0 101.0 2701.0 114.0 ship 0
2736.0 225.0 2724.0 213.0 2755.0 178.0 2768.0 194.0 ship 0
2348.0 309.0 2360.0 323.0 2322.0 352.0 2310.0 336.0 ship 0
2246.0 117.0 2232.0 130.0 2212.0 105.0 2225.0 95.0 ship 0
2481.0 120.0 2494.0 136.0 2458.0 163.0 2441.0 150.0 ship 0
2151.0 68.0 2137.0 79.0 2116.0 50.0 2132.0 40.0 ship 0
1763.0 94.0 1748.0 82.0 1774.0 46.0 1790.0 57.0 ship 0
1819.0 1042.0 1832.0 1056.0 1794.0 1088.0 1781.0 1073.0 ship 0
1391.0 546.0 1407.0 562.0 1375.0 589.0 1361.0 574.0 ship 0
1406.0 662.0 1419.0 651.0 1449.0 686.0 1434.0 699.0 ship 0
1528.0 695.0 1543.0 712.0 1503.0 743.0 1490.0 723.0 ship 0
1932.0 581.0 1916.0 568.0 1945.0 534.0 1959.0 550.0 ship 0
2212.0 517.0 2222.0 506.0 2247.0 533.0 2235.0 544.0 ship 0
2312.0 660.0 2300.0 646.0 2333.0 616.0 2347.0 628.0 ship 0
2418.0 774.0 2403.0 760.0 2439.0 726.0 2452.0 740.0 ship 0
1723.0 950.0 1736.0 967.0 1705.0 992.0 1693.0 980.0 ship 0
1759.0 974.0 1770.0 993.0 1730.0 1022.0 1719.0 1006.0 ship 0
1870.0 2673.0 1859.0 2679.0 1845.0 2656.0 1856.0 2651.0 ship 0
1515.0 2397.0 1499.0 2386.0 1526.0 2347.0 1544.0 2362.0 ship 0
1342.0 2745.0 1328.0 2740.0 1341.0 2709.0 1354.0 2713.0 small-vehicle 0
1389.0 2268.0 1372.0 2257.0 1403.0 2220.0 1421.0 2231.0 ship 0
3076.0 396.0 3066.0 382.0 3099.0 358.0 3108.0 371.0 small-vehicle 0
3323.0 965.0 3309.0 976.0 3284.0 949.0 3298.0 936.0 small-vehicle 0
3438.0 1591.0 3448.0 1605.0 3421.0 1630.0 3410.0 1618.0 small-vehicle 0
3323.0 1729.0 3311.0 1713.0 3342.0 1684.0 3353.0 1699.0 small-vehicle 0
3242.0 1782.0 3254.0 1796.0 3228.0 1818.0 3213.0 1805.0 small-vehicle 0
2594.0 1547.0 2580.0 1532.0 2610.0 1500.0 2625.0 1518.0 small-vehicle 0
2575.0 1535.0 2565.0 1519.0 2601.0 1487.0 2610.0 1502.0 small-vehicle 0
2555.0 1509.0 2544.0 1494.0 2571.0 1465.0 2582.0 1480.0 small-vehicle 0
2351.0 1322.0 2340.0 1308.0 2370.0 1279.0 2381.0 1293.0 small-vehicle 0
2314.0 1195.0 2325.0 1214.0 2293.0 1238.0 2280.0 1221.0 small-vehicle 0
2411.0 1105.0 2421.0 1121.0 2388.0 1147.0 2378.0 1129.0 small-vehicle 0
2194.0 1124.0 2178.0 1110.0 2205.0 1079.0 2217.0 1095.0 small-vehicle 0
2161.0 1089.0 2172.0 1101.0 2150.0 1128.0 2138.0 1115.0 small-vehicle 0
2063.0 704.0 2073.0 719.0 2041.0 743.0 2030.0 727.0 small-vehicle 0
1012.0 877.0 1025.0 889.0 999.0 924.0 987.0 914.0 small-vehicle 0
1035.0 889.0 1047.0 905.0 1016.0 933.0 1005.0 918.0 small-vehicle 0
1158.0 1003.0 1167.0 1017.0 1139.0 1039.0 1129.0 1024.0 small-vehicle 0
1106.0 989.0 1119.0 1004.0 1091.0 1032.0 1078.0 1019.0 small-vehicle 0
1022.0 1092.0 1032.0 1110.0 1005.0 1135.0 994.0 1119.0 small-vehicle 0
1145.0 1225.0 1154.0 1237.0 1127.0 1263.0 1117.0 1251.0 small-vehicle 0
2538.0 2484.0 2525.0 2469.0 2555.0 2439.0 2568.0 2452.0 small-vehicle 0
3001.0 461.0 3012.0 477.0 2982.0 503.0 2971.0 487.0 small-vehicle 0
860.0 396.0 844.0 380.0 878.0 348.0 894.0 360.0 ship 0
636.0 763.0 647.0 774.0 597.0 825.0 583.0 812.0 ship 0
1846.0 2594.0 1830.0 2608.0 1790.0 2572.0 1805.0 2557.0 small-vehicle 0
1284.0 2447.0 1266.0 2433.0 1312.0 2386.0 1331.0 2402.0 ship 0
1015.0 2216.0 996.0 2203.0 1037.0 2158.0 1052.0 2175.0 ship 0
1032.0 1914.0 1014.0 1899.0 1057.0 1859.0 1075.0 1878.0 ship 0
1007.0 1873.0 994.0 1863.0 1026.0 1831.0 1041.0 1847.0 ship 0
984.0 1858.0 967.0 1843.0 1005.0 1799.0 1023.0 1814.0 ship 0
682.0 1889.0 670.0 1874.0 696.0 1846.0 714.0 1864.0 ship 0
892.0 1761.0 882.0 1749.0 912.0 1715.0 929.0 1730.0 ship 0
2048.0 1958.0 2068.0 1955.0 2070.0 2002.0 2052.0 2002.0 small-vehicle 0
1996.0 1960.0 1978.0 1953.0 1998.0 1898.0 2017.0 1906.0 small-vehicle 0
1248.0 1690.0 1259.0 1703.0 1222.0 1739.0 1207.0 1727.0 small-vehicle 0
587.0 960.0 603.0 978.0 566.0 1011.0 549.0 998.0 ship 0
836.0 1634.0 823.0 1646.0 784.0 1603.0 799.0 1591.0 small-vehicle 0
112.0 1268.0 123.0 1278.0 100.0 1306.0 86.0 1297.0 small-vehicle 0
419.0 1297.0 429.0 1287.0 459.0 1314.0 448.0 1326.0 ship 0
650.0 1520.0 634.0 1507.0 668.0 1473.0 686.0 1487.0 ship 0
536.0 1418.0 525.0 1406.0 551.0 1382.0 563.0 1395.0 ship 0
502.0 1389.0 482.0 1369.0 541.0 1314.0 563.0 1334.0 ship 0
417.0 1265.0 403.0 1252.0 432.0 1225.0 445.0 1236.0 ship 0
206.0 1072.0 196.0 1062.0 237.0 1021.0 252.0 1033.0 ship 0
459.0 856.0 457.0 875.0 415.0 863.0 420.0 844.0 ship 0
202.0 995.0 232.0 1029.0 191.0 1064.0 159.0 1033.0 harbor 0
