imagesource:GoogleEarth
gsd:0.278139760968
1341.0 659.0 1338.0 667.0 1324.0 660.0 1327.0 653.0 small-vehicle 0
909.0 2058.0 888.0 2089.0 702.0 1961.0 726.0 1926.0 harbor 0
222.0 421.0 221.0 429.0 200.0 430.0 198.0 422.0 small-vehicle 0
88.0 3125.0 75.0 3141.0 1.0 3087.0 2.0 3064.0 harbor 1
184.0 3035.0 167.0 3056.0 31.0 2945.0 46.0 2925.0 harbor 0
249.0 2962.0 219.0 2997.0 104.0 2892.0 139.0 2860.0 harbor 0
291.0 2906.0 279.0 2923.0 161.0 2839.0 173.0 2820.0 harbor 0
345.0 2851.0 334.0 2862.0 223.0 2767.0 233.0 2756.0 harbor 0
423.0 2749.0 388.0 2797.0 230.0 2679.0 262.0 2633.0 harbor 0
481.0 2661.0 450.0 2714.0 295.0 2607.0 333.0 2561.0 harbor 0
526.0 2602.0 508.0 2627.0 374.0 2539.0 391.0 2512.0 harbor 0
588.0 2495.0 565.0 2528.0 439.0 2442.0 457.0 2407.0 harbor 0
662.0 2396.0 638.0 2433.0 472.0 2322.0 496.0 2289.0 harbor 0
733.0 2308.0 711.0 2349.0 543.0 2239.0 568.0 2200.0 harbor 0
788.0 2222.0 764.0 2263.0 580.0 2143.0 603.0 2107.0 harbor 0
858.0 2128.0 831.0 2173.0 642.0 2042.0 671.0 2002.0 harbor 0
972.0 1967.0 950.0 1997.0 757.0 1861.0 783.0 1827.0 harbor 0
202.0 1697.0 213.0 1701.0 202.0 1715.0 193.0 1711.0 small-vehicle 0
1036.0 1876.0 1009.0 1918.0 812.0 1783.0 847.0 1747.0 harbor 0
1086.0 1812.0 1067.0 1839.0 962.0 1767.0 986.0 1738.0 harbor 0
1231.0 1597.0 1221.0 1611.0 1045.0 1494.0 1056.0 1478.0 harbor 0
1286.0 1520.0 1271.0 1540.0 1150.0 1458.0 1167.0 1441.0 harbor 0
1338.0 1425.0 1329.0 1440.0 1145.0 1315.0 1156.0 1300.0 harbor 0
1424.0 1324.0 1409.0 1344.0 1217.0 1209.0 1234.0 1189.0 harbor 0
1490.0 1224.0 1479.0 1243.0 1284.0 1114.0 1298.0 1096.0 harbor 0
1551.0 1141.0 1533.0 1169.0 1344.0 1039.0 1365.0 1012.0 harbor 0
1580.0 1066.0 1569.0 1085.0 1397.0 969.0 1409.0 950.0 harbor 0
1691.0 919.0 1679.0 934.0 1507.0 810.0 1521.0 793.0 harbor 0
1760.0 783.0 1748.0 801.0 1586.0 691.0 1600.0 670.0 harbor 0
1949.0 515.0 1931.0 542.0 1763.0 425.0 1781.0 401.0 harbor 0
2013.0 437.0 1998.0 457.0 1834.0 338.0 1851.0 319.0 harbor 0
2078.0 338.0 2064.0 359.0 1900.0 241.0 1918.0 221.0 harbor 0
87.0 596.0 96.0 591.0 99.0 610.0 92.0 612.0 small-vehicle 0
224.0 1817.0 231.0 1824.0 218.0 1839.0 211.0 1832.0 small-vehicle 0
1153.0 130.0 1147.0 124.0 1155.0 109.0 1164.0 113.0 small-vehicle 0
816.0 2152.0 821.0 2145.0 841.0 2156.0 838.0 2166.0 ship 0
1162.0 388.0 1170.0 391.0 1162.0 407.0 1154.0 403.0 small-vehicle 0
903.0 499.0 916.0 483.0 945.0 500.0 934.0 518.0 swimming-pool 0
1427.0 549.0 1424.0 555.0 1409.0 543.0 1411.0 537.0 small-vehicle 0
1431.0 554.0 1436.0 558.0 1427.0 573.0 1420.0 570.0 small-vehicle 0
1341.0 668.0 1345.0 675.0 1329.0 684.0 1327.0 677.0 small-vehicle 0
1427.0 1221.0 1431.0 1211.0 1452.0 1224.0 1447.0 1231.0 ship 0
860.0 1214.0 864.0 1205.0 884.0 1218.0 879.0 1226.0 ship 0
2098.0 268.0 2101.0 260.0 2125.0 272.0 2118.0 280.0 ship 0
2168.0 188.0 2162.0 197.0 2145.0 180.0 2150.0 171.0 ship 0
1709.0 328.0 1726.0 341.0 1705.0 367.0 1688.0 355.0 swimming-pool 0
1685.0 926.0 1678.0 935.0 1658.0 920.0 1665.0 911.0 ship 0
1669.0 901.0 1674.0 893.0 1697.0 909.0 1691.0 916.0 ship 0
1561.0 1049.0 1566.0 1042.0 1587.0 1054.0 1583.0 1062.0 ship 0
1379.0 1333.0 1382.0 1325.0 1411.0 1345.0 1406.0 1352.0 ship 0
1104.0 2292.0 1113.0 2298.0 1100.0 2315.0 1091.0 2309.0 ship 0
155.0 1836.0 160.0 1831.0 174.0 1843.0 172.0 1848.0 small-vehicle 0
625.0 2407.0 630.0 2400.0 650.0 2412.0 646.0 2421.0 ship 0
561.0 2528.0 555.0 2537.0 534.0 2523.0 540.0 2513.0 ship 0
488.0 2612.0 491.0 2605.0 514.0 2618.0 511.0 2624.0 ship 0
166.0 3054.0 162.0 3061.0 140.0 3047.0 144.0 3039.0 ship 0
155.0 2453.0 160.0 2446.0 174.0 2460.0 170.0 2466.0 small-vehicle 1
194.0 2473.0 189.0 2479.0 173.0 2465.0 176.0 2459.0 small-vehicle 1
290.0 2483.0 306.0 2460.0 347.0 2489.0 332.0 2511.0 swimming-pool 0
276.0 2222.0 269.0 2219.0 277.0 2203.0 284.0 2208.0 small-vehicle 0
403.0 2158.0 398.0 2161.0 388.0 2150.0 391.0 2145.0 small-vehicle 1
377.0 2140.0 384.0 2143.0 378.0 2161.0 370.0 2159.0 small-vehicle 0
593.0 1988.0 610.0 1999.0 586.0 2039.0 567.0 2029.0 swimming-pool 0
154.0 1631.0 143.0 1627.0 153.0 1603.0 166.0 1608.0 ship 0
823.0 1516.0 817.0 1508.0 832.0 1496.0 839.0 1504.0 small-vehicle 0
589.0 1724.0 598.0 1728.0 587.0 1746.0 579.0 1742.0 small-vehicle 0
2125.0 272.0 2111.0 291.0 1946.0 176.0 1962.0 156.0 harbor 0
