imagesource:GoogleEarth
gsd:0.262183566203
855.0 308.0 862.0 303.0 877.0 321.0 871.0 328.0 small-vehicle 1
1024.0 795.0 999.0 815.0 863.0 625.0 888.0 610.0 harbor 0
633.0 1075.0 607.0 1095.0 518.0 965.0 548.0 944.0 harbor 0
660.0 1045.0 638.0 1058.0 494.0 825.0 518.0 812.0 harbor 0
717.0 1016.0 695.0 1031.0 578.0 830.0 598.0 817.0 harbor 0
775.0 961.0 753.0 980.0 653.0 834.0 675.0 819.0 harbor 0
896.0 883.0 849.0 917.0 689.0 682.0 745.0 649.0 harbor 0
962.0 834.0 931.0 858.0 763.0 620.0 795.0 601.0 harbor 0
1123.0 734.0 1072.0 776.0 917.0 565.0 974.0 521.0 harbor 0
310.0 106.0 301.0 101.0 312.0 82.0 320.0 88.0 small-vehicle 1
1224.0 596.0 1204.0 615.0 1061.0 447.0 1082.0 426.0 harbor 0
1286.0 596.0 1270.0 610.0 1190.0 512.0 1207.0 499.0 harbor 0
1369.0 548.0 1360.0 554.0 1305.0 479.0 1315.0 471.0 harbor 0
1580.0 461.0 1557.0 477.0 1478.0 354.0 1503.0 338.0 harbor 0
1670.0 407.0 1619.0 438.0 1549.0 329.0 1607.0 302.0 harbor 0
1764.0 348.0 1745.0 363.0 1685.0 270.0 1706.0 258.0 harbor 0
556.0 1115.0 532.0 1130.0 397.0 904.0 425.0 888.0 harbor 0
486.0 1169.0 450.0 1189.0 301.0 949.0 338.0 926.0 harbor 0
378.0 1246.0 355.0 1258.0 327.0 1199.0 350.0 1188.0 harbor 0
324.0 1286.0 272.0 1316.0 241.0 1255.0 291.0 1227.0 harbor 0
194.0 424.0 201.0 419.0 215.0 435.0 209.0 441.0 small-vehicle 0
63.0 442.0 71.0 433.0 94.0 455.0 89.0 462.0 ship 0
40.0 568.0 30.0 577.0 16.0 553.0 26.0 549.0 ship 0
534.0 562.0 545.0 555.0 555.0 576.0 545.0 583.0 ship 0
328.0 604.0 338.0 600.0 347.0 621.0 339.0 624.0 small-vehicle 0
437.0 562.0 446.0 557.0 459.0 574.0 452.0 579.0 small-vehicle 0
426.0 1169.0 435.0 1165.0 447.0 1188.0 437.0 1192.0 ship 0
504.0 1104.0 514.0 1096.0 528.0 1121.0 517.0 1129.0 ship 0
630.0 1028.0 643.0 1018.0 657.0 1047.0 646.0 1053.0 ship 0
1739.0 357.0 1725.0 366.0 1695.0 325.0 1713.0 312.0 ship 0
859.0 305.0 850.0 309.0 843.0 291.0 851.0 287.0 small-vehicle 0
1510.0 648.0 1501.0 640.0 1521.0 624.0 1530.0 632.0 ship 0
1560.0 759.0 1555.0 748.0 1575.0 736.0 1582.0 744.0 ship 0
1781.0 328.0 1765.0 340.0 1710.0 257.0 1730.0 245.0 harbor 0
