imagesource:GoogleEarth
gsd:0.263821852812
2139.0 2708.0 2143.0 2701.0 2162.0 2713.0 2159.0 2719.0 small-vehicle 1
2026.0 2313.0 2064.0 2296.0 2097.0 2366.0 2061.0 2384.0 harbor 0
974.0 2411.0 935.0 2426.0 912.0 2356.0 950.0 2345.0 harbor 0
1865.0 2134.0 1826.0 2154.0 1802.0 2094.0 1843.0 2075.0 harbor 0
2000.0 2122.0 1972.0 2137.0 1949.0 2092.0 1979.0 2080.0 harbor 0
1972.0 2082.0 1962.0 2081.0 1960.0 2011.0 1971.0 2011.0 harbor 0
2122.0 2101.0 2103.0 2110.0 2070.0 2022.0 2091.0 2015.0 harbor 0
2146.0 2077.0 2137.0 2073.0 2184.0 1940.0 2191.0 1943.0 harbor 0
2201.0 2056.0 2191.0 2051.0 2224.0 1959.0 2236.0 1964.0 harbor 0
2215.0 2080.0 2210.0 2068.0 2289.0 2037.0 2295.0 2049.0 harbor 0
2222.0 2124.0 2215.0 2106.0 2303.0 2076.0 2311.0 2095.0 harbor 0
2201.0 2139.0 2202.0 2128.0 2282.0 2139.0 2281.0 2151.0 harbor 0
2150.0 2214.0 2159.0 2199.0 2238.0 2247.0 2227.0 2262.0 harbor 0
2119.0 2262.0 2133.0 2244.0 2200.0 2294.0 2185.0 2310.0 harbor 0
1954.0 2332.0 1986.0 2320.0 2015.0 2408.0 1982.0 2417.0 harbor 0
44.0 3171.0 59.0 3148.0 175.0 3216.0 162.0 3243.0 harbor 0
1826.0 2347.0 1848.0 2347.0 1848.0 2439.0 1828.0 2441.0 harbor 0
1712.0 2421.0 1727.0 2413.0 1760.0 2478.0 1744.0 2485.0 harbor 0
1499.0 2482.0 1539.0 2476.0 1554.0 2546.0 1517.0 2552.0 harbor 0
1353.0 2480.0 1390.0 2468.0 1414.0 2548.0 1375.0 2560.0 harbor 0
1263.0 2562.0 1276.0 2549.0 1344.0 2610.0 1332.0 2621.0 harbor 0
1216.0 2612.0 1242.0 2585.0 1308.0 2642.0 1282.0 2669.0 harbor 0
1164.0 2663.0 1180.0 2651.0 1254.0 2727.0 1241.0 2739.0 harbor 0
1061.0 2870.0 1069.0 2851.0 1165.0 2890.0 1157.0 2909.0 harbor 0
971.0 3091.0 976.0 3059.0 1072.0 3076.0 1067.0 3106.0 harbor 0
1372.0 2992.0 1423.0 2992.0 1423.0 3039.0 1372.0 3039.0 roundabout 0
919.0 3216.0 923.0 3177.0 1041.0 3187.0 1036.0 3229.0 harbor 0
910.0 3298.0 921.0 3259.0 1033.0 3286.0 1023.0 3325.0 harbor 0
517.0 2120.0 530.0 2099.0 660.0 2162.0 651.0 2180.0 harbor 0
674.0 2017.0 708.0 1996.0 762.0 2084.0 725.0 2104.0 harbor 0
979.0 1889.0 1016.0 1877.0 1040.0 1958.0 1001.0 1969.0 harbor 0
1118.0 1849.0 1162.0 1837.0 1182.0 1911.0 1139.0 1923.0 harbor 0
3597.0 148.0 3663.0 120.0 3703.0 222.0 3639.0 243.0 harbor 0
3446.0 190.0 3493.0 173.0 3524.0 258.0 3478.0 279.0 harbor 0
3305.0 234.0 3341.0 216.0 3388.0 308.0 3353.0 327.0 harbor 0
3173.0 342.0 3203.0 314.0 3272.0 388.0 3243.0 417.0 harbor 0
3078.0 450.0 3111.0 417.0 3179.0 484.0 3151.0 519.0 harbor 0
3007.0 538.0 3031.0 508.0 3107.0 571.0 3086.0 599.0 harbor 0
2899.0 679.0 2923.0 644.0 2999.0 704.0 2976.0 736.0 harbor 0
2845.0 772.0 2861.0 749.0 2942.0 800.0 2925.0 826.0 harbor 0
2722.0 899.0 2738.0 878.0 2827.0 947.0 2813.0 969.0 harbor 0
2677.0 955.0 2694.0 934.0 2778.0 1009.0 2760.0 1027.0 harbor 0
2622.0 1028.0 2647.0 1004.0 2720.0 1070.0 2698.0 1097.0 harbor 0
2569.0 1081.0 2590.0 1059.0 2668.0 1133.0 2648.0 1155.0 harbor 0
2523.0 1134.0 2542.0 1116.0 2617.0 1190.0 2601.0 1207.0 harbor 0
2477.0 1176.0 2489.0 1167.0 2551.0 1243.0 2539.0 1252.0 harbor 0
2428.0 1205.0 2449.0 1198.0 2483.0 1278.0 2464.0 1284.0 harbor 0
2349.0 1239.0 2368.0 1231.0 2402.0 1327.0 2382.0 1336.0 harbor 0
2281.0 1259.0 2302.0 1256.0 2326.0 1361.0 2302.0 1366.0 harbor 0
2145.0 1322.0 2182.0 1315.0 2205.0 1415.0 2166.0 1423.0 harbor 0
2039.0 1365.0 2081.0 1352.0 2116.0 1460.0 2074.0 1472.0 harbor 0
1789.0 1521.0 1827.0 1498.0 1880.0 1586.0 1842.0 1611.0 harbor 0
1676.0 1611.0 1707.0 1594.0 1752.0 1664.0 1722.0 1684.0 harbor 0
1589.0 1664.0 1612.0 1650.0 1648.0 1723.0 1622.0 1734.0 harbor 0
1508.0 1694.0 1521.0 1686.0 1564.0 1765.0 1549.0 1773.0 harbor 0
1308.0 1787.0 1343.0 1776.0 1363.0 1853.0 1327.0 1861.0 harbor 0
1206.0 1817.0 1245.0 1805.0 1269.0 1884.0 1226.0 1896.0 harbor 0
2.0 3234.0 21.0 3208.0 136.0 3279.0 120.0 3309.0 harbor 0
105.0 3090.0 125.0 3046.0 244.0 3101.0 226.0 3143.0 harbor 0
4100.0 81.0 4103.0 73.0 4121.0 83.0 4117.0 90.0 small-vehicle 0
2195.0 2805.0 2191.0 2813.0 2171.0 2803.0 2173.0 2795.0 small-vehicle 0
2231.0 2143.0 2228.0 2156.0 2195.0 2148.0 2197.0 2135.0 ship 0
1965.0 1773.0 1960.0 1780.0 1942.0 1767.0 1947.0 1760.0 small-vehicle 0
2153.0 1342.0 2143.0 1346.0 2138.0 1326.0 2146.0 1322.0 ship 0
2799.0 1294.0 2816.0 1270.0 2857.0 1302.0 2841.0 1323.0 swimming-pool 0
2516.0 1316.0 2541.0 1308.0 2560.0 1360.0 2536.0 1369.0 swimming-pool 0
1918.0 2760.0 1930.0 2757.0 1933.0 2783.0 1922.0 2785.0 ship 0
1855.0 2379.0 1843.0 2380.0 1841.0 2353.0 1854.0 2354.0 ship 0
1966.0 2367.0 1953.0 2373.0 1936.0 2326.0 1948.0 2322.0 ship 0
2023.0 2323.0 2031.0 2320.0 2042.0 2342.0 2033.0 2346.0 ship 0
2048.0 2340.0 2044.0 2333.0 2061.0 2323.0 2065.0 2331.0 ship 0
1875.0 2492.0 1880.0 2496.0 1869.0 2511.0 1863.0 2508.0 swimming-pool 0
2000.0 3094.0 1993.0 3095.0 1990.0 3075.0 1996.0 3073.0 small-vehicle 0
2209.0 2512.0 2215.0 2508.0 2225.0 2529.0 2218.0 2532.0 small-vehicle 0
173.0 2985.0 183.0 2965.0 293.0 3018.0 281.0 3037.0 harbor 0
2525.0 2427.0 2520.0 2431.0 2506.0 2422.0 2510.0 2415.0 small-vehicle 0
2659.0 1004.0 2666.0 1013.0 2648.0 1031.0 2639.0 1024.0 ship 0
2710.0 954.0 2701.0 962.0 2681.0 946.0 2692.0 937.0 ship 0
2892.0 1847.0 2902.0 1850.0 2895.0 1866.0 2885.0 1864.0 small-vehicle 0
2904.0 1851.0 2914.0 1852.0 2908.0 1869.0 2901.0 1866.0 small-vehicle 0
3004.0 547.0 3011.0 539.0 3034.0 561.0 3030.0 568.0 ship 0
3032.0 539.0 3024.0 531.0 3035.0 512.0 3043.0 517.0 ship 0
3104.0 433.0 3112.0 441.0 3092.0 458.0 3084.0 451.0 ship 0
3318.0 260.0 3306.0 266.0 3290.0 241.0 3302.0 234.0 ship 0
3472.0 190.0 3477.0 198.0 3455.0 207.0 3451.0 199.0 ship 0
3634.0 153.0 3629.0 144.0 3658.0 132.0 3664.0 145.0 ship 0
3735.0 119.0 3725.0 114.0 3741.0 92.0 3750.0 101.0 ship 0
2188.0 2026.0 2198.0 2030.0 2191.0 2055.0 2178.0 2051.0 ship 0
2126.0 1864.0 2138.0 1868.0 2126.0 1894.0 2115.0 1890.0 ship 0
2041.0 1614.0 2030.0 1617.0 2020.0 1594.0 2032.0 1590.0 ship 0
1826.0 1524.0 1818.0 1530.0 1805.0 1511.0 1813.0 1506.0 ship 0
214.0 2887.0 221.0 2853.0 315.0 2875.0 308.0 2906.0 harbor 0
246.0 2750.0 264.0 2688.0 356.0 2710.0 341.0 2770.0 harbor 0
742.0 2591.0 760.0 2620.0 633.0 2712.0 610.0 2681.0 harbor 0
757.0 2980.0 732.0 3031.0 665.0 3002.0 685.0 2953.0 harbor 0
692.0 2051.0 678.0 2059.0 658.0 2028.0 674.0 2018.0 ship 0
562.0 2220.0 571.0 2211.0 588.0 2232.0 580.0 2242.0 ship 0
724.0 2163.0 744.0 2183.0 714.0 2208.0 696.0 2189.0 swimming-pool 0
877.0 2282.0 891.0 2306.0 853.0 2325.0 839.0 2303.0 swimming-pool 0
230.0 2531.0 221.0 2527.0 230.0 2507.0 239.0 2511.0 ship 0
235.0 2880.0 226.0 2878.0 230.0 2855.0 241.0 2858.0 ship 0
915.0 2821.0 904.0 2816.0 916.0 2794.0 926.0 2800.0 ship 0
703.0 3023.0 707.0 3015.0 737.0 3026.0 734.0 3037.0 ship 0
69.0 3192.0 59.0 3189.0 67.0 3169.0 77.0 3174.0 ship 0
319.0 3327.0 331.0 3316.0 351.0 3341.0 339.0 3348.0 ship 0
943.0 3205.0 931.0 3204.0 934.0 3178.0 946.0 3180.0 ship 0
1111.0 3235.0 1137.0 3242.0 1127.0 3279.0 1100.0 3270.0 swimming-pool 0
1089.0 2883.0 1086.0 2892.0 1054.0 2883.0 1056.0 2873.0 ship 0
1076.0 2854.0 1079.0 2846.0 1098.0 2855.0 1095.0 2862.0 ship 0
1322.0 2135.0 1315.0 2123.0 1347.0 2107.0 1352.0 2121.0 ship 0
991.0 1919.0 979.0 1923.0 968.0 1890.0 979.0 1887.0 ship 0
999.0 1904.0 997.0 1894.0 1018.0 1887.0 1023.0 1898.0 ship 0
1360.0 1800.0 1349.0 1803.0 1343.0 1778.0 1352.0 1774.0 ship 0
1363.0 1922.0 1356.0 1902.0 1400.0 1888.0 1406.0 1909.0 swimming-pool 0
1502.0 1694.0 1507.0 1691.0 1515.0 1708.0 1509.0 1711.0 ship 0
1732.0 1610.0 1723.0 1616.0 1704.0 1591.0 1714.0 1584.0 ship 0
3709.0 114.0 3734.0 83.0 3827.0 164.0 3801.0 196.0 harbor 0
