imagesource:GoogleEarth
gsd:0.277847253635
1540.0 3416.0 1548.0 3421.0 1537.0 3435.0 1529.0 3430.0 small-vehicle 0
1136.0 1272.0 1132.0 1261.0 1160.0 1252.0 1166.0 1266.0 ship 0
761.0 791.0 760.0 802.0 734.0 799.0 735.0 789.0 small-vehicle 0
759.0 807.0 757.0 814.0 735.0 810.0 734.0 802.0 small-vehicle 0
758.0 818.0 756.0 826.0 732.0 823.0 733.0 814.0 small-vehicle 0
707.0 792.0 696.0 790.0 697.0 762.0 707.0 762.0 small-vehicle 0
740.0 1002.0 732.0 1001.0 734.0 983.0 742.0 983.0 small-vehicle 0
1135.0 1201.0 1132.0 1190.0 1159.0 1185.0 1160.0 1197.0 ship 0
967.0 1539.0 975.0 1537.0 980.0 1557.0 972.0 1561.0 small-vehicle 0
672.0 986.0 663.0 985.0 661.0 961.0 671.0 961.0 small-vehicle 0
1021.0 1674.0 1025.0 1682.0 1007.0 1686.0 1004.0 1680.0 small-vehicle 0
1199.0 1751.0 1189.0 1745.0 1202.0 1724.0 1211.0 1730.0 ship 0
1199.0 1980.0 1198.0 1969.0 1222.0 1969.0 1223.0 1978.0 ship 0
1267.0 2007.0 1264.0 1998.0 1283.0 1994.0 1287.0 2002.0 ship 0
1423.0 2039.0 1423.0 2030.0 1443.0 2033.0 1443.0 2041.0 ship 0
759.0 1843.0 751.0 1835.0 765.0 1820.0 772.0 1831.0 ship 0
659.0 985.0 649.0 985.0 649.0 965.0 658.0 966.0 small-vehicle 0
679.0 909.0 668.0 909.0 665.0 886.0 675.0 886.0 small-vehicle 0
879.0 2057.0 875.0 2037.0 911.0 2032.0 915.0 2051.0 swimming-pool 0
768.0 692.0 769.0 701.0 744.0 700.0 745.0 691.0 small-vehicle 0
657.0 694.0 659.0 681.0 680.0 688.0 679.0 699.0 small-vehicle 0
640.0 726.0 640.0 716.0 662.0 719.0 662.0 728.0 small-vehicle 0
637.0 737.0 640.0 727.0 660.0 732.0 659.0 742.0 small-vehicle 0
633.0 775.0 634.0 765.0 656.0 771.0 654.0 779.0 small-vehicle 0
632.0 787.0 632.0 779.0 654.0 781.0 654.0 790.0 small-vehicle 0
627.0 802.0 628.0 794.0 651.0 794.0 649.0 802.0 small-vehicle 0
767.0 702.0 768.0 711.0 749.0 710.0 747.0 703.0 small-vehicle 0
662.0 917.0 653.0 915.0 654.0 898.0 661.0 898.0 small-vehicle 0
771.0 712.0 771.0 723.0 747.0 720.0 749.0 711.0 small-vehicle 0
762.0 751.0 762.0 762.0 740.0 759.0 739.0 751.0 small-vehicle 0
762.0 764.0 761.0 774.0 736.0 770.0 738.0 763.0 small-vehicle 0
759.0 776.0 760.0 787.0 734.0 785.0 734.0 777.0 small-vehicle 0
637.0 906.0 628.0 907.0 627.0 885.0 636.0 884.0 small-vehicle 0
651.0 908.0 640.0 907.0 642.0 885.0 650.0 884.0 small-vehicle 0
691.0 1863.0 686.0 1856.0 709.0 1843.0 714.0 1852.0 ship 0
1118.0 2005.0 1121.0 2013.0 1104.0 2017.0 1102.0 2010.0 small-vehicle 0
635.0 627.0 644.0 631.0 637.0 665.0 628.0 663.0 small-vehicle 0
2148.0 1469.0 2150.0 1462.0 2168.0 1473.0 2164.0 1479.0 small-vehicle 0
2088.0 1139.0 2077.0 1136.0 2087.0 1112.0 2097.0 1116.0 ship 0
2136.0 1010.0 2125.0 1004.0 2131.0 982.0 2143.0 984.0 ship 0
2234.0 582.0 2248.0 589.0 2230.0 626.0 2217.0 619.0 ship 0
2331.0 429.0 2327.0 442.0 2289.0 427.0 2295.0 412.0 ship 0
2328.0 371.0 2326.0 380.0 2308.0 376.0 2312.0 365.0 ship 0
2341.0 305.0 2353.0 310.0 2342.0 335.0 2332.0 330.0 ship 0
2093.0 1649.0 2099.0 1652.0 2090.0 1671.0 2083.0 1667.0 small-vehicle 0
1848.0 1571.0 1844.0 1580.0 1822.0 1568.0 1828.0 1559.0 ship 0
1967.0 2014.0 1959.0 2007.0 1969.0 1991.0 1976.0 1994.0 small-vehicle 0
2162.0 2095.0 2154.0 2091.0 2164.0 2067.0 2174.0 2072.0 small-vehicle 0
1845.0 2052.0 1853.0 2052.0 1849.0 2073.0 1843.0 2072.0 small-vehicle 0
1683.0 2187.0 1686.0 2177.0 1706.0 2190.0 1702.0 2194.0 small-vehicle 0
2112.0 2231.0 2121.0 2237.0 2107.0 2251.0 2102.0 2248.0 small-vehicle 0
2147.0 2257.0 2156.0 2259.0 2148.0 2273.0 2141.0 2271.0 small-vehicle 0
1957.0 1403.0 1951.0 1416.0 1928.0 1403.0 1934.0 1392.0 ship 0
1940.0 1460.0 1937.0 1470.0 1911.0 1460.0 1916.0 1448.0 ship 0
1120.0 2017.0 1122.0 2023.0 1105.0 2028.0 1105.0 2020.0 small-vehicle 0
1307.0 2169.0 1296.0 2165.0 1306.0 2144.0 1318.0 2150.0 ship 0
1099.0 2019.0 1100.0 2028.0 1084.0 2032.0 1081.0 2026.0 small-vehicle 0
759.0 2106.0 762.0 2114.0 742.0 2118.0 739.0 2110.0 small-vehicle 1
768.0 2135.0 771.0 2143.0 755.0 2148.0 752.0 2142.0 small-vehicle 1
950.0 2005.0 947.0 1996.0 967.0 1993.0 968.0 2002.0 small-vehicle 1
1089.0 2173.0 1091.0 2180.0 1074.0 2184.0 1071.0 2179.0 small-vehicle 1
688.0 2061.0 691.0 2072.0 663.0 2080.0 661.0 2071.0 ship 0
1341.0 2171.0 1330.0 2172.0 1328.0 2136.0 1338.0 2137.0 ship 0
1673.0 1812.0 1678.0 1803.0 1712.0 1823.0 1705.0 1833.0 ship 0
1358.0 2160.0 1346.0 2160.0 1347.0 2138.0 1357.0 2138.0 ship 0
1399.0 2156.0 1388.0 2156.0 1387.0 2136.0 1399.0 2135.0 ship 0
1447.0 2143.0 1437.0 2146.0 1432.0 2125.0 1443.0 2123.0 ship 0
1486.0 2126.0 1478.0 2127.0 1470.0 2106.0 1479.0 2102.0 ship 0
1516.0 2069.0 1506.0 2077.0 1493.0 2061.0 1501.0 2054.0 ship 0
1658.0 1825.0 1662.0 1817.0 1690.0 1837.0 1681.0 1845.0 ship 0
659.0 671.0 659.0 661.0 685.0 665.0 683.0 675.0 small-vehicle 0
1700.0 2512.0 1731.0 2534.0 1684.0 2607.0 1652.0 2584.0 tennis-court 0
1896.0 2137.0 1903.0 2144.0 1885.0 2160.0 1879.0 2152.0 small-vehicle 1
1336.0 2139.0 1352.0 2137.0 1352.0 2250.0 1334.0 2251.0 harbor 0
1544.0 2031.0 1568.0 1992.0 1647.0 2042.0 1622.0 2083.0 harbor 0
1493.0 2061.0 1505.0 2047.0 1617.0 2137.0 1603.0 2153.0 harbor 0
1489.0 2099.0 1505.0 2089.0 1587.0 2240.0 1573.0 2247.0 harbor 0
1455.0 2103.0 1477.0 2097.0 1532.0 2281.0 1512.0 2286.0 harbor 0
1416.0 2118.0 1438.0 2112.0 1472.0 2273.0 1450.0 2278.0 harbor 0
1371.0 2121.0 1389.0 2119.0 1404.0 2268.0 1385.0 2270.0 harbor 0
1304.0 2120.0 1319.0 2128.0 1272.0 2221.0 1258.0 2214.0 harbor 0
1648.0 1861.0 1676.0 1816.0 1778.0 1880.0 1744.0 1926.0 harbor 0
1264.0 2104.0 1282.0 2118.0 1264.0 2144.0 1245.0 2129.0 harbor 0
1246.0 2129.0 1250.0 2148.0 1189.0 2157.0 1185.0 2140.0 harbor 0
1238.0 2024.0 1242.0 2066.0 1153.0 2080.0 1145.0 2036.0 harbor 0
1219.0 1929.0 1225.0 1962.0 1131.0 1984.0 1122.0 1952.0 harbor 0
1198.0 1826.0 1204.0 1856.0 1107.0 1876.0 1102.0 1844.0 harbor 0
1202.0 1713.0 1208.0 1758.0 1111.0 1773.0 1100.0 1729.0 harbor 0
1598.0 1940.0 1622.0 1902.0 1678.0 1939.0 1658.0 1978.0 harbor 0
1701.0 1761.0 1724.0 1728.0 1821.0 1794.0 1802.0 1824.0 harbor 0
1203.0 1476.0 1209.0 1512.0 1094.0 1539.0 1086.0 1501.0 harbor 0
2114.0 936.0 2127.0 896.0 2232.0 932.0 2219.0 972.0 harbor 0
2326.0 323.0 2343.0 280.0 2409.0 307.0 2408.0 356.0 harbor 1
2291.0 418.0 2314.0 359.0 2408.0 388.0 2387.0 454.0 harbor 0
2239.0 515.0 2251.0 479.0 2361.0 516.0 2348.0 555.0 harbor 0
2235.0 563.0 2259.0 572.0 2233.0 642.0 2208.0 633.0 harbor 0
2188.0 716.0 2202.0 679.0 2304.0 714.0 2292.0 752.0 harbor 0
2153.0 824.0 2169.0 774.0 2264.0 804.0 2249.0 852.0 harbor 0
2087.0 1001.0 2097.0 974.0 2199.0 1010.0 2189.0 1041.0 harbor 0
1780.0 1662.0 1802.0 1629.0 1884.0 1682.0 1865.0 1717.0 harbor 0
2214.0 1051.0 2234.0 1059.0 2218.0 1101.0 2198.0 1094.0 swimming-pool 0
2057.0 1153.0 2074.0 1106.0 2140.0 1134.0 2122.0 1179.0 harbor 0
1980.0 1289.0 2003.0 1224.0 2098.0 1259.0 2072.0 1331.0 harbor 0
1931.0 1394.0 1952.0 1354.0 2054.0 1414.0 2035.0 1454.0 harbor 0
1892.0 1477.0 1909.0 1454.0 2002.0 1514.0 1990.0 1535.0 harbor 0
1825.0 1557.0 1851.0 1524.0 1942.0 1592.0 1917.0 1626.0 harbor 0
1204.0 1596.0 1210.0 1638.0 1117.0 1656.0 1107.0 1613.0 harbor 0
1188.0 1369.0 1193.0 1393.0 1066.0 1423.0 1061.0 1395.0 harbor 0
605.0 3480.0 632.0 3468.0 645.0 3497.0 612.0 3496.0 harbor 1
969.0 3159.0 953.0 3152.0 989.0 3076.0 1006.0 3084.0 harbor 0
595.0 3262.0 562.0 3279.0 540.0 3228.0 572.0 3214.0 harbor 0
664.0 3239.0 643.0 3251.0 617.0 3194.0 640.0 3182.0 harbor 0
741.0 3204.0 719.0 3215.0 694.0 3157.0 718.0 3147.0 harbor 0
790.0 3187.0 766.0 3198.0 748.0 3143.0 773.0 3133.0 harbor 0
889.0 3178.0 857.0 3181.0 846.0 3109.0 878.0 3106.0 harbor 0
919.0 3165.0 907.0 3157.0 925.0 3123.0 939.0 3131.0 harbor 0
998.0 3156.0 990.0 3149.0 1037.0 3095.0 1046.0 3102.0 harbor 0
388.0 2934.0 382.0 2908.0 479.0 2884.0 488.0 2911.0 harbor 0
1032.0 3232.0 1017.0 3186.0 1065.0 3173.0 1077.0 3218.0 harbor 0
924.0 3353.0 919.0 3342.0 969.0 3318.0 973.0 3328.0 harbor 0
968.0 3312.0 999.0 3309.0 1004.0 3389.0 974.0 3393.0 harbor 0
810.0 3390.0 849.0 3373.0 886.0 3470.0 850.0 3486.0 harbor 0
727.0 3423.0 759.0 3407.0 797.0 3496.0 755.0 3496.0 harbor 1
670.0 3453.0 703.0 3439.0 727.0 3496.0 690.0 3497.0 harbor 1
416.0 3046.0 402.0 2984.0 491.0 2966.0 505.0 3031.0 harbor 0
371.0 2859.0 369.0 2839.0 466.0 2819.0 471.0 2841.0 harbor 0
1170.0 1265.0 1177.0 1306.0 1056.0 1330.0 1048.0 1290.0 harbor 0
541.0 1996.0 585.0 1964.0 624.0 2022.0 583.0 2053.0 harbor 0
1161.0 1164.0 1165.0 1192.0 1042.0 1216.0 1035.0 1184.0 harbor 0
1173.0 1070.0 1177.0 1089.0 1031.0 1117.0 1028.0 1096.0 harbor 0
1050.0 579.0 1098.0 629.0 941.0 785.0 888.0 721.0 harbor 0
790.0 1769.0 810.0 1754.0 841.0 1801.0 820.0 1815.0 harbor 0
742.0 1828.0 778.0 1807.0 810.0 1855.0 774.0 1876.0 harbor 0
690.0 1864.0 725.0 1844.0 756.0 1908.0 717.0 1927.0 harbor 0
479.0 2058.0 520.0 2032.0 546.0 2084.0 509.0 2109.0 harbor 0
342.0 2748.0 330.0 2695.0 432.0 2671.0 444.0 2722.0 harbor 0
291.0 2240.0 317.0 2202.0 351.0 2227.0 325.0 2266.0 harbor 0
259.0 2402.0 252.0 2368.0 353.0 2350.0 359.0 2385.0 harbor 0
275.0 2470.0 269.0 2434.0 374.0 2411.0 381.0 2450.0 harbor 0
280.0 2539.0 274.0 2497.0 396.0 2480.0 402.0 2517.0 harbor 0
295.0 2603.0 289.0 2575.0 412.0 2550.0 419.0 2577.0 harbor 0
320.0 2660.0 312.0 2621.0 421.0 2600.0 428.0 2636.0 harbor 0
1952.0 1907.0 1957.0 1901.0 1972.0 1916.0 1967.0 1922.0 small-vehicle 1
1832.0 2227.0 1839.0 2230.0 1828.0 2247.0 1823.0 2242.0 small-vehicle 1
1426.0 3426.0 1432.0 3427.0 1425.0 3446.0 1420.0 3443.0 small-vehicle 0
1188.0 2413.0 1198.0 2410.0 1204.0 2430.0 1195.0 2434.0 small-vehicle 0
656.0 3220.0 666.0 3215.0 673.0 3241.0 664.0 3245.0 ship 0
771.0 3166.0 780.0 3163.0 789.0 3191.0 779.0 3194.0 ship 0
914.0 3133.0 923.0 3139.0 911.0 3159.0 903.0 3153.0 ship 0
961.0 3127.0 969.0 3133.0 954.0 3157.0 947.0 3152.0 ship 0
1326.0 2661.0 1336.0 2637.0 1386.0 2651.0 1378.0 2679.0 swimming-pool 0
1253.0 2424.0 1255.0 2433.0 1236.0 2440.0 1232.0 2432.0 small-vehicle 0
1181.0 2430.0 1189.0 2426.0 1197.0 2439.0 1191.0 2444.0 small-vehicle 0
760.0 3410.0 768.0 3405.0 776.0 3424.0 769.0 3427.0 ship 0
1197.0 2529.0 1192.0 2536.0 1175.0 2523.0 1181.0 2516.0 small-vehicle 0
1055.0 2954.0 1049.0 2956.0 1043.0 2936.0 1050.0 2934.0 small-vehicle 1
1043.0 2954.0 1032.0 2956.0 1027.0 2936.0 1036.0 2934.0 small-vehicle 1
871.0 3000.0 861.0 2999.0 859.0 2980.0 868.0 2979.0 small-vehicle 1
522.0 2284.0 526.0 2291.0 509.0 2297.0 507.0 2291.0 small-vehicle 1
730.0 2328.0 730.0 2319.0 748.0 2318.0 749.0 2327.0 small-vehicle 1
711.0 3472.0 699.0 3478.0 686.0 3454.0 700.0 3448.0 ship 0
939.0 3331.0 937.0 3324.0 954.0 3316.0 960.0 3324.0 ship 0
550.0 2748.0 552.0 2757.0 534.0 2760.0 533.0 2753.0 small-vehicle 1
1488.0 3384.0 1495.0 3389.0 1485.0 3402.0 1479.0 3398.0 small-vehicle 0
1265.0 3209.0 1273.0 3205.0 1279.0 3221.0 1271.0 3224.0 small-vehicle 0
1367.0 3388.0 1374.0 3390.0 1364.0 3406.0 1356.0 3403.0 small-vehicle 0
1377.0 3390.0 1385.0 3395.0 1374.0 3412.0 1366.0 3407.0 small-vehicle 0
1421.0 3399.0 1429.0 3404.0 1419.0 3419.0 1413.0 3415.0 small-vehicle 0
1433.0 3406.0 1439.0 3410.0 1432.0 3424.0 1424.0 3421.0 small-vehicle 0
1479.0 3378.0 1484.0 3381.0 1474.0 3397.0 1469.0 3393.0 small-vehicle 0
1460.0 3365.0 1468.0 3370.0 1457.0 3386.0 1450.0 3381.0 small-vehicle 1
913.0 3343.0 909.0 3336.0 938.0 3326.0 940.0 3333.0 ship 0
1520.0 3403.0 1526.0 3410.0 1517.0 3422.0 1511.0 3418.0 small-vehicle 1
1409.0 3418.0 1414.0 3423.0 1407.0 3434.0 1401.0 3431.0 small-vehicle 1
1390.0 3464.0 1397.0 3467.0 1388.0 3480.0 1383.0 3478.0 small-vehicle 1
1211.0 3412.0 1206.0 3417.0 1190.0 3403.0 1195.0 3397.0 small-vehicle 1
1184.0 3425.0 1178.0 3420.0 1188.0 3407.0 1195.0 3412.0 small-vehicle 1
1015.0 3459.0 1008.0 3454.0 1017.0 3439.0 1023.0 3444.0 small-vehicle 1
482.0 2501.0 480.0 2492.0 498.0 2491.0 500.0 2498.0 small-vehicle 1
566.0 2806.0 568.0 2815.0 550.0 2818.0 548.0 2810.0 small-vehicle 1
1485.0 3219.0 1477.0 3215.0 1488.0 3199.0 1495.0 3204.0 small-vehicle 0
1420.0 2435.0 1430.0 2436.0 1428.0 2454.0 1418.0 2453.0 small-vehicle 0
610.0 995.0 610.0 1005.0 571.0 1007.0 571.0 996.0 ship 0
602.0 1031.0 603.0 1039.0 577.0 1039.0 577.0 1031.0 ship 0
611.0 1044.0 611.0 1054.0 578.0 1051.0 579.0 1042.0 ship 0
800.0 1870.0 809.0 1875.0 793.0 1897.0 784.0 1892.0 swimming-pool 0
1928.0 2055.0 1935.0 2057.0 1924.0 2076.0 1917.0 2074.0 swimming-pool 0
1820.0 2215.0 1830.0 2221.0 1818.0 2235.0 1810.0 2230.0 swimming-pool 0
1401.0 2430.0 1411.0 2431.0 1411.0 2450.0 1402.0 2449.0 small-vehicle 0
596.0 967.0 596.0 979.0 561.0 977.0 562.0 965.0 ship 0
1022.0 2484.0 1020.0 2476.0 1038.0 2470.0 1039.0 2479.0 small-vehicle 0
1022.0 2461.0 1022.0 2453.0 1038.0 2451.0 1039.0 2459.0 small-vehicle 0
2249.0 2397.0 2244.0 2393.0 2254.0 2378.0 2262.0 2381.0 small-vehicle 0
2202.0 2335.0 2206.0 2331.0 2224.0 2342.0 2222.0 2347.0 small-vehicle 0
1523.0 3157.0 1531.0 3164.0 1521.0 3175.0 1514.0 3172.0 small-vehicle 1
1289.0 3197.0 1298.0 3193.0 1303.0 3211.0 1294.0 3214.0 small-vehicle 0
608.0 980.0 609.0 991.0 573.0 992.0 572.0 982.0 ship 0
595.0 950.0 595.0 963.0 561.0 963.0 560.0 952.0 ship 0
810.0 2809.0 807.0 2802.0 832.0 2798.0 832.0 2806.0 small-vehicle 1
416.0 2931.0 417.0 2941.0 390.0 2948.0 389.0 2939.0 ship 0
640.0 2893.0 637.0 2884.0 658.0 2882.0 659.0 2889.0 small-vehicle 1
653.0 2930.0 649.0 2918.0 674.0 2914.0 677.0 2923.0 ship 0
1050.0 2666.0 1049.0 2659.0 1067.0 2656.0 1069.0 2661.0 small-vehicle 1
1064.0 2682.0 1063.0 2676.0 1080.0 2673.0 1081.0 2679.0 small-vehicle 1
863.0 2629.0 865.0 2638.0 847.0 2644.0 844.0 2636.0 small-vehicle 1
1042.0 2607.0 1041.0 2599.0 1061.0 2597.0 1061.0 2605.0 small-vehicle 1
396.0 2845.0 398.0 2853.0 376.0 2856.0 374.0 2848.0 ship 0
600.0 938.0 599.0 949.0 566.0 948.0 565.0 938.0 ship 0
357.0 2684.0 366.0 2680.0 375.0 2702.0 364.0 2705.0 ship 0
335.0 2625.0 340.0 2635.0 319.0 2642.0 316.0 2632.0 ship 0
257.0 2378.0 270.0 2375.0 276.0 2400.0 265.0 2404.0 ship 0
345.0 2208.0 339.0 2215.0 318.0 2202.0 327.0 2192.0 ship 0
476.0 2059.0 473.0 2051.0 490.0 2045.0 494.0 2049.0 ship 0
956.0 46.0 949.0 38.0 974.0 25.0 979.0 33.0 ship 0
1287.0 3217.0 1280.0 3220.0 1273.0 3201.0 1281.0 3198.0 small-vehicle 0
1475.0 3211.0 1467.0 3204.0 1479.0 3189.0 1486.0 3194.0 small-vehicle 0
1751.0 2347.0 1759.0 2351.0 1747.0 2368.0 1741.0 2366.0 small-vehicle 1
1850.0 2551.0 1842.0 2546.0 1852.0 2529.0 1858.0 2533.0 small-vehicle 0
1888.0 2523.0 1889.0 2516.0 1904.0 2520.0 1902.0 2527.0 small-vehicle 0
1746.0 2483.0 1739.0 2478.0 1746.0 2463.0 1752.0 2467.0 small-vehicle 0
1754.0 2491.0 1748.0 2484.0 1756.0 2467.0 1764.0 2470.0 small-vehicle 0
1773.0 2504.0 1765.0 2499.0 1776.0 2482.0 1782.0 2486.0 small-vehicle 0
1782.0 2508.0 1774.0 2501.0 1785.0 2489.0 1791.0 2491.0 small-vehicle 0
1812.0 2504.0 1819.0 2511.0 1808.0 2526.0 1803.0 2523.0 small-vehicle 0
1858.0 2557.0 1850.0 2552.0 1860.0 2536.0 1866.0 2538.0 small-vehicle 0
1764.0 2440.0 1760.0 2433.0 1775.0 2426.0 1779.0 2432.0 small-vehicle 0
1762.0 2497.0 1754.0 2492.0 1765.0 2474.0 1774.0 2480.0 small-vehicle 1
1792.0 2490.0 1800.0 2497.0 1790.0 2511.0 1782.0 2507.0 small-vehicle 1
1803.0 2500.0 1810.0 2506.0 1798.0 2522.0 1790.0 2519.0 small-vehicle 1
1826.0 2511.0 1832.0 2515.0 1820.0 2532.0 1814.0 2527.0 small-vehicle 1
1832.0 2515.0 1839.0 2521.0 1826.0 2537.0 1821.0 2534.0 small-vehicle 1
1842.0 2521.0 1849.0 2528.0 1839.0 2543.0 1830.0 2540.0 small-vehicle 1
1568.0 2451.0 1569.0 2444.0 1590.0 2454.0 1588.0 2461.0 small-vehicle 0
1875.0 2388.0 1881.0 2379.0 1896.0 2392.0 1891.0 2399.0 small-vehicle 0
1878.0 2546.0 1886.0 2552.0 1874.0 2567.0 1868.0 2562.0 small-vehicle 1
2298.0 2350.0 2307.0 2357.0 2298.0 2369.0 2290.0 2363.0 small-vehicle 0
2195.0 2284.0 2201.0 2289.0 2191.0 2302.0 2186.0 2298.0 small-vehicle 1
1785.0 2366.0 1789.0 2360.0 1803.0 2371.0 1798.0 2376.0 small-vehicle 0
2211.0 2316.0 2203.0 2311.0 2214.0 2295.0 2221.0 2301.0 small-vehicle 0
2223.0 2304.0 2230.0 2307.0 2221.0 2322.0 2214.0 2319.0 small-vehicle 0
2241.0 2314.0 2250.0 2319.0 2241.0 2334.0 2234.0 2333.0 small-vehicle 0
2251.0 2321.0 2259.0 2325.0 2248.0 2339.0 2242.0 2336.0 small-vehicle 0
2272.0 2411.0 2263.0 2407.0 2274.0 2392.0 2282.0 2396.0 small-vehicle 0
1817.0 2315.0 1821.0 2309.0 1834.0 2321.0 1831.0 2327.0 small-vehicle 0
1907.0 2262.0 1914.0 2267.0 1904.0 2282.0 1897.0 2278.0 small-vehicle 0
1933.0 2306.0 1936.0 2299.0 1955.0 2311.0 1950.0 2314.0 small-vehicle 0
1928.0 2313.0 1933.0 2306.0 1946.0 2318.0 1942.0 2325.0 small-vehicle 0
1921.0 2324.0 1927.0 2316.0 1943.0 2327.0 1939.0 2335.0 small-vehicle 0
1805.0 2340.0 1809.0 2332.0 1823.0 2341.0 1819.0 2348.0 small-vehicle 0
1797.0 2347.0 1802.0 2341.0 1815.0 2351.0 1812.0 2356.0 small-vehicle 0
1869.0 2540.0 1877.0 2546.0 1864.0 2562.0 1858.0 2556.0 small-vehicle 1
1867.0 2596.0 1874.0 2598.0 1866.0 2613.0 1858.0 2610.0 small-vehicle 1
1318.0 3134.0 1325.0 3128.0 1337.0 3145.0 1332.0 3149.0 small-vehicle 0
1383.0 2937.0 1391.0 2939.0 1383.0 2954.0 1376.0 2952.0 small-vehicle 1
1826.0 2790.0 1833.0 2795.0 1821.0 2809.0 1813.0 2805.0 small-vehicle 1
1835.0 2793.0 1842.0 2798.0 1828.0 2814.0 1820.0 2809.0 small-vehicle 1
1842.0 2798.0 1849.0 2803.0 1836.0 2820.0 1830.0 2816.0 small-vehicle 1
1866.0 2814.0 1872.0 2818.0 1861.0 2834.0 1853.0 2830.0 small-vehicle 1
1434.0 2816.0 1442.0 2821.0 1432.0 2837.0 1425.0 2835.0 small-vehicle 1
1409.0 2895.0 1416.0 2900.0 1406.0 2915.0 1402.0 2913.0 small-vehicle 1
1490.0 2946.0 1490.0 2954.0 1476.0 2957.0 1474.0 2949.0 small-vehicle 1
1807.0 2776.0 1814.0 2780.0 1804.0 2797.0 1797.0 2794.0 small-vehicle 1
1416.0 3079.0 1421.0 3084.0 1415.0 3099.0 1407.0 3097.0 small-vehicle 1
1426.0 3084.0 1433.0 3089.0 1425.0 3103.0 1420.0 3101.0 small-vehicle 1
1310.0 3142.0 1315.0 3138.0 1327.0 3150.0 1322.0 3153.0 small-vehicle 1
1284.0 3156.0 1290.0 3163.0 1275.0 3171.0 1271.0 3165.0 small-vehicle 1
1479.0 3127.0 1485.0 3128.0 1480.0 3145.0 1474.0 3144.0 small-vehicle 1
1439.0 3095.0 1444.0 3099.0 1436.0 3114.0 1430.0 3113.0 small-vehicle 1
1816.0 2781.0 1823.0 2786.0 1811.0 2804.0 1805.0 2800.0 small-vehicle 1
1798.0 2770.0 1806.0 2773.0 1796.0 2792.0 1788.0 2788.0 small-vehicle 1
2208.0 2535.0 2243.0 2561.0 2191.0 2627.0 2156.0 2601.0 swimming-pool 0
1921.0 2710.0 1914.0 2707.0 1921.0 2693.0 1928.0 2696.0 small-vehicle 0
2040.0 2856.0 2070.0 2873.0 2033.0 2929.0 2006.0 2908.0 swimming-pool 0
1858.0 2589.0 1865.0 2595.0 1856.0 2606.0 1851.0 2604.0 small-vehicle 1
1916.0 2629.0 1923.0 2633.0 1912.0 2648.0 1908.0 2646.0 small-vehicle 0
1940.0 2644.0 1948.0 2649.0 1938.0 2663.0 1932.0 2659.0 small-vehicle 0
1943.0 2718.0 1939.0 2715.0 1950.0 2698.0 1956.0 2700.0 small-vehicle 0
1939.0 2692.0 1946.0 2697.0 1935.0 2712.0 1929.0 2707.0 small-vehicle 0
1912.0 2704.0 1908.0 2701.0 1915.0 2688.0 1921.0 2691.0 small-vehicle 1
1788.0 2603.0 1796.0 2608.0 1788.0 2622.0 1781.0 2619.0 small-vehicle 1
1801.0 2714.0 1808.0 2718.0 1800.0 2733.0 1795.0 2730.0 small-vehicle 0
1835.0 2737.0 1842.0 2740.0 1829.0 2757.0 1824.0 2750.0 small-vehicle 0
1842.0 2742.0 1850.0 2747.0 1838.0 2762.0 1831.0 2758.0 small-vehicle 0
1850.0 2748.0 1858.0 2753.0 1849.0 2768.0 1844.0 2764.0 small-vehicle 0
1747.0 2758.0 1742.0 2754.0 1752.0 2738.0 1757.0 2742.0 small-vehicle 0
1846.0 2826.0 1838.0 2821.0 1851.0 2808.0 1858.0 2812.0 small-vehicle 0
2359.0 247.0 2377.0 194.0 2408.0 204.0 2408.0 265.0 harbor 1
