imagesource:GoogleEarth
gsd:0.137292646449
463.0 636.0 548.0 640.0 538.0 815.0 455.0 812.0 tennis-court 0
362.0 631.0 445.0 635.0 436.0 811.0 352.0 806.0 tennis-court 0
585.0 377.0 668.0 380.0 658.0 552.0 577.0 548.0 tennis-court 0
477.0 370.0 560.0 374.0 552.0 549.0 468.0 545.0 tennis-court 0
372.0 365.0 454.0 370.0 445.0 545.0 363.0 539.0 tennis-court 0
265.0 360.0 346.0 364.0 337.0 539.0 256.0 535.0 tennis-court 0
369.0 99.0 451.0 103.0 443.0 276.0 360.0 272.0 tennis-court 0
260.0 93.0 343.0 98.0 334.0 272.0 252.0 267.0 tennis-court 0
155.0 88.0 236.0 92.0 226.0 266.0 144.0 263.0 tennis-court 0
44.0 82.0 127.0 87.0 117.0 260.0 35.0 255.0 tennis-court 0
