imagesource:GoogleEarth
gsd:0.127119505788
203.0 394.0 177.0 388.0 216.0 288.0 237.0 298.0 large-vehicle 0
781.0 533.0 766.0 521.0 788.0 491.0 800.0 500.0 small-vehicle 0
600.0 946.0 615.0 929.0 642.0 954.0 630.0 967.0 small-vehicle 0
616.0 929.0 626.0 915.0 657.0 939.0 644.0 954.0 small-vehicle 0
724.0 968.0 735.0 951.0 773.0 977.0 762.0 994.0 small-vehicle 0
743.0 948.0 756.0 930.0 791.0 959.0 780.0 976.0 small-vehicle 0
697.0 1022.0 709.0 1006.0 744.0 1030.0 731.0 1048.0 small-vehicle 0
695.0 828.0 707.0 809.0 736.0 831.0 725.0 848.0 small-vehicle 0
705.0 808.0 718.0 792.0 748.0 814.0 736.0 833.0 small-vehicle 0
734.0 773.0 747.0 756.0 781.0 780.0 769.0 796.0 small-vehicle 0
800.0 848.0 814.0 825.0 863.0 859.0 846.0 881.0 small-vehicle 0
754.0 926.0 770.0 907.0 811.0 939.0 798.0 956.0 small-vehicle 0
787.0 650.0 802.0 630.0 847.0 666.0 833.0 682.0 small-vehicle 0
633.0 878.0 648.0 861.0 687.0 900.0 671.0 915.0 small-vehicle 0
907.0 700.0 922.0 680.0 959.0 710.0 947.0 729.0 small-vehicle 0
954.0 627.0 965.0 609.0 1010.0 641.0 1000.0 658.0 small-vehicle 0
846.0 584.0 856.0 569.0 891.0 593.0 881.0 610.0 small-vehicle 0
534.0 899.0 543.0 884.0 580.0 906.0 571.0 923.0 small-vehicle 0
648.0 857.0 656.0 842.0 689.0 864.0 683.0 879.0 small-vehicle 0
370.0 615.0 358.0 633.0 314.0 608.0 323.0 588.0 small-vehicle 0
1188.0 425.0 1175.0 412.0 1226.0 343.0 1245.0 356.0 large-vehicle 0
675.0 29.0 695.0 39.0 651.0 106.0 634.0 93.0 large-vehicle 0
699.0 34.0 718.0 41.0 694.0 99.0 674.0 90.0 large-vehicle 0
846.0 255.0 828.0 242.0 866.0 191.0 884.0 201.0 large-vehicle 0
872.0 273.0 854.0 259.0 895.0 208.0 911.0 222.0 large-vehicle 0
1006.0 301.0 988.0 292.0 1016.0 236.0 1035.0 246.0 large-vehicle 0
1172.0 406.0 1154.0 395.0 1210.0 327.0 1224.0 339.0 large-vehicle 0
652.0 420.0 634.0 403.0 687.0 332.0 705.0 344.0 large-vehicle 0
338.0 453.0 356.0 463.0 328.0 505.0 309.0 496.0 small-vehicle 0
740.0 446.0 722.0 435.0 772.0 352.0 792.0 365.0 large-vehicle 0
379.0 591.0 366.0 608.0 293.0 567.0 305.0 547.0 large-vehicle 0
953.0 482.0 942.0 499.0 892.0 466.0 909.0 446.0 large-vehicle 0
913.0 580.0 903.0 597.0 858.0 567.0 871.0 549.0 large-vehicle 0
572.0 158.0 586.0 169.0 568.0 203.0 551.0 194.0 small-vehicle 0
358.0 82.0 372.0 88.0 356.0 123.0 340.0 116.0 small-vehicle 0
875.0 545.0 887.0 530.0 926.0 555.0 916.0 574.0 small-vehicle 0
803.0 539.0 788.0 525.0 810.0 493.0 825.0 503.0 small-vehicle 0
490.0 87.0 506.0 96.0 489.0 128.0 475.0 124.0 small-vehicle 0
808.0 481.0 791.0 470.0 819.0 429.0 834.0 440.0 small-vehicle 0
971.0 607.0 981.0 591.0 1023.0 618.0 1013.0 635.0 large-vehicle 0
788.0 466.0 770.0 455.0 802.0 407.0 820.0 419.0 large-vehicle 0
1058.0 421.0 1038.0 405.0 1073.0 354.0 1092.0 371.0 large-vehicle 0
999.0 388.0 977.0 375.0 1018.0 319.0 1040.0 334.0 large-vehicle 0
915.0 315.0 897.0 301.0 930.0 258.0 945.0 270.0 large-vehicle 0
899.0 286.0 882.0 271.0 915.0 230.0 932.0 244.0 large-vehicle 0
1234.0 407.0 1217.0 394.0 1246.0 355.0 1262.0 367.0 large-vehicle 0
1156.0 520.0 1137.0 509.0 1166.0 464.0 1183.0 478.0 large-vehicle 0
1141.0 494.0 1123.0 481.0 1150.0 439.0 1168.0 451.0 large-vehicle 0
1119.0 481.0 1103.0 471.0 1129.0 429.0 1145.0 439.0 large-vehicle 0
1003.0 573.0 1014.0 555.0 1053.0 579.0 1041.0 596.0 large-vehicle 0
781.0 704.0 791.0 685.0 825.0 710.0 817.0 727.0 small-vehicle 0
839.0 800.0 855.0 784.0 883.0 809.0 869.0 824.0 small-vehicle 0
781.0 885.0 793.0 867.0 832.0 898.0 821.0 914.0 small-vehicle 0
981.0 585.0 993.0 566.0 1045.0 600.0 1032.0 621.0 large-vehicle 0
922.0 674.0 936.0 654.0 985.0 690.0 971.0 710.0 large-vehicle 0
540.0 859.0 552.0 835.0 602.0 860.0 590.0 884.0 large-vehicle 0
498.0 945.0 508.0 924.0 570.0 960.0 560.0 982.0 large-vehicle 0
1036.0 284.0 1047.0 307.0 1010.0 323.0 1001.0 303.0 small-vehicle 0
761.0 451.0 746.0 440.0 768.0 408.0 780.0 416.0 small-vehicle 0
700.0 468.0 685.0 456.0 706.0 427.0 721.0 437.0 small-vehicle 0
713.0 480.0 700.0 470.0 722.0 438.0 738.0 448.0 small-vehicle 0
725.0 499.0 710.0 487.0 740.0 452.0 754.0 465.0 small-vehicle 0
731.0 410.0 716.0 400.0 738.0 371.0 753.0 381.0 small-vehicle 0
841.0 510.0 825.0 498.0 854.0 459.0 869.0 470.0 small-vehicle 0
1098.0 453.0 1085.0 439.0 1125.0 394.0 1139.0 406.0 small-vehicle 0
511.0 918.0 520.0 898.0 573.0 925.0 565.0 948.0 large-vehicle 0
724.0 48.0 744.0 59.0 716.0 109.0 695.0 95.0 small-vehicle 0
451.0 761.0 431.0 751.0 463.0 709.0 480.0 720.0 small-vehicle 0
465.0 116.0 436.0 105.0 474.0 25.0 500.0 36.0 large-vehicle 0
346.0 520.0 356.0 502.0 409.0 532.0 398.0 550.0 large-vehicle 0
365.0 503.0 376.0 483.0 423.0 513.0 410.0 531.0 large-vehicle 0
400.0 560.0 390.0 578.0 351.0 554.0 362.0 536.0 large-vehicle 0
380.0 147.0 359.0 133.0 409.0 41.0 432.0 51.0 large-vehicle 0
