imagesource:GoogleEarth
gsd:0.137346255518
101.0 660.0 116.0 653.0 136.0 682.0 123.0 691.0 small-vehicle 0
532.0 832.0 607.0 864.0 539.0 1026.0 462.0 994.0 tennis-court 0
562.0 514.0 638.0 547.0 568.0 708.0 492.0 677.0 tennis-court 0
684.0 568.0 760.0 602.0 691.0 761.0 615.0 728.0 tennis-court 0
816.0 951.0 893.0 983.0 824.0 1146.0 749.0 1113.0 tennis-court 0
694.0 899.0 769.0 932.0 701.0 1092.0 626.0 1061.0 tennis-court 0
967.0 691.0 1043.0 725.0 974.0 884.0 896.0 852.0 tennis-court 0
851.0 639.0 927.0 674.0 857.0 834.0 781.0 801.0 tennis-court 0
650.0 1208.0 724.0 1240.0 656.0 1401.0 581.0 1369.0 tennis-court 0
528.0 1156.0 603.0 1189.0 534.0 1349.0 459.0 1317.0 tennis-court 0
363.0 1088.0 438.0 1121.0 370.0 1279.0 294.0 1248.0 tennis-court 0
240.0 1035.0 316.0 1068.0 246.0 1229.0 172.0 1196.0 tennis-court 0
409.0 781.0 484.0 813.0 416.0 973.0 339.0 941.0 tennis-court 0
1017.0 484.0 1074.0 396.0 1228.0 495.0 1173.0 584.0 swimming-pool 0
1136.0 64.0 1129.0 76.0 1106.0 56.0 1116.0 44.0 small-vehicle 0
238.0 21.0 253.0 9.0 281.0 47.0 265.0 57.0 small-vehicle 0
255.0 9.0 269.0 1.0 290.0 28.0 279.0 37.0 small-vehicle 0
271.0 64.0 286.0 53.0 308.0 81.0 296.0 93.0 small-vehicle 0
89.0 294.0 96.0 283.0 126.0 298.0 120.0 312.0 small-vehicle 0
71.0 309.0 78.0 294.0 114.0 315.0 103.0 330.0 small-vehicle 0
277.0 529.0 264.0 542.0 236.0 510.0 250.0 499.0 small-vehicle 0
159.0 648.0 152.0 663.0 121.0 649.0 128.0 635.0 small-vehicle 0
144.0 761.0 137.0 776.0 100.0 762.0 108.0 747.0 small-vehicle 0
1247.0 1400.0 1261.0 1395.0 1273.0 1430.0 1261.0 1435.0 small-vehicle 0
1260.0 1388.0 1247.0 1394.0 1234.0 1358.0 1249.0 1354.0 small-vehicle 0
1234.0 184.0 1221.0 170.0 1249.0 142.0 1259.0 154.0 small-vehicle 0
804.0 293.0 880.0 327.0 810.0 486.0 734.0 454.0 tennis-court 0
