imagesource:GoogleEarth
gsd:0.132829248862
3959.0 651.0 3996.0 674.0 3950.0 760.0 3909.0 739.0 swimming-pool 0
3246.0 1327.0 3284.0 1279.0 3444.0 1407.0 3407.0 1450.0 harbor 0
1962.0 3048.0 1939.0 3012.0 2171.0 2861.0 2195.0 2903.0 harbor 0
2040.0 3093.0 2030.0 3056.0 2270.0 2989.0 2283.0 3027.0 harbor 0
2070.0 3171.0 2087.0 3114.0 2346.0 3175.0 2332.0 3229.0 harbor 0
1947.0 3234.0 1989.0 3194.0 2098.0 3323.0 2060.0 3359.0 harbor 0
1835.0 3309.0 1861.0 3297.0 1917.0 3400.0 1890.0 3416.0 harbor 0
1938.0 3415.0 1951.0 3402.0 2025.0 3477.0 2013.0 3488.0 harbor 0
1674.0 3299.0 1742.0 3284.0 1796.0 3476.0 1725.0 3496.0 harbor 0
1454.0 3240.0 1522.0 3259.0 1485.0 3441.0 1408.0 3422.0 harbor 0
1169.0 3212.0 1210.0 3202.0 1266.0 3403.0 1227.0 3414.0 harbor 0
808.0 3022.0 826.0 3012.0 863.0 3094.0 845.0 3102.0 harbor 0
3662.0 238.0 3670.0 160.0 3908.0 177.0 3905.0 258.0 harbor 0
3647.0 403.0 3669.0 324.0 3890.0 373.0 3867.0 456.0 harbor 0
3598.0 634.0 3632.0 575.0 3830.0 663.0 3796.0 731.0 harbor 0
3533.0 817.0 3562.0 749.0 3752.0 819.0 3730.0 881.0 harbor 0
3442.0 1022.0 3466.0 990.0 3622.0 1087.0 3602.0 1121.0 harbor 0
1829.0 3043.0 1799.0 3015.0 1937.0 2834.0 1973.0 2861.0 harbor 0
1726.0 2982.0 1665.0 2969.0 1698.0 2790.0 1765.0 2804.0 harbor 0
1310.0 2879.0 1259.0 2864.0 1310.0 2708.0 1359.0 2723.0 harbor 0
1050.0 1121.0 1130.0 1083.0 1203.0 1230.0 1119.0 1267.0 harbor 0
1829.0 295.0 1876.0 221.0 2104.0 356.0 2061.0 432.0 harbor 0
1693.0 453.0 1718.0 421.0 1942.0 566.0 1917.0 602.0 harbor 0
1568.0 623.0 1629.0 554.0 1822.0 725.0 1764.0 786.0 harbor 0
1458.0 785.0 1524.0 712.0 1693.0 863.0 1632.0 935.0 harbor 0
1323.0 904.0 1373.0 862.0 1522.0 1018.0 1463.0 1068.0 harbor 0
1219.0 1017.0 1261.0 981.0 1357.0 1092.0 1316.0 1131.0 harbor 0
841.0 1311.0 885.0 1272.0 941.0 1338.0 892.0 1376.0 harbor 0
1050.0 2839.0 1019.0 2825.0 1088.0 2630.0 1120.0 2645.0 harbor 0
740.0 1402.0 753.0 1422.0 680.0 1483.0 662.0 1466.0 harbor 0
566.0 1544.0 578.0 1563.0 491.0 1635.0 475.0 1616.0 harbor 0
144.0 2212.0 167.0 2154.0 210.0 2168.0 189.0 2226.0 harbor 0
175.0 2373.0 196.0 2359.0 260.0 2456.0 242.0 2470.0 harbor 0
492.0 2718.0 410.0 2647.0 449.0 2598.0 535.0 2662.0 harbor 0
877.0 2825.0 787.0 2799.0 841.0 2602.0 932.0 2633.0 harbor 0
3336.0 1191.0 3365.0 1155.0 3512.0 1264.0 3487.0 1299.0 harbor 0
3106.0 1496.0 3140.0 1464.0 3288.0 1600.0 3259.0 1632.0 harbor 0
1286.0 2232.0 1294.0 2216.0 1334.0 2239.0 1327.0 2253.0 small-vehicle 1
2852.0 1755.0 2867.0 1744.0 2988.0 1913.0 2974.0 1922.0 harbor 0
2257.0 1618.0 2257.0 1600.0 2316.0 1599.0 2314.0 1618.0 ship 0
2003.0 1881.0 2024.0 1866.0 2049.0 1911.0 2027.0 1925.0 swimming-pool 0
2163.0 2004.0 2182.0 2013.0 2166.0 2045.0 2148.0 2036.0 swimming-pool 0
734.0 2083.0 745.0 2095.0 718.0 2121.0 707.0 2110.0 small-vehicle 0
1881.0 2935.0 1900.0 2949.0 1863.0 2994.0 1845.0 2977.0 ship 0
3146.0 3382.0 3131.0 3374.0 3147.0 3343.0 3161.0 3349.0 small-vehicle 0
3185.0 2126.0 3188.0 2114.0 3220.0 2122.0 3217.0 2135.0 small-vehicle 0
3608.0 552.0 3638.0 566.0 3597.0 649.0 3571.0 635.0 ship 0
3651.0 611.0 3671.0 618.0 3652.0 667.0 3632.0 660.0 ship 0
3709.0 213.0 3688.0 212.0 3691.0 159.0 3714.0 162.0 ship 0
4042.0 281.0 4098.0 297.0 4079.0 362.0 4021.0 345.0 swimming-pool 0
3915.0 2312.0 3930.0 2321.0 3907.0 2352.0 3893.0 2345.0 small-vehicle 0
3735.0 2856.0 3745.0 2847.0 3765.0 2868.0 3755.0 2878.0 small-vehicle 0
1631.0 623.0 1607.0 604.0 1658.0 551.0 1680.0 567.0 ship 0
1605.0 615.0 1624.0 625.0 1596.0 659.0 1580.0 649.0 ship 0
2473.0 457.0 2493.0 439.0 2540.0 495.0 2518.0 510.0 ship 0
1975.0 190.0 1956.0 186.0 1973.0 146.0 1990.0 151.0 ship 0
1553.0 1295.0 1538.0 1308.0 1506.0 1267.0 1521.0 1254.0 ship 0
2435.0 1398.0 2390.0 1468.0 2249.0 1381.0 2290.0 1314.0 harbor 0
2722.0 1780.0 2763.0 1775.0 2804.0 2013.0 2764.0 2018.0 harbor 0
2623.0 1811.0 2669.0 1810.0 2664.0 2078.0 2616.0 2080.0 harbor 0
2509.0 1821.0 2542.0 1840.0 2443.0 2032.0 2404.0 2014.0 harbor 0
2412.0 1727.0 2447.0 1761.0 2275.0 1952.0 2241.0 1919.0 harbor 0
2316.0 1692.0 2335.0 1725.0 2112.0 1849.0 2098.0 1815.0 harbor 0
2313.0 1562.0 2314.0 1595.0 2139.0 1596.0 2139.0 1566.0 harbor 0
722.0 1449.0 735.0 1467.0 689.0 1500.0 673.0 1485.0 ship 0
1743.0 2540.0 1727.0 2526.0 1749.0 2502.0 1762.0 2511.0 small-vehicle 0
239.0 2383.0 215.0 2395.0 179.0 2348.0 206.0 2330.0 ship 0
235.0 2421.0 253.0 2410.0 276.0 2453.0 261.0 2462.0 ship 0
988.0 2424.0 1027.0 2438.0 988.0 2520.0 941.0 2501.0 ship 0
1670.0 2496.0 1657.0 2488.0 1671.0 2459.0 1688.0 2465.0 small-vehicle 0
1691.0 2461.0 1674.0 2454.0 1688.0 2424.0 1705.0 2429.0 small-vehicle 0
1745.0 2501.0 1732.0 2491.0 1751.0 2462.0 1764.0 2471.0 small-vehicle 0
1925.0 151.0 1950.0 104.0 2168.0 220.0 2139.0 276.0 harbor 0
