imagesource:GoogleEarth
gsd:0.126979180014
997.0 128.0 916.0 130.0 918.0 66.0 998.0 68.0 plane 0
1833.0 130.0 1768.0 129.0 1765.0 73.0 1832.0 73.0 plane 0
1468.0 351.0 1389.0 347.0 1398.0 283.0 1474.0 287.0 plane 0
1334.0 342.0 1250.0 343.0 1247.0 277.0 1337.0 279.0 plane 0
1209.0 350.0 1121.0 349.0 1124.0 286.0 1211.0 291.0 plane 0
918.0 264.0 1003.0 268.0 1005.0 334.0 916.0 331.0 plane 0
787.0 263.0 875.0 268.0 875.0 329.0 785.0 328.0 plane 0
495.0 121.0 420.0 119.0 422.0 69.0 495.0 70.0 plane 0
284.0 132.0 195.0 128.0 197.0 66.0 285.0 70.0 plane 0
