imagesource:GoogleEarth
gsd:0.134808210151
1116.0 556.0 1120.0 570.0 1082.0 584.0 1078.0 568.0 small-vehicle 0
1094.0 453.0 1089.0 434.0 1127.0 424.0 1133.0 440.0 small-vehicle 0
611.0 236.0 689.0 211.0 748.0 381.0 666.0 407.0 tennis-court 0
739.0 196.0 818.0 169.0 876.0 339.0 796.0 364.0 tennis-court 0
856.0 103.0 936.0 79.0 986.0 249.0 906.0 274.0 tennis-court 0
542.0 609.0 622.0 582.0 674.0 755.0 593.0 777.0 tennis-court 0
411.0 646.0 492.0 623.0 542.0 794.0 463.0 817.0 tennis-court 0
280.0 684.0 360.0 659.0 413.0 832.0 334.0 856.0 tennis-court 0
203.0 499.0 205.0 515.0 170.0 518.0 168.0 503.0 small-vehicle 0
959.0 883.0 974.0 893.0 952.0 923.0 937.0 914.0 small-vehicle 0
1098.0 991.0 1111.0 1000.0 1089.0 1030.0 1078.0 1023.0 small-vehicle 0
1097.0 517.0 1102.0 534.0 1069.0 544.0 1064.0 527.0 small-vehicle 0
695.0 968.0 709.0 979.0 684.0 1017.0 670.0 1008.0 small-vehicle 1
1059.0 293.0 1078.0 287.0 1088.0 330.0 1070.0 335.0 small-vehicle 0
1066.0 1017.0 1052.0 1007.0 1071.0 978.0 1085.0 987.0 small-vehicle 0
958.0 1054.0 943.0 1045.0 963.0 1013.0 978.0 1024.0 small-vehicle 0
1088.0 431.0 1082.0 413.0 1121.0 404.0 1125.0 421.0 small-vehicle 0
1078.0 409.0 1075.0 394.0 1112.0 384.0 1118.0 398.0 small-vehicle 0
1035.0 425.0 1031.0 410.0 1064.0 400.0 1069.0 415.0 small-vehicle 0
1084.0 476.0 1090.0 494.0 1048.0 506.0 1043.0 491.0 small-vehicle 0
1102.0 472.0 1097.0 456.0 1129.0 442.0 1135.0 458.0 small-vehicle 0
21.0 278.0 40.0 284.0 28.0 317.0 12.0 312.0 small-vehicle 1
255.0 385.0 229.0 291.0 342.0 266.0 362.0 353.0 swimming-pool 0
