imagesource:GoogleEarth
gsd:0.137857531783
1360.0 2111.0 1375.0 2117.0 1361.0 2150.0 1346.0 2143.0 small-vehicle 0
1150.0 1291.0 1231.0 1290.0 1236.0 1465.0 1154.0 1466.0 tennis-court 0
456.0 202.0 539.0 207.0 530.0 380.0 450.0 376.0 tennis-court 0
591.0 130.0 676.0 134.0 666.0 309.0 585.0 304.0 tennis-court 0
708.0 136.0 790.0 139.0 781.0 313.0 699.0 309.0 tennis-court 0
311.0 609.0 306.0 690.0 171.0 684.0 178.0 602.0 swimming-pool 0
948.0 1768.0 1028.0 1767.0 1032.0 1939.0 951.0 1942.0 tennis-court 0
816.0 1768.0 899.0 1767.0 900.0 1944.0 817.0 1946.0 tennis-court 0
1116.0 1592.0 1197.0 1590.0 1202.0 1764.0 1118.0 1767.0 tennis-court 0
1248.0 1590.0 1330.0 1588.0 1334.0 1761.0 1252.0 1763.0 tennis-court 0
923.0 1469.0 1005.0 1469.0 1006.0 1642.0 923.0 1643.0 tennis-court 0
791.0 1471.0 872.0 1471.0 873.0 1644.0 794.0 1644.0 tennis-court 0
1281.0 1290.0 1362.0 1288.0 1367.0 1461.0 1285.0 1463.0 tennis-court 0
1692.0 1636.0 1682.0 1621.0 1706.0 1601.0 1717.0 1615.0 small-vehicle 0
1447.0 1172.0 1529.0 1170.0 1535.0 1343.0 1454.0 1346.0 tennis-court 0
1581.0 1169.0 1661.0 1166.0 1668.0 1338.0 1587.0 1341.0 tennis-court 0
849.0 1048.0 932.0 1044.0 938.0 1219.0 855.0 1225.0 tennis-court 0
25.0 631.0 9.0 634.0 6.0 600.0 23.0 597.0 small-vehicle 0
325.0 1101.0 324.0 1085.0 360.0 1079.0 362.0 1096.0 small-vehicle 0
228.0 1122.0 232.0 1138.0 198.0 1146.0 192.0 1131.0 small-vehicle 0
233.0 1141.0 236.0 1158.0 203.0 1165.0 200.0 1149.0 small-vehicle 0
544.0 1749.0 544.0 1765.0 511.0 1766.0 513.0 1751.0 small-vehicle 0
1019.0 930.0 1019.0 914.0 1056.0 915.0 1056.0 932.0 small-vehicle 0
1271.0 848.0 1252.0 848.0 1250.0 811.0 1269.0 810.0 small-vehicle 0
343.0 197.0 424.0 201.0 417.0 375.0 336.0 371.0 tennis-court 0
