imagesource:GoogleEarth
gsd:0.137132670867
2014.0 1906.0 2003.0 1917.0 1969.0 1882.0 1979.0 1871.0 small-vehicle 0
1945.0 2115.0 1931.0 2129.0 1907.0 2102.0 1918.0 2089.0 small-vehicle 0
2200.0 1801.0 2210.0 1789.0 2239.0 1817.0 2227.0 1828.0 small-vehicle 0
2181.0 1871.0 2170.0 1884.0 2145.0 1860.0 2156.0 1848.0 small-vehicle 0
2153.0 1904.0 2143.0 1916.0 2115.0 1890.0 2126.0 1876.0 small-vehicle 0
1983.0 1869.0 1995.0 1857.0 2020.0 1884.0 2009.0 1894.0 small-vehicle 0
1916.0 1942.0 1926.0 1930.0 1953.0 1956.0 1943.0 1967.0 small-vehicle 0
1984.0 1927.0 1971.0 1939.0 1944.0 1914.0 1954.0 1901.0 small-vehicle 0
1802.0 2117.0 1788.0 2130.0 1758.0 2098.0 1771.0 2085.0 small-vehicle 0
1802.0 2054.0 1814.0 2040.0 1847.0 2074.0 1836.0 2086.0 small-vehicle 0
1888.0 1972.0 1899.0 1959.0 1929.0 1987.0 1918.0 1999.0 small-vehicle 0
1985.0 2009.0 1995.0 1997.0 2025.0 2027.0 2017.0 2039.0 small-vehicle 0
1975.0 2027.0 1984.0 2015.0 2013.0 2044.0 2005.0 2056.0 small-vehicle 0
1961.0 2041.0 1970.0 2029.0 1998.0 2054.0 1989.0 2065.0 small-vehicle 0
1950.0 2056.0 1960.0 2045.0 1984.0 2069.0 1975.0 2081.0 small-vehicle 0
1971.0 2085.0 1959.0 2098.0 1933.0 2070.0 1945.0 2058.0 small-vehicle 0
1916.0 2084.0 1927.0 2070.0 1955.0 2099.0 1945.0 2111.0 small-vehicle 0
2288.0 1775.0 2278.0 1789.0 2250.0 1762.0 2261.0 1749.0 small-vehicle 0
351.0 1766.0 292.0 1832.0 186.0 1734.0 256.0 1668.0 helicopter 0
477.0 1648.0 409.0 1703.0 319.0 1604.0 390.0 1543.0 helicopter 0
601.0 1517.0 533.0 1572.0 443.0 1475.0 517.0 1411.0 helicopter 0
755.0 1376.0 671.0 1449.0 561.0 1351.0 649.0 1265.0 helicopter 0
987.0 1135.0 922.0 1199.0 819.0 1097.0 892.0 1026.0 helicopter 0
1126.0 1002.0 1054.0 1071.0 954.0 975.0 1030.0 900.0 helicopter 0
2062.0 664.0 2004.0 724.0 1908.0 633.0 1978.0 574.0 helicopter 0
1053.0 1690.0 994.0 1753.0 886.0 1655.0 952.0 1594.0 helicopter 0
1176.0 1568.0 1109.0 1627.0 1020.0 1528.0 1092.0 1469.0 helicopter 0
1302.0 1446.0 1234.0 1500.0 1151.0 1401.0 1222.0 1339.0 helicopter 0
1422.0 1315.0 1363.0 1372.0 1276.0 1283.0 1340.0 1220.0 helicopter 0
1683.0 1056.0 1619.0 1117.0 1533.0 1025.0 1598.0 967.0 helicopter 0
1613.0 482.0 1566.0 543.0 1456.0 455.0 1516.0 392.0 helicopter 0
590.0 987.0 540.0 1050.0 429.0 956.0 488.0 895.0 helicopter 0
2251.0 1801.0 2240.0 1814.0 2211.0 1787.0 2221.0 1775.0 small-vehicle 0
2225.0 1692.0 2214.0 1706.0 2182.0 1672.0 2193.0 1659.0 small-vehicle 0
1959.0 1898.0 1967.0 1889.0 1994.0 1914.0 1985.0 1923.0 small-vehicle 0
2304.0 1764.0 2294.0 1774.0 2272.0 1751.0 2283.0 1742.0 small-vehicle 0
1930.0 1927.0 1939.0 1917.0 1965.0 1940.0 1955.0 1950.0 small-vehicle 0
1901.0 1953.0 1909.0 1944.0 1938.0 1972.0 1929.0 1981.0 small-vehicle 0
1874.0 1985.0 1883.0 1973.0 1917.0 2005.0 1907.0 2017.0 small-vehicle 0
1858.0 1999.0 1868.0 1987.0 1903.0 2020.0 1893.0 2031.0 small-vehicle 0
1777.0 2085.0 1787.0 2073.0 1818.0 2105.0 1808.0 2116.0 small-vehicle 0
1790.0 2070.0 1800.0 2060.0 1832.0 2091.0 1823.0 2103.0 small-vehicle 0
2038.0 2009.0 2026.0 2022.0 2000.0 1992.0 2010.0 1981.0 small-vehicle 0
2017.0 1981.0 2026.0 1969.0 2056.0 1997.0 2045.0 2008.0 small-vehicle 0
2067.0 1983.0 2058.0 1992.0 2030.0 1967.0 2040.0 1956.0 small-vehicle 0
2057.0 1857.0 2044.0 1869.0 2015.0 1840.0 2026.0 1828.0 small-vehicle 0
2165.0 1884.0 2155.0 1896.0 2128.0 1870.0 2138.0 1858.0 small-vehicle 0
2192.0 1854.0 2182.0 1867.0 2154.0 1840.0 2166.0 1829.0 small-vehicle 0
2205.0 1839.0 2196.0 1851.0 2171.0 1828.0 2182.0 1815.0 small-vehicle 0
2225.0 1830.0 2216.0 1841.0 2187.0 1814.0 2198.0 1804.0 small-vehicle 0
2268.0 1789.0 2256.0 1801.0 2221.0 1768.0 2233.0 1756.0 small-vehicle 0
2241.0 1678.0 2229.0 1691.0 2199.0 1658.0 2211.0 1646.0 small-vehicle 0
2098.0 1757.0 2109.0 1745.0 2139.0 1776.0 2128.0 1787.0 small-vehicle 0
2116.0 1744.0 2126.0 1732.0 2155.0 1762.0 2144.0 1774.0 small-vehicle 0
2193.0 1716.0 2184.0 1725.0 2160.0 1702.0 2168.0 1692.0 small-vehicle 0
2206.0 1701.0 2199.0 1711.0 2170.0 1687.0 2181.0 1675.0 small-vehicle 0
2262.0 1642.0 2252.0 1653.0 2224.0 1627.0 2234.0 1615.0 small-vehicle 0
2320.0 1587.0 2309.0 1599.0 2284.0 1572.0 2296.0 1563.0 small-vehicle 0
2308.0 1601.0 2297.0 1612.0 2269.0 1583.0 2278.0 1575.0 small-vehicle 0
2290.0 1615.0 2280.0 1624.0 2256.0 1599.0 2266.0 1590.0 small-vehicle 0
2239.0 1611.0 2249.0 1601.0 2275.0 1625.0 2266.0 1638.0 small-vehicle 0
2043.0 1872.0 2032.0 1887.0 2008.0 1864.0 2018.0 1849.0 small-vehicle 0
2103.0 1817.0 2090.0 1832.0 2058.0 1800.0 2071.0 1786.0 small-vehicle 0
2181.0 1728.0 2168.0 1742.0 2140.0 1715.0 2152.0 1701.0 small-vehicle 0
2128.0 1728.0 2139.0 1716.0 2161.0 1739.0 2150.0 1751.0 small-vehicle 0
2217.0 1646.0 2226.0 1636.0 2250.0 1662.0 2241.0 1671.0 small-vehicle 0
343.0 1252.0 279.0 1314.0 180.0 1216.0 250.0 1151.0 helicopter 0
