imagesource:GoogleEarth
gsd:0.261178530212
3677.0 308.0 3683.0 318.0 3665.0 327.0 3659.0 321.0 small-vehicle 0
4031.0 884.0 3984.0 926.0 3838.0 743.0 3896.0 705.0 harbor 0
2701.0 1173.0 2661.0 1169.0 2670.0 1070.0 2707.0 1072.0 harbor 0
2956.0 1184.0 2913.0 1184.0 2908.0 1067.0 2950.0 1063.0 harbor 0
3173.0 1159.0 3140.0 1168.0 3119.0 1070.0 3150.0 1061.0 harbor 0
3273.0 1129.0 3262.0 1132.0 3239.0 1029.0 3250.0 1026.0 harbor 0
3513.0 1088.0 3464.0 1116.0 3391.0 974.0 3441.0 948.0 harbor 0
3647.0 1018.0 3602.0 1057.0 3488.0 916.0 3540.0 877.0 harbor 0
3815.0 974.0 3766.0 1010.0 3644.0 849.0 3689.0 812.0 harbor 0
3910.0 934.0 3866.0 967.0 3732.0 790.0 3781.0 757.0 harbor 0
4125.0 824.0 4086.0 857.0 3957.0 696.0 3998.0 659.0 harbor 0
3555.0 211.0 3564.0 205.0 3577.0 224.0 3569.0 229.0 small-vehicle 0
4206.0 741.0 4157.0 778.0 4044.0 635.0 4092.0 591.0 harbor 0
4286.0 694.0 4246.0 720.0 4143.0 577.0 4187.0 549.0 harbor 0
4508.0 556.0 4507.0 638.0 4367.0 461.0 4417.0 426.0 harbor 1
268.0 39.0 263.0 45.0 248.0 34.0 252.0 27.0 small-vehicle 0
437.0 126.0 430.0 122.0 442.0 106.0 448.0 109.0 small-vehicle 0
575.0 128.0 580.0 137.0 553.0 152.0 550.0 144.0 ship 0
758.0 187.0 749.0 194.0 734.0 169.0 743.0 162.0 small-vehicle 0
788.0 171.0 792.0 179.0 770.0 189.0 766.0 182.0 small-vehicle 0
2635.0 1107.0 2608.0 1106.0 2608.0 1072.0 2636.0 1073.0 harbor 0
2550.0 1133.0 2458.0 1125.0 2464.0 1054.0 2556.0 1059.0 harbor 0
2366.0 1038.0 2346.0 1036.0 2351.0 987.0 2370.0 987.0 harbor 0
2242.0 1023.0 2228.0 1021.0 2233.0 992.0 2245.0 994.0 harbor 0
296.0 369.0 260.0 340.0 338.0 239.0 376.0 270.0 harbor 0
425.0 435.0 395.0 411.0 455.0 348.0 482.0 372.0 harbor 0
493.0 488.0 466.0 470.0 514.0 409.0 536.0 427.0 harbor 0
626.0 569.0 583.0 549.0 613.0 468.0 658.0 489.0 harbor 0
764.0 613.0 710.0 579.0 738.0 532.0 796.0 562.0 harbor 0
849.0 643.0 816.0 621.0 843.0 585.0 876.0 607.0 harbor 0
931.0 736.0 877.0 692.0 934.0 624.0 987.0 671.0 harbor 0
1098.0 747.0 1074.0 740.0 1089.0 699.0 1109.0 707.0 harbor 0
1187.0 811.0 1157.0 791.0 1200.0 716.0 1231.0 737.0 harbor 0
1374.0 831.0 1332.0 811.0 1351.0 771.0 1394.0 791.0 harbor 0
1501.0 839.0 1478.0 832.0 1491.0 781.0 1513.0 784.0 harbor 0
1614.0 908.0 1592.0 901.0 1609.0 849.0 1631.0 855.0 harbor 0
1738.0 936.0 1693.0 919.0 1707.0 874.0 1755.0 891.0 harbor 0
1851.0 983.0 1819.0 967.0 1838.0 929.0 1873.0 946.0 harbor 0
1973.0 995.0 1947.0 990.0 1953.0 947.0 1982.0 952.0 harbor 0
2101.0 1035.0 2053.0 1029.0 2063.0 969.0 2112.0 976.0 harbor 0
2210.0 1039.0 2170.0 1029.0 2179.0 986.0 2223.0 997.0 harbor 0
984.0 340.0 975.0 334.0 990.0 319.0 997.0 324.0 small-vehicle 0
1383.0 623.0 1375.0 618.0 1381.0 603.0 1390.0 605.0 small-vehicle 0
1357.0 716.0 1366.0 698.0 1405.0 720.0 1396.0 737.0 swimming-pool 0
3366.0 723.0 3361.0 716.0 3373.0 707.0 3379.0 713.0 small-vehicle 0
3389.0 692.0 3383.0 685.0 3402.0 672.0 3407.0 680.0 small-vehicle 0
3528.0 717.0 3522.0 724.0 3504.0 711.0 3509.0 703.0 small-vehicle 0
3547.0 696.0 3547.0 704.0 3524.0 699.0 3525.0 690.0 small-vehicle 0
3508.0 733.0 3515.0 729.0 3539.0 759.0 3530.0 766.0 ship 0
3713.0 683.0 3730.0 708.0 3697.0 736.0 3677.0 712.0 swimming-pool 0
3866.0 581.0 3852.0 560.0 3892.0 535.0 3908.0 557.0 swimming-pool 0
3947.0 506.0 3930.0 488.0 3970.0 454.0 3990.0 474.0 swimming-pool 0
4064.0 421.0 4050.0 403.0 4083.0 378.0 4099.0 395.0 swimming-pool 0
4300.0 281.0 4315.0 297.0 4281.0 325.0 4267.0 311.0 swimming-pool 0
4180.0 204.0 4172.0 209.0 4164.0 192.0 4170.0 189.0 small-vehicle 0
3889.0 140.0 3895.0 148.0 3879.0 161.0 3873.0 156.0 small-vehicle 0
1055.0 58.0 1048.0 65.0 1030.0 45.0 1035.0 38.0 small-vehicle 0
2803.0 739.0 2803.0 729.0 2824.0 731.0 2824.0 740.0 small-vehicle 0
2715.0 496.0 2723.0 498.0 2721.0 517.0 2712.0 515.0 small-vehicle 0
3691.0 550.0 3683.0 556.0 3670.0 538.0 3677.0 532.0 small-vehicle 0
3317.0 280.0 3323.0 263.0 3359.0 276.0 3354.0 294.0 swimming-pool 0
3549.0 219.0 3556.0 216.0 3569.0 234.0 3561.0 239.0 small-vehicle 0
3377.0 731.0 3372.0 724.0 3388.0 713.0 3392.0 719.0 small-vehicle 0
3355.0 755.0 3352.0 749.0 3365.0 737.0 3370.0 743.0 small-vehicle 1
1842.0 723.0 1835.0 722.0 1837.0 707.0 1844.0 708.0 small-vehicle 1
2597.0 799.0 2589.0 799.0 2588.0 779.0 2594.0 778.0 small-vehicle 1
1698.0 708.0 1689.0 705.0 1695.0 687.0 1704.0 691.0 small-vehicle 1
1952.0 779.0 1952.0 769.0 1974.0 771.0 1973.0 780.0 small-vehicle 0
1919.0 778.0 1930.0 782.0 1924.0 816.0 1910.0 811.0 ship 0
2192.0 914.0 2201.0 916.0 2199.0 935.0 2188.0 936.0 ship 0
1854.0 839.0 1874.0 842.0 1869.0 883.0 1848.0 880.0 swimming-pool 0
2086.0 1015.0 2090.0 1010.0 2106.0 1017.0 2102.0 1024.0 ship 0
2764.0 940.0 2773.0 944.0 2764.0 960.0 2756.0 957.0 small-vehicle 0
2808.0 935.0 2806.0 943.0 2786.0 941.0 2786.0 933.0 small-vehicle 0
3138.0 1155.0 3118.0 1158.0 3108.0 1111.0 3128.0 1108.0 ship 0
3039.0 974.0 3032.0 948.0 3081.0 940.0 3086.0 967.0 swimming-pool 0
3229.0 867.0 3221.0 871.0 3213.0 852.0 3219.0 848.0 small-vehicle 0
3301.0 813.0 3293.0 815.0 3282.0 794.0 3290.0 791.0 small-vehicle 1
3119.0 821.0 3116.0 814.0 3131.0 807.0 3135.0 815.0 small-vehicle 1
3118.0 813.0 3114.0 804.0 3132.0 795.0 3137.0 804.0 small-vehicle 1
2737.0 734.0 2738.0 724.0 2758.0 728.0 2756.0 736.0 small-vehicle 1
3022.0 713.0 3019.0 704.0 3042.0 698.0 3044.0 706.0 small-vehicle 1
2607.0 722.0 2607.0 714.0 2632.0 715.0 2631.0 724.0 small-vehicle 1
202.0 280.0 170.0 250.0 230.0 190.0 265.0 218.0 harbor 0
