imagesource:GoogleEarth
gsd:0.274639298607
421.0 322.0 424.0 329.0 407.0 337.0 404.0 331.0 small-vehicle 1
1380.0 1234.0 1392.0 1212.0 1425.0 1230.0 1411.0 1254.0 swimming-pool 0
2620.0 2205.0 2628.0 2186.0 2664.0 2198.0 2655.0 2218.0 swimming-pool 0
3035.0 2148.0 3034.0 2126.0 3081.0 2125.0 3081.0 2148.0 swimming-pool 0
2357.0 2055.0 2375.0 2061.0 2364.0 2096.0 2347.0 2090.0 swimming-pool 0
2636.0 2088.0 2652.0 2067.0 2679.0 2096.0 2662.0 2112.0 swimming-pool 0
2526.0 2036.0 2532.0 2017.0 2565.0 2028.0 2560.0 2048.0 swimming-pool 0
2196.0 2009.0 2214.0 2015.0 2203.0 2047.0 2186.0 2039.0 swimming-pool 0
1920.0 1961.0 1924.0 1942.0 1963.0 1951.0 1959.0 1970.0 swimming-pool 0
1795.0 1854.0 1821.0 1864.0 1815.0 1891.0 1787.0 1881.0 swimming-pool 0
1701.0 1865.0 1706.0 1848.0 1744.0 1862.0 1739.0 1879.0 swimming-pool 0
1894.0 1765.0 1914.0 1773.0 1904.0 1809.0 1883.0 1801.0 swimming-pool 0
1814.0 1754.0 1835.0 1749.0 1850.0 1791.0 1831.0 1800.0 swimming-pool 0
1463.0 1775.0 1471.0 1753.0 1508.0 1765.0 1500.0 1788.0 swimming-pool 0
1519.0 1320.0 1532.0 1281.0 1568.0 1292.0 1555.0 1331.0 swimming-pool 0
951.0 1479.0 957.0 1461.0 989.0 1471.0 985.0 1489.0 swimming-pool 0
2612.0 2486.0 2632.0 2492.0 2618.0 2530.0 2598.0 2523.0 swimming-pool 0
1125.0 1572.0 1109.0 1564.0 1120.0 1536.0 1136.0 1542.0 swimming-pool 0
1063.0 2003.0 1035.0 1995.0 1046.0 1959.0 1074.0 1967.0 swimming-pool 0
769.0 2224.0 766.0 2205.0 802.0 2195.0 806.0 2215.0 swimming-pool 0
222.0 1943.0 261.0 1953.0 250.0 1994.0 210.0 1983.0 swimming-pool 0
799.0 1448.0 808.0 1408.0 847.0 1419.0 838.0 1459.0 swimming-pool 0
296.0 1545.0 314.0 1536.0 327.0 1566.0 309.0 1575.0 swimming-pool 0
207.0 1435.0 236.0 1418.0 263.0 1479.0 234.0 1496.0 swimming-pool 0
411.0 1146.0 427.0 1137.0 442.0 1166.0 428.0 1175.0 swimming-pool 0
325.0 1018.0 336.0 999.0 369.0 1021.0 358.0 1039.0 swimming-pool 0
724.0 840.0 743.0 832.0 760.0 869.0 741.0 877.0 swimming-pool 0
302.0 734.0 321.0 725.0 338.0 764.0 318.0 772.0 swimming-pool 0
676.0 635.0 686.0 616.0 725.0 635.0 715.0 655.0 swimming-pool 0
1074.0 2346.0 1083.0 2380.0 806.0 2456.0 796.0 2422.0 harbor 0
3087.0 2292.0 3106.0 2286.0 3115.0 2323.0 3094.0 2326.0 swimming-pool 0
2992.0 2653.0 2988.0 2634.0 3028.0 2625.0 3031.0 2644.0 swimming-pool 0
149.0 1920.0 135.0 1971.0 183.0 1984.0 200.0 1930.0 swimming-pool 0
43.0 1286.0 44.0 1281.0 65.0 1291.0 62.0 1297.0 small-vehicle 1
62.0 1299.0 57.0 1309.0 30.0 1295.0 35.0 1286.0 ship 0
504.0 1332.0 511.0 1329.0 518.0 1344.0 512.0 1347.0 swimming-pool 0
524.0 1389.0 536.0 1377.0 567.0 1400.0 556.0 1413.0 swimming-pool 0
732.0 1627.0 757.0 1626.0 762.0 1673.0 735.0 1672.0 swimming-pool 0
350.0 1610.0 378.0 1600.0 392.0 1632.0 363.0 1646.0 swimming-pool 0
161.0 1469.0 180.0 1468.0 181.0 1503.0 161.0 1502.0 swimming-pool 0
627.0 1363.0 636.0 1348.0 668.0 1364.0 657.0 1382.0 swimming-pool 0
205.0 1245.0 213.0 1245.0 215.0 1270.0 206.0 1269.0 small-vehicle 0
135.0 1343.0 131.0 1348.0 113.0 1340.0 116.0 1333.0 small-vehicle 0
98.0 1343.0 108.0 1352.0 94.0 1371.0 84.0 1365.0 small-vehicle 0
721.0 1285.0 712.0 1281.0 721.0 1264.0 728.0 1268.0 small-vehicle 0
647.0 1178.0 643.0 1171.0 659.0 1163.0 664.0 1169.0 small-vehicle 0
44.0 1276.0 49.0 1269.0 68.0 1281.0 64.0 1288.0 small-vehicle 0
712.0 1200.0 705.0 1203.0 694.0 1185.0 700.0 1181.0 small-vehicle 1
2839.0 2608.0 2836.0 2583.0 2895.0 2576.0 2897.0 2602.0 swimming-pool 0
653.0 1254.0 650.0 1248.0 664.0 1242.0 667.0 1249.0 small-vehicle 1
765.0 1007.0 761.0 999.0 777.0 991.0 780.0 1000.0 small-vehicle 1
881.0 1109.0 902.0 1096.0 920.0 1127.0 900.0 1141.0 swimming-pool 0
772.0 909.0 804.0 898.0 826.0 951.0 796.0 967.0 swimming-pool 0
540.0 990.0 536.0 982.0 550.0 975.0 554.0 981.0 small-vehicle 0
560.0 991.0 555.0 982.0 574.0 973.0 579.0 983.0 small-vehicle 0
515.0 954.0 511.0 946.0 528.0 940.0 530.0 946.0 small-vehicle 0
506.0 870.0 501.0 862.0 518.0 854.0 522.0 863.0 small-vehicle 0
420.0 660.0 424.0 669.0 403.0 679.0 398.0 670.0 ship 0
794.0 569.0 806.0 564.0 819.0 596.0 808.0 602.0 ship 0
771.0 545.0 764.0 533.0 796.0 518.0 802.0 531.0 ship 0
413.0 340.0 416.0 348.0 399.0 356.0 395.0 347.0 small-vehicle 0
520.0 230.0 542.0 246.0 510.0 282.0 490.0 263.0 swimming-pool 0
1012.0 2285.0 1018.0 2310.0 972.0 2323.0 966.0 2298.0 harbor 0
1068.0 2240.0 1052.0 2247.0 1026.0 2201.0 1042.0 2192.0 harbor 0
1032.0 2253.0 1014.0 2273.0 975.0 2242.0 993.0 2221.0 harbor 0
1471.0 1183.0 1503.0 1202.0 1482.0 1237.0 1453.0 1219.0 harbor 0
2272.0 1462.0 2309.0 1469.0 2296.0 1534.0 2260.0 1527.0 harbor 0
2206.0 1436.0 2238.0 1450.0 2217.0 1517.0 2181.0 1506.0 harbor 0
2120.0 1424.0 2128.0 1430.0 2100.0 1480.0 2092.0 1476.0 harbor 0
2013.0 1304.0 2049.0 1319.0 2010.0 1439.0 1973.0 1424.0 harbor 0
1598.0 1357.0 1604.0 1339.0 1652.0 1356.0 1647.0 1374.0 swimming-pool 0
1684.0 1352.0 1691.0 1334.0 1729.0 1350.0 1722.0 1366.0 swimming-pool 0
1904.0 1477.0 1888.0 1471.0 1899.0 1440.0 1916.0 1446.0 swimming-pool 0
1973.0 1480.0 1979.0 1464.0 2011.0 1475.0 2006.0 1492.0 swimming-pool 0
1923.0 1279.0 1971.0 1296.0 1944.0 1385.0 1894.0 1368.0 harbor 0
1819.0 1260.0 1845.0 1270.0 1825.0 1325.0 1798.0 1314.0 harbor 0
1741.0 1226.0 1775.0 1240.0 1747.0 1314.0 1715.0 1300.0 harbor 0
1680.0 1229.0 1698.0 1236.0 1680.0 1292.0 1662.0 1285.0 harbor 0
1574.0 1212.0 1612.0 1228.0 1593.0 1285.0 1552.0 1268.0 harbor 0
1418.0 1136.0 1448.0 1146.0 1429.0 1205.0 1402.0 1195.0 harbor 0
1114.0 2200.0 1070.0 2227.0 1048.0 2189.0 1090.0 2166.0 harbor 0
1357.0 1107.0 1395.0 1134.0 1368.0 1174.0 1326.0 1149.0 harbor 0
1263.0 1056.0 1299.0 1070.0 1276.0 1134.0 1240.0 1122.0 harbor 0
1201.0 1037.0 1218.0 1048.0 1194.0 1097.0 1177.0 1088.0 harbor 0
1105.0 895.0 1125.0 884.0 1146.0 931.0 1127.0 938.0 harbor 0
1081.0 861.0 1088.0 867.0 1060.0 901.0 1053.0 895.0 harbor 0
1007.0 859.0 1027.0 871.0 977.0 956.0 958.0 945.0 harbor 0
985.0 802.0 1016.0 830.0 956.0 893.0 930.0 871.0 harbor 0
928.0 731.0 944.0 776.0 834.0 821.0 817.0 777.0 harbor 0
873.0 634.0 888.0 669.0 778.0 716.0 763.0 681.0 harbor 0
829.0 576.0 840.0 597.0 748.0 639.0 737.0 618.0 harbor 0
781.0 484.0 798.0 516.0 709.0 559.0 693.0 525.0 harbor 0
723.0 413.0 744.0 454.0 678.0 483.0 660.0 443.0 harbor 0
646.0 288.0 657.0 310.0 602.0 336.0 591.0 314.0 harbor 0
2356.0 1492.0 2385.0 1502.0 2369.0 1547.0 2339.0 1537.0 harbor 0
2420.0 1512.0 2458.0 1527.0 2442.0 1567.0 2403.0 1553.0 harbor 0
2510.0 1541.0 2548.0 1557.0 2530.0 1599.0 2492.0 1581.0 harbor 0
2692.0 1558.0 2715.0 1566.0 2693.0 1620.0 2671.0 1613.0 harbor 0
1145.0 2108.0 1101.0 2096.0 1123.0 2041.0 1164.0 2052.0 harbor 0
1372.0 2157.0 1332.0 2142.0 1340.0 2119.0 1381.0 2133.0 harbor 0
1451.0 2191.0 1405.0 2173.0 1415.0 2143.0 1463.0 2161.0 harbor 0
1508.0 2208.0 1480.0 2198.0 1496.0 2147.0 1523.0 2155.0 harbor 0
1586.0 2217.0 1561.0 2206.0 1566.0 2194.0 1591.0 2205.0 harbor 0
1619.0 2245.0 1589.0 2235.0 1600.0 2209.0 1628.0 2219.0 harbor 0
1680.0 2265.0 1643.0 2247.0 1658.0 2214.0 1693.0 2229.0 harbor 0
1872.0 2304.0 1856.0 2300.0 1864.0 2275.0 1880.0 2281.0 harbor 0
1931.0 2357.0 1872.0 2334.0 1891.0 2299.0 1947.0 2322.0 harbor 0
1994.0 2357.0 1975.0 2349.0 1982.0 2329.0 2001.0 2335.0 harbor 0
2077.0 2410.0 2041.0 2395.0 2054.0 2365.0 2090.0 2379.0 harbor 0
2146.0 2482.0 2100.0 2463.0 2119.0 2416.0 2166.0 2433.0 harbor 0
2244.0 2502.0 2198.0 2494.0 2205.0 2466.0 2251.0 2474.0 harbor 0
2313.0 2517.0 2270.0 2502.0 2290.0 2453.0 2332.0 2468.0 harbor 0
2353.0 2517.0 2336.0 2507.0 2347.0 2482.0 2365.0 2490.0 harbor 0
2460.0 2587.0 2406.0 2563.0 2426.0 2517.0 2478.0 2536.0 harbor 0
2520.0 2610.0 2478.0 2591.0 2489.0 2572.0 2530.0 2592.0 harbor 0
2606.0 2653.0 2570.0 2642.0 2586.0 2600.0 2622.0 2611.0 harbor 0
2679.0 2689.0 2648.0 2678.0 2670.0 2624.0 2700.0 2634.0 harbor 0
2803.0 2730.0 2749.0 2715.0 2776.0 2630.0 2827.0 2646.0 harbor 0
3161.0 2722.0 3113.0 2755.0 3045.0 2656.0 3101.0 2623.0 harbor 0
3268.0 2422.0 3268.0 2489.0 3191.0 2487.0 3190.0 2421.0 harbor 0
3008.0 1933.0 3029.0 1924.0 3046.0 1965.0 3023.0 1973.0 swimming-pool 0
3197.0 1845.0 3212.0 1883.0 3094.0 1926.0 3079.0 1895.0 harbor 0
3066.0 1732.0 3093.0 1760.0 3020.0 1823.0 2996.0 1800.0 harbor 0
2827.0 1667.0 2869.0 1689.0 2857.0 1711.0 2816.0 1689.0 harbor 0
2767.0 1581.0 2796.0 1592.0 2771.0 1664.0 2741.0 1653.0 harbor 0
97.0 1699.0 107.0 1698.0 107.0 1724.0 97.0 1723.0 small-vehicle 0
616.0 1631.0 617.0 1624.0 638.0 1628.0 637.0 1634.0 small-vehicle 0
222.0 1872.0 216.0 1867.0 223.0 1856.0 229.0 1860.0 small-vehicle 1
2067.0 2320.0 2073.0 2301.0 2109.0 2319.0 2102.0 2334.0 swimming-pool 0
2140.0 2205.0 2146.0 2207.0 2137.0 2229.0 2132.0 2226.0 small-vehicle 0
2171.0 2227.0 2179.0 2228.0 2172.0 2245.0 2166.0 2243.0 small-vehicle 0
2558.0 2414.0 2552.0 2409.0 2559.0 2394.0 2566.0 2396.0 small-vehicle 0
2966.0 2376.0 2970.0 2367.0 2994.0 2377.0 2991.0 2384.0 small-vehicle 0
2857.0 2280.0 2849.0 2282.0 2843.0 2257.0 2850.0 2256.0 small-vehicle 0
3034.0 2203.0 3039.0 2199.0 3051.0 2218.0 3044.0 2221.0 small-vehicle 0
3075.0 2206.0 3069.0 2210.0 3051.0 2194.0 3054.0 2188.0 small-vehicle 0
3062.0 2178.0 3071.0 2173.0 3080.0 2195.0 3073.0 2197.0 small-vehicle 0
2931.0 2127.0 2929.0 2119.0 2948.0 2116.0 2949.0 2124.0 small-vehicle 0
2476.0 2464.0 2496.0 2471.0 2486.0 2501.0 2470.0 2495.0 swimming-pool 0
2306.0 2411.0 2315.0 2392.0 2349.0 2404.0 2338.0 2426.0 swimming-pool 0
2211.0 2378.0 2236.0 2384.0 2227.0 2434.0 2204.0 2431.0 swimming-pool 0
2147.0 2341.0 2155.0 2322.0 2187.0 2340.0 2178.0 2358.0 swimming-pool 0
2723.0 2259.0 2730.0 2240.0 2770.0 2255.0 2762.0 2274.0 swimming-pool 0
2150.0 1795.0 2143.0 1792.0 2150.0 1776.0 2157.0 1777.0 small-vehicle 0
2752.0 2103.0 2754.0 2094.0 2776.0 2101.0 2773.0 2110.0 small-vehicle 0
2562.0 1934.0 2552.0 1929.0 2560.0 1913.0 2570.0 1916.0 small-vehicle 0
2623.0 1903.0 2626.0 1896.0 2646.0 1903.0 2642.0 1910.0 small-vehicle 0
2350.0 2143.0 2357.0 2145.0 2349.0 2166.0 2341.0 2161.0 small-vehicle 0
2469.0 1979.0 2493.0 1990.0 2480.0 2027.0 2455.0 2019.0 swimming-pool 0
2235.0 2043.0 2244.0 2021.0 2277.0 2035.0 2271.0 2057.0 swimming-pool 0
1975.0 2069.0 1961.0 2065.0 1969.0 2041.0 1981.0 2045.0 ship 0
1820.0 2008.0 1808.0 2005.0 1817.0 1979.0 1829.0 1982.0 ship 0
1972.0 2002.0 1963.0 1999.0 1971.0 1967.0 1981.0 1970.0 ship 0
2442.0 1876.0 2432.0 1872.0 2440.0 1852.0 2448.0 1854.0 small-vehicle 0
2341.0 1788.0 2344.0 1779.0 2374.0 1789.0 2370.0 1796.0 small-vehicle 0
2327.0 1806.0 2323.0 1814.0 2302.0 1806.0 2304.0 1798.0 small-vehicle 0
1833.0 2029.0 1824.0 2023.0 1836.0 2007.0 1844.0 2009.0 small-vehicle 0
2028.0 2176.0 2036.0 2179.0 2029.0 2197.0 2021.0 2195.0 small-vehicle 0
2030.0 2144.0 2040.0 2148.0 2033.0 2166.0 2026.0 2163.0 small-vehicle 0
1791.0 2085.0 1783.0 2083.0 1787.0 2063.0 1793.0 2065.0 small-vehicle 0
1799.0 2066.0 1808.0 2067.0 1800.0 2087.0 1793.0 2085.0 small-vehicle 0
1955.0 1323.0 1942.0 1318.0 1952.0 1294.0 1965.0 1299.0 ship 0
1938.0 1317.0 1925.0 1315.0 1932.0 1286.0 1943.0 1291.0 ship 0
1853.0 1260.0 1848.0 1274.0 1824.0 1262.0 1828.0 1250.0 ship 0
1081.0 886.0 1075.0 881.0 1087.0 866.0 1095.0 871.0 ship 0
1641.0 1440.0 1647.0 1435.0 1661.0 1457.0 1654.0 1460.0 small-vehicle 1
2148.0 1542.0 2156.0 1519.0 2180.0 1530.0 2171.0 1551.0 swimming-pool 0
2237.0 1589.0 2243.0 1573.0 2283.0 1588.0 2276.0 1606.0 swimming-pool 0
2634.0 1652.0 2622.0 1679.0 2648.0 1688.0 2659.0 1663.0 swimming-pool 0
2324.0 1578.0 2342.0 1585.0 2328.0 1619.0 2311.0 1611.0 swimming-pool 0
2506.0 1619.0 2525.0 1627.0 2510.0 1664.0 2489.0 1657.0 swimming-pool 0
2712.0 1687.0 2728.0 1695.0 2715.0 1725.0 2699.0 1720.0 swimming-pool 0
2541.0 1811.0 2549.0 1814.0 2540.0 1834.0 2533.0 1831.0 small-vehicle 1
2551.0 1786.0 2559.0 1788.0 2551.0 1807.0 2545.0 1805.0 small-vehicle 1
2745.0 1642.0 2731.0 1635.0 2747.0 1598.0 2760.0 1600.0 ship 0
3272.0 2421.0 3289.0 2427.0 3279.0 2478.0 3259.0 2473.0 ship 0
2606.0 2662.0 2604.0 2673.0 2573.0 2664.0 2576.0 2653.0 ship 0
2240.0 2490.0 2237.0 2503.0 2208.0 2494.0 2210.0 2483.0 ship 0
2156.0 2463.0 2167.0 2467.0 2157.0 2489.0 2146.0 2485.0 ship 0
1914.0 2335.0 1908.0 2349.0 1875.0 2334.0 1880.0 2322.0 ship 0
1939.0 2150.0 1952.0 2156.0 1939.0 2194.0 1925.0 2189.0 ship 0
1052.0 1633.0 1050.0 1641.0 1027.0 1636.0 1028.0 1629.0 small-vehicle 1
1098.0 1903.0 1089.0 1900.0 1095.0 1882.0 1104.0 1885.0 small-vehicle 1
1396.0 1976.0 1388.0 1972.0 1393.0 1956.0 1400.0 1958.0 small-vehicle 1
1357.0 1963.0 1347.0 1959.0 1352.0 1940.0 1361.0 1942.0 small-vehicle 1
1700.0 2092.0 1701.0 2086.0 1722.0 2096.0 1720.0 2102.0 small-vehicle 0
1690.0 2170.0 1680.0 2200.0 1711.0 2212.0 1723.0 2181.0 swimming-pool 0
1719.0 2107.0 1716.0 2113.0 1696.0 2107.0 1698.0 2098.0 small-vehicle 0
2158.0 1799.0 2152.0 1796.0 2158.0 1780.0 2165.0 1782.0 small-vehicle 0
2042.0 1754.0 2036.0 1751.0 2044.0 1734.0 2049.0 1736.0 small-vehicle 1
514.0 1847.0 508.0 1849.0 501.0 1831.0 509.0 1830.0 small-vehicle 0
743.0 1863.0 731.0 1845.0 758.0 1826.0 773.0 1844.0 swimming-pool 0
1194.0 1784.0 1186.0 1780.0 1192.0 1762.0 1197.0 1765.0 small-vehicle 0
1118.0 1751.0 1127.0 1752.0 1119.0 1771.0 1112.0 1768.0 small-vehicle 0
1090.0 1497.0 1093.0 1491.0 1108.0 1496.0 1106.0 1502.0 small-vehicle 0
1024.0 1534.0 1016.0 1530.0 1023.0 1510.0 1032.0 1512.0 small-vehicle 0
1196.0 1313.0 1201.0 1305.0 1219.0 1316.0 1217.0 1323.0 small-vehicle 0
1098.0 1281.0 1107.0 1283.0 1099.0 1302.0 1091.0 1299.0 small-vehicle 0
1062.0 1261.0 1070.0 1264.0 1063.0 1285.0 1055.0 1283.0 small-vehicle 0
954.0 1285.0 944.0 1280.0 956.0 1259.0 964.0 1266.0 small-vehicle 0
953.0 1235.0 962.0 1235.0 961.0 1253.0 953.0 1253.0 small-vehicle 0
979.0 1234.0 987.0 1239.0 975.0 1253.0 968.0 1249.0 small-vehicle 0
133.0 2189.0 137.0 2197.0 115.0 2207.0 112.0 2199.0 small-vehicle 0
684.0 2287.0 678.0 2271.0 709.0 2265.0 715.0 2280.0 swimming-pool 0
884.0 2207.0 877.0 2191.0 918.0 2178.0 924.0 2195.0 swimming-pool 0
642.0 1896.0 626.0 1882.0 664.0 1845.0 678.0 1863.0 swimming-pool 0
1631.0 1920.0 1636.0 1921.0 1632.0 1942.0 1627.0 1939.0 small-vehicle 1
505.0 1964.0 498.0 1946.0 550.0 1926.0 560.0 1946.0 swimming-pool 0
108.0 1900.0 126.0 1892.0 143.0 1916.0 125.0 1927.0 swimming-pool 0
296.0 1710.0 306.0 1692.0 334.0 1708.0 322.0 1726.0 swimming-pool 0
435.0 1712.0 453.0 1705.0 466.0 1737.0 446.0 1745.0 swimming-pool 0
8.0 1768.0 24.0 1761.0 42.0 1789.0 26.0 1799.0 swimming-pool 0
494.0 1814.0 501.0 1811.0 507.0 1828.0 500.0 1831.0 small-vehicle 1
734.0 2146.0 726.0 2149.0 719.0 2130.0 725.0 2127.0 small-vehicle 1
444.0 1603.0 436.0 1602.0 437.0 1582.0 443.0 1581.0 small-vehicle 1
892.0 1765.0 894.0 1756.0 912.0 1764.0 909.0 1770.0 small-vehicle 1
852.0 1881.0 858.0 1875.0 874.0 1890.0 869.0 1896.0 small-vehicle 0
892.0 1799.0 894.0 1791.0 915.0 1799.0 911.0 1805.0 small-vehicle 0
874.0 1801.0 876.0 1795.0 896.0 1803.0 892.0 1808.0 small-vehicle 0
604.0 1798.0 601.0 1804.0 585.0 1789.0 590.0 1784.0 small-vehicle 0
968.0 1615.0 970.0 1607.0 990.0 1616.0 986.0 1621.0 small-vehicle 0
1050.0 1648.0 1048.0 1656.0 1031.0 1649.0 1032.0 1643.0 small-vehicle 0
1146.0 1671.0 1156.0 1656.0 1188.0 1674.0 1178.0 1692.0 swimming-pool 0
1260.0 1686.0 1279.0 1692.0 1266.0 1725.0 1251.0 1720.0 swimming-pool 0
1663.0 1928.0 1671.0 1932.0 1667.0 1946.0 1657.0 1942.0 small-vehicle 1
1606.0 1911.0 1605.0 1918.0 1584.0 1916.0 1585.0 1909.0 small-vehicle 1
1423.0 1550.0 1411.0 1550.0 1410.0 1530.0 1421.0 1530.0 small-vehicle 1
1529.0 1558.0 1522.0 1556.0 1524.0 1541.0 1532.0 1542.0 small-vehicle 1
1732.0 1504.0 1741.0 1507.0 1736.0 1524.0 1730.0 1523.0 small-vehicle 1
1661.0 1486.0 1669.0 1488.0 1663.0 1504.0 1655.0 1502.0 small-vehicle 0
1822.0 1538.0 1826.0 1529.0 1846.0 1536.0 1843.0 1544.0 small-vehicle 0
1726.0 1632.0 1717.0 1630.0 1725.0 1606.0 1732.0 1610.0 small-vehicle 0
1951.0 1651.0 1955.0 1642.0 1973.0 1650.0 1970.0 1659.0 small-vehicle 0
1926.0 1672.0 1935.0 1676.0 1925.0 1695.0 1916.0 1690.0 small-vehicle 0
1983.0 1603.0 1987.0 1592.0 2004.0 1602.0 2000.0 1609.0 small-vehicle 0
1916.0 1694.0 1907.0 1691.0 1918.0 1668.0 1924.0 1674.0 small-vehicle 0
1521.0 1581.0 1513.0 1579.0 1521.0 1560.0 1527.0 1562.0 small-vehicle 0
1757.0 1893.0 1748.0 1889.0 1757.0 1865.0 1767.0 1870.0 ship 0
1842.0 1670.0 1852.0 1673.0 1844.0 1697.0 1836.0 1693.0 ship 0
1410.0 1557.0 1422.0 1561.0 1412.0 1589.0 1401.0 1583.0 ship 0
1322.0 1551.0 1332.0 1553.0 1327.0 1572.0 1319.0 1571.0 ship 0
1169.0 1274.0 1161.0 1272.0 1165.0 1255.0 1175.0 1258.0 small-vehicle 0
998.0 1092.0 1005.0 1080.0 1040.0 1099.0 1034.0 1110.0 swimming-pool 0
1598.0 2152.0 1605.0 2136.0 1636.0 2154.0 1630.0 2168.0 swimming-pool 0
1520.0 2108.0 1512.0 2125.0 1549.0 2136.0 1554.0 2121.0 swimming-pool 0
1440.0 2097.0 1457.0 2096.0 1456.0 2122.0 1438.0 2122.0 swimming-pool 0
1391.0 2042.0 1411.0 2049.0 1395.0 2084.0 1378.0 2076.0 swimming-pool 0
1594.0 1684.0 1612.0 1691.0 1598.0 1724.0 1581.0 1715.0 swimming-pool 0
1558.0 1791.0 1555.0 1775.0 1587.0 1770.0 1586.0 1785.0 swimming-pool 0
1380.0 1767.0 1385.0 1748.0 1418.0 1756.0 1412.0 1778.0 swimming-pool 0
1309.0 1743.0 1316.0 1728.0 1345.0 1745.0 1340.0 1761.0 swimming-pool 0
617.0 231.0 628.0 256.0 579.0 281.0 566.0 255.0 harbor 0
