imagesource:GoogleEarth
gsd:null
2539.0 1543.0 2542.0 1519.0 2646.0 1543.0 2637.0 1561.0 small-vehicle 1
771.0 1575.0 794.0 1570.0 810.0 1612.0 788.0 1617.0 small-vehicle 1
778.0 1617.0 758.0 1620.0 743.0 1584.0 760.0 1577.0 small-vehicle 1
320.0 1640.0 347.0 1631.0 368.0 1672.0 342.0 1682.0 small-vehicle 1
575.0 1596.0 599.0 1586.0 628.0 1638.0 605.0 1653.0 small-vehicle 1
5492.0 373.0 6031.0 247.0 6191.0 673.0 5658.0 806.0 plane 0
4240.0 560.0 4713.0 420.0 4853.0 779.0 4387.0 932.0 plane 0
3322.0 879.0 3548.0 493.0 4207.0 786.0 3974.0 1205.0 plane 0
1332.0 1172.0 1505.0 753.0 2150.0 1006.0 1957.0 1418.0 plane 0
400.0 1352.0 606.0 879.0 1272.0 1152.0 1072.0 1605.0 plane 0
