imagesource:GoogleEarth
gsd:null
2081.0 840.0 2102.0 838.0 2117.0 873.0 2092.0 880.0 small-vehicle 1
2045.0 848.0 2072.0 843.0 2081.0 880.0 2057.0 884.0 small-vehicle 1
1807.0 882.0 1833.0 872.0 1849.0 917.0 1823.0 924.0 small-vehicle 1
4061.0 1219.0 4050.0 953.0 4588.0 953.0 4603.0 1240.0 plane 0
3984.0 1444.0 4102.0 1142.0 4583.0 1352.0 4465.0 1618.0 plane 0
3226.0 646.0 2929.0 436.0 3185.0 185.0 3482.0 384.0 plane 0
2479.0 646.0 1752.0 784.0 1644.0 364.0 2345.0 241.0 plane 0
1101.0 866.0 451.0 989.0 333.0 553.0 999.0 436.0 plane 0
