imagesource:GoogleEarth
gsd:0.114718225159
3665.0 509.0 3682.0 518.0 3654.0 547.0 3643.0 540.0 small-vehicle 1
393.0 647.0 633.0 853.0 431.0 1097.0 192.0 891.0 plane 0
3691.0 4008.0 3826.0 4433.0 3393.0 4563.0 3279.0 4143.0 plane 0
3334.0 3567.0 3641.0 3823.0 3326.0 4193.0 3036.0 3937.0 plane 0
3002.0 3281.0 3292.0 3542.0 2994.0 3903.0 2708.0 3643.0 plane 0
2695.0 2996.0 2977.0 3244.0 2691.0 3622.0 2397.0 3370.0 plane 0
2389.0 2714.0 2666.0 2958.0 2347.0 3323.0 2069.0 3059.0 plane 0
3494.0 2756.0 3330.0 2618.0 3447.0 2492.0 3603.0 2622.0 plane 0
3712.0 1622.0 3531.0 1567.0 3569.0 1433.0 3737.0 1488.0 helicopter 0
3506.0 1483.0 3359.0 1395.0 3439.0 1240.0 3590.0 1324.0 helicopter 0
3372.0 1236.0 3149.0 1324.0 3027.0 1063.0 3275.0 975.0 plane 0
998.0 181.0 1246.0 408.0 1044.0 647.0 792.0 433.0 plane 0
914.0 1097.0 1162.0 1311.0 960.0 1559.0 721.0 1353.0 plane 0
3770.0 458.0 3782.0 470.0 3761.0 500.0 3746.0 494.0 small-vehicle 1
1187.0 1345.0 1435.0 1551.0 1246.0 1811.0 998.0 1605.0 plane 0
1456.0 1580.0 1696.0 1778.0 1507.0 2034.0 1259.0 1836.0 plane 0
1742.0 1811.0 1977.0 2021.0 1754.0 2265.0 1519.0 2046.0 plane 0
3742.0 427.0 3756.0 438.0 3724.0 474.0 3712.0 464.0 small-vehicle 0
3754.0 446.0 3772.0 458.0 3742.0 492.0 3726.0 482.0 small-vehicle 0
3548.0 401.0 3562.0 407.0 3538.0 442.0 3528.0 432.0 small-vehicle 0
3563.0 416.0 3577.0 428.0 3552.0 458.0 3541.0 446.0 small-vehicle 0
3581.0 431.0 3594.0 437.0 3565.0 473.0 3552.0 464.0 small-vehicle 0
3587.0 484.0 3572.0 470.0 3595.0 438.0 3610.0 452.0 small-vehicle 0
3603.0 496.0 3590.0 488.0 3612.0 458.0 3623.0 468.0 small-vehicle 0
3321.0 5659.0 2952.0 5306.0 3305.0 4890.0 3674.0 5256.0 plane 0
