imagesource:GoogleEarth
gsd:0.108243373406
1997.0 1045.0 2397.0 673.0 2853.0 1167.0 2415.0 1515.0 plane 0
1310.0 833.0 1687.0 668.0 1908.0 1115.0 1517.0 1275.0 plane 0
1513.0 1317.0 2039.0 1115.0 2223.0 1557.0 1715.0 1774.0 plane 0
1856.0 1802.0 2171.0 1632.0 2397.0 1995.0 2067.0 2178.0 plane 0
2114.0 2202.0 2415.0 2004.0 2646.0 2380.0 2354.0 2550.0 plane 0
4207.0 2836.0 4066.0 3161.0 3582.0 2959.0 3737.0 2625.0 plane 0
3629.0 3100.0 3525.0 3495.0 2999.0 3340.0 3102.0 2949.0 plane 0
3384.0 3895.0 3253.0 3641.0 3488.0 3542.0 3591.0 3801.0 plane 0
3135.0 3537.0 3403.0 4050.0 2905.0 4290.0 2646.0 3791.0 plane 0
2585.0 3772.0 2876.0 4247.0 2406.0 4548.0 2114.0 4054.0 plane 0
2806.0 4186.0 3173.0 4266.0 3083.0 4713.0 2731.0 4628.0 plane 0
1531.0 3010.0 1550.0 2540.0 2124.0 2601.0 2096.0 3067.0 plane 0
1202.0 3114.0 1494.0 2945.0 1724.0 3316.0 1400.0 3485.0 plane 0
530.0 3039.0 882.0 3152.0 746.0 3584.0 393.0 3457.0 plane 0
666.0 2832.0 887.0 2902.0 835.0 3081.0 614.0 3015.0 plane 0
