imagesource:GoogleEarth
gsd:0.198149129339
591.0 4608.0 591.0 4594.0 618.0 4596.0 619.0 4608.0 small-vehicle 1
4834.0 1922.0 5090.0 2026.0 5010.0 2234.0 4764.0 2134.0 plane 0
5216.0 1676.0 5088.0 1602.0 5172.0 1466.0 5294.0 1544.0 plane 0
5326.0 1876.0 5196.0 1804.0 5272.0 1668.0 5404.0 1746.0 plane 0
5422.0 1980.0 5308.0 1892.0 5402.0 1768.0 5514.0 1856.0 plane 0
5378.0 2050.0 5500.0 2118.0 5338.0 2394.0 5210.0 2318.0 plane 0
5120.0 2124.0 5246.0 2188.0 5170.0 2342.0 5046.0 2278.0 plane 0
5060.0 2032.0 5188.0 2094.0 5126.0 2232.0 4998.0 2158.0 plane 0
4534.0 1792.0 4778.0 1888.0 4706.0 2110.0 4462.0 2020.0 plane 0
4928.0 1592.0 4826.0 1480.0 4952.0 1380.0 5052.0 1484.0 plane 0
4138.0 1372.0 4058.0 1604.0 3826.0 1528.0 3908.0 1286.0 plane 0
4500.0 1186.0 4346.0 1382.0 4152.0 1246.0 4304.0 1048.0 plane 0
4270.0 1240.0 4004.0 1316.0 3920.0 1068.0 4190.0 1008.0 plane 0
2384.0 1158.0 2428.0 1042.0 2528.0 1084.0 2480.0 1202.0 plane 0
2218.0 760.0 2198.0 826.0 2090.0 784.0 2114.0 712.0 plane 0
1622.0 812.0 1490.0 776.0 1514.0 670.0 1644.0 702.0 plane 0
5102.0 1650.0 4974.0 1570.0 5054.0 1438.0 5178.0 1516.0 plane 0
4660.0 4374.0 4654.0 4122.0 4916.0 4118.0 4928.0 4366.0 plane 0
314.0 242.0 310.0 231.0 336.0 217.0 342.0 226.0 small-vehicle 1
4363.0 2616.0 4553.0 2688.0 4477.0 2904.0 4277.0 2820.0 plane 0
2390.0 1066.0 2426.0 882.0 2596.0 922.0 2550.0 1104.0 plane 0
3578.0 2374.0 3698.0 2420.0 3672.0 2502.0 3546.0 2462.0 plane 0
2786.0 2376.0 2722.0 2204.0 2878.0 2158.0 2946.0 2330.0 plane 0
2710.0 1134.0 2716.0 1264.0 2614.0 1268.0 2606.0 1142.0 plane 0
3822.0 2414.0 3954.0 2478.0 3902.0 2618.0 3764.0 2556.0 plane 0
4030.0 2474.0 4216.0 2554.0 4136.0 2778.0 3948.0 2700.0 plane 0
4633.0 2834.0 4435.0 2768.0 4503.0 2546.0 4703.0 2610.0 plane 0
3942.0 3680.0 3768.0 3546.0 3886.0 3394.0 4056.0 3508.0 plane 0
4585.0 2712.0 4773.0 2796.0 4679.0 2996.0 4485.0 2906.0 plane 0
4795.0 2792.0 4989.0 2872.0 4899.0 3084.0 4705.0 3000.0 plane 0
3013.0 4354.0 3009.0 4100.0 3267.0 4100.0 3273.0 4356.0 plane 0
3742.0 3574.0 3600.0 3412.0 3800.0 3268.0 3926.0 3424.0 plane 0
3938.0 3544.0 3792.0 3408.0 3958.0 3234.0 4106.0 3360.0 plane 0
4012.0 3250.0 4184.0 3266.0 4174.0 3480.0 3984.0 3454.0 plane 0
1552.0 940.0 1546.0 818.0 1670.0 822.0 1674.0 946.0 plane 0
952.0 716.0 818.0 698.0 832.0 590.0 960.0 606.0 plane 0
1092.0 870.0 914.0 852.0 934.0 654.0 1106.0 674.0 plane 0
1474.0 2090.0 1532.0 2124.0 1478.0 2244.0 1416.0 2208.0 plane 0
1738.0 1936.0 1870.0 1992.0 1830.0 2092.0 1696.0 2036.0 plane 0
1650.0 1882.0 1776.0 1944.0 1720.0 2100.0 1594.0 2042.0 plane 0
1564.0 1880.0 1682.0 1934.0 1644.0 2018.0 1530.0 1962.0 plane 0
1442.0 1872.0 1614.0 1962.0 1542.0 2094.0 1374.0 2006.0 plane 0
1506.0 1988.0 1638.0 2052.0 1598.0 2150.0 1458.0 2094.0 plane 0
1508.0 2132.0 1584.0 2152.0 1554.0 2266.0 1476.0 2240.0 plane 0
1402.0 2060.0 1484.0 2102.0 1418.0 2258.0 1342.0 2222.0 plane 0
1274.0 928.0 1096.0 898.0 1120.0 700.0 1296.0 736.0 plane 0
1442.0 1838.0 1534.0 1878.0 1514.0 1930.0 1420.0 1896.0 plane 0
1288.0 2006.0 1416.0 2052.0 1368.0 2224.0 1236.0 2172.0 plane 0
1030.0 1860.0 1178.0 1826.0 1204.0 1928.0 1058.0 1962.0 plane 0
828.0 1892.0 966.0 1842.0 1034.0 2010.0 898.0 2056.0 plane 0
574.0 2062.0 686.0 2012.0 730.0 2098.0 622.0 2148.0 plane 0
312.0 2094.0 492.0 2046.0 562.0 2254.0 376.0 2306.0 plane 0
1838.0 1954.0 1966.0 2014.0 1910.0 2168.0 1776.0 2110.0 plane 0
1924.0 1996.0 2042.0 2042.0 2008.0 2124.0 1892.0 2072.0 plane 0
1996.0 2044.0 2106.0 2092.0 2072.0 2174.0 1960.0 2126.0 plane 0
2254.0 2152.0 2226.0 2224.0 2166.0 2192.0 2192.0 2120.0 plane 0
2008.0 2078.0 2232.0 2178.0 2154.0 2376.0 1924.0 2266.0 plane 0
1856.0 2086.0 2014.0 2138.0 1978.0 2276.0 1820.0 2232.0 plane 0
2352.0 2444.0 2462.0 2490.0 2412.0 2624.0 2298.0 2574.0 plane 0
2290.0 2168.0 2320.0 2184.0 2288.0 2252.0 2254.0 2234.0 plane 1
2184.0 2386.0 2218.0 2406.0 2162.0 2536.0 2118.0 2518.0 plane 0
2214.0 2400.0 2258.0 2412.0 2212.0 2550.0 2166.0 2536.0 plane 0
2330.0 2122.0 2408.0 2154.0 2382.0 2244.0 2304.0 2218.0 plane 0
2406.0 2232.0 2470.0 2210.0 2498.0 2278.0 2434.0 2306.0 plane 0
2354.0 2228.0 2420.0 2242.0 2410.0 2308.0 2348.0 2300.0 plane 0
2426.0 2264.0 2548.0 2334.0 2496.0 2434.0 2378.0 2370.0 plane 0
2234.0 2186.0 2406.0 2276.0 2348.0 2412.0 2168.0 2336.0 plane 0
924.0 884.0 894.0 1048.0 724.0 1002.0 766.0 836.0 plane 0
1154.0 992.0 964.0 974.0 980.0 780.0 1158.0 804.0 plane 0
747.0 843.0 754.0 783.0 805.0 791.0 802.0 850.0 plane 1
999.0 2086.0 1052.0 2071.0 1071.0 2122.0 1020.0 2137.0 plane 1
979.0 2180.0 1030.0 2163.0 1046.0 2209.0 998.0 2226.0 plane 1
3559.0 2356.0 3579.0 2401.0 3511.0 2431.0 3492.0 2376.0 plane 1
2685.0 708.0 2649.0 684.0 2687.0 629.0 2723.0 653.0 plane 1
3180.0 886.0 3240.0 847.0 3295.0 932.0 3233.0 971.0 plane 0
3126.0 903.0 3184.0 864.0 3240.0 940.0 3179.0 984.0 plane 0
3042.0 1052.0 3080.0 944.0 3159.0 971.0 3114.0 1084.0 plane 1
2985.0 1096.0 3005.0 1043.0 3107.0 1084.0 3084.0 1139.0 plane 0
2980.0 1189.0 3007.0 1121.0 3106.0 1161.0 3076.0 1233.0 plane 0
3659.0 2390.0 3716.0 2410.0 3701.0 2448.0 3648.0 2429.0 plane 1
3378.0 2338.0 3398.0 2271.0 3497.0 2300.0 3476.0 2372.0 plane 0
3633.0 2365.0 3688.0 2377.0 3680.0 2417.0 3623.0 2404.0 plane 1
3608.0 2326.0 3658.0 2360.0 3637.0 2394.0 3585.0 2365.0 plane 1
3586.0 2292.0 3610.0 2351.0 3547.0 2375.0 3521.0 2319.0 plane 1
3481.0 2488.0 3518.0 2502.0 3492.0 2591.0 3456.0 2580.0 plane 1
3489.0 2708.0 3510.0 2679.0 3577.0 2727.0 3562.0 2755.0 plane 1
3460.0 2453.0 3487.0 2418.0 3554.0 2478.0 3525.0 2514.0 plane 1
2879.0 722.0 2856.0 785.0 2756.0 745.0 2782.0 683.0 plane 0
2877.0 771.0 2860.0 816.0 2783.0 787.0 2802.0 739.0 plane 0
2888.0 845.0 2862.0 908.0 2765.0 870.0 2791.0 803.0 plane 0
2810.0 783.0 2797.0 838.0 2715.0 812.0 2732.0 755.0 plane 0
2855.0 926.0 2828.0 984.0 2730.0 941.0 2761.0 877.0 plane 0
2798.0 975.0 2783.0 1019.0 2701.0 987.0 2720.0 941.0 plane 1
2739.0 914.0 2715.0 979.0 2636.0 951.0 2659.0 886.0 plane 0
2794.0 1047.0 2699.0 1124.0 2631.0 1048.0 2725.0 972.0 plane 0
2511.0 961.0 2516.0 906.0 2575.0 918.0 2571.0 968.0 plane 0
2525.0 917.0 2541.0 877.0 2616.0 910.0 2597.0 953.0 plane 0
2533.0 877.0 2553.0 812.0 2641.0 841.0 2617.0 904.0 plane 0
2550.0 808.0 2574.0 744.0 2673.0 781.0 2648.0 846.0 plane 0
2591.0 733.0 2612.0 685.0 2684.0 715.0 2667.0 764.0 plane 0
2583.0 771.0 2592.0 728.0 2635.0 737.0 2624.0 781.0 plane 1
278.0 163.0 271.0 150.0 294.0 135.0 306.0 144.0 small-vehicle 1
300.0 170.0 294.0 156.0 322.0 146.0 329.0 162.0 small-vehicle 1
313.0 213.0 305.0 200.0 335.0 186.0 338.0 197.0 small-vehicle 1
3515.0 2462.0 3584.0 2486.0 3563.0 2583.0 3491.0 2560.0 plane 0
3325.0 2335.0 3336.0 2295.0 3431.0 2322.0 3418.0 2363.0 plane 0
1030.0 2155.0 1078.0 2139.0 1099.0 2191.0 1049.0 2206.0 plane 1
2638.0 2071.0 2586.0 2048.0 2603.0 1995.0 2654.0 2019.0 plane 1
2735.0 2267.0 2728.0 2217.0 2790.0 2218.0 2795.0 2263.0 plane 1
2722.0 2389.0 2703.0 2326.0 2801.0 2300.0 2822.0 2363.0 plane 0
2716.0 2462.0 2748.0 2396.0 2842.0 2446.0 2807.0 2515.0 plane 0
2781.0 2180.0 2719.0 2151.0 2760.0 2057.0 2823.0 2087.0 plane 0
2718.0 2153.0 2667.0 2125.0 2708.0 2035.0 2762.0 2062.0 plane 0
2679.0 2110.0 2637.0 2093.0 2667.0 2022.0 2709.0 2043.0 plane 1
2592.0 2116.0 2539.0 2086.0 2565.0 2033.0 2619.0 2063.0 plane 0
3316.0 2396.0 3336.0 2333.0 3439.0 2361.0 3417.0 2430.0 plane 0
2562.0 2095.0 2499.0 2067.0 2544.0 1968.0 2607.0 2002.0 plane 0
2519.0 2070.0 2477.0 2052.0 2500.0 1995.0 2542.0 2016.0 plane 0
2504.0 2056.0 2443.0 2031.0 2475.0 1931.0 2539.0 1959.0 plane 0
2460.0 2010.0 2426.0 1997.0 2451.0 1933.0 2483.0 1950.0 plane 1
2436.0 2026.0 2374.0 2002.0 2410.0 1905.0 2474.0 1931.0 plane 0
2390.0 1993.0 2347.0 1974.0 2379.0 1897.0 2423.0 1916.0 plane 0
2823.0 2212.0 2772.0 2183.0 2803.0 2123.0 2855.0 2152.0 plane 0
2882.0 2188.0 2819.0 2152.0 2848.0 2089.0 2915.0 2122.0 plane 0
2768.0 2406.0 2780.0 2381.0 2852.0 2420.0 2834.0 2446.0 plane 1
2963.0 2543.0 2944.0 2595.0 2879.0 2566.0 2902.0 2511.0 plane 0
2941.0 2526.0 2954.0 2493.0 3014.0 2524.0 3001.0 2556.0 plane 1
3057.0 2514.0 3039.0 2548.0 2974.0 2511.0 2992.0 2477.0 plane 1
3046.0 2460.0 3033.0 2498.0 2955.0 2472.0 2971.0 2432.0 plane 0
3070.0 2416.0 3045.0 2464.0 2973.0 2431.0 2996.0 2383.0 plane 0
3111.0 2361.0 3090.0 2411.0 3020.0 2383.0 3041.0 2334.0 plane 0
3122.0 2294.0 3117.0 2344.0 3042.0 2332.0 3044.0 2283.0 plane 0
3112.0 2249.0 3097.0 2302.0 3032.0 2283.0 3050.0 2228.0 plane 0
3168.0 2247.0 3156.0 2284.0 3076.0 2260.0 3089.0 2220.0 plane 1
3267.0 2551.0 3277.0 2517.0 3355.0 2551.0 3343.0 2583.0 plane 1
2825.0 2367.0 2809.0 2318.0 2864.0 2299.0 2881.0 2344.0 plane 1
3394.0 2815.0 3434.0 2744.0 3525.0 2793.0 3487.0 2867.0 plane 0
3595.0 2485.0 3671.0 2511.0 3640.0 2610.0 3565.0 2580.0 plane 0
3324.0 2485.0 3344.0 2423.0 3446.0 2455.0 3423.0 2525.0 plane 0
1446.0 4318.0 1436.0 4180.0 1602.0 4180.0 1614.0 4316.0 plane 0
