imagesource:GoogleEarth
gsd:0.110355406381
1689.0 1312.0 1674.0 1326.0 1632.0 1277.0 1649.0 1260.0 large-vehicle 0
1192.0 583.0 1015.0 314.0 1336.0 117.0 1509.0 358.0 plane 0
3808.0 3846.0 3209.0 3793.0 3233.0 3179.0 3820.0 3223.0 plane 0
2956.0 3255.0 2727.0 2877.0 3088.0 2644.0 3313.0 3010.0 plane 0
1803.0 3050.0 1630.0 2773.0 1895.0 2592.0 2076.0 2853.0 plane 0
1582.0 2729.0 1413.0 2464.0 1682.0 2291.0 1851.0 2544.0 plane 0
798.0 1531.0 641.0 1286.0 911.0 1097.0 1067.0 1351.0 plane 0
489.0 1073.0 324.0 828.0 625.0 651.0 782.0 901.0 plane 0
1381.0 856.0 1264.0 704.0 1461.0 567.0 1574.0 712.0 plane 0
250.0 60.0 275.0 77.0 235.0 128.0 210.0 111.0 large-vehicle 0
1993.0 1742.0 1978.0 1756.0 1941.0 1709.0 1958.0 1695.0 large-vehicle 0
396.0 295.0 405.0 310.0 375.0 336.0 362.0 323.0 small-vehicle 0
2410.0 2432.0 2393.0 2410.0 2474.0 2366.0 2489.0 2390.0 large-vehicle 0
2138.0 2009.0 2126.0 1989.0 2182.0 1944.0 2199.0 1967.0 large-vehicle 0
2165.0 2041.0 2145.0 2019.0 2219.0 1966.0 2234.0 1992.0 large-vehicle 0
2181.0 2074.0 2161.0 2051.0 2293.0 1957.0 2311.0 1982.0 large-vehicle 0
2099.0 1826.0 2084.0 1841.0 2042.0 1795.0 2058.0 1779.0 large-vehicle 0
2139.0 1828.0 2128.0 1845.0 2095.0 1814.0 2111.0 1799.0 large-vehicle 0
3285.0 4886.0 2827.0 4561.0 3133.0 4091.0 3587.0 4388.0 plane 0
