imagesource:GoogleEarth
gsd:0.196096436931
3636.0 982.0 3574.0 732.0 3826.0 688.0 3896.0 924.0 plane 0
3768.0 1142.0 3506.0 1120.0 3518.0 874.0 3768.0 884.0 plane 0
256.0 1524.0 520.0 1622.0 440.0 1880.0 172.0 1776.0 plane 0
1372.0 2778.0 1360.0 2556.0 1654.0 2562.0 1666.0 2780.0 plane 0
1806.0 2752.0 1804.0 2576.0 2006.0 2584.0 2012.0 2754.0 plane 0
2082.0 2754.0 2066.0 2584.0 2268.0 2584.0 2276.0 2754.0 plane 0
1390.0 1286.0 1534.0 1346.0 1484.0 1476.0 1344.0 1422.0 plane 0
1094.0 1156.0 1224.0 1214.0 1176.0 1346.0 1042.0 1284.0 plane 0
928.0 1082.0 1064.0 1142.0 1008.0 1278.0 876.0 1220.0 plane 0
772.0 1014.0 900.0 1076.0 848.0 1204.0 722.0 1146.0 plane 0
616.0 950.0 746.0 1008.0 698.0 1142.0 566.0 1084.0 plane 0
4104.0 3924.0 4106.0 4072.0 3932.0 4062.0 3926.0 3916.0 plane 0
3748.0 1452.0 3998.0 1446.0 4020.0 1654.0 3770.0 1666.0 plane 0
4054.0 1470.0 4336.0 1514.0 4326.0 1774.0 4032.0 1732.0 plane 0
4328.0 1570.0 4582.0 1562.0 4610.0 1770.0 4350.0 1778.0 plane 0
4880.0 1602.0 5076.0 1598.0 5090.0 1770.0 4894.0 1778.0 plane 0
5360.0 1440.0 5140.0 1316.0 5248.0 1102.0 5470.0 1222.0 plane 0
5084.0 1056.0 5280.0 1210.0 5160.0 1366.0 4962.0 1210.0 plane 0
4894.0 1196.0 4670.0 964.0 4904.0 776.0 5116.0 998.0 plane 0
5148.0 1228.0 4962.0 1036.0 5160.0 860.0 5338.0 1042.0 plane 0
5022.0 896.0 5176.0 872.0 5196.0 990.0 5050.0 1020.0 plane 1
612.0 1562.0 758.0 1616.0 642.0 1924.0 490.0 1864.0 plane 0
