imagesource:GoogleEarth
gsd:0.10085342513
630.0 2487.0 532.0 2574.0 417.0 2435.0 520.0 2349.0 plane 0
775.0 2359.0 682.0 2442.0 560.0 2307.0 655.0 2219.0 plane 0
1147.0 2054.0 1052.0 2137.0 932.0 2005.0 1029.0 1920.0 plane 0
1377.0 1867.0 1275.0 1962.0 1160.0 1839.0 1267.0 1742.0 plane 0
1505.0 1749.0 1414.0 1819.0 1304.0 1685.0 1405.0 1605.0 plane 0
1717.0 1582.0 1602.0 1672.0 1449.0 1484.0 1577.0 1389.0 plane 0
1890.0 1415.0 1774.0 1507.0 1629.0 1327.0 1755.0 1225.0 plane 0
2067.0 1260.0 1955.0 1357.0 1817.0 1180.0 1939.0 1084.0 plane 0
2267.0 1125.0 2165.0 1219.0 2009.0 1040.0 2132.0 944.0 plane 0
2435.0 952.0 2315.0 1047.0 2170.0 860.0 2292.0 764.0 plane 0
2634.0 797.0 2522.0 897.0 2357.0 724.0 2474.0 619.0 plane 0
2749.0 670.0 2640.0 770.0 2482.0 599.0 2599.0 492.0 plane 0
