imagesource:GoogleEarth
gsd:1.17782501196
2268.0 1422.0 2273.0 1393.0 2308.0 1401.0 2302.0 1429.0 plane 0
1185.0 2809.0 1203.0 2753.0 1261.0 2773.0 1247.0 2827.0 plane 0
1680.0 2740.0 1707.0 2782.0 1659.0 2812.0 1631.0 2770.0 plane 0
1364.0 2735.0 1377.0 2682.0 1437.0 2698.0 1427.0 2751.0 plane 0
1465.0 2774.0 1454.0 2812.0 1412.0 2800.0 1423.0 2762.0 plane 0
1439.0 2891.0 1428.0 2936.0 1371.0 2922.0 1382.0 2875.0 plane 0
1427.0 2949.0 1412.0 3004.0 1350.0 2988.0 1365.0 2930.0 plane 0
1265.0 1429.0 1260.0 1454.0 1225.0 1445.0 1232.0 1419.0 plane 0
1114.0 2213.0 1169.0 2229.0 1151.0 2289.0 1096.0 2274.0 plane 0
1255.0 2254.0 1240.0 2305.0 1175.0 2289.0 1190.0 2235.0 plane 0
1230.0 2312.0 1218.0 2362.0 1158.0 2349.0 1170.0 2297.0 plane 0
1210.0 2378.0 1205.0 2405.0 1167.0 2397.0 1173.0 2369.0 plane 0
1138.0 2443.0 1096.0 2433.0 1107.0 2388.0 1147.0 2398.0 plane 0
1223.0 2684.0 1236.0 2633.0 1283.0 2647.0 1272.0 2698.0 plane 0
1157.0 2934.0 1171.0 2882.0 1225.0 2898.0 1212.0 2949.0 plane 0
1171.0 2868.0 1185.0 2820.0 1237.0 2835.0 1225.0 2883.0 plane 0
1023.0 2774.0 970.0 2759.0 984.0 2707.0 1036.0 2722.0 plane 0
2235.0 1548.0 2242.0 1520.0 2276.0 1529.0 2269.0 1557.0 plane 0
1110.0 2788.0 1094.0 2855.0 1026.0 2838.0 1043.0 2770.0 plane 0
1113.0 2744.0 1104.0 2772.0 1074.0 2764.0 1082.0 2735.0 plane 0
1141.0 2673.0 1127.0 2724.0 1065.0 2708.0 1079.0 2655.0 plane 0
1078.0 2534.0 1109.0 2542.0 1100.0 2575.0 1069.0 2567.0 plane 0
1026.0 2524.0 1055.0 2534.0 1047.0 2565.0 1018.0 2557.0 plane 0
971.0 2512.0 1000.0 2519.0 993.0 2551.0 964.0 2545.0 plane 0
944.0 2340.0 915.0 2333.0 924.0 2300.0 952.0 2309.0 plane 0
859.0 2132.0 910.0 2145.0 895.0 2205.0 845.0 2192.0 plane 0
1212.0 1637.0 1205.0 1664.0 1172.0 1658.0 1178.0 1630.0 plane 0
1377.0 1023.0 1369.0 1059.0 1322.0 1049.0 1330.0 1012.0 plane 0
1276.0 2125.0 1263.0 2174.0 1204.0 2160.0 1218.0 2110.0 plane 0
1069.0 2070.0 1080.0 2020.0 1143.0 2032.0 1133.0 2085.0 plane 0
1078.0 1865.0 1027.0 1851.0 1039.0 1802.0 1090.0 1814.0 plane 0
1695.0 3134.0 1680.0 3175.0 1629.0 3157.0 1647.0 3113.0 plane 0
1562.0 2664.0 1594.0 2671.0 1584.0 2706.0 1554.0 2698.0 plane 0
1741.0 2710.0 1772.0 2719.0 1764.0 2750.0 1733.0 2743.0 plane 0
1813.0 2796.0 1805.0 2824.0 1769.0 2814.0 1778.0 2784.0 plane 0
1835.0 3044.0 1848.0 2991.0 1910.0 3009.0 1898.0 3060.0 plane 0
2216.0 1611.0 2224.0 1585.0 2257.0 1595.0 2250.0 1621.0 plane 0
2227.0 1645.0 2231.0 1623.0 2253.0 1630.0 2248.0 1652.0 plane 0
2200.0 1676.0 2207.0 1648.0 2240.0 1658.0 2234.0 1685.0 plane 0
2167.0 1804.0 2174.0 1778.0 2207.0 1787.0 2200.0 1813.0 plane 0
2118.0 1996.0 2124.0 1969.0 2155.0 1979.0 2148.0 2003.0 plane 0
2122.0 2032.0 2129.0 2003.0 2157.0 2013.0 2150.0 2040.0 plane 0
2099.0 2062.0 2107.0 2034.0 2138.0 2043.0 2132.0 2068.0 plane 0
2082.0 2126.0 2088.0 2097.0 2120.0 2104.0 2114.0 2133.0 plane 0
2093.0 2160.0 2098.0 2136.0 2120.0 2142.0 2115.0 2165.0 plane 0
2104.0 2192.0 2108.0 2177.0 2122.0 2181.0 2118.0 2195.0 plane 0
2077.0 2224.0 2084.0 2199.0 2105.0 2205.0 2098.0 2229.0 plane 0
2683.0 1365.0 2690.0 1310.0 2750.0 1319.0 2744.0 1373.0 plane 0
2234.0 1332.0 2185.0 1318.0 2199.0 1263.0 2249.0 1279.0 plane 0
2480.0 1454.0 2469.0 1500.0 2414.0 1487.0 2426.0 1438.0 plane 0
2433.0 1643.0 2419.0 1695.0 2358.0 1680.0 2372.0 1627.0 plane 0
2364.0 1902.0 2350.0 1948.0 2294.0 1934.0 2308.0 1884.0 plane 0
2059.0 2300.0 2066.0 2277.0 2087.0 2283.0 2080.0 2307.0 plane 0
2015.0 2405.0 2022.0 2379.0 2054.0 2388.0 2048.0 2414.0 plane 0
2235.0 2392.0 2220.0 2438.0 2163.0 2422.0 2177.0 2374.0 plane 0
2221.0 2454.0 2206.0 2505.0 2142.0 2488.0 2157.0 2436.0 plane 0
2204.0 2521.0 2189.0 2567.0 2129.0 2549.0 2142.0 2502.0 plane 0
1978.0 2507.0 1992.0 2459.0 2044.0 2475.0 2032.0 2522.0 plane 0
1980.0 2557.0 1985.0 2530.0 2016.0 2539.0 2010.0 2564.0 plane 0
1978.0 2772.0 2009.0 2782.0 2000.0 2813.0 1970.0 2805.0 plane 0
2030.0 2787.0 2056.0 2795.0 2048.0 2825.0 2023.0 2819.0 plane 0
2242.0 3284.0 2213.0 3290.0 2204.0 3257.0 2231.0 3250.0 plane 0
2285.0 3513.0 2259.0 3515.0 2255.0 3489.0 2283.0 3489.0 plane 0
1869.0 2921.0 1884.0 2865.0 1941.0 2885.0 1927.0 2937.0 plane 0
1859.0 2982.0 1871.0 2934.0 1924.0 2948.0 1912.0 2996.0 plane 0
531.0 3464.0 536.0 3488.0 494.0 3497.0 490.0 3471.0 plane 0
