imagesource:GoogleEarth
gsd:1.17752762661
1303.0 3521.0 1316.0 3528.0 1310.0 3538.0 1298.0 3532.0 plane 1
1345.0 1685.0 1372.0 1702.0 1355.0 1730.0 1329.0 1715.0 plane 0
1007.0 2252.0 1028.0 2262.0 1018.0 2285.0 995.0 2275.0 plane 0
1039.0 2245.0 1015.0 2234.0 1028.0 2212.0 1050.0 2224.0 plane 0
1176.0 2274.0 1203.0 2290.0 1188.0 2318.0 1162.0 2305.0 plane 0
1047.0 2422.0 1037.0 2444.0 1007.0 2429.0 1020.0 2406.0 plane 0
1032.0 2449.0 1022.0 2468.0 998.0 2457.0 1008.0 2435.0 plane 0
1016.0 2474.0 1007.0 2493.0 979.0 2481.0 990.0 2459.0 plane 0
1004.0 2496.0 993.0 2520.0 963.0 2506.0 975.0 2480.0 plane 0
989.0 2523.0 976.0 2546.0 949.0 2533.0 962.0 2507.0 plane 0
962.0 2574.0 950.0 2598.0 922.0 2584.0 936.0 2559.0 plane 0
949.0 2600.0 936.0 2621.0 909.0 2607.0 922.0 2584.0 plane 0
935.0 2638.0 924.0 2660.0 895.0 2645.0 907.0 2622.0 plane 0
1101.0 2105.0 1137.0 2128.0 1115.0 2167.0 1078.0 2148.0 plane 0
1064.0 2092.0 1089.0 2107.0 1074.0 2135.0 1047.0 2121.0 plane 0
985.0 2051.0 1013.0 2066.0 997.0 2094.0 969.0 2080.0 plane 0
1219.0 2058.0 1245.0 2072.0 1233.0 2101.0 1204.0 2087.0 plane 0
1129.0 2048.0 1103.0 2032.0 1121.0 1999.0 1148.0 2015.0 plane 0
1054.0 2000.0 1025.0 1985.0 1043.0 1957.0 1068.0 1972.0 plane 0
1224.0 1884.0 1268.0 1912.0 1244.0 1959.0 1197.0 1933.0 plane 0
1170.0 1855.0 1215.0 1882.0 1191.0 1928.0 1145.0 1902.0 plane 0
1117.0 1824.0 1162.0 1851.0 1137.0 1897.0 1090.0 1873.0 plane 0
1293.0 1872.0 1247.0 1845.0 1272.0 1797.0 1317.0 1823.0 plane 0
1239.0 1843.0 1193.0 1817.0 1222.0 1764.0 1266.0 1790.0 plane 0
1183.0 1803.0 1148.0 1780.0 1172.0 1740.0 1207.0 1761.0 plane 0
898.0 2191.0 921.0 2203.0 908.0 2230.0 883.0 2218.0 plane 0
979.0 2236.0 1000.0 2249.0 990.0 2270.0 968.0 2259.0 plane 0
897.0 2335.0 912.0 2308.0 944.0 2326.0 932.0 2351.0 plane 0
704.0 3048.0 695.0 3071.0 663.0 3057.0 675.0 3032.0 plane 0
327.0 3080.0 362.0 3060.0 379.0 3089.0 342.0 3110.0 plane 0
352.0 3116.0 370.0 3078.0 412.0 3101.0 396.0 3137.0 plane 0
400.0 3214.0 423.0 3168.0 474.0 3196.0 451.0 3243.0 plane 0
604.0 3254.0 579.0 3299.0 526.0 3268.0 552.0 3223.0 plane 0
632.0 3200.0 625.0 3211.0 614.0 3205.0 622.0 3192.0 plane 1
637.0 3194.0 613.0 3238.0 560.0 3207.0 584.0 3164.0 plane 0
671.0 3134.0 647.0 3177.0 594.0 3149.0 619.0 3104.0 plane 0
638.0 3170.0 626.0 3192.0 597.0 3176.0 610.0 3153.0 plane 0
668.0 3106.0 657.0 3129.0 622.0 3112.0 634.0 3088.0 plane 0
702.0 3078.0 684.0 3114.0 644.0 3094.0 664.0 3057.0 plane 0
702.0 3027.0 690.0 3046.0 668.0 3032.0 681.0 3012.0 plane 0
794.0 2512.0 808.0 2489.0 836.0 2505.0 821.0 2530.0 plane 0
735.0 3016.0 719.0 3050.0 681.0 3034.0 697.0 2998.0 plane 0
742.0 2959.0 732.0 2978.0 706.0 2966.0 718.0 2946.0 plane 0
755.0 2984.0 740.0 3015.0 696.0 2993.0 713.0 2962.0 plane 0
776.0 2948.0 759.0 2979.0 716.0 2958.0 733.0 2923.0 plane 0
804.0 2898.0 786.0 2930.0 740.0 2908.0 758.0 2872.0 plane 0
891.0 3677.0 864.0 3663.0 876.0 3639.0 903.0 3653.0 plane 0
640.0 2793.0 653.0 2766.0 682.0 2784.0 671.0 2809.0 plane 0
674.0 2727.0 688.0 2700.0 718.0 2719.0 705.0 2743.0 plane 0
693.0 2693.0 708.0 2667.0 739.0 2685.0 724.0 2710.0 plane 0
776.0 2548.0 791.0 2523.0 819.0 2542.0 803.0 2566.0 plane 0
1417.0 1837.0 1446.0 1853.0 1430.0 1884.0 1401.0 1870.0 plane 0
1290.0 1658.0 1318.0 1672.0 1303.0 1705.0 1274.0 1690.0 plane 0
1290.0 3516.0 1306.0 3524.0 1301.0 3534.0 1285.0 3527.0 plane 1
1235.0 1630.0 1262.0 1647.0 1248.0 1672.0 1220.0 1658.0 plane 0
1969.0 431.0 1995.0 384.0 2042.0 415.0 2016.0 460.0 plane 0
1995.0 379.0 2022.0 337.0 2067.0 365.0 2044.0 405.0 plane 0
2292.0 1327.0 2269.0 1314.0 2285.0 1280.0 2309.0 1294.0 plane 0
2510.0 1159.0 2541.0 1174.0 2530.0 1198.0 2498.0 1183.0 plane 0
2543.0 1279.0 2533.0 1300.0 2517.0 1292.0 2528.0 1269.0 plane 0
2443.0 1474.0 2429.0 1502.0 2404.0 1489.0 2417.0 1462.0 plane 0
2424.0 1510.0 2408.0 1540.0 2368.0 1520.0 2385.0 1488.0 plane 0
2734.0 1248.0 2731.0 1224.0 2749.0 1221.0 2753.0 1246.0 plane 0
2666.0 1332.0 2690.0 1344.0 2682.0 1364.0 2656.0 1352.0 plane 0
1703.0 2815.0 1692.0 2837.0 1666.0 2824.0 1678.0 2801.0 plane 0
1686.0 2840.0 1675.0 2861.0 1651.0 2848.0 1664.0 2824.0 plane 0
1662.0 2895.0 1650.0 2917.0 1619.0 2901.0 1634.0 2878.0 plane 0
1645.0 2919.0 1639.0 2932.0 1623.0 2923.0 1630.0 2910.0 plane 0
1639.0 2934.0 1625.0 2959.0 1594.0 2944.0 1608.0 2916.0 plane 0
1845.0 2530.0 1858.0 2538.0 1853.0 2547.0 1839.0 2540.0 plane 1
1392.0 3267.0 1390.0 3281.0 1376.0 3280.0 1377.0 3265.0 plane 1
1361.0 3340.0 1354.0 3354.0 1340.0 3347.0 1347.0 3333.0 plane 0
1353.0 3359.0 1346.0 3371.0 1330.0 3363.0 1338.0 3349.0 plane 0
1315.0 3428.0 1307.0 3441.0 1297.0 3436.0 1305.0 3421.0 plane 0
1305.0 3446.0 1297.0 3462.0 1283.0 3455.0 1293.0 3437.0 plane 0
1287.0 3484.0 1276.0 3504.0 1259.0 3495.0 1271.0 3472.0 plane 0
1269.0 3499.0 1277.0 3509.0 1270.0 3514.0 1261.0 3505.0 plane 1
1277.0 3509.0 1290.0 3517.0 1285.0 3526.0 1270.0 3518.0 plane 1
1990.0 397.0 2000.0 374.0 2029.0 388.0 2019.0 409.0 plane 0
1939.0 485.0 1960.0 444.0 2007.0 468.0 1986.0 510.0 plane 0
2107.0 637.0 2114.0 666.0 2081.0 674.0 2074.0 643.0 plane 0
1905.0 765.0 1894.0 789.0 1863.0 775.0 1875.0 748.0 plane 0
1354.0 1610.0 1327.0 1596.0 1342.0 1565.0 1369.0 1582.0 plane 0
1460.0 1478.0 1488.0 1494.0 1472.0 1527.0 1444.0 1511.0 plane 0
1403.0 1453.0 1432.0 1467.0 1418.0 1495.0 1390.0 1481.0 plane 0
1353.0 1419.0 1379.0 1435.0 1362.0 1465.0 1336.0 1450.0 plane 0
1563.0 1034.0 1576.0 1009.0 1603.0 1024.0 1593.0 1049.0 plane 0
1465.0 1402.0 1441.0 1388.0 1458.0 1360.0 1480.0 1374.0 plane 0
1733.0 1081.0 1717.0 1109.0 1683.0 1090.0 1698.0 1061.0 plane 0
1773.0 1004.0 1762.0 1028.0 1730.0 1013.0 1744.0 988.0 plane 0
1733.0 712.0 1755.0 679.0 1795.0 703.0 1773.0 738.0 plane 0
1820.0 714.0 1847.0 728.0 1833.0 759.0 1805.0 746.0 plane 0
1838.0 885.0 1824.0 910.0 1794.0 897.0 1809.0 868.0 plane 0
2303.0 1712.0 2288.0 1742.0 2261.0 1728.0 2277.0 1697.0 plane 0
1861.0 847.0 1848.0 872.0 1817.0 856.0 1831.0 829.0 plane 0
1667.0 886.0 1674.0 874.0 1684.0 881.0 1678.0 893.0 plane 1
1679.0 868.0 1685.0 855.0 1698.0 862.0 1692.0 876.0 plane 1
1705.0 817.0 1712.0 803.0 1727.0 812.0 1720.0 825.0 plane 0
1720.0 795.0 1731.0 773.0 1753.0 786.0 1742.0 806.0 plane 0
1736.0 764.0 1742.0 750.0 1754.0 756.0 1748.0 770.0 plane 0
2199.0 1884.0 2183.0 1914.0 2161.0 1903.0 2177.0 1873.0 plane 0
2220.0 1850.0 2205.0 1880.0 2178.0 1867.0 2195.0 1836.0 plane 0
2240.0 1816.0 2223.0 1846.0 2201.0 1834.0 2217.0 1803.0 plane 0
2261.0 1780.0 2245.0 1811.0 2220.0 1798.0 2237.0 1767.0 plane 0
400.0 3094.0 408.0 3070.0 428.0 3080.0 419.0 3102.0 plane 0
