imagesource:GoogleEarth
gsd:1.1203433271
1451.0 3148.0 1430.0 3144.0 1435.0 3119.0 1457.0 3124.0 plane 0
871.0 302.0 876.0 311.0 866.0 318.0 859.0 308.0 plane 1
839.0 329.0 847.0 340.0 836.0 348.0 828.0 338.0 plane 1
853.0 367.0 860.0 376.0 853.0 383.0 844.0 374.0 plane 1
840.0 398.0 845.0 407.0 837.0 412.0 831.0 402.0 plane 1
922.0 414.0 931.0 422.0 922.0 434.0 911.0 425.0 plane 0
961.0 392.0 988.0 419.0 958.0 450.0 930.0 420.0 plane 0
797.0 1309.0 783.0 1282.0 814.0 1266.0 828.0 1290.0 plane 0
827.0 1318.0 814.0 1296.0 840.0 1282.0 852.0 1304.0 plane 0
830.0 1322.0 832.0 1311.0 841.0 1313.0 839.0 1325.0 plane 1
781.0 1336.0 819.0 1305.0 846.0 1336.0 807.0 1369.0 plane 0
738.0 1343.0 770.0 1331.0 781.0 1358.0 748.0 1370.0 plane 0
701.0 1354.0 736.0 1339.0 752.0 1376.0 717.0 1390.0 plane 0
776.0 1334.0 784.0 1330.0 791.0 1341.0 782.0 1346.0 plane 1
783.0 1325.0 793.0 1320.0 799.0 1329.0 789.0 1334.0 plane 1
733.0 1332.0 723.0 1338.0 716.0 1326.0 728.0 1321.0 plane 1
697.0 1338.0 711.0 1332.0 715.0 1343.0 703.0 1350.0 plane 0
973.0 384.0 966.0 394.0 951.0 383.0 959.0 371.0 plane 0
957.0 341.0 965.0 349.0 956.0 359.0 947.0 351.0 plane 1
1732.0 1618.0 1694.0 1608.0 1703.0 1568.0 1741.0 1578.0 plane 0
938.0 321.0 929.0 328.0 920.0 318.0 930.0 311.0 plane 1
1824.0 1350.0 1860.0 1358.0 1851.0 1398.0 1813.0 1390.0 plane 0
1823.0 1272.0 1786.0 1262.0 1796.0 1223.0 1833.0 1233.0 plane 0
1939.0 1304.0 1901.0 1293.0 1912.0 1252.0 1950.0 1264.0 plane 0
1889.0 1114.0 1924.0 1125.0 1915.0 1161.0 1878.0 1152.0 plane 0
1945.0 1128.0 1983.0 1139.0 1974.0 1176.0 1936.0 1166.0 plane 0
2004.0 1070.0 1963.0 1061.0 1975.0 1018.0 2013.0 1028.0 plane 0
1945.0 1050.0 1908.0 1041.0 1918.0 1000.0 1954.0 1010.0 plane 0
1947.0 877.0 1986.0 889.0 1975.0 926.0 1938.0 916.0 plane 0
2063.0 830.0 2026.0 820.0 2036.0 780.0 2072.0 791.0 plane 0
2004.0 597.0 1996.0 633.0 1957.0 625.0 1965.0 588.0 plane 0
2017.0 552.0 2010.0 587.0 1969.0 577.0 1978.0 541.0 plane 0
711.0 1139.0 701.0 1144.0 695.0 1133.0 705.0 1128.0 plane 1
698.0 1145.0 692.0 1148.0 688.0 1143.0 696.0 1139.0 plane 1
719.0 1131.0 710.0 1136.0 704.0 1126.0 714.0 1121.0 plane 1
733.0 1123.0 722.0 1129.0 716.0 1117.0 729.0 1112.0 plane 1
733.0 1343.0 742.0 1339.0 747.0 1347.0 738.0 1353.0 plane 1
