imagesource:GoogleEarth
gsd:0.287655970267
1562.0 112.0 1553.0 110.0 1560.0 82.0 1567.0 83.0 small-vehicle 0
1146.0 3809.0 1153.0 3810.0 1150.0 3827.0 1145.0 3827.0 small-vehicle 1
1150.0 3880.0 1143.0 3879.0 1144.0 3855.0 1152.0 3855.0 small-vehicle 0
1140.0 3879.0 1132.0 3877.0 1136.0 3852.0 1142.0 3854.0 small-vehicle 0
1185.0 3820.0 1191.0 3820.0 1190.0 3839.0 1183.0 3840.0 small-vehicle 0
1174.0 3820.0 1182.0 3820.0 1179.0 3839.0 1171.0 3837.0 small-vehicle 0
1196.0 3844.0 1190.0 3843.0 1193.0 3823.0 1201.0 3825.0 small-vehicle 0
1305.0 3839.0 1298.0 3838.0 1299.0 3815.0 1309.0 3817.0 small-vehicle 0
1275.0 3834.0 1265.0 3831.0 1270.0 3810.0 1278.0 3813.0 small-vehicle 0
1222.0 3821.0 1214.0 3821.0 1213.0 3803.0 1222.0 3803.0 small-vehicle 0
1210.0 3821.0 1203.0 3821.0 1203.0 3801.0 1210.0 3801.0 small-vehicle 0
1200.0 3821.0 1193.0 3821.0 1196.0 3798.0 1203.0 3798.0 small-vehicle 0
1193.0 3821.0 1185.0 3819.0 1186.0 3797.0 1195.0 3799.0 small-vehicle 0
1175.0 3799.0 1184.0 3798.0 1182.0 3817.0 1176.0 3817.0 small-vehicle 0
1164.0 3819.0 1171.0 3819.0 1166.0 3837.0 1159.0 3836.0 small-vehicle 0
1135.0 3810.0 1144.0 3811.0 1140.0 3829.0 1134.0 3828.0 small-vehicle 0
1126.0 3806.0 1133.0 3809.0 1129.0 3827.0 1123.0 3826.0 small-vehicle 0
1130.0 3784.0 1138.0 3784.0 1135.0 3809.0 1129.0 3806.0 small-vehicle 0
1106.0 3803.0 1099.0 3801.0 1102.0 3776.0 1112.0 3777.0 small-vehicle 0
1159.0 3880.0 1153.0 3879.0 1155.0 3860.0 1161.0 3859.0 small-vehicle 0
1167.0 3883.0 1161.0 3880.0 1165.0 3862.0 1170.0 3863.0 small-vehicle 0
1181.0 3883.0 1172.0 3882.0 1173.0 3860.0 1180.0 3863.0 small-vehicle 0
1113.0 4024.0 1103.0 4022.0 1107.0 4001.0 1115.0 4004.0 small-vehicle 0
1099.0 3803.0 1106.0 3805.0 1101.0 3823.0 1096.0 3822.0 small-vehicle 1
1088.0 3796.0 1096.0 3797.0 1095.0 3821.0 1085.0 3821.0 small-vehicle 1
1080.0 3796.0 1087.0 3799.0 1081.0 3819.0 1075.0 3816.0 small-vehicle 1
1073.0 3778.0 1080.0 3780.0 1078.0 3799.0 1072.0 3799.0 small-vehicle 1
1020.0 4036.0 1027.0 4037.0 1023.0 4053.0 1018.0 4054.0 small-vehicle 0
1054.0 3999.0 1062.0 4000.0 1059.0 4019.0 1051.0 4017.0 small-vehicle 0
1073.0 3997.0 1065.0 3994.0 1068.0 3977.0 1077.0 3976.0 small-vehicle 0
1116.0 4009.0 1124.0 4009.0 1120.0 4027.0 1114.0 4027.0 small-vehicle 0
1055.0 3863.0 1047.0 3861.0 1051.0 3842.0 1057.0 3843.0 small-vehicle 0
1126.0 4010.0 1136.0 4011.0 1132.0 4027.0 1125.0 4027.0 small-vehicle 0
1293.0 4031.0 1286.0 4027.0 1299.0 4006.0 1306.0 4013.0 small-vehicle 0
1060.0 3844.0 1069.0 3846.0 1064.0 3864.0 1058.0 3863.0 small-vehicle 0
1045.0 3864.0 1055.0 3866.0 1050.0 3886.0 1043.0 3884.0 small-vehicle 0
1068.0 3865.0 1076.0 3866.0 1070.0 3888.0 1065.0 3887.0 small-vehicle 0
1098.0 3869.0 1087.0 3867.0 1090.0 3846.0 1098.0 3849.0 small-vehicle 0
1078.0 3865.0 1068.0 3863.0 1072.0 3843.0 1079.0 3843.0 small-vehicle 0
1064.0 3819.0 1054.0 3817.0 1058.0 3792.0 1067.0 3794.0 small-vehicle 0
1419.0 2514.0 1420.0 2505.0 1440.0 2511.0 1438.0 2519.0 small-vehicle 0
1439.0 2522.0 1440.0 2513.0 1459.0 2520.0 1458.0 2528.0 small-vehicle 0
1125.0 183.0 1134.0 182.0 1133.0 206.0 1126.0 206.0 small-vehicle 0
1023.0 232.0 1014.0 233.0 1013.0 211.0 1023.0 210.0 small-vehicle 0
1136.0 162.0 1129.0 161.0 1128.0 144.0 1136.0 144.0 small-vehicle 0
1126.0 160.0 1118.0 160.0 1118.0 142.0 1126.0 144.0 small-vehicle 0
1156.0 222.0 1148.0 224.0 1145.0 203.0 1152.0 203.0 small-vehicle 0
1116.0 228.0 1105.0 226.0 1105.0 203.0 1113.0 202.0 small-vehicle 0
1088.0 185.0 1096.0 185.0 1094.0 208.0 1087.0 208.0 small-vehicle 0
1116.0 183.0 1125.0 183.0 1126.0 206.0 1116.0 206.0 small-vehicle 0
1135.0 183.0 1145.0 183.0 1145.0 202.0 1136.0 206.0 small-vehicle 0
1021.0 189.0 1029.0 188.0 1029.0 209.0 1020.0 207.0 small-vehicle 0
1146.0 185.0 1153.0 184.0 1153.0 205.0 1147.0 207.0 small-vehicle 0
1156.0 184.0 1162.0 185.0 1162.0 205.0 1156.0 204.0 small-vehicle 0
1214.0 206.0 1222.0 205.0 1220.0 224.0 1213.0 223.0 small-vehicle 0
1224.0 204.0 1232.0 204.0 1229.0 225.0 1222.0 223.0 small-vehicle 0
1244.0 206.0 1251.0 206.0 1251.0 226.0 1242.0 225.0 small-vehicle 0
1244.0 182.0 1252.0 185.0 1249.0 204.0 1242.0 203.0 small-vehicle 0
1230.0 181.0 1240.0 182.0 1238.0 202.0 1230.0 203.0 small-vehicle 0
1012.0 228.0 1003.0 228.0 1004.0 206.0 1011.0 208.0 small-vehicle 0
1050.0 207.0 1061.0 207.0 1058.0 229.0 1048.0 228.0 small-vehicle 0
1477.0 493.0 1485.0 497.0 1482.0 516.0 1472.0 516.0 small-vehicle 0
1218.0 245.0 1226.0 246.0 1224.0 263.0 1218.0 263.0 small-vehicle 0
1425.0 483.0 1433.0 484.0 1427.0 504.0 1419.0 503.0 small-vehicle 0
1162.0 270.0 1171.0 270.0 1168.0 289.0 1161.0 288.0 small-vehicle 0
1150.0 269.0 1159.0 268.0 1159.0 287.0 1151.0 289.0 small-vehicle 0
1179.0 268.0 1190.0 270.0 1189.0 290.0 1179.0 291.0 small-vehicle 0
1188.0 269.0 1200.0 269.0 1199.0 289.0 1191.0 290.0 small-vehicle 0
1199.0 270.0 1208.0 270.0 1211.0 292.0 1200.0 292.0 small-vehicle 0
1209.0 269.0 1216.0 269.0 1218.0 288.0 1210.0 290.0 small-vehicle 0
1209.0 247.0 1216.0 248.0 1215.0 268.0 1209.0 268.0 small-vehicle 0
1046.0 253.0 1055.0 252.0 1054.0 275.0 1045.0 275.0 small-vehicle 0
1202.0 249.0 1209.0 249.0 1206.0 268.0 1199.0 268.0 small-vehicle 0
1190.0 250.0 1197.0 250.0 1198.0 269.0 1189.0 268.0 small-vehicle 0
1182.0 248.0 1190.0 248.0 1189.0 268.0 1182.0 267.0 small-vehicle 0
1132.0 252.0 1140.0 254.0 1139.0 270.0 1133.0 270.0 small-vehicle 0
1121.0 254.0 1129.0 250.0 1130.0 269.0 1124.0 273.0 small-vehicle 0
1094.0 249.0 1102.0 250.0 1101.0 270.0 1092.0 270.0 small-vehicle 0
1066.0 250.0 1076.0 252.0 1075.0 271.0 1065.0 269.0 small-vehicle 0
1150.0 3792.0 1158.0 3791.0 1157.0 3810.0 1150.0 3809.0 small-vehicle 1
1157.0 3811.0 1163.0 3813.0 1160.0 3834.0 1153.0 3834.0 small-vehicle 1
1246.0 4218.0 1244.0 4228.0 1219.0 4227.0 1220.0 4219.0 small-vehicle 0
1169.0 3793.0 1176.0 3794.0 1173.0 3815.0 1166.0 3814.0 small-vehicle 1
432.0 2283.0 443.0 2281.0 444.0 2305.0 435.0 2304.0 small-vehicle 1
374.0 2282.0 380.0 2282.0 383.0 2302.0 376.0 2303.0 small-vehicle 1
362.0 2285.0 370.0 2284.0 375.0 2302.0 367.0 2306.0 small-vehicle 1
352.0 2290.0 359.0 2286.0 364.0 2305.0 356.0 2309.0 small-vehicle 1
333.0 2299.0 339.0 2294.0 348.0 2311.0 341.0 2314.0 small-vehicle 1
246.0 2303.0 251.0 2296.0 266.0 2311.0 263.0 2317.0 small-vehicle 1
256.0 2295.0 261.0 2291.0 274.0 2305.0 270.0 2310.0 small-vehicle 1
276.0 2275.0 280.0 2269.0 292.0 2284.0 288.0 2289.0 small-vehicle 1
305.0 2254.0 313.0 2248.0 322.0 2268.0 315.0 2273.0 small-vehicle 1
320.0 2245.0 328.0 2244.0 332.0 2263.0 326.0 2265.0 small-vehicle 1
346.0 2236.0 353.0 2236.0 356.0 2252.0 350.0 2255.0 small-vehicle 1
355.0 2237.0 362.0 2234.0 368.0 2253.0 360.0 2255.0 small-vehicle 1
366.0 2234.0 374.0 2233.0 376.0 2251.0 370.0 2255.0 small-vehicle 1
468.0 2235.0 476.0 2236.0 474.0 2256.0 468.0 2256.0 small-vehicle 1
449.0 2235.0 456.0 2236.0 455.0 2253.0 448.0 2251.0 small-vehicle 1
390.0 2234.0 398.0 2233.0 398.0 2250.0 390.0 2250.0 small-vehicle 1
400.0 2234.0 407.0 2231.0 408.0 2250.0 402.0 2250.0 small-vehicle 1
446.0 2284.0 454.0 2285.0 452.0 2305.0 447.0 2304.0 small-vehicle 1
454.0 2284.0 461.0 2286.0 461.0 2304.0 456.0 2304.0 small-vehicle 1
463.0 2287.0 473.0 2288.0 469.0 2308.0 463.0 2307.0 small-vehicle 1
269.0 2283.0 274.0 2277.0 285.0 2290.0 280.0 2295.0 small-vehicle 0
324.0 2328.0 319.0 2332.0 304.0 2318.0 309.0 2311.0 small-vehicle 0
315.0 2334.0 310.0 2339.0 297.0 2324.0 302.0 2318.0 small-vehicle 0
310.0 2345.0 302.0 2348.0 288.0 2332.0 293.0 2328.0 small-vehicle 0
219.0 2331.0 224.0 2325.0 235.0 2337.0 230.0 2343.0 small-vehicle 0
226.0 2323.0 232.0 2315.0 245.0 2329.0 239.0 2335.0 small-vehicle 0
234.0 2313.0 241.0 2307.0 252.0 2323.0 246.0 2327.0 small-vehicle 0
260.0 2289.0 267.0 2283.0 279.0 2297.0 276.0 2301.0 small-vehicle 0
285.0 2265.0 293.0 2263.0 303.0 2281.0 295.0 2283.0 small-vehicle 0
483.0 2285.0 491.0 2288.0 492.0 2306.0 485.0 2306.0 small-vehicle 1
295.0 2262.0 302.0 2256.0 310.0 2271.0 305.0 2278.0 small-vehicle 0
333.0 2242.0 341.0 2238.0 349.0 2257.0 342.0 2260.0 small-vehicle 0
377.0 2234.0 386.0 2235.0 387.0 2254.0 379.0 2255.0 small-vehicle 0
410.0 2230.0 420.0 2230.0 418.0 2254.0 410.0 2253.0 small-vehicle 0
599.0 2260.0 608.0 2259.0 607.0 2281.0 599.0 2280.0 small-vehicle 0
479.0 2240.0 485.0 2239.0 488.0 2262.0 480.0 2261.0 small-vehicle 0
226.0 2533.0 232.0 2533.0 233.0 2551.0 228.0 2551.0 small-vehicle 1
536.0 1923.0 535.0 1916.0 554.0 1915.0 555.0 1923.0 small-vehicle 1
313.0 1919.0 313.0 1909.0 332.0 1911.0 331.0 1918.0 small-vehicle 0
459.0 1305.0 468.0 1307.0 465.0 1331.0 456.0 1328.0 small-vehicle 0
1140.0 4009.0 1148.0 4010.0 1143.0 4028.0 1136.0 4026.0 small-vehicle 0
1067.0 3996.0 1073.0 3998.0 1069.0 4019.0 1063.0 4017.0 small-vehicle 1
1059.0 3977.0 1067.0 3978.0 1062.0 3998.0 1054.0 3997.0 small-vehicle 1
1050.0 3977.0 1058.0 3977.0 1051.0 3999.0 1046.0 3998.0 small-vehicle 1
1084.0 4118.0 1094.0 4120.0 1090.0 4140.0 1082.0 4138.0 small-vehicle 0
1062.0 4130.0 1055.0 4129.0 1056.0 4110.0 1063.0 4110.0 small-vehicle 0
1095.0 4070.0 1103.0 4071.0 1099.0 4089.0 1091.0 4087.0 small-vehicle 0
1085.0 4068.0 1093.0 4070.0 1089.0 4088.0 1082.0 4087.0 small-vehicle 0
1030.0 3970.0 1039.0 3972.0 1035.0 3993.0 1029.0 3993.0 small-vehicle 0
1046.0 4062.0 1052.0 4063.0 1050.0 4078.0 1043.0 4077.0 small-vehicle 1
1078.0 3912.0 1086.0 3912.0 1084.0 3934.0 1077.0 3933.0 small-vehicle 1
1192.0 3867.0 1199.0 3867.0 1198.0 3887.0 1193.0 3886.0 small-vehicle 1
1280.0 3814.0 1288.0 3814.0 1284.0 3834.0 1278.0 3833.0 small-vehicle 1
1249.0 3809.0 1257.0 3810.0 1253.0 3832.0 1247.0 3832.0 small-vehicle 1
1239.0 3806.0 1248.0 3806.0 1245.0 3831.0 1236.0 3830.0 small-vehicle 1
1212.0 3823.0 1221.0 3825.0 1216.0 3844.0 1210.0 3843.0 small-vehicle 1
1203.0 3821.0 1209.0 3822.0 1209.0 3841.0 1202.0 3841.0 small-vehicle 1
1026.0 3992.0 1035.0 3994.0 1030.0 4013.0 1023.0 4013.0 small-vehicle 1
1056.0 4060.0 1064.0 4061.0 1059.0 4084.0 1051.0 4082.0 small-vehicle 1
422.0 1306.0 429.0 1306.0 428.0 1325.0 419.0 1324.0 small-vehicle 0
888.0 4967.0 887.0 4959.0 913.0 4964.0 909.0 4972.0 small-vehicle 1
408.0 1307.0 418.0 1309.0 416.0 1323.0 409.0 1324.0 small-vehicle 1
438.0 1354.0 447.0 1357.0 445.0 1374.0 437.0 1376.0 small-vehicle 0
431.0 1307.0 439.0 1307.0 436.0 1324.0 431.0 1324.0 small-vehicle 1
392.0 1306.0 399.0 1304.0 399.0 1323.0 392.0 1323.0 small-vehicle 1
880.0 5024.0 882.0 5016.0 898.0 5021.0 897.0 5028.0 small-vehicle 1
882.0 5005.0 883.0 4992.0 903.0 4997.0 902.0 5010.0 small-vehicle 1
889.0 4977.0 890.0 4968.0 909.0 4973.0 906.0 4981.0 small-vehicle 1
932.0 5005.0 933.0 4995.0 948.0 4997.0 948.0 5005.0 small-vehicle 1
1089.0 4045.0 1096.0 4046.0 1094.0 4068.0 1086.0 4068.0 small-vehicle 1
933.0 4992.0 933.0 4985.0 951.0 4987.0 949.0 4995.0 small-vehicle 1
933.0 4984.0 934.0 4976.0 949.0 4979.0 949.0 4985.0 small-vehicle 1
935.0 4973.0 936.0 4967.0 955.0 4972.0 952.0 4980.0 small-vehicle 1
942.0 4938.0 943.0 4929.0 958.0 4934.0 958.0 4941.0 small-vehicle 1
943.0 4926.0 943.0 4919.0 963.0 4923.0 961.0 4929.0 small-vehicle 1
895.0 4911.0 895.0 4905.0 916.0 4908.0 915.0 4914.0 small-vehicle 1
897.0 4899.0 898.0 4892.0 918.0 4897.0 918.0 4903.0 small-vehicle 1
1214.0 184.0 1221.0 185.0 1220.0 205.0 1213.0 205.0 small-vehicle 0
1203.0 185.0 1212.0 183.0 1209.0 204.0 1202.0 203.0 small-vehicle 0
1182.0 185.0 1192.0 186.0 1191.0 203.0 1185.0 204.0 small-vehicle 0
1184.0 207.0 1191.0 207.0 1193.0 226.0 1184.0 227.0 small-vehicle 0
1080.0 445.0 1088.0 445.0 1086.0 466.0 1076.0 467.0 small-vehicle 0
1043.0 443.0 1050.0 445.0 1048.0 469.0 1040.0 467.0 small-vehicle 0
1063.0 400.0 1071.0 401.0 1071.0 418.0 1062.0 418.0 small-vehicle 0
983.0 362.0 975.0 360.0 975.0 336.0 983.0 333.0 small-vehicle 0
860.0 319.0 870.0 320.0 870.0 341.0 859.0 341.0 small-vehicle 0
839.0 211.0 847.0 212.0 845.0 233.0 836.0 230.0 small-vehicle 0
910.0 195.0 919.0 196.0 917.0 212.0 909.0 212.0 small-vehicle 0
887.0 193.0 899.0 192.0 898.0 210.0 889.0 212.0 small-vehicle 0
922.0 146.0 929.0 146.0 930.0 167.0 923.0 168.0 small-vehicle 0
954.0 66.0 955.0 56.0 970.0 62.0 970.0 69.0 small-vehicle 0
881.0 128.0 891.0 127.0 893.0 146.0 883.0 147.0 small-vehicle 0
868.0 471.0 858.0 469.0 856.0 450.0 865.0 449.0 small-vehicle 1
921.0 211.0 929.0 212.0 929.0 230.0 923.0 231.0 small-vehicle 1
922.0 128.0 929.0 126.0 930.0 145.0 920.0 146.0 small-vehicle 1
873.0 150.0 880.0 149.0 881.0 167.0 873.0 169.0 small-vehicle 1
436.0 764.0 435.0 774.0 413.0 770.0 413.0 761.0 small-vehicle 1
436.0 747.0 435.0 755.0 415.0 753.0 415.0 743.0 small-vehicle 1
1116.0 446.0 1123.0 445.0 1125.0 465.0 1116.0 467.0 small-vehicle 0
1136.0 443.0 1145.0 442.0 1143.0 463.0 1136.0 462.0 small-vehicle 0
1158.0 440.0 1167.0 442.0 1164.0 461.0 1155.0 462.0 small-vehicle 0
1172.0 399.0 1179.0 399.0 1180.0 413.0 1173.0 415.0 small-vehicle 1
1096.0 441.0 1105.0 441.0 1106.0 460.0 1098.0 461.0 small-vehicle 1
1185.0 332.0 1193.0 331.0 1193.0 355.0 1185.0 354.0 small-vehicle 0
1196.0 333.0 1205.0 332.0 1204.0 351.0 1195.0 353.0 small-vehicle 0
1090.0 374.0 1098.0 373.0 1099.0 395.0 1090.0 395.0 small-vehicle 0
1121.0 378.0 1129.0 377.0 1128.0 398.0 1121.0 398.0 small-vehicle 0
1138.0 379.0 1148.0 378.0 1148.0 397.0 1139.0 397.0 small-vehicle 0
1149.0 377.0 1158.0 379.0 1156.0 396.0 1150.0 396.0 small-vehicle 0
1191.0 398.0 1199.0 396.0 1199.0 414.0 1191.0 415.0 small-vehicle 0
1185.0 445.0 1196.0 445.0 1192.0 464.0 1183.0 462.0 small-vehicle 0
1211.0 395.0 1219.0 395.0 1219.0 415.0 1211.0 416.0 small-vehicle 0
1221.0 376.0 1228.0 376.0 1229.0 393.0 1221.0 394.0 small-vehicle 0
1218.0 390.0 1211.0 390.0 1210.0 371.0 1217.0 371.0 small-vehicle 0
1198.0 394.0 1189.0 393.0 1190.0 373.0 1198.0 372.0 small-vehicle 0
1230.0 372.0 1240.0 372.0 1239.0 392.0 1232.0 391.0 small-vehicle 0
1235.0 438.0 1242.0 437.0 1245.0 460.0 1235.0 462.0 small-vehicle 0
1216.0 438.0 1225.0 438.0 1225.0 455.0 1216.0 456.0 small-vehicle 0
436.0 720.0 434.0 730.0 413.0 726.0 413.0 717.0 small-vehicle 1
345.0 753.0 353.0 755.0 348.0 777.0 340.0 775.0 small-vehicle 1
352.0 728.0 350.0 737.0 323.0 733.0 326.0 723.0 small-vehicle 1
1232.0 4300.0 1275.0 4308.0 1271.0 4340.0 1227.0 4333.0 plane 0
694.0 253.0 700.0 252.0 701.0 271.0 693.0 272.0 small-vehicle 0
670.0 451.0 660.0 452.0 661.0 435.0 670.0 435.0 small-vehicle 0
691.0 510.0 703.0 510.0 701.0 530.0 691.0 530.0 small-vehicle 0
1071.0 379.0 1083.0 379.0 1081.0 399.0 1069.0 399.0 small-vehicle 0
1020.0 358.0 1013.0 358.0 1013.0 339.0 1020.0 336.0 small-vehicle 0
668.0 261.0 677.0 262.0 676.0 281.0 668.0 280.0 small-vehicle 0
455.0 1355.0 466.0 1355.0 465.0 1375.0 455.0 1377.0 small-vehicle 0
1408.0 4800.0 1417.0 4760.0 1464.0 4771.0 1454.0 4810.0 plane 0
471.0 5623.0 459.0 5621.0 462.0 5599.0 473.0 5599.0 small-vehicle 0
1462.0 4496.0 1475.0 4460.0 1504.0 4470.0 1492.0 4508.0 plane 0
1477.0 4444.0 1483.0 4411.0 1510.0 4418.0 1505.0 4450.0 plane 0
1486.0 4399.0 1497.0 4359.0 1524.0 4367.0 1513.0 4405.0 plane 0
1503.0 4258.0 1510.0 4216.0 1543.0 4223.0 1535.0 4263.0 plane 0
1509.0 4201.0 1523.0 4153.0 1571.0 4168.0 1560.0 4215.0 plane 0
1358.0 4070.0 1398.0 4080.0 1393.0 4107.0 1353.0 4100.0 plane 0
1578.0 3899.0 1537.0 3887.0 1546.0 3856.0 1587.0 3870.0 plane 0
694.0 206.0 684.0 206.0 685.0 186.0 693.0 186.0 small-vehicle 0
380.0 120.0 379.0 112.0 398.0 115.0 398.0 120.0 small-vehicle 0
690.0 606.0 699.0 606.0 696.0 629.0 690.0 627.0 small-vehicle 1
376.0 162.0 376.0 156.0 393.0 158.0 393.0 162.0 small-vehicle 1
424.0 612.0 425.0 603.0 444.0 609.0 440.0 614.0 small-vehicle 1
388.0 574.0 396.0 576.0 394.0 596.0 388.0 596.0 small-vehicle 1
375.0 573.0 383.0 573.0 385.0 591.0 376.0 593.0 small-vehicle 1
367.0 596.0 356.0 596.0 357.0 569.0 367.0 570.0 small-vehicle 1
368.0 318.0 368.0 309.0 389.0 308.0 388.0 316.0 small-vehicle 1
368.0 308.0 368.0 300.0 389.0 299.0 389.0 305.0 small-vehicle 1
372.0 223.0 371.0 215.0 393.0 213.0 392.0 220.0 small-vehicle 1
378.0 156.0 378.0 150.0 393.0 151.0 394.0 156.0 small-vehicle 1
372.0 117.0 366.0 115.0 367.0 99.0 373.0 100.0 small-vehicle 0
378.0 149.0 376.0 139.0 395.0 141.0 395.0 148.0 small-vehicle 1
707.0 243.0 715.0 245.0 713.0 259.0 707.0 259.0 small-vehicle 1
369.0 298.0 368.0 290.0 385.0 290.0 386.0 297.0 small-vehicle 0
372.0 232.0 371.0 225.0 390.0 226.0 390.0 232.0 small-vehicle 0
376.0 170.0 375.0 162.0 390.0 164.0 391.0 169.0 small-vehicle 0
378.0 140.0 377.0 133.0 393.0 133.0 393.0 139.0 small-vehicle 0
376.0 129.0 378.0 122.0 394.0 125.0 395.0 131.0 small-vehicle 0
891.0 146.0 901.0 146.0 901.0 166.0 893.0 167.0 small-vehicle 1
987.0 397.0 996.0 396.0 996.0 419.0 989.0 420.0 small-vehicle 1
1203.0 437.0 1211.0 436.0 1212.0 459.0 1205.0 459.0 small-vehicle 1
1088.0 145.0 1096.0 142.0 1097.0 163.0 1090.0 163.0 small-vehicle 1
1198.0 118.0 1205.0 118.0 1203.0 139.0 1198.0 139.0 small-vehicle 1
1190.0 121.0 1195.0 120.0 1195.0 141.0 1190.0 141.0 small-vehicle 1
1168.0 118.0 1175.0 118.0 1175.0 138.0 1169.0 138.0 small-vehicle 1
1118.0 120.0 1125.0 121.0 1125.0 141.0 1118.0 140.0 small-vehicle 1
1127.0 121.0 1135.0 119.0 1136.0 139.0 1128.0 139.0 small-vehicle 1
1139.0 143.0 1147.0 143.0 1146.0 159.0 1139.0 160.0 small-vehicle 1
1109.0 144.0 1116.0 143.0 1116.0 163.0 1110.0 163.0 small-vehicle 1
1078.0 142.0 1086.0 140.0 1087.0 160.0 1082.0 162.0 small-vehicle 1
1217.0 119.0 1225.0 120.0 1225.0 141.0 1219.0 139.0 small-vehicle 1
1050.0 142.0 1059.0 142.0 1060.0 165.0 1053.0 166.0 small-vehicle 1
1173.0 182.0 1182.0 184.0 1182.0 204.0 1175.0 205.0 small-vehicle 1
1194.0 182.0 1201.0 183.0 1200.0 201.0 1193.0 201.0 small-vehicle 1
1222.0 183.0 1229.0 182.0 1229.0 200.0 1224.0 200.0 small-vehicle 1
1234.0 205.0 1242.0 205.0 1238.0 223.0 1232.0 222.0 small-vehicle 1
1204.0 202.0 1210.0 203.0 1210.0 222.0 1205.0 222.0 small-vehicle 1
1194.0 206.0 1203.0 205.0 1202.0 224.0 1195.0 223.0 small-vehicle 1
1206.0 119.0 1215.0 120.0 1213.0 139.0 1206.0 139.0 small-vehicle 1
1166.0 142.0 1177.0 140.0 1177.0 161.0 1169.0 160.0 small-vehicle 1
1156.0 204.0 1163.0 205.0 1162.0 223.0 1157.0 222.0 small-vehicle 1
1178.0 118.0 1186.0 120.0 1185.0 136.0 1178.0 137.0 small-vehicle 0
1174.0 209.0 1182.0 208.0 1181.0 228.0 1173.0 227.0 small-vehicle 0
1163.0 185.0 1172.0 185.0 1173.0 204.0 1163.0 205.0 small-vehicle 0
1156.0 141.0 1165.0 142.0 1164.0 162.0 1156.0 163.0 small-vehicle 0
1187.0 143.0 1195.0 143.0 1196.0 161.0 1188.0 162.0 small-vehicle 0
1196.0 141.0 1205.0 139.0 1205.0 162.0 1197.0 162.0 small-vehicle 0
1206.0 140.0 1215.0 139.0 1215.0 159.0 1207.0 161.0 small-vehicle 0
1217.0 140.0 1227.0 142.0 1225.0 158.0 1216.0 158.0 small-vehicle 0
1156.0 118.0 1165.0 119.0 1163.0 141.0 1155.0 141.0 small-vehicle 0
1176.0 139.0 1185.0 140.0 1184.0 159.0 1178.0 159.0 small-vehicle 1
1146.0 122.0 1156.0 123.0 1154.0 143.0 1145.0 142.0 small-vehicle 0
1136.0 121.0 1145.0 120.0 1143.0 142.0 1135.0 143.0 small-vehicle 0
1107.0 125.0 1117.0 124.0 1117.0 141.0 1108.0 141.0 small-vehicle 0
1098.0 123.0 1106.0 120.0 1106.0 142.0 1097.0 142.0 small-vehicle 0
1070.0 146.0 1077.0 147.0 1077.0 166.0 1069.0 165.0 small-vehicle 0
1060.0 145.0 1069.0 146.0 1069.0 164.0 1060.0 163.0 small-vehicle 0
1033.0 144.0 1040.0 143.0 1040.0 166.0 1033.0 168.0 small-vehicle 0
1166.0 206.0 1173.0 208.0 1170.0 224.0 1165.0 223.0 small-vehicle 1
1138.0 206.0 1146.0 207.0 1143.0 226.0 1136.0 225.0 small-vehicle 1
1221.0 396.0 1229.0 395.0 1229.0 416.0 1222.0 416.0 small-vehicle 1
1178.0 310.0 1185.0 310.0 1181.0 332.0 1174.0 331.0 small-vehicle 1
1030.0 187.0 1040.0 187.0 1039.0 209.0 1031.0 208.0 small-vehicle 1
1015.0 142.0 1024.0 142.0 1023.0 166.0 1014.0 166.0 small-vehicle 1
1156.0 332.0 1165.0 331.0 1163.0 353.0 1155.0 350.0 small-vehicle 1
1107.0 328.0 1116.0 328.0 1120.0 352.0 1109.0 353.0 small-vehicle 1
1209.0 330.0 1217.0 329.0 1214.0 352.0 1208.0 351.0 small-vehicle 1
1206.0 310.0 1215.0 310.0 1213.0 329.0 1205.0 330.0 small-vehicle 1
1196.0 308.0 1203.0 309.0 1204.0 326.0 1196.0 329.0 small-vehicle 1
1166.0 309.0 1174.0 310.0 1175.0 328.0 1165.0 329.0 small-vehicle 1
1068.0 184.0 1078.0 185.0 1078.0 204.0 1069.0 205.0 small-vehicle 1
1147.0 308.0 1155.0 308.0 1155.0 329.0 1147.0 330.0 small-vehicle 1
1127.0 310.0 1136.0 310.0 1137.0 332.0 1128.0 332.0 small-vehicle 1
1199.0 396.0 1208.0 395.0 1210.0 412.0 1200.0 415.0 small-vehicle 1
1202.0 373.0 1210.0 375.0 1206.0 396.0 1198.0 393.0 small-vehicle 1
1179.0 373.0 1187.0 373.0 1187.0 395.0 1179.0 395.0 small-vehicle 1
1160.0 393.0 1169.0 393.0 1168.0 414.0 1159.0 414.0 small-vehicle 1
1232.0 395.0 1241.0 393.0 1241.0 415.0 1233.0 416.0 small-vehicle 1
1032.0 212.0 1040.0 211.0 1039.0 227.0 1031.0 228.0 small-vehicle 1
1079.0 208.0 1086.0 208.0 1086.0 227.0 1077.0 228.0 small-vehicle 1
1127.0 205.0 1136.0 205.0 1133.0 226.0 1128.0 225.0 small-vehicle 1
1173.0 246.0 1179.0 246.0 1179.0 265.0 1170.0 265.0 small-vehicle 1
1116.0 207.0 1125.0 205.0 1124.0 226.0 1118.0 225.0 small-vehicle 1
1027.0 252.0 1036.0 252.0 1035.0 271.0 1027.0 272.0 small-vehicle 1
1084.0 248.0 1092.0 248.0 1091.0 268.0 1085.0 268.0 small-vehicle 1
1103.0 269.0 1112.0 268.0 1112.0 289.0 1105.0 289.0 small-vehicle 1
1134.0 269.0 1142.0 269.0 1143.0 287.0 1135.0 288.0 small-vehicle 1
1142.0 246.0 1150.0 245.0 1152.0 266.0 1143.0 269.0 small-vehicle 1
1152.0 248.0 1160.0 246.0 1159.0 268.0 1152.0 270.0 small-vehicle 1
1161.0 246.0 1170.0 245.0 1169.0 264.0 1161.0 265.0 small-vehicle 1
1098.0 186.0 1105.0 186.0 1105.0 205.0 1097.0 206.0 small-vehicle 1
1229.0 245.0 1236.0 245.0 1239.0 263.0 1230.0 263.0 small-vehicle 1
1239.0 245.0 1248.0 245.0 1248.0 262.0 1240.0 263.0 small-vehicle 1
1240.0 269.0 1248.0 270.0 1250.0 288.0 1240.0 289.0 small-vehicle 1
1230.0 269.0 1238.0 268.0 1236.0 289.0 1229.0 289.0 small-vehicle 1
1220.0 265.0 1229.0 265.0 1228.0 288.0 1219.0 287.0 small-vehicle 1
1173.0 270.0 1182.0 270.0 1178.0 291.0 1170.0 289.0 small-vehicle 1
1108.0 186.0 1115.0 185.0 1115.0 204.0 1109.0 205.0 small-vehicle 1
312.0 2311.0 319.0 2307.0 330.0 2322.0 325.0 2328.0 small-vehicle 0
322.0 2307.0 330.0 2301.0 340.0 2318.0 335.0 2322.0 small-vehicle 0
356.0 2308.0 351.0 2312.0 338.0 2295.0 346.0 2290.0 small-vehicle 0
378.0 5380.0 377.0 5386.0 357.0 5380.0 358.0 5373.0 small-vehicle 0
216.0 5866.0 223.0 5868.0 221.0 5888.0 213.0 5887.0 small-vehicle 1
194.0 5865.0 203.0 5865.0 199.0 5886.0 192.0 5884.0 small-vehicle 1
168.0 5865.0 175.0 5865.0 172.0 5885.0 166.0 5883.0 small-vehicle 1
269.0 5801.0 263.0 5811.0 249.0 5805.0 252.0 5794.0 small-vehicle 1
259.0 5763.0 252.0 5761.0 252.0 5741.0 261.0 5742.0 small-vehicle 1
259.0 5743.0 253.0 5741.0 252.0 5719.0 259.0 5719.0 small-vehicle 1
250.0 5742.0 242.0 5739.0 242.0 5720.0 249.0 5720.0 small-vehicle 1
222.0 5741.0 212.0 5738.0 213.0 5718.0 222.0 5719.0 small-vehicle 1
191.0 5741.0 183.0 5740.0 183.0 5721.0 190.0 5718.0 small-vehicle 1
179.0 5738.0 173.0 5738.0 173.0 5718.0 179.0 5717.0 small-vehicle 1
169.0 5737.0 160.0 5738.0 159.0 5718.0 167.0 5717.0 small-vehicle 1
138.0 5717.0 147.0 5718.0 146.0 5740.0 138.0 5739.0 small-vehicle 1
250.0 5761.0 243.0 5761.0 241.0 5747.0 249.0 5743.0 small-vehicle 1
240.0 5762.0 233.0 5762.0 232.0 5744.0 237.0 5741.0 small-vehicle 1
231.0 5763.0 223.0 5761.0 223.0 5740.0 228.0 5739.0 small-vehicle 1
353.0 5701.0 345.0 5701.0 346.0 5680.0 353.0 5681.0 small-vehicle 1
336.0 5682.0 344.0 5682.0 342.0 5703.0 336.0 5702.0 small-vehicle 1
235.0 5858.0 230.0 5851.0 249.0 5838.0 251.0 5842.0 small-vehicle 1
252.0 5860.0 250.0 5850.0 270.0 5849.0 270.0 5859.0 small-vehicle 1
72.0 5859.0 80.0 5861.0 78.0 5882.0 70.0 5881.0 small-vehicle 0
233.0 5930.0 227.0 5932.0 215.0 5918.0 219.0 5912.0 small-vehicle 0
361.0 5896.0 356.0 5889.0 375.0 5878.0 379.0 5885.0 small-vehicle 0
479.0 5833.0 488.0 5833.0 485.0 5855.0 477.0 5854.0 small-vehicle 0
458.0 5971.0 467.0 5972.0 465.0 5990.0 458.0 5992.0 small-vehicle 0
381.0 5973.0 381.0 5965.0 403.0 5967.0 401.0 5975.0 small-vehicle 0
227.0 5988.0 225.0 5996.0 205.0 5994.0 205.0 5984.0 small-vehicle 0
348.0 5932.0 342.0 5936.0 329.0 5922.0 336.0 5916.0 small-vehicle 0
244.0 5927.0 236.0 5933.0 226.0 5915.0 232.0 5911.0 small-vehicle 0
208.0 5926.0 202.0 5930.0 190.0 5915.0 196.0 5909.0 small-vehicle 0
99.0 5862.0 109.0 5863.0 108.0 5882.0 98.0 5883.0 small-vehicle 0
173.0 5935.0 165.0 5935.0 163.0 5912.0 172.0 5912.0 small-vehicle 0
143.0 5923.0 137.0 5926.0 128.0 5910.0 132.0 5906.0 small-vehicle 0
131.0 5924.0 126.0 5927.0 113.0 5910.0 118.0 5903.0 small-vehicle 0
118.0 5925.0 110.0 5926.0 96.0 5908.0 105.0 5902.0 small-vehicle 0
179.0 5865.0 186.0 5866.0 185.0 5888.0 178.0 5887.0 small-vehicle 0
144.0 5884.0 135.0 5884.0 136.0 5862.0 145.0 5864.0 small-vehicle 0
126.0 5865.0 135.0 5866.0 134.0 5880.0 126.0 5882.0 small-vehicle 1
334.0 5702.0 325.0 5699.0 327.0 5681.0 333.0 5681.0 small-vehicle 1
325.0 5699.0 316.0 5700.0 316.0 5681.0 324.0 5679.0 small-vehicle 1
315.0 5701.0 307.0 5699.0 306.0 5680.0 314.0 5678.0 small-vehicle 1
298.0 5523.0 295.0 5516.0 313.0 5512.0 314.0 5518.0 small-vehicle 0
352.0 5568.0 350.0 5562.0 370.0 5557.0 373.0 5564.0 small-vehicle 0
346.0 5548.0 343.0 5541.0 366.0 5537.0 366.0 5547.0 small-vehicle 0
313.0 5591.0 308.0 5583.0 328.0 5579.0 329.0 5587.0 small-vehicle 0
307.0 5573.0 303.0 5564.0 324.0 5560.0 326.0 5566.0 small-vehicle 0
303.0 5553.0 300.0 5544.0 320.0 5539.0 323.0 5547.0 small-vehicle 0
302.0 5542.0 299.0 5535.0 316.0 5533.0 317.0 5539.0 small-vehicle 0
299.0 5534.0 296.0 5527.0 315.0 5521.0 316.0 5529.0 small-vehicle 0
295.0 5512.0 294.0 5504.0 313.0 5503.0 314.0 5511.0 small-vehicle 0
305.0 5563.0 300.0 5557.0 320.0 5549.0 322.0 5555.0 small-vehicle 1
340.0 5507.0 338.0 5501.0 362.0 5497.0 362.0 5505.0 small-vehicle 0
293.0 5490.0 294.0 5482.0 314.0 5482.0 312.0 5489.0 small-vehicle 0
362.0 5459.0 362.0 5467.0 343.0 5467.0 342.0 5461.0 small-vehicle 0
298.0 5450.0 298.0 5443.0 318.0 5445.0 316.0 5451.0 small-vehicle 0
299.0 5438.0 299.0 5432.0 317.0 5436.0 316.0 5443.0 small-vehicle 0
304.0 5410.0 306.0 5403.0 322.0 5408.0 320.0 5414.0 small-vehicle 0
308.0 5400.0 309.0 5391.0 326.0 5397.0 326.0 5404.0 small-vehicle 0
356.0 5578.0 353.0 5572.0 376.0 5567.0 377.0 5575.0 small-vehicle 1
340.0 5520.0 340.0 5513.0 365.0 5510.0 363.0 5517.0 small-vehicle 1
243.0 5696.0 232.0 5695.0 233.0 5674.0 239.0 5673.0 small-vehicle 1
98.0 5689.0 90.0 5687.0 92.0 5669.0 98.0 5669.0 small-vehicle 1
225.0 5693.0 215.0 5694.0 213.0 5674.0 221.0 5674.0 small-vehicle 1
212.0 5695.0 206.0 5694.0 205.0 5674.0 211.0 5674.0 small-vehicle 1
204.0 5695.0 196.0 5695.0 196.0 5677.0 202.0 5675.0 small-vehicle 1
193.0 5695.0 184.0 5692.0 188.0 5674.0 194.0 5674.0 small-vehicle 1
175.0 5673.0 183.0 5671.0 183.0 5689.0 176.0 5691.0 small-vehicle 1
113.0 5672.0 121.0 5672.0 120.0 5692.0 113.0 5691.0 small-vehicle 1
109.0 5691.0 102.0 5689.0 102.0 5669.0 109.0 5668.0 small-vehicle 1
90.0 5688.0 82.0 5688.0 83.0 5672.0 90.0 5668.0 small-vehicle 1
337.0 5487.0 338.0 5476.0 359.0 5481.0 359.0 5489.0 small-vehicle 1
363.0 5361.0 366.0 5353.0 383.0 5360.0 381.0 5368.0 small-vehicle 1
361.0 5370.0 364.0 5364.0 383.0 5372.0 380.0 5381.0 small-vehicle 1
352.0 5408.0 353.0 5401.0 372.0 5408.0 370.0 5414.0 small-vehicle 1
300.0 5418.0 302.0 5413.0 323.0 5419.0 321.0 5425.0 small-vehicle 1
298.0 5428.0 300.0 5422.0 319.0 5430.0 318.0 5435.0 small-vehicle 1
293.0 5469.0 294.0 5461.0 314.0 5467.0 314.0 5474.0 small-vehicle 1
295.0 5480.0 294.0 5473.0 314.0 5474.0 313.0 5482.0 small-vehicle 1
370.0 5851.0 375.0 5858.0 360.0 5868.0 355.0 5865.0 small-vehicle 0
370.0 5823.0 377.0 5829.0 362.0 5843.0 357.0 5836.0 small-vehicle 0
373.0 5715.0 380.0 5723.0 362.0 5733.0 357.0 5726.0 small-vehicle 0
251.0 6537.0 261.0 6537.0 260.0 6558.0 252.0 6558.0 small-vehicle 0
344.0 6481.0 342.0 6474.0 362.0 6471.0 364.0 6479.0 small-vehicle 1
300.0 6365.0 306.0 6367.0 302.0 6385.0 296.0 6384.0 small-vehicle 1
252.0 6355.0 259.0 6357.0 256.0 6376.0 249.0 6375.0 small-vehicle 1
242.0 6354.0 250.0 6355.0 246.0 6374.0 240.0 6373.0 small-vehicle 1
207.0 6347.0 216.0 6349.0 210.0 6368.0 205.0 6367.0 small-vehicle 1
196.0 6344.0 202.0 6347.0 199.0 6367.0 193.0 6365.0 small-vehicle 1
230.0 6491.0 238.0 6491.0 239.0 6511.0 232.0 6511.0 small-vehicle 1
242.0 6558.0 233.0 6558.0 232.0 6538.0 237.0 6538.0 small-vehicle 0
330.0 6519.0 335.0 6512.0 350.0 6529.0 345.0 6531.0 small-vehicle 1
203.0 6556.0 196.0 6557.0 196.0 6537.0 202.0 6536.0 small-vehicle 0
193.0 6557.0 186.0 6556.0 184.0 6537.0 190.0 6535.0 small-vehicle 0
177.0 6535.0 182.0 6536.0 183.0 6559.0 178.0 6559.0 small-vehicle 0
175.0 6557.0 168.0 6557.0 166.0 6537.0 172.0 6534.0 small-vehicle 0
156.0 6556.0 148.0 6557.0 146.0 6539.0 154.0 6537.0 small-vehicle 0
119.0 6519.0 119.0 6508.0 150.0 6511.0 149.0 6519.0 small-vehicle 0
136.0 6548.0 129.0 6546.0 130.0 6530.0 139.0 6529.0 small-vehicle 0
344.0 6500.0 343.0 6490.0 363.0 6494.0 361.0 6502.0 small-vehicle 1
320.0 6532.0 326.0 6528.0 339.0 6541.0 337.0 6544.0 small-vehicle 1
118.0 6554.0 109.0 6554.0 109.0 6535.0 118.0 6534.0 small-vehicle 0
390.0 6689.0 395.0 6682.0 410.0 6695.0 404.0 6700.0 small-vehicle 1
1256.0 4171.0 1268.0 4175.0 1263.0 4200.0 1251.0 4198.0 small-vehicle 0
916.0 5679.0 906.0 5676.0 909.0 5657.0 918.0 5659.0 small-vehicle 0
428.0 7106.0 421.0 7106.0 422.0 7087.0 430.0 7087.0 small-vehicle 1
406.0 7070.0 397.0 7069.0 396.0 7043.0 405.0 7042.0 small-vehicle 0
410.0 6987.0 421.0 6987.0 421.0 7011.0 412.0 7010.0 small-vehicle 0
420.0 6921.0 430.0 6924.0 425.0 6948.0 416.0 6946.0 small-vehicle 0
340.0 6680.0 341.0 6670.0 362.0 6673.0 362.0 6681.0 small-vehicle 0
139.0 6534.0 145.0 6534.0 146.0 6555.0 139.0 6555.0 small-vehicle 1
313.0 6539.0 320.0 6535.0 330.0 6549.0 326.0 6554.0 small-vehicle 1
159.0 6531.0 165.0 6532.0 165.0 6557.0 159.0 6557.0 small-vehicle 1
205.0 6537.0 214.0 6538.0 213.0 6557.0 206.0 6557.0 small-vehicle 1
241.0 6538.0 248.0 6538.0 250.0 6558.0 243.0 6558.0 small-vehicle 1
292.0 6493.0 299.0 6492.0 296.0 6515.0 291.0 6515.0 small-vehicle 1
260.0 6492.0 269.0 6491.0 268.0 6513.0 262.0 6513.0 small-vehicle 1
251.0 6492.0 258.0 6491.0 258.0 6512.0 250.0 6512.0 small-vehicle 1
242.0 6491.0 250.0 6492.0 246.0 6512.0 242.0 6512.0 small-vehicle 1
129.0 6554.0 120.0 6554.0 118.0 6534.0 125.0 6533.0 small-vehicle 0
108.0 6554.0 100.0 6554.0 102.0 6535.0 108.0 6535.0 small-vehicle 0
374.0 5742.0 379.0 5747.0 367.0 5756.0 362.0 5749.0 small-vehicle 0
140.0 5910.0 149.0 5907.0 156.0 5926.0 149.0 5928.0 small-vehicle 1
368.0 5863.0 376.0 5870.0 360.0 5883.0 354.0 5876.0 small-vehicle 1
372.0 5835.0 377.0 5840.0 362.0 5856.0 358.0 5847.0 small-vehicle 1
315.0 5920.0 324.0 5913.0 336.0 5932.0 328.0 5939.0 small-vehicle 1
303.0 5920.0 310.0 5915.0 320.0 5932.0 313.0 5936.0 small-vehicle 1
240.0 5916.0 248.0 5910.0 259.0 5930.0 253.0 5933.0 small-vehicle 1
205.0 5914.0 211.0 5912.0 219.0 5928.0 214.0 5930.0 small-vehicle 1
182.0 5915.0 189.0 5913.0 196.0 5927.0 189.0 5931.0 small-vehicle 1
236.0 5842.0 232.0 5836.0 248.0 5827.0 251.0 5834.0 small-vehicle 1
355.0 5926.0 365.0 5920.0 375.0 5939.0 365.0 5942.0 small-vehicle 1
235.0 5830.0 232.0 5825.0 246.0 5812.0 249.0 5819.0 small-vehicle 1
373.0 5808.0 378.0 5814.0 363.0 5826.0 356.0 5820.0 small-vehicle 1
372.0 5797.0 379.0 5804.0 360.0 5815.0 356.0 5808.0 small-vehicle 1
373.0 5782.0 378.0 5789.0 364.0 5799.0 360.0 5795.0 small-vehicle 1
374.0 5769.0 379.0 5776.0 366.0 5788.0 360.0 5779.0 small-vehicle 1
374.0 5755.0 380.0 5759.0 365.0 5771.0 359.0 5766.0 small-vehicle 1
368.0 5686.0 375.0 5682.0 384.0 5696.0 377.0 5699.0 small-vehicle 1
368.0 5892.0 374.0 5897.0 362.0 5910.0 355.0 5906.0 small-vehicle 1
412.0 6025.0 420.0 6016.0 435.0 6032.0 429.0 6039.0 small-vehicle 1
100.0 6554.0 92.0 6554.0 91.0 6530.0 96.0 6529.0 small-vehicle 0
300.0 6559.0 291.0 6558.0 292.0 6535.0 299.0 6533.0 small-vehicle 0
90.0 6551.0 82.0 6552.0 81.0 6530.0 89.0 6529.0 small-vehicle 0
79.0 6554.0 72.0 6554.0 72.0 6532.0 79.0 6532.0 small-vehicle 0
70.0 6553.0 63.0 6552.0 63.0 6532.0 71.0 6531.0 small-vehicle 0
53.0 6552.0 45.0 6551.0 44.0 6528.0 52.0 6529.0 small-vehicle 0
43.0 6553.0 36.0 6552.0 33.0 6529.0 40.0 6528.0 small-vehicle 0
269.0 6360.0 279.0 6362.0 275.0 6382.0 265.0 6379.0 small-vehicle 0
260.0 6357.0 267.0 6358.0 263.0 6377.0 257.0 6375.0 small-vehicle 0
288.0 6561.0 281.0 6559.0 282.0 6538.0 288.0 6537.0 small-vehicle 0
425.0 6196.0 433.0 6196.0 432.0 6218.0 423.0 6217.0 small-vehicle 1
310.0 6558.0 302.0 6558.0 300.0 6539.0 308.0 6539.0 small-vehicle 0
277.0 6493.0 285.0 6494.0 281.0 6517.0 275.0 6514.0 small-vehicle 0
425.0 6519.0 416.0 6518.0 416.0 6500.0 425.0 6499.0 small-vehicle 0
442.0 6424.0 450.0 6424.0 449.0 6453.0 440.0 6451.0 small-vehicle 0
303.0 6341.0 304.0 6346.0 282.0 6347.0 283.0 6337.0 small-vehicle 0
186.0 6327.0 181.0 6320.0 197.0 6308.0 202.0 6318.0 small-vehicle 0
459.0 6127.0 469.0 6129.0 466.0 6153.0 459.0 6154.0 small-vehicle 0
368.0 5423.0 367.0 5431.0 351.0 5430.0 349.0 5422.0 small-vehicle 0
368.0 5341.0 370.0 5332.0 389.0 5340.0 389.0 5346.0 small-vehicle 0
396.0 2306.0 385.0 2305.0 382.0 2283.0 392.0 2283.0 small-vehicle 0
369.0 5333.0 369.0 5326.0 393.0 5329.0 393.0 5336.0 small-vehicle 0
435.0 2968.0 435.0 2960.0 453.0 2963.0 453.0 2970.0 small-vehicle 1
485.0 2895.0 486.0 2886.0 505.0 2887.0 505.0 2895.0 small-vehicle 1
487.0 2856.0 486.0 2849.0 509.0 2847.0 509.0 2857.0 small-vehicle 1
489.0 2866.0 487.0 2860.0 508.0 2859.0 507.0 2865.0 small-vehicle 1
480.0 2966.0 480.0 2958.0 500.0 2959.0 502.0 2965.0 small-vehicle 1
479.0 2975.0 480.0 2969.0 502.0 2967.0 502.0 2975.0 small-vehicle 1
463.0 3000.0 472.0 3000.0 470.0 3019.0 462.0 3019.0 small-vehicle 1
442.0 2997.0 451.0 2998.0 448.0 3020.0 440.0 3019.0 small-vehicle 1
370.0 2995.0 371.0 2986.0 388.0 2986.0 388.0 2994.0 small-vehicle 1
418.0 2965.0 418.0 2957.0 437.0 2957.0 437.0 2966.0 small-vehicle 1
443.0 2947.0 443.0 2940.0 460.0 2942.0 461.0 2946.0 small-vehicle 1
420.0 2946.0 419.0 2939.0 440.0 2939.0 440.0 2947.0 small-vehicle 1
422.0 2935.0 422.0 2928.0 443.0 2930.0 442.0 2935.0 small-vehicle 1
443.0 2914.0 443.0 2906.0 461.0 2906.0 460.0 2915.0 small-vehicle 1
441.0 2894.0 443.0 2886.0 460.0 2889.0 458.0 2898.0 small-vehicle 1
420.0 2910.0 420.0 2905.0 440.0 2906.0 438.0 2915.0 small-vehicle 1
420.0 2922.0 421.0 2915.0 436.0 2916.0 438.0 2923.0 small-vehicle 1
329.0 3295.0 319.0 3295.0 320.0 3271.0 328.0 3272.0 small-vehicle 1
348.0 3298.0 338.0 3298.0 339.0 3274.0 348.0 3274.0 small-vehicle 1
308.0 3293.0 299.0 3292.0 299.0 3272.0 309.0 3270.0 small-vehicle 1
388.0 3677.0 396.0 3677.0 395.0 3696.0 385.0 3697.0 small-vehicle 1
320.0 3679.0 329.0 3679.0 327.0 3696.0 319.0 3697.0 small-vehicle 1
301.0 3676.0 308.0 3676.0 309.0 3695.0 303.0 3695.0 small-vehicle 1
283.0 3676.0 288.0 3676.0 289.0 3692.0 283.0 3693.0 small-vehicle 1
262.0 3674.0 270.0 3674.0 268.0 3696.0 261.0 3695.0 small-vehicle 1
242.0 3674.0 250.0 3672.0 250.0 3696.0 242.0 3694.0 small-vehicle 1
459.0 3714.0 457.0 3707.0 475.0 3703.0 475.0 3712.0 small-vehicle 1
407.0 3680.0 413.0 3681.0 413.0 3700.0 406.0 3700.0 small-vehicle 1
348.0 3679.0 356.0 3679.0 355.0 3697.0 347.0 3697.0 small-vehicle 0
353.0 3234.0 362.0 3234.0 359.0 3254.0 352.0 3254.0 small-vehicle 0
338.0 3677.0 346.0 3678.0 343.0 3697.0 337.0 3697.0 small-vehicle 0
310.0 3676.0 319.0 3675.0 316.0 3696.0 309.0 3696.0 small-vehicle 0
273.0 3676.0 279.0 3676.0 278.0 3695.0 272.0 3694.0 small-vehicle 0
252.0 3673.0 260.0 3674.0 258.0 3693.0 253.0 3694.0 small-vehicle 0
556.0 3813.0 563.0 3815.0 562.0 3834.0 553.0 3835.0 small-vehicle 0
572.0 3428.0 582.0 3428.0 579.0 3450.0 569.0 3450.0 small-vehicle 0
430.0 3300.0 423.0 3300.0 425.0 3276.0 430.0 3277.0 small-vehicle 0
373.0 2965.0 372.0 2955.0 392.0 2957.0 392.0 2965.0 small-vehicle 1
372.0 2956.0 372.0 2948.0 393.0 2949.0 393.0 2955.0 small-vehicle 1
370.0 2936.0 370.0 2930.0 396.0 2930.0 396.0 2937.0 small-vehicle 1
278.0 2533.0 286.0 2534.0 283.0 2553.0 277.0 2553.0 small-vehicle 0
442.0 2756.0 441.0 2749.0 460.0 2750.0 460.0 2755.0 small-vehicle 0
587.0 2595.0 578.0 2594.0 579.0 2571.0 589.0 2571.0 small-vehicle 0
262.0 2424.0 382.0 2311.0 528.0 2457.0 409.0 2573.0 swimming-pool 0
210.0 2593.0 222.0 2594.0 218.0 2613.0 209.0 2614.0 small-vehicle 0
345.0 2619.0 336.0 2619.0 337.0 2597.0 346.0 2598.0 small-vehicle 0
316.0 2599.0 323.0 2601.0 326.0 2621.0 317.0 2621.0 small-vehicle 0
282.0 2627.0 275.0 2627.0 273.0 2602.0 285.0 2601.0 small-vehicle 0
266.0 2537.0 275.0 2535.0 273.0 2554.0 264.0 2554.0 small-vehicle 0
365.0 2830.0 362.0 2825.0 380.0 2812.0 386.0 2818.0 small-vehicle 0
256.0 2532.0 265.0 2532.0 264.0 2557.0 254.0 2558.0 small-vehicle 0
246.0 2532.0 254.0 2536.0 251.0 2555.0 245.0 2555.0 small-vehicle 0
236.0 2532.0 244.0 2532.0 244.0 2553.0 236.0 2553.0 small-vehicle 0
215.0 2533.0 225.0 2532.0 226.0 2551.0 215.0 2553.0 small-vehicle 0
482.0 2308.0 473.0 2308.0 474.0 2286.0 482.0 2287.0 small-vehicle 0
413.0 2306.0 403.0 2305.0 406.0 2280.0 419.0 2282.0 small-vehicle 0
403.0 2304.0 396.0 2304.0 394.0 2280.0 404.0 2280.0 small-vehicle 0
444.0 2770.0 442.0 2762.0 463.0 2764.0 460.0 2770.0 small-vehicle 0
373.0 2848.0 369.0 2841.0 383.0 2827.0 389.0 2832.0 small-vehicle 0
393.0 2921.0 392.0 2929.0 373.0 2927.0 373.0 2921.0 small-vehicle 1
501.0 2976.0 500.0 2982.0 482.0 2983.0 480.0 2976.0 small-vehicle 0
439.0 2897.0 439.0 2905.0 418.0 2905.0 419.0 2896.0 small-vehicle 0
439.0 2887.0 440.0 2893.0 419.0 2892.0 419.0 2887.0 small-vehicle 0
375.0 2918.0 374.0 2911.0 393.0 2912.0 394.0 2918.0 small-vehicle 0
373.0 2908.0 373.0 2901.0 393.0 2900.0 395.0 2910.0 small-vehicle 0
373.0 2974.0 372.0 2967.0 390.0 2969.0 391.0 2974.0 small-vehicle 0
416.0 2957.0 416.0 2949.0 437.0 2952.0 438.0 2957.0 small-vehicle 0
438.0 3017.0 430.0 3016.0 432.0 2997.0 439.0 2999.0 small-vehicle 0
500.0 2947.0 500.0 2954.0 483.0 2956.0 480.0 2947.0 small-vehicle 0
490.0 2837.0 490.0 2831.0 510.0 2832.0 509.0 2838.0 small-vehicle 0
500.0 2936.0 502.0 2943.0 485.0 2944.0 482.0 2937.0 small-vehicle 0
505.0 2917.0 504.0 2925.0 484.0 2926.0 483.0 2916.0 small-vehicle 0
503.0 2900.0 503.0 2906.0 481.0 2903.0 482.0 2899.0 small-vehicle 0
505.0 2880.0 504.0 2887.0 483.0 2887.0 482.0 2878.0 small-vehicle 0
507.0 2869.0 506.0 2879.0 486.0 2877.0 486.0 2870.0 small-vehicle 0
507.0 2842.0 507.0 2847.0 489.0 2847.0 489.0 2840.0 small-vehicle 0
565.0 2940.0 556.0 2938.0 558.0 2919.0 567.0 2919.0 small-vehicle 0
732.0 3856.0 732.0 3849.0 751.0 3852.0 750.0 3858.0 small-vehicle 1
262.0 4175.0 270.0 4172.0 276.0 4195.0 268.0 4198.0 small-vehicle 1
275.0 4177.0 280.0 4175.0 288.0 4194.0 281.0 4198.0 small-vehicle 1
170.0 5003.0 179.0 5003.0 177.0 5025.0 172.0 5026.0 small-vehicle 1
100.0 5082.0 109.0 5083.0 106.0 5105.0 99.0 5105.0 small-vehicle 1
139.0 5052.0 146.0 5052.0 146.0 5072.0 139.0 5073.0 small-vehicle 1
129.0 5054.0 138.0 5054.0 136.0 5075.0 129.0 5073.0 small-vehicle 1
121.0 5047.0 129.0 5047.0 126.0 5072.0 120.0 5072.0 small-vehicle 1
196.0 5006.0 202.0 5006.0 202.0 5023.0 197.0 5024.0 small-vehicle 1
187.0 5004.0 195.0 5005.0 192.0 5024.0 189.0 5023.0 small-vehicle 1
179.0 5005.0 186.0 5005.0 184.0 5024.0 182.0 5024.0 small-vehicle 1
152.0 5003.0 158.0 5002.0 157.0 5022.0 150.0 5022.0 small-vehicle 1
304.0 5092.0 312.0 5093.0 307.0 5116.0 301.0 5114.0 small-vehicle 1
124.0 5133.0 133.0 5133.0 130.0 5155.0 123.0 5155.0 small-vehicle 0
298.0 5160.0 289.0 5159.0 294.0 5137.0 300.0 5139.0 small-vehicle 0
315.0 5096.0 321.0 5099.0 317.0 5117.0 310.0 5112.0 small-vehicle 0
294.0 5092.0 301.0 5093.0 298.0 5115.0 290.0 5112.0 small-vehicle 0
265.0 5086.0 272.0 5088.0 268.0 5110.0 262.0 5108.0 small-vehicle 0
253.0 5090.0 262.0 5091.0 260.0 5111.0 250.0 5111.0 small-vehicle 0
233.0 5088.0 241.0 5089.0 238.0 5111.0 230.0 5107.0 small-vehicle 0
129.0 5082.0 137.0 5082.0 134.0 5104.0 128.0 5104.0 small-vehicle 1
325.0 5099.0 333.0 5102.0 326.0 5122.0 321.0 5120.0 small-vehicle 1
167.0 5086.0 174.0 5088.0 171.0 5108.0 163.0 5105.0 small-vehicle 0
379.0 5267.0 378.0 5260.0 399.0 5257.0 399.0 5264.0 small-vehicle 1
316.0 5354.0 318.0 5345.0 339.0 5353.0 338.0 5360.0 small-vehicle 0
322.0 5344.0 323.0 5337.0 343.0 5344.0 339.0 5349.0 small-vehicle 0
393.0 5310.0 393.0 5317.0 372.0 5315.0 373.0 5309.0 small-vehicle 1
393.0 5301.0 389.0 5309.0 371.0 5305.0 371.0 5298.0 small-vehicle 1
397.0 5287.0 396.0 5295.0 376.0 5296.0 375.0 5289.0 small-vehicle 1
377.0 5286.0 376.0 5279.0 397.0 5279.0 397.0 5286.0 small-vehicle 1
378.0 5276.0 378.0 5269.0 396.0 5267.0 396.0 5273.0 small-vehicle 1
376.0 5259.0 376.0 5251.0 396.0 5250.0 398.0 5256.0 small-vehicle 1
436.0 5064.0 435.0 5058.0 455.0 5058.0 455.0 5063.0 small-vehicle 1
375.0 5244.0 375.0 5236.0 396.0 5240.0 396.0 5246.0 small-vehicle 1
326.0 5306.0 328.0 5297.0 347.0 5301.0 346.0 5308.0 small-vehicle 1
282.0 5136.0 288.0 5136.0 286.0 5158.0 280.0 5158.0 small-vehicle 1
262.0 5138.0 270.0 5139.0 266.0 5156.0 261.0 5155.0 small-vehicle 1
251.0 5136.0 259.0 5137.0 257.0 5155.0 250.0 5154.0 small-vehicle 1
240.0 5132.0 247.0 5131.0 247.0 5152.0 242.0 5152.0 small-vehicle 1
230.0 5134.0 236.0 5135.0 235.0 5154.0 228.0 5153.0 small-vehicle 1
177.0 5085.0 186.0 5085.0 183.0 5109.0 177.0 5109.0 small-vehicle 0
118.0 5085.0 126.0 5083.0 127.0 5103.0 118.0 5103.0 small-vehicle 0
400.0 4386.0 392.0 4386.0 391.0 4364.0 400.0 4364.0 small-vehicle 0
374.0 4754.0 380.0 4755.0 379.0 4776.0 373.0 4775.0 small-vehicle 1
185.0 4731.0 179.0 4731.0 178.0 4714.0 186.0 4714.0 small-vehicle 1
377.0 4821.0 372.0 4821.0 371.0 4804.0 378.0 4804.0 small-vehicle 1
394.0 4825.0 387.0 4825.0 388.0 4807.0 394.0 4805.0 small-vehicle 1
403.0 4806.0 413.0 4807.0 412.0 4827.0 403.0 4827.0 small-vehicle 1
408.0 4757.0 417.0 4759.0 414.0 4775.0 410.0 4775.0 small-vehicle 1
390.0 4757.0 398.0 4758.0 397.0 4774.0 390.0 4777.0 small-vehicle 1
383.0 4753.0 390.0 4755.0 389.0 4772.0 382.0 4771.0 small-vehicle 1
365.0 4752.0 371.0 4752.0 370.0 4771.0 365.0 4771.0 small-vehicle 1
138.0 4731.0 130.0 4730.0 131.0 4709.0 138.0 4710.0 small-vehicle 1
355.0 4755.0 361.0 4755.0 360.0 4776.0 353.0 4775.0 small-vehicle 1
345.0 4754.0 352.0 4754.0 350.0 4776.0 343.0 4774.0 small-vehicle 1
387.0 4706.0 386.0 4696.0 408.0 4696.0 407.0 4705.0 small-vehicle 1
389.0 4631.0 387.0 4625.0 413.0 4624.0 412.0 4631.0 small-vehicle 1
266.0 4517.0 266.0 4507.0 284.0 4510.0 285.0 4518.0 small-vehicle 1
258.0 4559.0 247.0 4559.0 249.0 4536.0 257.0 4535.0 small-vehicle 1
240.0 4477.0 240.0 4468.0 260.0 4470.0 261.0 4477.0 small-vehicle 1
174.0 4735.0 168.0 4733.0 170.0 4714.0 175.0 4714.0 small-vehicle 1
159.0 4711.0 166.0 4712.0 166.0 4728.0 159.0 4728.0 small-vehicle 1
185.0 5075.0 179.0 5075.0 178.0 5052.0 183.0 5053.0 small-vehicle 0
123.0 5001.0 132.0 5001.0 132.0 5021.0 125.0 5021.0 small-vehicle 0
175.0 5073.0 169.0 5072.0 168.0 5053.0 175.0 5052.0 small-vehicle 0
164.0 5073.0 157.0 5073.0 158.0 5052.0 165.0 5052.0 small-vehicle 0
154.0 5075.0 148.0 5073.0 149.0 5051.0 155.0 5051.0 small-vehicle 0
118.0 5069.0 109.0 5069.0 110.0 5050.0 117.0 5050.0 small-vehicle 0
213.0 5025.0 204.0 5025.0 205.0 5006.0 212.0 5006.0 small-vehicle 0
162.0 5003.0 168.0 5004.0 166.0 5026.0 161.0 5025.0 small-vehicle 0
133.0 5006.0 141.0 5006.0 140.0 5025.0 132.0 5025.0 small-vehicle 0
112.0 5002.0 121.0 5002.0 121.0 5023.0 113.0 5025.0 small-vehicle 0
159.0 4692.0 166.0 4691.0 166.0 4711.0 160.0 4711.0 small-vehicle 1
494.0 5029.0 485.0 5029.0 485.0 5006.0 493.0 5008.0 small-vehicle 0
364.0 4975.0 371.0 4977.0 369.0 4998.0 363.0 4996.0 small-vehicle 0
343.0 4975.0 352.0 4974.0 351.0 4996.0 344.0 4998.0 small-vehicle 0
331.0 4975.0 339.0 4975.0 338.0 4996.0 332.0 4996.0 small-vehicle 0
112.0 4714.0 119.0 4715.0 118.0 4735.0 112.0 4735.0 small-vehicle 0
140.0 4708.0 132.0 4707.0 134.0 4688.0 139.0 4688.0 small-vehicle 0
149.0 4709.0 143.0 4710.0 142.0 4692.0 150.0 4691.0 small-vehicle 0
1477.0 2465.0 1472.0 2494.0 1445.0 2489.0 1451.0 2459.0 plane 0
