imagesource:GoogleEarth
gsd:0.566417774198
6382.0 1194.0 6328.0 1186.0 6335.0 1129.0 6389.0 1138.0 plane 0
6565.0 1245.0 6593.0 1284.0 6557.0 1313.0 6529.0 1272.0 plane 0
2666.0 3238.0 2702.0 3287.0 2653.0 3321.0 2618.0 3270.0 plane 0
2234.0 2314.0 2284.0 2281.0 2320.0 2333.0 2269.0 2365.0 plane 0
1623.0 3092.0 1685.0 3064.0 1712.0 3120.0 1652.0 3151.0 plane 0
1745.0 3094.0 1701.0 3069.0 1723.0 3024.0 1768.0 3048.0 plane 0
1721.0 3100.0 1696.0 3108.0 1685.0 3084.0 1711.0 3074.0 plane 0
1632.0 3084.0 1623.0 3110.0 1599.0 3102.0 1608.0 3074.0 plane 0
1620.0 3109.0 1617.0 3138.0 1592.0 3136.0 1594.0 3106.0 plane 0
1618.0 3130.0 1621.0 3177.0 1580.0 3179.0 1578.0 3132.0 plane 0
1617.0 3168.0 1657.0 3196.0 1631.0 3234.0 1589.0 3206.0 plane 0
1786.0 3125.0 1798.0 3076.0 1845.0 3090.0 1834.0 3137.0 plane 0
1776.0 3194.0 1766.0 3148.0 1809.0 3141.0 1818.0 3186.0 plane 0
1677.0 3266.0 1668.0 3220.0 1713.0 3214.0 1721.0 3258.0 plane 0
1027.0 3693.0 937.0 3714.0 914.0 3616.0 1003.0 3596.0 plane 0
1216.0 3736.0 1176.0 3754.0 1154.0 3716.0 1197.0 3696.0 plane 0
1165.0 3758.0 1135.0 3778.0 1113.0 3747.0 1148.0 3729.0 plane 0
2539.0 2655.0 2634.0 2595.0 2687.0 2668.0 2590.0 2730.0 plane 0
2743.0 2609.0 2678.0 2652.0 2635.0 2583.0 2699.0 2543.0 plane 0
2780.0 2582.0 2740.0 2609.0 2707.0 2559.0 2751.0 2534.0 plane 0
3972.0 1273.0 3937.0 1218.0 3998.0 1182.0 4032.0 1233.0 plane 0
6074.0 1340.0 6070.0 1388.0 6013.0 1384.0 6019.0 1331.0 plane 0
5534.0 646.0 5466.0 686.0 5422.0 608.0 5488.0 574.0 plane 0
5262.0 818.0 5216.0 846.0 5178.0 790.0 5225.0 762.0 plane 0
4536.0 1366.0 4588.0 1333.0 4623.0 1383.0 4571.0 1416.0 plane 0
4522.0 1444.0 4472.0 1462.0 4452.0 1406.0 4504.0 1391.0 plane 0
3926.0 1205.0 3894.0 1152.0 3951.0 1114.0 3984.0 1168.0 plane 0
3991.0 1326.0 3979.0 1268.0 4040.0 1257.0 4053.0 1316.0 plane 0
2857.0 2518.0 2802.0 2548.0 2770.0 2487.0 2826.0 2459.0 plane 0
3764.0 1244.0 3794.0 1294.0 3740.0 1329.0 3709.0 1278.0 plane 0
3875.0 1394.0 3980.0 1386.0 3995.0 1484.0 3888.0 1498.0 plane 0
3768.0 1442.0 3753.0 1545.0 3639.0 1530.0 3655.0 1421.0 plane 0
3419.0 1744.0 3509.0 1686.0 3573.0 1781.0 3483.0 1842.0 plane 0
2975.0 2422.0 2928.0 2450.0 2898.0 2402.0 2946.0 2376.0 plane 0
2812.0 2445.0 2882.0 2404.0 2931.0 2484.0 2861.0 2525.0 plane 0
448.0 4547.0 399.0 4575.0 363.0 4519.0 418.0 4487.0 plane 0
