imagesource:GoogleEarth
gsd:0.141634742614
1104.0 1209.0 1116.0 1192.0 1178.0 1239.0 1164.0 1254.0 large-vehicle 0
2913.0 1050.0 2925.0 1065.0 2898.0 1087.0 2888.0 1074.0 small-vehicle 1
3001.0 1066.0 2986.0 1052.0 3018.0 1026.0 3031.0 1043.0 small-vehicle 1
3012.0 1080.0 3002.0 1069.0 3031.0 1043.0 3043.0 1059.0 small-vehicle 1
2936.0 1082.0 2946.0 1095.0 2924.0 1116.0 2911.0 1100.0 small-vehicle 1
2949.0 1097.0 2961.0 1116.0 2932.0 1136.0 2922.0 1121.0 small-vehicle 1
2962.0 1116.0 2973.0 1130.0 2946.0 1150.0 2933.0 1139.0 small-vehicle 1
2975.0 1130.0 2987.0 1148.0 2957.0 1169.0 2944.0 1154.0 small-vehicle 1
2903.0 1105.0 2919.0 1123.0 2889.0 1150.0 2872.0 1136.0 small-vehicle 1
2918.0 1124.0 2931.0 1142.0 2900.0 1166.0 2886.0 1154.0 small-vehicle 1
2931.0 1145.0 2942.0 1156.0 2913.0 1180.0 2903.0 1169.0 small-vehicle 1
2943.0 1158.0 2955.0 1172.0 2925.0 1194.0 2915.0 1179.0 small-vehicle 1
2953.0 1172.0 2966.0 1192.0 2937.0 1210.0 2923.0 1197.0 small-vehicle 1
2965.0 1063.0 2980.0 1053.0 2995.0 1080.0 2980.0 1091.0 small-vehicle 1
2990.0 1094.0 3003.0 1085.0 3023.0 1111.0 3009.0 1120.0 small-vehicle 1
3012.0 1129.0 3028.0 1118.0 3050.0 1149.0 3036.0 1160.0 small-vehicle 1
3274.0 551.0 3284.0 560.0 3264.0 578.0 3255.0 570.0 small-vehicle 1
3213.0 648.0 3202.0 661.0 3180.0 639.0 3195.0 627.0 small-vehicle 1
3244.0 631.0 3225.0 645.0 3205.0 620.0 3223.0 606.0 small-vehicle 1
3183.0 668.0 3171.0 683.0 3150.0 660.0 3165.0 645.0 small-vehicle 1
3161.0 686.0 3148.0 698.0 3127.0 680.0 3143.0 664.0 small-vehicle 1
2925.0 1069.0 2935.0 1082.0 2910.0 1102.0 2898.0 1090.0 small-vehicle 1
2835.0 1081.0 2819.0 1067.0 2856.0 1026.0 2870.0 1040.0 small-vehicle 1
4944.0 4697.0 5029.0 4675.0 5044.0 4744.0 4965.0 4767.0 plane 0
2798.0 1026.0 2788.0 1012.0 2816.0 998.0 2825.0 1008.0 small-vehicle 1
5117.0 4645.0 5195.0 4627.0 5214.0 4689.0 5139.0 4712.0 plane 0
4459.0 5105.0 4534.0 5075.0 4559.0 5135.0 4485.0 5168.0 plane 0
4739.0 4994.0 4823.0 4973.0 4842.0 5045.0 4763.0 5070.0 plane 0
4825.0 4974.0 4905.0 4947.0 4929.0 5012.0 4848.0 5040.0 plane 0
4975.0 4908.0 5064.0 4865.0 5102.0 4933.0 5013.0 4979.0 plane 0
5088.0 4889.0 5172.0 4857.0 5193.0 4908.0 5107.0 4938.0 plane 0
5188.0 4832.0 5288.0 4805.0 5314.0 4879.0 5214.0 4908.0 plane 0
3866.0 4882.0 3842.0 4946.0 3772.0 4930.0 3794.0 4860.0 plane 1
4785.0 2469.0 4750.0 2384.0 4817.0 2357.0 4854.0 2437.0 plane 0
4194.0 2702.0 4188.0 2683.0 4250.0 2664.0 4257.0 2684.0 large-vehicle 0
4188.0 2678.0 4179.0 2654.0 4240.0 2635.0 4247.0 2654.0 large-vehicle 0
4179.0 2647.0 4170.0 2625.0 4229.0 2604.0 4237.0 2625.0 large-vehicle 0
4169.0 2618.0 4160.0 2598.0 4218.0 2579.0 4225.0 2598.0 large-vehicle 0
4262.0 2619.0 4254.0 2600.0 4315.0 2579.0 4320.0 2595.0 large-vehicle 0
4254.0 2594.0 4247.0 2575.0 4324.0 2547.0 4330.0 2569.0 large-vehicle 0
4233.0 2545.0 4225.0 2525.0 4278.0 2505.0 4284.0 2527.0 large-vehicle 0
4398.0 2344.0 4390.0 2365.0 4335.0 2348.0 4343.0 2327.0 large-vehicle 0
4382.0 2377.0 4377.0 2394.0 4323.0 2378.0 4329.0 2358.0 large-vehicle 0
4372.0 2404.0 4368.0 2420.0 4313.0 2402.0 4320.0 2384.0 large-vehicle 0
3097.0 688.0 3107.0 675.0 3141.0 707.0 3132.0 717.0 small-vehicle 1
3134.0 745.0 3122.0 754.0 3096.0 729.0 3108.0 719.0 small-vehicle 1
3122.0 760.0 3112.0 769.0 3084.0 744.0 3095.0 736.0 small-vehicle 1
3213.0 887.0 3226.0 905.0 3196.0 925.0 3185.0 909.0 small-vehicle 1
3639.0 1112.0 3645.0 1131.0 3611.0 1141.0 3605.0 1122.0 small-vehicle 1
3643.0 1132.0 3651.0 1147.0 3620.0 1161.0 3610.0 1147.0 small-vehicle 1
3655.0 1152.0 3662.0 1171.0 3620.0 1180.0 3617.0 1163.0 small-vehicle 1
3475.0 1072.0 3482.0 1088.0 3452.0 1099.0 3444.0 1087.0 small-vehicle 1
3509.0 1066.0 3517.0 1082.0 3490.0 1096.0 3479.0 1080.0 small-vehicle 1
3523.0 1080.0 3535.0 1096.0 3507.0 1112.0 3497.0 1098.0 small-vehicle 1
3531.0 1106.0 3540.0 1123.0 3506.0 1137.0 3498.0 1118.0 small-vehicle 1
3541.0 1123.0 3553.0 1140.0 3520.0 1156.0 3510.0 1143.0 small-vehicle 1
3551.0 1142.0 3557.0 1158.0 3533.0 1171.0 3523.0 1159.0 small-vehicle 1
3558.0 1160.0 3567.0 1180.0 3537.0 1192.0 3529.0 1178.0 small-vehicle 1
3575.0 1178.0 3583.0 1195.0 3549.0 1209.0 3541.0 1193.0 small-vehicle 1
3580.0 1196.0 3586.0 1215.0 3557.0 1226.0 3548.0 1209.0 small-vehicle 1
3591.0 1222.0 3596.0 1240.0 3564.0 1246.0 3559.0 1232.0 small-vehicle 1
3598.0 1241.0 3605.0 1252.0 3576.0 1265.0 3570.0 1255.0 small-vehicle 1
3613.0 1250.0 3625.0 1266.0 3595.0 1283.0 3584.0 1267.0 small-vehicle 1
3485.0 1090.0 3492.0 1100.0 3465.0 1118.0 3457.0 1108.0 small-vehicle 1
3491.0 1105.0 3499.0 1120.0 3472.0 1135.0 3460.0 1121.0 small-vehicle 1
3497.0 1126.0 3509.0 1142.0 3476.0 1162.0 3465.0 1148.0 small-vehicle 1
3509.0 1143.0 3519.0 1158.0 3492.0 1182.0 3478.0 1167.0 small-vehicle 1
3631.0 1088.0 3640.0 1103.0 3606.0 1120.0 3597.0 1104.0 small-vehicle 1
3627.0 1068.0 3633.0 1088.0 3600.0 1101.0 3591.0 1084.0 small-vehicle 1
3620.0 1046.0 3626.0 1065.0 3591.0 1076.0 3583.0 1061.0 small-vehicle 1
3376.0 1026.0 3387.0 1018.0 3404.0 1051.0 3390.0 1057.0 small-vehicle 1
3308.0 894.0 3325.0 887.0 3342.0 922.0 3327.0 931.0 small-vehicle 1
3329.0 892.0 3340.0 885.0 3359.0 921.0 3349.0 925.0 small-vehicle 1
3349.0 884.0 3364.0 872.0 3387.0 902.0 3372.0 912.0 small-vehicle 1
3399.0 878.0 3413.0 871.0 3430.0 903.0 3415.0 912.0 small-vehicle 1
3425.0 818.0 3435.0 831.0 3409.0 852.0 3398.0 839.0 small-vehicle 1
3372.0 991.0 3386.0 997.0 3373.0 1029.0 3359.0 1024.0 small-vehicle 1
3362.0 1032.0 3372.0 1025.0 3389.0 1058.0 3376.0 1063.0 small-vehicle 1
3333.0 1042.0 3352.0 1035.0 3369.0 1071.0 3351.0 1079.0 small-vehicle 1
3395.0 1019.0 3410.0 1011.0 3424.0 1047.0 3409.0 1055.0 small-vehicle 1
3616.0 1021.0 3624.0 1039.0 3585.0 1053.0 3577.0 1034.0 small-vehicle 1
3413.0 1011.0 3428.0 1004.0 3441.0 1040.0 3425.0 1045.0 small-vehicle 1
3429.0 1003.0 3443.0 1000.0 3453.0 1032.0 3443.0 1039.0 small-vehicle 1
3445.0 997.0 3462.0 991.0 3473.0 1029.0 3453.0 1036.0 small-vehicle 1
3491.0 977.0 3506.0 972.0 3517.0 1009.0 3502.0 1013.0 small-vehicle 1
3513.0 969.0 3532.0 966.0 3538.0 1003.0 3520.0 1008.0 small-vehicle 1
3538.0 962.0 3553.0 959.0 3553.0 993.0 3539.0 995.0 small-vehicle 1
3575.0 952.0 3590.0 955.0 3577.0 986.0 3561.0 979.0 small-vehicle 1
3581.0 1031.0 3575.0 1015.0 3606.0 1006.0 3613.0 1022.0 small-vehicle 1
5028.0 4675.0 5108.0 4650.0 5128.0 4718.0 5052.0 4743.0 plane 0
4964.0 4782.0 4872.0 4810.0 4848.0 4744.0 4942.0 4717.0 plane 0
1138.0 1172.0 1153.0 1156.0 1204.0 1214.0 1190.0 1226.0 large-vehicle 0
3219.0 2312.0 3162.0 2365.0 3115.0 2323.0 3169.0 2268.0 plane 0
3177.0 2425.0 3128.0 2490.0 3059.0 2444.0 3113.0 2379.0 plane 0
3045.0 2422.0 2985.0 2450.0 2955.0 2394.0 3022.0 2365.0 plane 1
3090.0 2430.0 3022.0 2464.0 2994.0 2399.0 3062.0 2373.0 plane 0
3013.0 2470.0 2960.0 2528.0 2902.0 2483.0 2957.0 2419.0 plane 0
2940.0 2559.0 2877.0 2605.0 2840.0 2553.0 2907.0 2508.0 plane 0
2889.0 2613.0 2807.0 2682.0 2737.0 2589.0 2823.0 2527.0 plane 0
2238.0 2762.0 2433.0 2629.0 2619.0 2914.0 2423.0 3043.0 plane 0
2947.0 2913.0 2810.0 2987.0 2750.0 2878.0 2887.0 2800.0 plane 0
3024.0 2842.0 2955.0 2887.0 2913.0 2829.0 2987.0 2780.0 plane 0
3187.0 2747.0 3134.0 2814.0 3080.0 2775.0 3132.0 2707.0 plane 0
3119.0 2799.0 3045.0 2842.0 3012.0 2783.0 3087.0 2740.0 plane 0
3125.0 2733.0 2992.0 2813.0 2937.0 2718.0 3072.0 2640.0 plane 0
3268.0 2643.0 3144.0 2742.0 3058.0 2635.0 3180.0 2543.0 plane 0
3437.0 2740.0 3398.0 2663.0 3463.0 2639.0 3500.0 2710.0 plane 0
3290.0 2958.0 3212.0 2979.0 3190.0 2910.0 3270.0 2893.0 plane 0
3419.0 2924.0 3312.0 2972.0 3273.0 2882.0 3380.0 2834.0 plane 0
3418.0 2775.0 3478.0 2720.0 3522.0 2769.0 3467.0 2823.0 plane 0
3504.0 2878.0 3434.0 2905.0 3409.0 2843.0 3483.0 2817.0 plane 0
3625.0 2855.0 3528.0 2893.0 3495.0 2812.0 3592.0 2772.0 plane 0
3152.0 2367.0 3082.0 2407.0 3049.0 2348.0 3115.0 2309.0 plane 0
3192.0 2557.0 3242.0 2480.0 3293.0 2518.0 3244.0 2590.0 plane 0
4703.0 4794.0 4783.0 4769.0 4803.0 4824.0 4720.0 4852.0 plane 0
3270.0 2483.0 3340.0 2440.0 3373.0 2493.0 3302.0 2534.0 plane 0
1014.0 517.0 1165.0 529.0 1160.0 687.0 1012.0 682.0 plane 0
932.0 1340.0 1009.0 1275.0 1069.0 1350.0 994.0 1414.0 plane 0
800.0 1448.0 902.0 1362.0 1000.0 1470.0 898.0 1559.0 plane 0
2398.0 1647.0 2572.0 1614.0 2612.0 1790.0 2438.0 1824.0 plane 0
2795.0 1697.0 2942.0 1852.0 2783.0 2000.0 2633.0 1843.0 plane 0
2352.0 2457.0 2420.0 2405.0 2462.0 2462.0 2397.0 2513.0 plane 0
2420.0 2399.0 2489.0 2337.0 2537.0 2390.0 2468.0 2450.0 plane 0
2506.0 2325.0 2574.0 2260.0 2622.0 2317.0 2557.0 2379.0 plane 0
2589.0 2250.0 2682.0 2180.0 2736.0 2253.0 2647.0 2325.0 plane 0
2714.0 2162.0 2819.0 2092.0 2879.0 2180.0 2784.0 2249.0 plane 0
2838.0 2055.0 2927.0 1990.0 2978.0 2067.0 2888.0 2129.0 plane 0
3307.0 2123.0 3343.0 2052.0 3395.0 2084.0 3360.0 2148.0 plane 0
3375.0 2118.0 3404.0 2193.0 3344.0 2214.0 3313.0 2137.0 plane 0
3530.0 2132.0 3453.0 2160.0 3430.0 2098.0 3508.0 2070.0 plane 0
3357.0 2213.0 3409.0 2267.0 3360.0 2314.0 3307.0 2259.0 plane 0
3338.0 2209.0 3277.0 2268.0 3228.0 2217.0 3293.0 2159.0 plane 0
3643.0 2230.0 3580.0 2303.0 3523.0 2254.0 3587.0 2182.0 plane 0
3394.0 2305.0 3449.0 2374.0 3397.0 2422.0 3337.0 2354.0 plane 0
3374.0 2435.0 3449.0 2399.0 3472.0 2450.0 3398.0 2482.0 plane 0
3699.0 2828.0 3622.0 2843.0 3603.0 2772.0 3680.0 2758.0 plane 0
3835.0 2739.0 3757.0 2780.0 3725.0 2714.0 3800.0 2677.0 plane 0
3940.0 2704.0 3850.0 2749.0 3804.0 2657.0 3897.0 2615.0 plane 0
4142.0 2723.0 4048.0 2722.0 4047.0 2648.0 4139.0 2650.0 plane 0
3554.0 3879.0 3629.0 3850.0 3657.0 3923.0 3582.0 3948.0 plane 0
3620.0 3823.0 3755.0 3773.0 3833.0 3968.0 3698.0 4023.0 plane 0
4148.0 4029.0 4243.0 3982.0 4272.0 4048.0 4182.0 4092.0 plane 0
3819.0 4200.0 3893.0 4169.0 3913.0 4222.0 3839.0 4252.0 plane 0
3867.0 4248.0 3945.0 4224.0 3963.0 4277.0 3883.0 4300.0 plane 0
4039.0 4222.0 3934.0 4255.0 3899.0 4157.0 4008.0 4127.0 plane 0
4188.0 4264.0 4152.0 4185.0 4212.0 4162.0 4249.0 4239.0 plane 0
3970.0 4430.0 4044.0 4397.0 4067.0 4447.0 3994.0 4478.0 plane 0
3999.0 4369.0 4084.0 4333.0 4112.0 4398.0 4030.0 4434.0 plane 0
4184.0 4387.0 4117.0 4409.0 4095.0 4347.0 4164.0 4327.0 plane 0
4177.0 4327.0 4244.0 4300.0 4263.0 4345.0 4199.0 4375.0 plane 0
4210.0 4293.0 4320.0 4243.0 4358.0 4320.0 4254.0 4372.0 plane 0
4595.0 4403.0 4520.0 4434.0 4500.0 4377.0 4574.0 4353.0 plane 0
4700.0 4383.0 4617.0 4410.0 4594.0 4337.0 4677.0 4315.0 plane 0
4848.0 4323.0 4774.0 4382.0 4727.0 4317.0 4802.0 4260.0 plane 0
5148.0 4234.0 5059.0 4242.0 5052.0 4174.0 5137.0 4165.0 plane 0
5003.0 4538.0 4929.0 4557.0 4910.0 4483.0 4987.0 4469.0 plane 0
5094.0 4494.0 5022.0 4527.0 4990.0 4460.0 5064.0 4430.0 plane 0
5187.0 4472.0 5099.0 4494.0 5082.0 4423.0 5174.0 4407.0 plane 0
3777.0 4009.0 3699.0 4050.0 3670.0 3998.0 3745.0 3959.0 plane 0
3857.0 3982.0 3774.0 4012.0 3753.0 3950.0 3830.0 3924.0 plane 0
3932.0 3945.0 3857.0 3973.0 3834.0 3908.0 3907.0 3882.0 plane 0
4635.0 3370.0 4713.0 3382.0 4705.0 3447.0 4629.0 3440.0 plane 0
3507.0 2275.0 3532.0 2352.0 3465.0 2373.0 3440.0 2299.0 plane 0
4250.0 2974.0 4239.0 2888.0 4312.0 2880.0 4322.0 2963.0 plane 0
4495.0 2799.0 4477.0 2728.0 4534.0 2709.0 4557.0 2783.0 plane 0
4462.0 2744.0 4439.0 2664.0 4503.0 2654.0 4523.0 2730.0 plane 0
3932.0 3355.0 3857.0 3357.0 3852.0 3285.0 3925.0 3280.0 plane 0
3677.0 3209.0 3834.0 3149.0 3904.0 3329.0 3749.0 3392.0 plane 0
4558.0 3358.0 4585.0 3290.0 4647.0 3317.0 4622.0 3384.0 plane 0
4740.0 3262.0 4784.0 3190.0 4845.0 3230.0 4803.0 3300.0 plane 0
4709.0 3377.0 4800.0 3338.0 4822.0 3402.0 4735.0 3440.0 plane 0
4138.0 3885.0 4032.0 3918.0 4005.0 3838.0 4114.0 3808.0 plane 0
4819.0 3387.0 4903.0 3369.0 4919.0 3429.0 4838.0 3449.0 plane 0
4835.0 3345.0 4889.0 3272.0 4948.0 3314.0 4890.0 3384.0 plane 0
4883.0 3260.0 4914.0 3187.0 4971.0 3213.0 4941.0 3285.0 plane 0
4910.0 3200.0 4894.0 3089.0 4978.0 3082.0 4996.0 3192.0 plane 0
4906.0 3092.0 4906.0 3027.0 4965.0 3025.0 4970.0 3092.0 plane 0
4114.0 3524.0 4314.0 3477.0 4378.0 3678.0 4180.0 3735.0 plane 0
4020.0 3665.0 4135.0 3625.0 4172.0 3724.0 4059.0 3762.0 plane 0
3855.0 3708.0 3974.0 3673.0 4003.0 3762.0 3887.0 3799.0 plane 0
3519.0 1162.0 3529.0 1176.0 3506.0 1195.0 3495.0 1181.0 small-vehicle 1
3528.0 1180.0 3539.0 1195.0 3505.0 1216.0 3495.0 1203.0 small-vehicle 1
3536.0 1201.0 3545.0 1215.0 3515.0 1234.0 3505.0 1220.0 small-vehicle 1
5328.0 4214.0 5320.0 4196.0 5358.0 4186.0 5365.0 4201.0 small-vehicle 1
5340.0 4260.0 5328.0 4250.0 5349.0 4224.0 5362.0 4233.0 small-vehicle 1
5451.0 3965.0 5465.0 3980.0 5438.0 4005.0 5422.0 3991.0 small-vehicle 1
5431.0 4003.0 5438.0 4021.0 5400.0 4031.0 5393.0 4016.0 small-vehicle 1
5449.0 4012.0 5456.0 3994.0 5493.0 4012.0 5486.0 4029.0 small-vehicle 1
5450.0 4032.0 5462.0 4017.0 5489.0 4038.0 5480.0 4053.0 small-vehicle 1
5447.0 4077.0 5446.0 4095.0 5406.0 4096.0 5405.0 4080.0 small-vehicle 1
5448.0 4094.0 5453.0 4084.0 5485.0 4104.0 5475.0 4116.0 small-vehicle 1
5431.0 4117.0 5446.0 4104.0 5470.0 4127.0 5460.0 4138.0 small-vehicle 1
5417.0 4142.0 5418.0 4128.0 5450.0 4132.0 5450.0 4146.0 small-vehicle 1
5451.0 4077.0 5460.0 4068.0 5483.0 4082.0 5476.0 4094.0 small-vehicle 1
5390.0 4153.0 5399.0 4134.0 5441.0 4151.0 5431.0 4170.0 small-vehicle 1
5436.0 4169.0 5445.0 4151.0 5477.0 4169.0 5468.0 4185.0 small-vehicle 1
5396.0 4190.0 5405.0 4174.0 5440.0 4193.0 5435.0 4207.0 small-vehicle 1
5403.0 4214.0 5413.0 4197.0 5440.0 4213.0 5432.0 4229.0 small-vehicle 1
5398.0 4231.0 5408.0 4220.0 5432.0 4236.0 5425.0 4249.0 small-vehicle 1
5432.0 4257.0 5423.0 4272.0 5386.0 4246.0 5396.0 4233.0 small-vehicle 1
5428.0 4250.0 5435.0 4239.0 5469.0 4262.0 5459.0 4272.0 small-vehicle 1
5435.0 4232.0 5441.0 4219.0 5473.0 4239.0 5465.0 4252.0 small-vehicle 1
5436.0 4212.0 5443.0 4199.0 5476.0 4215.0 5468.0 4229.0 small-vehicle 1
5333.0 4239.0 5323.0 4233.0 5340.0 4208.0 5350.0 4212.0 small-vehicle 1
5328.0 4193.0 5323.0 4180.0 5362.0 4166.0 5366.0 4180.0 small-vehicle 1
3548.0 1213.0 3557.0 1230.0 3529.0 1250.0 3519.0 1236.0 small-vehicle 1
5341.0 4136.0 5331.0 4122.0 5360.0 4105.0 5370.0 4119.0 small-vehicle 1
4833.0 3846.0 4820.0 3838.0 4841.0 3811.0 4853.0 3819.0 small-vehicle 1
4677.0 3868.0 4681.0 3855.0 4711.0 3871.0 4706.0 3880.0 small-vehicle 1
4842.0 3890.0 4833.0 3884.0 4851.0 3861.0 4862.0 3867.0 small-vehicle 1
4782.0 3922.0 4781.0 3906.0 4828.0 3902.0 4828.0 3917.0 small-vehicle 1
4940.0 3906.0 4948.0 3891.0 4986.0 3908.0 4978.0 3924.0 small-vehicle 1
5426.0 3786.0 5432.0 3773.0 5470.0 3791.0 5462.0 3803.0 small-vehicle 1
5422.0 3819.0 5423.0 3807.0 5466.0 3813.0 5465.0 3825.0 small-vehicle 1
5403.0 3880.0 5393.0 3870.0 5432.0 3848.0 5439.0 3860.0 small-vehicle 1
5415.0 3948.0 5407.0 3936.0 5451.0 3915.0 5460.0 3929.0 small-vehicle 1
5438.0 3950.0 5442.0 3965.0 5409.0 3973.0 5406.0 3962.0 small-vehicle 1
5560.0 3846.0 5563.0 3867.0 5513.0 3867.0 5512.0 3849.0 small-vehicle 1
5560.0 3874.0 5561.0 3892.0 5517.0 3895.0 5513.0 3877.0 small-vehicle 1
5556.0 3896.0 5558.0 3911.0 5520.0 3913.0 5519.0 3898.0 small-vehicle 1
5558.0 3910.0 5559.0 3926.0 5518.0 3930.0 5516.0 3913.0 small-vehicle 1
5553.0 3928.0 5559.0 3946.0 5523.0 3954.0 5518.0 3940.0 small-vehicle 1
5555.0 3949.0 5558.0 3969.0 5524.0 3977.0 5517.0 3959.0 small-vehicle 1
5332.0 4047.0 5316.0 4031.0 5345.0 4006.0 5360.0 4022.0 small-vehicle 1
5338.0 4092.0 5326.0 4081.0 5351.0 4061.0 5362.0 4073.0 small-vehicle 1
5335.0 4121.0 5325.0 4109.0 5352.0 4093.0 5361.0 4102.0 small-vehicle 1
5442.0 4194.0 5451.0 4179.0 5479.0 4194.0 5470.0 4210.0 small-vehicle 1
5403.0 4117.0 5400.0 4102.0 5442.0 4100.0 5441.0 4117.0 small-vehicle 1
5553.0 3985.0 5559.0 4004.0 5520.0 4012.0 5513.0 3994.0 small-vehicle 1
5554.0 4008.0 5561.0 4025.0 5522.0 4036.0 5515.0 4018.0 small-vehicle 1
3987.0 2399.0 3989.0 2414.0 3961.0 2424.0 3955.0 2410.0 small-vehicle 1
3872.0 2442.0 3862.0 2429.0 3894.0 2407.0 3903.0 2420.0 small-vehicle 1
4716.0 3557.0 4738.0 3552.0 4744.0 3591.0 4726.0 3595.0 small-vehicle 1
4409.0 3244.0 4428.0 3240.0 4433.0 3279.0 4417.0 3282.0 small-vehicle 1
4360.0 3264.0 4380.0 3261.0 4384.0 3300.0 4364.0 3303.0 small-vehicle 1
4565.0 3372.0 4570.0 3388.0 4526.0 3402.0 4519.0 3386.0 small-vehicle 1
4598.0 3458.0 4604.0 3472.0 4567.0 3488.0 4560.0 3475.0 small-vehicle 1
4387.0 3440.0 4392.0 3456.0 4356.0 3466.0 4352.0 3452.0 small-vehicle 1
4395.0 3460.0 4398.0 3474.0 4364.0 3485.0 4358.0 3472.0 small-vehicle 1
4395.0 3482.0 4400.0 3496.0 4366.0 3506.0 4362.0 3490.0 small-vehicle 1
4404.0 3496.0 4410.0 3514.0 4372.0 3526.0 4365.0 3508.0 small-vehicle 1
4420.0 3531.0 4428.0 3547.0 4379.0 3564.0 4371.0 3549.0 small-vehicle 1
4385.0 3579.0 4382.0 3559.0 4422.0 3557.0 4423.0 3575.0 small-vehicle 1
4330.0 3382.0 4337.0 3367.0 4376.0 3384.0 4370.0 3400.0 small-vehicle 1
4337.0 3402.0 4345.0 3392.0 4375.0 3407.0 4368.0 3419.0 small-vehicle 1
4812.0 3847.0 4825.0 3860.0 4803.0 3882.0 4790.0 3869.0 small-vehicle 1
4786.0 3870.0 4773.0 3863.0 4799.0 3837.0 4809.0 3846.0 small-vehicle 1
2776.0 993.0 2769.0 984.0 2798.0 965.0 2806.0 974.0 small-vehicle 1
2790.0 1007.0 2781.0 998.0 2812.0 976.0 2818.0 987.0 small-vehicle 1
3797.0 2313.0 3789.0 2305.0 3816.0 2284.0 3824.0 2292.0 small-vehicle 1
3835.0 2028.0 3844.0 2039.0 3820.0 2066.0 3809.0 2056.0 small-vehicle 1
3805.0 1959.0 3796.0 1948.0 3827.0 1925.0 3833.0 1938.0 small-vehicle 1
5552.0 4220.0 5553.0 4238.0 5513.0 4236.0 5513.0 4217.0 small-vehicle 1
5559.0 4032.0 5560.0 4050.0 5522.0 4056.0 5520.0 4037.0 small-vehicle 1
5558.0 4054.0 5562.0 4070.0 5522.0 4075.0 5518.0 4056.0 small-vehicle 1
5523.0 4098.0 5522.0 4080.0 5557.0 4080.0 5558.0 4097.0 small-vehicle 1
5516.0 4131.0 5515.0 4117.0 5555.0 4116.0 5555.0 4129.0 small-vehicle 1
5519.0 4153.0 5515.0 4138.0 5555.0 4133.0 5558.0 4146.0 small-vehicle 1
5519.0 4177.0 5515.0 4160.0 5553.0 4157.0 5555.0 4172.0 small-vehicle 1
5555.0 4176.0 5560.0 4196.0 5518.0 4201.0 5512.0 4180.0 small-vehicle 1
5553.0 4200.0 5556.0 4218.0 5521.0 4222.0 5516.0 4207.0 small-vehicle 1
5552.0 4260.0 5549.0 4277.0 5503.0 4266.0 5508.0 4249.0 small-vehicle 1
3300.0 1041.0 3283.0 1032.0 3296.0 999.0 3314.0 1004.0 small-vehicle 1
5368.0 4310.0 5387.0 4308.0 5385.0 4348.0 5366.0 4349.0 small-vehicle 1
5430.0 4289.0 5433.0 4279.0 5468.0 4293.0 5463.0 4303.0 small-vehicle 1
5459.0 4408.0 5459.0 4395.0 5499.0 4397.0 5499.0 4413.0 small-vehicle 1
5470.0 4437.0 5468.0 4422.0 5503.0 4414.0 5506.0 4433.0 small-vehicle 1
5275.0 4651.0 5267.0 4629.0 5310.0 4617.0 5316.0 4635.0 small-vehicle 1
2093.0 63.0 2101.0 81.0 2064.0 95.0 2054.0 78.0 small-vehicle 1
2842.0 968.0 2853.0 976.0 2837.0 998.0 2826.0 992.0 small-vehicle 1
3254.0 1025.0 3242.0 1008.0 3271.0 979.0 3283.0 995.0 small-vehicle 1
4773.0 3848.0 4761.0 3837.0 4786.0 3816.0 4797.0 3828.0 small-vehicle 1
4999.0 3626.0 4981.0 3632.0 4965.0 3598.0 4982.0 3591.0 small-vehicle 1
5008.0 3618.0 4998.0 3599.0 5068.0 3579.0 5072.0 3598.0 small-vehicle 1
3812.0 952.0 3802.0 961.0 3781.0 938.0 3790.0 929.0 small-vehicle 1
3419.0 1227.0 3415.0 1217.0 3445.0 1210.0 3447.0 1221.0 small-vehicle 1
3422.0 1245.0 3418.0 1236.0 3447.0 1229.0 3452.0 1241.0 small-vehicle 1
3430.0 1261.0 3433.0 1246.0 3470.0 1250.0 3467.0 1266.0 small-vehicle 1
3449.0 1283.0 3447.0 1270.0 3485.0 1271.0 3480.0 1287.0 small-vehicle 1
3457.0 1302.0 3457.0 1287.0 3494.0 1291.0 3493.0 1304.0 small-vehicle 1
3487.0 1323.0 3488.0 1307.0 3531.0 1314.0 3528.0 1329.0 small-vehicle 1
3504.0 1341.0 3503.0 1330.0 3539.0 1332.0 3539.0 1343.0 small-vehicle 1
3257.0 1210.0 3270.0 1197.0 3295.0 1230.0 3283.0 1239.0 small-vehicle 1
3672.0 1112.0 3656.0 1117.0 3645.0 1092.0 3660.0 1084.0 small-vehicle 1
3635.0 1053.0 3648.0 1038.0 3677.0 1066.0 3666.0 1079.0 small-vehicle 1
3738.0 1107.0 3721.0 1110.0 3716.0 1074.0 3733.0 1072.0 small-vehicle 1
2945.0 1270.0 2930.0 1280.0 2910.0 1249.0 2923.0 1238.0 small-vehicle 1
3663.0 1597.0 3659.0 1577.0 3707.0 1574.0 3709.0 1593.0 small-vehicle 1
3242.0 3772.0 3226.0 3784.0 3204.0 3746.0 3220.0 3736.0 small-vehicle 1
2752.0 959.0 2747.0 945.0 2781.0 935.0 2788.0 947.0 small-vehicle 1
2763.0 981.0 2753.0 965.0 2786.0 950.0 2796.0 962.0 small-vehicle 1
3746.0 981.0 3732.0 998.0 3704.0 974.0 3719.0 957.0 small-vehicle 1
3808.0 998.0 3794.0 1011.0 3767.0 981.0 3776.0 969.0 small-vehicle 1
3817.0 968.0 3826.0 959.0 3852.0 981.0 3846.0 988.0 small-vehicle 1
3399.0 1212.0 3398.0 1199.0 3432.0 1194.0 3435.0 1207.0 small-vehicle 1
3395.0 1194.0 3390.0 1178.0 3427.0 1172.0 3431.0 1188.0 small-vehicle 1
3367.0 1179.0 3365.0 1166.0 3399.0 1158.0 3399.0 1170.0 small-vehicle 1
3686.0 1366.0 3680.0 1353.0 3714.0 1339.0 3720.0 1353.0 small-vehicle 1
3556.0 1232.0 3564.0 1246.0 3537.0 1263.0 3527.0 1250.0 small-vehicle 1
3565.0 1249.0 3576.0 1265.0 3553.0 1283.0 3539.0 1268.0 small-vehicle 1
3580.0 1269.0 3587.0 1279.0 3560.0 1298.0 3553.0 1288.0 small-vehicle 1
3587.0 1287.0 3595.0 1300.0 3573.0 1315.0 3566.0 1300.0 small-vehicle 1
3607.0 1298.0 3615.0 1310.0 3587.0 1330.0 3580.0 1316.0 small-vehicle 1
3617.0 1316.0 3626.0 1328.0 3593.0 1348.0 3583.0 1334.0 small-vehicle 1
3705.0 1286.0 3712.0 1303.0 3679.0 1317.0 3672.0 1299.0 small-vehicle 1
3719.0 1316.0 3724.0 1333.0 3689.0 1342.0 3681.0 1329.0 small-vehicle 1
3693.0 1382.0 3687.0 1366.0 3724.0 1354.0 3731.0 1367.0 small-vehicle 1
3358.0 1161.0 3351.0 1145.0 3398.0 1136.0 3400.0 1152.0 small-vehicle 1
3707.0 1400.0 3700.0 1389.0 3735.0 1374.0 3739.0 1386.0 small-vehicle 1
3656.0 1424.0 3667.0 1416.0 3677.0 1450.0 3665.0 1453.0 small-vehicle 1
3680.0 1427.0 3694.0 1422.0 3698.0 1455.0 3689.0 1457.0 small-vehicle 1
3635.0 1410.0 3650.0 1413.0 3636.0 1448.0 3623.0 1445.0 small-vehicle 1
3616.0 1405.0 3632.0 1410.0 3611.0 1444.0 3597.0 1434.0 small-vehicle 1
3586.0 1389.0 3599.0 1394.0 3579.0 1426.0 3567.0 1416.0 small-vehicle 1
3564.0 1373.0 3579.0 1381.0 3556.0 1409.0 3543.0 1403.0 small-vehicle 1
3366.0 1102.0 3377.0 1120.0 3342.0 1134.0 3334.0 1120.0 small-vehicle 1
3849.0 944.0 3839.0 951.0 3814.0 927.0 3824.0 916.0 small-vehicle 1
3825.0 1073.0 3812.0 1068.0 3819.0 1031.0 3830.0 1034.0 small-vehicle 1
5073.0 3569.0 5088.0 3564.0 5102.0 3603.0 5089.0 3610.0 small-vehicle 1
3794.0 1114.0 3778.0 1113.0 3779.0 1081.0 3793.0 1079.0 small-vehicle 1
4790.0 3536.0 4807.0 3533.0 4816.0 3574.0 4796.0 3578.0 small-vehicle 1
4810.0 3535.0 4824.0 3530.0 4831.0 3563.0 4817.0 3567.0 small-vehicle 1
4824.0 3527.0 4844.0 3520.0 4853.0 3558.0 4835.0 3564.0 small-vehicle 1
4846.0 3524.0 4857.0 3516.0 4870.0 3548.0 4860.0 3553.0 small-vehicle 1
4863.0 3520.0 4877.0 3515.0 4886.0 3543.0 4871.0 3548.0 small-vehicle 1
4929.0 3491.0 4944.0 3488.0 4946.0 3519.0 4932.0 3523.0 small-vehicle 1
4951.0 3490.0 4968.0 3487.0 4973.0 3528.0 4955.0 3529.0 small-vehicle 1
4969.0 3483.0 4982.0 3480.0 4993.0 3513.0 4980.0 3518.0 small-vehicle 1
5005.0 3474.0 5017.0 3473.0 5018.0 3513.0 5006.0 3511.0 small-vehicle 1
5029.0 3474.0 5043.0 3470.0 5047.0 3507.0 5035.0 3508.0 small-vehicle 1
5040.0 3465.0 5053.0 3460.0 5065.0 3500.0 5053.0 3504.0 small-vehicle 1
5065.0 3460.0 5081.0 3458.0 5082.0 3490.0 5067.0 3490.0 small-vehicle 1
5124.0 3444.0 5143.0 3443.0 5146.0 3471.0 5125.0 3472.0 small-vehicle 1
4766.0 3732.0 4751.0 3721.0 4771.0 3695.0 4783.0 3706.0 small-vehicle 1
4760.0 3733.0 4767.0 3745.0 4735.0 3760.0 4730.0 3747.0 small-vehicle 1
4817.0 3775.0 4807.0 3761.0 4836.0 3739.0 4846.0 3753.0 small-vehicle 1
4940.0 3658.0 4943.0 3673.0 4906.0 3681.0 4904.0 3663.0 small-vehicle 1
4912.0 3714.0 4910.0 3697.0 4951.0 3692.0 4952.0 3709.0 small-vehicle 1
4888.0 3669.0 4877.0 3655.0 4906.0 3636.0 4916.0 3650.0 small-vehicle 1
4774.0 3541.0 4786.0 3538.0 4791.0 3575.0 4780.0 3577.0 small-vehicle 1
4608.0 3475.0 4616.0 3493.0 4573.0 3507.0 4567.0 3493.0 small-vehicle 1
3346.0 1930.0 3361.0 1920.0 3380.0 1950.0 3366.0 1959.0 small-vehicle 1
3762.0 1952.0 3752.0 1943.0 3775.0 1920.0 3783.0 1931.0 small-vehicle 1
3840.0 1102.0 3827.0 1099.0 3832.0 1070.0 3843.0 1070.0 small-vehicle 1
3912.0 1097.0 3893.0 1098.0 3891.0 1053.0 3909.0 1048.0 small-vehicle 1
3914.0 1145.0 3927.0 1126.0 3964.0 1152.0 3954.0 1167.0 small-vehicle 1
3982.0 1215.0 3983.0 1231.0 3947.0 1237.0 3943.0 1221.0 small-vehicle 1
3774.0 1287.0 3770.0 1271.0 3811.0 1261.0 3814.0 1277.0 small-vehicle 1
3905.0 1421.0 3919.0 1429.0 3900.0 1460.0 3889.0 1453.0 small-vehicle 1
3848.0 1462.0 3847.0 1450.0 3881.0 1450.0 3880.0 1461.0 small-vehicle 1
3854.0 1845.0 3859.0 1860.0 3824.0 1872.0 3819.0 1859.0 small-vehicle 1
3790.0 2013.0 3780.0 2001.0 3809.0 1983.0 3819.0 1993.0 small-vehicle 1
3905.0 2512.0 3896.0 2498.0 3934.0 2480.0 3943.0 2493.0 small-vehicle 1
3773.0 1978.0 3762.0 1969.0 3783.0 1947.0 3794.0 1957.0 small-vehicle 1
3839.0 2086.0 3827.0 2074.0 3856.0 2054.0 3864.0 2064.0 small-vehicle 1
3854.0 2109.0 3846.0 2095.0 3876.0 2076.0 3884.0 2090.0 small-vehicle 1
3930.0 2139.0 3939.0 2156.0 3906.0 2170.0 3896.0 2155.0 small-vehicle 1
3472.0 1921.0 3463.0 1912.0 3495.0 1891.0 3502.0 1900.0 small-vehicle 1
3785.0 2299.0 3775.0 2286.0 3805.0 2265.0 3815.0 2278.0 small-vehicle 1
3816.0 2342.0 3807.0 2327.0 3832.0 2313.0 3840.0 2323.0 small-vehicle 1
3855.0 2430.0 3845.0 2416.0 3882.0 2394.0 3891.0 2403.0 small-vehicle 1
703.0 667.0 510.0 660.0 517.0 473.0 712.0 480.0 plane 0
