imagesource:GoogleEarth
gsd:0.292169357458
2442.0 2299.0 2478.0 2286.0 2490.0 2320.0 2455.0 2336.0 helicopter 1
2727.0 5041.0 2700.0 5122.0 2622.0 5094.0 2650.0 5012.0 plane 0
2691.0 5147.0 2653.0 5232.0 2574.0 5192.0 2618.0 5103.0 plane 0
1533.0 4660.0 1497.0 4742.0 1426.0 4711.0 1463.0 4626.0 plane 0
1484.0 4779.0 1452.0 4863.0 1375.0 4828.0 1411.0 4744.0 plane 0
1270.0 4657.0 1211.0 4638.0 1230.0 4580.0 1289.0 4603.0 helicopter 0
1424.0 4894.0 1397.0 4968.0 1319.0 4939.0 1350.0 4861.0 plane 0
1384.0 4994.0 1346.0 5082.0 1271.0 5048.0 1310.0 4958.0 plane 0
1348.0 5109.0 1312.0 5196.0 1233.0 5162.0 1269.0 5069.0 plane 0
1140.0 4968.0 1133.0 4990.0 1080.0 4974.0 1088.0 4949.0 plane 1
1120.0 5011.0 1111.0 5036.0 1054.0 5010.0 1064.0 4984.0 plane 1
1114.0 5054.0 1104.0 5076.0 1051.0 5051.0 1062.0 5028.0 plane 1
