imagesource:GoogleEarth
gsd:0.142216757223
1399.0 1824.0 1410.0 1835.0 1382.0 1861.0 1371.0 1853.0 small-vehicle 1
2464.0 2238.0 2520.0 2184.0 2558.0 2224.0 2500.0 2282.0 plane 0
2889.0 3115.0 2975.0 3053.0 3042.0 3150.0 2960.0 3208.0 plane 0
2940.0 3057.0 2887.0 3004.0 2932.0 2950.0 2988.0 3003.0 plane 0
3048.0 3274.0 3099.0 3218.0 3143.0 3260.0 3092.0 3318.0 plane 0
3124.0 3260.0 3109.0 3182.0 3177.0 3172.0 3193.0 3253.0 plane 0
3100.0 3177.0 3083.0 3105.0 3152.0 3089.0 3172.0 3157.0 plane 0
1978.0 2707.0 2042.0 2652.0 2078.0 2699.0 2017.0 2753.0 plane 0
2042.0 2647.0 2098.0 2598.0 2129.0 2640.0 2078.0 2688.0 plane 0
2160.0 2530.0 2210.0 2488.0 2248.0 2534.0 2199.0 2578.0 plane 0
2219.0 2472.0 2269.0 2424.0 2307.0 2465.0 2258.0 2513.0 plane 0
2275.0 2412.0 2338.0 2357.0 2380.0 2410.0 2323.0 2464.0 plane 0
2349.0 2362.0 2402.0 2313.0 2430.0 2345.0 2373.0 2397.0 plane 0
2400.0 2293.0 2459.0 2237.0 2504.0 2290.0 2449.0 2343.0 plane 0
2517.0 2177.0 2580.0 2120.0 2620.0 2173.0 2560.0 2229.0 plane 0
2517.0 3223.0 2572.0 3269.0 2533.0 3317.0 2474.0 3270.0 plane 0
2582.0 2123.0 2644.0 2064.0 2680.0 2107.0 2618.0 2164.0 plane 0
2648.0 2059.0 2710.0 1999.0 2745.0 2037.0 2688.0 2097.0 plane 0
2709.0 1997.0 2768.0 1933.0 2805.0 1973.0 2742.0 2033.0 plane 0
2567.0 1895.0 2502.0 1950.0 2437.0 1870.0 2503.0 1813.0 plane 0
2499.0 1975.0 2433.0 2040.0 2340.0 1944.0 2409.0 1883.0 plane 0
2420.0 2065.0 2343.0 2119.0 2263.0 2017.0 2342.0 1964.0 plane 0
2342.0 2135.0 2263.0 2194.0 2198.0 2110.0 2274.0 2049.0 plane 0
2053.0 2007.0 2168.0 1924.0 2263.0 2050.0 2150.0 2138.0 plane 0
2168.0 1908.0 2275.0 1824.0 2367.0 1937.0 2257.0 2025.0 plane 0
2102.0 2372.0 2030.0 2440.0 1977.0 2384.0 2045.0 2314.0 plane 0
2184.0 2283.0 2102.0 2359.0 2044.0 2302.0 2127.0 2227.0 plane 0
1579.0 2053.0 1497.0 2063.0 1484.0 1998.0 1568.0 1988.0 plane 0
2844.0 3128.0 2900.0 3073.0 2942.0 3117.0 2888.0 3173.0 plane 0
2569.0 3278.0 2639.0 3323.0 2595.0 3380.0 2529.0 3335.0 plane 0
1758.0 1964.0 1690.0 2024.0 1644.0 1975.0 1713.0 1914.0 plane 0
1924.0 1243.0 1778.0 1099.0 1922.0 954.0 2065.0 1099.0 plane 0
919.0 822.0 829.0 729.0 927.0 633.0 1025.0 729.0 plane 0
1024.0 905.0 950.0 835.0 1012.0 774.0 1079.0 847.0 plane 0
1137.0 1035.0 1054.0 954.0 1120.0 890.0 1199.0 972.0 plane 0
1232.0 1132.0 1150.0 1045.0 1209.0 992.0 1292.0 1075.0 plane 0
1100.0 1253.0 1178.0 1342.0 1115.0 1399.0 1038.0 1314.0 plane 0
1298.0 1342.0 1360.0 1273.0 1408.0 1322.0 1347.0 1388.0 plane 0
1350.0 1250.0 1274.0 1162.0 1361.0 1084.0 1441.0 1168.0 plane 0
1468.0 1179.0 1530.0 1239.0 1489.0 1284.0 1421.0 1225.0 plane 0
1529.0 1258.0 1585.0 1307.0 1544.0 1357.0 1484.0 1312.0 plane 0
1601.0 1324.0 1666.0 1378.0 1619.0 1429.0 1559.0 1378.0 plane 0
1684.0 894.0 1633.0 848.0 1675.0 799.0 1729.0 847.0 plane 0
1785.0 1082.0 1665.0 963.0 1788.0 827.0 1913.0 950.0 plane 0
2127.0 1340.0 2065.0 1277.0 2118.0 1230.0 2175.0 1288.0 plane 0
2603.0 3387.0 2672.0 3334.0 2709.0 3390.0 2643.0 3440.0 plane 0
2272.0 1512.0 2193.0 1434.0 2257.0 1368.0 2335.0 1445.0 plane 0
2372.0 1474.0 2480.0 1590.0 2353.0 1722.0 2235.0 1598.0 plane 0
2447.0 1650.0 2514.0 1592.0 2553.0 1634.0 2485.0 1693.0 plane 0
2382.0 1695.0 2510.0 1605.0 2614.0 1745.0 2490.0 1838.0 plane 0
2728.0 1904.0 2669.0 1844.0 2717.0 1802.0 2775.0 1860.0 plane 0
1680.0 1702.0 1757.0 1675.0 1774.0 1732.0 1703.0 1758.0 plane 0
1750.0 1625.0 1858.0 1594.0 1885.0 1680.0 1778.0 1714.0 plane 0
1450.0 2068.0 1529.0 2144.0 1454.0 2233.0 1374.0 2153.0 plane 0
1547.0 2170.0 1624.0 2243.0 1542.0 2329.0 1465.0 2247.0 plane 0
1615.0 2282.0 1679.0 2349.0 1634.0 2400.0 1563.0 2329.0 plane 0
1700.0 2340.0 1783.0 2419.0 1713.0 2495.0 1634.0 2415.0 plane 0
1795.0 2453.0 1842.0 2499.0 1773.0 2564.0 1727.0 2523.0 plane 0
1685.0 2033.0 1619.0 2090.0 1580.0 2045.0 1642.0 1990.0 plane 0
1817.0 1885.0 1759.0 1945.0 1713.0 1898.0 1772.0 1839.0 plane 0
1447.0 1872.0 1457.0 1881.0 1431.0 1910.0 1420.0 1901.0 small-vehicle 1
1311.0 1735.0 1323.0 1744.0 1298.0 1767.0 1290.0 1758.0 small-vehicle 1
599.0 1197.0 610.0 1207.0 588.0 1229.0 578.0 1219.0 small-vehicle 1
622.0 1222.0 632.0 1230.0 614.0 1255.0 603.0 1247.0 small-vehicle 1
638.0 1237.0 648.0 1247.0 628.0 1270.0 618.0 1259.0 small-vehicle 1
1146.0 1667.0 1137.0 1675.0 1111.0 1653.0 1121.0 1643.0 small-vehicle 1
1137.0 1683.0 1127.0 1691.0 1099.0 1665.0 1109.0 1657.0 small-vehicle 1
1121.0 1697.0 1110.0 1707.0 1089.0 1683.0 1100.0 1673.0 small-vehicle 1
1222.0 1627.0 1233.0 1640.0 1205.0 1663.0 1195.0 1650.0 small-vehicle 1
1268.0 1688.0 1279.0 1700.0 1253.0 1721.0 1241.0 1710.0 small-vehicle 1
1143.0 1705.0 1152.0 1720.0 1115.0 1744.0 1105.0 1731.0 small-vehicle 1
1165.0 1734.0 1177.0 1746.0 1148.0 1773.0 1137.0 1762.0 small-vehicle 1
1185.0 1747.0 1195.0 1754.0 1167.0 1787.0 1156.0 1778.0 small-vehicle 1
1276.0 1702.0 1289.0 1715.0 1260.0 1738.0 1251.0 1726.0 small-vehicle 1
1327.0 1753.0 1341.0 1768.0 1315.0 1794.0 1299.0 1784.0 small-vehicle 1
870.0 1612.0 880.0 1622.0 851.0 1645.0 842.0 1637.0 small-vehicle 1
1343.0 1770.0 1355.0 1782.0 1331.0 1803.0 1321.0 1796.0 small-vehicle 1
1196.0 1760.0 1211.0 1775.0 1183.0 1797.0 1171.0 1782.0 small-vehicle 1
1225.0 1791.0 1237.0 1802.0 1206.0 1825.0 1200.0 1816.0 small-vehicle 1
1209.0 1776.0 1220.0 1782.0 1195.0 1809.0 1183.0 1802.0 small-vehicle 1
1235.0 1862.0 1221.0 1849.0 1251.0 1820.0 1263.0 1833.0 small-vehicle 1
1146.0 1862.0 1161.0 1875.0 1136.0 1900.0 1121.0 1889.0 small-vehicle 1
1430.0 1849.0 1439.0 1864.0 1414.0 1888.0 1400.0 1875.0 small-vehicle 1
1480.0 1907.0 1491.0 1916.0 1464.0 1942.0 1455.0 1934.0 small-vehicle 1
2416.0 3077.0 2428.0 3063.0 2468.0 3098.0 2456.0 3111.0 small-vehicle 0
2432.0 3064.0 2445.0 3049.0 2478.0 3083.0 2465.0 3097.0 small-vehicle 0
1055.0 1617.0 1069.0 1628.0 1047.0 1651.0 1034.0 1642.0 small-vehicle 1
1090.0 1857.0 1076.0 1844.0 1105.0 1818.0 1119.0 1832.0 small-vehicle 1
884.0 1630.0 894.0 1641.0 865.0 1663.0 858.0 1654.0 small-vehicle 1
848.0 1600.0 859.0 1610.0 835.0 1631.0 825.0 1622.0 small-vehicle 1
1948.0 1797.0 1865.0 1870.0 1807.0 1803.0 1888.0 1728.0 plane 0
886.0 1466.0 876.0 1456.0 906.0 1428.0 914.0 1438.0 small-vehicle 1
1989.0 1719.0 1934.0 1773.0 1889.0 1729.0 1952.0 1674.0 plane 0
538.0 1275.0 548.0 1285.0 525.0 1311.0 514.0 1304.0 small-vehicle 1
550.0 1299.0 562.0 1308.0 543.0 1325.0 534.0 1318.0 small-vehicle 1
567.0 1309.0 580.0 1321.0 558.0 1343.0 547.0 1331.0 small-vehicle 1
664.0 1266.0 677.0 1280.0 657.0 1305.0 644.0 1297.0 small-vehicle 1
578.0 1326.0 592.0 1337.0 568.0 1362.0 558.0 1352.0 small-vehicle 1
1047.0 1208.0 1039.0 1218.0 1008.0 1192.0 1017.0 1182.0 small-vehicle 1
1031.0 1225.0 1020.0 1237.0 990.0 1210.0 999.0 1200.0 small-vehicle 1
1001.0 1242.0 990.0 1251.0 966.0 1228.0 976.0 1219.0 small-vehicle 1
856.0 1433.0 846.0 1417.0 871.0 1396.0 886.0 1408.0 small-vehicle 1
875.0 1446.0 867.0 1435.0 886.0 1412.0 897.0 1419.0 small-vehicle 1
906.0 1472.0 896.0 1462.0 916.0 1444.0 926.0 1450.0 small-vehicle 1
922.0 1489.0 914.0 1482.0 932.0 1462.0 942.0 1471.0 small-vehicle 1
832.0 1585.0 844.0 1599.0 822.0 1618.0 811.0 1608.0 small-vehicle 1
836.0 1434.0 846.0 1444.0 814.0 1468.0 806.0 1457.0 small-vehicle 1
833.0 1486.0 822.0 1476.0 850.0 1452.0 858.0 1464.0 small-vehicle 1
852.0 1502.0 838.0 1492.0 864.0 1466.0 875.0 1479.0 small-vehicle 1
866.0 1516.0 858.0 1506.0 882.0 1482.0 892.0 1490.0 small-vehicle 1
882.0 1532.0 872.0 1520.0 898.0 1496.0 905.0 1507.0 small-vehicle 1
897.0 1550.0 886.0 1535.0 912.0 1512.0 923.0 1523.0 small-vehicle 1
1120.0 1554.0 1134.0 1565.0 1111.0 1590.0 1099.0 1580.0 small-vehicle 1
1138.0 1569.0 1149.0 1580.0 1122.0 1605.0 1112.0 1594.0 small-vehicle 1
762.0 1551.0 751.0 1540.0 772.0 1518.0 782.0 1528.0 small-vehicle 1
774.0 1574.0 762.0 1565.0 790.0 1534.0 802.0 1540.0 small-vehicle 1
803.0 1548.0 818.0 1562.0 788.0 1586.0 776.0 1576.0 small-vehicle 1
822.0 1566.0 834.0 1574.0 806.0 1598.0 796.0 1591.0 small-vehicle 1
609.0 260.0 530.0 335.0 452.0 253.0 528.0 179.0 helicopter 0
