imagesource:GoogleEarth
gsd:0.130753357267
3086.0 847.0 3072.0 836.0 3106.0 801.0 3117.0 810.0 small-vehicle 0
575.0 1443.0 581.0 1430.0 617.0 1447.0 610.0 1460.0 small-vehicle 0
614.0 1411.0 620.0 1400.0 654.0 1417.0 649.0 1429.0 small-vehicle 0
631.0 1394.0 638.0 1382.0 679.0 1402.0 674.0 1414.0 small-vehicle 0
646.0 1372.0 652.0 1363.0 690.0 1384.0 682.0 1394.0 small-vehicle 0
663.0 1349.0 658.0 1362.0 621.0 1347.0 627.0 1333.0 small-vehicle 0
644.0 1366.0 639.0 1381.0 604.0 1363.0 611.0 1350.0 small-vehicle 0
627.0 1382.0 621.0 1397.0 581.0 1382.0 585.0 1367.0 small-vehicle 0
610.0 1399.0 605.0 1413.0 564.0 1396.0 568.0 1385.0 small-vehicle 0
582.0 1414.0 580.0 1426.0 540.0 1410.0 545.0 1398.0 small-vehicle 0
571.0 1432.0 567.0 1444.0 527.0 1430.0 534.0 1416.0 small-vehicle 0
554.0 1453.0 549.0 1468.0 506.0 1448.0 510.0 1435.0 small-vehicle 0
468.0 1535.0 461.0 1550.0 420.0 1530.0 425.0 1518.0 small-vehicle 0
433.0 1582.0 441.0 1569.0 484.0 1591.0 478.0 1602.0 small-vehicle 0
518.0 1493.0 523.0 1480.0 567.0 1503.0 562.0 1516.0 small-vehicle 0
2362.0 250.0 2374.0 261.0 2347.0 285.0 2339.0 276.0 small-vehicle 0
367.0 1439.0 383.0 1433.0 402.0 1476.0 383.0 1481.0 small-vehicle 0
403.0 1412.0 418.0 1406.0 433.0 1441.0 416.0 1448.0 small-vehicle 0
420.0 1393.0 436.0 1387.0 450.0 1424.0 433.0 1428.0 small-vehicle 0
459.0 1352.0 474.0 1349.0 483.0 1388.0 467.0 1389.0 small-vehicle 0
439.0 1373.0 452.0 1370.0 467.0 1406.0 453.0 1411.0 small-vehicle 0
476.0 1340.0 491.0 1337.0 504.0 1369.0 489.0 1374.0 small-vehicle 0
491.0 1321.0 506.0 1316.0 524.0 1357.0 507.0 1364.0 small-vehicle 0
2853.0 1865.0 2795.0 1802.0 2885.0 1723.0 2937.0 1784.0 helicopter 0
2980.0 2005.0 2918.0 1939.0 3002.0 1854.0 3060.0 1922.0 helicopter 0
2553.0 2415.0 2488.0 2350.0 2583.0 2258.0 2637.0 2324.0 helicopter 0
2422.0 2283.0 2350.0 2213.0 2444.0 2123.0 2507.0 2187.0 helicopter 0
2040.0 2904.0 1973.0 2829.0 2065.0 2743.0 2127.0 2814.0 helicopter 0
590.0 1422.0 596.0 1411.0 632.0 1429.0 626.0 1440.0 small-vehicle 0
486.0 1529.0 493.0 1519.0 531.0 1536.0 526.0 1546.0 small-vehicle 0
487.0 1654.0 505.0 1650.0 517.0 1697.0 500.0 1700.0 small-vehicle 0
525.0 1621.0 540.0 1616.0 555.0 1655.0 539.0 1660.0 small-vehicle 0
141.0 3494.0 158.0 3506.0 126.0 3540.0 111.0 3528.0 ship 0
123.0 3470.0 136.0 3486.0 97.0 3517.0 86.0 3504.0 ship 0
78.0 2435.0 68.0 2446.0 44.0 2420.0 52.0 2409.0 small-vehicle 0
97.0 2417.0 83.0 2430.0 60.0 2406.0 69.0 2396.0 small-vehicle 0
110.0 2404.0 98.0 2415.0 75.0 2389.0 83.0 2381.0 small-vehicle 0
127.0 2387.0 116.0 2399.0 89.0 2372.0 99.0 2361.0 small-vehicle 0
537.0 1745.0 518.0 1748.0 509.0 1715.0 525.0 1710.0 small-vehicle 0
870.0 1539.0 866.0 1554.0 831.0 1537.0 837.0 1524.0 small-vehicle 0
855.0 1560.0 850.0 1570.0 809.0 1555.0 814.0 1542.0 small-vehicle 0
775.0 1587.0 783.0 1574.0 816.0 1592.0 809.0 1602.0 small-vehicle 0
799.0 1609.0 794.0 1624.0 753.0 1605.0 761.0 1589.0 small-vehicle 0
768.0 1642.0 763.0 1658.0 721.0 1638.0 725.0 1625.0 small-vehicle 0
698.0 1706.0 694.0 1723.0 650.0 1709.0 654.0 1693.0 small-vehicle 0
645.0 1569.0 659.0 1562.0 675.0 1598.0 659.0 1603.0 small-vehicle 0
666.0 1550.0 681.0 1546.0 692.0 1581.0 677.0 1587.0 small-vehicle 0
680.0 1533.0 694.0 1527.0 707.0 1561.0 694.0 1565.0 small-vehicle 0
700.0 1521.0 713.0 1515.0 725.0 1549.0 712.0 1553.0 small-vehicle 0
717.0 1504.0 730.0 1499.0 744.0 1531.0 730.0 1535.0 small-vehicle 0
756.0 1476.0 769.0 1471.0 782.0 1507.0 766.0 1511.0 small-vehicle 0
702.0 1454.0 714.0 1446.0 732.0 1478.0 721.0 1486.0 small-vehicle 0
684.0 1472.0 698.0 1465.0 713.0 1498.0 701.0 1505.0 small-vehicle 0
701.0 1519.0 686.0 1529.0 667.0 1485.0 682.0 1479.0 small-vehicle 0
649.0 1502.0 662.0 1497.0 678.0 1529.0 666.0 1535.0 small-vehicle 0
613.0 1540.0 629.0 1535.0 643.0 1571.0 629.0 1576.0 small-vehicle 0
596.0 1551.0 610.0 1546.0 627.0 1582.0 611.0 1588.0 small-vehicle 0
1653.0 2497.0 1583.0 2417.0 1677.0 2335.0 1745.0 2410.0 helicopter 0
