imagesource:GoogleEarth
gsd:0.269655963596
593.0 56.0 589.0 49.0 604.0 41.0 607.0 46.0 small-vehicle 1
436.0 646.0 432.0 640.0 448.0 629.0 453.0 634.0 small-vehicle 1
454.0 492.0 451.0 483.0 493.0 468.0 496.0 477.0 large-vehicle 0
458.0 507.0 454.0 498.0 495.0 482.0 499.0 491.0 large-vehicle 0
466.0 519.0 462.0 510.0 502.0 492.0 506.0 501.0 large-vehicle 0
471.0 531.0 467.0 523.0 508.0 505.0 512.0 514.0 large-vehicle 0
478.0 545.0 474.0 535.0 513.0 517.0 518.0 525.0 large-vehicle 0
483.0 553.0 481.0 545.0 521.0 531.0 524.0 540.0 large-vehicle 0
490.0 566.0 487.0 557.0 527.0 541.0 531.0 550.0 large-vehicle 0
497.0 578.0 493.0 569.0 533.0 553.0 537.0 561.0 large-vehicle 0
498.0 592.0 494.0 583.0 536.0 566.0 540.0 575.0 large-vehicle 0
559.0 624.0 550.0 627.0 532.0 584.0 542.0 581.0 large-vehicle 0
379.0 523.0 373.0 518.0 407.0 493.0 412.0 500.0 large-vehicle 0
313.0 447.0 308.0 438.0 336.0 420.0 342.0 429.0 large-vehicle 0
309.0 431.0 304.0 422.0 337.0 402.0 343.0 412.0 large-vehicle 0
304.0 418.0 299.0 410.0 331.0 389.0 337.0 397.0 large-vehicle 0
296.0 407.0 291.0 400.0 322.0 379.0 328.0 387.0 large-vehicle 0
290.0 396.0 285.0 389.0 316.0 368.0 322.0 375.0 large-vehicle 0
282.0 385.0 277.0 377.0 309.0 356.0 314.0 364.0 large-vehicle 0
263.0 347.0 259.0 339.0 292.0 320.0 297.0 329.0 large-vehicle 0
257.0 336.0 252.0 328.0 284.0 307.0 290.0 316.0 large-vehicle 0
249.0 324.0 244.0 317.0 280.0 297.0 285.0 304.0 large-vehicle 0
254.0 469.0 260.0 477.0 226.0 498.0 221.0 490.0 large-vehicle 0
253.0 455.0 258.0 463.0 223.0 484.0 218.0 476.0 large-vehicle 0
244.0 445.0 249.0 453.0 218.0 469.0 214.0 462.0 large-vehicle 0
238.0 432.0 243.0 441.0 213.0 459.0 208.0 451.0 large-vehicle 0
231.0 421.0 236.0 429.0 201.0 449.0 196.0 440.0 large-vehicle 0
227.0 408.0 231.0 417.0 196.0 435.0 191.0 427.0 large-vehicle 0
217.0 397.0 221.0 405.0 187.0 425.0 182.0 416.0 large-vehicle 0
213.0 384.0 218.0 392.0 184.0 412.0 179.0 404.0 large-vehicle 0
210.0 370.0 215.0 380.0 179.0 399.0 174.0 390.0 large-vehicle 0
450.0 480.0 446.0 471.0 487.0 455.0 491.0 464.0 large-vehicle 0
442.0 469.0 438.0 460.0 479.0 442.0 482.0 452.0 large-vehicle 0
438.0 456.0 435.0 447.0 475.0 429.0 480.0 439.0 large-vehicle 0
340.0 753.0 345.0 763.0 329.0 771.0 324.0 761.0 small-vehicle 0
534.0 618.0 540.0 615.0 551.0 632.0 545.0 635.0 small-vehicle 1
424.0 593.0 429.0 599.0 414.0 608.0 411.0 603.0 small-vehicle 0
368.0 514.0 364.0 508.0 383.0 496.0 386.0 503.0 small-vehicle 0
598.0 162.0 604.0 170.0 587.0 178.0 583.0 169.0 small-vehicle 0
168.0 136.0 160.0 144.0 150.0 127.0 158.0 121.0 small-vehicle 0
159.0 155.0 151.0 157.0 145.0 138.0 153.0 137.0 small-vehicle 0
512.0 134.0 508.0 125.0 527.0 116.0 531.0 125.0 small-vehicle 0
586.0 34.0 583.0 24.0 601.0 18.0 605.0 29.0 small-vehicle 0
443.0 655.0 438.0 647.0 456.0 635.0 461.0 644.0 small-vehicle 0
483.0 636.0 493.0 629.0 508.0 654.0 498.0 660.0 small-vehicle 0
493.0 629.0 503.0 623.0 518.0 648.0 507.0 654.0 small-vehicle 0
508.0 629.0 518.0 624.0 529.0 644.0 520.0 650.0 small-vehicle 0
392.0 734.0 398.0 743.0 382.0 752.0 377.0 744.0 small-vehicle 0
336.0 634.0 341.0 642.0 325.0 653.0 320.0 645.0 small-vehicle 0
433.0 443.0 430.0 434.0 470.0 417.0 475.0 427.0 large-vehicle 0
331.0 624.0 336.0 633.0 320.0 644.0 315.0 635.0 small-vehicle 0
325.0 616.0 331.0 625.0 315.0 635.0 309.0 628.0 small-vehicle 0
322.0 607.0 328.0 614.0 311.0 625.0 306.0 618.0 small-vehicle 0
370.0 322.0 365.0 313.0 404.0 292.0 409.0 300.0 large-vehicle 0
375.0 335.0 370.0 327.0 408.0 304.0 413.0 313.0 large-vehicle 0
381.0 348.0 377.0 340.0 414.0 318.0 419.0 326.0 large-vehicle 0
390.0 358.0 385.0 349.0 423.0 329.0 428.0 337.0 large-vehicle 0
394.0 370.0 390.0 362.0 427.0 341.0 432.0 349.0 large-vehicle 0
400.0 384.0 395.0 376.0 434.0 353.0 439.0 362.0 large-vehicle 0
409.0 395.0 404.0 387.0 440.0 364.0 445.0 372.0 large-vehicle 0
415.0 408.0 410.0 399.0 447.0 377.0 452.0 385.0 large-vehicle 0
423.0 418.0 418.0 410.0 455.0 386.0 460.0 394.0 large-vehicle 0
431.0 431.0 425.0 423.0 461.0 399.0 467.0 407.0 large-vehicle 0
198.0 360.0 203.0 366.0 171.0 389.0 165.0 382.0 large-vehicle 0
