imagesource:GoogleEarth
gsd:0.262870668095
93.0 618.0 100.0 612.0 112.0 628.0 106.0 633.0 small-vehicle 1
230.0 318.0 238.0 310.0 262.0 334.0 255.0 342.0 large-vehicle 0
109.0 328.0 117.0 320.0 147.0 350.0 138.0 358.0 large-vehicle 0
110.0 367.0 118.0 360.0 147.0 391.0 138.0 398.0 large-vehicle 0
109.0 387.0 117.0 380.0 145.0 412.0 136.0 418.0 large-vehicle 0
108.0 407.0 116.0 401.0 145.0 432.0 137.0 438.0 large-vehicle 0
107.0 426.0 114.0 419.0 143.0 450.0 134.0 457.0 large-vehicle 0
106.0 446.0 115.0 439.0 143.0 471.0 134.0 477.0 large-vehicle 0
105.0 464.0 113.0 458.0 141.0 488.0 133.0 495.0 large-vehicle 0
102.0 481.0 111.0 473.0 138.0 505.0 129.0 512.0 large-vehicle 0
104.0 502.0 112.0 496.0 140.0 528.0 132.0 534.0 large-vehicle 0
99.0 522.0 108.0 514.0 137.0 544.0 129.0 551.0 large-vehicle 0
103.0 546.0 111.0 539.0 140.0 569.0 132.0 576.0 large-vehicle 0
100.0 564.0 108.0 556.0 136.0 586.0 128.0 593.0 large-vehicle 0
100.0 585.0 108.0 578.0 137.0 607.0 129.0 614.0 large-vehicle 0
229.0 334.0 236.0 327.0 261.0 353.0 253.0 359.0 large-vehicle 0
109.0 307.0 117.0 300.0 147.0 331.0 139.0 338.0 large-vehicle 0
226.0 353.0 235.0 345.0 262.0 376.0 253.0 383.0 large-vehicle 0
226.0 394.0 234.0 386.0 263.0 415.0 256.0 422.0 large-vehicle 0
225.0 411.0 232.0 404.0 258.0 430.0 250.0 437.0 large-vehicle 0
227.0 434.0 235.0 427.0 260.0 454.0 252.0 461.0 large-vehicle 0
224.0 449.0 231.0 442.0 259.0 472.0 251.0 479.0 large-vehicle 0
222.0 469.0 230.0 462.0 258.0 491.0 250.0 498.0 large-vehicle 0
219.0 485.0 227.0 478.0 255.0 507.0 247.0 514.0 large-vehicle 0
224.0 509.0 232.0 502.0 260.0 533.0 251.0 539.0 large-vehicle 0
220.0 528.0 229.0 520.0 252.0 547.0 244.0 553.0 large-vehicle 0
222.0 552.0 231.0 545.0 254.0 572.0 246.0 577.0 large-vehicle 0
216.0 568.0 224.0 562.0 251.0 591.0 244.0 598.0 large-vehicle 0
327.0 293.0 334.0 299.0 309.0 324.0 302.0 316.0 large-vehicle 0
328.0 311.0 335.0 319.0 309.0 342.0 302.0 335.0 large-vehicle 0
114.0 351.0 121.0 344.0 148.0 375.0 140.0 381.0 large-vehicle 0
46.0 611.0 54.0 603.0 84.0 633.0 76.0 639.0 large-vehicle 0
432.0 282.0 425.0 274.0 441.0 261.0 446.0 268.0 small-vehicle 1
68.0 302.0 76.0 295.0 104.0 326.0 96.0 333.0 large-vehicle 0
209.0 306.0 216.0 314.0 192.0 336.0 184.0 328.0 large-vehicle 0
211.0 325.0 217.0 332.0 186.0 359.0 180.0 351.0 large-vehicle 0
206.0 348.0 213.0 356.0 182.0 384.0 175.0 375.0 large-vehicle 0
209.0 364.0 216.0 373.0 185.0 400.0 178.0 392.0 large-vehicle 0
208.0 386.0 214.0 393.0 185.0 421.0 177.0 413.0 large-vehicle 0
207.0 404.0 214.0 411.0 189.0 435.0 181.0 427.0 large-vehicle 0
204.0 423.0 210.0 431.0 186.0 455.0 179.0 447.0 large-vehicle 0
207.0 438.0 214.0 445.0 189.0 469.0 182.0 461.0 large-vehicle 0
202.0 463.0 209.0 471.0 181.0 499.0 174.0 491.0 large-vehicle 0
202.0 484.0 208.0 492.0 178.0 518.0 170.0 510.0 large-vehicle 0
201.0 504.0 207.0 512.0 178.0 540.0 170.0 531.0 large-vehicle 0
200.0 522.0 207.0 530.0 178.0 558.0 170.0 549.0 large-vehicle 0
200.0 542.0 207.0 549.0 178.0 578.0 171.0 570.0 large-vehicle 0
65.0 320.0 73.0 313.0 101.0 342.0 93.0 349.0 large-vehicle 0
52.0 595.0 60.0 588.0 88.0 618.0 80.0 624.0 large-vehicle 0
66.0 340.0 74.0 333.0 101.0 364.0 93.0 371.0 large-vehicle 0
63.0 358.0 71.0 351.0 100.0 381.0 92.0 389.0 large-vehicle 0
61.0 378.0 70.0 371.0 98.0 400.0 90.0 407.0 large-vehicle 0
62.0 398.0 69.0 391.0 98.0 420.0 90.0 428.0 large-vehicle 0
62.0 418.0 70.0 411.0 98.0 441.0 90.0 448.0 large-vehicle 0
61.0 437.0 69.0 429.0 97.0 460.0 89.0 467.0 large-vehicle 0
59.0 457.0 67.0 451.0 95.0 480.0 87.0 487.0 large-vehicle 0
56.0 475.0 64.0 469.0 92.0 498.0 84.0 506.0 large-vehicle 0
57.0 497.0 65.0 490.0 94.0 520.0 86.0 527.0 large-vehicle 0
58.0 515.0 65.0 509.0 94.0 538.0 85.0 547.0 large-vehicle 0
58.0 537.0 66.0 531.0 94.0 561.0 86.0 568.0 large-vehicle 0
57.0 556.0 65.0 549.0 93.0 579.0 85.0 586.0 large-vehicle 0
54.0 574.0 62.0 567.0 90.0 598.0 82.0 604.0 large-vehicle 0
329.0 329.0 336.0 336.0 309.0 359.0 302.0 351.0 large-vehicle 0
326.0 350.0 333.0 356.0 307.0 382.0 300.0 374.0 large-vehicle 0
325.0 368.0 332.0 374.0 303.0 404.0 296.0 397.0 large-vehicle 0
31.0 717.0 20.0 716.0 20.0 695.0 31.0 695.0 small-vehicle 0
441.0 414.0 447.0 421.0 422.0 444.0 415.0 437.0 large-vehicle 0
434.0 439.0 441.0 446.0 416.0 470.0 409.0 462.0 large-vehicle 0
433.0 459.0 438.0 466.0 414.0 489.0 407.0 482.0 large-vehicle 0
429.0 482.0 436.0 488.0 411.0 511.0 404.0 505.0 large-vehicle 0
433.0 498.0 440.0 505.0 414.0 527.0 407.0 520.0 large-vehicle 0
429.0 518.0 437.0 524.0 411.0 549.0 404.0 542.0 large-vehicle 0
432.0 534.0 439.0 541.0 413.0 566.0 406.0 560.0 large-vehicle 0
430.0 556.0 437.0 563.0 410.0 588.0 403.0 580.0 large-vehicle 0
428.0 576.0 435.0 582.0 410.0 606.0 403.0 599.0 large-vehicle 0
427.0 597.0 434.0 605.0 412.0 623.0 406.0 617.0 large-vehicle 0
422.0 619.0 429.0 627.0 404.0 651.0 397.0 643.0 large-vehicle 0
11.0 719.0 1.0 719.0 0.0 696.0 11.0 695.0 small-vehicle 0
20.0 718.0 10.0 718.0 11.0 697.0 20.0 696.0 small-vehicle 0
41.0 718.0 31.0 718.0 32.0 696.0 42.0 696.0 small-vehicle 0
324.0 388.0 331.0 396.0 302.0 424.0 295.0 417.0 large-vehicle 0
52.0 719.0 41.0 718.0 41.0 699.0 52.0 699.0 small-vehicle 0
63.0 720.0 52.0 720.0 51.0 699.0 62.0 699.0 small-vehicle 0
77.0 720.0 64.0 720.0 64.0 697.0 77.0 697.0 small-vehicle 0
104.0 721.0 93.0 720.0 93.0 697.0 103.0 697.0 small-vehicle 0
425.0 673.0 425.0 681.0 403.0 679.0 403.0 671.0 small-vehicle 0
435.0 659.0 434.0 669.0 408.0 669.0 408.0 659.0 small-vehicle 0
431.0 643.0 435.0 653.0 414.0 659.0 410.0 650.0 small-vehicle 0
334.0 637.0 332.0 648.0 310.0 644.0 312.0 634.0 small-vehicle 0
198.0 562.0 208.0 572.0 185.0 596.0 174.0 585.0 small-vehicle 0
98.0 605.0 106.0 597.0 122.0 614.0 113.0 622.0 small-vehicle 0
325.0 685.0 326.0 693.0 300.0 692.0 299.0 684.0 small-vehicle 1
453.0 677.0 452.0 668.0 478.0 671.0 477.0 679.0 small-vehicle 1
23.0 263.0 12.0 263.0 14.0 239.0 23.0 240.0 small-vehicle 1
434.0 399.0 442.0 405.0 417.0 430.0 410.0 423.0 large-vehicle 0
434.0 381.0 441.0 387.0 416.0 412.0 409.0 405.0 large-vehicle 0
434.0 363.0 441.0 370.0 416.0 394.0 409.0 386.0 large-vehicle 0
437.0 343.0 443.0 349.0 413.0 377.0 406.0 369.0 large-vehicle 0
325.0 407.0 332.0 414.0 307.0 438.0 300.0 431.0 large-vehicle 0
324.0 428.0 330.0 434.0 305.0 458.0 298.0 451.0 large-vehicle 0
321.0 447.0 329.0 454.0 298.0 483.0 291.0 476.0 large-vehicle 0
321.0 469.0 328.0 475.0 298.0 503.0 291.0 496.0 large-vehicle 0
321.0 487.0 328.0 493.0 298.0 522.0 291.0 515.0 large-vehicle 0
319.0 507.0 326.0 513.0 295.0 541.0 288.0 534.0 large-vehicle 0
319.0 525.0 326.0 532.0 295.0 560.0 288.0 552.0 large-vehicle 0
318.0 545.0 325.0 553.0 300.0 575.0 293.0 566.0 large-vehicle 0
320.0 565.0 327.0 571.0 296.0 599.0 289.0 591.0 large-vehicle 0
316.0 605.0 323.0 613.0 291.0 641.0 284.0 632.0 large-vehicle 0
363.0 311.0 373.0 307.0 394.0 341.0 384.0 347.0 large-vehicle 0
343.0 339.0 351.0 332.0 379.0 363.0 371.0 369.0 large-vehicle 0
341.0 356.0 349.0 349.0 377.0 378.0 369.0 385.0 large-vehicle 0
339.0 374.0 347.0 368.0 374.0 399.0 366.0 404.0 large-vehicle 0
342.0 398.0 350.0 390.0 378.0 420.0 370.0 428.0 large-vehicle 0
340.0 416.0 347.0 409.0 375.0 439.0 367.0 445.0 large-vehicle 0
339.0 435.0 347.0 428.0 373.0 459.0 366.0 465.0 large-vehicle 0
337.0 454.0 345.0 447.0 372.0 478.0 364.0 483.0 large-vehicle 0
338.0 476.0 346.0 468.0 372.0 498.0 363.0 503.0 large-vehicle 0
335.0 494.0 343.0 487.0 371.0 518.0 364.0 524.0 large-vehicle 0
336.0 514.0 343.0 508.0 371.0 538.0 364.0 544.0 large-vehicle 0
334.0 532.0 341.0 525.0 370.0 554.0 363.0 561.0 large-vehicle 0
333.0 552.0 341.0 545.0 368.0 576.0 360.0 582.0 large-vehicle 0
333.0 571.0 341.0 564.0 364.0 590.0 356.0 596.0 large-vehicle 0
330.0 609.0 339.0 602.0 361.0 627.0 353.0 633.0 large-vehicle 0
438.0 302.0 446.0 309.0 415.0 338.0 408.0 330.0 large-vehicle 0
435.0 324.0 442.0 330.0 412.0 359.0 406.0 351.0 large-vehicle 0
213.0 284.0 220.0 291.0 189.0 316.0 182.0 308.0 large-vehicle 0
