imagesource:GoogleEarth
gsd:0.416047263418
170.0 102.0 170.0 98.0 183.0 94.0 183.0 98.0 small-vehicle 1
156.0 58.0 160.0 57.0 162.0 69.0 159.0 70.0 small-vehicle 1
116.0 65.0 115.0 59.0 127.0 59.0 128.0 65.0 small-vehicle 1
183.0 61.0 181.0 64.0 172.0 58.0 175.0 53.0 small-vehicle 1
34.0 235.0 63.0 239.0 54.0 298.0 26.0 295.0 tennis-court 0
72.0 240.0 100.0 244.0 93.0 302.0 64.0 299.0 tennis-court 0
110.0 245.0 139.0 248.0 131.0 306.0 102.0 303.0 tennis-court 0
148.0 249.0 176.0 253.0 169.0 311.0 140.0 308.0 tennis-court 0
185.0 253.0 213.0 256.0 206.0 315.0 178.0 312.0 tennis-court 0
223.0 257.0 251.0 260.0 244.0 320.0 216.0 318.0 tennis-court 0
