imagesource:GoogleEarth
gsd:0.251154131762
837.0 807.0 829.0 801.0 838.0 786.0 846.0 789.0 small-vehicle 1
596.0 580.0 587.0 576.0 603.0 542.0 612.0 547.0 large-vehicle 0
545.0 616.0 545.0 626.0 505.0 626.0 505.0 617.0 large-vehicle 1
537.0 603.0 536.0 612.0 497.0 611.0 497.0 601.0 large-vehicle 1
529.0 587.0 529.0 598.0 489.0 597.0 490.0 587.0 large-vehicle 1
522.0 571.0 522.0 581.0 480.0 580.0 481.0 571.0 large-vehicle 1
510.0 557.0 510.0 567.0 469.0 567.0 470.0 557.0 large-vehicle 1
491.0 515.0 500.0 511.0 519.0 545.0 510.0 550.0 large-vehicle 1
588.0 566.0 579.0 562.0 593.0 527.0 602.0 531.0 large-vehicle 0
372.0 739.0 376.0 746.0 361.0 757.0 355.0 750.0 small-vehicle 0
579.0 550.0 570.0 546.0 586.0 512.0 595.0 516.0 large-vehicle 0
569.0 538.0 559.0 533.0 577.0 499.0 586.0 504.0 large-vehicle 0
562.0 521.0 553.0 517.0 569.0 483.0 578.0 487.0 large-vehicle 0
552.0 509.0 543.0 505.0 559.0 471.0 568.0 475.0 large-vehicle 0
544.0 495.0 535.0 491.0 550.0 457.0 560.0 462.0 large-vehicle 0
530.0 464.0 519.0 459.0 534.0 425.0 544.0 429.0 large-vehicle 0
530.0 576.0 539.0 570.0 562.0 603.0 553.0 609.0 large-vehicle 1
604.0 596.0 594.0 591.0 610.0 558.0 620.0 563.0 large-vehicle 0
613.0 608.0 604.0 604.0 622.0 570.0 631.0 576.0 large-vehicle 0
621.0 622.0 612.0 618.0 629.0 585.0 638.0 590.0 large-vehicle 0
632.0 637.0 623.0 633.0 638.0 599.0 647.0 604.0 large-vehicle 0
638.0 653.0 629.0 647.0 648.0 615.0 656.0 620.0 large-vehicle 0
649.0 664.0 639.0 659.0 656.0 627.0 665.0 632.0 large-vehicle 0
544.0 533.0 552.0 528.0 573.0 562.0 565.0 567.0 large-vehicle 1
571.0 661.0 571.0 670.0 531.0 669.0 531.0 659.0 large-vehicle 1
578.0 676.0 579.0 685.0 539.0 686.0 539.0 676.0 large-vehicle 1
563.0 646.0 563.0 656.0 523.0 656.0 523.0 646.0 large-vehicle 1
587.0 690.0 587.0 700.0 547.0 699.0 548.0 690.0 large-vehicle 1
602.0 631.0 611.0 626.0 632.0 660.0 624.0 665.0 large-vehicle 1
580.0 649.0 589.0 646.0 604.0 682.0 595.0 686.0 large-vehicle 1
727.0 693.0 731.0 701.0 697.0 720.0 691.0 711.0 large-vehicle 1
773.0 737.0 781.0 733.0 801.0 762.0 793.0 767.0 large-vehicle 0
773.0 755.0 764.0 760.0 744.0 729.0 753.0 723.0 large-vehicle 0
518.0 451.0 508.0 447.0 524.0 413.0 532.0 417.0 large-vehicle 0
510.0 434.0 501.0 430.0 517.0 393.0 526.0 398.0 large-vehicle 1
500.0 424.0 491.0 420.0 506.0 385.0 515.0 389.0 large-vehicle 0
832.0 497.0 831.0 487.0 873.0 484.0 873.0 494.0 large-vehicle 1
875.0 376.0 865.0 371.0 884.0 340.0 893.0 345.0 large-vehicle 0
864.0 364.0 855.0 359.0 873.0 327.0 882.0 332.0 large-vehicle 0
856.0 350.0 847.0 345.0 864.0 312.0 873.0 317.0 large-vehicle 0
847.0 335.0 838.0 331.0 854.0 298.0 863.0 303.0 large-vehicle 0
839.0 318.0 829.0 314.0 847.0 281.0 856.0 286.0 large-vehicle 0
830.0 305.0 821.0 300.0 838.0 267.0 846.0 272.0 large-vehicle 0
985.0 246.0 996.0 242.0 1011.0 280.0 1002.0 284.0 large-vehicle 1
918.0 452.0 909.0 447.0 926.0 414.0 935.0 419.0 large-vehicle 0
927.0 467.0 916.0 462.0 934.0 429.0 942.0 435.0 large-vehicle 0
837.0 427.0 837.0 437.0 796.0 438.0 796.0 428.0 large-vehicle 1
840.0 440.0 841.0 451.0 801.0 451.0 801.0 441.0 large-vehicle 1
935.0 483.0 925.0 478.0 943.0 444.0 951.0 449.0 large-vehicle 0
814.0 467.0 813.0 457.0 853.0 456.0 854.0 466.0 large-vehicle 1
824.0 483.0 823.0 472.0 864.0 471.0 865.0 481.0 large-vehicle 1
838.0 513.0 838.0 503.0 879.0 500.0 880.0 511.0 large-vehicle 1
492.0 408.0 483.0 404.0 498.0 371.0 507.0 375.0 large-vehicle 0
869.0 473.0 878.0 469.0 897.0 504.0 888.0 509.0 large-vehicle 1
1150.0 443.0 1156.0 451.0 1121.0 471.0 1115.0 463.0 large-vehicle 1
1099.0 470.0 1105.0 479.0 1071.0 500.0 1065.0 491.0 large-vehicle 1
1057.0 497.0 1063.0 506.0 1028.0 527.0 1022.0 517.0 large-vehicle 1
938.0 578.0 932.0 568.0 968.0 548.0 974.0 557.0 large-vehicle 1
1000.0 715.0 1005.0 724.0 969.0 744.0 963.0 736.0 large-vehicle 1
1117.0 793.0 1124.0 786.0 1154.0 813.0 1148.0 820.0 large-vehicle 1
1100.0 800.0 1107.0 793.0 1138.0 819.0 1132.0 826.0 large-vehicle 1
1087.0 814.0 1094.0 806.0 1125.0 830.0 1120.0 838.0 large-vehicle 1
1073.0 820.0 1080.0 813.0 1110.0 838.0 1104.0 845.0 large-vehicle 1
1060.0 830.0 1066.0 823.0 1097.0 847.0 1092.0 855.0 large-vehicle 1
1044.0 837.0 1051.0 830.0 1083.0 856.0 1077.0 862.0 large-vehicle 1
451.0 425.0 442.0 430.0 424.0 399.0 433.0 394.0 large-vehicle 0
463.0 410.0 454.0 416.0 433.0 385.0 442.0 379.0 large-vehicle 0
757.0 797.0 751.0 788.0 782.0 769.0 787.0 777.0 large-vehicle 0
719.0 807.0 710.0 813.0 691.0 782.0 699.0 776.0 large-vehicle 0
704.0 813.0 694.0 819.0 674.0 788.0 684.0 783.0 large-vehicle 0
267.0 496.0 266.0 506.0 226.0 504.0 227.0 494.0 large-vehicle 1
440.0 615.0 448.0 621.0 426.0 654.0 417.0 647.0 large-vehicle 1
431.0 600.0 439.0 605.0 417.0 639.0 409.0 634.0 large-vehicle 1
427.0 580.0 435.0 585.0 412.0 619.0 404.0 613.0 large-vehicle 1
414.0 572.0 422.0 578.0 400.0 610.0 391.0 604.0 large-vehicle 1
382.0 620.0 391.0 615.0 411.0 650.0 402.0 654.0 large-vehicle 1
342.0 628.0 342.0 638.0 301.0 636.0 301.0 626.0 large-vehicle 1
317.0 598.0 318.0 608.0 277.0 611.0 277.0 601.0 large-vehicle 1
302.0 555.0 302.0 565.0 262.0 563.0 262.0 553.0 large-vehicle 1
294.0 540.0 294.0 550.0 253.0 548.0 253.0 538.0 large-vehicle 1
347.0 565.0 356.0 560.0 376.0 593.0 368.0 599.0 large-vehicle 1
323.0 518.0 331.0 513.0 352.0 548.0 344.0 553.0 large-vehicle 1
290.0 523.0 299.0 518.0 320.0 552.0 311.0 557.0 large-vehicle 1
284.0 524.0 283.0 535.0 243.0 533.0 244.0 523.0 large-vehicle 1
274.0 510.0 273.0 520.0 233.0 519.0 233.0 509.0 large-vehicle 1
254.0 481.0 254.0 491.0 214.0 490.0 214.0 479.0 large-vehicle 1
362.0 657.0 362.0 666.0 322.0 666.0 322.0 657.0 large-vehicle 1
245.0 466.0 245.0 476.0 205.0 478.0 205.0 467.0 large-vehicle 1
240.0 451.0 239.0 462.0 199.0 461.0 199.0 451.0 large-vehicle 1
232.0 438.0 231.0 448.0 191.0 447.0 191.0 436.0 large-vehicle 1
224.0 422.0 224.0 432.0 183.0 431.0 183.0 421.0 large-vehicle 1
237.0 436.0 246.0 432.0 266.0 466.0 257.0 471.0 large-vehicle 1
210.0 390.0 219.0 385.0 240.0 418.0 231.0 424.0 large-vehicle 1
215.0 408.0 214.0 418.0 174.0 416.0 175.0 405.0 large-vehicle 1
205.0 393.0 204.0 404.0 164.0 402.0 164.0 391.0 large-vehicle 1
195.0 378.0 195.0 388.0 155.0 387.0 155.0 377.0 large-vehicle 1
187.0 362.0 186.0 372.0 146.0 371.0 146.0 361.0 large-vehicle 1
185.0 345.0 195.0 341.0 213.0 376.0 204.0 382.0 large-vehicle 1
178.0 349.0 177.0 359.0 137.0 358.0 137.0 347.0 large-vehicle 1
168.0 333.0 168.0 344.0 127.0 343.0 127.0 333.0 large-vehicle 1
161.0 320.0 161.0 331.0 121.0 330.0 121.0 320.0 large-vehicle 1
354.0 642.0 354.0 653.0 314.0 651.0 314.0 641.0 large-vehicle 1
371.0 671.0 372.0 680.0 331.0 681.0 331.0 671.0 large-vehicle 1
663.0 795.0 672.0 790.0 694.0 823.0 686.0 829.0 large-vehicle 1
254.0 359.0 244.0 353.0 264.0 322.0 273.0 328.0 large-vehicle 0
642.0 814.0 651.0 809.0 672.0 844.0 663.0 849.0 large-vehicle 1
374.0 566.0 365.0 561.0 385.0 529.0 393.0 535.0 large-vehicle 0
365.0 555.0 356.0 549.0 375.0 518.0 383.0 522.0 large-vehicle 0
348.0 521.0 340.0 515.0 359.0 485.0 367.0 490.0 large-vehicle 0
339.0 507.0 331.0 502.0 351.0 471.0 359.0 476.0 large-vehicle 0
332.0 493.0 323.0 487.0 343.0 456.0 351.0 462.0 large-vehicle 0
315.0 462.0 307.0 457.0 325.0 425.0 334.0 431.0 large-vehicle 0
304.0 449.0 296.0 443.0 318.0 413.0 325.0 419.0 large-vehicle 0
297.0 433.0 288.0 427.0 308.0 397.0 316.0 402.0 large-vehicle 0
289.0 417.0 280.0 411.0 300.0 380.0 309.0 386.0 large-vehicle 0
280.0 403.0 271.0 398.0 289.0 366.0 297.0 371.0 large-vehicle 0
270.0 388.0 261.0 382.0 282.0 352.0 290.0 358.0 large-vehicle 0
374.0 324.0 373.0 335.0 337.0 332.0 337.0 322.0 large-vehicle 0
262.0 372.0 253.0 367.0 275.0 336.0 283.0 342.0 large-vehicle 0
244.0 344.0 235.0 338.0 255.0 308.0 264.0 314.0 large-vehicle 0
380.0 686.0 380.0 696.0 340.0 695.0 340.0 685.0 large-vehicle 1
236.0 331.0 227.0 324.0 247.0 295.0 256.0 300.0 large-vehicle 0
358.0 535.0 349.0 530.0 370.0 496.0 378.0 502.0 large-vehicle 1
398.0 538.0 407.0 543.0 384.0 577.0 376.0 571.0 large-vehicle 1
406.0 556.0 414.0 562.0 391.0 594.0 382.0 588.0 large-vehicle 1
490.0 758.0 481.0 752.0 502.0 718.0 511.0 724.0 large-vehicle 1
495.0 700.0 503.0 706.0 479.0 738.0 471.0 732.0 large-vehicle 1
484.0 690.0 492.0 696.0 468.0 727.0 460.0 720.0 large-vehicle 1
473.0 673.0 482.0 679.0 460.0 712.0 452.0 707.0 large-vehicle 1
465.0 659.0 473.0 665.0 451.0 697.0 442.0 691.0 large-vehicle 1
457.0 644.0 465.0 650.0 443.0 683.0 434.0 678.0 large-vehicle 1
431.0 704.0 440.0 698.0 461.0 733.0 453.0 738.0 large-vehicle 1
397.0 716.0 397.0 726.0 357.0 725.0 356.0 716.0 large-vehicle 1
384.0 680.0 393.0 675.0 413.0 710.0 404.0 715.0 large-vehicle 1
389.0 700.0 389.0 709.0 349.0 709.0 349.0 700.0 large-vehicle 1
882.0 393.0 873.0 389.0 891.0 357.0 899.0 361.0 large-vehicle 0
891.0 409.0 880.0 404.0 898.0 372.0 907.0 377.0 large-vehicle 0
901.0 421.0 891.0 416.0 909.0 384.0 918.0 389.0 large-vehicle 0
179.0 814.0 188.0 808.0 200.0 827.0 191.0 833.0 small-vehicle 0
529.0 634.0 529.0 642.0 509.0 642.0 508.0 633.0 small-vehicle 0
637.0 508.0 633.0 500.0 649.0 492.0 652.0 499.0 small-vehicle 0
643.0 482.0 647.0 489.0 629.0 498.0 625.0 491.0 small-vehicle 0
625.0 490.0 621.0 483.0 637.0 474.0 640.0 482.0 small-vehicle 0
632.0 464.0 636.0 471.0 619.0 480.0 616.0 472.0 small-vehicle 0
627.0 455.0 629.0 462.0 614.0 470.0 610.0 463.0 small-vehicle 0
625.0 443.0 629.0 452.0 608.0 462.0 603.0 454.0 small-vehicle 0
589.0 435.0 583.0 427.0 600.0 416.0 605.0 423.0 small-vehicle 0
575.0 376.0 569.0 382.0 556.0 366.0 562.0 361.0 small-vehicle 0
533.0 290.0 539.0 299.0 519.0 310.0 514.0 301.0 small-vehicle 0
310.0 568.0 310.0 577.0 286.0 577.0 286.0 568.0 small-vehicle 0
341.0 596.0 334.0 602.0 320.0 583.0 328.0 578.0 small-vehicle 0
345.0 715.0 339.0 719.0 328.0 703.0 334.0 699.0 small-vehicle 0
200.0 857.0 194.0 862.0 183.0 843.0 189.0 839.0 small-vehicle 0
116.0 714.0 109.0 720.0 98.0 704.0 105.0 699.0 small-vehicle 0
890.0 789.0 889.0 797.0 869.0 795.0 870.0 786.0 small-vehicle 0
120.0 708.0 127.0 704.0 137.0 723.0 131.0 728.0 small-vehicle 0
169.0 22.0 167.0 14.0 185.0 9.0 187.0 17.0 small-vehicle 0
150.0 55.0 146.0 44.0 172.0 37.0 176.0 46.0 small-vehicle 0
74.0 64.0 71.0 55.0 93.0 48.0 96.0 57.0 small-vehicle 0
27.0 65.0 23.0 55.0 42.0 49.0 45.0 58.0 small-vehicle 1
57.0 84.0 54.0 74.0 76.0 67.0 79.0 76.0 small-vehicle 0
337.0 612.0 337.0 622.0 297.0 622.0 297.0 611.0 large-vehicle 0
341.0 186.0 338.0 177.0 376.0 166.0 378.0 175.0 large-vehicle 1
688.0 375.0 679.0 380.0 660.0 345.0 669.0 340.0 large-vehicle 1
683.0 386.0 692.0 381.0 712.0 415.0 704.0 420.0 large-vehicle 1
503.0 543.0 502.0 552.0 467.0 551.0 467.0 542.0 large-vehicle 0
494.0 529.0 494.0 538.0 459.0 537.0 459.0 527.0 large-vehicle 0
485.0 515.0 485.0 524.0 449.0 522.0 449.0 513.0 large-vehicle 0
476.0 500.0 476.0 510.0 439.0 507.0 440.0 498.0 large-vehicle 0
654.0 850.0 646.0 856.0 632.0 834.0 640.0 829.0 small-vehicle 0
886.0 776.0 885.0 783.0 864.0 780.0 865.0 772.0 small-vehicle 0
460.0 470.0 459.0 480.0 423.0 478.0 423.0 469.0 large-vehicle 0
743.0 157.0 735.0 153.0 744.0 137.0 751.0 141.0 small-vehicle 0
671.0 92.0 673.0 104.0 653.0 108.0 648.0 98.0 small-vehicle 0
50.0 623.0 59.0 618.0 49.0 600.0 40.0 605.0 small-vehicle 0
847.0 714.0 851.0 730.0 805.0 749.0 800.0 735.0 large-vehicle 1
1161.0 715.0 1154.0 720.0 1141.0 700.0 1148.0 696.0 small-vehicle 0
1142.0 724.0 1134.0 729.0 1121.0 708.0 1130.0 704.0 small-vehicle 0
1035.0 867.0 1040.0 861.0 1052.0 874.0 1047.0 879.0 small-vehicle 0
1058.0 748.0 1065.0 745.0 1074.0 762.0 1068.0 765.0 small-vehicle 0
1051.0 757.0 1057.0 753.0 1066.0 767.0 1060.0 771.0 small-vehicle 0
1044.0 779.0 1039.0 782.0 1028.0 765.0 1034.0 761.0 small-vehicle 0
1039.0 787.0 1033.0 792.0 1017.0 772.0 1023.0 767.0 small-vehicle 0
1030.0 794.0 1024.0 798.0 1008.0 777.0 1015.0 772.0 small-vehicle 0
999.0 781.0 1006.0 777.0 1017.0 796.0 1010.0 799.0 small-vehicle 0
1007.0 801.0 1001.0 805.0 991.0 787.0 997.0 783.0 small-vehicle 0
941.0 722.0 937.0 712.0 958.0 702.0 962.0 711.0 small-vehicle 0
701.0 472.0 706.0 479.0 692.0 488.0 687.0 481.0 small-vehicle 0
858.0 767.0 859.0 758.0 877.0 762.0 876.0 769.0 small-vehicle 0
698.0 497.0 693.0 489.0 707.0 481.0 711.0 488.0 small-vehicle 0
657.0 499.0 661.0 508.0 642.0 519.0 637.0 510.0 small-vehicle 0
699.0 507.0 696.0 499.0 714.0 489.0 717.0 497.0 small-vehicle 0
668.0 520.0 670.0 528.0 655.0 534.0 652.0 526.0 small-vehicle 0
707.0 519.0 702.0 511.0 720.0 501.0 724.0 508.0 small-vehicle 0
721.0 535.0 716.0 528.0 732.0 518.0 736.0 525.0 small-vehicle 0
663.0 555.0 660.0 547.0 676.0 539.0 679.0 547.0 small-vehicle 0
680.0 550.0 683.0 558.0 668.0 565.0 664.0 557.0 small-vehicle 0
698.0 576.0 702.0 584.0 686.0 593.0 683.0 585.0 small-vehicle 0
708.0 583.0 712.0 592.0 691.0 604.0 686.0 595.0 small-vehicle 0
716.0 605.0 719.0 612.0 705.0 621.0 700.0 613.0 small-vehicle 0
723.0 615.0 726.0 622.0 710.0 631.0 706.0 624.0 small-vehicle 0
712.0 641.0 707.0 632.0 725.0 623.0 729.0 632.0 small-vehicle 0
845.0 636.0 849.0 629.0 866.0 643.0 862.0 650.0 small-vehicle 0
468.0 484.0 467.0 495.0 432.0 494.0 432.0 483.0 large-vehicle 0
450.0 456.0 450.0 466.0 414.0 465.0 414.0 455.0 large-vehicle 0
909.0 438.0 899.0 433.0 916.0 400.0 926.0 405.0 large-vehicle 0
916.0 96.0 910.0 87.0 941.0 67.0 947.0 76.0 large-vehicle 0
811.0 278.0 802.0 272.0 820.0 240.0 829.0 244.0 large-vehicle 0
761.0 295.0 761.0 305.0 719.0 305.0 720.0 294.0 large-vehicle 1
767.0 310.0 767.0 320.0 726.0 319.0 726.0 309.0 large-vehicle 1
785.0 338.0 786.0 349.0 745.0 351.0 744.0 340.0 large-vehicle 1
801.0 368.0 802.0 378.0 762.0 380.0 761.0 370.0 large-vehicle 1
828.0 412.0 828.0 422.0 788.0 422.0 788.0 413.0 large-vehicle 1
980.0 196.0 973.0 189.0 998.0 160.0 1006.0 167.0 large-vehicle 1
719.0 156.0 728.0 150.0 749.0 186.0 740.0 191.0 large-vehicle 1
881.0 177.0 883.0 186.0 844.0 194.0 842.0 185.0 large-vehicle 1
872.0 162.0 875.0 171.0 836.0 183.0 833.0 174.0 large-vehicle 1
868.0 150.0 870.0 159.0 831.0 170.0 829.0 160.0 large-vehicle 1
956.0 170.0 948.0 163.0 973.0 132.0 981.0 138.0 large-vehicle 1
937.0 149.0 928.0 142.0 953.0 110.0 961.0 116.0 large-vehicle 1
922.0 121.0 916.0 113.0 947.0 86.0 953.0 94.0 large-vehicle 1
864.0 121.0 866.0 131.0 825.0 136.0 824.0 126.0 large-vehicle 1
743.0 265.0 742.0 275.0 702.0 276.0 702.0 266.0 large-vehicle 1
867.0 42.0 875.0 36.0 901.0 67.0 893.0 74.0 large-vehicle 1
716.0 83.0 718.0 93.0 679.0 104.0 676.0 93.0 large-vehicle 1
416.0 273.0 406.0 270.0 418.0 233.0 427.0 236.0 large-vehicle 1
392.0 282.0 402.0 278.0 420.0 313.0 410.0 317.0 large-vehicle 1
364.0 310.0 362.0 320.0 326.0 318.0 327.0 307.0 large-vehicle 0
353.0 294.0 353.0 304.0 317.0 302.0 318.0 292.0 large-vehicle 0
349.0 281.0 348.0 291.0 311.0 287.0 312.0 277.0 large-vehicle 0
335.0 259.0 336.0 269.0 296.0 271.0 295.0 261.0 large-vehicle 1
582.0 216.0 591.0 211.0 611.0 246.0 602.0 251.0 large-vehicle 1
558.0 172.0 567.0 168.0 584.0 198.0 575.0 204.0 large-vehicle 0
774.0 325.0 774.0 335.0 733.0 335.0 733.0 324.0 large-vehicle 1
789.0 353.0 789.0 362.0 749.0 363.0 749.0 353.0 large-vehicle 1
811.0 381.0 811.0 391.0 771.0 393.0 771.0 383.0 large-vehicle 1
819.0 397.0 819.0 407.0 778.0 408.0 778.0 398.0 large-vehicle 1
751.0 281.0 751.0 291.0 710.0 291.0 710.0 280.0 large-vehicle 1
733.0 251.0 733.0 261.0 693.0 260.0 693.0 249.0 large-vehicle 1
443.0 443.0 442.0 452.0 406.0 449.0 406.0 440.0 large-vehicle 0
707.0 426.0 716.0 421.0 735.0 457.0 725.0 462.0 large-vehicle 1
429.0 426.0 429.0 436.0 393.0 434.0 393.0 425.0 large-vehicle 0
425.0 411.0 424.0 421.0 389.0 420.0 389.0 410.0 large-vehicle 0
418.0 398.0 418.0 407.0 382.0 406.0 382.0 396.0 large-vehicle 0
409.0 382.0 407.0 393.0 371.0 389.0 371.0 380.0 large-vehicle 0
402.0 369.0 400.0 378.0 364.0 374.0 364.0 365.0 large-vehicle 0
484.0 395.0 475.0 392.0 489.0 356.0 497.0 360.0 large-vehicle 0
388.0 353.0 388.0 364.0 348.0 360.0 348.0 351.0 large-vehicle 1
476.0 379.0 466.0 376.0 478.0 342.0 489.0 346.0 large-vehicle 0
467.0 364.0 458.0 361.0 471.0 325.0 480.0 329.0 large-vehicle 0
457.0 353.0 448.0 350.0 461.0 314.0 470.0 318.0 large-vehicle 0
449.0 335.0 440.0 332.0 453.0 297.0 462.0 300.0 large-vehicle 0
440.0 319.0 431.0 315.0 447.0 279.0 456.0 282.0 large-vehicle 1
433.0 304.0 424.0 300.0 437.0 263.0 447.0 267.0 large-vehicle 1
424.0 289.0 414.0 286.0 428.0 248.0 437.0 251.0 large-vehicle 1
730.0 465.0 739.0 460.0 760.0 494.0 751.0 500.0 large-vehicle 1
725.0 237.0 725.0 247.0 684.0 245.0 685.0 233.0 large-vehicle 1
755.0 507.0 764.0 503.0 784.0 537.0 776.0 542.0 large-vehicle 1
778.0 549.0 788.0 544.0 806.0 575.0 798.0 580.0 large-vehicle 0
747.0 790.0 738.0 794.0 720.0 764.0 730.0 758.0 large-vehicle 0
705.0 775.0 714.0 769.0 734.0 795.0 725.0 801.0 large-vehicle 0
779.0 214.0 770.0 210.0 787.0 176.0 795.0 181.0 large-vehicle 0
691.0 178.0 691.0 188.0 651.0 186.0 651.0 176.0 large-vehicle 1
695.0 192.0 694.0 202.0 654.0 200.0 654.0 191.0 large-vehicle 1
707.0 207.0 707.0 217.0 666.0 217.0 666.0 206.0 large-vehicle 1
761.0 186.0 752.0 182.0 769.0 145.0 779.0 150.0 large-vehicle 1
770.0 200.0 761.0 196.0 779.0 160.0 789.0 165.0 large-vehicle 1
787.0 230.0 778.0 226.0 794.0 193.0 802.0 197.0 large-vehicle 0
795.0 246.0 787.0 242.0 804.0 207.0 812.0 212.0 large-vehicle 0
804.0 261.0 795.0 257.0 812.0 223.0 820.0 228.0 large-vehicle 0
716.0 222.0 716.0 232.0 676.0 231.0 676.0 221.0 large-vehicle 1
166.0 296.0 175.0 294.0 187.0 331.0 178.0 334.0 large-vehicle 1
