imagesource:GF
gsd:1
2066.0 2087.0 2076.0 2113.0 2014.0 2132.0 2004.0 2110.0 harbor 0
1521.0 1331.0 1533.0 1341.0 1495.0 1370.0 1486.0 1360.0 ship 0
871.0 853.0 879.0 842.0 933.0 889.0 925.0 898.0 ship 0
750.0 989.0 764.0 993.0 730.0 1075.0 715.0 1069.0 ship 0
754.0 1023.0 765.0 1027.0 733.0 1098.0 722.0 1093.0 ship 0
771.0 1018.0 786.0 1023.0 750.0 1104.0 736.0 1099.0 ship 0
852.0 1046.0 868.0 1046.0 868.0 1107.0 854.0 1109.0 ship 0
868.0 1012.0 883.0 1010.0 890.0 1102.0 872.0 1103.0 ship 0
1156.0 1204.0 1148.0 1194.0 1208.0 1148.0 1214.0 1159.0 ship 0
1221.0 1173.0 1231.0 1186.0 1166.0 1238.0 1155.0 1228.0 ship 0
1227.0 1237.0 1235.0 1251.0 1176.0 1286.0 1167.0 1272.0 ship 0
1215.0 1228.0 1220.0 1240.0 1169.0 1267.0 1164.0 1258.0 ship 0
1004.0 1069.0 1012.0 1073.0 998.0 1105.0 989.0 1102.0 ship 0
992.0 1063.0 1002.0 1068.0 985.0 1103.0 976.0 1100.0 ship 0
679.0 1023.0 695.0 1026.0 681.0 1077.0 666.0 1072.0 ship 0
223.0 1114.0 219.0 1108.0 235.0 1096.0 238.0 1103.0 ship 0
613.0 1044.0 629.0 1044.0 629.0 1064.0 614.0 1065.0 harbor 0
352.0 520.0 354.0 515.0 369.0 523.0 366.0 528.0 ship 0
405.0 606.0 406.0 599.0 430.0 606.0 427.0 612.0 ship 0
1524.0 1349.0 1529.0 1356.0 1486.0 1394.0 1478.0 1383.0 ship 0
1531.0 1534.0 1544.0 1546.0 1485.0 1611.0 1469.0 1599.0 ship 0
1557.0 1562.0 1568.0 1574.0 1509.0 1635.0 1497.0 1624.0 ship 0
1994.0 2050.0 2004.0 2066.0 1965.0 2097.0 1951.0 2081.0 harbor 0
859.0 866.0 868.0 852.0 934.0 908.0 923.0 922.0 ship 0
