imagesource:GF
gsd:1
2858.0 1072.0 2867.0 1072.0 2867.0 1081.0 2858.0 1081.0 storage-tank 1
1661.0 2121.0 1651.0 2098.0 1716.0 2067.0 1731.0 2090.0 harbor 0
2884.0 1093.0 2898.0 1093.0 2898.0 1108.0 2884.0 1108.0 storage-tank 0
3598.0 1450.0 3640.0 1426.0 3671.0 1475.0 3628.0 1498.0 bridge 0
3020.0 3956.0 3006.0 3963.0 2969.0 3900.0 2980.0 3890.0 ship 1
1766.0 1399.0 1794.0 1399.0 1794.0 1426.0 1766.0 1426.0 storage-tank 0
1743.0 1368.0 1768.0 1368.0 1768.0 1394.0 1743.0 1394.0 storage-tank 0
1446.0 923.0 1481.0 923.0 1481.0 959.0 1446.0 959.0 storage-tank 0
1470.0 955.0 1505.0 955.0 1505.0 991.0 1470.0 991.0 storage-tank 0
1351.0 1265.0 1370.0 1265.0 1370.0 1283.0 1351.0 1283.0 storage-tank 0
1317.0 1290.0 1336.0 1290.0 1336.0 1307.0 1317.0 1307.0 storage-tank 0
1275.0 1234.0 1298.0 1234.0 1298.0 1256.0 1275.0 1256.0 storage-tank 0
1312.0 1210.0 1331.0 1210.0 1331.0 1231.0 1312.0 1231.0 storage-tank 0
1279.0 1167.0 1302.0 1167.0 1302.0 1190.0 1279.0 1190.0 storage-tank 0
1244.0 1189.0 1267.0 1189.0 1267.0 1215.0 1244.0 1215.0 storage-tank 0
1236.0 1108.0 1262.0 1108.0 1262.0 1136.0 1236.0 1136.0 storage-tank 0
1203.0 1134.0 1226.0 1134.0 1226.0 1159.0 1203.0 1159.0 storage-tank 0
1206.0 1066.0 1228.0 1066.0 1228.0 1088.0 1206.0 1088.0 storage-tank 0
1173.0 1094.0 1192.0 1094.0 1192.0 1112.0 1173.0 1112.0 storage-tank 0
646.0 3432.0 645.0 3426.0 663.0 3425.0 664.0 3434.0 ship 0
1159.0 1552.0 1165.0 1544.0 1190.0 1573.0 1182.0 1581.0 ship 0
2866.0 1076.0 2883.0 1076.0 2883.0 1094.0 2866.0 1094.0 storage-tank 0
2851.0 1889.0 2836.0 1906.0 2777.0 1860.0 2800.0 1842.0 harbor 0
2849.0 1062.0 2857.0 1062.0 2857.0 1071.0 2849.0 1071.0 storage-tank 1
1144.0 1541.0 1121.0 1559.0 1092.0 1513.0 1115.0 1498.0 harbor 0
2837.0 1052.0 2847.0 1052.0 2847.0 1062.0 2837.0 1062.0 storage-tank 1
2867.0 1065.0 2874.0 1065.0 2874.0 1073.0 2867.0 1073.0 storage-tank 1
2856.0 1056.0 2864.0 1056.0 2864.0 1064.0 2856.0 1064.0 storage-tank 1
2844.0 1044.0 2852.0 1044.0 2852.0 1052.0 2844.0 1052.0 storage-tank 1
2627.0 2088.0 2628.0 2093.0 2607.0 2103.0 2604.0 2097.0 ship 1
2625.0 2084.0 2627.0 2088.0 2603.0 2096.0 2602.0 2092.0 ship 1
2626.0 2079.0 2627.0 2082.0 2607.0 2090.0 2605.0 2088.0 ship 1
2626.0 2072.0 2628.0 2077.0 2600.0 2089.0 2597.0 2083.0 ship 1
2622.0 2068.0 2624.0 2073.0 2601.0 2081.0 2601.0 2076.0 ship 1
2619.0 2066.0 2620.0 2070.0 2596.0 2079.0 2595.0 2075.0 ship 1
2614.0 2064.0 2615.0 2068.0 2597.0 2073.0 2596.0 2070.0 ship 1
2615.0 2058.0 2616.0 2063.0 2593.0 2070.0 2593.0 2065.0 ship 1
2613.0 2049.0 2616.0 2056.0 2588.0 2069.0 2584.0 2063.0 ship 1
2608.0 2046.0 2609.0 2050.0 2589.0 2060.0 2587.0 2055.0 ship 1
2457.0 2124.0 2471.0 2116.0 2492.0 2151.0 2479.0 2158.0 ship 0
2429.0 2126.0 2452.0 2114.0 2476.0 2158.0 2453.0 2170.0 ship 0
1976.0 522.0 2008.0 565.0 1991.0 580.0 1956.0 539.0 bridge 0
1920.0 464.0 1930.0 476.0 1916.0 488.0 1906.0 476.0 bridge 0
2313.0 430.0 2395.0 357.0 2553.0 527.0 2471.0 603.0 ground-track-field 0
523.0 522.0 512.0 532.0 475.0 493.0 485.0 479.0 ship 0
