imagesource:GF
gsd:1
869.0 2231.0 872.0 2235.0 860.0 2251.0 856.0 2247.0 ship 0
528.0 3409.0 526.0 3404.0 546.0 3397.0 547.0 3402.0 ship 1
245.0 1761.0 250.0 1746.0 280.0 1755.0 276.0 1770.0 tennis-court 1
291.0 1775.0 295.0 1761.0 325.0 1770.0 320.0 1784.0 tennis-court 1
239.0 1780.0 244.0 1766.0 273.0 1774.0 268.0 1789.0 tennis-court 1
284.0 1794.0 289.0 1781.0 317.0 1789.0 314.0 1803.0 tennis-court 1
306.0 3480.0 301.0 3484.0 288.0 3471.0 291.0 3467.0 ship 0
311.0 3478.0 307.0 3480.0 291.0 3461.0 296.0 3458.0 ship 0
364.0 3463.0 363.0 3455.0 390.0 3450.0 392.0 3458.0 ship 0
380.0 3429.0 378.0 3422.0 405.0 3417.0 406.0 3424.0 ship 0
542.0 3452.0 540.0 3448.0 556.0 3441.0 557.0 3445.0 ship 1
472.0 3364.0 470.0 3368.0 455.0 3362.0 457.0 3358.0 ship 1
538.0 3447.0 536.0 3443.0 553.0 3437.0 554.0 3441.0 ship 1
543.0 3435.0 540.0 3430.0 554.0 3419.0 556.0 3422.0 ship 1
544.0 3425.0 542.0 3422.0 553.0 3416.0 554.0 3419.0 ship 1
536.0 3424.0 535.0 3419.0 553.0 3412.0 554.0 3416.0 ship 1
538.0 3417.0 537.0 3413.0 551.0 3406.0 553.0 3410.0 ship 1
287.0 1841.0 308.0 1849.0 294.0 1882.0 276.0 1875.0 basketball-court 0
264.0 1835.0 284.0 1840.0 273.0 1874.0 254.0 1868.0 basketball-court 0
242.0 1829.0 260.0 1834.0 249.0 1869.0 231.0 1862.0 basketball-court 0
254.0 757.0 341.0 731.0 339.0 799.0 230.0 828.0 bridge 0
618.0 3302.0 617.0 3295.0 634.0 3290.0 637.0 3295.0 ship 0
652.0 3256.0 655.0 3263.0 635.0 3273.0 632.0 3264.0 ship 0
655.0 3225.0 657.0 3234.0 643.0 3242.0 638.0 3234.0 ship 0
771.0 3236.0 733.0 3086.0 700.0 3107.0 733.0 3241.0 harbor 0
587.0 3506.0 573.0 3506.0 546.0 3310.0 558.0 3313.0 harbor 0
381.0 370.0 422.0 363.0 418.0 411.0 373.0 416.0 bridge 0
336.0 1769.0 425.0 1795.0 381.0 1929.0 293.0 1901.0 soccer-ball-field 0
219.0 1821.0 238.0 1825.0 226.0 1862.0 209.0 1856.0 basketball-court 0
231.0 1781.0 218.0 1817.0 261.0 1831.0 274.0 1794.0 soccer-ball-field 1
278.0 1795.0 265.0 1832.0 309.0 1845.0 321.0 1808.0 soccer-ball-field 1
208.0 1860.0 225.0 1864.0 213.0 1901.0 195.0 1895.0 basketball-court 0
230.0 1867.0 248.0 1873.0 236.0 1908.0 219.0 1903.0 basketball-court 0
253.0 1872.0 271.0 1879.0 259.0 1916.0 241.0 1909.0 basketball-court 0
274.0 1881.0 295.0 1886.0 283.0 1924.0 265.0 1916.0 basketball-court 0
531.0 3415.0 530.0 3409.0 549.0 3401.0 550.0 3406.0 ship 1
530.0 3402.0 528.0 3398.0 547.0 3393.0 548.0 3398.0 ship 1
861.0 2235.0 864.0 2238.0 851.0 2249.0 849.0 2246.0 ship 0
533.0 3396.0 532.0 3392.0 548.0 3386.0 550.0 3389.0 ship 1
953.0 2294.0 958.0 2297.0 948.0 2312.0 944.0 2309.0 ship 1
964.0 2302.0 967.0 2305.0 959.0 2316.0 956.0 2314.0 ship 1
967.0 2306.0 969.0 2310.0 961.0 2321.0 958.0 2318.0 ship 1
1048.0 2327.0 1065.0 2339.0 1030.0 2379.0 1010.0 2366.0 harbor 0
831.0 2197.0 836.0 2207.0 820.0 2218.0 813.0 2210.0 ship 0
884.0 2240.0 889.0 2243.0 881.0 2257.0 877.0 2254.0 ship 0
890.0 2239.0 895.0 2241.0 891.0 2255.0 886.0 2254.0 ship 1
895.0 2241.0 900.0 2243.0 895.0 2255.0 891.0 2254.0 ship 1
901.0 2241.0 905.0 2244.0 900.0 2259.0 895.0 2257.0 ship 0
908.0 2241.0 911.0 2244.0 906.0 2257.0 902.0 2255.0 ship 1
926.0 2266.0 929.0 2268.0 918.0 2282.0 915.0 2280.0 ship 0
922.0 2262.0 924.0 2267.0 915.0 2279.0 912.0 2277.0 ship 0
837.0 2214.0 840.0 2216.0 831.0 2230.0 827.0 2227.0 ship 0
849.0 2221.0 852.0 2225.0 840.0 2238.0 835.0 2235.0 ship 0
858.0 2229.0 861.0 2233.0 848.0 2245.0 845.0 2241.0 ship 0
945.0 2286.0 950.0 2289.0 938.0 2306.0 934.0 2304.0 ship 1
943.0 2278.0 946.0 2283.0 932.0 2294.0 929.0 2289.0 ship 1
628.0 3235.0 631.0 3241.0 616.0 3252.0 612.0 3247.0 ship 1
527.0 3345.0 525.0 3341.0 544.0 3332.0 545.0 3335.0 ship 1
529.0 3394.0 527.0 3390.0 542.0 3382.0 545.0 3386.0 ship 1
532.0 3387.0 531.0 3383.0 545.0 3379.0 546.0 3382.0 ship 1
533.0 3383.0 530.0 3379.0 547.0 3372.0 548.0 3376.0 ship 1
519.0 3357.0 519.0 3351.0 542.0 3348.0 542.0 3355.0 ship 1
536.0 3350.0 533.0 3346.0 548.0 3339.0 549.0 3344.0 ship 1
530.0 3347.0 528.0 3344.0 544.0 3336.0 545.0 3339.0 ship 1
525.0 3333.0 522.0 3329.0 537.0 3319.0 540.0 3324.0 ship 1
521.0 3307.0 520.0 3301.0 537.0 3303.0 536.0 3307.0 ship 1
336.0 3448.0 329.0 3452.0 319.0 3433.0 325.0 3431.0 ship 1
374.0 3387.0 371.0 3390.0 357.0 3378.0 359.0 3374.0 ship 1
378.0 3383.0 374.0 3387.0 357.0 3371.0 362.0 3367.0 ship 1
516.0 3328.0 514.0 3320.0 531.0 3319.0 530.0 3325.0 ship 1
518.0 3320.0 517.0 3315.0 530.0 3312.0 532.0 3318.0 ship 1
514.0 3314.0 514.0 3309.0 535.0 3305.0 535.0 3312.0 ship 1
663.0 3317.0 639.0 3326.0 637.0 3319.0 660.0 3312.0 ship 0
