imagesource:GF
gsd:1
2833.0 2103.0 2843.0 2105.0 2838.0 2118.0 2823.0 2115.0 bridge 1
228.0 3500.0 248.0 3475.0 264.0 3487.0 246.0 3515.0 bridge 0
1297.0 3778.0 1304.0 3769.0 1346.0 3796.0 1342.0 3805.0 ship 0
1430.0 3787.0 1443.0 3793.0 1418.0 3841.0 1407.0 3835.0 ship 0
3673.0 58.0 3714.0 33.0 3747.0 89.0 3704.0 114.0 ground-track-field 0
1372.0 723.0 1424.0 690.0 1430.0 698.0 1382.0 731.0 bridge 0
831.0 2584.0 843.0 2583.0 855.0 2631.0 844.0 2636.0 bridge 0
758.0 2093.0 773.0 2100.0 770.0 2108.0 753.0 2101.0 bridge 0
2471.0 2198.0 2482.0 2194.0 2489.0 2204.0 2480.0 2208.0 bridge 1
3243.0 2756.0 3304.0 2694.0 3322.0 2715.0 3265.0 2776.0 bridge 1
2484.0 2211.0 2496.0 2208.0 2527.0 2246.0 2517.0 2248.0 bridge 0
2370.0 2063.0 2379.0 2070.0 2368.0 2076.0 2360.0 2070.0 bridge 1
2810.0 2129.0 2817.0 2122.0 2825.0 2130.0 2819.0 2138.0 bridge 1
2689.0 2281.0 2698.0 2269.0 2709.0 2271.0 2700.0 2284.0 bridge 0
2813.0 2670.0 2832.0 2676.0 2824.0 2685.0 2808.0 2678.0 bridge 1
3766.0 826.0 3771.0 814.0 3780.0 818.0 3778.0 831.0 bridge 1
3421.0 230.0 3428.0 235.0 3406.0 263.0 3400.0 258.0 bridge 0
