imagesource:GF
gsd:1
3235.0 165.0 3243.0 165.0 3240.0 181.0 3232.0 181.0 bridge 0
3334.0 2604.0 3356.0 2590.0 3360.0 2641.0 3336.0 2651.0 bridge 0
3197.0 3545.0 3235.0 3545.0 3234.0 3561.0 3196.0 3561.0 bridge 0
2881.0 102.0 2873.0 125.0 2901.0 131.0 2908.0 108.0 bridge 0
3315.0 2736.0 3357.0 2717.0 3366.0 2734.0 3319.0 2755.0 bridge 0
2062.0 92.0 2126.0 83.0 2151.0 193.0 2084.0 205.0 ground-track-field 0
1924.0 274.0 2008.0 198.0 2161.0 363.0 2077.0 442.0 ground-track-field 0
833.0 229.0 848.0 238.0 843.0 246.0 828.0 238.0 bridge 0
143.0 1352.0 151.0 1353.0 150.0 1365.0 142.0 1363.0 bridge 1
3949.0 2246.0 4001.0 2265.0 3850.0 2354.0 3779.0 2341.0 bridge 0
3357.0 2337.0 3366.0 2338.0 3366.0 2350.0 3357.0 2350.0 bridge 1
2374.0 1943.0 2406.0 1948.0 2377.0 2121.0 2346.0 2116.0 bridge 0
2541.0 4.0 2554.0 8.0 2553.0 18.0 2539.0 13.0 bridge 1
2664.0 14.0 2672.0 18.0 2661.0 28.0 2656.0 25.0 bridge 1
2175.0 1110.0 2187.0 1112.0 2187.0 1122.0 2172.0 1120.0 bridge 1
2398.0 123.0 2406.0 125.0 2400.0 140.0 2391.0 136.0 bridge 0
2526.0 166.0 2535.0 165.0 2535.0 178.0 2526.0 178.0 bridge 1
2208.0 2616.0 2218.0 2610.0 2224.0 2642.0 2214.0 2651.0 bridge 0
432.0 1805.0 447.0 1812.0 439.0 1824.0 422.0 1816.0 bridge 0
