imagesource:GF
gsd:1
3252.0 2396.0 3281.0 2428.0 3300.0 2471.0 3282.0 2457.0 bridge 0
1840.0 1076.0 1858.0 1099.0 1851.0 1107.0 1832.0 1088.0 bridge 0
314.0 2323.0 338.0 2336.0 136.0 2421.0 84.0 2418.0 bridge 0
898.0 1685.0 909.0 1675.0 950.0 1710.0 935.0 1721.0 bridge 0
448.0 1954.0 468.0 1943.0 483.0 1980.0 464.0 1992.0 bridge 0
699.0 2167.0 714.0 2161.0 706.0 2185.0 681.0 2195.0 bridge 0
405.0 2287.0 435.0 2275.0 440.0 2294.0 406.0 2309.0 bridge 0
1878.0 697.0 1887.0 688.0 1894.0 703.0 1882.0 712.0 bridge 0
1575.0 838.0 1581.0 844.0 1571.0 852.0 1566.0 845.0 bridge 1
1909.0 677.0 1916.0 671.0 1925.0 688.0 1918.0 693.0 bridge 0
2275.0 1509.0 2288.0 1503.0 2321.0 1534.0 2308.0 1538.0 bridge 0
1940.0 653.0 1982.0 628.0 1991.0 638.0 1953.0 668.0 bridge 0
2000.0 623.0 2013.0 613.0 2026.0 622.0 2013.0 633.0 bridge 0
2041.0 601.0 2054.0 593.0 2064.0 603.0 2051.0 612.0 bridge 0
1931.0 1180.0 1944.0 1174.0 1958.0 1185.0 1948.0 1189.0 bridge 0
1949.0 1193.0 1961.0 1189.0 1973.0 1201.0 1959.0 1205.0 bridge 0
1833.0 2769.0 1849.0 2751.0 1875.0 2776.0 1859.0 2796.0 bridge 0
2468.0 2179.0 2501.0 2125.0 2521.0 2140.0 2485.0 2198.0 bridge 0
163.0 22.0 211.0 55.0 181.0 93.0 134.0 60.0 bridge 0
