imagesource:GF
gsd:1
2816.0 3605.0 2831.0 3598.0 2842.0 3611.0 2827.0 3619.0 bridge 0
386.0 1478.0 416.0 1482.0 412.0 1522.0 382.0 1521.0 bridge 0
547.0 2582.0 545.0 2564.0 625.0 2548.0 629.0 2566.0 ship 0
856.0 2483.0 849.0 2462.0 902.0 2444.0 909.0 2466.0 ship 0
445.0 2926.0 466.0 2922.0 475.0 2971.0 455.0 2976.0 ship 0
3776.0 1407.0 3784.0 1382.0 3897.0 1417.0 3890.0 1441.0 ship 0
3768.0 1426.0 3775.0 1407.0 3883.0 1437.0 3877.0 1457.0 ship 0
3762.0 1445.0 3769.0 1424.0 3877.0 1455.0 3869.0 1476.0 ship 0
3683.0 20.0 3707.0 20.0 3707.0 46.0 3683.0 46.0 storage-tank 0
244.0 406.0 298.0 423.0 79.0 1109.0 25.0 1095.0 bridge 0
399.0 2143.0 427.0 2140.0 430.0 2172.0 403.0 2176.0 bridge 0
3057.0 322.0 3106.0 262.0 3130.0 272.0 3078.0 329.0 bridge 0
125.0 2642.0 178.0 2630.0 255.0 2932.0 202.0 2944.0 bridge 0
851.0 2064.0 846.0 2038.0 886.0 2029.0 891.0 2054.0 bridge 0
743.0 1570.0 752.0 1543.0 799.0 1555.0 791.0 1583.0 bridge 0
1861.0 85.0 1877.0 88.0 1870.0 137.0 1855.0 134.0 bridge 0
3631.0 2319.0 3635.0 2341.0 3498.0 2345.0 3496.0 2323.0 ship 0
131.0 1770.0 130.0 1741.0 160.0 1745.0 162.0 1773.0 bridge 0
131.0 1795.0 132.0 1770.0 162.0 1776.0 163.0 1799.0 bridge 0
1841.0 291.0 1917.0 218.0 1941.0 238.0 1869.0 323.0 bridge 0
543.0 2567.0 538.0 2547.0 612.0 2531.0 617.0 2550.0 ship 0
