imagesource:GF
gsd:1
3281.0 2076.0 3279.0 2081.0 3270.0 2075.0 3272.0 2071.0 ship 1
3275.0 2022.0 3324.0 2046.0 3257.0 2163.0 3206.0 2132.0 harbor 0
1319.0 893.0 1335.0 914.0 1327.0 921.0 1309.0 901.0 bridge 0
1139.0 1335.0 1151.0 1281.0 1251.0 1305.0 1238.0 1361.0 ground-track-field 0
1708.0 2351.0 1744.0 2314.0 1815.0 2390.0 1775.0 2425.0 ground-track-field 0
3602.0 3056.0 3614.0 3040.0 3633.0 3055.0 3622.0 3071.0 bridge 0
3215.0 171.0 3205.0 178.0 3169.0 137.0 3181.0 128.0 ship 1
2720.0 2197.0 2753.0 2220.0 2720.0 2273.0 2685.0 2253.0 bridge 0
1719.0 382.0 1733.0 367.0 1795.0 427.0 1780.0 440.0 ship 0
1599.0 23.0 1616.0 12.0 1659.0 61.0 1645.0 74.0 ship 1
3528.0 2328.0 3505.0 2355.0 3311.0 2202.0 3337.0 2177.0 harbor 0
3476.0 2116.0 3519.0 2146.0 3427.0 2274.0 3385.0 2238.0 harbor 0
3399.0 2061.0 3440.0 2092.0 3349.0 2211.0 3308.0 2174.0 harbor 0
2628.0 1437.0 2649.0 1422.0 2691.0 1472.0 2670.0 1486.0 harbor 0
3272.0 2097.0 3268.0 2098.0 3260.0 2092.0 3262.0 2089.0 ship 1
1903.0 1148.0 1914.0 1159.0 1878.0 1195.0 1866.0 1183.0 ship 0
1975.0 1022.0 1993.0 1032.0 1965.0 1091.0 1945.0 1081.0 ship 0
1928.0 1052.0 1940.0 1056.0 1923.0 1103.0 1910.0 1097.0 ship 0
1890.0 1100.0 1908.0 1115.0 1865.0 1169.0 1848.0 1154.0 ship 0
1875.0 1076.0 1892.0 1089.0 1851.0 1144.0 1834.0 1130.0 ship 0
1760.0 244.0 1737.0 229.0 1777.0 163.0 1803.0 179.0 ship 0
1754.0 162.0 1774.0 180.0 1719.0 251.0 1695.0 235.0 ship 0
1678.0 243.0 1658.0 224.0 1727.0 162.0 1745.0 181.0 ship 0
1745.0 125.0 1758.0 145.0 1682.0 197.0 1665.0 177.0 ship 0
1729.0 99.0 1746.0 122.0 1671.0 176.0 1656.0 154.0 ship 0
1578.0 46.0 1593.0 33.0 1636.0 81.0 1622.0 92.0 ship 0
1051.0 1225.0 1063.0 1218.0 1066.0 1225.0 1053.0 1232.0 bridge 1
1376.0 1178.0 1383.0 1171.0 1387.0 1176.0 1380.0 1183.0 bridge 1
3896.0 2636.0 3932.0 2585.0 3952.0 2598.0 3919.0 2649.0 bridge 1
3846.0 2712.0 3857.0 2695.0 3875.0 2706.0 3864.0 2723.0 bridge 1
3258.0 2098.0 3256.0 2101.0 3248.0 2095.0 3249.0 2091.0 ship 1
3245.0 2118.0 3247.0 2115.0 3254.0 2121.0 3251.0 2124.0 ship 1
3438.0 2246.0 3433.0 2250.0 3420.0 2241.0 3423.0 2235.0 ship 0
3433.0 2254.0 3429.0 2257.0 3415.0 2248.0 3419.0 2243.0 ship 0
3343.0 2226.0 3341.0 2224.0 3348.0 2217.0 3352.0 2220.0 ship 1
3354.0 2236.0 3350.0 2233.0 3358.0 2225.0 3361.0 2227.0 ship 1
3360.0 2242.0 3355.0 2239.0 3362.0 2229.0 3367.0 2233.0 ship 1
3365.0 2247.0 3360.0 2244.0 3369.0 2234.0 3371.0 2237.0 ship 1
3374.0 2256.0 3372.0 2251.0 3380.0 2244.0 3384.0 2245.0 ship 1
3380.0 2261.0 3377.0 2257.0 3387.0 2246.0 3390.0 2250.0 ship 1
3398.0 2273.0 3392.0 2269.0 3401.0 2260.0 3405.0 2262.0 ship 1
3410.0 2284.0 3403.0 2280.0 3413.0 2268.0 3419.0 2271.0 ship 0
3422.0 2293.0 3417.0 2289.0 3426.0 2279.0 3431.0 2283.0 ship 1
3463.0 2289.0 3458.0 2294.0 3441.0 2279.0 3445.0 2275.0 ship 0
3423.0 2192.0 3427.0 2185.0 3443.0 2198.0 3440.0 2202.0 ship 0
3403.0 2211.0 3406.0 2205.0 3426.0 2221.0 3422.0 2226.0 ship 0
3354.0 2174.0 3351.0 2180.0 3335.0 2167.0 3338.0 2162.0 ship 0
3297.0 2155.0 3301.0 2151.0 3313.0 2162.0 3309.0 2166.0 ship 0
3252.0 2146.0 3249.0 2150.0 3239.0 2142.0 3242.0 2138.0 ship 1
3102.0 2201.0 3106.0 2196.0 3119.0 2205.0 3116.0 2210.0 ship 0
3083.0 2192.0 3079.0 2187.0 3091.0 2169.0 3097.0 2174.0 ship 0
3673.0 2971.0 3715.0 2905.0 3729.0 2910.0 3682.0 2978.0 bridge 0
3749.0 2852.0 3758.0 2838.0 3774.0 2847.0 3765.0 2863.0 bridge 1
2034.0 436.0 2069.0 430.0 2094.0 573.0 2060.0 579.0 ship 0
