imagesource:GF
gsd:1
1853.0 28.0 1859.0 24.0 1867.0 41.0 1861.0 44.0 bridge 0
1762.0 67.0 1768.0 64.0 1775.0 79.0 1770.0 82.0 bridge 0
1287.0 3890.0 1281.0 3867.0 1353.0 3848.0 1358.0 3873.0 ship 1
3222.0 3570.0 3211.0 3549.0 3281.0 3522.0 3291.0 3545.0 ship 0
2357.0 3908.0 2349.0 3879.0 2448.0 3848.0 2456.0 3874.0 ship 0
3729.0 876.0 3761.0 862.0 3803.0 958.0 3771.0 970.0 ship 0
4666.0 704.0 4702.0 711.0 4682.0 837.0 4643.0 829.0 ship 0
4032.0 3384.0 4038.0 3411.0 3955.0 3434.0 3947.0 3407.0 ship 0
4383.0 3317.0 4390.0 3347.0 4300.0 3369.0 4293.0 3338.0 ship 0
4863.0 1704.0 4836.0 1727.0 4739.0 1642.0 4768.0 1614.0 ship 0
2073.0 1226.0 2083.0 1223.0 2090.0 1248.0 2080.0 1251.0 bridge 0
1842.0 1401.0 1852.0 1398.0 1862.0 1436.0 1852.0 1438.0 bridge 0
1965.0 1446.0 1974.0 1449.0 1965.0 1475.0 1957.0 1472.0 bridge 0
1787.0 1822.0 1780.0 1802.0 1868.0 1761.0 1876.0 1781.0 bridge 0
1884.0 3202.0 1894.0 3220.0 1810.0 3269.0 1797.0 3249.0 ship 0
2220.0 1591.0 2254.0 1591.0 2254.0 1620.0 2220.0 1620.0 roundabout 0
2462.0 3496.0 2470.0 3515.0 2386.0 3543.0 2380.0 3525.0 ship 0
3985.0 473.0 3966.0 478.0 3954.0 409.0 3972.0 404.0 ship 0
4582.0 1800.0 4571.0 1823.0 4443.0 1782.0 4451.0 1757.0 ship 0
4458.0 1464.0 4442.0 1480.0 4341.0 1420.0 4352.0 1401.0 ship 0
883.0 214.0 957.0 125.0 1143.0 266.0 1068.0 359.0 ground-track-field 0
149.0 204.0 156.0 192.0 163.0 196.0 156.0 208.0 bridge 1
230.0 365.0 242.0 371.0 237.0 378.0 224.0 371.0 bridge 1
301.0 373.0 313.0 356.0 342.0 378.0 330.0 393.0 basketball-court 0
333.0 313.0 345.0 298.0 376.0 319.0 365.0 333.0 basketball-court 0
314.0 355.0 325.0 338.0 356.0 358.0 344.0 375.0 basketball-court 0
311.0 495.0 344.0 435.0 389.0 461.0 360.0 521.0 bridge 0
261.0 3108.0 323.0 3085.0 326.0 3102.0 267.0 3123.0 bridge 0
267.0 3127.0 330.0 3106.0 336.0 3121.0 272.0 3143.0 bridge 0
2188.0 3894.0 2166.0 3867.0 2245.0 3809.0 2265.0 3836.0 ship 0
