imagesource:GF
gsd:1
1516.0 1695.0 1524.0 1691.0 1528.0 1705.0 1520.0 1711.0 bridge 1
955.0 3773.0 955.0 3748.0 1054.0 3751.0 1054.0 3775.0 ship 0
249.0 3689.0 247.0 3663.0 324.0 3656.0 326.0 3681.0 ship 0
381.0 3522.0 402.0 3521.0 406.0 3578.0 384.0 3581.0 ship 0
626.0 3589.0 624.0 3559.0 740.0 3550.0 742.0 3579.0 ship 0
1283.0 3513.0 1282.0 3487.0 1400.0 3481.0 1400.0 3508.0 ship 0
1312.0 3487.0 1311.0 3464.0 1381.0 3461.0 1381.0 3484.0 ship 0
1356.0 181.0 1355.0 173.0 1387.0 168.0 1388.0 176.0 ship 0
925.0 1790.0 937.0 1787.0 947.0 1830.0 935.0 1833.0 bridge 0
985.0 2110.0 995.0 2108.0 1000.0 2129.0 990.0 2131.0 bridge 0
1979.0 2933.0 1995.0 2952.0 1907.0 3042.0 1891.0 3019.0 ship 0
3009.0 3095.0 3029.0 3111.0 3021.0 3120.0 2999.0 3102.0 bridge 0
1743.0 3235.0 1753.0 3250.0 1679.0 3284.0 1671.0 3267.0 ship 0
2816.0 3347.0 2828.0 3359.0 2812.0 3373.0 2801.0 3362.0 bridge 0
3834.0 444.0 3859.0 404.0 4000.0 485.0 4001.0 526.0 bridge 0
225.0 1119.0 241.0 1113.0 248.0 1156.0 232.0 1163.0 bridge 0
1395.0 589.0 1404.0 581.0 1410.0 629.0 1401.0 635.0 bridge 0
2384.0 64.0 2396.0 55.0 2403.0 100.0 2390.0 109.0 bridge 0
2381.0 34.0 2392.0 20.0 2397.0 33.0 2386.0 48.0 bridge 0
2418.0 287.0 2431.0 282.0 2431.0 292.0 2420.0 296.0 bridge 1
241.0 3752.0 240.0 3732.0 329.0 3723.0 331.0 3745.0 ship 0
