imagesource:GF
gsd:1
4684.0 3512.0 4682.0 3496.0 4806.0 3472.0 4809.0 3490.0 bridge 0
4663.0 3494.0 4659.0 3477.0 4804.0 3450.0 4806.0 3468.0 bridge 0
3538.0 3702.0 3536.0 3685.0 3706.0 3654.0 3708.0 3672.0 bridge 0
3528.0 3728.0 3526.0 3710.0 3700.0 3677.0 3702.0 3694.0 bridge 0
192.0 3567.0 210.0 3554.0 240.0 3595.0 220.0 3607.0 bridge 0
219.0 3537.0 240.0 3523.0 270.0 3565.0 249.0 3578.0 bridge 0
2143.0 45.0 2150.0 69.0 2062.0 104.0 2050.0 77.0 ship 0
1660.0 272.0 1651.0 247.0 1723.0 221.0 1732.0 244.0 ship 0
129.0 549.0 126.0 519.0 214.0 512.0 217.0 543.0 ship 0
