imagesource:GF
gsd:1
3037.0 3358.0 3096.0 3358.0 3096.0 3418.0 3037.0 3418.0 roundabout 0
1672.0 3433.0 1598.0 3417.0 1618.0 3335.0 1690.0 3355.0 plane 0
1266.0 3178.0 1274.0 3135.0 1329.0 3149.0 1323.0 3192.0 plane 0
1968.0 2811.0 1956.0 2771.0 2006.0 2747.0 2023.0 2789.0 plane 0
1993.0 2957.0 2027.0 2936.0 2050.0 2975.0 2020.0 2997.0 plane 0
1946.0 2980.0 1982.0 2961.0 2005.0 3006.0 1966.0 3027.0 plane 0
1969.0 3130.0 1949.0 3091.0 1988.0 3065.0 2015.0 3105.0 plane 0
1567.0 3415.0 1490.0 3397.0 1509.0 3309.0 1587.0 3328.0 plane 0
1804.0 3404.0 1740.0 3440.0 1711.0 3363.0 1773.0 3337.0 plane 0
3668.0 2400.0 3664.0 2380.0 3725.0 2375.0 3728.0 2393.0 ship 0
1857.0 3357.0 1816.0 3381.0 1792.0 3335.0 1836.0 3313.0 plane 0
1957.0 3308.0 1896.0 3345.0 1855.0 3280.0 1923.0 3241.0 plane 0
2051.0 3255.0 1980.0 3300.0 1933.0 3217.0 2005.0 3178.0 plane 0
2122.0 3204.0 2062.0 3248.0 2010.0 3176.0 2074.0 3136.0 plane 0
2199.0 3160.0 2139.0 3203.0 2091.0 3130.0 2159.0 3091.0 plane 0
2274.0 3109.0 2216.0 3157.0 2167.0 3085.0 2236.0 3042.0 plane 0
1360.0 3356.0 1277.0 3337.0 1300.0 3245.0 1377.0 3269.0 plane 0
1245.0 3334.0 1173.0 3318.0 1194.0 3227.0 1268.0 3247.0 plane 0
1415.0 3493.0 1491.0 3513.0 1471.0 3592.0 1395.0 3571.0 plane 0
1047.0 3372.0 1021.0 3442.0 941.0 3407.0 969.0 3337.0 plane 0
1326.0 3474.0 1397.0 3493.0 1383.0 3571.0 1311.0 3552.0 plane 0
1240.0 3450.0 1311.0 3470.0 1299.0 3549.0 1222.0 3533.0 plane 0
1151.0 3427.0 1229.0 3448.0 1210.0 3539.0 1130.0 3521.0 plane 0
1082.0 3410.0 1149.0 3449.0 1113.0 3518.0 1044.0 3486.0 plane 0
1032.0 3600.0 1049.0 3523.0 1131.0 3548.0 1117.0 3621.0 plane 0
1069.0 3636.0 1119.0 3649.0 1110.0 3698.0 1058.0 3686.0 plane 0
1330.0 3746.0 1340.0 3699.0 1390.0 3712.0 1382.0 3760.0 plane 0
1458.0 3951.0 1369.0 3925.0 1389.0 3832.0 1477.0 3857.0 plane 0
1281.0 3944.0 1293.0 3901.0 1340.0 3916.0 1331.0 3959.0 plane 0
551.0 3914.0 532.0 3876.0 572.0 3853.0 594.0 3891.0 plane 0
283.0 3801.0 322.0 3880.0 245.0 3922.0 205.0 3836.0 plane 0
439.0 3789.0 407.0 3724.0 479.0 3684.0 516.0 3752.0 plane 0
442.0 3286.0 443.0 3373.0 346.0 3373.0 348.0 3285.0 plane 0
1590.0 3840.0 1574.0 3907.0 1492.0 3893.0 1513.0 3816.0 plane 0
2033.0 3398.0 2095.0 3359.0 2134.0 3420.0 2072.0 3467.0 plane 0
1949.0 3449.0 2016.0 3405.0 2055.0 3475.0 1994.0 3518.0 plane 0
3617.0 3899.0 3625.0 3919.0 3580.0 3944.0 3571.0 3921.0 ship 0
3656.0 2425.0 3657.0 2410.0 3715.0 2415.0 3714.0 2430.0 ship 0
3721.0 3219.0 3741.0 3223.0 3726.0 3284.0 3708.0 3282.0 ship 0
3715.0 3238.0 3715.0 3263.0 3634.0 3259.0 3641.0 3233.0 harbor 0
3522.0 3954.0 3533.0 3974.0 3501.0 3990.0 3492.0 3970.0 harbor 0
2871.0 3456.0 2911.0 3456.0 2911.0 3494.0 2871.0 3494.0 roundabout 0
2223.0 2633.0 2265.0 2714.0 2183.0 2750.0 2146.0 2678.0 plane 0
2315.0 2795.0 2352.0 2859.0 2280.0 2896.0 2244.0 2829.0 plane 0
2370.0 3599.0 2394.0 3638.0 2343.0 3665.0 2322.0 3623.0 plane 0
2132.0 3831.0 2101.0 3745.0 2182.0 3718.0 2219.0 3783.0 plane 0
1913.0 2940.0 1926.0 2979.0 1886.0 2995.0 1865.0 2956.0 plane 0
3749.0 2908.0 3741.0 2891.0 3793.0 2869.0 3802.0 2887.0 ship 0
3821.0 1826.0 3821.0 1838.0 3776.0 1832.0 3778.0 1819.0 ship 0
3819.0 1812.0 3818.0 1823.0 3766.0 1817.0 3768.0 1804.0 ship 0
3885.0 1825.0 3866.0 1822.0 3876.0 1770.0 3892.0 1773.0 ship 0
2724.0 3479.0 2768.0 3548.0 2688.0 3602.0 2649.0 3531.0 plane 0
1875.0 3489.0 1936.0 3454.0 1979.0 3525.0 1918.0 3570.0 plane 0
2679.0 3404.0 2722.0 3467.0 2653.0 3520.0 2607.0 3452.0 plane 0
2597.0 3250.0 2633.0 3318.0 2561.0 3362.0 2523.0 3287.0 plane 0
2898.0 186.0 2935.0 249.0 2914.0 261.0 2874.0 203.0 ship 0
2314.0 3054.0 2289.0 3086.0 2248.0 3048.0 2274.0 3016.0 plane 0
2445.0 3208.0 2522.0 3229.0 2506.0 3310.0 2425.0 3291.0 plane 0
2285.0 3241.0 2350.0 3188.0 2407.0 3270.0 2344.0 3317.0 plane 0
2296.0 3452.0 2279.0 3408.0 2317.0 3388.0 2341.0 3430.0 plane 0
2317.0 3525.0 2340.0 3564.0 2298.0 3589.0 2272.0 3548.0 plane 0
2059.0 3714.0 2036.0 3752.0 1994.0 3722.0 2016.0 3684.0 plane 0
2084.0 3762.0 2071.0 3842.0 1962.0 3824.0 1981.0 3740.0 plane 0
1718.0 3866.0 1730.0 3824.0 1779.0 3839.0 1769.0 3881.0 plane 0
1742.0 3775.0 1753.0 3735.0 1803.0 3747.0 1792.0 3788.0 plane 0
1763.0 3682.0 1770.0 3639.0 1818.0 3654.0 1810.0 3692.0 plane 0
1798.0 3526.0 1861.0 3496.0 1901.0 3570.0 1834.0 3604.0 plane 0
386.0 1024.0 410.0 1031.0 390.0 1093.0 363.0 1086.0 ship 0
