imagesource:GF
gsd:1
2027.0 443.0 2030.0 444.0 2030.0 457.0 2026.0 456.0 ship 1
1926.0 297.0 1933.0 295.0 1936.0 309.0 1929.0 311.0 ship 1
2717.0 1665.0 2736.0 1665.0 2736.0 1683.0 2717.0 1683.0 storage-tank 0
2720.0 1688.0 2740.0 1688.0 2740.0 1707.0 2720.0 1707.0 storage-tank 0
2732.0 1729.0 2760.0 1729.0 2760.0 1756.0 2732.0 1756.0 storage-tank 0
2696.0 1733.0 2727.0 1733.0 2727.0 1763.0 2696.0 1763.0 storage-tank 0
2483.0 1399.0 2506.0 1399.0 2506.0 1422.0 2483.0 1422.0 storage-tank 0
2456.0 1421.0 2480.0 1421.0 2480.0 1445.0 2456.0 1445.0 storage-tank 0
2438.0 1443.0 2460.0 1443.0 2460.0 1465.0 2438.0 1465.0 storage-tank 0
1296.0 1700.0 1314.0 1714.0 1257.0 1777.0 1240.0 1761.0 ship 0
1280.0 1682.0 1298.0 1699.0 1238.0 1761.0 1222.0 1744.0 ship 0
