imagesource:GF
gsd:1
2211.0 654.0 2209.0 646.0 2227.0 643.0 2229.0 651.0 ship 0
1825.0 2960.0 1842.0 2969.0 1819.0 3032.0 1804.0 3022.0 ship 0
1885.0 541.0 1900.0 539.0 1903.0 579.0 1889.0 580.0 ship 0
940.0 3569.0 948.0 3569.0 948.0 3582.0 940.0 3580.0 ship 1
2719.0 435.0 2768.0 419.0 2792.0 487.0 2741.0 507.0 bridge 0
3190.0 1514.0 3208.0 1507.0 3226.0 1558.0 3211.0 1564.0 bridge 0
2978.0 1604.0 3028.0 1589.0 3048.0 1685.0 3002.0 1704.0 bridge 0
3420.0 2913.0 3465.0 2894.0 3495.0 2964.0 3450.0 2985.0 bridge 0
3819.0 3312.0 3831.0 3307.0 3842.0 3344.0 3829.0 3349.0 bridge 0
3597.0 3344.0 3642.0 3323.0 3675.0 3398.0 3630.0 3424.0 bridge 0
