imagesource:GF
gsd:1
2849.0 1479.0 2851.0 1494.0 2824.0 1499.0 2821.0 1483.0 ship 1
2423.0 1648.0 2429.0 1665.0 2401.0 1675.0 2395.0 1656.0 ship 1
2482.0 3805.0 2493.0 3796.0 2509.0 3814.0 2501.0 3824.0 ship 1
2194.0 1658.0 2179.0 1655.0 2192.0 1582.0 2209.0 1584.0 harbor 0
3149.0 1436.0 3153.0 1441.0 3142.0 1450.0 3137.0 1446.0 ship 1
2977.0 1616.0 2987.0 1613.0 2998.0 1659.0 2988.0 1661.0 ship 0
3161.0 1299.0 3154.0 1290.0 3127.0 1309.0 3133.0 1319.0 ship 0
3152.0 1290.0 3127.0 1310.0 3121.0 1304.0 3148.0 1282.0 ship 0
2002.0 1494.0 2009.0 1491.0 2013.0 1503.0 2005.0 1505.0 ship 1
1307.0 2455.0 1300.0 2461.0 1284.0 2443.0 1291.0 2437.0 ship 0
72.0 832.0 82.0 833.0 79.0 877.0 70.0 875.0 ship 0
252.0 331.0 262.0 329.0 270.0 369.0 260.0 372.0 ship 0
