imagesource:GF
gsd:1
3344.0 2914.0 3349.0 2914.0 3350.0 2928.0 3343.0 2928.0 ship 1
1844.0 1346.0 1771.0 1394.0 1721.0 1304.0 1802.0 1264.0 plane 0
2204.0 874.0 2174.0 893.0 2153.0 854.0 2184.0 835.0 plane 0
2087.0 1203.0 2025.0 1237.0 1977.0 1154.0 2043.0 1116.0 plane 0
1995.0 1251.0 1922.0 1296.0 1878.0 1214.0 1949.0 1172.0 plane 0
2504.0 1975.0 2548.0 1975.0 2548.0 2021.0 2504.0 2021.0 storage-tank 0
2539.0 2034.0 2583.0 2034.0 2583.0 2079.0 2539.0 2079.0 storage-tank 0
2573.0 2089.0 2619.0 2089.0 2619.0 2136.0 2573.0 2136.0 storage-tank 0
3006.0 2977.0 3006.0 2987.0 2983.0 2989.0 2982.0 2976.0 ship 0
2760.0 2358.0 2769.0 2359.0 2762.0 2387.0 2753.0 2383.0 ship 0
2771.0 2357.0 2781.0 2360.0 2773.0 2390.0 2764.0 2388.0 ship 0
2780.0 2358.0 2790.0 2359.0 2786.0 2387.0 2775.0 2386.0 ship 0
2789.0 2358.0 2797.0 2359.0 2797.0 2389.0 2787.0 2391.0 ship 0
2797.0 2358.0 2808.0 2360.0 2808.0 2395.0 2794.0 2394.0 ship 0
2809.0 2361.0 2818.0 2362.0 2817.0 2391.0 2806.0 2391.0 ship 0
2819.0 2360.0 2828.0 2361.0 2827.0 2393.0 2817.0 2392.0 ship 0
2838.0 2363.0 2851.0 2365.0 2846.0 2396.0 2835.0 2394.0 ship 0
2618.0 1914.0 2668.0 1914.0 2668.0 1964.0 2618.0 1964.0 storage-tank 0
2675.0 1879.0 2725.0 1879.0 2725.0 1924.0 2675.0 1924.0 storage-tank 0
2735.0 1841.0 2781.0 1841.0 2781.0 1889.0 2735.0 1889.0 storage-tank 0
2788.0 1811.0 2822.0 1811.0 2822.0 1849.0 2788.0 1849.0 storage-tank 0
2832.0 1784.0 2869.0 1784.0 2869.0 1819.0 2832.0 1819.0 storage-tank 0
2653.0 1973.0 2703.0 1973.0 2703.0 2018.0 2653.0 2018.0 storage-tank 0
2713.0 1934.0 2762.0 1934.0 2762.0 1984.0 2713.0 1984.0 storage-tank 0
2771.0 1901.0 2818.0 1901.0 2818.0 1949.0 2771.0 1949.0 storage-tank 0
2816.0 1857.0 2850.0 1857.0 2850.0 1892.0 2816.0 1892.0 storage-tank 0
2687.0 2082.0 2701.0 2082.0 2701.0 2096.0 2687.0 2096.0 storage-tank 1
2711.0 2089.0 2722.0 2089.0 2722.0 2102.0 2711.0 2102.0 storage-tank 1
2694.0 2094.0 2709.0 2094.0 2709.0 2109.0 2694.0 2109.0 storage-tank 0
1838.0 958.0 1912.0 914.0 1961.0 1003.0 1885.0 1049.0 plane 0
1678.0 47.0 1685.0 6.0 1734.0 12.0 1729.0 55.0 plane 0
3294.0 2557.0 3303.0 2557.0 3302.0 2577.0 3293.0 2576.0 ship 0
1285.0 51.0 1289.0 20.0 1328.0 26.0 1325.0 54.0 plane 0
422.0 137.0 461.0 196.0 397.0 239.0 363.0 176.0 plane 0
625.0 415.0 648.0 457.0 605.0 483.0 582.0 441.0 plane 0
642.0 69.0 625.0 33.0 663.0 5.0 689.0 45.0 plane 0
612.0 900.0 593.0 864.0 630.0 838.0 655.0 875.0 plane 0
815.0 922.0 793.0 891.0 837.0 856.0 862.0 890.0 plane 0
332.0 1925.0 359.0 1918.0 368.0 1955.0 342.0 1960.0 plane 0
366.0 1907.0 345.0 1900.0 355.0 1877.0 374.0 1887.0 plane 0
218.0 1989.0 247.0 1973.0 270.0 2011.0 239.0 2030.0 plane 0
206.0 2033.0 174.0 2051.0 153.0 2014.0 183.0 1996.0 plane 0
153.0 2048.0 174.0 2035.0 189.0 2056.0 166.0 2071.0 plane 0
315.0 2052.0 338.0 2037.0 357.0 2069.0 334.0 2084.0 plane 0
346.0 2101.0 318.0 2117.0 301.0 2085.0 329.0 2067.0 plane 0
312.0 2103.0 284.0 2117.0 262.0 2082.0 290.0 2065.0 plane 0
250.0 2120.0 277.0 2102.0 298.0 2136.0 267.0 2155.0 plane 0
270.0 2117.0 243.0 2134.0 228.0 2104.0 254.0 2088.0 plane 0
258.0 2141.0 236.0 2154.0 221.0 2131.0 244.0 2118.0 plane 0
234.0 2130.0 215.0 2142.0 204.0 2117.0 222.0 2107.0 plane 0
236.0 2199.0 234.0 2165.0 272.0 2165.0 271.0 2200.0 plane 0
63.0 2079.0 90.0 2105.0 62.0 2130.0 37.0 2104.0 plane 0
170.0 2201.0 210.0 2214.0 195.0 2249.0 159.0 2235.0 plane 0
152.0 2404.0 241.0 2392.0 244.0 2418.0 154.0 2427.0 ship 0
243.0 2383.0 263.0 2366.0 298.0 2407.0 276.0 2425.0 ship 0
325.0 2337.0 331.0 2330.0 345.0 2347.0 338.0 2353.0 ship 0
1342.0 1653.0 1271.0 1694.0 1228.0 1615.0 1304.0 1579.0 plane 0
1339.0 1518.0 1292.0 1439.0 1363.0 1397.0 1415.0 1471.0 plane 0
1515.0 1543.0 1444.0 1585.0 1399.0 1509.0 1474.0 1468.0 plane 0
1418.0 361.0 1350.0 391.0 1319.0 312.0 1387.0 283.0 plane 0
3582.0 1431.0 3622.0 1473.0 3604.0 1490.0 3562.0 1447.0 ship 0
3651.0 1505.0 3671.0 1493.0 3700.0 1547.0 3681.0 1559.0 ship 0
3553.0 1730.0 3764.0 1914.0 3740.0 1949.0 3521.0 1758.0 bridge 0
3563.0 1722.0 3577.0 1710.0 3779.0 1883.0 3768.0 1902.0 bridge 0
881.0 502.0 835.0 433.0 904.0 389.0 951.0 457.0 plane 0
689.0 474.0 730.0 539.0 665.0 576.0 628.0 511.0 plane 0
354.0 0.0 377.0 34.0 317.0 74.0 276.0 6.0 plane 0
488.0 204.0 511.0 241.0 468.0 267.0 446.0 228.0 plane 0
43.0 2095.0 24.0 2080.0 40.0 2058.0 60.0 2074.0 plane 0
319.0 2182.0 302.0 2148.0 337.0 2129.0 355.0 2161.0 plane 0
281.0 1988.0 251.0 2006.0 231.0 1968.0 261.0 1951.0 plane 0
291.0 1949.0 322.0 1932.0 342.0 1967.0 310.0 1984.0 plane 0
124.0 2184.0 103.0 2163.0 125.0 2137.0 147.0 2158.0 plane 0
139.0 2153.0 164.0 2176.0 144.0 2200.0 118.0 2176.0 plane 0
923.0 1943.0 886.0 1884.0 953.0 1843.0 989.0 1901.0 plane 0
961.0 2005.0 928.0 1946.0 995.0 1907.0 1029.0 1965.0 plane 0
1000.0 2062.0 971.0 2012.0 1031.0 1980.0 1059.0 2029.0 plane 0
1216.0 1881.0 1264.0 1951.0 1188.0 1997.0 1143.0 1924.0 plane 0
1161.0 1764.0 1087.0 1803.0 1040.0 1720.0 1115.0 1679.0 plane 0
1593.0 1503.0 1522.0 1545.0 1479.0 1468.0 1551.0 1427.0 plane 0
1683.0 1052.0 1759.0 1010.0 1809.0 1092.0 1730.0 1136.0 plane 0
1427.0 1212.0 1503.0 1169.0 1549.0 1249.0 1474.0 1295.0 plane 0
1357.0 1266.0 1425.0 1227.0 1461.0 1287.0 1394.0 1326.0 plane 0
2172.0 1148.0 2093.0 1191.0 2053.0 1118.0 2132.0 1076.0 plane 0
2325.0 1061.0 2255.0 1099.0 2208.0 1015.0 2280.0 976.0 plane 0
699.0 2215.0 703.0 2223.0 677.0 2234.0 672.0 2225.0 ship 0
566.0 2271.0 572.0 2293.0 517.0 2305.0 512.0 2283.0 ship 0
2956.0 2543.0 2955.0 2531.0 2978.0 2531.0 2979.0 2542.0 ship 0
2919.0 1543.0 2982.0 1559.0 2967.0 1622.0 2902.0 1607.0 roundabout 0
2887.0 1365.0 2899.0 1341.0 2927.0 1354.0 2916.0 1378.0 plane 0
3493.0 2507.0 3495.0 2510.0 3487.0 2517.0 3484.0 2513.0 ship 1
831.0 424.0 787.0 359.0 854.0 317.0 895.0 383.0 plane 0
971.0 76.0 901.0 112.0 859.0 40.0 930.0 6.0 plane 0
735.0 272.0 696.0 207.0 768.0 161.0 807.0 227.0 plane 0
418.0 2568.0 411.0 2542.0 486.0 2530.0 489.0 2553.0 ship 0
3171.0 2257.0 3543.0 2270.0 3542.0 2300.0 3170.0 2291.0 bridge 0
3430.0 2516.0 3439.0 2517.0 3437.0 2537.0 3428.0 2534.0 ship 0
3473.0 2415.0 3481.0 2416.0 3482.0 2432.0 3473.0 2433.0 ship 0
3419.0 2562.0 3424.0 2562.0 3425.0 2576.0 3419.0 2577.0 ship 1
3879.0 1547.0 3865.0 1555.0 3862.0 1548.0 3875.0 1542.0 ship 0
589.0 311.0 626.0 369.0 564.0 409.0 526.0 341.0 plane 0
259.0 1972.0 291.0 1955.0 308.0 1984.0 279.0 2006.0 plane 0
718.0 2369.0 715.0 2349.0 748.0 2345.0 752.0 2364.0 ship 0
540.0 2505.0 531.0 2485.0 601.0 2457.0 609.0 2476.0 ship 0
760.0 2450.0 756.0 2427.0 812.0 2416.0 819.0 2438.0 ship 0
755.0 2475.0 751.0 2455.0 810.0 2440.0 815.0 2461.0 ship 0
914.0 2459.0 916.0 2442.0 961.0 2451.0 960.0 2468.0 ship 0
428.0 2591.0 423.0 2566.0 479.0 2555.0 482.0 2577.0 ship 0
3334.0 2913.0 3332.0 2899.0 3384.0 2896.0 3383.0 2910.0 harbor 0
1186.0 2467.0 1182.0 2441.0 1248.0 2426.0 1254.0 2449.0 ship 0
1201.0 2489.0 1198.0 2464.0 1263.0 2448.0 1268.0 2471.0 ship 0
1176.0 1810.0 1215.0 1876.0 1139.0 1920.0 1101.0 1849.0 plane 0
1668.0 1452.0 1596.0 1494.0 1559.0 1419.0 1630.0 1384.0 plane 0
1614.0 1104.0 1681.0 1068.0 1719.0 1132.0 1653.0 1171.0 plane 0
2364.0 613.0 2413.0 613.0 2413.0 656.0 2364.0 656.0 roundabout 0
2248.0 1104.0 2170.0 1143.0 2132.0 1061.0 2204.0 1024.0 plane 0
2282.0 2008.0 2331.0 2008.0 2331.0 2050.0 2282.0 2050.0 roundabout 0
2880.0 2270.0 2926.0 2270.0 2926.0 2313.0 2880.0 2313.0 roundabout 0
3572.0 1459.0 3589.0 1480.0 3527.0 1521.0 3513.0 1499.0 harbor 0
3657.0 1518.0 3673.0 1548.0 3589.0 1594.0 3572.0 1565.0 harbor 0
3861.0 1635.0 3887.0 1626.0 3917.0 1714.0 3890.0 1724.0 harbor 0
401.0 61.0 426.0 100.0 381.0 128.0 359.0 89.0 plane 0
