imagesource:GF
gsd:1
4738.0 245.0 4780.0 249.0 4778.0 258.0 4736.0 256.0 bridge 0
3872.0 2071.0 3888.0 2061.0 3927.0 2131.0 3909.0 2141.0 bridge 0
4574.0 1066.0 4605.0 1062.0 4620.0 1128.0 4586.0 1134.0 bridge 0
4317.0 1025.0 4360.0 1011.0 4362.0 1020.0 4320.0 1033.0 bridge 0
4732.0 3337.0 4799.0 3290.0 4805.0 3302.0 4743.0 3347.0 bridge 0
4625.0 2996.0 4633.0 2996.0 4633.0 3005.0 4625.0 3005.0 storage-tank 1
4633.0 2996.0 4640.0 2996.0 4640.0 3003.0 4633.0 3003.0 storage-tank 1
4640.0 2993.0 4646.0 2993.0 4646.0 3001.0 4640.0 3001.0 storage-tank 1
4646.0 2991.0 4653.0 2991.0 4653.0 2998.0 4646.0 2998.0 storage-tank 1
4654.0 2986.0 4660.0 2986.0 4660.0 2995.0 4654.0 2995.0 storage-tank 1
4661.0 2986.0 4668.0 2986.0 4668.0 2993.0 4661.0 2993.0 storage-tank 1
4678.0 2978.0 4685.0 2978.0 4685.0 2986.0 4678.0 2986.0 storage-tank 1
4686.0 2977.0 4692.0 2977.0 4692.0 2985.0 4686.0 2985.0 storage-tank 1
4693.0 2973.0 4700.0 2973.0 4700.0 2980.0 4693.0 2980.0 storage-tank 1
4700.0 2970.0 4707.0 2970.0 4707.0 2977.0 4700.0 2977.0 storage-tank 1
4708.0 2969.0 4714.0 2969.0 4714.0 2977.0 4708.0 2977.0 storage-tank 1
4628.0 3005.0 4636.0 3005.0 4636.0 3013.0 4628.0 3013.0 storage-tank 1
4636.0 3004.0 4644.0 3004.0 4644.0 3012.0 4636.0 3012.0 storage-tank 1
4643.0 3000.0 4650.0 3000.0 4650.0 3008.0 4643.0 3008.0 storage-tank 1
4059.0 507.0 4103.0 485.0 4110.0 498.0 4065.0 517.0 bridge 0
3794.0 2528.0 3880.0 2500.0 3883.0 2521.0 3800.0 2548.0 bridge 0
4883.0 1764.0 4912.0 1753.0 4919.0 1777.0 4886.0 1790.0 bridge 0
3109.0 3197.0 3128.0 3188.0 3140.0 3224.0 3120.0 3229.0 bridge 0
197.0 731.0 202.0 710.0 211.0 714.0 206.0 732.0 bridge 0
570.0 932.0 594.0 915.0 602.0 925.0 578.0 943.0 bridge 0
1573.0 1491.0 1586.0 1486.0 1615.0 1559.0 1604.0 1564.0 bridge 0
1289.0 827.0 1303.0 817.0 1321.0 854.0 1304.0 858.0 bridge 0
1068.0 411.0 1078.0 405.0 1086.0 429.0 1074.0 432.0 bridge 0
1589.0 983.0 1644.0 950.0 1650.0 964.0 1597.0 993.0 bridge 0
1784.0 3006.0 1856.0 2998.0 1860.0 3018.0 1785.0 3029.0 bridge 0
1738.0 3282.0 1784.0 3272.0 1791.0 3300.0 1745.0 3308.0 bridge 0
1800.0 3554.0 1842.0 3545.0 1849.0 3572.0 1806.0 3580.0 bridge 0
1856.0 3791.0 1902.0 3785.0 1907.0 3809.0 1860.0 3820.0 bridge 0
2246.0 3818.0 2312.0 3794.0 2315.0 3807.0 2249.0 3835.0 bridge 0
2470.0 2485.0 2487.0 2474.0 2507.0 2528.0 2489.0 2539.0 bridge 0
2340.0 161.0 2354.0 156.0 2378.0 219.0 2362.0 222.0 bridge 0
2621.0 110.0 2637.0 107.0 2658.0 213.0 2641.0 216.0 bridge 0
2892.0 297.0 2947.0 277.0 2951.0 287.0 2897.0 306.0 bridge 0
3137.0 311.0 3142.0 306.0 3159.0 333.0 3154.0 337.0 bridge 0
3039.0 852.0 3049.0 847.0 3066.0 881.0 3056.0 886.0 bridge 0
4649.0 2998.0 4657.0 2998.0 4657.0 3005.0 4649.0 3005.0 storage-tank 1
4658.0 2995.0 4664.0 2995.0 4664.0 3003.0 4658.0 3003.0 storage-tank 1
4664.0 2994.0 4671.0 2994.0 4671.0 3002.0 4664.0 3002.0 storage-tank 1
4631.0 3015.0 4638.0 3015.0 4638.0 3022.0 4631.0 3022.0 storage-tank 1
4407.0 2926.0 4412.0 2926.0 4412.0 2929.0 4407.0 2929.0 storage-tank 1
4411.0 2924.0 4417.0 2924.0 4417.0 2929.0 4411.0 2929.0 storage-tank 1
4417.0 2921.0 4422.0 2921.0 4422.0 2926.0 4417.0 2926.0 storage-tank 1
4422.0 2918.0 4426.0 2918.0 4426.0 2923.0 4422.0 2923.0 storage-tank 1
4427.0 2917.0 4431.0 2917.0 4431.0 2922.0 4427.0 2922.0 storage-tank 1
4409.0 2931.0 4415.0 2931.0 4415.0 2935.0 4409.0 2935.0 storage-tank 1
4414.0 2930.0 4419.0 2930.0 4419.0 2934.0 4414.0 2934.0 storage-tank 1
4418.0 2926.0 4424.0 2926.0 4424.0 2931.0 4418.0 2931.0 storage-tank 1
4423.0 2925.0 4429.0 2925.0 4429.0 2929.0 4423.0 2929.0 storage-tank 1
4429.0 2923.0 4434.0 2923.0 4434.0 2927.0 4429.0 2927.0 storage-tank 1
4412.0 2936.0 4417.0 2936.0 4417.0 2941.0 4412.0 2941.0 storage-tank 1
4418.0 2933.0 4422.0 2933.0 4422.0 2939.0 4418.0 2939.0 storage-tank 1
4422.0 2932.0 4427.0 2932.0 4427.0 2937.0 4422.0 2937.0 storage-tank 1
4426.0 2930.0 4432.0 2930.0 4432.0 2936.0 4426.0 2936.0 storage-tank 1
4431.0 2927.0 4438.0 2927.0 4438.0 2933.0 4431.0 2933.0 storage-tank 1
4773.0 2501.0 4787.0 2498.0 4790.0 2527.0 4778.0 2530.0 bridge 0
5050.0 2116.0 5166.0 2086.0 5172.0 2112.0 5057.0 2144.0 bridge 0
4423.0 2911.0 4429.0 2911.0 4429.0 2917.0 4423.0 2917.0 storage-tank 1
4419.0 2915.0 4424.0 2915.0 4424.0 2919.0 4419.0 2919.0 storage-tank 1
4414.0 2916.0 4420.0 2916.0 4420.0 2921.0 4414.0 2921.0 storage-tank 1
4694.0 2981.0 4702.0 2981.0 4702.0 2989.0 4694.0 2989.0 storage-tank 1
4638.0 3012.0 4645.0 3012.0 4645.0 3019.0 4638.0 3019.0 storage-tank 1
4646.0 3009.0 4652.0 3009.0 4652.0 3017.0 4646.0 3017.0 storage-tank 1
4653.0 3006.0 4659.0 3006.0 4659.0 3013.0 4653.0 3013.0 storage-tank 1
4660.0 3003.0 4667.0 3003.0 4667.0 3012.0 4660.0 3012.0 storage-tank 1
4667.0 3002.0 4673.0 3002.0 4673.0 3010.0 4667.0 3010.0 storage-tank 1
4681.0 2986.0 4687.0 2986.0 4687.0 2997.0 4681.0 2997.0 storage-tank 1
4689.0 2985.0 4696.0 2985.0 4696.0 2992.0 4689.0 2992.0 storage-tank 1
4702.0 2980.0 4710.0 2980.0 4710.0 2987.0 4702.0 2987.0 storage-tank 1
4410.0 2919.0 4415.0 2919.0 4415.0 2924.0 4410.0 2924.0 storage-tank 1
4711.0 2978.0 4717.0 2978.0 4717.0 2985.0 4711.0 2985.0 storage-tank 1
4684.0 2996.0 4692.0 2996.0 4692.0 3002.0 4684.0 3002.0 storage-tank 1
4692.0 2992.0 4699.0 2992.0 4699.0 2999.0 4692.0 2999.0 storage-tank 1
4699.0 2991.0 4706.0 2991.0 4706.0 2997.0 4699.0 2997.0 storage-tank 1
4706.0 2989.0 4712.0 2989.0 4712.0 2996.0 4706.0 2996.0 storage-tank 1
4714.0 2987.0 4719.0 2987.0 4719.0 2994.0 4714.0 2994.0 storage-tank 1
4405.0 2919.0 4410.0 2919.0 4410.0 2926.0 4405.0 2926.0 storage-tank 1
2.0 224.0 50.0 208.0 54.0 225.0 3.0 238.0 bridge 0
