imagesource:GF
gsd:1
4857.0 1189.0 4897.0 1148.0 5163.0 1377.0 5125.0 1431.0 bridge 0
1022.0 1547.0 1031.0 1547.0 1033.0 1590.0 1022.0 1590.0 ship 0
1042.0 1592.0 1053.0 1591.0 1055.0 1633.0 1047.0 1633.0 ship 0
1034.0 1597.0 1042.0 1595.0 1046.0 1636.0 1038.0 1635.0 ship 0
1025.0 1595.0 1034.0 1596.0 1037.0 1639.0 1026.0 1637.0 ship 0
1015.0 1594.0 1026.0 1592.0 1027.0 1638.0 1017.0 1638.0 ship 0
1005.0 1594.0 1015.0 1592.0 1017.0 1639.0 1007.0 1639.0 ship 0
998.0 1593.0 1008.0 1593.0 1008.0 1639.0 997.0 1638.0 ship 0
988.0 1591.0 999.0 1591.0 998.0 1638.0 987.0 1637.0 ship 0
885.0 2647.0 878.0 2636.0 915.0 2610.0 924.0 2618.0 ship 0
911.0 2691.0 902.0 2681.0 939.0 2645.0 948.0 2655.0 ship 0
1266.0 3398.0 1253.0 3402.0 1242.0 3352.0 1252.0 3349.0 ship 0
1344.0 3508.0 1354.0 3505.0 1377.0 3565.0 1368.0 3568.0 ship 0
1421.0 3746.0 1415.0 3747.0 1411.0 3722.0 1416.0 3720.0 ship 0
481.0 2694.0 487.0 2692.0 495.0 2716.0 490.0 2720.0 bridge 0
658.0 2075.0 657.0 2068.0 682.0 2067.0 685.0 2074.0 ship 0
637.0 1892.0 648.0 1889.0 656.0 1935.0 644.0 1937.0 ship 0
642.0 1833.0 651.0 1831.0 659.0 1874.0 652.0 1876.0 ship 0
632.0 1833.0 641.0 1830.0 651.0 1872.0 642.0 1875.0 ship 0
623.0 1840.0 634.0 1837.0 641.0 1871.0 631.0 1873.0 ship 0
610.0 1756.0 622.0 1754.0 631.0 1805.0 620.0 1807.0 ship 0
598.0 1753.0 611.0 1750.0 619.0 1802.0 605.0 1803.0 ship 0
613.0 1684.0 625.0 1682.0 634.0 1738.0 622.0 1740.0 ship 0
600.0 1686.0 610.0 1682.0 620.0 1737.0 609.0 1739.0 ship 0
589.0 1689.0 600.0 1687.0 609.0 1742.0 599.0 1745.0 ship 0
390.0 1473.0 400.0 1469.0 408.0 1490.0 398.0 1494.0 bridge 0
624.0 1464.0 610.0 1466.0 602.0 1402.0 614.0 1399.0 ship 0
579.0 1307.0 588.0 1312.0 572.0 1354.0 562.0 1351.0 ship 0
413.0 1193.0 409.0 1161.0 593.0 1142.0 595.0 1179.0 bridge 0
797.0 965.0 809.0 962.0 828.0 1029.0 816.0 1032.0 bridge 0
280.0 742.0 274.0 727.0 366.0 708.0 370.0 724.0 bridge 0
1011.0 1544.0 1022.0 1546.0 1021.0 1590.0 1011.0 1588.0 ship 0
1030.0 1544.0 1040.0 1545.0 1042.0 1590.0 1032.0 1589.0 ship 0
5174.0 3281.0 5184.0 3294.0 5139.0 3328.0 5130.0 3316.0 ship 0
1039.0 1547.0 1049.0 1547.0 1052.0 1589.0 1042.0 1588.0 ship 0
4894.0 3507.0 4901.0 3516.0 4863.0 3540.0 4854.0 3531.0 ship 0
4505.0 3777.0 4512.0 3786.0 4479.0 3809.0 4471.0 3801.0 ship 0
4153.0 672.0 4354.0 744.0 4341.0 785.0 4139.0 710.0 bridge 0
3536.0 369.0 3557.0 361.0 3591.0 456.0 3571.0 464.0 bridge 0
3856.0 1789.0 3864.0 1788.0 3866.0 1803.0 3858.0 1804.0 bridge 0
3632.0 1800.0 3629.0 1790.0 3653.0 1783.0 3656.0 1793.0 bridge 0
4004.0 3401.0 3986.0 3352.0 3996.0 3347.0 4015.0 3396.0 bridge 0
3416.0 1198.0 3415.0 1184.0 3463.0 1182.0 3465.0 1195.0 bridge 0
2963.0 3397.0 2975.0 3394.0 2979.0 3429.0 2968.0 3432.0 bridge 0
2800.0 2904.0 2811.0 2898.0 2824.0 2932.0 2813.0 2936.0 bridge 0
3055.0 801.0 3141.0 774.0 3150.0 815.0 3067.0 839.0 bridge 0
3135.0 1202.0 3183.0 1200.0 3185.0 1220.0 3137.0 1221.0 bridge 0
2407.0 275.0 2401.0 261.0 2464.0 246.0 2470.0 261.0 bridge 0
2357.0 524.0 2348.0 503.0 2428.0 476.0 2435.0 496.0 bridge 0
2335.0 2926.0 2332.0 2916.0 2371.0 2905.0 2374.0 2914.0 bridge 0
1868.0 3605.0 1877.0 3602.0 1883.0 3641.0 1875.0 3642.0 bridge 0
1816.0 1846.0 1826.0 1842.0 1832.0 1865.0 1823.0 1868.0 bridge 0
1717.0 1617.0 1727.0 1617.0 1728.0 1646.0 1719.0 1646.0 bridge 0
1890.0 817.0 1888.0 830.0 1837.0 824.0 1837.0 812.0 ship 0
1838.0 812.0 1838.0 826.0 1782.0 827.0 1782.0 813.0 ship 0
1791.0 836.0 1792.0 846.0 1740.0 847.0 1739.0 836.0 ship 0
1786.0 826.0 1787.0 835.0 1730.0 835.0 1731.0 826.0 ship 0
2009.0 739.0 2042.0 737.0 2060.0 824.0 2027.0 829.0 bridge 0
770.0 246.0 776.0 244.0 784.0 262.0 779.0 265.0 bridge 0
1443.0 788.0 1454.0 788.0 1454.0 801.0 1443.0 801.0 storage-tank 1
1441.0 775.0 1452.0 775.0 1452.0 786.0 1441.0 786.0 storage-tank 1
1440.0 759.0 1450.0 759.0 1450.0 772.0 1440.0 772.0 storage-tank 1
1424.0 760.0 1436.0 760.0 1436.0 774.0 1424.0 774.0 storage-tank 1
1308.0 652.0 1306.0 640.0 1351.0 630.0 1354.0 641.0 bridge 0
410.0 334.0 418.0 330.0 430.0 365.0 421.0 369.0 bridge 0
