imagesource:GF
gsd:1
3672.0 198.0 3681.0 193.0 3690.0 219.0 3680.0 223.0 bridge 0
3663.0 1159.0 3672.0 1153.0 3683.0 1180.0 3674.0 1186.0 bridge 0
3272.0 1749.0 3281.0 1744.0 3287.0 1764.0 3279.0 1768.0 bridge 0
3416.0 1308.0 3426.0 1317.0 3391.0 1354.0 3380.0 1343.0 ship 0
3073.0 1122.0 3065.0 1131.0 3023.0 1096.0 3033.0 1086.0 ship 0
3574.0 221.0 3587.0 221.0 3585.0 257.0 3572.0 256.0 bridge 0
2638.0 759.0 2645.0 750.0 2686.0 783.0 2681.0 791.0 ship 0
2577.0 712.0 2587.0 704.0 2617.0 746.0 2609.0 752.0 ship 0
2485.0 1906.0 2484.0 1898.0 2503.0 1897.0 2503.0 1904.0 bridge 0
1660.0 2883.0 1659.0 2874.0 1702.0 2862.0 1703.0 2872.0 bridge 0
960.0 2580.0 961.0 2568.0 995.0 2570.0 995.0 2581.0 bridge 0
