imagesource:GF
gsd:1
1556.0 3957.0 1556.0 3949.0 1573.0 3949.0 1573.0 3956.0 bridge 0
914.0 3339.0 914.0 3331.0 932.0 3331.0 931.0 3340.0 bridge 0
3422.0 132.0 3453.0 119.0 3457.0 130.0 3426.0 141.0 bridge 0
2184.0 553.0 2195.0 550.0 2203.0 576.0 2190.0 579.0 bridge 0
2447.0 286.0 2501.0 272.0 2505.0 288.0 2451.0 304.0 bridge 0
1577.0 120.0 1600.0 105.0 1621.0 148.0 1598.0 162.0 bridge 0
1372.0 1698.0 1400.0 1688.0 1402.0 1699.0 1374.0 1708.0 bridge 0
1206.0 1967.0 1218.0 1960.0 1234.0 1982.0 1222.0 1988.0 bridge 0
1117.0 2529.0 1158.0 2515.0 1160.0 2532.0 1120.0 2542.0 bridge 0
308.0 3575.0 316.0 3571.0 335.0 3606.0 326.0 3610.0 bridge 0
217.0 1697.0 225.0 1691.0 238.0 1711.0 227.0 1718.0 bridge 0
604.0 545.0 615.0 541.0 630.0 584.0 618.0 585.0 bridge 0
