imagesource:GF
gsd:1
64.0 2104.0 66.0 2100.0 81.0 2106.0 78.0 2112.0 bridge 0
3663.0 2503.0 3677.0 2491.0 3714.0 2523.0 3703.0 2537.0 bridge 0
364.0 1337.0 367.0 1332.0 390.0 1344.0 388.0 1351.0 bridge 0
624.0 1516.0 630.0 1509.0 653.0 1525.0 649.0 1530.0 bridge 0
901.0 1711.0 905.0 1705.0 935.0 1723.0 932.0 1730.0 bridge 0
420.0 2343.0 426.0 2337.0 448.0 2357.0 444.0 2363.0 bridge 0
573.0 3310.0 576.0 3302.0 602.0 3309.0 601.0 3317.0 bridge 0
348.0 3687.0 352.0 3681.0 374.0 3695.0 370.0 3702.0 bridge 0
1013.0 335.0 1025.0 321.0 1047.0 340.0 1036.0 353.0 bridge 0
1761.0 2131.0 1767.0 2126.0 1790.0 2153.0 1787.0 2158.0 bridge 0
1983.0 2246.0 1974.0 2237.0 2007.0 2208.0 2013.0 2217.0 bridge 0
1394.0 3326.0 1388.0 3321.0 1410.0 3292.0 1416.0 3297.0 bridge 0
2421.0 1494.0 2438.0 1471.0 2480.0 1506.0 2463.0 1528.0 bridge 0
2978.0 113.0 2970.0 105.0 2994.0 71.0 3001.0 78.0 bridge 0
2977.0 1952.0 2998.0 1931.0 3013.0 1945.0 2992.0 1967.0 bridge 0
2872.0 3146.0 2866.0 3140.0 2889.0 3117.0 2897.0 3123.0 bridge 0
3252.0 3201.0 3258.0 3195.0 3279.0 3221.0 3273.0 3228.0 bridge 0
3381.0 3564.0 3373.0 3556.0 3398.0 3525.0 3406.0 3530.0 bridge 0
3872.0 2675.0 3887.0 2659.0 3917.0 2684.0 3900.0 2698.0 bridge 0
612.0 711.0 620.0 718.0 611.0 736.0 601.0 729.0 bridge 0
