imagesource:GF
gsd:1
3010.0 542.0 3371.0 547.0 3374.0 590.0 3009.0 591.0 bridge 0
3096.0 1655.0 3092.0 1643.0 3151.0 1630.0 3154.0 1641.0 bridge 0
504.0 2296.0 491.0 2276.0 515.0 2260.0 525.0 2282.0 bridge 0
237.0 2883.0 268.0 2870.0 278.0 2924.0 245.0 2937.0 bridge 0
72.0 2869.0 70.0 2823.0 107.0 2805.0 114.0 2852.0 bridge 0
771.0 2826.0 769.0 2819.0 800.0 2813.0 803.0 2820.0 bridge 0
1193.0 3133.0 1204.0 3133.0 1205.0 3164.0 1194.0 3164.0 bridge 0
1204.0 2339.0 1215.0 2333.0 1230.0 2367.0 1218.0 2375.0 bridge 0
1441.0 2200.0 1489.0 2191.0 1495.0 2259.0 1452.0 2268.0 bridge 0
1250.0 1748.0 1287.0 1735.0 1295.0 1759.0 1258.0 1771.0 bridge 0
1732.0 3877.0 1778.0 3860.0 1814.0 3983.0 1766.0 3994.0 bridge 0
2709.0 3856.0 2708.0 3846.0 2734.0 3846.0 2735.0 3855.0 bridge 0
2240.0 3045.0 2237.0 3036.0 2263.0 3028.0 2265.0 3036.0 bridge 0
2788.0 541.0 2893.0 541.0 2895.0 592.0 2790.0 589.0 bridge 0
3085.0 1462.0 3097.0 1461.0 3102.0 1507.0 3089.0 1508.0 ship 0
3068.0 1410.0 3082.0 1407.0 3091.0 1461.0 3078.0 1464.0 ship 0
3086.0 1419.0 3098.0 1416.0 3108.0 1468.0 3095.0 1468.0 ship 0
388.0 418.0 400.0 413.0 409.0 433.0 397.0 441.0 bridge 0
