imagesource:GF
gsd:1
3531.0 1224.0 3525.0 1217.0 3559.0 1195.0 3562.0 1203.0 bridge 0
3683.0 1746.0 3677.0 1728.0 3708.0 1724.0 3712.0 1738.0 bridge 0
539.0 1081.0 594.0 1070.0 597.0 1089.0 545.0 1101.0 bridge 0
426.0 1720.0 458.0 1682.0 518.0 1725.0 484.0 1759.0 bridge 0
243.0 2729.0 270.0 2720.0 288.0 2772.0 263.0 2779.0 bridge 0
68.0 2701.0 61.0 2679.0 115.0 2668.0 121.0 2690.0 bridge 0
152.0 3085.0 139.0 3064.0 209.0 3033.0 219.0 3051.0 bridge 0
785.0 3708.0 798.0 3699.0 828.0 3735.0 813.0 3742.0 bridge 0
1130.0 3749.0 1121.0 3732.0 1149.0 3718.0 1157.0 3733.0 bridge 0
857.0 3594.0 852.0 3586.0 871.0 3576.0 874.0 3583.0 bridge 0
1386.0 3152.0 1378.0 3143.0 1397.0 3130.0 1402.0 3138.0 bridge 0
1615.0 3126.0 1609.0 3115.0 1644.0 3093.0 1652.0 3103.0 ship 0
1586.0 3147.0 1580.0 3137.0 1609.0 3118.0 1617.0 3128.0 ship 0
1158.0 2265.0 1179.0 2236.0 1234.0 2278.0 1210.0 2303.0 bridge 0
1616.0 1812.0 1608.0 1804.0 1627.0 1785.0 1636.0 1794.0 bridge 0
1012.0 978.0 1002.0 959.0 1032.0 949.0 1041.0 965.0 bridge 0
1440.0 105.0 1476.0 91.0 1496.0 143.0 1461.0 157.0 bridge 0
1677.0 588.0 1700.0 574.0 1713.0 596.0 1686.0 609.0 bridge 0
1934.0 2877.0 1972.0 2831.0 2029.0 2880.0 1991.0 2918.0 bridge 0
1939.0 3479.0 1952.0 3470.0 1970.0 3496.0 1955.0 3506.0 bridge 0
2775.0 2167.0 2820.0 2132.0 2858.0 2186.0 2817.0 2221.0 bridge 0
2631.0 1631.0 2617.0 1606.0 2643.0 1586.0 2659.0 1609.0 bridge 0
2538.0 1405.0 2530.0 1388.0 2552.0 1362.0 2561.0 1382.0 bridge 0
2394.0 1245.0 2361.0 1256.0 2321.0 1150.0 2353.0 1135.0 bridge 0
3388.0 1005.0 3375.0 973.0 3424.0 940.0 3435.0 969.0 bridge 0
3448.0 977.0 3459.0 968.0 3474.0 992.0 3464.0 1003.0 bridge 0
2978.0 2843.0 2969.0 2822.0 3005.0 2806.0 3016.0 2828.0 bridge 0
2941.0 3063.0 2969.0 3054.0 2985.0 3098.0 2957.0 3106.0 bridge 0
3264.0 2961.0 3283.0 2956.0 3294.0 2985.0 3275.0 2991.0 bridge 0
434.0 514.0 494.0 496.0 498.0 523.0 445.0 545.0 bridge 0
