imagesource:GF
gsd:1
2933.0 1979.0 2954.0 1995.0 2974.0 2038.0 2953.0 2025.0 bridge 0
510.0 230.0 541.0 212.0 547.0 223.0 516.0 241.0 bridge 0
1900.0 1563.0 1933.0 1532.0 1974.0 1571.0 1939.0 1603.0 bridge 0
1555.0 1678.0 1580.0 1651.0 1621.0 1688.0 1595.0 1715.0 bridge 0
1414.0 1222.0 1427.0 1214.0 1445.0 1243.0 1431.0 1250.0 bridge 0
1554.0 3298.0 1575.0 3298.0 1575.0 3318.0 1554.0 3318.0 storage-tank 0
1515.0 3213.0 1537.0 3213.0 1537.0 3235.0 1515.0 3235.0 storage-tank 0
1084.0 1830.0 1101.0 1823.0 1113.0 1860.0 1095.0 1866.0 bridge 0
864.0 345.0 880.0 338.0 898.0 372.0 884.0 379.0 bridge 0
773.0 62.0 812.0 41.0 821.0 55.0 781.0 76.0 bridge 0
334.0 2085.0 360.0 2070.0 382.0 2106.0 356.0 2120.0 bridge 0
139.0 1965.0 211.0 1924.0 269.0 2020.0 199.0 2062.0 soccer-ball-field 1
715.0 1648.0 744.0 1630.0 761.0 1657.0 732.0 1675.0 bridge 0
569.0 1412.0 595.0 1396.0 608.0 1415.0 580.0 1430.0 bridge 0
395.0 1133.0 427.0 1115.0 451.0 1157.0 419.0 1174.0 bridge 0
182.0 776.0 207.0 761.0 220.0 787.0 194.0 801.0 bridge 0
371.0 196.0 394.0 186.0 400.0 203.0 378.0 212.0 bridge 0
293.0 352.0 306.0 344.0 315.0 360.0 303.0 368.0 bridge 0
235.0 2870.0 247.0 2865.0 253.0 2878.0 241.0 2882.0 bridge 1
386.0 3192.0 402.0 3188.0 404.0 3199.0 388.0 3202.0 bridge 0
2308.0 3703.0 2327.0 3690.0 2352.0 3729.0 2332.0 3742.0 bridge 0
2101.0 816.0 2118.0 807.0 2126.0 824.0 2109.0 833.0 bridge 0
3451.0 3879.0 3487.0 3863.0 3500.0 3891.0 3463.0 3906.0 bridge 0
3303.0 1096.0 3322.0 1085.0 3346.0 1121.0 3326.0 1132.0 bridge 0
100.0 1929.0 194.0 1877.0 307.0 2058.0 208.0 2108.0 ground-track-field 0
3321.0 225.0 3327.0 222.0 3338.0 240.0 3331.0 242.0 bridge 0
3031.0 3701.0 3050.0 3693.0 3063.0 3720.0 3043.0 3729.0 bridge 0
2632.0 37.0 2652.0 22.0 2670.0 46.0 2647.0 59.0 bridge 0
1915.0 429.0 1948.0 420.0 1960.0 469.0 1928.0 477.0 bridge 0
1513.0 455.0 1532.0 444.0 1542.0 464.0 1523.0 474.0 bridge 0
3078.0 3815.0 3096.0 3806.0 3100.0 3817.0 3084.0 3824.0 bridge 0
2950.0 3538.0 2966.0 3530.0 2970.0 3538.0 2954.0 3545.0 bridge 0
3623.0 3427.0 3641.0 3419.0 3647.0 3432.0 3629.0 3440.0 bridge 0
2779.0 1661.0 2796.0 1654.0 2816.0 1694.0 2799.0 1701.0 bridge 0
3337.0 1069.0 3356.0 1064.0 3358.0 1073.0 3339.0 1078.0 bridge 0
2696.0 53.0 2715.0 41.0 2738.0 81.0 2720.0 92.0 bridge 0
3048.0 614.0 3066.0 604.0 3088.0 638.0 3070.0 647.0 bridge 0
3596.0 2284.0 3604.0 2280.0 3610.0 2293.0 3601.0 2295.0 bridge 1
3836.0 3255.0 3853.0 3255.0 3854.0 3265.0 3836.0 3265.0 bridge 0
3840.0 127.0 3871.0 106.0 3892.0 142.0 3860.0 161.0 bridge 0
3772.0 938.0 3779.0 935.0 3793.0 969.0 3786.0 970.0 bridge 0
740.0 3880.0 758.0 3876.0 761.0 3888.0 744.0 3891.0 bridge 0
