imagesource:GF
gsd:1
3062.0 1451.0 3095.0 1443.0 3098.0 1456.0 3068.0 1463.0 bridge 0
2492.0 644.0 2507.0 643.0 2510.0 678.0 2496.0 677.0 bridge 0
2028.0 283.0 2063.0 277.0 2068.0 331.0 2033.0 336.0 bridge 0
2002.0 644.0 2028.0 644.0 2029.0 653.0 2001.0 653.0 bridge 0
1954.0 1065.0 1990.0 1064.0 1989.0 1118.0 1953.0 1118.0 bridge 0
2286.0 2636.0 2293.0 2631.0 2305.0 2647.0 2299.0 2652.0 bridge 0
1315.0 3400.0 1332.0 3396.0 1335.0 3411.0 1317.0 3414.0 bridge 0
1736.0 3282.0 1755.0 3280.0 1758.0 3295.0 1739.0 3297.0 bridge 0
1528.0 2699.0 1547.0 2695.0 1550.0 2709.0 1531.0 2712.0 bridge 0
1319.0 2104.0 1341.0 2100.0 1350.0 2137.0 1327.0 2140.0 bridge 0
1686.0 1440.0 1698.0 1436.0 1704.0 1458.0 1692.0 1461.0 bridge 0
1236.0 1530.0 1245.0 1529.0 1247.0 1546.0 1239.0 1547.0 bridge 0
927.0 1565.0 948.0 1561.0 952.0 1581.0 931.0 1584.0 bridge 0
645.0 1601.0 654.0 1600.0 656.0 1618.0 647.0 1618.0 bridge 0
252.0 1681.0 304.0 1666.0 309.0 1689.0 257.0 1703.0 bridge 0
380.0 2390.0 430.0 2381.0 435.0 2403.0 384.0 2412.0 bridge 0
293.0 3724.0 299.0 3720.0 306.0 3732.0 300.0 3736.0 bridge 1
2151.0 684.0 2159.0 682.0 2163.0 711.0 2155.0 711.0 bridge 0
2766.0 619.0 2772.0 618.0 2777.0 651.0 2771.0 651.0 bridge 0
3172.0 2310.0 3287.0 2289.0 3333.0 2509.0 3221.0 2528.0 ground-track-field 0
2771.0 3057.0 2816.0 3047.0 2819.0 3061.0 2774.0 3070.0 bridge 0
119.0 781.0 168.0 785.0 170.0 801.0 119.0 792.0 bridge 0
2178.0 434.0 2241.0 419.0 2273.0 565.0 2209.0 579.0 ground-track-field 0
2624.0 3249.0 2797.0 3198.0 2821.0 3280.0 2648.0 3331.0 ground-track-field 0
2158.0 1911.0 2202.0 1903.0 2209.0 1941.0 2165.0 1947.0 bridge 0
586.0 3559.0 641.0 3548.0 644.0 3565.0 589.0 3576.0 bridge 0
1475.0 676.0 1482.0 674.0 1485.0 687.0 1478.0 688.0 bridge 1
2951.0 598.0 3009.0 601.0 3008.0 631.0 2950.0 630.0 bridge 0
3757.0 521.0 3764.0 520.0 3769.0 549.0 3762.0 549.0 bridge 0
3467.0 551.0 3496.0 544.0 3503.0 580.0 3472.0 586.0 bridge 0
3945.0 3026.0 3952.0 3021.0 3959.0 3034.0 3952.0 3037.0 bridge 1
2896.0 3192.0 2924.0 3167.0 2930.0 3172.0 2901.0 3197.0 bridge 0
1431.0 2430.0 1449.0 2424.0 1451.0 2432.0 1434.0 2438.0 bridge 0
1257.0 1924.0 1274.0 1919.0 1276.0 1928.0 1258.0 1932.0 bridge 0
3536.0 3178.0 3557.0 3174.0 3559.0 3190.0 3539.0 3192.0 bridge 0
3321.0 3623.0 3364.0 3608.0 3382.0 3654.0 3341.0 3669.0 bridge 0
87.0 3652.0 141.0 3640.0 143.0 3658.0 91.0 3669.0 bridge 0
