imagesource:GF
gsd:1
3079.0 9.0 3202.0 5.0 3269.0 202.0 3156.0 241.0 ground-track-field 0
2083.0 698.0 2095.0 692.0 2107.0 717.0 2093.0 721.0 bridge 0
2382.0 3748.0 2396.0 3744.0 2399.0 3762.0 2386.0 3765.0 bridge 0
2868.0 2603.0 2922.0 2591.0 2934.0 2639.0 2880.0 2651.0 bridge 0
3175.0 402.0 3196.0 396.0 3215.0 442.0 3193.0 448.0 bridge 0
3017.0 52.0 3048.0 41.0 3052.0 51.0 3021.0 61.0 bridge 0
2745.0 494.0 2767.0 482.0 2784.0 517.0 2762.0 527.0 bridge 0
1915.0 3895.0 2028.0 3867.0 2042.0 3913.0 1927.0 3942.0 bridge 0
1865.0 3517.0 1850.0 3521.0 1833.0 3468.0 1850.0 3464.0 ship 0
2240.0 2435.0 2321.0 2404.0 2325.0 2414.0 2245.0 2445.0 bridge 0
1909.0 2130.0 1932.0 2121.0 1940.0 2137.0 1915.0 2146.0 bridge 0
1775.0 1924.0 1801.0 1915.0 1807.0 1931.0 1782.0 1939.0 bridge 0
2238.0 625.0 2286.0 596.0 2310.0 632.0 2260.0 658.0 bridge 0
2017.0 1240.0 2107.0 1210.0 2124.0 1252.0 2032.0 1281.0 bridge 0
1246.0 1078.0 1266.0 1071.0 1287.0 1109.0 1269.0 1116.0 bridge 0
1974.0 1111.0 1960.0 1119.0 1927.0 1077.0 1940.0 1068.0 ship 0
1972.0 1082.0 1963.0 1091.0 1929.0 1053.0 1939.0 1044.0 ship 0
1759.0 894.0 1848.0 864.0 1869.0 911.0 1777.0 941.0 bridge 0
1436.0 2679.0 1475.0 2669.0 1477.0 2677.0 1438.0 2687.0 bridge 0
1259.0 3026.0 1268.0 3025.0 1280.0 3064.0 1270.0 3065.0 bridge 0
1004.0 1988.0 1037.0 1969.0 1041.0 1976.0 1008.0 1995.0 bridge 0
973.0 1939.0 1003.0 1919.0 1008.0 1927.0 977.0 1945.0 bridge 0
861.0 1770.0 900.0 1749.0 923.0 1787.0 881.0 1809.0 bridge 0
807.0 1684.0 842.0 1665.0 856.0 1684.0 821.0 1704.0 bridge 0
545.0 1258.0 600.0 1248.0 606.0 1292.0 552.0 1301.0 bridge 0
625.0 683.0 631.0 680.0 638.0 694.0 632.0 696.0 bridge 0
2714.0 3662.0 2722.0 3659.0 2726.0 3674.0 2718.0 3677.0 bridge 0
2853.0 3625.0 2861.0 3623.0 2865.0 3637.0 2855.0 3638.0 bridge 1
2777.0 3002.0 2802.0 2996.0 2807.0 3021.0 2783.0 3027.0 bridge 0
2902.0 3330.0 2917.0 3327.0 2919.0 3335.0 2904.0 3338.0 bridge 0
1482.0 1453.0 1503.0 1446.0 1523.0 1483.0 1505.0 1493.0 bridge 0
3467.0 1634.0 3528.0 1621.0 3555.0 1746.0 3493.0 1758.0 ground-track-field 0
2069.0 1863.0 2100.0 1863.0 2100.0 1893.0 2069.0 1893.0 storage-tank 0
2034.0 1873.0 2069.0 1873.0 2069.0 1905.0 2034.0 1905.0 storage-tank 0
1120.0 1430.0 1144.0 1430.0 1144.0 1454.0 1120.0 1454.0 roundabout 0
2519.0 1189.0 2554.0 1181.0 2557.0 1194.0 2522.0 1202.0 bridge 0
675.0 168.0 695.0 157.0 704.0 174.0 684.0 185.0 bridge 0
2007.0 3969.0 2021.0 3965.0 2033.0 4000.0 2015.0 4002.0 ship 0
2022.0 3967.0 2035.0 3961.0 2046.0 3996.0 2033.0 4000.0 ship 0
158.0 2515.0 172.0 2509.0 175.0 2518.0 161.0 2524.0 bridge 0
3911.0 2365.0 3928.0 2360.0 3933.0 2372.0 3916.0 2377.0 bridge 0
3853.0 2211.0 3875.0 2205.0 3884.0 2236.0 3862.0 2239.0 bridge 0
3702.0 1184.0 3761.0 1165.0 3768.0 1189.0 3710.0 1206.0 bridge 0
3796.0 2036.0 3819.0 2028.0 3823.0 2041.0 3801.0 2048.0 bridge 0
3716.0 1819.0 3735.0 1815.0 3748.0 1865.0 3730.0 1867.0 bridge 0
3624.0 247.0 3641.0 241.0 3657.0 286.0 3641.0 290.0 bridge 0
3306.0 723.0 3318.0 716.0 3325.0 727.0 3312.0 735.0 bridge 1
3368.0 903.0 3388.0 898.0 3398.0 940.0 3379.0 944.0 bridge 0
3398.0 3480.0 3412.0 3477.0 3416.0 3491.0 3401.0 3494.0 bridge 1
3321.0 3501.0 3339.0 3496.0 3343.0 3510.0 3326.0 3514.0 bridge 0
2943.0 3958.0 2968.0 3952.0 2972.0 3980.0 2948.0 3985.0 bridge 0
3029.0 3579.0 3042.0 3575.0 3045.0 3587.0 3031.0 3590.0 bridge 1
2788.0 3455.0 2797.0 3451.0 2802.0 3464.0 2793.0 3465.0 bridge 1
234.0 784.0 242.0 781.0 262.0 812.0 253.0 816.0 bridge 0
