imagesource:GF
gsd:1
2046.0 1354.0 2080.0 1350.0 2094.0 1417.0 2063.0 1423.0 bridge 0
2556.0 117.0 2563.0 116.0 2564.0 132.0 2558.0 133.0 bridge 0
1311.0 3563.0 1313.0 3569.0 1299.0 3572.0 1298.0 3568.0 bridge 1
1415.0 3581.0 1421.0 3579.0 1423.0 3586.0 1417.0 3588.0 bridge 1
1571.0 3594.0 1573.0 3598.0 1566.0 3601.0 1563.0 3596.0 bridge 1
1659.0 3772.0 1664.0 3771.0 1666.0 3778.0 1660.0 3780.0 bridge 1
1367.0 2491.0 1373.0 2489.0 1379.0 2502.0 1373.0 2503.0 bridge 1
1332.0 2389.0 1334.0 2394.0 1324.0 2397.0 1323.0 2393.0 bridge 1
1470.0 440.0 1476.0 445.0 1451.0 468.0 1445.0 462.0 bridge 0
1319.0 325.0 1324.0 333.0 1298.0 343.0 1294.0 334.0 bridge 0
1791.0 287.0 1824.0 282.0 1830.0 302.0 1796.0 310.0 bridge 0
1973.0 250.0 1981.0 248.0 1984.0 262.0 1977.0 263.0 bridge 1
1798.0 2392.0 1804.0 2389.0 1809.0 2404.0 1803.0 2406.0 bridge 0
1683.0 3118.0 1691.0 3116.0 1693.0 3131.0 1686.0 3132.0 bridge 0
1878.0 3965.0 1884.0 3963.0 1888.0 3977.0 1882.0 3978.0 bridge 1
2191.0 3886.0 2192.0 3892.0 2184.0 3894.0 2183.0 3889.0 bridge 1
2390.0 3754.0 2394.0 3753.0 2398.0 3765.0 2394.0 3767.0 bridge 1
2071.0 3028.0 2078.0 3026.0 2082.0 3042.0 2074.0 3043.0 bridge 0
2263.0 2279.0 2298.0 2272.0 2303.0 2300.0 2269.0 2306.0 bridge 0
2135.0 1407.0 2142.0 1413.0 2132.0 1433.0 2124.0 1427.0 bridge 0
1940.0 922.0 1974.0 915.0 1980.0 943.0 1947.0 950.0 bridge 0
2098.0 886.0 2105.0 887.0 2104.0 902.0 2097.0 902.0 bridge 0
2386.0 803.0 2392.0 802.0 2396.0 815.0 2390.0 817.0 bridge 1
1157.0 3778.0 1156.0 3784.0 1147.0 3783.0 1147.0 3778.0 bridge 1
1244.0 3220.0 1251.0 3218.0 1254.0 3233.0 1247.0 3234.0 bridge 0
1219.0 3167.0 1220.0 3173.0 1206.0 3177.0 1204.0 3170.0 bridge 1
728.0 1091.0 730.0 1095.0 718.0 1101.0 716.0 1096.0 bridge 1
228.0 715.0 236.0 711.0 242.0 724.0 233.0 728.0 bridge 1
390.0 652.0 405.0 646.0 411.0 660.0 396.0 667.0 bridge 0
160.0 1124.0 163.0 1128.0 156.0 1133.0 154.0 1129.0 bridge 1
244.0 1266.0 248.0 1272.0 237.0 1276.0 233.0 1270.0 bridge 1
373.0 2155.0 383.0 2151.0 391.0 2170.0 382.0 2175.0 bridge 0
692.0 3348.0 695.0 3348.0 696.0 3362.0 692.0 3362.0 bridge 1
873.0 1716.0 875.0 1720.0 864.0 1724.0 863.0 1721.0 bridge 1
840.0 1564.0 841.0 1568.0 829.0 1571.0 827.0 1567.0 bridge 1
816.0 1463.0 817.0 1467.0 806.0 1473.0 804.0 1469.0 bridge 1
684.0 906.0 684.0 911.0 668.0 914.0 667.0 910.0 bridge 0
1088.0 2619.0 1089.0 2626.0 1076.0 2630.0 1074.0 2623.0 bridge 1
768.0 850.0 773.0 847.0 778.0 856.0 774.0 858.0 bridge 1
544.0 594.0 565.0 587.0 569.0 597.0 549.0 605.0 bridge 0
516.0 171.0 518.0 179.0 495.0 184.0 492.0 176.0 bridge 0
994.0 16.0 997.0 22.0 963.0 33.0 961.0 28.0 bridge 0
1042.0 58.0 1045.0 58.0 1045.0 104.0 1042.0 103.0 bridge 0
1049.0 63.0 1054.0 63.0 1055.0 107.0 1049.0 107.0 bridge 0
943.0 441.0 951.0 438.0 955.0 449.0 949.0 452.0 bridge 1
1000.0 2236.0 1000.0 2241.0 987.0 2245.0 985.0 2241.0 bridge 1
1051.0 2462.0 1052.0 2468.0 1041.0 2471.0 1039.0 2466.0 bridge 1
2412.0 150.0 2424.0 148.0 2426.0 162.0 2415.0 165.0 bridge 1
2679.0 718.0 2684.0 717.0 2684.0 735.0 2680.0 735.0 bridge 0
3349.0 1778.0 3376.0 1770.0 3379.0 1779.0 3351.0 1788.0 bridge 0
2547.0 1515.0 2558.0 1513.0 2563.0 1542.0 2554.0 1543.0 bridge 0
3870.0 2324.0 3874.0 2330.0 3860.0 2339.0 3857.0 2333.0 bridge 0
3798.0 1760.0 3803.0 1759.0 3806.0 1774.0 3801.0 1775.0 bridge 0
3883.0 1742.0 3899.0 1737.0 3902.0 1749.0 3887.0 1754.0 bridge 0
3726.0 1249.0 3729.0 1247.0 3734.0 1265.0 3730.0 1266.0 bridge 0
3955.0 803.0 3956.0 811.0 3942.0 813.0 3941.0 806.0 bridge 1
3934.0 680.0 3935.0 686.0 3920.0 688.0 3919.0 683.0 bridge 0
3915.0 585.0 3916.0 591.0 3904.0 594.0 3903.0 588.0 bridge 1
3910.0 418.0 3911.0 422.0 3896.0 426.0 3895.0 423.0 bridge 0
3912.0 369.0 3918.0 369.0 3920.0 385.0 3913.0 386.0 bridge 0
3835.0 45.0 3837.0 52.0 3823.0 56.0 3822.0 50.0 bridge 1
3147.0 543.0 3149.0 548.0 3137.0 551.0 3136.0 546.0 bridge 1
2944.0 25.0 2954.0 23.0 2959.0 43.0 2950.0 44.0 bridge 0
2600.0 3662.0 2616.0 3657.0 2624.0 3679.0 2608.0 3685.0 bridge 0
2618.0 3656.0 2633.0 3651.0 2640.0 3673.0 2625.0 3678.0 bridge 0
2420.0 2942.0 2435.0 2939.0 2442.0 2966.0 2426.0 2970.0 bridge 0
2437.0 2939.0 2454.0 2936.0 2460.0 2963.0 2442.0 2967.0 bridge 0
2573.0 488.0 2582.0 486.0 2591.0 537.0 2582.0 539.0 ship 0
2613.0 672.0 2620.0 670.0 2633.0 709.0 2625.0 711.0 ship 0
2562.0 201.0 2552.0 202.0 2539.0 151.0 2548.0 148.0 ship 0
2551.0 196.0 2542.0 199.0 2529.0 153.0 2539.0 150.0 ship 0
929.0 1997.0 939.0 1993.0 944.0 2015.0 934.0 2019.0 bridge 0
3564.0 2682.0 3590.0 2676.0 3594.0 2697.0 3570.0 2701.0 bridge 0
3723.0 3535.0 3732.0 3531.0 3736.0 3549.0 3727.0 3551.0 bridge 0
3566.0 3583.0 3570.0 3583.0 3570.0 3593.0 3566.0 3593.0 bridge 1
2825.0 1486.0 2830.0 1506.0 2759.0 1523.0 2754.0 1503.0 bridge 0
2310.0 2276.0 2316.0 2271.0 2326.0 2283.0 2320.0 2287.0 bridge 0
2602.0 2905.0 2611.0 2902.0 2615.0 2923.0 2607.0 2926.0 bridge 0
2580.0 3678.0 2588.0 3673.0 2595.0 3684.0 2588.0 3691.0 bridge 1
2910.0 3540.0 2916.0 3538.0 2921.0 3553.0 2916.0 3555.0 bridge 0
3060.0 3481.0 3065.0 3479.0 3070.0 3492.0 3066.0 3494.0 bridge 1
2884.0 2840.0 2892.0 2838.0 2896.0 2855.0 2889.0 2857.0 bridge 0
2976.0 2820.0 2980.0 2819.0 2983.0 2834.0 2978.0 2835.0 bridge 0
3129.0 2810.0 3132.0 2822.0 3075.0 2836.0 3072.0 2824.0 bridge 0
2988.0 1846.0 2992.0 1843.0 2997.0 1857.0 2992.0 1858.0 bridge 1
2769.0 1272.0 2759.0 1275.0 2743.0 1233.0 2752.0 1229.0 ship 0
3372.0 3352.0 3376.0 3350.0 3381.0 3361.0 3378.0 3363.0 bridge 1
3079.0 601.0 3089.0 598.0 3095.0 620.0 3085.0 621.0 bridge 0
3140.0 433.0 3143.0 444.0 3129.0 448.0 3126.0 438.0 bridge 1
3121.0 224.0 3123.0 231.0 3112.0 234.0 3110.0 228.0 bridge 1
3107.0 46.0 3107.0 52.0 3096.0 54.0 3095.0 48.0 bridge 1
3211.0 568.0 3215.0 566.0 3219.0 579.0 3215.0 580.0 bridge 1
3550.0 473.0 3557.0 471.0 3560.0 482.0 3554.0 484.0 bridge 1
3260.0 1358.0 3270.0 1356.0 3272.0 1370.0 3263.0 1371.0 bridge 1
3242.0 2758.0 3246.0 2758.0 3249.0 2773.0 3246.0 2774.0 bridge 0
3250.0 2757.0 3255.0 2755.0 3258.0 2770.0 3253.0 2771.0 bridge 0
168.0 730.0 182.0 725.0 189.0 743.0 176.0 748.0 bridge 0
