imagesource:GF
gsd:1
2235.0 3478.0 2227.0 3440.0 2284.0 3415.0 2298.0 3449.0 bridge 0
1609.0 802.0 1630.0 798.0 1631.0 803.0 1610.0 807.0 bridge 0
938.0 2216.0 944.0 2217.0 935.0 2240.0 930.0 2237.0 bridge 0
787.0 2218.0 803.0 2218.0 802.0 2226.0 787.0 2226.0 bridge 0
1118.0 2252.0 1127.0 2256.0 1113.0 2280.0 1105.0 2275.0 bridge 0
1397.0 2210.0 1416.0 2220.0 1412.0 2228.0 1393.0 2219.0 bridge 0
1330.0 2325.0 1351.0 2337.0 1341.0 2356.0 1320.0 2344.0 bridge 0
1570.0 1907.0 1591.0 1916.0 1582.0 1943.0 1560.0 1934.0 bridge 0
1630.0 1764.0 1654.0 1773.0 1646.0 1793.0 1622.0 1783.0 bridge 0
1682.0 1512.0 1711.0 1506.0 1715.0 1528.0 1685.0 1533.0 bridge 0
1665.0 1281.0 1689.0 1275.0 1692.0 1286.0 1668.0 1291.0 bridge 0
1657.0 1225.0 1687.0 1219.0 1691.0 1241.0 1662.0 1248.0 bridge 0
1656.0 1198.0 1681.0 1193.0 1685.0 1216.0 1661.0 1221.0 bridge 0
1613.0 821.0 1632.0 819.0 1634.0 837.0 1616.0 840.0 bridge 0
2481.0 837.0 2515.0 825.0 2519.0 838.0 2485.0 853.0 bridge 0
1579.0 593.0 1600.0 590.0 1602.0 608.0 1581.0 611.0 bridge 0
1750.0 2202.0 1766.0 2209.0 1752.0 2243.0 1736.0 2236.0 bridge 0
1701.0 2181.0 1719.0 2187.0 1704.0 2227.0 1687.0 2220.0 bridge 0
1871.0 2653.0 1878.0 2655.0 1871.0 2676.0 1865.0 2674.0 bridge 0
1639.0 3730.0 1667.0 3712.0 1687.0 3741.0 1658.0 3759.0 bridge 0
3600.0 2535.0 3630.0 2525.0 3633.0 2532.0 3603.0 2541.0 bridge 0
3766.0 3276.0 3800.0 3265.0 3817.0 3317.0 3783.0 3328.0 bridge 0
3850.0 3640.0 3873.0 3632.0 3876.0 3638.0 3853.0 3646.0 bridge 0
3835.0 3722.0 3918.0 3703.0 3924.0 3723.0 3841.0 3743.0 bridge 0
3865.0 3738.0 3904.0 3729.0 3908.0 3748.0 3870.0 3758.0 bridge 0
3895.0 3813.0 3906.0 3811.0 3908.0 3817.0 3897.0 3819.0 bridge 1
555.0 2208.0 563.0 2203.0 566.0 2207.0 558.0 2212.0 bridge 1
708.0 1098.0 727.0 1104.0 725.0 1110.0 706.0 1104.0 bridge 0
714.0 952.0 729.0 949.0 730.0 961.0 715.0 963.0 bridge 0
519.0 1682.0 523.0 1676.0 544.0 1690.0 540.0 1697.0 ship 1
922.0 3560.0 946.0 3561.0 946.0 3571.0 922.0 3570.0 bridge 0
929.0 3801.0 946.0 3799.0 946.0 3811.0 930.0 3811.0 bridge 0
300.0 330.0 386.0 330.0 386.0 352.0 300.0 352.0 bridge 0
19.0 1245.0 42.0 1209.0 112.0 1251.0 85.0 1287.0 bridge 0
679.0 1382.0 707.0 1377.0 712.0 1402.0 684.0 1406.0 bridge 0
684.0 1409.0 713.0 1403.0 717.0 1427.0 688.0 1431.0 bridge 0
214.0 1491.0 232.0 1457.0 244.0 1462.0 223.0 1498.0 bridge 0
108.0 2165.0 117.0 2156.0 136.0 2177.0 126.0 2185.0 bridge 0
191.0 1079.0 204.0 1084.0 181.0 1131.0 170.0 1127.0 ship 1
225.0 1167.0 222.0 1177.0 183.0 1162.0 187.0 1152.0 ship 1
53.0 1333.0 60.0 1328.0 88.0 1358.0 81.0 1364.0 ship 0
46.0 1338.0 53.0 1331.0 81.0 1363.0 73.0 1369.0 ship 0
41.0 1349.0 49.0 1342.0 79.0 1374.0 71.0 1380.0 ship 0
204.0 1434.0 200.0 1441.0 160.0 1419.0 165.0 1411.0 ship 0
201.0 1442.0 197.0 1450.0 156.0 1428.0 161.0 1419.0 ship 0
206.0 1454.0 202.0 1462.0 163.0 1443.0 168.0 1434.0 ship 0
173.0 1404.0 166.0 1412.0 130.0 1382.0 137.0 1375.0 ship 0
165.0 1411.0 159.0 1418.0 123.0 1388.0 129.0 1382.0 ship 0
157.0 1416.0 149.0 1423.0 116.0 1396.0 123.0 1387.0 ship 0
130.0 1369.0 123.0 1377.0 89.0 1348.0 95.0 1341.0 ship 0
126.0 1380.0 118.0 1387.0 85.0 1360.0 91.0 1351.0 ship 0
122.0 1389.0 116.0 1395.0 82.0 1366.0 87.0 1360.0 ship 0
113.0 1393.0 106.0 1400.0 75.0 1372.0 81.0 1366.0 ship 0
3687.0 53.0 3691.0 51.0 3697.0 61.0 3693.0 63.0 bridge 1
3681.0 173.0 3685.0 172.0 3688.0 184.0 3684.0 185.0 bridge 1
3522.0 140.0 3526.0 139.0 3530.0 154.0 3526.0 155.0 bridge 0
1291.0 2685.0 1332.0 2695.0 1329.0 2711.0 1289.0 2701.0 bridge 0
1949.0 2403.0 2074.0 2373.0 2081.0 2406.0 1957.0 2433.0 bridge 0
2761.0 2079.0 2796.0 2083.0 2794.0 2109.0 2757.0 2106.0 bridge 0
2803.0 2080.0 2815.0 2086.0 2805.0 2109.0 2792.0 2104.0 bridge 0
3203.0 2141.0 3223.0 2138.0 3230.0 2179.0 3208.0 2181.0 bridge 0
2734.0 3370.0 2755.0 3330.0 2770.0 3337.0 2748.0 3379.0 bridge 0
2770.0 3797.0 2807.0 3797.0 2806.0 3806.0 2770.0 3804.0 bridge 0
1205.0 344.0 1217.0 343.0 1220.0 385.0 1209.0 386.0 bridge 0
71.0 3362.0 83.0 3339.0 108.0 3352.0 93.0 3374.0 bridge 0
93.0 3376.0 107.0 3348.0 129.0 3362.0 113.0 3389.0 bridge 0
3742.0 1155.0 3764.0 1150.0 3769.0 1169.0 3748.0 1175.0 bridge 0
3983.0 3630.0 3993.0 3626.0 4000.0 3654.0 3990.0 3656.0 bridge 0
381.0 2065.0 395.0 2046.0 406.0 2054.0 391.0 2073.0 bridge 0
1436.0 3581.0 1556.0 3583.0 1541.0 3792.0 1429.0 3785.0 ground-track-field 0
1466.0 3338.0 1499.0 3335.0 1503.0 3407.0 1470.0 3409.0 soccer-ball-field 0
1520.0 3390.0 1541.0 3389.0 1541.0 3425.0 1522.0 3424.0 basketball-court 0
1542.0 3389.0 1563.0 3388.0 1566.0 3424.0 1546.0 3424.0 basketball-court 0
1257.0 1573.0 1279.0 1573.0 1279.0 1592.0 1257.0 1592.0 roundabout 0
2096.0 754.0 2109.0 752.0 2121.0 769.0 2106.0 770.0 bridge 0
1835.0 1253.0 1954.0 1241.0 1993.0 1474.0 1876.0 1494.0 ground-track-field 0
1852.0 1508.0 1962.0 1550.0 1878.0 1759.0 1770.0 1709.0 ground-track-field 0
1853.0 1553.0 1931.0 1584.0 1881.0 1710.0 1800.0 1673.0 soccer-ball-field 0
1779.0 1990.0 1830.0 1990.0 1830.0 2043.0 1779.0 2043.0 roundabout 0
302.0 293.0 384.0 296.0 384.0 316.0 302.0 315.0 bridge 0
1290.0 3088.0 1339.0 3080.0 1342.0 3101.0 1294.0 3108.0 bridge 0
1244.0 2529.0 1291.0 2539.0 1287.0 2554.0 1242.0 2544.0 bridge 0
3568.0 186.0 3570.0 182.0 3579.0 188.0 3576.0 190.0 bridge 1
1292.0 2424.0 1322.0 2439.0 1291.0 2493.0 1265.0 2478.0 bridge 0
3368.0 176.0 3373.0 175.0 3376.0 187.0 3371.0 188.0 bridge 1
3253.0 203.0 3257.0 201.0 3260.0 215.0 3256.0 215.0 bridge 1
3130.0 288.0 3150.0 289.0 3150.0 313.0 3130.0 313.0 bridge 0
3234.0 880.0 3265.0 868.0 3273.0 886.0 3241.0 898.0 bridge 0
3061.0 1293.0 3081.0 1288.0 3085.0 1305.0 3065.0 1310.0 bridge 0
2526.0 1443.0 2538.0 1439.0 2548.0 1463.0 2535.0 1469.0 bridge 0
2226.0 1486.0 2244.0 1478.0 2247.0 1488.0 2231.0 1496.0 bridge 0
2290.0 1644.0 2316.0 1634.0 2319.0 1644.0 2293.0 1653.0 bridge 0
2383.0 1470.0 2432.0 1499.0 2426.0 1510.0 2375.0 1481.0 bridge 0
2447.0 2895.0 2484.0 2905.0 2480.0 2924.0 2443.0 2915.0 bridge 0
2616.0 3110.0 2650.0 3121.0 2630.0 3175.0 2600.0 3163.0 bridge 0
2408.0 3354.0 2422.0 3347.0 2433.0 3368.0 2419.0 3375.0 bridge 0
2474.0 3323.0 2477.0 3320.0 2489.0 3338.0 2485.0 3340.0 bridge 0
2308.0 3520.0 2322.0 3513.0 2327.0 3526.0 2313.0 3532.0 bridge 0
2362.0 3656.0 2373.0 3648.0 2376.0 3652.0 2364.0 3659.0 bridge 1
3619.0 1244.0 3629.0 1243.0 3632.0 1273.0 3623.0 1274.0 bridge 0
3363.0 1452.0 3397.0 1448.0 3400.0 1472.0 3365.0 1476.0 bridge 0
3823.0 1516.0 3840.0 1513.0 3844.0 1534.0 3827.0 1536.0 bridge 0
3626.0 1575.0 3633.0 1573.0 3638.0 1590.0 3632.0 1592.0 bridge 0
3365.0 2801.0 3384.0 2802.0 3384.0 2808.0 3365.0 2806.0 bridge 0
3084.0 2676.0 3092.0 2678.0 3086.0 2700.0 3078.0 2699.0 bridge 0
3185.0 3620.0 3193.0 3623.0 3187.0 3638.0 3179.0 3635.0 bridge 0
991.0 2218.0 1003.0 2228.0 988.0 2248.0 976.0 2240.0 bridge 0
358.0 3352.0 381.0 3359.0 379.0 3365.0 355.0 3357.0 bridge 0
