imagesource:GF
gsd:1
3781.0 710.0 3792.0 707.0 3806.0 753.0 3794.0 755.0 bridge 0
2202.0 2410.0 2277.0 2421.0 2276.0 2432.0 2199.0 2422.0 bridge 0
3367.0 2722.0 3378.0 2722.0 3377.0 2739.0 3367.0 2739.0 bridge 0
3636.0 3800.0 3655.0 3797.0 3656.0 3805.0 3637.0 3808.0 bridge 0
3602.0 3597.0 3623.0 3595.0 3624.0 3604.0 3603.0 3605.0 bridge 0
2246.0 3927.0 2291.0 3927.0 2293.0 3998.0 2247.0 4000.0 bridge 0
1088.0 1756.0 1079.0 1746.0 1129.0 1715.0 1137.0 1726.0 ship 0
2499.0 1778.0 2498.0 1788.0 2444.0 1779.0 2444.0 1768.0 ship 0
1942.0 1548.0 1979.0 1588.0 1783.0 1762.0 1745.0 1721.0 bridge 0
2272.0 1640.0 2336.0 1646.0 2318.0 1816.0 2252.0 1811.0 bridge 0
2851.0 1807.0 2850.0 1794.0 2912.0 1796.0 2912.0 1809.0 ship 0
2672.0 1714.0 2698.0 1721.0 2642.0 1869.0 2617.0 1861.0 bridge 0
1269.0 2152.0 1291.0 2127.0 1298.0 2134.0 1275.0 2158.0 bridge 0
282.0 2189.0 273.0 2178.0 320.0 2143.0 329.0 2155.0 ship 0
269.0 1823.0 279.0 1817.0 286.0 1831.0 276.0 1836.0 bridge 0
845.0 2906.0 867.0 2899.0 870.0 2907.0 849.0 2913.0 bridge 0
771.0 2723.0 790.0 2715.0 793.0 2725.0 775.0 2732.0 bridge 0
928.0 2551.0 938.0 2551.0 938.0 2570.0 927.0 2569.0 bridge 0
688.0 2528.0 705.0 2519.0 709.0 2526.0 691.0 2534.0 bridge 0
383.0 1850.0 411.0 1835.0 416.0 1847.0 388.0 1861.0 bridge 0
593.0 1430.0 599.0 1425.0 606.0 1436.0 600.0 1439.0 bridge 1
646.0 842.0 654.0 840.0 657.0 860.0 649.0 861.0 bridge 0
258.0 1351.0 296.0 1344.0 298.0 1357.0 259.0 1363.0 bridge 0
934.0 793.0 941.0 792.0 945.0 808.0 937.0 810.0 bridge 0
940.0 786.0 960.0 781.0 961.0 788.0 941.0 793.0 bridge 0
3017.0 2413.0 3035.0 2408.0 3037.0 2418.0 3018.0 2422.0 bridge 0
3094.0 2704.0 3114.0 2702.0 3114.0 2711.0 3095.0 2712.0 bridge 0
3109.0 2740.0 3126.0 2738.0 3126.0 2745.0 3110.0 2746.0 bridge 0
2841.0 1660.0 2861.0 1664.0 2860.0 1674.0 2840.0 1670.0 bridge 0
2476.0 1185.0 2491.0 1178.0 2492.0 1224.0 2482.0 1231.0 bridge 0
2350.0 393.0 2366.0 399.0 2373.0 440.0 2356.0 433.0 bridge 0
1300.0 2212.0 1315.0 2193.0 1338.0 2236.0 1320.0 2260.0 bridge 0
793.0 2776.0 802.0 2763.0 821.0 2809.0 813.0 2821.0 bridge 0
1369.0 719.0 1377.0 718.0 1379.0 734.0 1372.0 734.0 bridge 0
3164.0 2938.0 3180.0 2936.0 3181.0 2946.0 3165.0 2947.0 bridge 0
3893.0 1233.0 3911.0 1232.0 3911.0 1242.0 3894.0 1241.0 bridge 0
3867.0 2620.0 3887.0 2616.0 3888.0 2627.0 3869.0 2629.0 bridge 0
1399.0 2388.0 1408.0 2389.0 1406.0 2406.0 1398.0 2406.0 bridge 0
2943.0 1385.0 2956.0 1389.0 2954.0 1396.0 2939.0 1392.0 bridge 1
1874.0 1530.0 1906.0 1525.0 1907.0 1534.0 1876.0 1538.0 bridge 0
2717.0 3842.0 2733.0 3839.0 2735.0 3847.0 2718.0 3850.0 bridge 0
2112.0 2090.0 2122.0 2091.0 2120.0 2104.0 2112.0 2104.0 bridge 1
1949.0 3666.0 1967.0 3656.0 1971.0 3665.0 1953.0 3672.0 bridge 0
1126.0 3563.0 1139.0 3552.0 1149.0 3565.0 1137.0 3575.0 bridge 0
2882.0 1947.0 2900.0 1942.0 2903.0 1952.0 2886.0 1956.0 bridge 0
2739.0 2712.0 2750.0 2712.0 2749.0 2726.0 2740.0 2726.0 bridge 1
2311.0 2317.0 2328.0 2319.0 2327.0 2328.0 2310.0 2326.0 bridge 0
2425.0 1613.0 2471.0 1591.0 2475.0 1601.0 2430.0 1622.0 bridge 0
2348.0 484.0 2358.0 483.0 2359.0 496.0 2351.0 498.0 bridge 1
2326.0 267.0 2345.0 263.0 2348.0 276.0 2328.0 279.0 bridge 0
2828.0 411.0 2839.0 409.0 2840.0 426.0 2830.0 426.0 bridge 0
903.0 590.0 924.0 586.0 925.0 596.0 904.0 599.0 bridge 0
