imagesource:GF
gsd:1
1641.0 3404.0 1652.0 3400.0 1660.0 3423.0 1647.0 3425.0 bridge 0
2071.0 940.0 2062.0 926.0 2111.0 886.0 2121.0 899.0 ship 0
1477.0 1428.0 1482.0 1437.0 1441.0 1464.0 1435.0 1456.0 ship 0
1504.0 2090.0 1546.0 2067.0 1554.0 2086.0 1511.0 2108.0 bridge 0
1219.0 3504.0 1228.0 3502.0 1232.0 3518.0 1222.0 3520.0 bridge 0
464.0 2428.0 482.0 2420.0 485.0 2428.0 466.0 2435.0 bridge 0
974.0 1187.0 996.0 1171.0 1001.0 1179.0 979.0 1195.0 bridge 0
687.0 76.0 694.0 68.0 704.0 77.0 696.0 84.0 bridge 1
1895.0 148.0 1915.0 141.0 1917.0 152.0 1897.0 157.0 bridge 0
2041.0 410.0 2059.0 397.0 2067.0 407.0 2050.0 420.0 bridge 0
2295.0 985.0 2303.0 992.0 2279.0 1015.0 2273.0 1007.0 ship 0
2569.0 713.0 2582.0 730.0 2490.0 805.0 2476.0 789.0 ship 0
2429.0 746.0 2440.0 755.0 2402.0 796.0 2391.0 787.0 ship 0
2066.0 1014.0 2058.0 1005.0 2090.0 976.0 2098.0 986.0 ship 0
2064.0 929.0 2053.0 916.0 2103.0 874.0 2111.0 887.0 ship 0
1469.0 1410.0 1473.0 1422.0 1427.0 1448.0 1422.0 1439.0 ship 0
2716.0 361.0 2730.0 366.0 2706.0 423.0 2692.0 416.0 ship 0
2225.0 3847.0 2229.0 3837.0 2251.0 3850.0 2245.0 3857.0 bridge 0
1498.0 3916.0 1505.0 3910.0 1514.0 3924.0 1507.0 3929.0 bridge 0
1176.0 1191.0 1184.0 1199.0 1152.0 1229.0 1144.0 1220.0 ship 0
1144.0 1224.0 1153.0 1232.0 1119.0 1261.0 1112.0 1253.0 ship 0
1102.0 1309.0 1114.0 1299.0 1157.0 1348.0 1145.0 1358.0 ship 0
1149.0 1343.0 1159.0 1336.0 1184.0 1367.0 1176.0 1373.0 ship 0
1177.0 1375.0 1186.0 1369.0 1213.0 1401.0 1205.0 1409.0 ship 0
1100.0 1247.0 1111.0 1250.0 1091.0 1292.0 1082.0 1288.0 ship 0
1107.0 1252.0 1116.0 1254.0 1099.0 1295.0 1090.0 1293.0 ship 0
4055.0 2509.0 4072.0 2496.0 4081.0 2510.0 4066.0 2522.0 bridge 0
4447.0 49.0 4460.0 44.0 4466.0 58.0 4453.0 63.0 bridge 0
1473.0 1417.0 1480.0 1427.0 1437.0 1454.0 1432.0 1447.0 ship 0
1457.0 1401.0 1464.0 1416.0 1417.0 1445.0 1410.0 1431.0 ship 0
328.0 391.0 340.0 383.0 354.0 398.0 344.0 408.0 bridge 0
471.0 265.0 479.0 259.0 489.0 272.0 482.0 278.0 bridge 0
26.0 3031.0 30.0 3048.0 3.0 3059.0 1.0 3042.0 ship 1
263.0 3081.0 270.0 3094.0 215.0 3121.0 209.0 3109.0 ship 0
393.0 3050.0 401.0 3062.0 345.0 3094.0 337.0 3081.0 ship 0
325.0 3008.0 332.0 3019.0 286.0 3051.0 279.0 3042.0 ship 0
499.0 2969.0 504.0 2981.0 453.0 3009.0 446.0 2997.0 ship 0
684.0 2767.0 698.0 2774.0 659.0 2828.0 646.0 2819.0 ship 0
628.0 2895.0 639.0 2906.0 600.0 2939.0 592.0 2929.0 ship 0
703.0 2845.0 715.0 2853.0 681.0 2899.0 670.0 2891.0 ship 0
787.0 2766.0 799.0 2773.0 768.0 2820.0 757.0 2815.0 ship 0
569.0 2629.0 577.0 2637.0 558.0 2656.0 550.0 2649.0 bridge 0
1009.0 2416.0 1023.0 2424.0 993.0 2469.0 980.0 2462.0 ship 0
498.0 246.0 536.0 213.0 545.0 227.0 508.0 258.0 bridge 0
258.0 428.0 257.0 435.0 236.0 431.0 236.0 425.0 ship 1
1404.0 1349.0 1438.0 1312.0 1795.0 1652.0 1760.0 1687.0 bridge 0
38.0 1401.0 52.0 1395.0 55.0 1405.0 41.0 1410.0 bridge 0
153.0 1683.0 169.0 1677.0 171.0 1686.0 155.0 1691.0 bridge 0
352.0 2149.0 369.0 2145.0 371.0 2154.0 353.0 2157.0 bridge 0
1166.0 2205.0 1178.0 2212.0 1151.0 2254.0 1139.0 2247.0 ship 0
1403.0 1939.0 1414.0 1946.0 1388.0 1994.0 1376.0 1987.0 ship 0
1338.0 1979.0 1355.0 1987.0 1326.0 2051.0 1308.0 2044.0 ship 0
1240.0 2078.0 1251.0 2085.0 1224.0 2129.0 1212.0 2121.0 ship 0
1321.0 1788.0 1310.0 1780.0 1336.0 1744.0 1347.0 1754.0 ship 0
1233.0 1747.0 1221.0 1738.0 1263.0 1684.0 1275.0 1696.0 ship 0
1197.0 1910.0 1182.0 1905.0 1208.0 1848.0 1221.0 1855.0 ship 0
1184.0 1906.0 1170.0 1899.0 1195.0 1845.0 1209.0 1852.0 ship 0
1834.0 1372.0 1848.0 1386.0 1803.0 1433.0 1791.0 1422.0 ship 0
4171.0 142.0 4179.0 139.0 4183.0 153.0 4176.0 155.0 bridge 1
4860.0 18.0 4877.0 11.0 4878.0 17.0 4863.0 23.0 bridge 0
3339.0 430.0 3347.0 427.0 3353.0 439.0 3346.0 443.0 bridge 1
4615.0 520.0 4626.0 518.0 4632.0 532.0 4620.0 535.0 bridge 0
2517.0 2774.0 2526.0 2773.0 2527.0 2785.0 2519.0 2785.0 bridge 1
2313.0 2808.0 2322.0 2807.0 2324.0 2820.0 2315.0 2820.0 bridge 1
2077.0 2850.0 2083.0 2848.0 2086.0 2862.0 2079.0 2863.0 bridge 1
1714.0 2912.0 1722.0 2910.0 1724.0 2927.0 1717.0 2927.0 bridge 0
3517.0 3527.0 3534.0 3522.0 3539.0 3533.0 3520.0 3539.0 bridge 0
3143.0 2664.0 3163.0 2660.0 3165.0 2670.0 3146.0 2673.0 bridge 0
2905.0 2709.0 2912.0 2706.0 2913.0 2718.0 2906.0 2718.0 bridge 1
3521.0 2600.0 3542.0 2597.0 3543.0 2608.0 3523.0 2612.0 bridge 0
4418.0 2442.0 4429.0 2431.0 4444.0 2446.0 4431.0 2457.0 bridge 0
4407.0 2446.0 4415.0 2439.0 4427.0 2452.0 4418.0 2458.0 bridge 0
4473.0 2432.0 4480.0 2431.0 4483.0 2444.0 4475.0 2446.0 bridge 1
5069.0 2665.0 5125.0 2629.0 5146.0 2659.0 5087.0 2696.0 bridge 0
4946.0 1023.0 4957.0 1019.0 4962.0 1035.0 4951.0 1038.0 bridge 0
3740.0 1008.0 3766.0 985.0 3774.0 994.0 3746.0 1017.0 bridge 0
4887.0 1766.0 4897.0 1764.0 4900.0 1776.0 4892.0 1779.0 bridge 1
4508.0 3292.0 4526.0 3285.0 4532.0 3305.0 4513.0 3311.0 bridge 0
4779.0 3199.0 4795.0 3190.0 4804.0 3206.0 4786.0 3213.0 bridge 0
4963.0 3136.0 4984.0 3122.0 4996.0 3140.0 4973.0 3153.0 bridge 0
5077.0 3097.0 5092.0 3088.0 5103.0 3106.0 5087.0 3114.0 bridge 0
4566.0 3638.0 4583.0 3634.0 4587.0 3656.0 4571.0 3660.0 bridge 0
4629.0 3903.0 4643.0 3899.0 4650.0 3924.0 4636.0 3927.0 bridge 0
4999.0 454.0 5014.0 449.0 5016.0 457.0 4999.0 462.0 bridge 0
4969.0 412.0 4975.0 409.0 4979.0 422.0 4974.0 423.0 bridge 1
1993.0 1908.0 2044.0 1900.0 2057.0 1909.0 2001.0 1920.0 bridge 0
2733.0 2740.0 2781.0 2732.0 2789.0 2739.0 2738.0 2748.0 bridge 0
5154.0 1690.0 5163.0 1688.0 5167.0 1700.0 5159.0 1701.0 bridge 1
2840.0 138.0 2834.0 133.0 2871.0 90.0 2878.0 94.0 ship 0
2833.0 134.0 2824.0 127.0 2861.0 79.0 2871.0 87.0 ship 0
2805.0 150.0 2788.0 134.0 2872.0 29.0 2891.0 45.0 ship 0
2619.0 880.0 2623.0 886.0 2594.0 910.0 2589.0 904.0 ship 0
3825.0 919.0 3851.0 883.0 3859.0 888.0 3832.0 924.0 bridge 0
3604.0 873.0 3612.0 865.0 3644.0 901.0 3634.0 908.0 ship 0
3559.0 824.0 3567.0 813.0 3610.0 855.0 3598.0 865.0 ship 0
3499.0 759.0 3506.0 749.0 3542.0 786.0 3534.0 793.0 ship 0
3506.0 750.0 3515.0 742.0 3553.0 778.0 3544.0 788.0 ship 0
3480.0 702.0 3488.0 696.0 3523.0 734.0 3514.0 741.0 ship 0
3471.0 711.0 3481.0 702.0 3514.0 740.0 3507.0 748.0 ship 0
3462.0 716.0 3472.0 709.0 3504.0 747.0 3494.0 753.0 ship 0
3315.0 573.0 3320.0 563.0 3363.0 592.0 3355.0 602.0 ship 0
3307.0 580.0 3313.0 570.0 3358.0 601.0 3351.0 611.0 ship 0
3304.0 592.0 3311.0 581.0 3351.0 608.0 3343.0 619.0 ship 0
3419.0 622.0 3427.0 613.0 3470.0 651.0 3461.0 659.0 ship 0
3405.0 627.0 3415.0 617.0 3462.0 660.0 3452.0 670.0 ship 0
3404.0 638.0 3411.0 632.0 3448.0 665.0 3441.0 672.0 ship 0
3392.0 647.0 3400.0 637.0 3444.0 673.0 3433.0 684.0 ship 0
3381.0 624.0 3377.0 630.0 3355.0 619.0 3360.0 612.0 ship 0
3379.0 630.0 3374.0 637.0 3352.0 623.0 3358.0 617.0 ship 0
3162.0 3613.0 3213.0 3599.0 3217.0 3611.0 3166.0 3623.0 bridge 0
3033.0 3652.0 3047.0 3634.0 3057.0 3642.0 3041.0 3658.0 bridge 0
2934.0 3663.0 2941.0 3661.0 2945.0 3677.0 2938.0 3678.0 bridge 0
2885.0 1748.0 2895.0 1746.0 2896.0 1759.0 2887.0 1761.0 bridge 1
3258.0 1682.0 3265.0 1679.0 3266.0 1692.0 3260.0 1692.0 bridge 1
2536.0 343.0 2551.0 328.0 2881.0 690.0 2864.0 705.0 bridge 0
2515.0 372.0 2530.0 357.0 2857.0 711.0 2842.0 726.0 bridge 0
2621.0 866.0 2626.0 872.0 2599.0 896.0 2592.0 890.0 ship 0
841.0 3789.0 865.0 3783.0 867.0 3792.0 843.0 3797.0 bridge 0
