imagesource:GF
gsd:1
1781.0 2308.0 1823.0 2285.0 1823.0 2303.0 1780.0 2330.0 bridge 0
1329.0 3967.0 1360.0 3961.0 1364.0 3983.0 1332.0 3990.0 bridge 0
1786.0 3006.0 1801.0 3011.0 1788.0 3049.0 1774.0 3045.0 bridge 0
1820.0 2997.0 1863.0 2985.0 1867.0 3014.0 1824.0 3026.0 bridge 0
1877.0 2980.0 1888.0 2975.0 1899.0 3000.0 1886.0 3004.0 bridge 0
1905.0 2969.0 1933.0 2961.0 1940.0 2987.0 1911.0 2995.0 bridge 0
1562.0 3089.0 1566.0 3081.0 1604.0 3099.0 1600.0 3106.0 bridge 0
1589.0 3074.0 1596.0 3078.0 1577.0 3119.0 1571.0 3116.0 bridge 0
1020.0 3903.0 1040.0 3900.0 1040.0 3908.0 1021.0 3910.0 bridge 0
2077.0 2085.0 2085.0 2080.0 2100.0 2102.0 2093.0 2107.0 bridge 0
1997.0 3383.0 2009.0 3380.0 2015.0 3410.0 2003.0 3412.0 bridge 0
2225.0 3414.0 2231.0 3405.0 2248.0 3415.0 2241.0 3424.0 bridge 0
2127.0 3534.0 2139.0 3531.0 2144.0 3549.0 2133.0 3552.0 bridge 0
2040.0 3612.0 2050.0 3606.0 2058.0 3618.0 2047.0 3624.0 bridge 1
2317.0 2826.0 2333.0 2822.0 2339.0 2848.0 2323.0 2850.0 bridge 0
2277.0 1949.0 2288.0 1943.0 2301.0 1965.0 2290.0 1971.0 bridge 0
1719.0 2344.0 1739.0 2335.0 1747.0 2358.0 1726.0 2365.0 bridge 0
1485.0 2466.0 1495.0 2462.0 1503.0 2480.0 1492.0 2483.0 bridge 0
1048.0 1231.0 1068.0 1229.0 1069.0 1254.0 1050.0 1254.0 bridge 0
1025.0 1038.0 1040.0 1016.0 1046.0 1019.0 1030.0 1042.0 bridge 0
789.0 3935.0 805.0 3933.0 805.0 3942.0 790.0 3942.0 bridge 0
1126.0 3241.0 1134.0 3239.0 1142.0 3266.0 1134.0 3266.0 bridge 0
1089.0 3252.0 1117.0 3244.0 1124.0 3266.0 1097.0 3275.0 bridge 0
920.0 3310.0 929.0 3309.0 932.0 3336.0 922.0 3337.0 bridge 0
866.0 3704.0 882.0 3697.0 886.0 3706.0 870.0 3712.0 bridge 0
770.0 3729.0 786.0 3723.0 789.0 3735.0 772.0 3739.0 bridge 0
413.0 3481.0 439.0 3474.0 446.0 3500.0 421.0 3507.0 bridge 0
683.0 2519.0 695.0 2516.0 700.0 2541.0 688.0 2544.0 bridge 0
224.0 2481.0 231.0 2473.0 258.0 2496.0 250.0 2504.0 bridge 0
362.0 2518.0 395.0 2517.0 395.0 2531.0 362.0 2531.0 bridge 0
333.0 1471.0 340.0 1469.0 345.0 1493.0 338.0 1493.0 bridge 0
515.0 1471.0 527.0 1471.0 528.0 1487.0 517.0 1487.0 bridge 0
640.0 1084.0 647.0 1083.0 653.0 1106.0 646.0 1107.0 bridge 0
2306.0 1965.0 2338.0 1948.0 2344.0 1960.0 2311.0 1977.0 bridge 0
1925.0 2212.0 1930.0 2208.0 1939.0 2221.0 1933.0 2224.0 bridge 0
1902.0 634.0 1946.0 626.0 1944.0 641.0 1900.0 651.0 bridge 0
3716.0 988.0 3741.0 987.0 3741.0 1007.0 3717.0 1007.0 bridge 0
3890.0 3368.0 3900.0 3364.0 3906.0 3383.0 3896.0 3385.0 bridge 0
3588.0 2059.0 3622.0 2056.0 3631.0 2112.0 3597.0 2116.0 bridge 0
3817.0 1869.0 3827.0 1866.0 3834.0 1892.0 3824.0 1894.0 bridge 0
3601.0 1488.0 3621.0 1487.0 3623.0 1509.0 3604.0 1510.0 bridge 0
3464.0 1589.0 3489.0 1587.0 3489.0 1603.0 3466.0 1604.0 bridge 0
3868.0 1459.0 3898.0 1456.0 3901.0 1478.0 3872.0 1480.0 bridge 0
3371.0 656.0 3388.0 656.0 3389.0 681.0 3373.0 682.0 bridge 0
2206.0 3798.0 2220.0 3794.0 2226.0 3812.0 2213.0 3816.0 bridge 0
2948.0 828.0 2955.0 825.0 2971.0 846.0 2965.0 850.0 bridge 0
1777.0 649.0 1781.0 644.0 1798.0 660.0 1793.0 664.0 bridge 0
1789.0 1229.0 1792.0 1223.0 1808.0 1233.0 1804.0 1238.0 bridge 0
1460.0 739.0 1475.0 744.0 1462.0 776.0 1448.0 772.0 bridge 0
1286.0 1056.0 1305.0 1050.0 1312.0 1074.0 1293.0 1079.0 bridge 0
558.0 1279.0 581.0 1278.0 578.0 1302.0 552.0 1304.0 bridge 0
2496.0 1848.0 2500.0 1852.0 2480.0 1879.0 2476.0 1874.0 bridge 0
2583.0 1888.0 2593.0 1892.0 2582.0 1917.0 2573.0 1912.0 bridge 0
2680.0 2271.0 2708.0 2262.0 2725.0 2317.0 2698.0 2325.0 bridge 0
2707.0 2612.0 2714.0 2607.0 2729.0 2628.0 2721.0 2632.0 bridge 0
2892.0 2478.0 2900.0 2478.0 2896.0 2511.0 2888.0 2510.0 bridge 0
3122.0 3032.0 3127.0 3026.0 3142.0 3034.0 3137.0 3041.0 bridge 0
3317.0 2766.0 3343.0 2748.0 3348.0 2753.0 3321.0 2773.0 bridge 0
3428.0 2634.0 3441.0 2625.0 3456.0 2642.0 3443.0 2653.0 bridge 0
3172.0 2565.0 3188.0 2549.0 3203.0 2563.0 3187.0 2578.0 bridge 0
3279.0 3962.0 3302.0 3954.0 3305.0 3963.0 3284.0 3970.0 bridge 0
3198.0 3564.0 3220.0 3559.0 3223.0 3574.0 3201.0 3579.0 bridge 0
2855.0 3329.0 2859.0 3326.0 2871.0 3339.0 2866.0 3342.0 bridge 0
2786.0 3373.0 2795.0 3370.0 2800.0 3389.0 2792.0 3391.0 bridge 0
2636.0 3594.0 2649.0 3588.0 2657.0 3605.0 2644.0 3609.0 bridge 0
2467.0 3688.0 2476.0 3684.0 2485.0 3701.0 2476.0 3705.0 bridge 0
2354.0 3745.0 2365.0 3739.0 2373.0 3758.0 2364.0 3763.0 bridge 0
2117.0 3842.0 2124.0 3839.0 2131.0 3854.0 2124.0 3856.0 bridge 0
746.0 720.0 768.0 722.0 765.0 743.0 745.0 741.0 bridge 0
