imagesource:GF
gsd:1
1928.0 1095.0 1940.0 1069.0 2013.0 1066.0 2000.0 1093.0 bridge 0
1148.0 1072.0 1182.0 1081.0 1169.0 1128.0 1133.0 1119.0 bridge 0
2005.0 1021.0 2046.0 1017.0 2047.0 1027.0 2006.0 1031.0 bridge 0
1897.0 1119.0 1906.0 1113.0 1924.0 1136.0 1916.0 1142.0 bridge 0
2327.0 1266.0 2364.0 1251.0 2378.0 1278.0 2340.0 1292.0 bridge 0
2151.0 1425.0 2167.0 1407.0 2190.0 1431.0 2172.0 1447.0 bridge 0
2114.0 1633.0 2145.0 1625.0 2153.0 1659.0 2124.0 1666.0 bridge 0
1249.0 1309.0 1316.0 1330.0 1302.0 1375.0 1235.0 1353.0 bridge 0
1172.0 1316.0 1225.0 1331.0 1212.0 1372.0 1158.0 1357.0 bridge 0
1056.0 1559.0 1080.0 1566.0 1077.0 1579.0 1051.0 1571.0 bridge 0
193.0 3016.0 200.0 3016.0 200.0 3030.0 193.0 3030.0 bridge 1
923.0 1951.0 944.0 1959.0 939.0 1974.0 917.0 1965.0 bridge 0
619.0 1331.0 635.0 1334.0 624.0 1368.0 609.0 1363.0 bridge 0
601.0 1064.0 609.0 1051.0 626.0 1062.0 619.0 1076.0 bridge 0
486.0 1245.0 508.0 1251.0 505.0 1264.0 483.0 1259.0 bridge 0
311.0 1464.0 335.0 1465.0 335.0 1476.0 310.0 1474.0 bridge 0
151.0 1335.0 166.0 1332.0 170.0 1367.0 153.0 1368.0 bridge 0
193.0 1938.0 214.0 1926.0 221.0 1940.0 199.0 1952.0 bridge 0
2111.0 900.0 2119.0 895.0 2138.0 923.0 2129.0 928.0 bridge 0
2824.0 1272.0 2849.0 1257.0 2854.0 1266.0 2828.0 1280.0 bridge 0
2752.0 2065.0 2780.0 2065.0 2780.0 2125.0 2752.0 2125.0 bridge 0
3108.0 3286.0 3148.0 3286.0 3148.0 3324.0 3108.0 3324.0 bridge 0
1641.0 164.0 1758.0 164.0 1758.0 187.0 1641.0 187.0 bridge 0
1588.0 86.0 1637.0 87.0 1635.0 114.0 1587.0 112.0 bridge 0
1621.0 112.0 1654.0 112.0 1654.0 143.0 1622.0 143.0 bridge 0
1797.0 91.0 1860.0 97.0 1857.0 123.0 1794.0 117.0 bridge 0
1756.0 120.0 1808.0 122.0 1806.0 147.0 1754.0 146.0 bridge 0
3198.0 30.0 3226.0 28.0 3227.0 54.0 3200.0 57.0 bridge 0
3199.0 56.0 3228.0 55.0 3229.0 82.0 3202.0 83.0 bridge 0
1536.0 1325.0 1552.0 1324.0 1554.0 1358.0 1540.0 1359.0 bridge 0
1781.0 1210.0 1812.0 1206.0 1817.0 1259.0 1786.0 1262.0 bridge 0
1748.0 1171.0 1773.0 1171.0 1774.0 1186.0 1749.0 1186.0 bridge 0
2192.0 866.0 2201.0 866.0 2201.0 899.0 2192.0 899.0 bridge 0
2380.0 871.0 2403.0 871.0 2403.0 894.0 2380.0 894.0 bridge 0
2467.0 3536.0 2507.0 3538.0 2505.0 3570.0 2466.0 3568.0 bridge 0
2933.0 3493.0 2968.0 3487.0 2974.0 3523.0 2939.0 3530.0 bridge 0
2770.0 3336.0 2790.0 3334.0 2792.0 3367.0 2773.0 3369.0 bridge 0
251.0 3273.0 262.0 3269.0 264.0 3276.0 252.0 3279.0 bridge 1
388.0 2656.0 398.0 2656.0 398.0 2676.0 388.0 2676.0 bridge 0
1939.0 1071.0 1959.0 1046.0 2044.0 1041.0 2024.0 1066.0 bridge 0
3808.0 1318.0 3825.0 1312.0 3833.0 1334.0 3815.0 1340.0 bridge 0
2155.0 1992.0 2171.0 1992.0 2171.0 2005.0 2155.0 2005.0 bridge 0
2148.0 1918.0 2168.0 1918.0 2168.0 1927.0 2148.0 1927.0 bridge 0
1772.0 1799.0 1782.0 1793.0 1790.0 1808.0 1779.0 1813.0 bridge 0
3918.0 1553.0 3945.0 1566.0 3926.0 1611.0 3899.0 1600.0 bridge 0
3947.0 1560.0 3978.0 1573.0 3963.0 1607.0 3933.0 1595.0 bridge 0
3324.0 1493.0 3350.0 1472.0 3397.0 1524.0 3371.0 1547.0 bridge 0
3547.0 1290.0 3586.0 1298.0 3581.0 1329.0 3544.0 1321.0 bridge 0
3119.0 1558.0 3130.0 1551.0 3145.0 1578.0 3132.0 1585.0 bridge 0
28.0 1664.0 49.0 1648.0 62.0 1668.0 39.0 1683.0 bridge 0
2845.0 2377.0 2866.0 2371.0 2869.0 2383.0 2849.0 2389.0 bridge 0
2448.0 1032.0 2431.0 1010.0 2495.0 1003.0 2509.0 1027.0 bridge 0
2466.0 1058.0 2452.0 1036.0 2509.0 1029.0 2523.0 1054.0 bridge 0
88.0 1518.0 119.0 1518.0 119.0 1545.0 88.0 1545.0 storage-tank 0
3099.0 3126.0 3153.0 3144.0 3104.0 3281.0 3054.0 3260.0 ground-track-field 0
1577.0 3405.0 1590.0 3402.0 1593.0 3421.0 1582.0 3423.0 bridge 0
1471.0 3520.0 1473.0 3529.0 1507.0 3537.0 1504.0 3525.0 bridge 0
2144.0 1821.0 2157.0 1821.0 2157.0 1828.0 2144.0 1828.0 bridge 1
1441.0 2588.0 1459.0 2586.0 1461.0 2600.0 1444.0 2602.0 bridge 0
3146.0 846.0 3155.0 846.0 3158.0 868.0 3148.0 868.0 bridge 0
3526.0 2747.0 3532.0 2746.0 3542.0 2780.0 3535.0 2781.0 bridge 0
820.0 2589.0 883.0 2601.0 874.0 2644.0 813.0 2632.0 bridge 0
933.0 3816.0 953.0 3806.0 960.0 3821.0 939.0 3829.0 bridge 0
1006.0 2604.0 1014.0 2609.0 1002.0 2627.0 996.0 2624.0 bridge 0
826.0 3982.0 898.0 3964.0 909.0 3997.0 832.0 4000.0 bridge 0
1149.0 3907.0 1164.0 3903.0 1171.0 3930.0 1156.0 3932.0 bridge 0
1372.0 3886.0 1379.0 3887.0 1380.0 3910.0 1373.0 3910.0 bridge 0
1551.0 3889.0 1585.0 3883.0 1591.0 3916.0 1557.0 3919.0 bridge 0
1630.0 3623.0 1653.0 3618.0 1658.0 3636.0 1636.0 3641.0 bridge 0
1738.0 3877.0 1754.0 3866.0 1758.0 3871.0 1741.0 3883.0 bridge 0
3307.0 3720.0 3340.0 3711.0 3346.0 3736.0 3314.0 3743.0 bridge 0
3120.0 3532.0 3133.0 3518.0 3137.0 3523.0 3124.0 3536.0 bridge 0
3401.0 3867.0 3425.0 3859.0 3430.0 3875.0 3405.0 3881.0 bridge 0
3910.0 2582.0 3957.0 2582.0 3957.0 2625.0 3910.0 2625.0 bridge 0
3515.0 2900.0 3549.0 2900.0 3549.0 2935.0 3515.0 2935.0 bridge 0
3785.0 3244.0 3812.0 3244.0 3812.0 3282.0 3785.0 3282.0 bridge 0
1310.0 172.0 1379.0 172.0 1379.0 200.0 1310.0 200.0 bridge 0
