imagesource:GoogleEarth
gsd:1.05328333502
1681.0 112.0 1674.0 95.0 1692.0 88.0 1698.0 105.0 plane 0
1674.0 594.0 1635.0 583.0 1646.0 543.0 1684.0 554.0 plane 0
997.0 932.0 1063.0 943.0 1046.0 1016.0 983.0 1007.0 plane 0
1332.0 1006.0 1388.0 1014.0 1375.0 1076.0 1320.0 1068.0 plane 0
1529.0 886.0 1569.0 855.0 1605.0 902.0 1562.0 935.0 plane 0
1599.0 811.0 1644.0 805.0 1657.0 864.0 1608.0 873.0 plane 0
1664.0 820.0 1690.0 808.0 1705.0 840.0 1677.0 854.0 plane 0
1710.0 755.0 1735.0 720.0 1775.0 754.0 1747.0 785.0 plane 0
1700.0 791.0 1722.0 776.0 1738.0 802.0 1716.0 817.0 plane 0
1710.0 689.0 1743.0 643.0 1799.0 680.0 1764.0 725.0 plane 0
1739.0 660.0 1715.0 612.0 1774.0 589.0 1794.0 635.0 plane 0
1704.0 605.0 1669.0 559.0 1729.0 525.0 1757.0 572.0 plane 0
1695.0 224.0 1676.0 169.0 1745.0 147.0 1764.0 202.0 plane 0
1718.0 291.0 1700.0 241.0 1753.0 223.0 1769.0 278.0 plane 0
1738.0 334.0 1727.0 307.0 1767.0 297.0 1773.0 324.0 plane 0
1951.0 1094.0 1983.0 1127.0 1946.0 1168.0 1907.0 1134.0 plane 0
1837.0 991.0 1823.0 1014.0 1793.0 994.0 1805.0 971.0 plane 0
1833.0 889.0 1863.0 828.0 1920.0 857.0 1891.0 912.0 plane 0
1865.0 817.0 1878.0 770.0 1937.0 787.0 1924.0 835.0 plane 0
1330.0 1719.0 1341.0 1779.0 1273.0 1788.0 1268.0 1721.0 plane 0
