imagesource:GoogleEarth
gsd:0.135430411235
4802.0 5511.0 4752.0 5805.0 4337.0 5732.0 4387.0 5437.0 plane 0
3078.0 2535.0 3069.0 2617.0 2996.0 2609.0 3004.0 2527.0 plane 0
3059.0 3048.0 3055.0 3132.0 2983.0 3128.0 2984.0 3045.0 plane 0
3005.0 2996.0 3003.0 3081.0 2928.0 3076.0 2932.0 2992.0 plane 0
3061.0 2944.0 3059.0 3028.0 2985.0 3023.0 2986.0 2943.0 plane 0
3006.0 2894.0 3002.0 2976.0 2930.0 2975.0 2934.0 2892.0 plane 0
3010.0 2793.0 3004.0 2874.0 2933.0 2872.0 2934.0 2789.0 plane 0
3070.0 2743.0 3065.0 2826.0 2993.0 2824.0 2994.0 2743.0 plane 0
3013.0 2692.0 3010.0 2776.0 2937.0 2772.0 2940.0 2687.0 plane 0
3074.0 2644.0 3070.0 2726.0 2999.0 2725.0 3001.0 2642.0 plane 0
3021.0 2586.0 3014.0 2669.0 2937.0 2664.0 2943.0 2579.0 plane 0
3260.0 2538.0 3259.0 2621.0 3186.0 2619.0 3185.0 2536.0 plane 0
3059.0 3148.0 3060.0 3232.0 2983.0 3231.0 2983.0 3148.0 plane 0
3208.0 2589.0 3206.0 2670.0 3131.0 2667.0 3134.0 2584.0 plane 0
3528.0 2543.0 3534.0 2624.0 3465.0 2632.0 3452.0 2551.0 plane 0
3466.0 2606.0 3465.0 2682.0 3391.0 2683.0 3393.0 2601.0 plane 0
3531.0 2669.0 3521.0 2751.0 3444.0 2740.0 3452.0 2660.0 plane 0
3257.0 2642.0 3257.0 2724.0 3183.0 2722.0 3181.0 2643.0 plane 0
3205.0 2692.0 3202.0 2772.0 3126.0 2772.0 3128.0 2685.0 plane 0
3468.0 2720.0 3465.0 2804.0 3390.0 2801.0 3393.0 2716.0 plane 0
3461.0 2840.0 3457.0 2922.0 3383.0 2917.0 3385.0 2836.0 plane 0
3258.0 2741.0 3254.0 2828.0 3180.0 2824.0 3180.0 2739.0 plane 0
3004.0 3096.0 3001.0 3180.0 2928.0 3179.0 2930.0 3093.0 plane 0
3002.0 3199.0 3000.0 3281.0 2926.0 3281.0 2925.0 3195.0 plane 0
2572.0 2930.0 2576.0 2836.0 2720.0 2846.0 2713.0 2936.0 plane 0
2977.0 3879.0 2970.0 3959.0 2898.0 3955.0 2907.0 3871.0 plane 0
2543.0 3379.0 2546.0 3307.0 2692.0 3317.0 2685.0 3386.0 plane 0
2644.0 3450.0 2647.0 3357.0 2789.0 3362.0 2782.0 3456.0 plane 0
2638.0 3679.0 2643.0 3587.0 2776.0 3592.0 2772.0 3686.0 plane 0
2624.0 3794.0 2629.0 3699.0 2770.0 3707.0 2766.0 3801.0 plane 0
2618.0 3908.0 2618.0 3816.0 2760.0 3821.0 2759.0 3918.0 plane 0
2511.0 3966.0 2517.0 3870.0 2652.0 3877.0 2647.0 3970.0 plane 0
3026.0 4068.0 3023.0 4149.0 2946.0 4147.0 2950.0 4065.0 plane 0
2971.0 4006.0 2970.0 4085.0 2898.0 4083.0 2900.0 4002.0 plane 0
3030.0 3941.0 3026.0 4021.0 2951.0 4016.0 2954.0 3936.0 plane 0
3032.0 3826.0 3032.0 3910.0 2956.0 3905.0 2958.0 3826.0 plane 0
3054.0 3249.0 3052.0 3331.0 2976.0 3329.0 2974.0 3249.0 plane 0
2976.0 3769.0 2977.0 3850.0 2903.0 3848.0 2903.0 3766.0 plane 0
3036.0 3711.0 3036.0 3793.0 2963.0 3790.0 2963.0 3711.0 plane 0
2987.0 3650.0 2978.0 3732.0 2902.0 3722.0 2916.0 3637.0 plane 0
3040.0 3592.0 3034.0 3676.0 2962.0 3670.0 2963.0 3589.0 plane 0
2987.0 3529.0 2984.0 3613.0 2908.0 3610.0 2912.0 3523.0 plane 0
3045.0 3472.0 3041.0 3554.0 2967.0 3551.0 2968.0 3471.0 plane 0
2992.0 3409.0 2990.0 3490.0 2915.0 3488.0 2919.0 3406.0 plane 0
3047.0 3355.0 3048.0 3439.0 2974.0 3440.0 2970.0 3358.0 plane 0
2996.0 3297.0 2991.0 3381.0 2916.0 3377.0 2919.0 3295.0 plane 0
3198.0 2788.0 3198.0 2877.0 3121.0 2873.0 3124.0 2783.0 plane 0
3256.0 2844.0 3260.0 2929.0 3186.0 2933.0 3180.0 2848.0 plane 0
3196.0 2895.0 3195.0 2980.0 3118.0 2976.0 3121.0 2892.0 plane 0
3969.0 921.0 3966.0 1014.0 3817.0 1017.0 3815.0 923.0 plane 0
3300.0 1193.0 3298.0 1290.0 3151.0 1288.0 3149.0 1191.0 plane 0
3298.0 1316.0 3295.0 1416.0 3142.0 1408.0 3143.0 1311.0 plane 0
3293.0 1438.0 3299.0 1532.0 3147.0 1542.0 3141.0 1446.0 plane 0
3319.0 578.0 3316.0 674.0 3174.0 672.0 3171.0 578.0 plane 0
3397.0 682.0 3400.0 590.0 3546.0 589.0 3545.0 684.0 plane 0
3315.0 824.0 3314.0 918.0 3170.0 924.0 3170.0 829.0 plane 0
3360.0 1673.0 3360.0 1579.0 3508.0 1581.0 3505.0 1675.0 plane 0
3553.0 1612.0 3551.0 1518.0 3696.0 1518.0 3695.0 1616.0 plane 0
3905.0 945.0 3918.0 855.0 4065.0 871.0 4047.0 963.0 plane 0
3947.0 1422.0 3944.0 1523.0 3795.0 1515.0 3796.0 1419.0 plane 0
3256.0 2948.0 3251.0 3034.0 3179.0 3031.0 3178.0 2945.0 plane 0
3891.0 1571.0 3895.0 1480.0 4043.0 1488.0 4035.0 1582.0 plane 0
3936.0 1538.0 3923.0 1634.0 3781.0 1626.0 3793.0 1527.0 plane 0
3902.0 1698.0 3903.0 1604.0 4044.0 1602.0 4043.0 1699.0 plane 0
3917.0 1971.0 3919.0 2068.0 3773.0 2069.0 3774.0 1973.0 plane 0
3919.0 2125.0 3917.0 2031.0 4060.0 2027.0 4063.0 2120.0 plane 0
3918.0 2087.0 3919.0 2184.0 3771.0 2183.0 3769.0 2085.0 plane 0
3919.0 2246.0 3919.0 2153.0 4071.0 2156.0 4069.0 2248.0 plane 0
3919.0 2217.0 3915.0 2314.0 3766.0 2308.0 3769.0 2213.0 plane 0
3924.0 2366.0 3927.0 2272.0 4072.0 2275.0 4070.0 2369.0 plane 0
3218.0 4077.0 3215.0 4160.0 3145.0 4161.0 3143.0 4076.0 plane 0
3163.0 4013.0 3157.0 4094.0 3083.0 4091.0 3088.0 4005.0 plane 0
3219.0 3954.0 3218.0 4039.0 3145.0 4036.0 3146.0 3953.0 plane 0
3158.0 3889.0 3156.0 3974.0 3082.0 3971.0 3082.0 3888.0 plane 0
3198.0 2996.0 3191.0 3082.0 3115.0 3077.0 3118.0 2988.0 plane 0
3456.0 2955.0 3458.0 3038.0 3386.0 3042.0 3380.0 2960.0 plane 0
3510.0 3019.0 3507.0 3101.0 3435.0 3099.0 3436.0 3016.0 plane 0
3454.0 3075.0 3452.0 3156.0 3379.0 3154.0 3379.0 3070.0 plane 0
3250.0 3051.0 3250.0 3134.0 3175.0 3134.0 3172.0 3052.0 plane 0
3186.0 3102.0 3193.0 3185.0 3121.0 3193.0 3112.0 3108.0 plane 0
3248.0 3155.0 3250.0 3236.0 3180.0 3238.0 3175.0 3159.0 plane 0
3191.0 3205.0 3183.0 3291.0 3107.0 3282.0 3117.0 3197.0 plane 0
3242.0 3256.0 3240.0 3339.0 3163.0 3335.0 3166.0 3251.0 plane 0
3182.0 3303.0 3181.0 3387.0 3103.0 3384.0 3105.0 3298.0 plane 0
3243.0 3361.0 3237.0 3445.0 3164.0 3440.0 3166.0 3357.0 plane 0
3179.0 3417.0 3178.0 3500.0 3103.0 3499.0 3106.0 3413.0 plane 0
3237.0 3479.0 3230.0 3562.0 3155.0 3554.0 3161.0 3473.0 plane 0
3180.0 3535.0 3172.0 3619.0 3099.0 3613.0 3106.0 3526.0 plane 0
3230.0 3597.0 3229.0 3683.0 3155.0 3678.0 3156.0 3594.0 plane 0
3174.0 3657.0 3172.0 3740.0 3097.0 3737.0 3098.0 3651.0 plane 0
3232.0 3718.0 3228.0 3801.0 3155.0 3797.0 3156.0 3716.0 plane 0
3165.0 3774.0 3160.0 3856.0 3083.0 3851.0 3091.0 3767.0 plane 0
3226.0 3836.0 3221.0 3917.0 3150.0 3914.0 3151.0 3833.0 plane 0
2673.0 2990.0 2675.0 2898.0 2818.0 2902.0 2815.0 2999.0 plane 0
2582.0 2813.0 2585.0 2724.0 2726.0 2728.0 2721.0 2821.0 plane 0
2967.0 2268.0 2966.0 2327.0 2861.0 2325.0 2860.0 2265.0 plane 0
1354.0 3575.0 1350.0 3674.0 1193.0 3663.0 1198.0 3573.0 plane 0
2231.0 1530.0 2313.0 1526.0 2317.0 1595.0 2226.0 1595.0 plane 0
2282.0 1471.0 2370.0 1473.0 2367.0 1544.0 2280.0 1544.0 plane 0
2334.0 1528.0 2417.0 1524.0 2419.0 1592.0 2329.0 1594.0 plane 0
2386.0 1472.0 2471.0 1467.0 2473.0 1534.0 2382.0 1534.0 plane 0
2436.0 1523.0 2523.0 1516.0 2528.0 1588.0 2437.0 1594.0 plane 0
1270.0 2710.0 1263.0 2810.0 1117.0 2798.0 1118.0 2703.0 plane 0
1388.0 3003.0 1380.0 3102.0 1226.0 3092.0 1231.0 2993.0 plane 0
1386.0 3120.0 1380.0 3215.0 1228.0 3207.0 1233.0 3113.0 plane 0
1216.0 3522.0 1207.0 3602.0 1066.0 3586.0 1074.0 3507.0 plane 0
1217.0 3629.0 1211.0 3727.0 1059.0 3717.0 1064.0 3623.0 plane 0
2128.0 1529.0 2212.0 1530.0 2213.0 1597.0 2126.0 1597.0 plane 0
1346.0 3693.0 1340.0 3787.0 1190.0 3782.0 1193.0 3689.0 plane 0
1212.0 3738.0 1205.0 3835.0 1048.0 3825.0 1055.0 3731.0 plane 0
1341.0 3808.0 1331.0 3906.0 1178.0 3891.0 1186.0 3798.0 plane 0
1208.0 3856.0 1200.0 3957.0 1043.0 3944.0 1049.0 3850.0 plane 0
1331.0 3921.0 1326.0 4020.0 1173.0 4014.0 1175.0 3920.0 plane 0
1199.0 3975.0 1186.0 4074.0 1032.0 4060.0 1042.0 3966.0 plane 0
1778.0 3952.0 1770.0 4050.0 1620.0 4042.0 1627.0 3941.0 plane 0
1783.0 3837.0 1781.0 3931.0 1630.0 3930.0 1626.0 3838.0 plane 0
1787.0 3719.0 1780.0 3818.0 1635.0 3807.0 1640.0 3710.0 plane 0
2178.0 1472.0 2262.0 1473.0 2260.0 1542.0 2173.0 1539.0 plane 0
2074.0 1478.0 2161.0 1476.0 2160.0 1542.0 2072.0 1543.0 plane 0
2584.0 2704.0 2588.0 2610.0 2729.0 2615.0 2726.0 2710.0 plane 0
1398.0 1545.0 1482.0 1541.0 1485.0 1617.0 1394.0 1617.0 plane 0
1261.0 430.0 1584.0 440.0 1572.0 754.0 1263.0 744.0 plane 0
1901.0 441.0 2214.0 444.0 2213.0 740.0 1909.0 736.0 plane 0
1950.0 1193.0 2177.0 1186.0 2180.0 1420.0 1964.0 1430.0 plane 0
2266.0 1184.0 2544.0 1200.0 2533.0 1374.0 2248.0 1349.0 plane 0
1113.0 1504.0 1200.0 1499.0 1200.0 1568.0 1111.0 1573.0 plane 0
1228.0 1494.0 1312.0 1494.0 1309.0 1567.0 1225.0 1566.0 plane 0
1180.0 1550.0 1263.0 1548.0 1263.0 1623.0 1175.0 1623.0 plane 0
1288.0 1547.0 1370.0 1543.0 1374.0 1624.0 1288.0 1622.0 plane 0
1341.0 1488.0 1421.0 1492.0 1417.0 1564.0 1332.0 1559.0 plane 0
1450.0 1487.0 1532.0 1484.0 1534.0 1561.0 1447.0 1560.0 plane 0
2026.0 1537.0 2107.0 1535.0 2111.0 1602.0 2023.0 1602.0 plane 0
1510.0 1545.0 1595.0 1544.0 1594.0 1619.0 1506.0 1615.0 plane 0
1562.0 1480.0 1645.0 1486.0 1639.0 1555.0 1555.0 1550.0 plane 0
1616.0 1541.0 1699.0 1542.0 1699.0 1613.0 1614.0 1612.0 plane 0
1717.0 1539.0 1801.0 1534.0 1804.0 1607.0 1717.0 1609.0 plane 0
1768.0 1484.0 1852.0 1484.0 1852.0 1552.0 1764.0 1553.0 plane 0
1824.0 1537.0 1905.0 1538.0 1905.0 1607.0 1818.0 1604.0 plane 0
1870.0 1482.0 1956.0 1480.0 1956.0 1551.0 1866.0 1550.0 plane 0
1927.0 1531.0 2009.0 1532.0 2010.0 1602.0 1923.0 1599.0 plane 0
1977.0 1478.0 2059.0 1478.0 2056.0 1549.0 1971.0 1543.0 plane 0
1804.0 3608.0 1792.0 3709.0 1642.0 3687.0 1655.0 3594.0 plane 0
1684.0 3541.0 1672.0 3641.0 1517.0 3618.0 1529.0 3525.0 plane 0
1809.0 3491.0 1799.0 3591.0 1651.0 3576.0 1659.0 3485.0 plane 0
2363.0 3438.0 2365.0 3346.0 2506.0 3349.0 2502.0 3447.0 plane 0
1942.0 3942.0 1949.0 3849.0 2087.0 3854.0 2078.0 3948.0 plane 0
1932.0 4054.0 1932.0 3961.0 2077.0 3964.0 2075.0 4060.0 plane 0
2324.0 4010.0 2330.0 3918.0 2475.0 3927.0 2468.0 4021.0 plane 0
2337.0 3896.0 2337.0 3807.0 2483.0 3809.0 2481.0 3901.0 plane 0
2242.0 3838.0 2246.0 3744.0 2379.0 3749.0 2373.0 3846.0 plane 0
2247.0 3721.0 2249.0 3628.0 2386.0 3636.0 2381.0 3728.0 plane 0
2348.0 3668.0 2355.0 3570.0 2495.0 3578.0 2486.0 3684.0 plane 0
2247.0 3606.0 2254.0 3511.0 2395.0 3522.0 2388.0 3618.0 plane 0
2254.0 3495.0 2257.0 3395.0 2401.0 3407.0 2395.0 3501.0 plane 0
2261.0 3379.0 2266.0 3283.0 2409.0 3293.0 2400.0 3385.0 plane 0
1689.0 3430.0 1678.0 3533.0 1525.0 3513.0 1537.0 3418.0 plane 0
2271.0 3263.0 2276.0 3172.0 2409.0 3176.0 2404.0 3267.0 plane 0
2274.0 3150.0 2282.0 3052.0 2421.0 3064.0 2412.0 3160.0 plane 0
2390.0 3093.0 2393.0 2999.0 2533.0 3004.0 2528.0 3104.0 plane 0
2402.0 2980.0 2403.0 2899.0 2538.0 2906.0 2532.0 2986.0 plane 0
2399.0 2863.0 2402.0 2777.0 2544.0 2780.0 2537.0 2875.0 plane 0
2296.0 2802.0 2302.0 2710.0 2443.0 2721.0 2435.0 2815.0 plane 0
2412.0 2754.0 2412.0 2658.0 2553.0 2658.0 2551.0 2756.0 plane 0
2307.0 2683.0 2321.0 2594.0 2455.0 2611.0 2441.0 2702.0 plane 0
2317.0 2575.0 2318.0 2481.0 2454.0 2486.0 2451.0 2581.0 plane 0
1948.0 3826.0 1955.0 3732.0 2096.0 3742.0 2086.0 3836.0 plane 0
2059.0 3657.0 2068.0 3563.0 2214.0 3577.0 2203.0 3669.0 plane 0
2074.0 3547.0 2081.0 3455.0 2224.0 3465.0 2212.0 3565.0 plane 0
1960.0 3484.0 1963.0 3387.0 2118.0 3399.0 2113.0 3493.0 plane 0
1689.0 3314.0 1680.0 3413.0 1535.0 3399.0 1540.0 3304.0 plane 0
1704.0 3199.0 1693.0 3302.0 1538.0 3284.0 1544.0 3188.0 plane 0
1709.0 3088.0 1704.0 3182.0 1557.0 3179.0 1553.0 3085.0 plane 0
1716.0 2968.0 1712.0 3061.0 1564.0 3058.0 1561.0 2963.0 plane 0
1840.0 2916.0 1834.0 3013.0 1690.0 3011.0 1691.0 2915.0 plane 0
1727.0 2852.0 1721.0 2956.0 1566.0 2939.0 1570.0 2845.0 plane 0
1851.0 2686.0 1846.0 2786.0 1695.0 2772.0 1702.0 2676.0 plane 0
1747.0 2508.0 1734.0 2607.0 1583.0 2582.0 1599.0 2490.0 plane 0
1867.0 2459.0 1861.0 2560.0 1715.0 2543.0 1719.0 2452.0 plane 0
2035.0 2555.0 2038.0 2469.0 2179.0 2475.0 2170.0 2564.0 plane 0
2132.0 2627.0 2139.0 2530.0 2276.0 2535.0 2268.0 2638.0 plane 0
2020.0 2683.0 2030.0 2583.0 2170.0 2596.0 2157.0 2701.0 plane 0
2125.0 2740.0 2131.0 2643.0 2272.0 2650.0 2264.0 2748.0 plane 0
2016.0 2792.0 2023.0 2695.0 2163.0 2709.0 2149.0 2812.0 plane 0
2120.0 2855.0 2124.0 2760.0 2262.0 2765.0 2259.0 2863.0 plane 0
2010.0 2895.0 2019.0 2813.0 2154.0 2823.0 2146.0 2905.0 plane 0
2107.0 2970.0 2112.0 2878.0 2263.0 2886.0 2255.0 2980.0 plane 0
1983.0 3142.0 1988.0 3043.0 2137.0 3053.0 2130.0 3153.0 plane 0
2100.0 3188.0 2104.0 3104.0 2243.0 3114.0 2235.0 3198.0 plane 0
3287.0 1580.0 3288.0 1648.0 3142.0 1651.0 3141.0 1583.0 plane 0
2890.0 2271.0 2891.0 2219.0 3000.0 2219.0 2998.0 2278.0 plane 0
5025.0 5172.0 5020.0 5534.0 4610.0 5506.0 4595.0 5170.0 plane 0
4301.0 3751.0 4294.0 3813.0 4187.0 3806.0 4192.0 3746.0 plane 0
4010.0 3400.0 4003.0 3536.0 3891.0 3528.0 3899.0 3394.0 plane 0
4002.0 3553.0 3994.0 3690.0 3887.0 3686.0 3892.0 3550.0 plane 0
3998.0 3707.0 3991.0 3846.0 3884.0 3840.0 3892.0 3700.0 plane 0
3995.0 3865.0 3984.0 4002.0 3872.0 3991.0 3884.0 3857.0 plane 0
3987.0 4014.0 3988.0 4157.0 3873.0 4158.0 3872.0 4011.0 plane 0
4292.0 4024.0 4291.0 4077.0 4186.0 4078.0 4186.0 4024.0 plane 0
4235.0 3975.0 4232.0 4035.0 4124.0 4032.0 4127.0 3970.0 plane 0
4297.0 3935.0 4291.0 3989.0 4186.0 3987.0 4188.0 3933.0 plane 0
4297.0 3843.0 4294.0 3907.0 4186.0 3903.0 4192.0 3841.0 plane 0
4305.0 3657.0 4301.0 3720.0 4190.0 3718.0 4192.0 3655.0 plane 0
6143.0 2422.0 6148.0 2352.0 6280.0 2364.0 6273.0 2430.0 plane 0
4306.0 3476.0 4300.0 3541.0 4195.0 3531.0 4198.0 3470.0 plane 0
4310.0 3388.0 4308.0 3445.0 4201.0 3444.0 4200.0 3384.0 plane 0
4314.0 3300.0 4310.0 3354.0 4206.0 3350.0 4207.0 3296.0 plane 0
4316.0 3210.0 4313.0 3264.0 4207.0 3258.0 4210.0 3205.0 plane 0
4318.0 3115.0 4314.0 3169.0 4217.0 3173.0 4216.0 3117.0 plane 0
4322.0 3024.0 4322.0 3084.0 4217.0 3081.0 4218.0 3022.0 plane 0
4326.0 2936.0 4326.0 2993.0 4214.0 2992.0 4218.0 2934.0 plane 0
4327.0 2841.0 4326.0 2901.0 4219.0 2902.0 4218.0 2846.0 plane 0
4336.0 2756.0 4329.0 2816.0 4220.0 2809.0 4224.0 2752.0 plane 0
6149.0 2545.0 6144.0 2477.0 6273.0 2467.0 6278.0 2535.0 plane 0
6147.0 2182.0 6152.0 2119.0 6284.0 2134.0 6278.0 2194.0 plane 0
5527.0 3603.0 5512.0 3927.0 5170.0 3905.0 5208.0 3581.0 plane 0
5812.0 1834.0 5807.0 1901.0 5673.0 1894.0 5675.0 1826.0 plane 0
5540.0 2923.0 5535.0 3241.0 5208.0 3233.0 5210.0 2909.0 plane 0
6141.0 552.0 6141.0 649.0 5994.0 648.0 5991.0 553.0 plane 0
6143.0 671.0 6142.0 770.0 5996.0 766.0 5992.0 670.0 plane 0
6144.0 798.0 6142.0 880.0 5994.0 878.0 5994.0 791.0 plane 0
6123.0 1136.0 6123.0 1206.0 5980.0 1199.0 5980.0 1132.0 plane 0
5819.0 1484.0 5820.0 1555.0 5684.0 1553.0 5682.0 1482.0 plane 0
5809.0 1590.0 5816.0 1666.0 5684.0 1680.0 5673.0 1602.0 plane 0
5812.0 1719.0 5810.0 1786.0 5680.0 1784.0 5679.0 1714.0 plane 0
5951.0 1772.0 5954.0 1840.0 5824.0 1845.0 5820.0 1775.0 plane 0
5807.0 1947.0 5807.0 2014.0 5677.0 2013.0 5678.0 1947.0 plane 0
6158.0 1838.0 6165.0 1772.0 6296.0 1789.0 6287.0 1854.0 plane 0
6102.0 1950.0 6100.0 2020.0 5964.0 2016.0 5965.0 1948.0 plane 0
5806.0 2060.0 5803.0 2132.0 5668.0 2128.0 5666.0 2057.0 plane 0
5958.0 2246.0 5954.0 2310.0 5825.0 2301.0 5830.0 2236.0 plane 0
5799.0 2290.0 5797.0 2365.0 5666.0 2359.0 5665.0 2286.0 plane 0
5945.0 2357.0 5943.0 2422.0 5823.0 2417.0 5823.0 2350.0 plane 0
6108.0 2052.0 6103.0 2146.0 5961.0 2142.0 5963.0 2049.0 plane 0
6085.0 2418.0 6077.0 2487.0 5954.0 2478.0 5962.0 2408.0 plane 0
6171.0 1391.0 6171.0 1324.0 6302.0 1322.0 6300.0 1392.0 plane 0
6165.0 1612.0 6169.0 1545.0 6299.0 1556.0 6292.0 1622.0 plane 0
4062.0 2300.0 4064.0 2212.0 4205.0 2221.0 4198.0 2304.0 plane 0
4611.0 4237.0 4617.0 4094.0 4774.0 4104.0 4765.0 4253.0 plane 0
4657.0 4179.0 4656.0 4329.0 4506.0 4328.0 4508.0 4176.0 plane 0
6232.0 3482.0 6220.0 3924.0 5914.0 3929.0 5904.0 3476.0 plane 0
6142.0 2307.0 6149.0 2234.0 6296.0 2242.0 6297.0 2316.0 plane 0
5799.0 2176.0 5806.0 2256.0 5665.0 2243.0 5669.0 2164.0 plane 0
6107.0 2294.0 6106.0 2381.0 5950.0 2380.0 5954.0 2297.0 plane 0
6302.0 2546.0 6285.0 2924.0 5982.0 2971.0 5981.0 2516.0 plane 0
5997.0 3254.0 6009.0 3678.0 5625.0 3705.0 5634.0 3248.0 plane 0
5020.0 4726.0 5038.0 5031.0 4578.0 5079.0 4593.0 4702.0 plane 0
5557.0 4737.0 5558.0 5032.0 5124.0 5024.0 5125.0 4696.0 plane 0
5939.0 2671.0 5947.0 3195.0 5587.0 3198.0 5624.0 2650.0 plane 0
5518.0 4023.0 5526.0 4205.0 5189.0 4205.0 5195.0 4003.0 plane 0
5958.0 3770.0 5961.0 4148.0 5616.0 4143.0 5621.0 3762.0 plane 0
4655.0 4358.0 4650.0 4512.0 4503.0 4507.0 4506.0 4355.0 plane 0
5990.0 4152.0 5985.0 4600.0 5622.0 4600.0 5635.0 4147.0 plane 0
6303.0 3904.0 6292.0 4358.0 5983.0 4383.0 5960.0 3921.0 plane 0
6326.0 4387.0 6306.0 4839.0 5974.0 4850.0 5975.0 4379.0 plane 0
6035.0 5227.0 6036.0 5511.0 5634.0 5483.0 5639.0 5154.0 plane 0
5545.0 5170.0 5536.0 5489.0 5135.0 5479.0 5142.0 5164.0 plane 0
5323.0 5590.0 5321.0 5904.0 4881.0 5901.0 4918.0 5566.0 plane 0
5790.0 5773.0 5778.0 6058.0 5347.0 6034.0 5388.0 5736.0 plane 0
6062.0 5495.0 6055.0 5855.0 5646.0 5823.0 5699.0 5476.0 plane 0
5770.0 5447.0 5746.0 5779.0 5291.0 5732.0 5330.0 5402.0 plane 0
6095.0 2194.0 6098.0 2256.0 5960.0 2249.0 5968.0 2175.0 plane 0
5952.0 2020.0 5943.0 2080.0 5825.0 2074.0 5823.0 2006.0 plane 0
6146.0 2082.0 6145.0 2006.0 6293.0 2008.0 6290.0 2081.0 plane 0
5948.0 1892.0 5952.0 1963.0 5809.0 1963.0 5810.0 1887.0 plane 0
4610.0 4592.0 4606.0 4447.0 4755.0 4446.0 4754.0 4596.0 plane 0
4649.0 4572.0 4648.0 4660.0 4494.0 4658.0 4495.0 4567.0 plane 0
4290.0 4288.0 4264.0 4804.0 3646.0 4772.0 3682.0 4255.0 plane 0
3818.0 4552.0 3783.0 5074.0 3153.0 4997.0 3233.0 4488.0 plane 0
4276.0 4828.0 4240.0 5356.0 3630.0 5302.0 3668.0 4793.0 plane 0
4300.0 5416.0 4164.0 5929.0 3546.0 5757.0 3736.0 5242.0 plane 0
3347.0 4784.0 3328.0 5316.0 2692.0 5267.0 2732.0 4752.0 plane 0
3796.0 5086.0 3774.0 5605.0 3156.0 5559.0 3185.0 5054.0 plane 0
3328.0 5330.0 3289.0 5845.0 2672.0 5790.0 2728.0 5288.0 plane 0
6188.0 706.0 6321.0 703.0 6324.0 635.0 6189.0 635.0 plane 0
6183.0 818.0 6184.0 750.0 6327.0 752.0 6325.0 811.0 plane 0
6179.0 935.0 6183.0 866.0 6324.0 877.0 6323.0 947.0 plane 0
6173.0 1052.0 6178.0 977.0 6309.0 988.0 6309.0 1049.0 plane 0
6176.0 1163.0 6175.0 1096.0 6309.0 1100.0 6311.0 1168.0 plane 0
6174.0 1282.0 6172.0 1204.0 6331.0 1204.0 6317.0 1282.0 plane 0
6156.0 1507.0 6161.0 1430.0 6308.0 1434.0 6301.0 1504.0 plane 0
5944.0 1664.0 5942.0 1736.0 5822.0 1732.0 5816.0 1653.0 plane 0
6161.0 1753.0 6157.0 1668.0 6302.0 1673.0 6302.0 1747.0 plane 0
6145.0 1960.0 6143.0 1891.0 6295.0 1902.0 6282.0 1983.0 plane 0
5531.0 3263.0 5515.0 3595.0 5190.0 3562.0 5216.0 3237.0 plane 0
5297.0 3763.0 5251.0 4094.0 4919.0 4040.0 4972.0 3729.0 plane 0
2973.0 2176.0 2971.0 2228.0 2863.0 2227.0 2864.0 2169.0 plane 0
3013.0 1235.0 3012.0 1293.0 2906.0 1295.0 2907.0 1234.0 plane 0
3004.0 1422.0 3001.0 1477.0 2893.0 1478.0 2891.0 1419.0 plane 0
2918.0 1426.0 2920.0 1372.0 3031.0 1376.0 3027.0 1432.0 plane 0
3004.0 1328.0 3004.0 1380.0 2895.0 1382.0 2895.0 1327.0 plane 0
2756.0 1428.0 2752.0 1479.0 2648.0 1481.0 2646.0 1427.0 plane 0
2680.0 1433.0 2674.0 1382.0 2787.0 1374.0 2790.0 1430.0 plane 0
2761.0 1330.0 2760.0 1386.0 2655.0 1389.0 2652.0 1332.0 plane 0
2681.0 1337.0 2678.0 1283.0 2782.0 1284.0 2779.0 1343.0 plane 0
2763.0 1232.0 2763.0 1292.0 2661.0 1291.0 2659.0 1230.0 plane 0
2923.0 1336.0 2923.0 1282.0 3034.0 1282.0 3030.0 1339.0 plane 0
2927.0 1248.0 2929.0 1193.0 3037.0 1189.0 3034.0 1248.0 plane 0
2666.0 1527.0 2667.0 1475.0 2774.0 1475.0 2771.0 1532.0 plane 0
3018.0 1140.0 3018.0 1196.0 2913.0 1198.0 2915.0 1141.0 plane 0
2687.0 1242.0 2693.0 1189.0 2798.0 1196.0 2793.0 1251.0 plane 0
2767.0 1141.0 2764.0 1198.0 2659.0 1194.0 2659.0 1135.0 plane 0
2687.0 1147.0 2686.0 1094.0 2800.0 1095.0 2798.0 1151.0 plane 0
2770.0 1040.0 2771.0 1102.0 2664.0 1100.0 2663.0 1040.0 plane 0
2934.0 1147.0 2932.0 1092.0 3041.0 1091.0 3039.0 1150.0 plane 0
3011.0 1042.0 3015.0 1101.0 2906.0 1108.0 2902.0 1044.0 plane 0
2935.0 1049.0 2931.0 997.0 3043.0 994.0 3042.0 1052.0 plane 0
2694.0 1053.0 2694.0 999.0 2808.0 1000.0 2805.0 1058.0 plane 0
2915.0 1523.0 2916.0 1470.0 3026.0 1470.0 3024.0 1529.0 plane 0
2743.0 1519.0 2738.0 1576.0 2644.0 1571.0 2648.0 1511.0 plane 0
5126.0 3414.0 5085.0 3744.0 4738.0 3689.0 4787.0 3383.0 plane 0
2661.0 1903.0 2661.0 1851.0 2761.0 1852.0 2756.0 1907.0 plane 0
2891.0 2183.0 2889.0 2125.0 3003.0 2118.0 3004.0 2183.0 plane 0
2978.0 2080.0 2978.0 2132.0 2867.0 2136.0 2867.0 2080.0 plane 0
2735.0 2091.0 2730.0 2142.0 2621.0 2139.0 2624.0 2084.0 plane 0
2651.0 2093.0 2650.0 2043.0 2762.0 2044.0 2759.0 2099.0 plane 0
2738.0 1994.0 2736.0 2049.0 2631.0 2043.0 2631.0 1991.0 plane 0
2658.0 1998.0 2655.0 1947.0 2763.0 1943.0 2762.0 2000.0 plane 0
2979.0 1988.0 2978.0 2045.0 2873.0 2044.0 2874.0 1985.0 plane 0
2900.0 1992.0 2900.0 1937.0 3000.0 1937.0 2998.0 1998.0 plane 0
2744.0 1894.0 2743.0 1953.0 2635.0 1951.0 2635.0 1890.0 plane 0
2979.0 1896.0 2979.0 1948.0 2877.0 1948.0 2876.0 1894.0 plane 0
2669.0 1621.0 2668.0 1566.0 2769.0 1567.0 2763.0 1623.0 plane 0
2904.0 1901.0 2904.0 1844.0 3012.0 1841.0 3012.0 1903.0 plane 0
2984.0 1802.0 2986.0 1850.0 2880.0 1857.0 2876.0 1803.0 plane 0
2663.0 1811.0 2664.0 1755.0 2773.0 1757.0 2771.0 1812.0 plane 0
2906.0 1807.0 2907.0 1753.0 3017.0 1752.0 3014.0 1810.0 plane 0
2988.0 1706.0 2988.0 1760.0 2881.0 1761.0 2882.0 1707.0 plane 0
2666.0 1723.0 2667.0 1661.0 2767.0 1663.0 2762.0 1723.0 plane 0
2753.0 1608.0 2752.0 1671.0 2644.0 1671.0 2644.0 1608.0 plane 0
2994.0 1612.0 2992.0 1667.0 2886.0 1667.0 2887.0 1611.0 plane 0
2912.0 1614.0 2913.0 1561.0 3023.0 1562.0 3019.0 1621.0 plane 0
2780.0 954.0 2776.0 1011.0 2666.0 1005.0 2667.0 946.0 plane 0
3019.0 947.0 3018.0 1004.0 2907.0 1002.0 2906.0 944.0 plane 0
2694.0 960.0 2694.0 903.0 2810.0 909.0 2805.0 969.0 plane 0
5596.0 565.0 5577.0 898.0 5247.0 876.0 5267.0 546.0 plane 0
4045.0 1640.0 4046.0 1546.0 4192.0 1552.0 4190.0 1646.0 plane 0
4155.0 1706.0 4151.0 1616.0 4295.0 1616.0 4293.0 1713.0 plane 0
4048.0 1776.0 4039.0 1679.0 4183.0 1670.0 4192.0 1768.0 plane 0
4063.0 1960.0 4060.0 1887.0 4176.0 1885.0 4174.0 1961.0 plane 0
4054.0 2066.0 4046.0 1974.0 4191.0 1967.0 4196.0 2064.0 plane 0
4190.0 2131.0 4178.0 2036.0 4320.0 2022.0 4328.0 2120.0 plane 0
4058.0 2190.0 4056.0 2093.0 4190.0 2093.0 4189.0 2189.0 plane 0
4188.0 2248.0 4187.0 2156.0 4326.0 2151.0 4329.0 2243.0 plane 0
4190.0 2374.0 4183.0 2281.0 4328.0 2275.0 4329.0 2371.0 plane 0
5577.0 899.0 5584.0 1228.0 5250.0 1222.0 5258.0 902.0 plane 0
2936.0 953.0 2937.0 898.0 3035.0 897.0 3032.0 957.0 plane 0
5566.0 1233.0 5564.0 1556.0 5237.0 1548.0 5246.0 1231.0 plane 0
5561.0 1571.0 5562.0 1892.0 5228.0 1890.0 5236.0 1566.0 plane 0
5542.0 1912.0 5540.0 2227.0 5227.0 2226.0 5232.0 1908.0 plane 0
5548.0 2249.0 5548.0 2568.0 5222.0 2562.0 5225.0 2241.0 plane 0
5545.0 2580.0 5541.0 2905.0 5206.0 2899.0 5221.0 2577.0 plane 0
5140.0 1733.0 5138.0 2044.0 4814.0 2040.0 4821.0 1730.0 plane 0
5152.0 2068.0 5147.0 2386.0 4807.0 2380.0 4820.0 2068.0 plane 0
5193.0 2413.0 5187.0 2728.0 4839.0 2717.0 4854.0 2409.0 plane 0
5126.0 3074.0 5110.0 3400.0 4776.0 3377.0 4810.0 3059.0 plane 0
4156.0 1586.0 4162.0 1487.0 4307.0 1501.0 4299.0 1595.0 plane 0
4054.0 1527.0 4053.0 1427.0 4192.0 1430.0 4188.0 1529.0 plane 0
4161.0 1466.0 4158.0 1368.0 4303.0 1366.0 4303.0 1463.0 plane 0
4042.0 1400.0 4038.0 1305.0 4187.0 1305.0 4187.0 1402.0 plane 0
3020.0 854.0 3022.0 912.0 2911.0 912.0 2910.0 853.0 plane 0
2940.0 861.0 2940.0 812.0 3038.0 811.0 3036.0 865.0 plane 0
2781.0 860.0 2780.0 913.0 2673.0 915.0 2671.0 858.0 plane 0
2698.0 863.0 2700.0 811.0 2812.0 815.0 2806.0 871.0 plane 0
2783.0 765.0 2781.0 820.0 2672.0 816.0 2673.0 762.0 plane 0
3023.0 761.0 3022.0 813.0 2918.0 820.0 2912.0 764.0 plane 0
2703.0 770.0 2701.0 714.0 2814.0 714.0 2810.0 775.0 plane 0
2946.0 767.0 2948.0 710.0 3053.0 713.0 3050.0 771.0 plane 0
3026.0 671.0 3026.0 721.0 2918.0 724.0 2916.0 670.0 plane 0
2788.0 673.0 2786.0 728.0 2674.0 723.0 2678.0 663.0 plane 0
2704.0 673.0 2707.0 620.0 2818.0 623.0 2814.0 681.0 plane 0
2789.0 576.0 2786.0 634.0 2678.0 630.0 2680.0 571.0 plane 0
2708.0 583.0 2707.0 530.0 2818.0 527.0 2818.0 582.0 plane 0
2946.0 674.0 2946.0 622.0 3057.0 620.0 3054.0 677.0 plane 0
3055.0 574.0 3050.0 628.0 2934.0 620.0 2939.0 564.0 plane 0
2951.0 581.0 2949.0 523.0 3059.0 522.0 3060.0 583.0 plane 0
4169.0 967.0 4166.0 873.0 4312.0 873.0 4314.0 968.0 plane 0
4159.0 1215.0 4155.0 1123.0 4303.0 1122.0 4302.0 1217.0 plane 0
4159.0 1340.0 4151.0 1240.0 4301.0 1236.0 4307.0 1338.0 plane 0
1244.0 1128.0 1555.0 1132.0 1546.0 1453.0 1238.0 1439.0 plane 0
