imagesource:GoogleEarth
gsd:0.261092295063
6348.0 886.0 6338.0 887.0 6335.0 864.0 6345.0 863.0 small-vehicle 1
3201.0 521.0 3197.0 508.0 3216.0 509.0 3219.0 520.0 small-vehicle 1
3139.0 343.0 3139.0 332.0 3164.0 333.0 3164.0 344.0 small-vehicle 0
3141.0 313.0 3140.0 302.0 3157.0 302.0 3157.0 315.0 small-vehicle 0
3186.0 252.0 3174.0 251.0 3175.0 229.0 3184.0 228.0 small-vehicle 1
3164.0 272.0 3164.0 282.0 3141.0 282.0 3142.0 273.0 small-vehicle 1
3190.0 231.0 3201.0 232.0 3198.0 255.0 3188.0 256.0 small-vehicle 1
3223.0 231.0 3233.0 233.0 3233.0 255.0 3223.0 255.0 small-vehicle 1
3233.0 231.0 3244.0 230.0 3247.0 254.0 3234.0 255.0 small-vehicle 1
3246.0 235.0 3257.0 234.0 3259.0 258.0 3248.0 258.0 small-vehicle 1
3324.0 234.0 3325.0 243.0 3299.0 240.0 3299.0 229.0 small-vehicle 1
3302.0 256.0 3302.0 243.0 3324.0 242.0 3326.0 258.0 small-vehicle 1
3325.0 258.0 3327.0 269.0 3303.0 270.0 3303.0 259.0 small-vehicle 1
3325.0 269.0 3325.0 280.0 3304.0 280.0 3302.0 270.0 small-vehicle 1
3326.0 281.0 3328.0 294.0 3302.0 293.0 3302.0 285.0 small-vehicle 1
3302.0 304.0 3301.0 293.0 3324.0 295.0 3324.0 303.0 small-vehicle 1
3302.0 317.0 3302.0 305.0 3323.0 308.0 3323.0 316.0 small-vehicle 1
3278.0 315.0 3278.0 308.0 3299.0 309.0 3299.0 317.0 small-vehicle 1
3300.0 293.0 3300.0 305.0 3277.0 305.0 3276.0 293.0 small-vehicle 1
3197.0 650.0 3196.0 636.0 3215.0 637.0 3215.0 650.0 small-vehicle 1
3194.0 603.0 3195.0 590.0 3220.0 593.0 3219.0 605.0 small-vehicle 1
3217.0 581.0 3219.0 588.0 3199.0 589.0 3198.0 582.0 small-vehicle 1
3195.0 579.0 3197.0 566.0 3221.0 568.0 3222.0 579.0 small-vehicle 1
3136.0 376.0 3135.0 367.0 3161.0 368.0 3161.0 378.0 small-vehicle 0
3161.0 379.0 3159.0 388.0 3136.0 389.0 3138.0 380.0 small-vehicle 0
3161.0 390.0 3161.0 398.0 3139.0 399.0 3138.0 392.0 small-vehicle 0
3132.0 561.0 3132.0 552.0 3150.0 551.0 3153.0 559.0 small-vehicle 0
3065.0 524.0 3066.0 513.0 3088.0 513.0 3088.0 523.0 small-vehicle 0
3071.0 510.0 3071.0 500.0 3092.0 500.0 3093.0 512.0 small-vehicle 0
3055.0 459.0 3071.0 460.0 3068.0 481.0 3057.0 482.0 small-vehicle 0
3131.0 618.0 3131.0 609.0 3152.0 608.0 3152.0 616.0 small-vehicle 0
3133.0 607.0 3133.0 596.0 3154.0 595.0 3155.0 607.0 small-vehicle 0
3067.0 595.0 3068.0 585.0 3087.0 586.0 3088.0 596.0 small-vehicle 0
3135.0 595.0 3132.0 586.0 3152.0 585.0 3153.0 592.0 small-vehicle 0
3132.0 583.0 3131.0 576.0 3150.0 575.0 3152.0 585.0 small-vehicle 0
3132.0 571.0 3133.0 563.0 3157.0 563.0 3158.0 575.0 small-vehicle 0
3150.0 538.0 3151.0 548.0 3131.0 548.0 3131.0 540.0 small-vehicle 0
3157.0 398.0 3157.0 408.0 3139.0 411.0 3135.0 400.0 small-vehicle 0
3136.0 536.0 3136.0 526.0 3153.0 526.0 3154.0 538.0 small-vehicle 0
3153.0 512.0 3156.0 521.0 3135.0 524.0 3134.0 515.0 small-vehicle 0
3157.0 500.0 3157.0 509.0 3131.0 506.0 3130.0 499.0 small-vehicle 0
3154.0 486.0 3154.0 495.0 3134.0 491.0 3134.0 484.0 small-vehicle 0
3135.0 484.0 3134.0 476.0 3154.0 473.0 3157.0 481.0 small-vehicle 0
3161.0 462.0 3161.0 472.0 3134.0 472.0 3135.0 462.0 small-vehicle 0
3135.0 459.0 3135.0 448.0 3155.0 450.0 3158.0 458.0 small-vehicle 0
3139.0 448.0 3137.0 437.0 3157.0 439.0 3158.0 448.0 small-vehicle 0
3157.0 412.0 3157.0 423.0 3135.0 423.0 3135.0 412.0 small-vehicle 0
3201.0 566.0 3201.0 554.0 3222.0 557.0 3221.0 567.0 small-vehicle 1
3223.0 451.0 3222.0 459.0 3201.0 459.0 3201.0 451.0 small-vehicle 1
5872.0 633.0 5882.0 633.0 5881.0 651.0 5872.0 653.0 small-vehicle 1
3201.0 451.0 3201.0 437.0 3225.0 439.0 3226.0 452.0 small-vehicle 1
3446.0 1016.0 3447.0 1001.0 3473.0 1003.0 3476.0 1017.0 small-vehicle 0
3465.0 1052.0 3459.0 1038.0 3480.0 1033.0 3487.0 1045.0 small-vehicle 0
2643.0 1146.0 2633.0 1148.0 2630.0 1124.0 2641.0 1123.0 small-vehicle 0
2593.0 1540.0 2580.0 1539.0 2578.0 1514.0 2591.0 1510.0 small-vehicle 0
2689.0 1487.0 2688.0 1498.0 2664.0 1498.0 2663.0 1485.0 small-vehicle 0
2687.0 1475.0 2688.0 1485.0 2663.0 1485.0 2662.0 1473.0 small-vehicle 0
2680.0 1437.0 2672.0 1443.0 2654.0 1424.0 2664.0 1417.0 small-vehicle 0
2698.0 1442.0 2692.0 1447.0 2675.0 1429.0 2680.0 1420.0 small-vehicle 0
2715.0 1437.0 2709.0 1444.0 2688.0 1428.0 2697.0 1420.0 small-vehicle 0
2732.0 1436.0 2724.0 1443.0 2705.0 1425.0 2712.0 1418.0 small-vehicle 0
2750.0 1440.0 2743.0 1444.0 2724.0 1429.0 2733.0 1424.0 small-vehicle 0
2764.0 1441.0 2757.0 1447.0 2741.0 1431.0 2749.0 1422.0 small-vehicle 0
2780.0 1442.0 2773.0 1446.0 2755.0 1430.0 2763.0 1420.0 small-vehicle 0
2796.0 1439.0 2790.0 1446.0 2769.0 1428.0 2780.0 1419.0 small-vehicle 0
2950.0 1394.0 2950.0 1407.0 2920.0 1404.0 2920.0 1393.0 small-vehicle 0
3078.0 1576.0 3079.0 1589.0 3054.0 1589.0 3052.0 1578.0 small-vehicle 0
2858.0 1560.0 2857.0 1571.0 2835.0 1568.0 2836.0 1559.0 small-vehicle 0
3020.0 1165.0 3031.0 1166.0 3030.0 1192.0 3019.0 1193.0 small-vehicle 0
3032.0 1168.0 3043.0 1167.0 3044.0 1193.0 3033.0 1193.0 small-vehicle 0
3042.0 1169.0 3054.0 1168.0 3055.0 1192.0 3044.0 1193.0 small-vehicle 0
3068.0 1193.0 3056.0 1192.0 3057.0 1170.0 3067.0 1167.0 small-vehicle 0
3439.0 1066.0 3426.0 1063.0 3425.0 1040.0 3436.0 1040.0 small-vehicle 0
3416.0 1039.0 3426.0 1040.0 3428.0 1061.0 3417.0 1060.0 small-vehicle 0
3415.0 1060.0 3405.0 1059.0 3402.0 1037.0 3415.0 1036.0 small-vehicle 0
3226.0 306.0 3222.0 292.0 3241.0 296.0 3243.0 302.0 small-vehicle 1
3205.0 429.0 3205.0 415.0 3230.0 420.0 3230.0 430.0 small-vehicle 1
3226.0 380.0 3229.0 388.0 3203.0 391.0 3202.0 382.0 small-vehicle 1
3226.0 369.0 3226.0 380.0 3202.0 378.0 3204.0 368.0 small-vehicle 1
3203.0 367.0 3204.0 354.0 3227.0 356.0 3227.0 368.0 small-vehicle 1
3198.0 349.0 3198.0 338.0 3217.0 339.0 3218.0 352.0 small-vehicle 1
3197.0 338.0 3195.0 328.0 3217.0 330.0 3218.0 338.0 small-vehicle 1
3216.0 313.0 3219.0 325.0 3197.0 326.0 3197.0 315.0 small-vehicle 1
3220.0 306.0 3221.0 313.0 3198.0 313.0 3200.0 306.0 small-vehicle 1
3197.0 303.0 3196.0 291.0 3218.0 295.0 3218.0 303.0 small-vehicle 1
3226.0 318.0 3226.0 306.0 3245.0 306.0 3244.0 316.0 small-vehicle 1
3402.0 1060.0 3388.0 1060.0 3388.0 1041.0 3401.0 1041.0 small-vehicle 0
3244.0 317.0 3242.0 326.0 3222.0 326.0 3223.0 317.0 small-vehicle 1
3242.0 326.0 3241.0 338.0 3222.0 337.0 3221.0 326.0 small-vehicle 1
2811.0 888.0 2814.0 897.0 2787.0 897.0 2786.0 886.0 small-vehicle 1
2582.0 972.0 2582.0 984.0 2553.0 983.0 2551.0 972.0 small-vehicle 0
2631.0 984.0 2618.0 982.0 2622.0 960.0 2636.0 961.0 small-vehicle 0
2779.0 979.0 2780.0 994.0 2753.0 994.0 2753.0 982.0 small-vehicle 0
2881.0 981.0 2881.0 994.0 2859.0 994.0 2856.0 982.0 small-vehicle 0
2935.0 982.0 2935.0 994.0 2910.0 995.0 2910.0 983.0 small-vehicle 0
3368.0 1059.0 3355.0 1059.0 3357.0 1039.0 3367.0 1039.0 small-vehicle 0
3070.0 534.0 3070.0 523.0 3092.0 524.0 3095.0 535.0 small-vehicle 0
3072.0 547.0 3070.0 534.0 3093.0 536.0 3093.0 546.0 small-vehicle 0
3015.0 535.0 3013.0 544.0 2990.0 545.0 2990.0 532.0 small-vehicle 0
3017.0 521.0 3016.0 534.0 2990.0 532.0 2993.0 523.0 small-vehicle 0
2868.0 2069.0 2824.0 2068.0 2824.0 2007.0 2867.0 2008.0 plane 0
2960.0 2071.0 2918.0 2070.0 2920.0 2008.0 2961.0 2010.0 plane 0
3005.0 2072.0 2966.0 2071.0 2968.0 2008.0 3010.0 2009.0 plane 0
3098.0 2076.0 3056.0 2073.0 3061.0 2009.0 3105.0 2012.0 plane 0
3147.0 2078.0 3106.0 2076.0 3107.0 2013.0 3149.0 2014.0 plane 0
3199.0 2081.0 3155.0 2079.0 3157.0 2017.0 3200.0 2018.0 plane 0
3113.0 1685.0 3152.0 1686.0 3149.0 1748.0 3107.0 1746.0 plane 0
3156.0 1686.0 3200.0 1686.0 3199.0 1749.0 3157.0 1747.0 plane 0
3328.0 1562.0 3370.0 1562.0 3368.0 1623.0 3324.0 1620.0 plane 0
4302.0 1635.0 4270.0 1604.0 4323.0 1554.0 4350.0 1593.0 plane 0
4300.0 1516.0 4276.0 1482.0 4328.0 1439.0 4352.0 1479.0 plane 0
4657.0 823.0 4533.0 810.0 4550.0 672.0 4675.0 684.0 plane 0
4515.0 839.0 4575.0 842.0 4570.0 914.0 4507.0 908.0 plane 0
4601.0 819.0 4670.0 824.0 4663.0 899.0 4592.0 892.0 plane 0
4832.0 244.0 4852.0 244.0 4857.0 291.0 4843.0 290.0 bridge 0
6340.0 556.0 6324.0 556.0 6326.0 533.0 6339.0 532.0 small-vehicle 0
6339.0 615.0 6327.0 616.0 6329.0 595.0 6338.0 594.0 small-vehicle 0
6322.0 651.0 6310.0 652.0 6310.0 630.0 6319.0 630.0 small-vehicle 0
6323.0 733.0 6313.0 734.0 6309.0 709.0 6323.0 708.0 small-vehicle 0
6366.0 704.0 6376.0 701.0 6376.0 723.0 6371.0 723.0 small-vehicle 0
6363.0 630.0 6375.0 629.0 6374.0 654.0 6364.0 654.0 small-vehicle 0
2816.0 2066.0 2777.0 2065.0 2777.0 2003.0 2820.0 2004.0 plane 0
2769.0 2064.0 2728.0 2062.0 2730.0 2000.0 2774.0 2002.0 plane 0
2722.0 2062.0 2679.0 2061.0 2683.0 1998.0 2727.0 2000.0 plane 0
2438.0 1307.0 2441.0 1279.0 2512.0 1282.0 2511.0 1312.0 helicopter 0
2068.0 1277.0 2065.0 1353.0 2013.0 1352.0 2016.0 1274.0 plane 0
2072.0 1211.0 2068.0 1277.0 2016.0 1275.0 2016.0 1210.0 plane 0
2344.0 1311.0 2343.0 1340.0 2262.0 1342.0 2262.0 1311.0 helicopter 0
2343.0 1349.0 2342.0 1374.0 2264.0 1376.0 2264.0 1347.0 helicopter 0
2344.0 1385.0 2342.0 1413.0 2260.0 1410.0 2260.0 1384.0 helicopter 0
2343.0 1422.0 2341.0 1443.0 2260.0 1446.0 2257.0 1420.0 helicopter 0
2443.0 1186.0 2445.0 1156.0 2517.0 1160.0 2514.0 1191.0 helicopter 0
2440.0 1220.0 2443.0 1193.0 2516.0 1193.0 2514.0 1226.0 helicopter 0
2441.0 1274.0 2442.0 1249.0 2516.0 1248.0 2514.0 1275.0 helicopter 0
2439.0 1342.0 2439.0 1313.0 2510.0 1311.0 2510.0 1342.0 helicopter 0
2940.0 2524.0 3101.0 2526.0 3097.0 2650.0 2932.0 2649.0 plane 0
2437.0 1368.0 2438.0 1341.0 2510.0 1343.0 2510.0 1372.0 helicopter 0
2438.0 1405.0 2440.0 1378.0 2511.0 1377.0 2509.0 1406.0 helicopter 0
2438.0 1446.0 2438.0 1418.0 2512.0 1418.0 2510.0 1450.0 helicopter 0
2743.0 1763.0 2584.0 1747.0 2590.0 1632.0 2746.0 1642.0 plane 0
2778.0 1674.0 2822.0 1673.0 2821.0 1743.0 2778.0 1743.0 plane 0
2538.0 2055.0 2494.0 2054.0 2495.0 1989.0 2539.0 1991.0 plane 0
2586.0 2058.0 2542.0 2056.0 2546.0 1992.0 2588.0 1994.0 plane 0
2632.0 2060.0 2590.0 2056.0 2592.0 1995.0 2635.0 1996.0 plane 0
2676.0 2061.0 2637.0 2059.0 2635.0 1995.0 2678.0 1996.0 plane 0
6380.0 652.0 6390.0 652.0 6391.0 674.0 6379.0 674.0 small-vehicle 0
6366.0 669.0 6377.0 669.0 6376.0 686.0 6365.0 686.0 small-vehicle 0
6372.0 385.0 6382.0 386.0 6382.0 404.0 6374.0 405.0 small-vehicle 0
6394.0 3155.0 6408.0 3157.0 6408.0 3180.0 6398.0 3180.0 small-vehicle 0
6383.0 991.0 6394.0 988.0 6396.0 1004.0 6385.0 1006.0 small-vehicle 0
6364.0 1053.0 6354.0 1056.0 6351.0 1033.0 6361.0 1032.0 small-vehicle 0
6388.0 1259.0 6374.0 1260.0 6372.0 1241.0 6384.0 1238.0 small-vehicle 0
6415.0 1276.0 6427.0 1274.0 6429.0 1292.0 6418.0 1294.0 small-vehicle 0
6426.0 2804.0 6440.0 2804.0 6440.0 2824.0 6427.0 2821.0 small-vehicle 0
6408.0 2854.0 6418.0 2856.0 6418.0 2873.0 6407.0 2872.0 small-vehicle 0
6404.0 2934.0 6415.0 2934.0 6414.0 2954.0 6406.0 2954.0 small-vehicle 0
6422.0 2934.0 6434.0 2934.0 6433.0 2958.0 6423.0 2957.0 small-vehicle 0
6402.0 3072.0 6412.0 3073.0 6412.0 3092.0 6402.0 3092.0 small-vehicle 0
3212.0 254.0 3222.0 255.0 3224.0 232.0 3210.0 233.0 small-vehicle 0
6383.0 944.0 6394.0 948.0 6392.0 968.0 6380.0 965.0 small-vehicle 0
3274.0 256.0 3300.0 257.0 3298.0 269.0 3274.0 270.0 small-vehicle 1
3354.0 284.0 3376.0 282.0 3377.0 296.0 3353.0 297.0 small-vehicle 0
3376.0 296.0 3376.0 306.0 3353.0 304.0 3353.0 296.0 small-vehicle 1
3374.0 309.0 3352.0 309.0 3350.0 320.0 3374.0 318.0 small-vehicle 1
2292.0 97.0 2295.0 109.0 2269.0 111.0 2266.0 102.0 small-vehicle 0
2604.0 493.0 2615.0 491.0 2615.0 517.0 2603.0 518.0 small-vehicle 0
2992.0 472.0 2993.0 484.0 2965.0 484.0 2964.0 473.0 small-vehicle 0
2969.0 496.0 2968.0 485.0 2991.0 486.0 2990.0 498.0 small-vehicle 0
3022.0 496.0 3020.0 509.0 2997.0 507.0 2996.0 496.0 small-vehicle 0
6334.0 957.0 6320.0 960.0 6318.0 934.0 6329.0 933.0 large-vehicle 0
6394.0 888.0 6405.0 888.0 6404.0 906.0 6396.0 906.0 small-vehicle 0
6387.0 381.0 6396.0 378.0 6399.0 398.0 6389.0 398.0 small-vehicle 0
6366.0 553.0 6376.0 554.0 6376.0 576.0 6366.0 575.0 large-vehicle 0
6372.0 420.0 6382.0 420.0 6382.0 441.0 6372.0 442.0 small-vehicle 0
6388.0 411.0 6399.0 410.0 6398.0 430.0 6388.0 430.0 small-vehicle 0
6387.0 442.0 6396.0 442.0 6396.0 459.0 6385.0 459.0 small-vehicle 0
6370.0 456.0 6381.0 456.0 6382.0 476.0 6372.0 476.0 small-vehicle 0
6386.0 467.0 6396.0 467.0 6396.0 486.0 6388.0 486.0 small-vehicle 0
6372.0 485.0 6380.0 485.0 6379.0 503.0 6369.0 503.0 small-vehicle 0
6384.0 503.0 6395.0 503.0 6394.0 524.0 6384.0 524.0 small-vehicle 0
6368.0 518.0 6380.0 519.0 6380.0 538.0 6371.0 537.0 small-vehicle 0
6382.0 545.0 6391.0 545.0 6392.0 562.0 6383.0 561.0 small-vehicle 0
6366.0 594.0 6374.0 594.0 6374.0 614.0 6366.0 614.0 small-vehicle 0
6376.0 893.0 6386.0 892.0 6388.0 914.0 6376.0 913.0 small-vehicle 0
6380.0 596.0 6390.0 596.0 6389.0 615.0 6381.0 615.0 small-vehicle 0
6366.0 737.0 6378.0 737.0 6376.0 756.0 6368.0 756.0 small-vehicle 0
6382.0 738.0 6392.0 738.0 6392.0 753.0 6384.0 753.0 small-vehicle 0
6368.0 770.0 6379.0 767.0 6379.0 784.0 6371.0 786.0 small-vehicle 0
6367.0 809.0 6380.0 807.0 6382.0 832.0 6370.0 834.0 small-vehicle 0
6387.0 818.0 6400.0 818.0 6400.0 838.0 6388.0 838.0 small-vehicle 0
6346.0 835.0 6332.0 836.0 6331.0 812.0 6342.0 810.0 small-vehicle 0
6330.0 874.0 6318.0 876.0 6318.0 854.0 6326.0 854.0 small-vehicle 0
6372.0 847.0 6384.0 847.0 6385.0 866.0 6374.0 867.0 small-vehicle 0
3067.0 1169.0 3078.0 1169.0 3081.0 1193.0 3069.0 1192.0 small-vehicle 0
3079.0 1170.0 3090.0 1169.0 3091.0 1193.0 3082.0 1193.0 small-vehicle 0
3090.0 1171.0 3102.0 1169.0 3104.0 1193.0 3089.0 1193.0 small-vehicle 0
3729.0 1266.0 3741.0 1267.0 3741.0 1290.0 3729.0 1288.0 small-vehicle 0
3604.0 264.0 3602.0 250.0 3624.0 250.0 3625.0 263.0 small-vehicle 0
3787.0 267.0 3793.0 271.0 3782.0 285.0 3773.0 282.0 small-vehicle 0
3789.0 280.0 3796.0 290.0 3783.0 299.0 3776.0 294.0 small-vehicle 0
3791.0 295.0 3798.0 306.0 3782.0 318.0 3773.0 307.0 small-vehicle 0
3789.0 312.0 3795.0 321.0 3779.0 332.0 3773.0 325.0 small-vehicle 0
3786.0 325.0 3794.0 333.0 3782.0 345.0 3775.0 338.0 small-vehicle 0
3802.0 1835.0 3813.0 1835.0 3812.0 1857.0 3803.0 1860.0 small-vehicle 0
3811.0 1888.0 3811.0 1898.0 3791.0 1897.0 3790.0 1889.0 small-vehicle 0
3811.0 1919.0 3809.0 1930.0 3787.0 1931.0 3785.0 1922.0 small-vehicle 0
3808.0 1953.0 3809.0 1964.0 3784.0 1963.0 3783.0 1956.0 small-vehicle 0
2846.0 2390.0 2855.0 2403.0 2838.0 2410.0 2830.0 2402.0 small-vehicle 0
2846.0 2421.0 2852.0 2432.0 2835.0 2443.0 2825.0 2435.0 small-vehicle 0
2846.0 2438.0 2855.0 2449.0 2836.0 2459.0 2827.0 2449.0 small-vehicle 0
3889.0 1294.0 3876.0 1291.0 3875.0 1266.0 3890.0 1264.0 small-vehicle 0
3770.0 2020.0 3815.0 2020.0 3815.0 2059.0 3770.0 2059.0 storage-tank 0
4719.0 1811.0 4719.0 1799.0 4747.0 1804.0 4747.0 1813.0 small-vehicle 0
4711.0 1800.0 4710.0 1810.0 4687.0 1810.0 4687.0 1799.0 small-vehicle 0
5068.0 1724.0 5071.0 1713.0 5094.0 1716.0 5096.0 1725.0 small-vehicle 0
4893.0 129.0 4903.0 129.0 4904.0 154.0 4892.0 153.0 small-vehicle 0
4877.0 151.0 4868.0 149.0 4868.0 130.0 4879.0 129.0 small-vehicle 0
4915.0 155.0 4904.0 152.0 4906.0 133.0 4917.0 133.0 small-vehicle 0
3651.0 316.0 3649.0 303.0 3669.0 303.0 3671.0 317.0 small-vehicle 0
3720.0 358.0 3732.0 362.0 3722.0 383.0 3711.0 381.0 small-vehicle 0
3706.0 354.0 3719.0 361.0 3710.0 383.0 3700.0 379.0 small-vehicle 0
3704.0 1124.0 3713.0 1124.0 3717.0 1143.0 3706.0 1144.0 small-vehicle 0
3711.0 1215.0 3719.0 1212.0 3724.0 1232.0 3715.0 1234.0 small-vehicle 0
3733.0 1212.0 3745.0 1213.0 3744.0 1235.0 3733.0 1235.0 small-vehicle 0
3756.0 1234.0 3746.0 1234.0 3744.0 1212.0 3754.0 1212.0 small-vehicle 0
3757.0 1214.0 3769.0 1214.0 3770.0 1236.0 3756.0 1235.0 small-vehicle 0
3760.0 1182.0 3771.0 1179.0 3769.0 1204.0 3760.0 1204.0 small-vehicle 0
3747.0 1184.0 3758.0 1183.0 3758.0 1201.0 3749.0 1201.0 small-vehicle 0
3734.0 1180.0 3747.0 1181.0 3746.0 1205.0 3733.0 1205.0 small-vehicle 0
3679.0 1183.0 3688.0 1183.0 3689.0 1203.0 3681.0 1203.0 small-vehicle 0
3624.0 1125.0 3635.0 1125.0 3635.0 1145.0 3627.0 1145.0 small-vehicle 0
3541.0 270.0 3555.0 274.0 3554.0 301.0 3541.0 301.0 small-vehicle 0
3694.0 357.0 3707.0 360.0 3696.0 379.0 3686.0 378.0 small-vehicle 0
3586.0 350.0 3587.0 339.0 3607.0 343.0 3606.0 353.0 small-vehicle 0
3652.0 408.0 3664.0 405.0 3677.0 427.0 3664.0 429.0 small-vehicle 0
3667.0 408.0 3676.0 402.0 3689.0 424.0 3678.0 428.0 small-vehicle 0
3701.0 425.0 3693.0 428.0 3682.0 414.0 3692.0 408.0 small-vehicle 0
3715.0 423.0 3707.0 428.0 3696.0 412.0 3707.0 406.0 small-vehicle 0
3726.0 421.0 3718.0 423.0 3709.0 408.0 3717.0 404.0 small-vehicle 0
3742.0 427.0 3733.0 430.0 3720.0 407.0 3729.0 405.0 small-vehicle 0
3739.0 413.0 3747.0 411.0 3755.0 425.0 3747.0 427.0 small-vehicle 0
3769.0 427.0 3759.0 428.0 3750.0 412.0 3758.0 408.0 small-vehicle 0
4914.0 135.0 4926.0 135.0 4928.0 155.0 4917.0 157.0 small-vehicle 0
4941.0 156.0 4929.0 155.0 4928.0 133.0 4942.0 133.0 small-vehicle 0
4951.0 140.0 4962.0 140.0 4964.0 157.0 4954.0 157.0 small-vehicle 0
3349.0 1308.0 3359.0 1309.0 3358.0 1332.0 3349.0 1332.0 small-vehicle 1
6541.0 282.0 6543.0 271.0 6564.0 271.0 6562.0 283.0 small-vehicle 0
6702.0 331.0 6702.0 342.0 6677.0 343.0 6675.0 332.0 small-vehicle 0
858.0 437.0 851.0 437.0 851.0 416.0 860.0 416.0 small-vehicle 1
240.0 494.0 241.0 486.0 259.0 487.0 258.0 496.0 small-vehicle 1
145.0 1241.0 145.0 1232.0 164.0 1234.0 164.0 1242.0 small-vehicle 1
175.0 1250.0 182.0 1249.0 182.0 1267.0 175.0 1267.0 small-vehicle 1
140.0 1262.0 141.0 1252.0 159.0 1255.0 158.0 1263.0 small-vehicle 1
139.0 1274.0 139.0 1266.0 156.0 1267.0 156.0 1276.0 small-vehicle 1
137.0 1286.0 137.0 1279.0 156.0 1279.0 156.0 1286.0 small-vehicle 1
3147.0 1194.0 3137.0 1194.0 3139.0 1170.0 3149.0 1172.0 small-vehicle 1
6349.0 228.0 6338.0 227.0 6338.0 205.0 6347.0 205.0 small-vehicle 0
3788.0 347.0 3795.0 359.0 3775.0 372.0 3767.0 362.0 small-vehicle 1
3788.0 364.0 3793.0 372.0 3778.0 386.0 3772.0 378.0 small-vehicle 1
3671.0 269.0 3672.0 280.0 3652.0 282.0 3652.0 270.0 small-vehicle 1
3374.0 282.0 3375.0 272.0 3399.0 271.0 3398.0 282.0 small-vehicle 1
3377.0 292.0 3377.0 283.0 3397.0 283.0 3395.0 293.0 small-vehicle 1
3380.0 306.0 3380.0 297.0 3400.0 296.0 3401.0 306.0 small-vehicle 1
6335.0 229.0 6319.0 229.0 6318.0 192.0 6334.0 192.0 large-vehicle 0
5768.0 504.0 5776.0 507.0 5766.0 528.0 5757.0 524.0 small-vehicle 1
5683.0 574.0 5693.0 571.0 5697.0 587.0 5688.0 590.0 small-vehicle 1
6353.0 200.0 6364.0 201.0 6365.0 222.0 6353.0 220.0 small-vehicle 0
6353.0 199.0 6340.0 200.0 6338.0 176.0 6349.0 176.0 small-vehicle 0
4975.0 158.0 4966.0 158.0 4965.0 132.0 4975.0 135.0 small-vehicle 0
5871.0 575.0 5880.0 571.0 5890.0 589.0 5878.0 595.0 small-vehicle 0
5024.0 218.0 5035.0 215.0 5043.0 234.0 5031.0 238.0 small-vehicle 0
5383.0 321.0 5423.0 351.0 5369.0 412.0 5322.0 371.0 plane 0
5442.0 330.0 5475.0 349.0 5436.0 412.0 5397.0 383.0 plane 0
5979.0 1636.0 5960.0 1635.0 5962.0 1544.0 5982.0 1546.0 large-vehicle 0
5727.0 505.0 5740.0 510.0 5730.0 528.0 5718.0 523.0 small-vehicle 0
5741.0 507.0 5751.0 513.0 5740.0 529.0 5731.0 526.0 small-vehicle 0
5873.0 507.0 5886.0 513.0 5871.0 532.0 5860.0 527.0 small-vehicle 0
5890.0 505.0 5901.0 510.0 5894.0 530.0 5880.0 526.0 small-vehicle 0
5858.0 580.0 5871.0 578.0 5879.0 597.0 5868.0 598.0 small-vehicle 0
5891.0 568.0 5903.0 563.0 5911.0 580.0 5902.0 586.0 small-vehicle 0
5877.0 728.0 5868.0 732.0 5859.0 715.0 5865.0 710.0 small-vehicle 0
5760.0 575.0 5750.0 582.0 5740.0 562.0 5750.0 554.0 small-vehicle 0
5725.0 582.0 5736.0 576.0 5744.0 592.0 5732.0 594.0 small-vehicle 0
5730.0 592.0 5720.0 597.0 5711.0 579.0 5721.0 572.0 small-vehicle 0
5697.0 579.0 5707.0 574.0 5715.0 590.0 5705.0 594.0 small-vehicle 0
5902.0 681.0 5892.0 677.0 5904.0 656.0 5911.0 660.0 small-vehicle 0
5944.0 735.0 5936.0 736.0 5929.0 716.0 5940.0 713.0 small-vehicle 0
5934.0 731.0 5926.0 735.0 5911.0 717.0 5922.0 712.0 small-vehicle 0
5919.0 731.0 5908.0 734.0 5896.0 716.0 5907.0 712.0 small-vehicle 0
5892.0 728.0 5881.0 732.0 5872.0 713.0 5882.0 710.0 small-vehicle 0
3700.0 1210.0 3713.0 1209.0 3714.0 1232.0 3701.0 1234.0 small-vehicle 0
3664.0 1208.0 3678.0 1207.0 3678.0 1231.0 3666.0 1230.0 small-vehicle 0
3103.0 1172.0 3112.0 1171.0 3114.0 1192.0 3104.0 1191.0 small-vehicle 0
3807.0 1293.0 3795.0 1290.0 3798.0 1269.0 3813.0 1267.0 small-vehicle 0
3249.0 1227.0 3260.0 1229.0 3258.0 1250.0 3248.0 1250.0 small-vehicle 0
3260.0 1229.0 3270.0 1229.0 3268.0 1251.0 3259.0 1251.0 small-vehicle 0
3283.0 1233.0 3293.0 1231.0 3293.0 1255.0 3282.0 1252.0 small-vehicle 0
3295.0 1232.0 3307.0 1232.0 3307.0 1254.0 3297.0 1252.0 small-vehicle 0
3308.0 1229.0 3319.0 1229.0 3319.0 1255.0 3308.0 1254.0 small-vehicle 0
3400.0 1277.0 3387.0 1277.0 3386.0 1254.0 3398.0 1255.0 small-vehicle 0
3366.0 1257.0 3374.0 1256.0 3376.0 1277.0 3366.0 1277.0 small-vehicle 0
3365.0 1275.0 3354.0 1276.0 3355.0 1256.0 3366.0 1255.0 small-vehicle 0
3355.0 1276.0 3340.0 1277.0 3340.0 1251.0 3353.0 1251.0 small-vehicle 0
3304.0 1255.0 3316.0 1252.0 3316.0 1273.0 3304.0 1274.0 small-vehicle 0
3292.0 1273.0 3279.0 1273.0 3279.0 1251.0 3291.0 1251.0 small-vehicle 0
3281.0 1276.0 3270.0 1277.0 3269.0 1254.0 3278.0 1254.0 small-vehicle 0
3260.0 1276.0 3247.0 1275.0 3248.0 1252.0 3260.0 1251.0 small-vehicle 0
3249.0 1273.0 3235.0 1273.0 3235.0 1251.0 3246.0 1251.0 small-vehicle 0
3235.0 1274.0 3224.0 1273.0 3224.0 1251.0 3237.0 1249.0 small-vehicle 0
3176.0 1301.0 3188.0 1300.0 3189.0 1327.0 3177.0 1327.0 small-vehicle 0
3187.0 1303.0 3202.0 1300.0 3202.0 1326.0 3191.0 1325.0 small-vehicle 0
3201.0 1305.0 3212.0 1305.0 3211.0 1325.0 3202.0 1327.0 small-vehicle 0
3227.0 1327.0 3216.0 1327.0 3216.0 1299.0 3228.0 1299.0 small-vehicle 0
3247.0 1329.0 3235.0 1327.0 3237.0 1306.0 3249.0 1306.0 small-vehicle 0
3253.0 1328.0 3246.0 1327.0 3249.0 1307.0 3260.0 1307.0 small-vehicle 0
3224.0 1228.0 3235.0 1227.0 3235.0 1250.0 3224.0 1248.0 small-vehicle 0
3224.0 1247.0 3213.0 1248.0 3216.0 1228.0 3224.0 1227.0 small-vehicle 0
3313.0 1178.0 3322.0 1176.0 3326.0 1201.0 3315.0 1201.0 small-vehicle 0
3123.0 1226.0 3133.0 1229.0 3132.0 1243.0 3122.0 1243.0 small-vehicle 1
3115.0 1171.0 3125.0 1172.0 3124.0 1193.0 3114.0 1193.0 small-vehicle 0
3136.0 1194.0 3126.0 1191.0 3125.0 1170.0 3138.0 1170.0 small-vehicle 0
3018.0 1219.0 3029.0 1221.0 3030.0 1241.0 3018.0 1243.0 small-vehicle 0
3029.0 1223.0 3041.0 1222.0 3041.0 1244.0 3030.0 1244.0 small-vehicle 0
3039.0 1218.0 3053.0 1218.0 3053.0 1245.0 3042.0 1245.0 small-vehicle 0
3053.0 1218.0 3066.0 1220.0 3064.0 1244.0 3053.0 1245.0 small-vehicle 0
3089.0 1244.0 3078.0 1244.0 3078.0 1221.0 3088.0 1220.0 small-vehicle 0
3091.0 1218.0 3101.0 1220.0 3099.0 1240.0 3089.0 1241.0 small-vehicle 0
3111.0 1244.0 3102.0 1244.0 3100.0 1221.0 3113.0 1222.0 small-vehicle 0
3136.0 1224.0 3146.0 1224.0 3147.0 1244.0 3135.0 1242.0 small-vehicle 0
3287.0 1176.0 3300.0 1175.0 3300.0 1200.0 3289.0 1199.0 small-vehicle 0
3151.0 1226.0 3163.0 1224.0 3163.0 1245.0 3152.0 1245.0 small-vehicle 0
3195.0 1195.0 3182.0 1193.0 3184.0 1170.0 3196.0 1171.0 small-vehicle 0
3209.0 1198.0 3196.0 1197.0 3196.0 1169.0 3209.0 1171.0 small-vehicle 0
3220.0 1196.0 3210.0 1196.0 3212.0 1173.0 3220.0 1173.0 small-vehicle 0
3220.0 1177.0 3231.0 1176.0 3232.0 1200.0 3220.0 1200.0 small-vehicle 0
3243.0 1199.0 3231.0 1199.0 3232.0 1176.0 3243.0 1176.0 small-vehicle 0
3256.0 1200.0 3243.0 1200.0 3245.0 1175.0 3257.0 1175.0 small-vehicle 0
3264.0 1200.0 3257.0 1199.0 3256.0 1180.0 3264.0 1178.0 small-vehicle 0
3265.0 1179.0 3275.0 1181.0 3274.0 1198.0 3266.0 1198.0 small-vehicle 0
3268.0 1330.0 3256.0 1327.0 3258.0 1301.0 3271.0 1303.0 small-vehicle 0
3293.0 1331.0 3278.0 1331.0 3277.0 1306.0 3289.0 1303.0 small-vehicle 0
3313.0 1330.0 3300.0 1331.0 3297.0 1307.0 3310.0 1306.0 small-vehicle 0
3557.0 1256.0 3570.0 1255.0 3573.0 1281.0 3560.0 1284.0 small-vehicle 0
3700.0 1378.0 3711.0 1377.0 3712.0 1400.0 3700.0 1400.0 small-vehicle 0
3675.0 1379.0 3689.0 1377.0 3693.0 1400.0 3678.0 1400.0 small-vehicle 0
3612.0 1377.0 3627.0 1377.0 3629.0 1399.0 3613.0 1399.0 small-vehicle 0
3558.0 1344.0 3568.0 1341.0 3572.0 1364.0 3558.0 1365.0 small-vehicle 0
3613.0 1347.0 3625.0 1344.0 3626.0 1371.0 3615.0 1370.0 small-vehicle 0
3658.0 1371.0 3648.0 1371.0 3646.0 1349.0 3659.0 1350.0 small-vehicle 0
3709.0 1352.0 3720.0 1353.0 3722.0 1373.0 3710.0 1373.0 small-vehicle 0
3735.0 1376.0 3722.0 1375.0 3721.0 1355.0 3733.0 1353.0 small-vehicle 0
3583.0 1291.0 3598.0 1291.0 3598.0 1317.0 3584.0 1318.0 small-vehicle 0
3688.0 1286.0 3673.0 1287.0 3674.0 1267.0 3689.0 1267.0 small-vehicle 0
3754.0 1403.0 3740.0 1403.0 3738.0 1377.0 3751.0 1378.0 small-vehicle 0
3711.0 1302.0 3722.0 1302.0 3721.0 1321.0 3709.0 1321.0 small-vehicle 0
3730.0 1298.0 3744.0 1297.0 3743.0 1320.0 3731.0 1322.0 small-vehicle 0
3742.0 1299.0 3751.0 1298.0 3753.0 1322.0 3744.0 1323.0 small-vehicle 0
3784.0 1321.0 3772.0 1324.0 3770.0 1302.0 3785.0 1302.0 small-vehicle 0
3797.0 1324.0 3788.0 1324.0 3783.0 1302.0 3794.0 1302.0 small-vehicle 0
3744.0 1269.0 3752.0 1269.0 3752.0 1289.0 3742.0 1290.0 small-vehicle 0
3763.0 1289.0 3754.0 1289.0 3754.0 1263.0 3766.0 1264.0 small-vehicle 0
3785.0 1291.0 3775.0 1291.0 3773.0 1266.0 3784.0 1265.0 small-vehicle 0
3786.0 1263.0 3798.0 1263.0 3798.0 1288.0 3787.0 1292.0 small-vehicle 0
3722.0 1381.0 3733.0 1377.0 3733.0 1401.0 3724.0 1401.0 small-vehicle 0
3753.0 1380.0 3764.0 1378.0 3768.0 1401.0 3757.0 1404.0 small-vehicle 0
3327.0 1305.0 3336.0 1306.0 3339.0 1335.0 3328.0 1335.0 small-vehicle 0
3657.0 1453.0 3647.0 1453.0 3645.0 1433.0 3657.0 1429.0 small-vehicle 0
3338.0 1304.0 3349.0 1304.0 3350.0 1333.0 3340.0 1334.0 small-vehicle 0
3420.0 1310.0 3431.0 1309.0 3432.0 1336.0 3420.0 1335.0 small-vehicle 0
3441.0 1309.0 3453.0 1308.0 3453.0 1335.0 3443.0 1336.0 small-vehicle 0
3454.0 1313.0 3464.0 1309.0 3467.0 1337.0 3456.0 1337.0 small-vehicle 0
3554.0 1429.0 3566.0 1428.0 3570.0 1454.0 3558.0 1459.0 small-vehicle 0
3566.0 1428.0 3578.0 1428.0 3582.0 1455.0 3569.0 1453.0 small-vehicle 0
3579.0 1434.0 3593.0 1434.0 3594.0 1454.0 3581.0 1457.0 small-vehicle 0
3604.0 1430.0 3613.0 1429.0 3617.0 1456.0 3603.0 1455.0 small-vehicle 0
3629.0 1455.0 3620.0 1455.0 3615.0 1430.0 3627.0 1429.0 small-vehicle 0
3666.0 1434.0 3678.0 1433.0 3678.0 1457.0 3665.0 1458.0 small-vehicle 0
3802.0 1463.0 3794.0 1462.0 3791.0 1437.0 3805.0 1436.0 small-vehicle 0
3690.0 1457.0 3679.0 1457.0 3677.0 1430.0 3689.0 1431.0 small-vehicle 0
3700.0 1455.0 3691.0 1455.0 3689.0 1434.0 3700.0 1430.0 small-vehicle 0
3701.0 1435.0 3709.0 1434.0 3708.0 1456.0 3700.0 1457.0 small-vehicle 0
3720.0 1457.0 3711.0 1457.0 3707.0 1433.0 3720.0 1431.0 small-vehicle 0
3729.0 1455.0 3720.0 1455.0 3719.0 1433.0 3729.0 1433.0 small-vehicle 0
3751.0 1458.0 3737.0 1458.0 3738.0 1437.0 3753.0 1434.0 small-vehicle 0
3756.0 1439.0 3766.0 1436.0 3773.0 1460.0 3760.0 1462.0 small-vehicle 0
3769.0 1437.0 3780.0 1434.0 3781.0 1459.0 3772.0 1461.0 small-vehicle 0
3794.0 1460.0 3781.0 1460.0 3780.0 1438.0 3791.0 1437.0 small-vehicle 0
2075.0 1402.0 2072.0 1448.0 2010.0 1450.0 2011.0 1399.0 plane 0
