imagesource:GoogleEarth
gsd:0.139309939608
6945.0 2082.0 6934.0 2096.0 6891.0 2071.0 6903.0 2049.0 large-vehicle 1
4520.0 750.0 4528.0 735.0 4559.0 751.0 4551.0 765.0 small-vehicle 1
4127.0 720.0 4134.0 723.0 4122.0 754.0 4107.0 745.0 small-vehicle 1
4145.0 677.0 4158.0 686.0 4140.0 715.0 4125.0 711.0 small-vehicle 1
4178.0 625.0 4193.0 636.0 4177.0 659.0 4163.0 655.0 small-vehicle 1
4205.0 586.0 4217.0 598.0 4196.0 628.0 4181.0 623.0 small-vehicle 1
4239.0 549.0 4228.0 540.0 4245.0 511.0 4261.0 518.0 small-vehicle 1
4261.0 514.0 4247.0 508.0 4266.0 479.0 4276.0 486.0 small-vehicle 1
4281.0 478.0 4268.0 472.0 4287.0 441.0 4300.0 449.0 small-vehicle 1
4366.0 382.0 4380.0 390.0 4361.0 422.0 4345.0 413.0 small-vehicle 1
4343.0 408.0 4331.0 399.0 4348.0 371.0 4360.0 379.0 small-vehicle 1
4325.0 409.0 4311.0 398.0 4330.0 369.0 4341.0 376.0 small-vehicle 1
4178.0 148.0 4183.0 136.0 4213.0 154.0 4205.0 167.0 small-vehicle 1
3815.0 72.0 3802.0 63.0 3817.0 36.0 3833.0 43.0 small-vehicle 1
3833.0 80.0 3817.0 70.0 3836.0 43.0 3849.0 48.0 small-vehicle 1
3848.0 88.0 3834.0 79.0 3849.0 50.0 3862.0 60.0 small-vehicle 1
3864.0 98.0 3850.0 90.0 3870.0 56.0 3886.0 66.0 small-vehicle 1
4107.0 754.0 4118.0 760.0 4102.0 788.0 4093.0 779.0 small-vehicle 1
4540.0 697.0 4547.0 684.0 4572.0 697.0 4568.0 711.0 small-vehicle 1
3894.0 116.0 3882.0 111.0 3901.0 79.0 3913.0 86.0 small-vehicle 1
4078.0 789.0 4093.0 799.0 4077.0 824.0 4064.0 817.0 small-vehicle 1
3809.0 972.0 3812.0 957.0 3847.0 957.0 3847.0 972.0 small-vehicle 1
3748.0 1032.0 3761.0 1031.0 3770.0 1057.0 3756.0 1059.0 small-vehicle 1
3733.0 1061.0 3746.0 1049.0 3764.0 1074.0 3752.0 1082.0 small-vehicle 1
3613.0 1080.0 3619.0 1064.0 3652.0 1078.0 3648.0 1092.0 small-vehicle 1
3866.0 1150.0 3877.0 1158.0 3862.0 1185.0 3852.0 1179.0 small-vehicle 1
3887.0 1111.0 3901.0 1119.0 3886.0 1145.0 3873.0 1139.0 small-vehicle 1
3910.0 1072.0 3921.0 1076.0 3909.0 1105.0 3894.0 1098.0 small-vehicle 1
3930.0 1039.0 3942.0 1045.0 3924.0 1073.0 3913.0 1067.0 small-vehicle 1
3943.0 1010.0 3956.0 1019.0 3945.0 1040.0 3932.0 1035.0 small-vehicle 1
3769.0 1006.0 3786.0 997.0 3796.0 1032.0 3782.0 1039.0 small-vehicle 1
4001.0 1026.0 3988.0 1020.0 4000.0 997.0 4011.0 1001.0 small-vehicle 1
3994.0 936.0 4006.0 943.0 3987.0 971.0 3974.0 965.0 small-vehicle 1
4012.0 902.0 4025.0 911.0 4007.0 937.0 3998.0 929.0 small-vehicle 1
4037.0 862.0 4047.0 870.0 4034.0 892.0 4021.0 885.0 small-vehicle 1
4059.0 826.0 4071.0 837.0 4057.0 860.0 4043.0 854.0 small-vehicle 1
3877.0 109.0 3865.0 99.0 3884.0 70.0 3897.0 78.0 small-vehicle 1
3910.0 124.0 3898.0 114.0 3916.0 84.0 3928.0 91.0 small-vehicle 1
3667.0 1180.0 3674.0 1172.0 3694.0 1188.0 3685.0 1198.0 small-vehicle 1
3730.0 69.0 3741.0 77.0 3728.0 107.0 3712.0 101.0 small-vehicle 1
3766.0 88.0 3777.0 95.0 3755.0 125.0 3746.0 119.0 small-vehicle 1
3780.0 96.0 3793.0 106.0 3776.0 139.0 3763.0 133.0 small-vehicle 1
3795.0 146.0 3779.0 138.0 3797.0 108.0 3809.0 113.0 small-vehicle 1
3807.0 154.0 3794.0 144.0 3812.0 116.0 3826.0 122.0 small-vehicle 1
3827.0 125.0 3842.0 134.0 3823.0 164.0 3812.0 157.0 small-vehicle 1
3845.0 132.0 3863.0 145.0 3840.0 172.0 3827.0 164.0 small-vehicle 1
3857.0 144.0 3871.0 153.0 3854.0 184.0 3838.0 173.0 small-vehicle 1
3878.0 157.0 3894.0 165.0 3874.0 195.0 3858.0 185.0 small-vehicle 1
3894.0 165.0 3910.0 177.0 3888.0 211.0 3878.0 198.0 small-vehicle 1
3913.0 178.0 3925.0 184.0 3910.0 217.0 3897.0 208.0 small-vehicle 1
3926.0 185.0 3941.0 194.0 3924.0 221.0 3911.0 214.0 small-vehicle 1
3947.0 196.0 3960.0 205.0 3943.0 235.0 3929.0 227.0 small-vehicle 1
3965.0 212.0 3974.0 217.0 3959.0 244.0 3950.0 239.0 small-vehicle 1
4018.0 240.0 4030.0 245.0 4015.0 276.0 4004.0 270.0 small-vehicle 1
4037.0 250.0 4047.0 257.0 4030.0 286.0 4017.0 281.0 small-vehicle 1
3747.0 74.0 3765.0 87.0 3741.0 115.0 3729.0 112.0 small-vehicle 1
3716.0 59.0 3728.0 65.0 3712.0 96.0 3698.0 85.0 small-vehicle 1
3927.0 134.0 3911.0 126.0 3931.0 96.0 3941.0 107.0 small-vehicle 1
3684.0 39.0 3699.0 50.0 3681.0 76.0 3666.0 71.0 small-vehicle 1
3958.0 158.0 3942.0 147.0 3964.0 116.0 3977.0 123.0 small-vehicle 1
3976.0 165.0 3958.0 159.0 3977.0 123.0 3991.0 129.0 small-vehicle 1
3989.0 173.0 3976.0 167.0 3994.0 130.0 4006.0 137.0 small-vehicle 1
4003.0 185.0 3991.0 176.0 4007.0 149.0 4016.0 155.0 small-vehicle 1
4019.0 189.0 4005.0 182.0 4021.0 155.0 4035.0 159.0 small-vehicle 1
4036.0 199.0 4020.0 189.0 4041.0 160.0 4051.0 168.0 small-vehicle 1
4050.0 205.0 4035.0 197.0 4050.0 169.0 4062.0 174.0 small-vehicle 1
4067.0 216.0 4054.0 210.0 4069.0 185.0 4084.0 190.0 small-vehicle 1
4079.0 227.0 4066.0 218.0 4088.0 190.0 4101.0 197.0 small-vehicle 1
4095.0 239.0 4081.0 227.0 4099.0 203.0 4113.0 207.0 small-vehicle 1
4111.0 251.0 4098.0 241.0 4116.0 214.0 4130.0 225.0 small-vehicle 1
4125.0 259.0 4112.0 251.0 4128.0 221.0 4143.0 230.0 small-vehicle 1
4137.0 268.0 4128.0 260.0 4147.0 232.0 4159.0 240.0 small-vehicle 1
4155.0 277.0 4145.0 268.0 4161.0 240.0 4172.0 245.0 small-vehicle 1
4171.0 288.0 4159.0 281.0 4175.0 247.0 4191.0 254.0 small-vehicle 1
3717.0 1108.0 3732.0 1104.0 3739.0 1130.0 3729.0 1133.0 small-vehicle 1
3679.0 1226.0 3692.0 1229.0 3683.0 1258.0 3668.0 1257.0 small-vehicle 1
4067.0 2071.0 4057.0 2087.0 4024.0 2069.0 4031.0 2057.0 small-vehicle 1
4345.0 2229.0 4337.0 2242.0 4309.0 2225.0 4314.0 2214.0 small-vehicle 1
4322.0 2266.0 4310.0 2273.0 4289.0 2247.0 4299.0 2234.0 small-vehicle 1
4299.0 2273.0 4287.0 2282.0 4270.0 2257.0 4286.0 2245.0 small-vehicle 1
4289.0 2292.0 4271.0 2295.0 4256.0 2264.0 4269.0 2254.0 small-vehicle 1
4260.0 2291.0 4242.0 2291.0 4242.0 2255.0 4256.0 2258.0 small-vehicle 1
4236.0 2287.0 4221.0 2281.0 4228.0 2251.0 4238.0 2250.0 small-vehicle 1
4165.0 2190.0 4166.0 2172.0 4198.0 2176.0 4195.0 2192.0 small-vehicle 1
4167.0 2165.0 4174.0 2153.0 4207.0 2162.0 4202.0 2172.0 small-vehicle 1
4179.0 2152.0 4179.0 2137.0 4212.0 2147.0 4211.0 2157.0 small-vehicle 1
4209.0 2121.0 4214.0 2109.0 4246.0 2118.0 4238.0 2128.0 small-vehicle 1
4243.0 2160.0 4233.0 2146.0 4260.0 2128.0 4269.0 2136.0 small-vehicle 1
4233.0 2112.0 4230.0 2099.0 4266.0 2105.0 4267.0 2116.0 small-vehicle 1
4232.0 2593.0 4236.0 2606.0 4200.0 2615.0 4192.0 2603.0 small-vehicle 1
4412.0 2971.0 4404.0 2983.0 4375.0 2965.0 4380.0 2951.0 small-vehicle 1
4407.0 1222.0 4416.0 1207.0 4447.0 1222.0 4437.0 1232.0 small-vehicle 1
4366.0 1259.0 4379.0 1242.0 4410.0 1262.0 4397.0 1273.0 small-vehicle 1
4333.0 2249.0 4324.0 2259.0 4300.0 2234.0 4309.0 2226.0 small-vehicle 1
4171.0 1999.0 4176.0 1986.0 4203.0 2003.0 4196.0 2016.0 small-vehicle 1
4396.0 1300.0 4391.0 1310.0 4359.0 1298.0 4359.0 1285.0 small-vehicle 1
4153.0 2031.0 4160.0 2017.0 4188.0 2034.0 4184.0 2046.0 small-vehicle 1
4048.0 2110.0 4038.0 2127.0 4005.0 2103.0 4014.0 2087.0 small-vehicle 1
4103.0 2108.0 4109.0 2094.0 4138.0 2108.0 4129.0 2119.0 small-vehicle 1
4113.0 2094.0 4123.0 2079.0 4149.0 2096.0 4139.0 2105.0 small-vehicle 1
4037.0 2054.0 4044.0 2043.0 4074.0 2054.0 4069.0 2068.0 small-vehicle 1
4044.0 2038.0 4054.0 2024.0 4082.0 2037.0 4078.0 2049.0 small-vehicle 1
4056.0 2023.0 4064.0 2008.0 4091.0 2027.0 4085.0 2036.0 small-vehicle 1
4064.0 2005.0 4070.0 1993.0 4100.0 2012.0 4092.0 2027.0 small-vehicle 1
4073.0 1994.0 4086.0 1979.0 4111.0 1999.0 4104.0 2007.0 small-vehicle 1
4083.0 1977.0 4089.0 1965.0 4119.0 1981.0 4114.0 1990.0 small-vehicle 1
4091.0 1960.0 4100.0 1948.0 4129.0 1962.0 4122.0 1979.0 small-vehicle 1
4100.0 1948.0 4110.0 1934.0 4136.0 1949.0 4128.0 1962.0 small-vehicle 1
4112.0 1934.0 4120.0 1923.0 4151.0 1937.0 4144.0 1954.0 small-vehicle 1
4125.0 2080.0 4130.0 2067.0 4157.0 2079.0 4152.0 2093.0 small-vehicle 1
4133.0 2066.0 4138.0 2053.0 4164.0 2066.0 4156.0 2078.0 small-vehicle 1
4138.0 2044.0 4151.0 2034.0 4175.0 2049.0 4167.0 2062.0 small-vehicle 1
4402.0 1282.0 4395.0 1292.0 4360.0 1276.0 4367.0 1263.0 small-vehicle 1
4362.0 1330.0 4356.0 1341.0 4329.0 1324.0 4335.0 1312.0 small-vehicle 1
3709.0 1265.0 3721.0 1272.0 3707.0 1301.0 3695.0 1295.0 small-vehicle 1
3754.0 1553.0 3735.0 1549.0 3745.0 1517.0 3758.0 1516.0 small-vehicle 1
3736.0 1513.0 3718.0 1512.0 3723.0 1484.0 3738.0 1485.0 small-vehicle 1
3713.0 1508.0 3696.0 1504.0 3709.0 1475.0 3717.0 1478.0 small-vehicle 1
3692.0 1503.0 3679.0 1492.0 3693.0 1465.0 3703.0 1472.0 small-vehicle 1
3652.0 1450.0 3643.0 1442.0 3664.0 1422.0 3672.0 1430.0 small-vehicle 1
3663.0 1463.0 3655.0 1449.0 3678.0 1431.0 3686.0 1444.0 small-vehicle 1
3684.0 1447.0 3692.0 1457.0 3674.0 1480.0 3663.0 1469.0 small-vehicle 1
3744.0 1429.0 3732.0 1432.0 3721.0 1407.0 3730.0 1402.0 small-vehicle 1
3669.0 1400.0 3676.0 1406.0 3654.0 1426.0 3649.0 1418.0 small-vehicle 1
3644.0 1377.0 3636.0 1365.0 3666.0 1349.0 3667.0 1367.0 small-vehicle 1
3655.0 1340.0 3662.0 1351.0 3633.0 1365.0 3626.0 1355.0 small-vehicle 1
3742.0 1405.0 3732.0 1392.0 3758.0 1380.0 3764.0 1393.0 small-vehicle 1
3757.0 1359.0 3765.0 1375.0 3727.0 1386.0 3722.0 1374.0 small-vehicle 1
3739.0 1349.0 3746.0 1357.0 3721.0 1376.0 3710.0 1367.0 small-vehicle 1
3654.0 1289.0 3644.0 1301.0 3618.0 1281.0 3627.0 1268.0 small-vehicle 1
3665.0 1275.0 3657.0 1285.0 3627.0 1268.0 3633.0 1253.0 small-vehicle 1
3760.0 1509.0 3748.0 1514.0 3741.0 1484.0 3756.0 1478.0 small-vehicle 1
4014.0 1512.0 4012.0 1527.0 3976.0 1518.0 3980.0 1500.0 small-vehicle 1
4337.0 1377.0 4326.0 1387.0 4298.0 1364.0 4306.0 1352.0 small-vehicle 1
4180.0 1343.0 4185.0 1327.0 4216.0 1346.0 4209.0 1359.0 small-vehicle 1
4273.0 1396.0 4278.0 1382.0 4308.0 1396.0 4301.0 1408.0 small-vehicle 1
4267.0 1407.0 4272.0 1397.0 4301.0 1413.0 4291.0 1424.0 small-vehicle 1
4286.0 1450.0 4281.0 1462.0 4254.0 1448.0 4260.0 1432.0 small-vehicle 1
4338.0 1435.0 4328.0 1448.0 4300.0 1426.0 4306.0 1411.0 small-vehicle 1
4343.0 1418.0 4333.0 1427.0 4305.0 1408.0 4313.0 1397.0 small-vehicle 1
4236.0 1210.0 4240.0 1199.0 4268.0 1209.0 4261.0 1226.0 small-vehicle 1
4259.0 1248.0 4263.0 1236.0 4294.0 1252.0 4290.0 1266.0 small-vehicle 1
4223.0 1231.0 4229.0 1215.0 4260.0 1231.0 4252.0 1246.0 small-vehicle 1
4273.0 1212.0 4280.0 1199.0 4307.0 1215.0 4301.0 1225.0 small-vehicle 1
4282.0 1194.0 4287.0 1182.0 4316.0 1196.0 4309.0 1210.0 small-vehicle 1
4242.0 1194.0 4247.0 1180.0 4278.0 1198.0 4269.0 1206.0 small-vehicle 1
4252.0 1175.0 4261.0 1164.0 4291.0 1177.0 4282.0 1190.0 small-vehicle 1
4294.0 1173.0 4302.0 1163.0 4331.0 1183.0 4320.0 1192.0 small-vehicle 1
4282.0 1124.0 4293.0 1108.0 4327.0 1120.0 4319.0 1138.0 small-vehicle 1
4186.0 1326.0 4196.0 1310.0 4226.0 1325.0 4218.0 1341.0 small-vehicle 1
4048.0 259.0 4061.0 268.0 4043.0 297.0 4030.0 293.0 small-vehicle 1
4065.0 268.0 4077.0 276.0 4059.0 306.0 4044.0 301.0 small-vehicle 1
4078.0 278.0 4090.0 284.0 4073.0 313.0 4062.0 307.0 small-vehicle 1
2816.0 886.0 2830.0 893.0 2812.0 924.0 2802.0 918.0 small-vehicle 1
2999.0 700.0 3014.0 708.0 2994.0 738.0 2982.0 730.0 small-vehicle 1
2963.0 838.0 2976.0 845.0 2959.0 873.0 2947.0 865.0 small-vehicle 1
2978.0 848.0 2993.0 856.0 2972.0 885.0 2963.0 878.0 small-vehicle 1
3000.0 855.0 3011.0 865.0 2994.0 892.0 2980.0 886.0 small-vehicle 1
3012.0 866.0 3026.0 874.0 3008.0 900.0 2998.0 894.0 small-vehicle 1
3027.0 933.0 3033.0 920.0 3065.0 940.0 3056.0 950.0 small-vehicle 1
3040.0 918.0 3048.0 907.0 3072.0 923.0 3066.0 931.0 small-vehicle 1
3046.0 898.0 3054.0 884.0 3079.0 900.0 3074.0 911.0 small-vehicle 1
3058.0 881.0 3065.0 871.0 3087.0 886.0 3081.0 895.0 small-vehicle 1
3065.0 869.0 3071.0 861.0 3097.0 877.0 3092.0 887.0 small-vehicle 1
3076.0 854.0 3084.0 841.0 3111.0 860.0 3103.0 870.0 small-vehicle 1
3087.0 832.0 3092.0 822.0 3118.0 839.0 3110.0 850.0 small-vehicle 1
3100.0 818.0 3108.0 807.0 3133.0 823.0 3122.0 834.0 small-vehicle 1
3109.0 799.0 3115.0 788.0 3144.0 806.0 3133.0 815.0 small-vehicle 1
3116.0 776.0 3122.0 767.0 3149.0 784.0 3141.0 793.0 small-vehicle 1
2793.0 876.0 2808.0 885.0 2790.0 911.0 2778.0 904.0 small-vehicle 1
2834.0 899.0 2845.0 904.0 2828.0 939.0 2817.0 932.0 small-vehicle 1
2960.0 676.0 2974.0 682.0 2956.0 711.0 2943.0 705.0 small-vehicle 1
2856.0 913.0 2868.0 922.0 2850.0 950.0 2838.0 942.0 small-vehicle 1
3385.0 105.0 3374.0 94.0 3389.0 72.0 3398.0 76.0 small-vehicle 1
3366.0 95.0 3355.0 87.0 3372.0 61.0 3381.0 65.0 small-vehicle 1
2705.0 593.0 2710.0 583.0 2739.0 594.0 2727.0 608.0 small-vehicle 1
2626.0 546.0 2634.0 534.0 2670.0 555.0 2659.0 565.0 small-vehicle 1
2919.0 1111.0 2927.0 1098.0 2953.0 1115.0 2946.0 1127.0 small-vehicle 1
2934.0 1094.0 2942.0 1083.0 2966.0 1099.0 2964.0 1111.0 small-vehicle 1
3318.0 1185.0 3328.0 1193.0 3311.0 1218.0 3301.0 1214.0 small-vehicle 1
3296.0 1211.0 3284.0 1205.0 3299.0 1177.0 3310.0 1186.0 small-vehicle 1
3041.0 1032.0 3032.0 1022.0 3048.0 1001.0 3064.0 1008.0 small-vehicle 1
2774.0 905.0 2787.0 911.0 2770.0 943.0 2758.0 936.0 small-vehicle 1
2918.0 952.0 2931.0 956.0 2913.0 988.0 2901.0 981.0 small-vehicle 1
2902.0 944.0 2916.0 952.0 2900.0 976.0 2888.0 974.0 small-vehicle 1
2886.0 937.0 2896.0 941.0 2884.0 965.0 2874.0 958.0 small-vehicle 1
2870.0 926.0 2881.0 932.0 2867.0 958.0 2854.0 950.0 small-vehicle 1
2891.0 887.0 2903.0 896.0 2886.0 923.0 2871.0 918.0 small-vehicle 1
3049.0 802.0 3034.0 797.0 3044.0 769.0 3054.0 772.0 small-vehicle 1
2976.0 682.0 2988.0 690.0 2970.0 722.0 2959.0 718.0 small-vehicle 1
4096.0 285.0 4107.0 289.0 4091.0 322.0 4077.0 316.0 small-vehicle 1
3195.0 840.0 3182.0 830.0 3198.0 804.0 3210.0 810.0 small-vehicle 1
5644.0 3811.0 6044.0 4039.0 5816.0 4410.0 5426.0 4206.0 plane 0
2366.0 3280.0 2684.0 2759.0 3171.0 3058.0 2860.0 3567.0 plane 0
1299.0 1302.0 1740.0 1540.0 1488.0 1948.0 1050.0 1708.0 plane 0
6591.0 4468.0 6813.0 4570.0 6665.0 4833.0 6449.0 4727.0 plane 0
6522.0 1102.0 6497.0 1087.0 6567.0 973.0 6593.0 988.0 large-vehicle 0
6495.0 1091.0 6474.0 1076.0 6546.0 962.0 6569.0 978.0 large-vehicle 0
6471.0 1085.0 6450.0 1066.0 6527.0 953.0 6551.0 967.0 large-vehicle 0
5839.0 405.0 5866.0 422.0 5802.0 533.0 5774.0 515.0 large-vehicle 0
3454.0 1134.0 3480.0 1148.0 3415.0 1263.0 3388.0 1248.0 large-vehicle 0
3231.0 2401.0 3519.0 2568.0 3319.0 2902.0 3008.0 2731.0 plane 0
2713.0 2140.0 3014.0 2290.0 2812.0 2638.0 2497.0 2480.0 plane 0
2776.0 1691.0 2767.0 1600.0 2834.0 1592.0 2842.0 1685.0 plane 0
2758.0 759.0 2786.0 774.0 2726.0 895.0 2693.0 878.0 large-vehicle 0
1740.0 1384.0 1887.0 1384.0 1887.0 1529.0 1740.0 1529.0 roundabout 0
285.0 3923.0 440.0 3734.0 661.0 3932.0 484.0 4112.0 plane 0
3234.0 769.0 3222.0 760.0 3237.0 735.0 3250.0 744.0 small-vehicle 1
3167.0 883.0 3154.0 876.0 3169.0 848.0 3183.0 854.0 small-vehicle 1
3017.0 748.0 3006.0 741.0 3022.0 710.0 3036.0 715.0 small-vehicle 1
3142.0 921.0 3131.0 914.0 3148.0 888.0 3158.0 898.0 small-vehicle 1
3014.0 824.0 3026.0 829.0 3010.0 850.0 3001.0 847.0 small-vehicle 1
2998.0 814.0 3008.0 819.0 2996.0 846.0 2983.0 840.0 small-vehicle 1
2978.0 836.0 2966.0 830.0 2980.0 804.0 2993.0 810.0 small-vehicle 1
2945.0 854.0 2935.0 848.0 2946.0 825.0 2959.0 832.0 small-vehicle 1
2930.0 846.0 2922.0 840.0 2934.0 818.0 2945.0 825.0 small-vehicle 1
2914.0 838.0 2902.0 831.0 2916.0 808.0 2926.0 814.0 small-vehicle 1
2896.0 832.0 2884.0 826.0 2898.0 800.0 2908.0 809.0 small-vehicle 1
2881.0 790.0 2892.0 795.0 2879.0 818.0 2868.0 816.0 small-vehicle 1
2864.0 783.0 2874.0 792.0 2861.0 814.0 2852.0 812.0 small-vehicle 1
2965.0 795.0 2976.0 799.0 2962.0 826.0 2950.0 822.0 small-vehicle 1
2950.0 784.0 2962.0 792.0 2945.0 816.0 2935.0 814.0 small-vehicle 1
2934.0 773.0 2944.0 781.0 2932.0 806.0 2918.0 804.0 small-vehicle 1
2918.0 766.0 2926.0 771.0 2912.0 799.0 2902.0 794.0 small-vehicle 1
2902.0 752.0 2912.0 764.0 2898.0 786.0 2887.0 780.0 small-vehicle 1
2880.0 779.0 2869.0 776.0 2886.0 744.0 2895.0 750.0 small-vehicle 1
2990.0 645.0 3001.0 621.0 3070.0 650.0 3055.0 676.0 large-vehicle 1
3162.0 683.0 3154.0 701.0 3112.0 683.0 3121.0 665.0 large-vehicle 1
3213.0 691.0 3206.0 701.0 3176.0 689.0 3181.0 673.0 large-vehicle 1
276.0 380.0 286.0 388.0 272.0 416.0 263.0 408.0 small-vehicle 1
2277.0 1736.0 2289.0 1742.0 2276.0 1768.0 2264.0 1761.0 small-vehicle 1
2183.0 1729.0 2172.0 1722.0 2189.0 1695.0 2201.0 1699.0 small-vehicle 1
2251.0 1730.0 2265.0 1736.0 2250.0 1759.0 2239.0 1753.0 small-vehicle 1
1913.0 1155.0 1920.0 1144.0 1947.0 1161.0 1938.0 1171.0 small-vehicle 1
1855.0 1249.0 1861.0 1236.0 1893.0 1255.0 1885.0 1265.0 small-vehicle 1
1827.0 1265.0 1834.0 1251.0 1867.0 1270.0 1859.0 1283.0 small-vehicle 1
1997.0 678.0 1989.0 686.0 1963.0 674.0 1965.0 662.0 small-vehicle 1
1956.0 657.0 1952.0 665.0 1920.0 652.0 1924.0 640.0 small-vehicle 1
1912.0 634.0 1906.0 644.0 1874.0 624.0 1876.0 613.0 small-vehicle 1
1880.0 596.0 1874.0 608.0 1846.0 594.0 1853.0 582.0 small-vehicle 1
1831.0 574.0 1826.0 583.0 1798.0 568.0 1800.0 557.0 small-vehicle 1
1790.0 548.0 1782.0 558.0 1759.0 542.0 1765.0 532.0 small-vehicle 1
1966.0 618.0 1959.0 631.0 1927.0 612.0 1935.0 598.0 small-vehicle 1
1885.0 570.0 1877.0 579.0 1849.0 564.0 1853.0 550.0 small-vehicle 1
1845.0 546.0 1838.0 554.0 1809.0 539.0 1813.0 527.0 small-vehicle 1
254.0 368.0 266.0 377.0 254.0 398.0 238.0 393.0 small-vehicle 1
296.0 388.0 311.0 395.0 296.0 426.0 283.0 420.0 small-vehicle 1
3234.0 675.0 3225.0 689.0 3194.0 671.0 3204.0 654.0 large-vehicle 1
81.0 456.0 92.0 442.0 121.0 457.0 113.0 470.0 small-vehicle 1
4104.0 332.0 4096.0 324.0 4113.0 296.0 4126.0 301.0 small-vehicle 1
4128.0 306.0 4141.0 315.0 4122.0 344.0 4109.0 337.0 small-vehicle 1
4138.0 355.0 4128.0 347.0 4143.0 320.0 4157.0 324.0 small-vehicle 1
3678.0 225.0 3685.0 211.0 3715.0 231.0 3706.0 243.0 small-vehicle 1
3642.0 201.0 3649.0 191.0 3681.0 207.0 3670.0 222.0 small-vehicle 1
3603.0 180.0 3610.0 168.0 3639.0 186.0 3629.0 195.0 small-vehicle 1
3661.0 259.0 3668.0 248.0 3701.0 266.0 3691.0 277.0 small-vehicle 1
3625.0 239.0 3631.0 229.0 3656.0 244.0 3648.0 256.0 small-vehicle 1
3593.0 216.0 3601.0 205.0 3628.0 220.0 3620.0 234.0 small-vehicle 1
3554.0 194.0 3564.0 182.0 3591.0 204.0 3584.0 212.0 small-vehicle 1
3501.0 168.0 3508.0 154.0 3537.0 175.0 3530.0 184.0 small-vehicle 1
3414.0 121.0 3424.0 104.0 3457.0 127.0 3447.0 139.0 small-vehicle 1
1442.0 139.0 1448.0 124.0 1478.0 140.0 1471.0 152.0 small-vehicle 1
1030.0 1280.0 1015.0 1270.0 1034.0 1243.0 1048.0 1251.0 small-vehicle 1
656.0 1039.0 642.0 1029.0 658.0 1000.0 671.0 1007.0 small-vehicle 1
1806.0 520.0 1797.0 532.0 1770.0 516.0 1776.0 502.0 small-vehicle 1
1926.0 575.0 1930.0 564.0 1958.0 580.0 1955.0 592.0 small-vehicle 1
1890.0 550.0 1895.0 538.0 1927.0 556.0 1920.0 570.0 small-vehicle 1
1853.0 526.0 1858.0 514.0 1888.0 534.0 1880.0 546.0 small-vehicle 1
1523.0 160.0 1514.0 173.0 1486.0 157.0 1492.0 144.0 small-vehicle 1
1593.0 204.0 1583.0 217.0 1552.0 198.0 1559.0 185.0 small-vehicle 1
1469.0 175.0 1463.0 191.0 1429.0 184.0 1432.0 164.0 small-vehicle 1
1620.0 320.0 1611.0 332.0 1570.0 305.0 1578.0 294.0 large-vehicle 1
1880.0 386.0 1889.0 375.0 1928.0 400.0 1920.0 411.0 large-vehicle 1
1175.0 100.0 1167.0 112.0 1123.0 94.0 1130.0 72.0 large-vehicle 1
2836.0 1015.0 2845.0 1029.0 2808.0 1057.0 2796.0 1045.0 large-vehicle 1
2822.0 936.0 2836.0 943.0 2809.0 1001.0 2785.0 989.0 large-vehicle 1
2861.0 750.0 2874.0 761.0 2848.0 812.0 2830.0 800.0 large-vehicle 1
2853.0 722.0 2868.0 729.0 2853.0 759.0 2837.0 751.0 large-vehicle 1
3005.0 529.0 3018.0 537.0 3002.0 578.0 2983.0 569.0 large-vehicle 1
2990.0 522.0 3003.0 533.0 2980.0 569.0 2959.0 559.0 large-vehicle 1
3028.0 536.0 3044.0 544.0 3018.0 593.0 3002.0 581.0 large-vehicle 1
3056.0 620.0 3042.0 611.0 3074.0 558.0 3090.0 567.0 large-vehicle 1
3044.0 759.0 3028.0 751.0 3054.0 704.0 3072.0 709.0 large-vehicle 1
1628.0 226.0 1622.0 237.0 1592.0 218.0 1599.0 205.0 small-vehicle 1
1498.0 250.0 1488.0 260.0 1456.0 245.0 1464.0 230.0 small-vehicle 1
1333.0 157.0 1337.0 174.0 1299.0 177.0 1300.0 162.0 small-vehicle 1
1658.0 430.0 1649.0 444.0 1623.0 427.0 1632.0 416.0 small-vehicle 1
1813.0 504.0 1824.0 492.0 1844.0 509.0 1840.0 519.0 small-vehicle 1
1776.0 482.0 1781.0 471.0 1810.0 487.0 1804.0 497.0 small-vehicle 1
1736.0 460.0 1741.0 449.0 1771.0 467.0 1765.0 477.0 small-vehicle 1
1626.0 392.0 1635.0 380.0 1662.0 398.0 1654.0 409.0 small-vehicle 1
1592.0 369.0 1598.0 356.0 1626.0 377.0 1621.0 387.0 small-vehicle 1
1758.0 491.0 1753.0 502.0 1722.0 485.0 1730.0 467.0 small-vehicle 1
1612.0 410.0 1606.0 420.0 1577.0 403.0 1581.0 390.0 small-vehicle 1
1164.0 142.0 1157.0 155.0 1122.0 138.0 1127.0 123.0 small-vehicle 1
1568.0 384.0 1563.0 397.0 1533.0 380.0 1538.0 370.0 small-vehicle 1
1526.0 360.0 1516.0 369.0 1490.0 350.0 1497.0 338.0 small-vehicle 1
1484.0 334.0 1479.0 346.0 1444.0 330.0 1448.0 314.0 small-vehicle 1
1442.0 310.0 1428.0 324.0 1395.0 305.0 1407.0 291.0 small-vehicle 1
1401.0 284.0 1393.0 297.0 1362.0 283.0 1369.0 268.0 small-vehicle 1
1112.0 118.0 1101.0 126.0 1074.0 112.0 1082.0 99.0 small-vehicle 1
4058.0 2091.0 4052.0 2101.0 4019.0 2087.0 4024.0 2071.0 small-vehicle 1
4774.0 1372.0 4758.0 1370.0 4762.0 1332.0 4778.0 1334.0 small-vehicle 1
6751.0 2014.0 6764.0 1996.0 6806.0 2023.0 6798.0 2037.0 large-vehicle 1
6025.0 1263.0 6019.0 1249.0 6051.0 1234.0 6057.0 1247.0 small-vehicle 1
5971.0 1229.0 5982.0 1241.0 5957.0 1254.0 5945.0 1242.0 small-vehicle 1
5994.0 1241.0 5986.0 1228.0 6011.0 1209.0 6020.0 1217.0 small-vehicle 1
5977.0 1232.0 5967.0 1220.0 5992.0 1203.0 6002.0 1212.0 small-vehicle 1
5957.0 1219.0 5948.0 1204.0 5975.0 1191.0 5983.0 1201.0 small-vehicle 1
5918.0 1132.0 5928.0 1120.0 5952.0 1147.0 5937.0 1155.0 small-vehicle 1
5944.0 1093.0 5957.0 1081.0 5973.0 1111.0 5957.0 1120.0 small-vehicle 1
6311.0 1044.0 6323.0 1029.0 6355.0 1052.0 6348.0 1067.0 small-vehicle 1
5954.0 1080.0 5968.0 1069.0 5983.0 1091.0 5974.0 1101.0 small-vehicle 1
5965.0 1057.0 5978.0 1049.0 5995.0 1073.0 5984.0 1082.0 small-vehicle 1
5973.0 1037.0 5989.0 1029.0 6005.0 1059.0 5993.0 1065.0 small-vehicle 1
5988.0 1025.0 5998.0 1015.0 6018.0 1040.0 6006.0 1051.0 small-vehicle 1
5997.0 1005.0 6008.0 994.0 6026.0 1020.0 6013.0 1025.0 small-vehicle 1
6005.0 983.0 6016.0 970.0 6037.0 998.0 6027.0 1006.0 small-vehicle 1
5911.0 1193.0 5905.0 1180.0 5931.0 1173.0 5935.0 1182.0 small-vehicle 1
5935.0 1208.0 5931.0 1192.0 5964.0 1174.0 5968.0 1186.0 small-vehicle 1
6015.0 1253.0 6001.0 1237.0 6035.0 1219.0 6044.0 1231.0 small-vehicle 1
6044.0 1272.0 6036.0 1259.0 6059.0 1244.0 6071.0 1254.0 small-vehicle 1
6302.0 1143.0 6309.0 1129.0 6340.0 1148.0 6331.0 1156.0 small-vehicle 1
6006.0 1293.0 5994.0 1279.0 6022.0 1266.0 6033.0 1275.0 small-vehicle 1
6506.0 763.0 6514.0 747.0 6547.0 765.0 6535.0 781.0 large-vehicle 1
6478.0 785.0 6481.0 767.0 6539.0 786.0 6529.0 803.0 large-vehicle 1
6472.0 807.0 6476.0 793.0 6519.0 814.0 6510.0 829.0 large-vehicle 1
6454.0 824.0 6459.0 804.0 6512.0 831.0 6505.0 850.0 large-vehicle 1
6431.0 859.0 6440.0 843.0 6485.0 867.0 6483.0 886.0 large-vehicle 1
6104.0 1029.0 6094.0 1047.0 6063.0 1040.0 6062.0 1023.0 small-vehicle 1
6088.0 1053.0 6085.0 1068.0 6053.0 1063.0 6053.0 1048.0 small-vehicle 1
6075.0 1070.0 6071.0 1084.0 6041.0 1078.0 6042.0 1063.0 small-vehicle 1
6054.0 1085.0 6056.0 1097.0 6029.0 1098.0 6028.0 1085.0 small-vehicle 1
6051.0 1104.0 6053.0 1116.0 6022.0 1116.0 6020.0 1101.0 small-vehicle 1
6046.0 1119.0 6044.0 1138.0 6009.0 1133.0 6009.0 1116.0 small-vehicle 1
5980.0 1278.0 5975.0 1265.0 6005.0 1253.0 6014.0 1266.0 small-vehicle 1
6002.0 1137.0 6017.0 1137.0 6018.0 1164.0 6003.0 1167.0 small-vehicle 1
6026.0 1150.0 6039.0 1151.0 6039.0 1182.0 6022.0 1179.0 small-vehicle 1
5989.0 1240.0 5996.0 1247.0 5970.0 1267.0 5960.0 1256.0 small-vehicle 1
6278.0 1181.0 6284.0 1167.0 6306.0 1177.0 6301.0 1186.0 small-vehicle 1
6406.0 877.0 6421.0 862.0 6448.0 881.0 6435.0 892.0 small-vehicle 1
6354.0 981.0 6362.0 966.0 6408.0 987.0 6402.0 1004.0 large-vehicle 1
5982.0 1680.0 5988.0 1664.0 6021.0 1684.0 6016.0 1701.0 small-vehicle 1
5998.0 1776.0 6012.0 1786.0 6001.0 1814.0 5985.0 1805.0 small-vehicle 1
5886.0 1813.0 5890.0 1798.0 5932.0 1811.0 5924.0 1828.0 small-vehicle 1
5745.0 2048.0 5753.0 2038.0 5783.0 2055.0 5773.0 2065.0 small-vehicle 1
5951.0 2036.0 5944.0 2042.0 5916.0 2026.0 5924.0 2013.0 small-vehicle 1
5937.0 2065.0 5931.0 2074.0 5897.0 2057.0 5901.0 2045.0 small-vehicle 1
5885.0 2079.0 5896.0 2065.0 5925.0 2085.0 5919.0 2097.0 small-vehicle 1
6211.0 523.0 6226.0 533.0 6213.0 554.0 6200.0 553.0 large-vehicle 1
6302.0 143.0 6298.0 162.0 6229.0 147.0 6240.0 121.0 large-vehicle 1
6326.0 413.0 6339.0 425.0 6315.0 469.0 6296.0 459.0 large-vehicle 1
5716.0 401.0 5726.0 381.0 5780.0 407.0 5772.0 428.0 large-vehicle 1
5253.0 1547.0 5242.0 1557.0 5197.0 1530.0 5207.0 1510.0 large-vehicle 1
5847.0 1846.0 5854.0 1829.0 5890.0 1852.0 5883.0 1863.0 large-vehicle 1
5884.0 1783.0 5895.0 1763.0 5941.0 1789.0 5930.0 1802.0 large-vehicle 1
5824.0 1893.0 5829.0 1877.0 5874.0 1905.0 5868.0 1918.0 large-vehicle 1
5804.0 1918.0 5812.0 1906.0 5849.0 1928.0 5845.0 1944.0 large-vehicle 1
5929.0 1759.0 5937.0 1744.0 5967.0 1764.0 5962.0 1777.0 small-vehicle 1
6042.0 1632.0 6036.0 1643.0 6005.0 1630.0 6011.0 1616.0 small-vehicle 1
6711.0 772.0 6705.0 784.0 6672.0 768.0 6680.0 752.0 small-vehicle 1
6086.0 1675.0 6093.0 1660.0 6127.0 1684.0 6119.0 1693.0 small-vehicle 1
6674.0 493.0 6681.0 477.0 6713.0 498.0 6707.0 511.0 small-vehicle 1
6850.0 413.0 6862.0 401.0 6895.0 424.0 6885.0 436.0 small-vehicle 1
6006.0 1700.0 5993.0 1715.0 5971.0 1696.0 5978.0 1684.0 small-vehicle 1
5976.0 1742.0 5962.0 1754.0 5936.0 1737.0 5942.0 1727.0 small-vehicle 1
5910.0 1702.0 5921.0 1686.0 5947.0 1707.0 5940.0 1720.0 small-vehicle 1
6029.0 1539.0 6029.0 1527.0 6069.0 1542.0 6064.0 1556.0 small-vehicle 1
6038.0 1503.0 6044.0 1490.0 6080.0 1508.0 6071.0 1521.0 small-vehicle 1
6058.0 1491.0 6067.0 1479.0 6093.0 1501.0 6084.0 1511.0 small-vehicle 1
6104.0 1482.0 6118.0 1489.0 6106.0 1517.0 6091.0 1510.0 small-vehicle 1
6055.0 1470.0 6059.0 1457.0 6099.0 1474.0 6091.0 1486.0 small-vehicle 1
6147.0 1567.0 6160.0 1553.0 6187.0 1576.0 6178.0 1589.0 small-vehicle 1
6222.0 1593.0 6213.0 1607.0 6184.0 1588.0 6191.0 1572.0 small-vehicle 1
6220.0 1520.0 6227.0 1507.0 6259.0 1525.0 6252.0 1538.0 small-vehicle 1
6071.0 1700.0 6074.0 1690.0 6101.0 1706.0 6094.0 1719.0 small-vehicle 1
6127.0 1697.0 6132.0 1685.0 6158.0 1701.0 6152.0 1715.0 small-vehicle 1
6397.0 925.0 6405.0 909.0 6453.0 935.0 6447.0 948.0 large-vehicle 1
6342.0 999.0 6347.0 983.0 6396.0 1005.0 6388.0 1018.0 large-vehicle 1
4177.0 1665.0 4190.0 1648.0 4217.0 1667.0 4211.0 1682.0 small-vehicle 1
6897.0 2113.0 6886.0 2126.0 6860.0 2107.0 6867.0 2090.0 small-vehicle 1
6737.0 2293.0 6749.0 2277.0 6785.0 2297.0 6776.0 2311.0 small-vehicle 1
6712.0 2223.0 6701.0 2235.0 6668.0 2217.0 6674.0 2201.0 small-vehicle 1
6616.0 2245.0 6623.0 2228.0 6657.0 2247.0 6648.0 2258.0 small-vehicle 1
6707.0 2274.0 6692.0 2269.0 6708.0 2232.0 6722.0 2238.0 small-vehicle 1
6653.0 2265.0 6663.0 2250.0 6690.0 2263.0 6680.0 2278.0 small-vehicle 1
6633.0 2281.0 6642.0 2264.0 6670.0 2288.0 6659.0 2300.0 small-vehicle 1
6597.0 2261.0 6604.0 2248.0 6639.0 2265.0 6633.0 2277.0 small-vehicle 1
6616.0 2316.0 6627.0 2300.0 6650.0 2321.0 6644.0 2340.0 small-vehicle 1
6580.0 2298.0 6590.0 2285.0 6623.0 2304.0 6615.0 2315.0 small-vehicle 1
6594.0 2341.0 6604.0 2331.0 6632.0 2350.0 6619.0 2363.0 small-vehicle 1
6575.0 2374.0 6585.0 2364.0 6612.0 2381.0 6604.0 2391.0 small-vehicle 1
6545.0 2358.0 6554.0 2342.0 6587.0 2358.0 6577.0 2371.0 small-vehicle 1
6542.0 2382.0 6553.0 2372.0 6579.0 2388.0 6574.0 2399.0 small-vehicle 1
6581.0 2402.0 6586.0 2387.0 6619.0 2404.0 6615.0 2419.0 small-vehicle 1
6539.0 2403.0 6543.0 2390.0 6574.0 2403.0 6569.0 2415.0 small-vehicle 1
6798.0 2115.0 6819.0 2107.0 6830.0 2139.0 6817.0 2146.0 small-vehicle 1
6924.0 1821.0 6942.0 1831.0 6922.0 1863.0 6905.0 1854.0 small-vehicle 1
6690.0 2450.0 6682.0 2461.0 6651.0 2446.0 6654.0 2435.0 small-vehicle 1
7116.0 793.0 7126.0 801.0 7111.0 832.0 7094.0 825.0 small-vehicle 1
6669.0 2190.0 6674.0 2170.0 6719.0 2196.0 6707.0 2209.0 large-vehicle 1
6891.0 2185.0 6881.0 2205.0 6826.0 2179.0 6832.0 2156.0 large-vehicle 1
6656.0 2163.0 6666.0 2142.0 6715.0 2168.0 6706.0 2182.0 large-vehicle 1
6687.0 2113.0 6695.0 2095.0 6758.0 2123.0 6751.0 2142.0 large-vehicle 1
6766.0 1990.0 6771.0 1975.0 6813.0 1998.0 6807.0 2011.0 small-vehicle 1
6960.0 1834.0 6976.0 1849.0 6951.0 1889.0 6938.0 1875.0 small-vehicle 1
7106.0 1667.0 7111.0 1656.0 7142.0 1677.0 7136.0 1688.0 small-vehicle 1
7105.0 1686.0 7110.0 1674.0 7142.0 1694.0 7132.0 1705.0 small-vehicle 1
6939.0 1732.0 6928.0 1721.0 6943.0 1700.0 6956.0 1708.0 small-vehicle 1
6976.0 1673.0 6979.0 1656.0 7016.0 1675.0 7003.0 1688.0 small-vehicle 1
7000.0 1632.0 7006.0 1615.0 7040.0 1630.0 7034.0 1644.0 small-vehicle 1
7000.0 1604.0 7006.0 1590.0 7032.0 1605.0 7023.0 1617.0 small-vehicle 1
7015.0 1577.0 7022.0 1563.0 7054.0 1579.0 7046.0 1592.0 small-vehicle 1
7110.0 1421.0 7119.0 1407.0 7151.0 1427.0 7143.0 1433.0 small-vehicle 1
7150.0 1352.0 7158.0 1336.0 7193.0 1356.0 7184.0 1371.0 small-vehicle 1
6727.0 2457.0 6718.0 2466.0 6694.0 2447.0 6702.0 2439.0 small-vehicle 1
6682.0 2466.0 6676.0 2479.0 6647.0 2466.0 6649.0 2452.0 small-vehicle 1
6342.0 1024.0 6350.0 1008.0 6388.0 1025.0 6382.0 1040.0 large-vehicle 1
6526.0 2615.0 6523.0 2628.0 6485.0 2612.0 6492.0 2594.0 large-vehicle 1
7147.0 2977.0 7139.0 2997.0 7095.0 2975.0 7105.0 2959.0 large-vehicle 1
6958.0 2865.0 6950.0 2879.0 6903.0 2858.0 6912.0 2834.0 large-vehicle 1
6087.0 727.0 6078.0 740.0 6046.0 728.0 6056.0 711.0 large-vehicle 1
6609.0 555.0 6616.0 537.0 6659.0 559.0 6651.0 573.0 large-vehicle 1
6539.0 701.0 6546.0 684.0 6587.0 708.0 6581.0 725.0 large-vehicle 1
6783.0 643.0 6772.0 657.0 6734.0 639.0 6742.0 619.0 large-vehicle 1
6836.0 583.0 6827.0 597.0 6785.0 576.0 6795.0 555.0 large-vehicle 1
6851.0 526.0 6839.0 542.0 6795.0 519.0 6804.0 498.0 large-vehicle 1
6753.0 716.0 6744.0 734.0 6695.0 704.0 6706.0 685.0 large-vehicle 1
6622.0 938.0 6609.0 955.0 6553.0 921.0 6560.0 902.0 large-vehicle 1
6640.0 893.0 6633.0 908.0 6593.0 891.0 6604.0 872.0 large-vehicle 1
6661.0 853.0 6651.0 868.0 6610.0 848.0 6615.0 828.0 large-vehicle 1
6693.0 824.0 6683.0 836.0 6642.0 816.0 6650.0 799.0 large-vehicle 1
6472.0 1145.0 6465.0 1158.0 6437.0 1137.0 6443.0 1125.0 large-vehicle 1
6506.0 1128.0 6495.0 1140.0 6451.0 1116.0 6461.0 1100.0 large-vehicle 1
6652.0 2690.0 6645.0 2697.0 6607.0 2685.0 6615.0 2670.0 large-vehicle 1
6885.0 4499.0 6885.0 4515.0 6849.0 4515.0 6844.0 4498.0 small-vehicle 1
6629.0 2442.0 6616.0 2435.0 6627.0 2407.0 6640.0 2416.0 small-vehicle 1
6845.0 4315.0 6862.0 4308.0 6882.0 4348.0 6867.0 4354.0 small-vehicle 1
6621.0 2460.0 6605.0 2464.0 6594.0 2427.0 6605.0 2424.0 small-vehicle 1
6540.0 2429.0 6546.0 2413.0 6578.0 2430.0 6570.0 2442.0 small-vehicle 1
6510.0 2412.0 6517.0 2401.0 6545.0 2413.0 6537.0 2429.0 small-vehicle 1
6272.0 2196.0 6284.0 2207.0 6269.0 2233.0 6254.0 2222.0 small-vehicle 1
7121.0 3062.0 7115.0 3073.0 7088.0 3053.0 7090.0 3041.0 small-vehicle 1
7080.0 3043.0 7071.0 3049.0 7048.0 3035.0 7053.0 3022.0 small-vehicle 1
6954.0 2971.0 6945.0 2980.0 6921.0 2961.0 6926.0 2947.0 small-vehicle 1
6915.0 2947.0 6907.0 2954.0 6878.0 2935.0 6885.0 2921.0 small-vehicle 1
6813.0 2880.0 6805.0 2893.0 6769.0 2872.0 6779.0 2862.0 small-vehicle 1
6878.0 2924.0 6874.0 2934.0 6840.0 2915.0 6845.0 2902.0 small-vehicle 1
6777.0 2859.0 6769.0 2872.0 6744.0 2858.0 6746.0 2841.0 small-vehicle 1
6703.0 2820.0 6696.0 2829.0 6669.0 2815.0 6675.0 2801.0 small-vehicle 1
6739.0 2839.0 6733.0 2850.0 6707.0 2832.0 6713.0 2820.0 small-vehicle 1
6581.0 2739.0 6570.0 2750.0 6540.0 2733.0 6542.0 2714.0 small-vehicle 1
5931.0 2929.0 5941.0 2915.0 5972.0 2937.0 5963.0 2945.0 small-vehicle 1
5658.0 2137.0 5667.0 2123.0 5704.0 2142.0 5695.0 2152.0 large-vehicle 1
5819.0 2053.0 5802.0 2042.0 5829.0 2002.0 5842.0 2011.0 large-vehicle 1
5737.0 2196.0 5719.0 2184.0 5755.0 2137.0 5763.0 2152.0 large-vehicle 1
116.0 608.0 137.0 587.0 211.0 637.0 199.0 658.0 large-vehicle 1
4230.0 2710.0 4241.0 2692.0 4303.0 2723.0 4292.0 2737.0 large-vehicle 1
4225.0 1605.0 4233.0 1589.0 4264.0 1607.0 4258.0 1621.0 large-vehicle 1
4019.0 1802.0 4003.0 1791.0 4024.0 1760.0 4037.0 1769.0 large-vehicle 1
3949.0 1809.0 3935.0 1799.0 3959.0 1761.0 3971.0 1770.0 large-vehicle 1
4930.0 1817.0 4922.0 1829.0 4890.0 1811.0 4900.0 1797.0 large-vehicle 1
5116.0 1793.0 5105.0 1805.0 5068.0 1780.0 5074.0 1761.0 large-vehicle 1
5410.0 1912.0 5424.0 1925.0 5405.0 1955.0 5386.0 1948.0 large-vehicle 1
4997.0 1671.0 4990.0 1684.0 4955.0 1667.0 4957.0 1651.0 large-vehicle 1
4918.0 1713.0 4931.0 1692.0 4973.0 1721.0 4963.0 1736.0 large-vehicle 1
5328.0 1444.0 5314.0 1457.0 5264.0 1431.0 5272.0 1410.0 large-vehicle 1
5440.0 1249.0 5436.0 1260.0 5393.0 1238.0 5403.0 1222.0 large-vehicle 1
5468.0 1204.0 5461.0 1216.0 5420.0 1194.0 5429.0 1176.0 large-vehicle 1
5490.0 1158.0 5480.0 1177.0 5440.0 1158.0 5444.0 1138.0 large-vehicle 1
5505.0 1141.0 5498.0 1156.0 5454.0 1135.0 5460.0 1118.0 large-vehicle 1
5543.0 1085.0 5536.0 1098.0 5492.0 1083.0 5494.0 1065.0 large-vehicle 1
178.0 370.0 203.0 366.0 223.0 447.0 195.0 451.0 large-vehicle 1
348.0 606.0 363.0 590.0 414.0 620.0 406.0 641.0 large-vehicle 1
5245.0 1205.0 5256.0 1188.0 5295.0 1212.0 5287.0 1229.0 large-vehicle 1
24.0 253.0 37.0 236.0 88.0 264.0 80.0 285.0 large-vehicle 1
3121.0 1169.0 3130.0 1153.0 3158.0 1173.0 3149.0 1188.0 small-vehicle 1
2510.0 495.0 2517.0 486.0 2538.0 500.0 2531.0 508.0 small-vehicle 1
2517.0 478.0 2523.0 465.0 2555.0 483.0 2551.0 497.0 small-vehicle 1
2479.0 456.0 2486.0 442.0 2516.0 460.0 2508.0 473.0 small-vehicle 1
2529.0 1843.0 2520.0 1858.0 2482.0 1836.0 2491.0 1820.0 small-vehicle 1
2022.0 1748.0 2029.0 1727.0 2091.0 1752.0 2087.0 1769.0 large-vehicle 1
2315.0 1770.0 2331.0 1778.0 2302.0 1829.0 2285.0 1821.0 large-vehicle 1
2151.0 1671.0 2171.0 1684.0 2142.0 1736.0 2125.0 1720.0 large-vehicle 1
2048.0 1938.0 2066.0 1930.0 2085.0 1967.0 2072.0 1973.0 small-vehicle 1
814.0 1105.0 799.0 1096.0 812.0 1071.0 822.0 1075.0 small-vehicle 1
612.0 997.0 595.0 988.0 613.0 953.0 627.0 965.0 small-vehicle 1
1302.0 965.0 1314.0 973.0 1300.0 999.0 1281.0 995.0 large-vehicle 1
1777.0 124.0 1793.0 134.0 1770.0 175.0 1749.0 165.0 large-vehicle 1
1294.0 1291.0 1294.0 1317.0 1206.0 1311.0 1206.0 1282.0 large-vehicle 1
1092.0 1167.0 1108.0 1141.0 1194.0 1190.0 1182.0 1218.0 large-vehicle 1
5267.0 1172.0 5276.0 1157.0 5312.0 1180.0 5297.0 1192.0 large-vehicle 1
5209.0 1246.0 5220.0 1229.0 5251.0 1243.0 5243.0 1260.0 large-vehicle 1
6055.0 2598.0 6076.0 2587.0 6112.0 2637.0 6096.0 2648.0 large-vehicle 1
4965.0 300.0 4973.0 286.0 5002.0 305.0 4993.0 317.0 small-vehicle 1
5375.0 386.0 5356.0 375.0 5379.0 345.0 5389.0 348.0 small-vehicle 1
4824.0 546.0 4832.0 533.0 4861.0 550.0 4852.0 562.0 small-vehicle 1
4934.0 1061.0 4921.0 1051.0 4939.0 1022.0 4953.0 1030.0 small-vehicle 1
5331.0 1042.0 5338.0 1028.0 5370.0 1042.0 5367.0 1055.0 small-vehicle 1
5299.0 1103.0 5307.0 1087.0 5342.0 1108.0 5334.0 1120.0 small-vehicle 1
5107.0 1421.0 5114.0 1404.0 5147.0 1426.0 5138.0 1438.0 small-vehicle 1
5337.0 1363.0 5329.0 1371.0 5293.0 1354.0 5299.0 1339.0 small-vehicle 1
5216.0 1297.0 5224.0 1286.0 5252.0 1301.0 5236.0 1314.0 small-vehicle 1
5200.0 1309.0 5205.0 1296.0 5235.0 1313.0 5224.0 1326.0 small-vehicle 1
5237.0 1566.0 5230.0 1574.0 5202.0 1561.0 5210.0 1545.0 small-vehicle 1
5107.0 1478.0 5116.0 1466.0 5144.0 1486.0 5138.0 1498.0 small-vehicle 1
4883.0 1773.0 4886.0 1764.0 4921.0 1778.0 4914.0 1790.0 small-vehicle 1
5011.0 1802.0 5021.0 1811.0 5011.0 1838.0 4999.0 1835.0 small-vehicle 1
4918.0 1795.0 4922.0 1782.0 4950.0 1797.0 4939.0 1808.0 small-vehicle 1
4900.0 1764.0 4905.0 1752.0 4931.0 1770.0 4925.0 1781.0 small-vehicle 1
4979.0 234.0 4982.0 220.0 5019.0 243.0 5010.0 252.0 small-vehicle 1
5023.0 161.0 5029.0 144.0 5060.0 160.0 5052.0 173.0 small-vehicle 1
4240.0 1267.0 4249.0 1255.0 4284.0 1271.0 4271.0 1284.0 large-vehicle 1
5045.0 196.0 5053.0 185.0 5078.0 197.0 5073.0 210.0 small-vehicle 1
4463.0 1203.0 4455.0 1214.0 4423.0 1199.0 4429.0 1181.0 large-vehicle 1
4475.0 1179.0 4467.0 1195.0 4425.0 1175.0 4431.0 1161.0 large-vehicle 1
4489.0 781.0 4502.0 765.0 4535.0 794.0 4521.0 806.0 large-vehicle 1
4704.0 738.0 4712.0 719.0 4756.0 738.0 4746.0 753.0 large-vehicle 1
4779.0 698.0 4771.0 706.0 4743.0 688.0 4749.0 676.0 large-vehicle 1
5317.0 396.0 5305.0 387.0 5325.0 352.0 5340.0 357.0 large-vehicle 1
5326.0 419.0 5313.0 411.0 5344.0 365.0 5357.0 374.0 large-vehicle 1
5336.0 439.0 5322.0 432.0 5343.0 399.0 5354.0 403.0 large-vehicle 1
5107.0 154.0 5097.0 161.0 5073.0 146.0 5079.0 131.0 large-vehicle 1
4917.0 369.0 4923.0 356.0 4953.0 369.0 4943.0 379.0 large-vehicle 1
4978.0 284.0 4984.0 272.0 5028.0 287.0 5019.0 302.0 large-vehicle 1
4993.0 267.0 5003.0 253.0 5034.0 268.0 5027.0 279.0 large-vehicle 1
4287.0 195.0 4273.0 203.0 4239.0 180.0 4248.0 166.0 large-vehicle 1
4557.0 995.0 4568.0 980.0 4596.0 997.0 4587.0 1012.0 small-vehicle 1
4517.0 1035.0 4529.0 1020.0 4558.0 1041.0 4550.0 1054.0 small-vehicle 1
3331.0 4166.0 3349.0 4168.0 3345.0 4203.0 3327.0 4201.0 small-vehicle 1
3356.0 4169.0 3362.0 4154.0 3396.0 4167.0 3390.0 4180.0 small-vehicle 1
3844.0 2712.0 3827.0 2704.0 3845.0 2673.0 3858.0 2681.0 small-vehicle 1
5490.0 771.0 5499.0 759.0 5539.0 782.0 5529.0 794.0 large-vehicle 1
5761.0 708.0 5747.0 721.0 5709.0 701.0 5717.0 682.0 large-vehicle 1
5758.0 687.0 5747.0 697.0 5706.0 676.0 5716.0 658.0 large-vehicle 1
5786.0 675.0 5779.0 690.0 5741.0 666.0 5748.0 649.0 large-vehicle 1
5787.0 647.0 5777.0 665.0 5735.0 641.0 5745.0 623.0 large-vehicle 1
5577.0 666.0 5585.0 647.0 5621.0 665.0 5617.0 682.0 large-vehicle 1
5621.0 633.0 5606.0 650.0 5579.0 629.0 5586.0 612.0 large-vehicle 1
5601.0 616.0 5613.0 601.0 5647.0 622.0 5638.0 633.0 large-vehicle 1
5597.0 589.0 5607.0 573.0 5652.0 595.0 5649.0 609.0 large-vehicle 1
5623.0 554.0 5637.0 538.0 5674.0 561.0 5668.0 581.0 large-vehicle 1
5661.0 498.0 5669.0 481.0 5707.0 505.0 5701.0 519.0 large-vehicle 1
5699.0 473.0 5707.0 459.0 5743.0 479.0 5737.0 497.0 large-vehicle 1
5660.0 473.0 5669.0 457.0 5708.0 479.0 5702.0 494.0 large-vehicle 1
5881.0 465.0 5871.0 479.0 5845.0 457.0 5850.0 443.0 large-vehicle 1
5900.0 439.0 5892.0 452.0 5860.0 432.0 5870.0 415.0 large-vehicle 1
5983.0 297.0 5974.0 308.0 5934.0 283.0 5945.0 264.0 large-vehicle 1
5711.0 739.0 5718.0 720.0 5762.0 738.0 5750.0 756.0 large-vehicle 1
5500.0 804.0 5509.0 784.0 5548.0 807.0 5542.0 822.0 large-vehicle 1
4270.0 378.0 4285.0 390.0 4265.0 426.0 4248.0 416.0 large-vehicle 1
5411.0 912.0 5415.0 896.0 5459.0 908.0 5450.0 929.0 large-vehicle 1
5487.0 2212.0 5484.0 2194.0 5539.0 2201.0 5538.0 2214.0 large-vehicle 1
6443.0 2653.0 6434.0 2664.0 6401.0 2647.0 6405.0 2637.0 small-vehicle 1
6376.0 2615.0 6364.0 2626.0 6337.0 2609.0 6342.0 2592.0 small-vehicle 1
5994.0 2971.0 5980.0 2985.0 5947.0 2962.0 5954.0 2945.0 small-vehicle 1
5687.0 2922.0 5680.0 2935.0 5646.0 2915.0 5653.0 2895.0 small-vehicle 1
5739.0 3632.0 5757.0 3649.0 5729.0 3678.0 5711.0 3668.0 small-vehicle 1
5327.0 3500.0 5319.0 3510.0 5279.0 3489.0 5289.0 3474.0 large-vehicle 1
5533.0 3553.0 5518.0 3570.0 5485.0 3548.0 5494.0 3534.0 large-vehicle 1
6126.0 3956.0 6138.0 3940.0 6179.0 3965.0 6174.0 3981.0 large-vehicle 1
5955.0 3862.0 5967.0 3840.0 6039.0 3879.0 6024.0 3898.0 large-vehicle 1
5936.0 2303.0 5936.0 2287.0 5977.0 2296.0 5974.0 2311.0 small-vehicle 1
5710.0 2286.0 5713.0 2270.0 5755.0 2277.0 5746.0 2297.0 small-vehicle 1
5961.0 228.0 5967.0 214.0 6001.0 235.0 5991.0 246.0 small-vehicle 1
5508.0 735.0 5516.0 719.0 5582.0 756.0 5573.0 769.0 large-vehicle 1
5508.0 858.0 5493.0 872.0 5457.0 851.0 5467.0 833.0 large-vehicle 1
5772.0 343.0 5780.0 327.0 5823.0 343.0 5815.0 361.0 large-vehicle 1
6376.0 206.0 6363.0 216.0 6344.0 196.0 6352.0 184.0 small-vehicle 1
6075.0 746.0 6065.0 757.0 6039.0 745.0 6046.0 732.0 small-vehicle 1
6067.0 768.0 6058.0 780.0 6031.0 759.0 6034.0 747.0 small-vehicle 1
4645.0 2923.0 4631.0 2946.0 4581.0 2910.0 4588.0 2893.0 large-vehicle 1
4332.0 2899.0 4320.0 2916.0 4265.0 2885.0 4276.0 2862.0 large-vehicle 1
3242.0 2238.0 3253.0 2220.0 3282.0 2241.0 3271.0 2254.0 small-vehicle 1
3980.0 2560.0 3996.0 2566.0 3968.0 2604.0 3953.0 2592.0 large-vehicle 1
3922.0 2525.0 3936.0 2532.0 3905.0 2571.0 3889.0 2557.0 large-vehicle 1
3823.0 2468.0 3834.0 2475.0 3808.0 2508.0 3797.0 2497.0 large-vehicle 1
3780.0 2448.0 3789.0 2468.0 3758.0 2483.0 3751.0 2470.0 large-vehicle 1
3761.0 2430.0 3768.0 2440.0 3745.0 2464.0 3732.0 2457.0 large-vehicle 1
3732.0 2420.0 3744.0 2427.0 3721.0 2456.0 3709.0 2447.0 large-vehicle 1
3718.0 2402.0 3726.0 2420.0 3695.0 2440.0 3681.0 2427.0 large-vehicle 1
3598.0 1550.0 3606.0 1538.0 3657.0 1556.0 3645.0 1576.0 large-vehicle 1
3647.0 1408.0 3637.0 1390.0 3672.0 1374.0 3680.0 1387.0 large-vehicle 1
3595.0 1314.0 3605.0 1299.0 3646.0 1318.0 3641.0 1331.0 large-vehicle 1
3683.0 1149.0 3703.0 1141.0 3716.0 1176.0 3701.0 1184.0 large-vehicle 1
3703.0 1111.0 3720.0 1109.0 3730.0 1152.0 3715.0 1157.0 large-vehicle 1
4802.0 3106.0 4812.0 3089.0 4843.0 3115.0 4835.0 3127.0 large-vehicle 1
4860.0 3137.0 4869.0 3119.0 4901.0 3146.0 4892.0 3163.0 large-vehicle 1
4771.0 3023.0 4783.0 3004.0 4817.0 3033.0 4808.0 3050.0 large-vehicle 1
5854.0 210.0 5861.0 197.0 5896.0 217.0 5892.0 226.0 small-vehicle 1
5742.0 356.0 5750.0 341.0 5777.0 361.0 5763.0 369.0 small-vehicle 1
5801.0 311.0 5811.0 299.0 5838.0 317.0 5833.0 328.0 small-vehicle 1
5866.0 190.0 5875.0 174.0 5901.0 193.0 5892.0 201.0 small-vehicle 1
5985.0 196.0 5973.0 187.0 5987.0 161.0 5997.0 168.0 small-vehicle 1
5814.0 229.0 5827.0 214.0 5849.0 229.0 5843.0 241.0 small-vehicle 1
5847.0 248.0 5853.0 235.0 5883.0 249.0 5879.0 257.0 small-vehicle 1
6101.0 85.0 6103.0 71.0 6140.0 81.0 6138.0 94.0 small-vehicle 1
4826.0 3055.0 4836.0 3042.0 4868.0 3067.0 4859.0 3079.0 large-vehicle 1
4295.0 2066.0 4303.0 2081.0 4278.0 2099.0 4272.0 2087.0 small-vehicle 1
5069.0 1539.0 5075.0 1525.0 5105.0 1546.0 5097.0 1560.0 small-vehicle 1
5035.0 1518.0 5048.0 1508.0 5073.0 1522.0 5066.0 1535.0 small-vehicle 1
4137.0 1377.0 4146.0 1359.0 4181.0 1382.0 4171.0 1399.0 small-vehicle 1
4632.0 823.0 4641.0 810.0 4697.0 836.0 4689.0 851.0 large-vehicle 1
4614.0 847.0 4623.0 826.0 4691.0 852.0 4683.0 875.0 large-vehicle 1
599.0 962.0 832.0 1079.0 680.0 1335.0 450.0 1233.0 plane 0
