imagesource:GoogleEarth
gsd:0.233782668783
341.0 113.0 347.0 122.0 325.0 144.0 318.0 138.0 small-vehicle 1
549.0 635.0 541.0 628.0 585.0 579.0 595.0 589.0 large-vehicle 1
3052.0 1859.0 3061.0 1860.0 3060.0 1881.0 3052.0 1881.0 small-vehicle 1
3066.0 1854.0 3076.0 1855.0 3075.0 1873.0 3064.0 1872.0 small-vehicle 1
3074.0 1852.0 3066.0 1852.0 3068.0 1833.0 3075.0 1832.0 small-vehicle 1
3001.0 1832.0 3011.0 1833.0 3009.0 1854.0 2998.0 1852.0 small-vehicle 0
2997.0 1853.0 2989.0 1852.0 2991.0 1833.0 2999.0 1833.0 small-vehicle 0
2981.0 1830.0 2988.0 1830.0 2985.0 1851.0 2978.0 1850.0 small-vehicle 0
2866.0 1844.0 2878.0 1844.0 2875.0 1868.0 2864.0 1868.0 small-vehicle 0
2785.0 1843.0 2785.0 1835.0 2805.0 1837.0 2805.0 1845.0 small-vehicle 0
2930.0 1871.0 2921.0 1870.0 2922.0 1850.0 2931.0 1851.0 small-vehicle 0
2967.0 1850.0 2975.0 1851.0 2974.0 1872.0 2966.0 1873.0 small-vehicle 0
2977.0 1852.0 2986.0 1852.0 2984.0 1874.0 2975.0 1872.0 small-vehicle 0
2988.0 1855.0 2997.0 1855.0 2996.0 1877.0 2987.0 1877.0 small-vehicle 0
2999.0 1855.0 3009.0 1855.0 3008.0 1877.0 2997.0 1876.0 small-vehicle 0
3011.0 1856.0 3020.0 1856.0 3018.0 1876.0 3010.0 1875.0 small-vehicle 0
3107.0 1861.0 3097.0 1860.0 3099.0 1839.0 3108.0 1839.0 small-vehicle 0
3120.0 1859.0 3110.0 1859.0 3112.0 1839.0 3121.0 1839.0 small-vehicle 0
3088.0 1863.0 3096.0 1862.0 3096.0 1884.0 3087.0 1883.0 small-vehicle 0
2945.0 1852.0 2954.0 1853.0 2952.0 1873.0 2944.0 1872.0 small-vehicle 1
2956.0 1851.0 2964.0 1851.0 2962.0 1869.0 2954.0 1870.0 small-vehicle 1
3033.0 1856.0 3041.0 1857.0 3040.0 1877.0 3031.0 1875.0 small-vehicle 1
3091.0 1619.0 3091.0 1608.0 3118.0 1611.0 3117.0 1620.0 small-vehicle 1
2943.0 1846.0 2932.0 1846.0 2934.0 1827.0 2944.0 1827.0 small-vehicle 1
2867.0 1823.0 2876.0 1823.0 2876.0 1840.0 2865.0 1840.0 small-vehicle 1
2857.0 1823.0 2865.0 1823.0 2864.0 1842.0 2855.0 1842.0 small-vehicle 1
2809.0 1811.0 2809.0 1821.0 2791.0 1820.0 2790.0 1811.0 small-vehicle 1
2806.0 1823.0 2806.0 1833.0 2789.0 1831.0 2790.0 1821.0 small-vehicle 1
3005.0 1815.0 3005.0 1825.0 2978.0 1823.0 2979.0 1812.0 small-vehicle 1
2890.0 1823.0 2899.0 1824.0 2899.0 1843.0 2889.0 1843.0 small-vehicle 1
3003.0 1931.0 2994.0 1930.0 2995.0 1910.0 3004.0 1910.0 small-vehicle 1
3023.0 1856.0 3030.0 1855.0 3030.0 1876.0 3022.0 1876.0 small-vehicle 1
2959.0 1930.0 2949.0 1928.0 2951.0 1909.0 2960.0 1909.0 small-vehicle 1
2940.0 1933.0 2930.0 1932.0 2932.0 1910.0 2943.0 1911.0 small-vehicle 1
3070.0 1935.0 3060.0 1935.0 3062.0 1914.0 3072.0 1914.0 small-vehicle 1
3157.0 1941.0 3149.0 1941.0 3151.0 1921.0 3158.0 1920.0 small-vehicle 1
3084.0 1879.0 3076.0 1878.0 3078.0 1860.0 3087.0 1862.0 small-vehicle 1
3130.0 1884.0 3121.0 1883.0 3122.0 1864.0 3130.0 1864.0 small-vehicle 1
3043.0 1858.0 3050.0 1858.0 3048.0 1877.0 3041.0 1876.0 small-vehicle 1
3100.0 1862.0 3107.0 1862.0 3106.0 1882.0 3098.0 1881.0 small-vehicle 1
3110.0 1864.0 3118.0 1864.0 3120.0 1884.0 3111.0 1885.0 small-vehicle 1
2788.0 1801.0 2788.0 1789.0 2819.0 1790.0 2817.0 1803.0 large-vehicle 1
2447.0 175.0 2440.0 175.0 2440.0 152.0 2449.0 152.0 small-vehicle 1
2360.0 148.0 2368.0 149.0 2368.0 170.0 2359.0 170.0 small-vehicle 1
2372.0 148.0 2381.0 148.0 2380.0 168.0 2371.0 168.0 small-vehicle 1
2385.0 150.0 2392.0 149.0 2391.0 172.0 2383.0 172.0 small-vehicle 1
2394.0 151.0 2404.0 151.0 2404.0 174.0 2394.0 172.0 small-vehicle 1
2405.0 151.0 2415.0 150.0 2414.0 170.0 2405.0 169.0 small-vehicle 1
2418.0 150.0 2427.0 151.0 2425.0 169.0 2418.0 169.0 small-vehicle 1
2437.0 174.0 2427.0 174.0 2428.0 153.0 2437.0 152.0 small-vehicle 1
2452.0 153.0 2459.0 153.0 2459.0 173.0 2451.0 173.0 small-vehicle 1
2339.0 152.0 2346.0 152.0 2345.0 170.0 2338.0 169.0 small-vehicle 1
2461.0 150.0 2471.0 151.0 2470.0 170.0 2462.0 170.0 small-vehicle 1
2483.0 173.0 2473.0 173.0 2473.0 153.0 2482.0 153.0 small-vehicle 1
2494.0 171.0 2486.0 172.0 2485.0 152.0 2495.0 153.0 small-vehicle 1
2507.0 176.0 2496.0 175.0 2497.0 152.0 2507.0 152.0 small-vehicle 1
2530.0 173.0 2520.0 173.0 2520.0 153.0 2530.0 152.0 small-vehicle 1
2541.0 172.0 2531.0 171.0 2531.0 153.0 2541.0 152.0 small-vehicle 1
2552.0 173.0 2541.0 172.0 2542.0 151.0 2551.0 152.0 small-vehicle 1
2349.0 150.0 2358.0 150.0 2356.0 169.0 2349.0 168.0 small-vehicle 1
2326.0 150.0 2335.0 151.0 2334.0 170.0 2325.0 170.0 small-vehicle 1
3105.0 1659.0 3106.0 1670.0 3079.0 1667.0 3078.0 1657.0 large-vehicle 1
3246.0 1143.0 3235.0 1141.0 3239.0 1101.0 3250.0 1102.0 large-vehicle 1
3112.0 1625.0 3112.0 1634.0 3083.0 1634.0 3083.0 1625.0 large-vehicle 1
3217.0 1655.0 3207.0 1655.0 3208.0 1631.0 3219.0 1632.0 large-vehicle 1
3218.0 1624.0 3208.0 1625.0 3209.0 1600.0 3220.0 1601.0 large-vehicle 1
3221.0 1575.0 3208.0 1573.0 3211.0 1548.0 3222.0 1549.0 large-vehicle 1
3281.0 1531.0 3292.0 1530.0 3291.0 1557.0 3281.0 1556.0 large-vehicle 1
3263.0 1484.0 3251.0 1483.0 3253.0 1435.0 3265.0 1435.0 large-vehicle 1
3268.0 1398.0 3253.0 1397.0 3258.0 1353.0 3270.0 1353.0 large-vehicle 1
3133.0 1512.0 3133.0 1523.0 3068.0 1519.0 3070.0 1507.0 large-vehicle 1
2315.0 150.0 2324.0 150.0 2323.0 169.0 2315.0 169.0 small-vehicle 1
3072.0 1535.0 3071.0 1525.0 3098.0 1526.0 3097.0 1536.0 large-vehicle 1
3293.0 1339.0 3303.0 1339.0 3301.0 1362.0 3291.0 1362.0 large-vehicle 1
3146.0 1945.0 3136.0 1944.0 3139.0 1924.0 3148.0 1925.0 small-vehicle 1
3136.0 1944.0 3125.0 1944.0 3127.0 1922.0 3136.0 1922.0 small-vehicle 1
3059.0 1936.0 3050.0 1935.0 3051.0 1914.0 3059.0 1915.0 small-vehicle 1
3047.0 1936.0 3037.0 1936.0 3039.0 1914.0 3048.0 1914.0 small-vehicle 1
3026.0 1934.0 3016.0 1933.0 3017.0 1913.0 3026.0 1913.0 small-vehicle 1
2965.0 1848.0 2954.0 1848.0 2956.0 1828.0 2966.0 1828.0 small-vehicle 1
2975.0 1849.0 2966.0 1847.0 2968.0 1827.0 2978.0 1827.0 small-vehicle 1
3021.0 1852.0 3012.0 1851.0 3013.0 1832.0 3022.0 1833.0 small-vehicle 1
3203.0 1833.0 3202.0 1841.0 3181.0 1841.0 3180.0 1832.0 small-vehicle 1
3328.0 1833.0 3327.0 1840.0 3308.0 1840.0 3307.0 1832.0 small-vehicle 1
3323.0 1842.0 3324.0 1851.0 3306.0 1851.0 3306.0 1844.0 small-vehicle 1
3326.0 1855.0 3325.0 1863.0 3306.0 1861.0 3305.0 1854.0 small-vehicle 1
3324.0 1866.0 3323.0 1875.0 3305.0 1874.0 3306.0 1864.0 small-vehicle 1
3247.0 1828.0 3257.0 1828.0 3255.0 1848.0 3246.0 1847.0 small-vehicle 1
3231.0 1771.0 3225.0 1778.0 3210.0 1770.0 3215.0 1762.0 small-vehicle 1
3183.0 1819.0 3184.0 1810.0 3205.0 1811.0 3205.0 1821.0 small-vehicle 1
3202.0 1845.0 3202.0 1855.0 3176.0 1855.0 3177.0 1844.0 small-vehicle 1
3330.0 1807.0 3329.0 1816.0 3309.0 1815.0 3309.0 1807.0 small-vehicle 1
3200.0 1855.0 3200.0 1863.0 3181.0 1863.0 3181.0 1855.0 small-vehicle 1
3200.0 1866.0 3199.0 1875.0 3181.0 1875.0 3180.0 1866.0 small-vehicle 1
3200.0 1875.0 3199.0 1885.0 3180.0 1885.0 3180.0 1877.0 small-vehicle 1
3198.0 1899.0 3197.0 1907.0 3180.0 1908.0 3179.0 1899.0 small-vehicle 1
3197.0 1910.0 3197.0 1919.0 3176.0 1919.0 3176.0 1909.0 small-vehicle 1
3176.0 1427.0 3167.0 1426.0 3168.0 1405.0 3177.0 1404.0 small-vehicle 1
3164.0 1427.0 3154.0 1426.0 3157.0 1404.0 3167.0 1404.0 small-vehicle 1
3325.0 1818.0 3326.0 1826.0 3308.0 1827.0 3307.0 1818.0 small-vehicle 1
3329.0 1795.0 3329.0 1805.0 3309.0 1803.0 3309.0 1794.0 small-vehicle 1
3131.0 1436.0 3132.0 1427.0 3151.0 1429.0 3149.0 1438.0 small-vehicle 1
3382.0 1809.0 3382.0 1818.0 3363.0 1817.0 3362.0 1809.0 small-vehicle 1
3412.0 1742.0 3411.0 1751.0 3391.0 1751.0 3392.0 1742.0 small-vehicle 1
3389.0 1740.0 3388.0 1750.0 3369.0 1748.0 3370.0 1738.0 small-vehicle 1
3386.0 1752.0 3386.0 1761.0 3367.0 1762.0 3367.0 1753.0 small-vehicle 1
3388.0 1764.0 3386.0 1773.0 3365.0 1771.0 3367.0 1762.0 small-vehicle 1
3387.0 1777.0 3386.0 1784.0 3364.0 1784.0 3364.0 1775.0 small-vehicle 1
3384.0 1787.0 3384.0 1796.0 3365.0 1795.0 3365.0 1785.0 small-vehicle 1
3382.0 1798.0 3383.0 1807.0 3362.0 1807.0 3363.0 1798.0 small-vehicle 1
3379.0 1833.0 3378.0 1841.0 3360.0 1842.0 3359.0 1835.0 small-vehicle 1
3329.0 1784.0 3329.0 1792.0 3309.0 1792.0 3309.0 1782.0 small-vehicle 1
3380.0 1846.0 3380.0 1853.0 3361.0 1854.0 3361.0 1846.0 small-vehicle 1
3380.0 1857.0 3381.0 1867.0 3360.0 1867.0 3360.0 1858.0 small-vehicle 1
3379.0 1870.0 3378.0 1876.0 3358.0 1877.0 3358.0 1869.0 small-vehicle 1
3378.0 1880.0 3378.0 1889.0 3358.0 1888.0 3357.0 1880.0 small-vehicle 1
3332.0 1748.0 3329.0 1757.0 3309.0 1755.0 3311.0 1746.0 small-vehicle 1
3332.0 1760.0 3333.0 1770.0 3310.0 1769.0 3311.0 1760.0 small-vehicle 1
3331.0 1772.0 3330.0 1780.0 3311.0 1780.0 3311.0 1771.0 small-vehicle 1
3151.0 1424.0 3142.0 1424.0 3144.0 1404.0 3153.0 1404.0 small-vehicle 1
3139.0 1421.0 3129.0 1421.0 3130.0 1401.0 3140.0 1401.0 small-vehicle 1
3032.0 1852.0 3023.0 1850.0 3023.0 1832.0 3034.0 1832.0 small-vehicle 1
3091.0 1782.0 3100.0 1782.0 3099.0 1802.0 3090.0 1802.0 small-vehicle 1
3001.0 1795.0 2994.0 1794.0 2995.0 1773.0 3003.0 1774.0 small-vehicle 1
3034.0 1799.0 3026.0 1799.0 3027.0 1778.0 3036.0 1779.0 small-vehicle 1
3038.0 1778.0 3048.0 1780.0 3045.0 1799.0 3037.0 1798.0 small-vehicle 1
3049.0 1779.0 3057.0 1779.0 3055.0 1799.0 3046.0 1799.0 small-vehicle 1
3057.0 1777.0 3069.0 1778.0 3067.0 1800.0 3056.0 1800.0 small-vehicle 1
3070.0 1778.0 3078.0 1778.0 3077.0 1798.0 3070.0 1798.0 small-vehicle 1
3080.0 1779.0 3091.0 1779.0 3089.0 1801.0 3080.0 1801.0 small-vehicle 1
3101.0 1782.0 3110.0 1782.0 3109.0 1805.0 3100.0 1804.0 small-vehicle 1
2971.0 1775.0 2980.0 1775.0 2979.0 1796.0 2971.0 1795.0 small-vehicle 1
3112.0 1781.0 3122.0 1781.0 3121.0 1801.0 3112.0 1801.0 small-vehicle 1
3130.0 1862.0 3122.0 1861.0 3122.0 1841.0 3131.0 1842.0 small-vehicle 1
3097.0 1859.0 3088.0 1859.0 3088.0 1838.0 3099.0 1838.0 small-vehicle 1
3051.0 1854.0 3043.0 1853.0 3044.0 1832.0 3051.0 1832.0 small-vehicle 1
3064.0 1852.0 3056.0 1850.0 3058.0 1829.0 3065.0 1830.0 small-vehicle 1
3087.0 1858.0 3076.0 1857.0 3076.0 1836.0 3087.0 1837.0 small-vehicle 1
3041.0 1853.0 3032.0 1853.0 3034.0 1833.0 3044.0 1833.0 small-vehicle 1
2984.0 1771.0 2993.0 1772.0 2990.0 1795.0 2981.0 1796.0 small-vehicle 1
2961.0 1770.0 2970.0 1771.0 2967.0 1790.0 2960.0 1790.0 small-vehicle 1
3127.0 1423.0 3117.0 1423.0 3117.0 1401.0 3127.0 1401.0 small-vehicle 1
2825.0 1760.0 2834.0 1760.0 2831.0 1782.0 2823.0 1781.0 small-vehicle 1
3113.0 1424.0 3103.0 1424.0 3105.0 1400.0 3113.0 1400.0 small-vehicle 1
3100.0 1423.0 3090.0 1421.0 3093.0 1399.0 3102.0 1399.0 small-vehicle 1
3069.0 1399.0 3078.0 1399.0 3078.0 1419.0 3067.0 1419.0 small-vehicle 1
3095.0 1473.0 3096.0 1463.0 3119.0 1467.0 3119.0 1475.0 small-vehicle 1
3090.0 1722.0 3089.0 1731.0 3068.0 1731.0 3067.0 1723.0 small-vehicle 1
3107.0 1734.0 3107.0 1725.0 3129.0 1728.0 3128.0 1737.0 small-vehicle 1
3126.0 1783.0 3135.0 1782.0 3133.0 1805.0 3124.0 1803.0 small-vehicle 1
2840.0 1763.0 2847.0 1764.0 2846.0 1785.0 2838.0 1784.0 small-vehicle 1
2948.0 1772.0 2959.0 1774.0 2958.0 1795.0 2947.0 1794.0 small-vehicle 1
2852.0 1763.0 2859.0 1763.0 2858.0 1787.0 2849.0 1786.0 small-vehicle 1
2872.0 1764.0 2879.0 1765.0 2878.0 1783.0 2870.0 1782.0 small-vehicle 1
2883.0 1766.0 2892.0 1766.0 2890.0 1786.0 2883.0 1784.0 small-vehicle 1
2895.0 1768.0 2904.0 1769.0 2901.0 1789.0 2893.0 1788.0 small-vehicle 1
2914.0 1789.0 2904.0 1789.0 2905.0 1768.0 2914.0 1768.0 small-vehicle 1
2916.0 1769.0 2926.0 1770.0 2925.0 1791.0 2914.0 1790.0 small-vehicle 1
2941.0 1792.0 2931.0 1792.0 2932.0 1770.0 2941.0 1770.0 small-vehicle 1
2564.0 171.0 2553.0 172.0 2554.0 152.0 2564.0 153.0 small-vehicle 1
2567.0 153.0 2577.0 153.0 2576.0 170.0 2566.0 171.0 small-vehicle 1
2577.0 153.0 2587.0 152.0 2586.0 173.0 2579.0 173.0 small-vehicle 1
1590.0 728.0 1599.0 733.0 1589.0 753.0 1582.0 750.0 small-vehicle 1
1512.0 801.0 1504.0 797.0 1512.0 780.0 1520.0 783.0 small-vehicle 1
1529.0 813.0 1521.0 809.0 1531.0 791.0 1539.0 795.0 small-vehicle 1
1542.0 797.0 1549.0 803.0 1537.0 820.0 1530.0 816.0 small-vehicle 1
1552.0 801.0 1558.0 805.0 1551.0 821.0 1544.0 818.0 small-vehicle 1
1564.0 807.0 1572.0 812.0 1563.0 830.0 1557.0 827.0 small-vehicle 1
1575.0 815.0 1583.0 819.0 1574.0 835.0 1568.0 833.0 small-vehicle 1
1574.0 720.0 1582.0 723.0 1571.0 746.0 1561.0 740.0 small-vehicle 1
1603.0 737.0 1611.0 740.0 1601.0 757.0 1593.0 754.0 small-vehicle 1
1540.0 754.0 1534.0 751.0 1544.0 730.0 1552.0 734.0 small-vehicle 1
1613.0 745.0 1619.0 749.0 1609.0 765.0 1602.0 761.0 small-vehicle 1
1622.0 749.0 1628.0 754.0 1619.0 771.0 1612.0 768.0 small-vehicle 1
1641.0 757.0 1649.0 761.0 1641.0 778.0 1633.0 774.0 small-vehicle 1
1580.0 750.0 1586.0 754.0 1577.0 774.0 1570.0 771.0 small-vehicle 1
1590.0 757.0 1597.0 761.0 1589.0 779.0 1581.0 775.0 small-vehicle 1
1608.0 771.0 1615.0 775.0 1607.0 790.0 1600.0 786.0 small-vehicle 1
1620.0 774.0 1628.0 779.0 1618.0 795.0 1611.0 793.0 small-vehicle 1
1499.0 798.0 1493.0 793.0 1502.0 776.0 1509.0 779.0 small-vehicle 1
1562.0 736.0 1556.0 733.0 1565.0 715.0 1572.0 719.0 small-vehicle 1
1640.0 786.0 1647.0 789.0 1637.0 807.0 1630.0 804.0 small-vehicle 1
1694.0 516.0 1695.0 507.0 1713.0 510.0 1711.0 520.0 small-vehicle 1
1656.0 468.0 1652.0 477.0 1633.0 469.0 1637.0 461.0 small-vehicle 1
1644.0 481.0 1638.0 488.0 1623.0 477.0 1628.0 470.0 small-vehicle 1
1639.0 490.0 1634.0 497.0 1619.0 488.0 1622.0 480.0 small-vehicle 1
1630.0 501.0 1625.0 508.0 1609.0 499.0 1615.0 492.0 small-vehicle 1
1627.0 517.0 1622.0 525.0 1601.0 513.0 1608.0 504.0 small-vehicle 1
1618.0 530.0 1613.0 536.0 1598.0 526.0 1603.0 518.0 small-vehicle 1
1701.0 499.0 1701.0 490.0 1720.0 491.0 1719.0 499.0 small-vehicle 1
1690.0 533.0 1691.0 523.0 1711.0 526.0 1710.0 535.0 small-vehicle 1
1531.0 721.0 1524.0 718.0 1534.0 702.0 1541.0 706.0 small-vehicle 1
1697.0 497.0 1696.0 504.0 1677.0 504.0 1676.0 496.0 small-vehicle 1
1668.0 516.0 1670.0 506.0 1695.0 509.0 1693.0 519.0 small-vehicle 1
1662.0 528.0 1663.0 519.0 1687.0 523.0 1685.0 531.0 small-vehicle 1
1686.0 534.0 1686.0 544.0 1663.0 542.0 1663.0 533.0 small-vehicle 1
1740.0 539.0 1741.0 530.0 1758.0 532.0 1757.0 542.0 small-vehicle 1
1739.0 529.0 1740.0 518.0 1759.0 520.0 1757.0 529.0 small-vehicle 1
1747.0 518.0 1747.0 510.0 1766.0 511.0 1763.0 518.0 small-vehicle 1
1631.0 778.0 1638.0 783.0 1626.0 802.0 1621.0 798.0 small-vehicle 1
1681.0 817.0 1691.0 818.0 1688.0 838.0 1679.0 839.0 small-vehicle 1
1657.0 433.0 1667.0 434.0 1664.0 458.0 1655.0 456.0 small-vehicle 1
1670.0 674.0 1669.0 683.0 1650.0 681.0 1652.0 671.0 small-vehicle 1
1668.0 695.0 1668.0 703.0 1645.0 703.0 1646.0 695.0 small-vehicle 1
1669.0 686.0 1668.0 694.0 1647.0 692.0 1648.0 684.0 small-vehicle 1
1650.0 622.0 1652.0 613.0 1673.0 618.0 1671.0 625.0 small-vehicle 1
1670.0 629.0 1670.0 638.0 1650.0 636.0 1651.0 627.0 small-vehicle 1
1671.0 640.0 1670.0 649.0 1650.0 649.0 1649.0 638.0 small-vehicle 1
1670.0 651.0 1670.0 660.0 1650.0 660.0 1649.0 650.0 small-vehicle 1
1672.0 665.0 1671.0 671.0 1653.0 672.0 1651.0 664.0 small-vehicle 1
107.0 211.0 112.0 217.0 96.0 230.0 90.0 226.0 small-vehicle 1
1688.0 605.0 1687.0 614.0 1660.0 611.0 1659.0 602.0 small-vehicle 1
528.0 248.0 536.0 253.0 525.0 275.0 515.0 270.0 small-vehicle 1
994.0 157.0 1001.0 158.0 995.0 181.0 985.0 178.0 small-vehicle 1
1047.0 246.0 1058.0 248.0 1052.0 270.0 1042.0 269.0 small-vehicle 1
1089.0 248.0 1099.0 250.0 1095.0 273.0 1084.0 270.0 small-vehicle 1
860.0 228.0 867.0 231.0 859.0 247.0 853.0 244.0 small-vehicle 1
795.0 378.0 789.0 374.0 797.0 356.0 804.0 359.0 small-vehicle 1
754.0 392.0 748.0 388.0 761.0 371.0 767.0 376.0 small-vehicle 1
1647.0 715.0 1647.0 706.0 1665.0 708.0 1665.0 716.0 small-vehicle 1
1673.0 626.0 1674.0 617.0 1698.0 619.0 1697.0 630.0 small-vehicle 1
1694.0 826.0 1705.0 827.0 1702.0 846.0 1694.0 846.0 small-vehicle 1
1734.0 678.0 1734.0 669.0 1750.0 670.0 1749.0 678.0 small-vehicle 1
1699.0 767.0 1708.0 767.0 1706.0 792.0 1696.0 791.0 small-vehicle 1
1718.0 789.0 1710.0 789.0 1711.0 766.0 1721.0 768.0 small-vehicle 1
1621.0 864.0 1614.0 859.0 1623.0 841.0 1630.0 844.0 small-vehicle 1
1634.0 847.0 1641.0 853.0 1630.0 871.0 1623.0 866.0 small-vehicle 1
1646.0 856.0 1653.0 861.0 1646.0 879.0 1638.0 875.0 small-vehicle 1
1720.0 655.0 1722.0 645.0 1745.0 646.0 1745.0 655.0 small-vehicle 1
1732.0 689.0 1733.0 680.0 1746.0 682.0 1746.0 690.0 small-vehicle 1
1728.0 668.0 1728.0 657.0 1749.0 658.0 1748.0 667.0 small-vehicle 1
1673.0 637.0 1674.0 629.0 1695.0 632.0 1694.0 640.0 small-vehicle 1
1668.0 717.0 1668.0 707.0 1690.0 709.0 1689.0 717.0 small-vehicle 1
1670.0 706.0 1670.0 695.0 1692.0 697.0 1691.0 706.0 small-vehicle 1
1674.0 695.0 1675.0 685.0 1695.0 686.0 1694.0 695.0 small-vehicle 1
1674.0 681.0 1674.0 674.0 1695.0 676.0 1695.0 682.0 small-vehicle 1
1696.0 666.0 1697.0 674.0 1677.0 673.0 1676.0 665.0 small-vehicle 1
1675.0 662.0 1675.0 655.0 1695.0 655.0 1694.0 661.0 small-vehicle 1
1674.0 649.0 1674.0 641.0 1696.0 641.0 1696.0 649.0 small-vehicle 1
1643.0 435.0 1653.0 437.0 1651.0 456.0 1643.0 454.0 small-vehicle 1
1668.0 435.0 1678.0 436.0 1677.0 459.0 1667.0 457.0 small-vehicle 1
2590.0 151.0 2599.0 150.0 2598.0 169.0 2589.0 169.0 small-vehicle 1
2211.0 275.0 2210.0 285.0 2192.0 284.0 2191.0 275.0 small-vehicle 1
2666.0 316.0 2680.0 316.0 2677.0 361.0 2663.0 360.0 large-vehicle 1
2363.0 311.0 2373.0 310.0 2374.0 341.0 2361.0 340.0 large-vehicle 1
2212.0 186.0 2212.0 194.0 2192.0 194.0 2192.0 185.0 small-vehicle 1
2194.0 209.0 2194.0 199.0 2214.0 201.0 2213.0 209.0 small-vehicle 1
2193.0 221.0 2193.0 213.0 2214.0 213.0 2214.0 223.0 small-vehicle 1
2221.0 271.0 2212.0 270.0 2214.0 250.0 2222.0 250.0 small-vehicle 1
2210.0 254.0 2210.0 263.0 2190.0 261.0 2189.0 253.0 small-vehicle 1
2210.0 288.0 2210.0 297.0 2188.0 296.0 2188.0 287.0 small-vehicle 1
2564.0 315.0 2580.0 316.0 2576.0 351.0 2560.0 350.0 large-vehicle 1
979.0 1723.0 969.0 1731.0 951.0 1716.0 957.0 1707.0 small-vehicle 1
1008.0 919.0 1012.0 929.0 987.0 938.0 983.0 928.0 small-vehicle 1
1091.0 886.0 1095.0 896.0 1073.0 902.0 1069.0 894.0 small-vehicle 1
1113.0 1188.0 1106.0 1185.0 1112.0 1164.0 1120.0 1168.0 small-vehicle 1
1117.0 1162.0 1114.0 1153.0 1138.0 1142.0 1140.0 1151.0 large-vehicle 1
1113.0 857.0 1108.0 847.0 1131.0 838.0 1134.0 848.0 large-vehicle 1
1108.0 1299.0 1095.0 1294.0 1102.0 1270.0 1114.0 1273.0 large-vehicle 1
2646.0 317.0 2659.0 318.0 2657.0 354.0 2643.0 353.0 large-vehicle 1
2514.0 198.0 2516.0 184.0 2565.0 191.0 2563.0 207.0 large-vehicle 1
1216.0 1174.0 1209.0 1166.0 1224.0 1148.0 1231.0 1157.0 small-vehicle 1
2756.0 171.0 2766.0 173.0 2765.0 192.0 2755.0 193.0 small-vehicle 1
2601.0 152.0 2613.0 152.0 2611.0 171.0 2602.0 170.0 small-vehicle 1
2613.0 152.0 2624.0 152.0 2622.0 173.0 2612.0 173.0 small-vehicle 1
2624.0 154.0 2634.0 155.0 2633.0 177.0 2622.0 176.0 small-vehicle 1
2636.0 154.0 2647.0 154.0 2647.0 173.0 2638.0 173.0 small-vehicle 1
2648.0 152.0 2658.0 152.0 2657.0 171.0 2648.0 172.0 small-vehicle 1
2629.0 199.0 2633.0 206.0 2614.0 213.0 2610.0 203.0 small-vehicle 1
2794.0 194.0 2785.0 194.0 2786.0 172.0 2795.0 171.0 small-vehicle 1
2829.0 199.0 2819.0 197.0 2820.0 178.0 2830.0 178.0 small-vehicle 1
2687.0 314.0 2701.0 315.0 2700.0 342.0 2685.0 342.0 large-vehicle 1
2841.0 199.0 2831.0 200.0 2832.0 181.0 2842.0 181.0 small-vehicle 1
2831.0 229.0 2840.0 230.0 2839.0 244.0 2831.0 245.0 small-vehicle 1
2806.0 225.0 2815.0 225.0 2815.0 245.0 2806.0 246.0 small-vehicle 1
2793.0 225.0 2804.0 225.0 2803.0 243.0 2794.0 243.0 small-vehicle 1
2779.0 245.0 2769.0 244.0 2769.0 221.0 2778.0 222.0 small-vehicle 1
2706.0 332.0 2715.0 332.0 2713.0 353.0 2704.0 353.0 small-vehicle 1
2728.0 217.0 2738.0 217.0 2738.0 240.0 2726.0 241.0 large-vehicle 1
1197.0 1159.0 1188.0 1155.0 1202.0 1137.0 1208.0 1144.0 small-vehicle 1
1252.0 1136.0 1259.0 1127.0 1272.0 1138.0 1266.0 1147.0 small-vehicle 1
1712.0 441.0 1720.0 440.0 1719.0 463.0 1711.0 461.0 small-vehicle 1
1705.0 387.0 1713.0 387.0 1712.0 408.0 1704.0 407.0 small-vehicle 1
1650.0 355.0 1657.0 345.0 1673.0 358.0 1667.0 367.0 small-vehicle 1
1645.0 366.0 1651.0 358.0 1665.0 370.0 1659.0 377.0 small-vehicle 1
1658.0 379.0 1650.0 387.0 1634.0 375.0 1640.0 368.0 small-vehicle 1
1694.0 364.0 1704.0 364.0 1701.0 385.0 1692.0 386.0 small-vehicle 1
1706.0 367.0 1714.0 367.0 1714.0 388.0 1705.0 387.0 small-vehicle 1
1719.0 368.0 1729.0 368.0 1726.0 389.0 1718.0 388.0 small-vehicle 1
1692.0 386.0 1701.0 387.0 1699.0 407.0 1690.0 405.0 small-vehicle 1
1716.0 387.0 1726.0 386.0 1726.0 411.0 1715.0 411.0 small-vehicle 1
1695.0 342.0 1687.0 347.0 1675.0 333.0 1681.0 325.0 small-vehicle 1
1758.0 370.0 1757.0 363.0 1770.0 362.0 1770.0 371.0 small-vehicle 1
1754.0 380.0 1755.0 371.0 1769.0 373.0 1769.0 382.0 small-vehicle 1
1748.0 431.0 1748.0 421.0 1766.0 423.0 1766.0 431.0 small-vehicle 1
1750.0 421.0 1750.0 412.0 1768.0 412.0 1768.0 421.0 small-vehicle 1
1750.0 409.0 1751.0 397.0 1773.0 398.0 1771.0 409.0 small-vehicle 1
1752.0 396.0 1754.0 384.0 1775.0 386.0 1774.0 396.0 small-vehicle 1
1726.0 445.0 1734.0 446.0 1732.0 466.0 1725.0 466.0 small-vehicle 1
1684.0 347.0 1677.0 354.0 1661.0 341.0 1667.0 333.0 small-vehicle 1
1686.0 323.0 1695.0 316.0 1706.0 332.0 1699.0 339.0 small-vehicle 1
1387.0 838.0 1379.0 834.0 1389.0 815.0 1397.0 818.0 small-vehicle 1
1650.0 173.0 1657.0 177.0 1646.0 197.0 1639.0 194.0 small-vehicle 1
1402.0 837.0 1395.0 833.0 1404.0 817.0 1410.0 820.0 small-vehicle 1
1388.0 935.0 1386.0 926.0 1409.0 926.0 1411.0 934.0 small-vehicle 1
1326.0 914.0 1318.0 911.0 1330.0 889.0 1338.0 893.0 small-vehicle 1
1345.0 879.0 1338.0 875.0 1348.0 855.0 1358.0 857.0 small-vehicle 1
1312.0 938.0 1305.0 934.0 1315.0 916.0 1322.0 919.0 small-vehicle 1
1299.0 962.0 1292.0 957.0 1304.0 939.0 1311.0 942.0 small-vehicle 1
1458.0 779.0 1450.0 774.0 1461.0 753.0 1469.0 758.0 small-vehicle 1
1559.0 177.0 1550.0 175.0 1560.0 158.0 1567.0 160.0 small-vehicle 1
1695.0 318.0 1703.0 310.0 1714.0 324.0 1707.0 331.0 small-vehicle 1
1492.0 305.0 1484.0 300.0 1496.0 277.0 1503.0 281.0 small-vehicle 1
1456.0 431.0 1446.0 424.0 1458.0 406.0 1467.0 411.0 small-vehicle 1
1633.0 420.0 1635.0 430.0 1613.0 433.0 1611.0 422.0 small-vehicle 1
1638.0 410.0 1635.0 420.0 1616.0 417.0 1617.0 406.0 small-vehicle 1
1645.0 399.0 1640.0 407.0 1621.0 401.0 1625.0 390.0 small-vehicle 1
1651.0 389.0 1645.0 398.0 1627.0 386.0 1632.0 379.0 small-vehicle 1
1705.0 309.0 1712.0 301.0 1725.0 319.0 1717.0 324.0 small-vehicle 1
3412.0 1754.0 3411.0 1765.0 3390.0 1763.0 3390.0 1754.0 small-vehicle 1
3409.0 1764.0 3409.0 1773.0 3389.0 1773.0 3388.0 1764.0 small-vehicle 1
3388.0 1786.0 3389.0 1777.0 3409.0 1778.0 3410.0 1786.0 small-vehicle 1
3059.0 827.0 3059.0 817.0 3082.0 819.0 3082.0 828.0 small-vehicle 1
3072.0 644.0 3072.0 636.0 3094.0 637.0 3093.0 646.0 small-vehicle 1
3092.0 663.0 3091.0 671.0 3071.0 670.0 3070.0 662.0 small-vehicle 1
3069.0 683.0 3069.0 674.0 3090.0 675.0 3091.0 683.0 small-vehicle 1
3089.0 687.0 3087.0 696.0 3065.0 696.0 3067.0 686.0 small-vehicle 1
3066.0 737.0 3068.0 728.0 3088.0 729.0 3086.0 738.0 small-vehicle 1
3064.0 786.0 3065.0 775.0 3088.0 777.0 3085.0 787.0 small-vehicle 1
3063.0 799.0 3065.0 788.0 3084.0 790.0 3083.0 800.0 small-vehicle 1
3151.0 667.0 3150.0 676.0 3128.0 675.0 3128.0 666.0 small-vehicle 1
3093.0 610.0 3092.0 620.0 3071.0 619.0 3071.0 610.0 small-vehicle 1
3174.0 670.0 3173.0 679.0 3150.0 678.0 3150.0 668.0 small-vehicle 1
3167.0 681.0 3167.0 691.0 3148.0 691.0 3148.0 681.0 small-vehicle 1
3150.0 704.0 3150.0 695.0 3171.0 696.0 3171.0 705.0 small-vehicle 1
3146.0 717.0 3146.0 708.0 3169.0 708.0 3168.0 718.0 small-vehicle 1
3145.0 732.0 3145.0 721.0 3169.0 722.0 3167.0 733.0 small-vehicle 1
3145.0 742.0 3145.0 732.0 3166.0 734.0 3165.0 743.0 small-vehicle 1
3144.0 757.0 3144.0 746.0 3165.0 748.0 3165.0 757.0 small-vehicle 1
3071.0 630.0 3071.0 621.0 3094.0 621.0 3092.0 631.0 small-vehicle 1
3416.0 554.0 3403.0 553.0 3407.0 513.0 3421.0 514.0 large-vehicle 1
3171.0 765.0 3182.0 765.0 3182.0 790.0 3171.0 791.0 large-vehicle 1
3471.0 326.0 3470.0 334.0 3445.0 334.0 3445.0 325.0 small-vehicle 1
3390.0 303.0 3390.0 294.0 3417.0 295.0 3415.0 305.0 small-vehicle 1
3392.0 327.0 3392.0 318.0 3412.0 318.0 3411.0 327.0 small-vehicle 1
3389.0 339.0 3389.0 330.0 3411.0 330.0 3411.0 339.0 small-vehicle 1
3409.0 342.0 3408.0 351.0 3387.0 349.0 3387.0 341.0 small-vehicle 1
3410.0 352.0 3408.0 362.0 3387.0 361.0 3387.0 351.0 small-vehicle 1
3417.0 375.0 3417.0 391.0 3386.0 389.0 3387.0 374.0 small-vehicle 1
3449.0 322.0 3450.0 312.0 3473.0 315.0 3471.0 324.0 small-vehicle 1
3470.0 336.0 3470.0 347.0 3447.0 347.0 3446.0 337.0 small-vehicle 1
3441.0 560.0 3427.0 559.0 3426.0 520.0 3441.0 520.0 large-vehicle 1
3539.0 110.0 3528.0 109.0 3532.0 88.0 3543.0 89.0 small-vehicle 1
3555.0 92.0 3566.0 92.0 3565.0 115.0 3553.0 114.0 small-vehicle 1
3580.0 174.0 3588.0 175.0 3585.0 196.0 3576.0 195.0 small-vehicle 1
3592.0 176.0 3603.0 176.0 3602.0 197.0 3590.0 196.0 small-vehicle 1
3519.0 550.0 3521.0 540.0 3552.0 546.0 3549.0 556.0 large-vehicle 1
3465.0 552.0 3454.0 551.0 3454.0 525.0 3466.0 526.0 large-vehicle 1
3404.0 546.0 3395.0 546.0 3395.0 525.0 3406.0 525.0 small-vehicle 1
3164.0 761.0 3164.0 770.0 3143.0 770.0 3143.0 761.0 small-vehicle 1
3162.0 773.0 3163.0 783.0 3141.0 781.0 3142.0 772.0 small-vehicle 1
3399.0 257.0 3399.0 245.0 3424.0 246.0 3422.0 258.0 small-vehicle 1
3176.0 898.0 3165.0 896.0 3168.0 875.0 3177.0 876.0 small-vehicle 1
3266.0 802.0 3264.0 811.0 3242.0 810.0 3242.0 801.0 small-vehicle 1
3268.0 814.0 3265.0 825.0 3244.0 824.0 3246.0 814.0 small-vehicle 1
3267.0 831.0 3267.0 842.0 3245.0 842.0 3246.0 832.0 small-vehicle 1
3267.0 843.0 3266.0 853.0 3243.0 854.0 3243.0 844.0 small-vehicle 1
3056.0 869.0 3068.0 869.0 3066.0 891.0 3056.0 890.0 small-vehicle 1
3073.0 871.0 3081.0 872.0 3080.0 890.0 3072.0 889.0 small-vehicle 1
3156.0 875.0 3166.0 875.0 3164.0 898.0 3154.0 898.0 small-vehicle 1
3187.0 899.0 3178.0 899.0 3179.0 879.0 3188.0 879.0 small-vehicle 1
3244.0 786.0 3244.0 777.0 3266.0 777.0 3266.0 785.0 small-vehicle 1
3198.0 900.0 3188.0 900.0 3190.0 876.0 3199.0 877.0 small-vehicle 1
3222.0 903.0 3212.0 902.0 3214.0 881.0 3224.0 881.0 small-vehicle 1
3210.0 900.0 3198.0 899.0 3201.0 878.0 3212.0 878.0 small-vehicle 1
2869.0 934.0 2869.0 925.0 2897.0 927.0 2895.0 938.0 small-vehicle 1
3143.0 1145.0 3133.0 1146.0 3134.0 1126.0 3142.0 1126.0 small-vehicle 1
3122.0 1149.0 3112.0 1148.0 3114.0 1127.0 3122.0 1127.0 small-vehicle 1
3124.0 1330.0 3134.0 1330.0 3132.0 1355.0 3124.0 1356.0 small-vehicle 1
3265.0 789.0 3266.0 798.0 3243.0 799.0 3243.0 790.0 small-vehicle 1
3248.0 774.0 3248.0 765.0 3268.0 765.0 3267.0 775.0 small-vehicle 1
3140.0 795.0 3140.0 786.0 3162.0 788.0 3160.0 795.0 small-vehicle 1
3115.0 779.0 3116.0 768.0 3139.0 771.0 3139.0 780.0 small-vehicle 1
3147.0 681.0 3146.0 690.0 3123.0 688.0 3123.0 679.0 small-vehicle 1
3148.0 693.0 3148.0 703.0 3125.0 702.0 3125.0 693.0 small-vehicle 1
3147.0 706.0 3145.0 715.0 3124.0 714.0 3124.0 706.0 small-vehicle 1
3144.0 719.0 3143.0 728.0 3124.0 726.0 3125.0 716.0 small-vehicle 1
3121.0 739.0 3121.0 730.0 3143.0 731.0 3143.0 740.0 small-vehicle 1
3121.0 753.0 3121.0 743.0 3142.0 744.0 3141.0 753.0 small-vehicle 1
3141.0 757.0 3140.0 768.0 3119.0 767.0 3120.0 757.0 small-vehicle 1
3115.0 794.0 3115.0 782.0 3138.0 784.0 3136.0 795.0 small-vehicle 1
3266.0 749.0 3268.0 759.0 3247.0 759.0 3247.0 751.0 small-vehicle 1
3125.0 810.0 3124.0 801.0 3145.0 801.0 3144.0 810.0 small-vehicle 1
3144.0 811.0 3144.0 800.0 3164.0 800.0 3163.0 810.0 small-vehicle 1
3140.0 812.0 3140.0 821.0 3118.0 819.0 3119.0 810.0 small-vehicle 1
3141.0 821.0 3142.0 812.0 3163.0 813.0 3162.0 822.0 small-vehicle 1
3160.0 826.0 3159.0 836.0 3139.0 836.0 3139.0 825.0 small-vehicle 1
3137.0 823.0 3138.0 831.0 3117.0 831.0 3116.0 823.0 small-vehicle 1
3267.0 736.0 3267.0 746.0 3249.0 746.0 3248.0 737.0 small-vehicle 1
3417.0 281.0 3417.0 291.0 3394.0 293.0 3394.0 282.0 small-vehicle 1
3398.0 245.0 3397.0 235.0 3422.0 235.0 3423.0 246.0 small-vehicle 1
3147.0 1334.0 3158.0 1336.0 3156.0 1357.0 3146.0 1357.0 small-vehicle 1
6002.0 1734.0 6000.0 1748.0 5926.0 1743.0 5926.0 1725.0 large-vehicle 0
4826.0 2432.0 4719.0 2519.0 4628.0 2422.0 4721.0 2336.0 plane 0
5464.0 1942.0 5444.0 2213.0 5161.0 2196.0 5179.0 1921.0 plane 0
6048.0 1104.0 6047.0 1120.0 5965.0 1115.0 5966.0 1098.0 large-vehicle 0
6052.0 1159.0 6051.0 1175.0 5962.0 1170.0 5963.0 1152.0 large-vehicle 0
6087.0 1331.0 6097.0 1318.0 6180.0 1379.0 6166.0 1394.0 large-vehicle 0
6224.0 1451.0 6208.0 1448.0 6215.0 1351.0 6234.0 1353.0 large-vehicle 0
6171.0 1472.0 6160.0 1483.0 6078.0 1425.0 6088.0 1410.0 large-vehicle 0
6044.0 1888.0 6045.0 1869.0 6146.0 1868.0 6145.0 1888.0 large-vehicle 0
4795.0 1579.0 4788.0 1730.0 4640.0 1726.0 4640.0 1575.0 plane 0
5991.0 1918.0 5991.0 1935.0 5913.0 1932.0 5913.0 1914.0 large-vehicle 0
5995.0 1938.0 5993.0 1954.0 5912.0 1949.0 5912.0 1931.0 large-vehicle 0
5992.0 1975.0 5990.0 1993.0 5910.0 1988.0 5910.0 1968.0 large-vehicle 0
5985.0 1990.0 5983.0 2009.0 5910.0 2004.0 5911.0 1985.0 large-vehicle 0
6069.0 2010.0 6064.0 1989.0 6149.0 1959.0 6159.0 1980.0 large-vehicle 0
529.0 726.0 518.0 715.0 562.0 667.0 573.0 678.0 large-vehicle 0
204.0 132.0 215.0 149.0 169.0 185.0 158.0 170.0 large-vehicle 0
4783.0 1748.0 4772.0 1907.0 4620.0 1895.0 4628.0 1738.0 plane 0
4091.0 944.0 4078.0 937.0 4116.0 882.0 4128.0 889.0 large-vehicle 0
3104.0 159.0 3095.0 157.0 3100.0 137.0 3107.0 138.0 small-vehicle 1
2345.0 240.0 2362.0 241.0 2356.0 335.0 2337.0 334.0 large-vehicle 1
500.0 1774.0 322.0 1694.0 419.0 1496.0 600.0 1572.0 plane 0
1398.0 679.0 1411.0 686.0 1374.0 732.0 1360.0 720.0 large-vehicle 0
1481.0 1798.0 1479.0 1565.0 1755.0 1556.0 1753.0 1802.0 plane 0
2378.0 191.0 2379.0 172.0 2479.0 182.0 2475.0 204.0 large-vehicle 0
2352.0 218.0 2369.0 192.0 2443.0 260.0 2417.0 282.0 large-vehicle 0
2606.0 1226.0 2583.0 1439.0 2362.0 1411.0 2387.0 1206.0 plane 0
2644.0 1541.0 2632.0 1782.0 2360.0 1756.0 2370.0 1527.0 plane 0
2484.0 250.0 2502.0 250.0 2496.0 343.0 2478.0 341.0 large-vehicle 1
4091.0 997.0 4076.0 987.0 4112.0 930.0 4127.0 940.0 large-vehicle 0
2588.0 255.0 2608.0 256.0 2600.0 351.0 2582.0 350.0 large-vehicle 1
2502.0 254.0 2520.0 256.0 2512.0 345.0 2495.0 344.0 large-vehicle 1
3511.0 864.0 3612.0 871.0 3600.0 972.0 3500.0 963.0 plane 0
3638.0 874.0 3745.0 882.0 3732.0 1008.0 3628.0 999.0 plane 0
3692.0 877.0 3695.0 858.0 3760.0 870.0 3756.0 888.0 large-vehicle 0
3811.0 664.0 3863.0 670.0 3856.0 732.0 3803.0 728.0 helicopter 0
3700.0 1127.0 3846.0 1148.0 3812.0 1290.0 3675.0 1268.0 plane 0
3091.0 161.0 3081.0 158.0 3084.0 139.0 3095.0 140.0 small-vehicle 1
3107.0 139.0 3117.0 138.0 3117.0 158.0 3107.0 158.0 small-vehicle 1
3422.0 223.0 3422.0 231.0 3398.0 231.0 3398.0 222.0 small-vehicle 1
3160.0 379.0 3160.0 390.0 3140.0 390.0 3141.0 379.0 small-vehicle 1
3273.0 426.0 3273.0 435.0 3252.0 437.0 3251.0 427.0 small-vehicle 1
3273.0 441.0 3273.0 452.0 3251.0 451.0 3251.0 442.0 small-vehicle 1
3163.0 258.0 3163.0 248.0 3189.0 249.0 3188.0 258.0 small-vehicle 1
3163.0 281.0 3163.0 270.0 3184.0 270.0 3184.0 280.0 small-vehicle 1
3148.0 331.0 3149.0 321.0 3169.0 323.0 3167.0 332.0 small-vehicle 1
3170.0 348.0 3170.0 358.0 3148.0 356.0 3149.0 346.0 small-vehicle 1
3163.0 369.0 3160.0 379.0 3141.0 377.0 3143.0 367.0 small-vehicle 1
3165.0 392.0 3165.0 404.0 3138.0 401.0 3139.0 389.0 small-vehicle 1
3276.0 399.0 3276.0 410.0 3251.0 410.0 3251.0 400.0 small-vehicle 1
3140.0 417.0 3141.0 407.0 3169.0 408.0 3169.0 418.0 small-vehicle 1
3159.0 234.0 3159.0 224.0 3186.0 225.0 3185.0 234.0 small-vehicle 1
3161.0 215.0 3161.0 207.0 3187.0 207.0 3187.0 214.0 small-vehicle 1
3360.0 108.0 3348.0 107.0 3351.0 88.0 3360.0 88.0 small-vehicle 1
3450.0 146.0 3449.0 156.0 3425.0 155.0 3425.0 145.0 small-vehicle 1
3463.0 202.0 3473.0 202.0 3471.0 222.0 3461.0 222.0 small-vehicle 1
3440.0 201.0 3449.0 201.0 3448.0 221.0 3439.0 221.0 small-vehicle 1
3273.0 410.0 3274.0 421.0 3253.0 422.0 3253.0 412.0 small-vehicle 1
3255.0 390.0 3255.0 380.0 3277.0 381.0 3277.0 390.0 small-vehicle 1
3128.0 157.0 3118.0 157.0 3120.0 135.0 3129.0 136.0 small-vehicle 1
3285.0 259.0 3283.0 268.0 3263.0 268.0 3263.0 258.0 small-vehicle 1
3296.0 102.0 3296.0 113.0 3275.0 112.0 3274.0 103.0 small-vehicle 1
3289.0 156.0 3289.0 166.0 3268.0 166.0 3268.0 156.0 small-vehicle 1
3292.0 171.0 3292.0 181.0 3270.0 182.0 3271.0 171.0 small-vehicle 1
3268.0 196.0 3268.0 186.0 3291.0 186.0 3291.0 197.0 small-vehicle 1
3270.0 210.0 3272.0 199.0 3292.0 201.0 3290.0 213.0 small-vehicle 1
3287.0 227.0 3285.0 237.0 3264.0 235.0 3263.0 225.0 small-vehicle 1
3285.0 248.0 3285.0 257.0 3265.0 258.0 3265.0 248.0 small-vehicle 1
3284.0 272.0 3283.0 282.0 3258.0 280.0 3258.0 270.0 small-vehicle 1
3255.0 376.0 3256.0 367.0 3278.0 369.0 3278.0 377.0 small-vehicle 1
3262.0 291.0 3263.0 281.0 3283.0 283.0 3283.0 293.0 small-vehicle 1
3260.0 304.0 3260.0 294.0 3283.0 296.0 3282.0 307.0 small-vehicle 1
3254.0 316.0 3256.0 306.0 3281.0 309.0 3280.0 320.0 small-vehicle 1
3282.0 321.0 3281.0 331.0 3251.0 328.0 3252.0 318.0 small-vehicle 1
3257.0 341.0 3257.0 332.0 3282.0 334.0 3281.0 343.0 small-vehicle 1
3278.0 343.0 3278.0 353.0 3254.0 352.0 3255.0 342.0 small-vehicle 1
3278.0 354.0 3278.0 364.0 3259.0 364.0 3259.0 353.0 small-vehicle 1
3144.0 1358.0 3134.0 1356.0 3137.0 1334.0 3146.0 1334.0 small-vehicle 1
3113.0 1330.0 3123.0 1330.0 3122.0 1356.0 3111.0 1356.0 small-vehicle 1
3386.0 1810.0 3387.0 1801.0 3407.0 1802.0 3406.0 1811.0 small-vehicle 1
3395.0 1659.0 3396.0 1650.0 3416.0 1652.0 3416.0 1660.0 small-vehicle 1
3401.0 1612.0 3401.0 1603.0 3421.0 1604.0 3421.0 1613.0 small-vehicle 1
3418.0 1614.0 3417.0 1623.0 3397.0 1623.0 3397.0 1614.0 small-vehicle 1
3396.0 1635.0 3396.0 1626.0 3416.0 1627.0 3416.0 1635.0 small-vehicle 1
3392.0 1624.0 3392.0 1632.0 3373.0 1633.0 3372.0 1625.0 small-vehicle 1
3393.0 1636.0 3393.0 1645.0 3371.0 1647.0 3371.0 1638.0 small-vehicle 1
3396.0 1647.0 3397.0 1638.0 3417.0 1640.0 3417.0 1648.0 small-vehicle 1
3394.0 1650.0 3393.0 1658.0 3373.0 1658.0 3372.0 1649.0 small-vehicle 1
3395.0 1673.0 3396.0 1663.0 3415.0 1662.0 3416.0 1673.0 small-vehicle 1
3398.0 1590.0 3399.0 1598.0 3379.0 1598.0 3379.0 1589.0 small-vehicle 1
3394.0 1661.0 3393.0 1670.0 3373.0 1670.0 3372.0 1660.0 small-vehicle 1
3451.0 1651.0 3462.0 1652.0 3460.0 1672.0 3450.0 1671.0 small-vehicle 1
3354.0 1445.0 3353.0 1454.0 3333.0 1453.0 3333.0 1444.0 small-vehicle 1
3353.0 1457.0 3353.0 1466.0 3332.0 1465.0 3332.0 1456.0 small-vehicle 1
3350.0 1481.0 3350.0 1488.0 3328.0 1489.0 3329.0 1481.0 small-vehicle 1
3353.0 1493.0 3352.0 1502.0 3329.0 1502.0 3329.0 1493.0 small-vehicle 1
3348.0 1503.0 3348.0 1513.0 3326.0 1513.0 3326.0 1503.0 small-vehicle 1
3399.0 1602.0 3399.0 1612.0 3377.0 1611.0 3377.0 1602.0 small-vehicle 1
3401.0 1579.0 3399.0 1588.0 3379.0 1588.0 3379.0 1578.0 small-vehicle 1
3346.0 1540.0 3346.0 1548.0 3326.0 1549.0 3326.0 1541.0 small-vehicle 1
3425.0 1581.0 3424.0 1590.0 3404.0 1590.0 3405.0 1581.0 small-vehicle 1
3428.0 1498.0 3427.0 1509.0 3405.0 1507.0 3406.0 1497.0 small-vehicle 1
3403.0 1520.0 3403.0 1509.0 3429.0 1511.0 3429.0 1522.0 small-vehicle 1
3404.0 1530.0 3404.0 1520.0 3423.0 1521.0 3423.0 1530.0 small-vehicle 1
3424.0 1531.0 3424.0 1540.0 3404.0 1541.0 3403.0 1530.0 small-vehicle 1
3422.0 1543.0 3422.0 1550.0 3402.0 1551.0 3402.0 1542.0 small-vehicle 1
3425.0 1556.0 3423.0 1565.0 3402.0 1563.0 3403.0 1554.0 small-vehicle 1
3422.0 1570.0 3422.0 1577.0 3400.0 1577.0 3400.0 1568.0 small-vehicle 1
3384.0 1445.0 3384.0 1437.0 3408.0 1439.0 3408.0 1448.0 small-vehicle 1
3400.0 1543.0 3400.0 1551.0 3381.0 1551.0 3381.0 1543.0 small-vehicle 1
3387.0 1456.0 3386.0 1448.0 3409.0 1451.0 3408.0 1458.0 small-vehicle 1
3386.0 1468.0 3386.0 1459.0 3406.0 1461.0 3405.0 1469.0 small-vehicle 1
3405.0 1472.0 3405.0 1482.0 3386.0 1482.0 3386.0 1473.0 small-vehicle 1
3404.0 1485.0 3404.0 1493.0 3384.0 1493.0 3384.0 1485.0 small-vehicle 1
3404.0 1495.0 3403.0 1504.0 3385.0 1504.0 3384.0 1496.0 small-vehicle 1
3399.0 1508.0 3400.0 1516.0 3383.0 1516.0 3383.0 1508.0 small-vehicle 1
3401.0 1521.0 3401.0 1530.0 3381.0 1530.0 3381.0 1520.0 small-vehicle 1
3346.0 1527.0 3346.0 1536.0 3324.0 1537.0 3325.0 1527.0 small-vehicle 1
3346.0 1552.0 3344.0 1563.0 3322.0 1562.0 3324.0 1550.0 small-vehicle 1
3430.0 1463.0 3429.0 1473.0 3410.0 1472.0 3409.0 1462.0 small-vehicle 1
3398.0 1994.0 3390.0 1994.0 3390.0 1972.0 3397.0 1971.0 small-vehicle 1
3530.0 1857.0 3520.0 1858.0 3515.0 1837.0 3524.0 1833.0 small-vehicle 1
3453.0 1898.0 3454.0 1906.0 3435.0 1909.0 3435.0 1900.0 small-vehicle 1
3452.0 1909.0 3452.0 1919.0 3435.0 1919.0 3435.0 1909.0 small-vehicle 1
3453.0 1934.0 3452.0 1943.0 3432.0 1943.0 3433.0 1934.0 small-vehicle 1
3449.0 1958.0 3447.0 1967.0 3427.0 1966.0 3427.0 1957.0 small-vehicle 1
3423.0 1996.0 3414.0 1996.0 3415.0 1975.0 3426.0 1975.0 small-vehicle 1
3413.0 1995.0 3401.0 1994.0 3402.0 1973.0 3410.0 1972.0 small-vehicle 1
3364.0 1991.0 3354.0 1991.0 3356.0 1971.0 3366.0 1971.0 small-vehicle 1
3456.0 1864.0 3456.0 1872.0 3435.0 1873.0 3436.0 1864.0 small-vehicle 1
3356.0 1914.0 3356.0 1906.0 3379.0 1906.0 3378.0 1916.0 small-vehicle 1
3401.0 1894.0 3401.0 1903.0 3381.0 1905.0 3380.0 1895.0 small-vehicle 1
3402.0 1883.0 3402.0 1892.0 3381.0 1892.0 3381.0 1881.0 small-vehicle 1
3403.0 1870.0 3403.0 1879.0 3381.0 1879.0 3382.0 1870.0 small-vehicle 1
3384.0 1844.0 3383.0 1836.0 3405.0 1836.0 3405.0 1843.0 small-vehicle 1
3386.0 1832.0 3386.0 1824.0 3407.0 1825.0 3406.0 1833.0 small-vehicle 1
3385.0 1820.0 3385.0 1810.0 3405.0 1813.0 3405.0 1822.0 small-vehicle 1
3455.0 1874.0 3456.0 1884.0 3436.0 1882.0 3435.0 1874.0 small-vehicle 1
3455.0 1850.0 3455.0 1860.0 3434.0 1861.0 3435.0 1850.0 small-vehicle 1
3345.0 1574.0 3344.0 1585.0 3320.0 1583.0 3320.0 1572.0 small-vehicle 1
3518.0 1693.0 3525.0 1700.0 3510.0 1715.0 3504.0 1708.0 small-vehicle 1
3342.0 1585.0 3343.0 1595.0 3321.0 1595.0 3321.0 1585.0 small-vehicle 1
3343.0 1599.0 3342.0 1609.0 3319.0 1608.0 3320.0 1597.0 small-vehicle 1
3338.0 1610.0 3338.0 1619.0 3318.0 1620.0 3317.0 1610.0 small-vehicle 1
3343.0 1622.0 3342.0 1630.0 3319.0 1631.0 3319.0 1622.0 small-vehicle 1
3341.0 1645.0 3340.0 1654.0 3316.0 1654.0 3317.0 1644.0 small-vehicle 1
3480.0 1689.0 3486.0 1695.0 3469.0 1710.0 3463.0 1704.0 small-vehicle 1
3499.0 1691.0 3506.0 1698.0 3490.0 1714.0 3484.0 1707.0 small-vehicle 1
3536.0 1697.0 3543.0 1706.0 3520.0 1721.0 3513.0 1711.0 small-vehicle 1
3436.0 1849.0 3435.0 1840.0 3455.0 1840.0 3456.0 1848.0 small-vehicle 1
3476.0 1749.0 3468.0 1754.0 3452.0 1741.0 3458.0 1735.0 small-vehicle 1
3463.0 1770.0 3462.0 1778.0 3444.0 1778.0 3444.0 1769.0 small-vehicle 1
3462.0 1778.0 3462.0 1787.0 3443.0 1789.0 3443.0 1778.0 small-vehicle 1
3464.0 1793.0 3463.0 1802.0 3443.0 1801.0 3444.0 1793.0 small-vehicle 1
3460.0 1803.0 3459.0 1813.0 3438.0 1813.0 3439.0 1803.0 small-vehicle 1
3458.0 1814.0 3458.0 1824.0 3438.0 1825.0 3438.0 1814.0 small-vehicle 1
3437.0 1837.0 3438.0 1828.0 3458.0 1830.0 3457.0 1839.0 small-vehicle 1
3428.0 1474.0 3427.0 1485.0 3408.0 1484.0 3408.0 1474.0 small-vehicle 1
3431.0 1439.0 3431.0 1447.0 3410.0 1446.0 3409.0 1438.0 small-vehicle 1
3101.0 1330.0 3110.0 1330.0 3108.0 1351.0 3100.0 1351.0 small-vehicle 1
3433.0 1339.0 3441.0 1339.0 3441.0 1358.0 3432.0 1357.0 small-vehicle 1
3698.0 1293.0 3706.0 1293.0 3704.0 1315.0 3697.0 1314.0 small-vehicle 1
3709.0 1296.0 3719.0 1296.0 3716.0 1319.0 3707.0 1317.0 small-vehicle 1
3719.0 1296.0 3729.0 1297.0 3727.0 1318.0 3718.0 1317.0 small-vehicle 1
3731.0 1299.0 3740.0 1299.0 3738.0 1321.0 3729.0 1320.0 small-vehicle 1
3748.0 1320.0 3740.0 1320.0 3742.0 1299.0 3750.0 1299.0 small-vehicle 1
3365.0 1300.0 3364.0 1311.0 3341.0 1309.0 3342.0 1300.0 small-vehicle 1
3341.0 1323.0 3342.0 1313.0 3363.0 1314.0 3362.0 1324.0 small-vehicle 1
3463.0 1362.0 3453.0 1361.0 3454.0 1340.0 3463.0 1340.0 small-vehicle 1
3686.0 1295.0 3695.0 1295.0 3694.0 1315.0 3686.0 1314.0 small-vehicle 1
3486.0 1361.0 3477.0 1360.0 3476.0 1341.0 3485.0 1341.0 small-vehicle 1
3496.0 1362.0 3487.0 1360.0 3489.0 1341.0 3498.0 1341.0 small-vehicle 1
3697.0 1377.0 3688.0 1378.0 3689.0 1354.0 3698.0 1354.0 small-vehicle 1
3674.0 1375.0 3664.0 1374.0 3665.0 1352.0 3676.0 1352.0 small-vehicle 1
3652.0 1346.0 3662.0 1346.0 3661.0 1372.0 3653.0 1372.0 small-vehicle 1
3650.0 1373.0 3640.0 1372.0 3640.0 1351.0 3650.0 1350.0 small-vehicle 1
3640.0 1372.0 3629.0 1372.0 3630.0 1349.0 3640.0 1350.0 small-vehicle 1
3665.0 1293.0 3673.0 1293.0 3671.0 1313.0 3664.0 1313.0 small-vehicle 1
3674.0 1294.0 3684.0 1293.0 3682.0 1316.0 3673.0 1315.0 small-vehicle 1
3604.0 1368.0 3594.0 1367.0 3595.0 1346.0 3606.0 1346.0 small-vehicle 1
3488.0 1284.0 3497.0 1284.0 3496.0 1304.0 3488.0 1304.0 small-vehicle 1
3376.0 1273.0 3386.0 1274.0 3384.0 1300.0 3374.0 1300.0 small-vehicle 1
3390.0 1273.0 3399.0 1274.0 3397.0 1295.0 3388.0 1295.0 small-vehicle 1
3402.0 1277.0 3411.0 1277.0 3408.0 1297.0 3399.0 1295.0 small-vehicle 1
3412.0 1277.0 3422.0 1279.0 3420.0 1297.0 3411.0 1296.0 small-vehicle 1
3438.0 1300.0 3429.0 1299.0 3431.0 1278.0 3440.0 1279.0 small-vehicle 1
3453.0 1280.0 3465.0 1278.0 3465.0 1301.0 3454.0 1301.0 small-vehicle 1
3484.0 1303.0 3474.0 1302.0 3477.0 1281.0 3487.0 1281.0 small-vehicle 1
3500.0 1282.0 3510.0 1282.0 3509.0 1305.0 3498.0 1305.0 small-vehicle 1
3656.0 1320.0 3644.0 1322.0 3644.0 1292.0 3657.0 1291.0 large-vehicle 1
3515.0 1286.0 3525.0 1285.0 3523.0 1306.0 3515.0 1305.0 small-vehicle 1
3554.0 1288.0 3565.0 1289.0 3562.0 1311.0 3553.0 1309.0 small-vehicle 1
3565.0 1288.0 3575.0 1289.0 3573.0 1310.0 3563.0 1309.0 small-vehicle 1
3586.0 1288.0 3598.0 1289.0 3595.0 1311.0 3585.0 1311.0 small-vehicle 1
3609.0 1292.0 3618.0 1292.0 3617.0 1312.0 3608.0 1312.0 small-vehicle 1
3621.0 1293.0 3631.0 1294.0 3628.0 1313.0 3620.0 1312.0 small-vehicle 1
3641.0 1320.0 3632.0 1320.0 3632.0 1296.0 3640.0 1295.0 small-vehicle 1
3619.0 1348.0 3629.0 1349.0 3626.0 1373.0 3617.0 1371.0 small-vehicle 1
3592.0 1368.0 3581.0 1367.0 3582.0 1347.0 3592.0 1348.0 small-vehicle 1
3456.0 1559.0 3457.0 1549.0 3477.0 1549.0 3476.0 1559.0 small-vehicle 1
3739.0 1444.0 3736.0 1455.0 3712.0 1450.0 3714.0 1438.0 small-vehicle 1
3533.0 1377.0 3542.0 1376.0 3542.0 1396.0 3532.0 1394.0 small-vehicle 1
3545.0 1375.0 3556.0 1375.0 3554.0 1393.0 3544.0 1394.0 small-vehicle 1
3557.0 1375.0 3567.0 1375.0 3565.0 1393.0 3556.0 1394.0 small-vehicle 1
3567.0 1374.0 3578.0 1375.0 3576.0 1395.0 3566.0 1395.0 small-vehicle 1
3579.0 1375.0 3591.0 1376.0 3589.0 1398.0 3579.0 1397.0 small-vehicle 1
3595.0 1375.0 3603.0 1376.0 3600.0 1395.0 3592.0 1394.0 small-vehicle 1
3649.0 1424.0 3648.0 1433.0 3621.0 1432.0 3621.0 1421.0 small-vehicle 1
3570.0 1417.0 3570.0 1426.0 3546.0 1424.0 3547.0 1415.0 small-vehicle 1
3511.0 1371.0 3520.0 1371.0 3518.0 1393.0 3509.0 1394.0 small-vehicle 1
3462.0 1452.0 3462.0 1442.0 3485.0 1444.0 3484.0 1453.0 small-vehicle 1
3480.0 1454.0 3481.0 1463.0 3460.0 1464.0 3459.0 1455.0 small-vehicle 1
3459.0 1499.0 3459.0 1489.0 3481.0 1491.0 3480.0 1500.0 small-vehicle 1
3478.0 1502.0 3478.0 1511.0 3458.0 1511.0 3458.0 1502.0 small-vehicle 1
3458.0 1524.0 3458.0 1515.0 3479.0 1516.0 3479.0 1525.0 small-vehicle 1
3477.0 1526.0 3477.0 1535.0 3457.0 1535.0 3456.0 1526.0 small-vehicle 1
3453.0 1547.0 3453.0 1536.0 3479.0 1538.0 3478.0 1549.0 small-vehicle 1
3521.0 1377.0 3532.0 1377.0 3530.0 1396.0 3521.0 1395.0 small-vehicle 1
3498.0 1374.0 3508.0 1373.0 3506.0 1394.0 3496.0 1392.0 small-vehicle 1
3581.0 1368.0 3571.0 1367.0 3572.0 1345.0 3580.0 1345.0 small-vehicle 1
3672.0 1404.0 3662.0 1403.0 3663.0 1383.0 3673.0 1384.0 small-vehicle 1
3570.0 1364.0 3559.0 1364.0 3560.0 1343.0 3569.0 1343.0 small-vehicle 1
3555.0 1366.0 3545.0 1365.0 3547.0 1344.0 3557.0 1344.0 small-vehicle 1
3546.0 1365.0 3534.0 1365.0 3535.0 1344.0 3546.0 1344.0 small-vehicle 1
3533.0 1367.0 3524.0 1365.0 3523.0 1343.0 3534.0 1344.0 small-vehicle 1
3523.0 1364.0 3511.0 1364.0 3511.0 1342.0 3523.0 1343.0 small-vehicle 1
3716.0 1407.0 3706.0 1408.0 3707.0 1384.0 3716.0 1383.0 small-vehicle 1
3683.0 1405.0 3674.0 1404.0 3675.0 1382.0 3685.0 1382.0 small-vehicle 1
3651.0 1382.0 3663.0 1383.0 3660.0 1403.0 3649.0 1402.0 small-vehicle 1
3473.0 1370.0 3485.0 1370.0 3484.0 1393.0 3474.0 1391.0 small-vehicle 1
3640.0 1381.0 3650.0 1381.0 3649.0 1402.0 3639.0 1401.0 small-vehicle 1
3628.0 1381.0 3639.0 1381.0 3638.0 1400.0 3628.0 1402.0 small-vehicle 1
3604.0 1378.0 3616.0 1378.0 3613.0 1402.0 3604.0 1401.0 small-vehicle 1
3418.0 1360.0 3429.0 1360.0 3427.0 1382.0 3418.0 1382.0 small-vehicle 1
3431.0 1367.0 3440.0 1367.0 3438.0 1385.0 3430.0 1384.0 small-vehicle 1
3461.0 1390.0 3451.0 1390.0 3453.0 1369.0 3462.0 1369.0 small-vehicle 1
3471.0 1391.0 3463.0 1390.0 3464.0 1371.0 3471.0 1371.0 small-vehicle 1
906.0 148.0 895.0 144.0 904.0 115.0 913.0 118.0 large-vehicle 1
639.0 556.0 630.0 549.0 642.0 533.0 651.0 540.0 small-vehicle 1
3248.0 211.0 3260.0 215.0 3252.0 243.0 3242.0 239.0 large-vehicle 1
681.0 553.0 670.0 545.0 687.0 527.0 695.0 535.0 small-vehicle 1
5758.0 293.0 5757.0 284.0 5778.0 284.0 5778.0 292.0 small-vehicle 1
5801.0 319.0 5793.0 316.0 5802.0 298.0 5810.0 302.0 small-vehicle 1
5775.0 296.0 5776.0 305.0 5754.0 305.0 5754.0 295.0 small-vehicle 1
5752.0 514.0 5753.0 505.0 5777.0 508.0 5779.0 515.0 small-vehicle 1
5782.0 534.0 5782.0 544.0 5760.0 543.0 5761.0 533.0 small-vehicle 1
5755.0 674.0 5755.0 665.0 5780.0 668.0 5779.0 675.0 large-vehicle 1
5756.0 661.0 5755.0 653.0 5777.0 653.0 5779.0 660.0 large-vehicle 1
5650.0 2131.0 5640.0 2129.0 5642.0 2107.0 5651.0 2108.0 small-vehicle 1
5757.0 2135.0 5749.0 2134.0 5750.0 2114.0 5758.0 2115.0 small-vehicle 1
5779.0 2139.0 5770.0 2139.0 5771.0 2117.0 5781.0 2117.0 small-vehicle 1
5802.0 2136.0 5793.0 2136.0 5794.0 2114.0 5804.0 2116.0 small-vehicle 1
5815.0 2121.0 5825.0 2122.0 5824.0 2144.0 5815.0 2144.0 small-vehicle 1
5858.0 2144.0 5849.0 2143.0 5849.0 2120.0 5859.0 2120.0 small-vehicle 1
5673.0 2185.0 5664.0 2183.0 5666.0 2158.0 5677.0 2159.0 small-vehicle 1
5658.0 2185.0 5665.0 2185.0 5665.0 2206.0 5658.0 2206.0 small-vehicle 1
5694.0 2190.0 5685.0 2190.0 5688.0 2167.0 5697.0 2168.0 small-vehicle 1
5677.0 2207.0 5668.0 2207.0 5670.0 2184.0 5680.0 2185.0 small-vehicle 1
5760.0 280.0 5760.0 272.0 5779.0 273.0 5780.0 282.0 small-vehicle 1
5612.0 160.0 5612.0 151.0 5637.0 154.0 5637.0 163.0 small-vehicle 1
5587.0 157.0 5587.0 148.0 5606.0 147.0 5608.0 157.0 small-vehicle 1
5631.0 2184.0 5642.0 2184.0 5640.0 2208.0 5631.0 2208.0 large-vehicle 1
4625.0 672.0 4612.0 672.0 4615.0 635.0 4626.0 635.0 large-vehicle 1
4885.0 560.0 4884.0 569.0 4861.0 570.0 4861.0 561.0 large-vehicle 1
5354.0 140.0 5353.0 149.0 5333.0 147.0 5333.0 138.0 large-vehicle 1
5529.0 2085.0 5517.0 2085.0 5516.0 2056.0 5529.0 2055.0 large-vehicle 1
5532.0 2055.0 5544.0 2055.0 5543.0 2079.0 5532.0 2078.0 large-vehicle 1
5534.0 2027.0 5531.0 2037.0 5507.0 2032.0 5509.0 2023.0 large-vehicle 1
5551.0 1977.0 5554.0 1986.0 5531.0 1991.0 5528.0 1982.0 large-vehicle 1
5633.0 1019.0 5624.0 1022.0 5614.0 1000.0 5623.0 996.0 large-vehicle 1
5553.0 152.0 5554.0 141.0 5576.0 143.0 5575.0 153.0 small-vehicle 1
5614.0 1044.0 5604.0 1048.0 5596.0 1028.0 5603.0 1023.0 large-vehicle 1
5591.0 1022.0 5581.0 1025.0 5570.0 1003.0 5581.0 998.0 large-vehicle 1
5588.0 1044.0 5581.0 1050.0 5569.0 1030.0 5577.0 1023.0 large-vehicle 1
5637.0 1081.0 5637.0 1094.0 5612.0 1094.0 5611.0 1083.0 large-vehicle 1
5471.0 143.0 5471.0 134.0 5491.0 136.0 5491.0 144.0 small-vehicle 1
5494.0 146.0 5495.0 138.0 5516.0 140.0 5516.0 147.0 small-vehicle 1
5529.0 150.0 5529.0 142.0 5549.0 142.0 5549.0 150.0 small-vehicle 1
5694.0 2211.0 5684.0 2211.0 5686.0 2189.0 5695.0 2190.0 small-vehicle 1
5718.0 2189.0 5709.0 2189.0 5712.0 2166.0 5721.0 2167.0 small-vehicle 1
5708.0 2193.0 5716.0 2193.0 5714.0 2216.0 5705.0 2214.0 small-vehicle 1
5878.0 2204.0 5888.0 2204.0 5886.0 2228.0 5878.0 2227.0 small-vehicle 1
6004.0 2132.0 6014.0 2131.0 6014.0 2153.0 6004.0 2151.0 small-vehicle 1
5856.0 2178.0 5866.0 2179.0 5865.0 2200.0 5856.0 2200.0 small-vehicle 1
5869.0 2179.0 5876.0 2179.0 5876.0 2201.0 5866.0 2199.0 small-vehicle 1
5900.0 2180.0 5911.0 2181.0 5908.0 2203.0 5898.0 2201.0 small-vehicle 1
5963.0 2206.0 5955.0 2206.0 5954.0 2187.0 5965.0 2187.0 small-vehicle 1
5954.0 2206.0 5965.0 2207.0 5962.0 2229.0 5952.0 2228.0 small-vehicle 1
5899.0 2202.0 5907.0 2203.0 5905.0 2223.0 5896.0 2223.0 small-vehicle 1
5868.0 2202.0 5876.0 2202.0 5873.0 2224.0 5865.0 2223.0 small-vehicle 1
5970.0 2126.0 5979.0 2126.0 5979.0 2147.0 5969.0 2147.0 small-vehicle 1
5973.0 1786.0 5971.0 1795.0 5950.0 1794.0 5951.0 1785.0 small-vehicle 1
6109.0 1943.0 6112.0 1954.0 6072.0 1970.0 6065.0 1956.0 large-vehicle 1
6053.0 2038.0 6053.0 2026.0 6102.0 2030.0 6102.0 2041.0 large-vehicle 1
6083.0 1650.0 6083.0 1640.0 6106.0 1641.0 6104.0 1651.0 small-vehicle 1
6080.0 1634.0 6082.0 1626.0 6103.0 1629.0 6102.0 1636.0 small-vehicle 1
5970.0 1515.0 5970.0 1505.0 5992.0 1507.0 5992.0 1515.0 small-vehicle 1
5980.0 1400.0 5979.0 1410.0 5954.0 1409.0 5953.0 1398.0 large-vehicle 1
5993.0 2131.0 6003.0 2132.0 6001.0 2153.0 5993.0 2152.0 small-vehicle 1
5958.0 2127.0 5969.0 2127.0 5967.0 2150.0 5958.0 2148.0 small-vehicle 1
5720.0 2192.0 5729.0 2192.0 5728.0 2215.0 5719.0 2213.0 small-vehicle 1
5820.0 2196.0 5808.0 2196.0 5809.0 2174.0 5821.0 2173.0 small-vehicle 1
5739.0 2195.0 5728.0 2193.0 5733.0 2169.0 5742.0 2170.0 small-vehicle 1
5745.0 2172.0 5754.0 2172.0 5752.0 2192.0 5743.0 2192.0 small-vehicle 1
5763.0 2194.0 5754.0 2192.0 5756.0 2171.0 5766.0 2171.0 small-vehicle 1
5766.0 2175.0 5777.0 2176.0 5774.0 2193.0 5765.0 2193.0 small-vehicle 1
5776.0 2170.0 5786.0 2171.0 5785.0 2195.0 5777.0 2194.0 small-vehicle 1
5787.0 2174.0 5798.0 2174.0 5797.0 2194.0 5787.0 2194.0 small-vehicle 1
5801.0 2174.0 5809.0 2174.0 5808.0 2195.0 5797.0 2195.0 small-vehicle 1
5841.0 2198.0 5832.0 2197.0 5832.0 2177.0 5841.0 2177.0 small-vehicle 1
5944.0 2125.0 5954.0 2126.0 5952.0 2151.0 5942.0 2149.0 small-vehicle 1
5749.0 2217.0 5739.0 2215.0 5742.0 2195.0 5751.0 2195.0 small-vehicle 1
5755.0 2195.0 5763.0 2196.0 5760.0 2219.0 5751.0 2219.0 small-vehicle 1
5774.0 2199.0 5785.0 2200.0 5782.0 2223.0 5772.0 2221.0 small-vehicle 1
5805.0 2219.0 5795.0 2218.0 5797.0 2197.0 5807.0 2198.0 small-vehicle 1
5873.0 2124.0 5881.0 2124.0 5880.0 2143.0 5872.0 2144.0 small-vehicle 1
5894.0 2124.0 5901.0 2124.0 5901.0 2144.0 5894.0 2143.0 small-vehicle 1
5908.0 2122.0 5918.0 2123.0 5917.0 2143.0 5909.0 2142.0 small-vehicle 1
4498.0 319.0 4507.0 319.0 4506.0 353.0 4494.0 352.0 large-vehicle 1
4513.0 319.0 4525.0 319.0 4519.0 345.0 4510.0 343.0 large-vehicle 1
4617.0 363.0 4605.0 363.0 4606.0 333.0 4616.0 333.0 large-vehicle 1
4095.0 1784.0 4095.0 1793.0 4072.0 1793.0 4072.0 1783.0 small-vehicle 1
4121.0 1804.0 4130.0 1805.0 4127.0 1826.0 4120.0 1825.0 small-vehicle 1
4078.0 1718.0 4080.0 1710.0 4100.0 1711.0 4098.0 1718.0 small-vehicle 1
4077.0 1731.0 4077.0 1722.0 4099.0 1724.0 4097.0 1732.0 small-vehicle 1
4098.0 1734.0 4099.0 1746.0 4077.0 1746.0 4076.0 1735.0 small-vehicle 1
4096.0 1745.0 4096.0 1754.0 4075.0 1755.0 4075.0 1746.0 small-vehicle 1
4072.0 1765.0 4073.0 1755.0 4098.0 1757.0 4096.0 1768.0 small-vehicle 1
4094.0 1770.0 4095.0 1778.0 4070.0 1778.0 4072.0 1769.0 small-vehicle 1
4097.0 1806.0 4105.0 1807.0 4102.0 1828.0 4094.0 1827.0 small-vehicle 1
4178.0 1804.0 4187.0 1804.0 4186.0 1831.0 4176.0 1830.0 small-vehicle 1
4108.0 1808.0 4118.0 1808.0 4115.0 1830.0 4107.0 1829.0 small-vehicle 1
4043.0 1729.0 4045.0 1717.0 4069.0 1721.0 4068.0 1731.0 small-vehicle 1
4046.0 1755.0 4045.0 1745.0 4066.0 1747.0 4064.0 1756.0 small-vehicle 1
4043.0 1834.0 4038.0 1826.0 4059.0 1813.0 4063.0 1821.0 small-vehicle 1
4038.0 1853.0 4033.0 1845.0 4057.0 1832.0 4061.0 1840.0 small-vehicle 1
3988.0 1737.0 3990.0 1727.0 4012.0 1728.0 4012.0 1737.0 small-vehicle 1
3987.0 1761.0 3987.0 1751.0 4011.0 1751.0 4011.0 1761.0 small-vehicle 1
4155.0 1808.0 4165.0 1810.0 4162.0 1835.0 4152.0 1834.0 small-vehicle 1
4192.0 1812.0 4199.0 1812.0 4198.0 1834.0 4191.0 1833.0 small-vehicle 1
3980.0 1840.0 3981.0 1831.0 4004.0 1834.0 4003.0 1843.0 small-vehicle 1
4144.0 1752.0 4134.0 1752.0 4135.0 1730.0 4145.0 1730.0 small-vehicle 1
4217.0 1737.0 4226.0 1737.0 4224.0 1757.0 4216.0 1757.0 small-vehicle 1
4206.0 1739.0 4215.0 1739.0 4212.0 1758.0 4204.0 1758.0 small-vehicle 1
4194.0 1740.0 4202.0 1739.0 4200.0 1757.0 4193.0 1757.0 small-vehicle 1
4182.0 1734.0 4192.0 1734.0 4190.0 1756.0 4180.0 1756.0 small-vehicle 1
4178.0 1756.0 4170.0 1753.0 4171.0 1732.0 4179.0 1733.0 small-vehicle 1
4167.0 1755.0 4157.0 1754.0 4160.0 1731.0 4168.0 1731.0 small-vehicle 1
4155.0 1750.0 4146.0 1750.0 4147.0 1729.0 4155.0 1729.0 small-vehicle 1
4132.0 1755.0 4141.0 1754.0 4140.0 1776.0 4130.0 1776.0 small-vehicle 1
4214.0 1814.0 4223.0 1814.0 4221.0 1837.0 4212.0 1836.0 small-vehicle 1
4146.0 1752.0 4154.0 1753.0 4152.0 1772.0 4145.0 1773.0 small-vehicle 1
4158.0 1756.0 4167.0 1755.0 4165.0 1777.0 4156.0 1777.0 small-vehicle 1
4193.0 1759.0 4201.0 1760.0 4200.0 1780.0 4190.0 1779.0 small-vehicle 1
4215.0 1762.0 4226.0 1762.0 4224.0 1783.0 4215.0 1782.0 small-vehicle 1
4261.0 1784.0 4249.0 1783.0 4251.0 1762.0 4262.0 1762.0 small-vehicle 1
4268.0 1840.0 4258.0 1839.0 4258.0 1814.0 4268.0 1814.0 small-vehicle 1
4235.0 1813.0 4244.0 1814.0 4243.0 1838.0 4234.0 1837.0 small-vehicle 1
4008.0 1809.0 4005.0 1817.0 3983.0 1818.0 3983.0 1808.0 small-vehicle 1
4003.0 1844.0 4003.0 1854.0 3980.0 1852.0 3981.0 1843.0 small-vehicle 1
4808.0 339.0 4818.0 339.0 4816.0 363.0 4806.0 363.0 large-vehicle 1
4575.0 599.0 4575.0 589.0 4604.0 590.0 4605.0 599.0 large-vehicle 1
4529.0 1494.0 4534.0 1485.0 4553.0 1496.0 4550.0 1503.0 large-vehicle 1
5267.0 2131.0 5258.0 2134.0 5247.0 2111.0 5256.0 2106.0 large-vehicle 1
5287.0 715.0 5287.0 705.0 5316.0 707.0 5316.0 715.0 large-vehicle 1
5283.0 729.0 5282.0 720.0 5310.0 721.0 5309.0 729.0 large-vehicle 1
5282.0 741.0 5283.0 733.0 5311.0 734.0 5310.0 742.0 large-vehicle 1
5235.0 715.0 5228.0 721.0 5212.0 705.0 5220.0 698.0 large-vehicle 1
5195.0 657.0 5207.0 658.0 5204.0 685.0 5194.0 684.0 large-vehicle 1
4787.0 525.0 4787.0 536.0 4758.0 534.0 4759.0 526.0 large-vehicle 1
4615.0 1477.0 4622.0 1477.0 4622.0 1499.0 4613.0 1499.0 large-vehicle 1
4892.0 477.0 4890.0 487.0 4865.0 485.0 4865.0 475.0 large-vehicle 1
4793.0 492.0 4792.0 501.0 4768.0 498.0 4768.0 489.0 large-vehicle 1
4793.0 469.0 4792.0 477.0 4768.0 477.0 4769.0 466.0 large-vehicle 1
4889.0 451.0 4889.0 462.0 4862.0 459.0 4861.0 448.0 large-vehicle 1
4875.0 377.0 4875.0 386.0 4852.0 386.0 4852.0 377.0 large-vehicle 1
4884.0 405.0 4883.0 413.0 4857.0 413.0 4857.0 404.0 large-vehicle 1
4832.0 339.0 4843.0 339.0 4841.0 365.0 4833.0 366.0 large-vehicle 1
4537.0 1480.0 4540.0 1472.0 4562.0 1485.0 4557.0 1490.0 large-vehicle 1
4588.0 1478.0 4599.0 1478.0 4595.0 1503.0 4586.0 1503.0 large-vehicle 1
4003.0 1856.0 4002.0 1865.0 3981.0 1864.0 3982.0 1856.0 small-vehicle 1
3860.0 1883.0 3871.0 1884.0 3870.0 1913.0 3861.0 1913.0 large-vehicle 1
4001.0 1880.0 3999.0 1889.0 3978.0 1887.0 3977.0 1879.0 small-vehicle 1
4037.0 1906.0 4032.0 1897.0 4054.0 1886.0 4059.0 1894.0 large-vehicle 1
4036.0 1958.0 4032.0 1949.0 4053.0 1936.0 4058.0 1944.0 large-vehicle 1
4080.0 1986.0 4069.0 1985.0 4070.0 1955.0 4080.0 1956.0 large-vehicle 1
4036.0 1994.0 4030.0 1983.0 4055.0 1971.0 4059.0 1981.0 large-vehicle 1
4038.0 2006.0 4034.0 1996.0 4061.0 1983.0 4065.0 1992.0 large-vehicle 1
4045.0 2029.0 4042.0 2020.0 4065.0 2014.0 4068.0 2024.0 large-vehicle 1
4001.0 1915.0 3999.0 1924.0 3974.0 1924.0 3975.0 1915.0 large-vehicle 1
4627.0 1480.0 4636.0 1480.0 4635.0 1504.0 4627.0 1504.0 large-vehicle 1
3990.0 1930.0 3990.0 1941.0 3961.0 1939.0 3961.0 1929.0 large-vehicle 1
3961.0 1952.0 3961.0 1941.0 3988.0 1944.0 3989.0 1952.0 large-vehicle 1
3961.0 1910.0 3951.0 1911.0 3952.0 1886.0 3962.0 1887.0 large-vehicle 1
3950.0 1907.0 3940.0 1906.0 3943.0 1882.0 3952.0 1882.0 large-vehicle 1
3917.0 1882.0 3929.0 1883.0 3927.0 1907.0 3916.0 1905.0 small-vehicle 1
3906.0 1884.0 3916.0 1884.0 3914.0 1903.0 3904.0 1902.0 small-vehicle 1
4707.0 1485.0 4719.0 1484.0 4716.0 1512.0 4707.0 1511.0 large-vehicle 1
5996.0 1228.0 5994.0 1241.0 5953.0 1238.0 5954.0 1225.0 large-vehicle 1
5996.0 1190.0 5996.0 1202.0 5956.0 1198.0 5956.0 1187.0 large-vehicle 1
6003.0 1125.0 6001.0 1138.0 5957.0 1134.0 5957.0 1121.0 large-vehicle 1
6310.0 1028.0 6311.0 1038.0 6289.0 1042.0 6287.0 1033.0 small-vehicle 1
6196.0 226.0 6206.0 227.0 6204.0 249.0 6194.0 247.0 small-vehicle 1
6208.0 226.0 6217.0 227.0 6216.0 249.0 6207.0 248.0 small-vehicle 1
6227.0 226.0 6238.0 226.0 6235.0 250.0 6225.0 248.0 small-vehicle 1
6244.0 231.0 6252.0 231.0 6252.0 249.0 6244.0 249.0 small-vehicle 1
6386.0 239.0 6394.0 239.0 6392.0 260.0 6382.0 259.0 small-vehicle 1
6475.0 891.0 6478.0 881.0 6500.0 889.0 6499.0 896.0 small-vehicle 1
6467.0 921.0 6471.0 911.0 6493.0 919.0 6489.0 928.0 small-vehicle 1
6452.0 1037.0 6448.0 1043.0 6425.0 1034.0 6429.0 1025.0 small-vehicle 1
6158.0 220.0 6168.0 220.0 6168.0 245.0 6157.0 244.0 small-vehicle 1
6445.0 1046.0 6441.0 1053.0 6420.0 1044.0 6425.0 1038.0 small-vehicle 1
6418.0 1058.0 6419.0 1050.0 6441.0 1057.0 6439.0 1065.0 small-vehicle 1
6411.0 1077.0 6412.0 1068.0 6435.0 1077.0 6432.0 1085.0 small-vehicle 1
6399.0 1109.0 6402.0 1101.0 6423.0 1110.0 6420.0 1117.0 small-vehicle 1
6339.0 1083.0 6339.0 1093.0 6318.0 1092.0 6318.0 1083.0 small-vehicle 1
6337.0 1106.0 6338.0 1115.0 6317.0 1115.0 6317.0 1107.0 small-vehicle 1
6258.0 1109.0 6258.0 1101.0 6280.0 1103.0 6281.0 1110.0 small-vehicle 1
6183.0 224.0 6194.0 225.0 6191.0 243.0 6181.0 241.0 small-vehicle 1
6135.0 220.0 6144.0 220.0 6142.0 240.0 6133.0 240.0 small-vehicle 1
6316.0 1137.0 6316.0 1128.0 6337.0 1129.0 6338.0 1138.0 small-vehicle 1
6201.0 280.0 6211.0 280.0 6210.0 303.0 6201.0 304.0 small-vehicle 1
6117.0 299.0 6107.0 299.0 6107.0 273.0 6117.0 274.0 small-vehicle 1
6129.0 298.0 6118.0 297.0 6119.0 278.0 6129.0 278.0 small-vehicle 1
6139.0 298.0 6130.0 297.0 6134.0 276.0 6143.0 278.0 small-vehicle 1
6152.0 300.0 6144.0 298.0 6145.0 278.0 6154.0 279.0 small-vehicle 1
6163.0 299.0 6156.0 298.0 6156.0 277.0 6164.0 278.0 small-vehicle 1
6176.0 299.0 6165.0 299.0 6167.0 277.0 6177.0 277.0 small-vehicle 1
6181.0 279.0 6191.0 280.0 6187.0 304.0 6177.0 302.0 small-vehicle 1
6223.0 307.0 6214.0 305.0 6216.0 281.0 6226.0 280.0 small-vehicle 1
6122.0 218.0 6133.0 219.0 6129.0 241.0 6119.0 238.0 small-vehicle 1
6233.0 307.0 6224.0 306.0 6226.0 285.0 6234.0 285.0 small-vehicle 1
6246.0 305.0 6235.0 305.0 6236.0 283.0 6246.0 283.0 small-vehicle 1
6258.0 306.0 6247.0 306.0 6248.0 282.0 6258.0 283.0 small-vehicle 1
6281.0 311.0 6271.0 311.0 6271.0 287.0 6281.0 287.0 small-vehicle 1
6304.0 311.0 6294.0 312.0 6296.0 289.0 6305.0 289.0 small-vehicle 1
6262.0 249.0 6261.0 238.0 6295.0 239.0 6294.0 249.0 large-vehicle 1
6329.0 190.0 6328.0 198.0 6281.0 195.0 6281.0 187.0 large-vehicle 1
6259.0 1120.0 6259.0 1110.0 6279.0 1112.0 6279.0 1120.0 small-vehicle 1
6257.0 1133.0 6258.0 1124.0 6278.0 1125.0 6278.0 1133.0 small-vehicle 1
6061.0 276.0 6069.0 276.0 6069.0 294.0 6062.0 294.0 small-vehicle 1
6290.0 1558.0 6291.0 1549.0 6309.0 1551.0 6309.0 1560.0 small-vehicle 1
6238.0 1442.0 6239.0 1432.0 6257.0 1433.0 6258.0 1442.0 small-vehicle 1
6237.0 1456.0 6236.0 1446.0 6258.0 1446.0 6257.0 1454.0 small-vehicle 1
6237.0 1468.0 6236.0 1459.0 6255.0 1458.0 6255.0 1467.0 small-vehicle 1
6235.0 1490.0 6234.0 1482.0 6257.0 1484.0 6257.0 1491.0 small-vehicle 1
6232.0 1519.0 6233.0 1512.0 6253.0 1512.0 6252.0 1520.0 small-vehicle 1
6231.0 1543.0 6231.0 1534.0 6252.0 1533.0 6250.0 1543.0 small-vehicle 1
6289.0 1534.0 6289.0 1524.0 6308.0 1526.0 6307.0 1534.0 small-vehicle 1
1634.0 434.0 1645.0 435.0 1640.0 459.0 1632.0 459.0 small-vehicle 1
6239.0 1420.0 6239.0 1411.0 6260.0 1409.0 6259.0 1419.0 small-vehicle 1
2123.0 295.0 2123.0 283.0 2159.0 285.0 2159.0 294.0 large-vehicle 1
1377.0 811.0 1383.0 817.0 1368.0 840.0 1360.0 835.0 small-vehicle 1
5486.0 1916.0 5480.0 1916.0 5484.0 1896.0 5490.0 1896.0 small-vehicle 1
5953.0 1954.0 5950.0 1966.0 5914.0 1963.0 5913.0 1952.0 large-vehicle 1
4089.0 861.0 4079.0 856.0 4095.0 833.0 4101.0 839.0 small-vehicle 1
4107.0 1009.0 4098.0 1006.0 4115.0 980.0 4124.0 986.0 small-vehicle 1
3998.0 1903.0 3998.0 1911.0 3980.0 1910.0 3979.0 1903.0 small-vehicle 1
6240.0 1430.0 6240.0 1423.0 6260.0 1420.0 6261.0 1428.0 small-vehicle 1
6314.0 1471.0 6314.0 1480.0 6292.0 1479.0 6291.0 1471.0 small-vehicle 1
6397.0 1150.0 6398.0 1142.0 6418.0 1143.0 6417.0 1150.0 small-vehicle 1
6328.0 1274.0 6326.0 1281.0 6307.0 1280.0 6308.0 1273.0 small-vehicle 1
6395.0 1172.0 6397.0 1163.0 6417.0 1165.0 6417.0 1173.0 small-vehicle 1
6456.0 1154.0 6467.0 1155.0 6464.0 1183.0 6453.0 1182.0 small-vehicle 1
6312.0 1191.0 6311.0 1183.0 6334.0 1183.0 6333.0 1191.0 small-vehicle 1
6253.0 1222.0 6253.0 1213.0 6273.0 1213.0 6272.0 1222.0 small-vehicle 1
6332.0 1217.0 6331.0 1224.0 6309.0 1224.0 6310.0 1214.0 small-vehicle 1
6331.0 1237.0 6330.0 1246.0 6310.0 1247.0 6311.0 1238.0 small-vehicle 1
6331.0 1260.0 6330.0 1269.0 6310.0 1269.0 6310.0 1261.0 small-vehicle 1
6326.0 1289.0 6327.0 1301.0 6301.0 1301.0 6301.0 1290.0 small-vehicle 1
6315.0 1458.0 6315.0 1466.0 6294.0 1467.0 6294.0 1460.0 small-vehicle 1
6324.0 1304.0 6324.0 1313.0 6302.0 1312.0 6302.0 1303.0 small-vehicle 1
6323.0 1324.0 6323.0 1335.0 6304.0 1335.0 6304.0 1326.0 small-vehicle 1
6244.0 1299.0 6245.0 1291.0 6267.0 1291.0 6266.0 1299.0 small-vehicle 1
6241.0 1355.0 6242.0 1347.0 6261.0 1348.0 6261.0 1355.0 small-vehicle 1
6465.0 1338.0 6463.0 1346.0 6439.0 1347.0 6439.0 1338.0 small-vehicle 1
6320.0 1394.0 6320.0 1402.0 6301.0 1401.0 6300.0 1393.0 small-vehicle 1
6316.0 1415.0 6317.0 1422.0 6298.0 1423.0 6297.0 1415.0 small-vehicle 1
6094.0 275.0 6104.0 274.0 6103.0 295.0 6095.0 294.0 small-vehicle 1
5965.0 268.0 5975.0 268.0 5975.0 289.0 5966.0 289.0 small-vehicle 1
5987.0 1063.0 5987.0 1073.0 5959.0 1073.0 5960.0 1062.0 large-vehicle 1
6213.0 939.0 6206.0 937.0 6209.0 918.0 6217.0 919.0 small-vehicle 1
5980.0 978.0 5973.0 980.0 5964.0 961.0 5971.0 956.0 small-vehicle 1
5958.0 985.0 5951.0 987.0 5943.0 966.0 5951.0 963.0 small-vehicle 1
5926.0 981.0 5919.0 984.0 5912.0 964.0 5918.0 959.0 small-vehicle 1
5913.0 982.0 5907.0 985.0 5900.0 965.0 5906.0 959.0 small-vehicle 1
5901.0 981.0 5893.0 982.0 5888.0 964.0 5896.0 961.0 small-vehicle 1
5888.0 978.0 5880.0 980.0 5876.0 961.0 5882.0 958.0 small-vehicle 1
5868.0 976.0 5861.0 976.0 5863.0 958.0 5870.0 958.0 small-vehicle 1
6152.0 935.0 6144.0 932.0 6148.0 912.0 6157.0 914.0 small-vehicle 1
6004.0 979.0 5995.0 981.0 5988.0 960.0 5997.0 957.0 small-vehicle 1
6139.0 933.0 6130.0 931.0 6138.0 911.0 6146.0 912.0 small-vehicle 1
6103.0 938.0 6094.0 935.0 6099.0 913.0 6109.0 915.0 small-vehicle 1
6066.0 909.0 6074.0 910.0 6067.0 932.0 6060.0 929.0 small-vehicle 1
6052.0 908.0 6062.0 910.0 6057.0 933.0 6047.0 930.0 small-vehicle 1
6042.0 906.0 6051.0 909.0 6045.0 931.0 6036.0 927.0 small-vehicle 1
6033.0 929.0 6024.0 925.0 6030.0 906.0 6038.0 908.0 small-vehicle 1
6023.0 927.0 6013.0 925.0 6018.0 906.0 6026.0 906.0 small-vehicle 1
5993.0 979.0 5982.0 982.0 5975.0 959.0 5985.0 955.0 small-vehicle 1
6020.0 978.0 6010.0 981.0 6002.0 960.0 6011.0 956.0 small-vehicle 1
5999.0 927.0 5989.0 925.0 5995.0 904.0 6005.0 907.0 small-vehicle 1
6140.0 988.0 6132.0 989.0 6127.0 971.0 6135.0 968.0 small-vehicle 1
6094.0 1062.0 6097.0 1074.0 6061.0 1078.0 6060.0 1067.0 large-vehicle 1
5883.0 841.0 5873.0 843.0 5869.0 819.0 5878.0 816.0 large-vehicle 1
5898.0 842.0 5888.0 843.0 5884.0 823.0 5893.0 820.0 large-vehicle 1
6218.0 992.0 6208.0 995.0 6202.0 973.0 6211.0 968.0 small-vehicle 1
6145.0 1054.0 6139.0 1045.0 6158.0 1035.0 6162.0 1042.0 small-vehicle 1
6186.0 989.0 6176.0 991.0 6170.0 969.0 6178.0 967.0 small-vehicle 1
6164.0 990.0 6158.0 993.0 6149.0 973.0 6157.0 969.0 small-vehicle 1
6129.0 983.0 6120.0 986.0 6114.0 968.0 6123.0 964.0 small-vehicle 1
6031.0 978.0 6022.0 982.0 6014.0 960.0 6022.0 957.0 small-vehicle 1
6118.0 983.0 6109.0 985.0 6104.0 967.0 6112.0 964.0 small-vehicle 1
6107.0 985.0 6099.0 987.0 6092.0 967.0 6100.0 964.0 small-vehicle 1
6092.0 985.0 6084.0 986.0 6079.0 966.0 6089.0 964.0 small-vehicle 1
6082.0 982.0 6073.0 985.0 6065.0 963.0 6074.0 960.0 small-vehicle 1
6069.0 984.0 6060.0 987.0 6052.0 965.0 6062.0 962.0 small-vehicle 1
6056.0 983.0 6047.0 984.0 6040.0 965.0 6049.0 962.0 small-vehicle 1
6044.0 981.0 6034.0 986.0 6026.0 961.0 6035.0 957.0 small-vehicle 1
6010.0 927.0 6001.0 924.0 6007.0 905.0 6015.0 907.0 small-vehicle 1
5988.0 926.0 5978.0 924.0 5984.0 903.0 5992.0 904.0 small-vehicle 1
5954.0 267.0 5964.0 267.0 5964.0 290.0 5954.0 290.0 small-vehicle 1
6212.0 898.0 6221.0 900.0 6215.0 919.0 6207.0 918.0 small-vehicle 1
6076.0 908.0 6065.0 904.0 6072.0 882.0 6081.0 884.0 small-vehicle 1
6098.0 911.0 6089.0 908.0 6094.0 888.0 6104.0 889.0 small-vehicle 1
6110.0 914.0 6101.0 910.0 6108.0 887.0 6117.0 891.0 small-vehicle 1
6120.0 913.0 6110.0 912.0 6117.0 890.0 6126.0 892.0 small-vehicle 1
6129.0 888.0 6138.0 892.0 6134.0 911.0 6124.0 908.0 small-vehicle 1
6175.0 894.0 6184.0 897.0 6177.0 919.0 6169.0 916.0 small-vehicle 1
6200.0 893.0 6209.0 897.0 6203.0 918.0 6192.0 915.0 small-vehicle 1
6203.0 597.0 6203.0 606.0 6178.0 610.0 6178.0 599.0 small-vehicle 1
6041.0 907.0 6031.0 902.0 6037.0 884.0 6046.0 886.0 small-vehicle 1
6204.0 382.0 6205.0 393.0 6186.0 392.0 6186.0 382.0 small-vehicle 1
5934.0 326.0 5934.0 316.0 5960.0 317.0 5960.0 328.0 small-vehicle 1
5905.0 283.0 5897.0 283.0 5898.0 264.0 5907.0 264.0 small-vehicle 1
5907.0 264.0 5918.0 265.0 5917.0 285.0 5907.0 284.0 small-vehicle 1
5919.0 260.0 5931.0 260.0 5930.0 285.0 5919.0 285.0 small-vehicle 1
5932.0 266.0 5943.0 266.0 5942.0 284.0 5930.0 284.0 small-vehicle 1
5945.0 266.0 5954.0 268.0 5952.0 291.0 5943.0 290.0 small-vehicle 1
6053.0 909.0 6041.0 906.0 6048.0 883.0 6057.0 886.0 small-vehicle 1
6029.0 906.0 6019.0 903.0 6025.0 882.0 6033.0 884.0 small-vehicle 1
5975.0 928.0 5965.0 926.0 5972.0 902.0 5981.0 903.0 small-vehicle 1
5913.0 898.0 5902.0 896.0 5910.0 875.0 5918.0 876.0 small-vehicle 1
5960.0 903.0 5972.0 905.0 5967.0 927.0 5957.0 925.0 small-vehicle 1
5949.0 901.0 5957.0 902.0 5954.0 925.0 5943.0 923.0 small-vehicle 1
5936.0 901.0 5947.0 904.0 5941.0 926.0 5932.0 924.0 small-vehicle 1
5931.0 922.0 5921.0 918.0 5926.0 901.0 5935.0 903.0 small-vehicle 1
5921.0 919.0 5909.0 917.0 5916.0 898.0 5925.0 901.0 small-vehicle 1
5907.0 923.0 5896.0 919.0 5903.0 899.0 5913.0 901.0 small-vehicle 1
5900.0 898.0 5891.0 894.0 5895.0 874.0 5904.0 877.0 small-vehicle 1
5925.0 899.0 5915.0 896.0 5920.0 875.0 5931.0 878.0 small-vehicle 1
6005.0 905.0 5996.0 903.0 6001.0 881.0 6010.0 883.0 small-vehicle 1
5937.0 903.0 5927.0 899.0 5934.0 876.0 5943.0 878.0 small-vehicle 1
5960.0 903.0 5951.0 899.0 5956.0 879.0 5966.0 880.0 small-vehicle 1
5969.0 903.0 5962.0 902.0 5967.0 884.0 5975.0 884.0 small-vehicle 1
5909.0 824.0 5916.0 822.0 5921.0 844.0 5911.0 846.0 small-vehicle 1
6048.0 856.0 6038.0 857.0 6035.0 833.0 6047.0 832.0 small-vehicle 1
6092.0 839.0 6104.0 838.0 6104.0 858.0 6093.0 859.0 small-vehicle 1
5992.0 903.0 5983.0 901.0 5990.0 879.0 5998.0 880.0 small-vehicle 1
4229.0 1734.0 4239.0 1733.0 4237.0 1757.0 4228.0 1756.0 small-vehicle 1
4240.0 1736.0 4249.0 1736.0 4247.0 1757.0 4239.0 1756.0 small-vehicle 1
4254.0 1738.0 4263.0 1739.0 4260.0 1760.0 4253.0 1758.0 small-vehicle 1
3747.0 220.0 3756.0 220.0 3754.0 241.0 3746.0 240.0 small-vehicle 1
3725.0 208.0 3714.0 206.0 3716.0 185.0 3726.0 186.0 small-vehicle 1
3745.0 212.0 3736.0 211.0 3737.0 191.0 3746.0 190.0 small-vehicle 1
3771.0 192.0 3781.0 193.0 3778.0 214.0 3769.0 213.0 small-vehicle 1
3813.0 215.0 3803.0 214.0 3805.0 192.0 3815.0 192.0 small-vehicle 1
3700.0 214.0 3711.0 215.0 3708.0 238.0 3699.0 238.0 small-vehicle 1
3713.0 218.0 3722.0 218.0 3719.0 239.0 3710.0 239.0 small-vehicle 1
3732.0 238.0 3723.0 238.0 3726.0 217.0 3735.0 218.0 small-vehicle 1
3781.0 222.0 3791.0 221.0 3789.0 244.0 3779.0 245.0 small-vehicle 1
3664.0 212.0 3674.0 213.0 3673.0 237.0 3663.0 237.0 small-vehicle 1
3793.0 221.0 3805.0 222.0 3801.0 245.0 3792.0 244.0 small-vehicle 1
3833.0 191.0 3842.0 192.0 3838.0 217.0 3830.0 217.0 large-vehicle 1
4007.0 165.0 4007.0 173.0 3982.0 173.0 3981.0 164.0 large-vehicle 1
4027.0 184.0 4027.0 177.0 4048.0 179.0 4048.0 185.0 large-vehicle 1
3856.0 215.0 3847.0 214.0 3847.0 193.0 3858.0 193.0 small-vehicle 1
3816.0 224.0 3825.0 225.0 3823.0 245.0 3814.0 245.0 small-vehicle 1
3848.0 249.0 3839.0 247.0 3841.0 223.0 3851.0 223.0 small-vehicle 1
3689.0 213.0 3700.0 213.0 3699.0 239.0 3687.0 238.0 small-vehicle 1
3660.0 236.0 3651.0 236.0 3652.0 214.0 3659.0 213.0 small-vehicle 1
3895.0 252.0 3886.0 251.0 3887.0 230.0 3897.0 230.0 small-vehicle 1
3808.0 129.0 3817.0 130.0 3815.0 152.0 3806.0 151.0 small-vehicle 1
3718.0 121.0 3729.0 122.0 3726.0 145.0 3717.0 143.0 small-vehicle 1
3730.0 121.0 3741.0 123.0 3738.0 145.0 3730.0 144.0 small-vehicle 1
3752.0 126.0 3761.0 126.0 3759.0 149.0 3751.0 147.0 small-vehicle 1
3762.0 127.0 3773.0 127.0 3772.0 148.0 3762.0 148.0 small-vehicle 1
3773.0 127.0 3784.0 127.0 3782.0 151.0 3774.0 149.0 small-vehicle 1
3784.0 129.0 3795.0 129.0 3793.0 150.0 3784.0 150.0 small-vehicle 1
3796.0 130.0 3806.0 130.0 3804.0 152.0 3795.0 152.0 small-vehicle 1
3819.0 131.0 3829.0 131.0 3826.0 152.0 3816.0 151.0 small-vehicle 1
3642.0 214.0 3650.0 215.0 3648.0 235.0 3640.0 235.0 small-vehicle 1
3829.0 131.0 3840.0 132.0 3837.0 155.0 3828.0 154.0 small-vehicle 1
3841.0 131.0 3851.0 131.0 3848.0 154.0 3839.0 153.0 small-vehicle 1
3851.0 134.0 3861.0 134.0 3861.0 157.0 3849.0 156.0 small-vehicle 1
3872.0 128.0 3881.0 127.0 3881.0 149.0 3872.0 148.0 small-vehicle 1
3614.0 177.0 3624.0 178.0 3623.0 198.0 3613.0 197.0 small-vehicle 1
3626.0 177.0 3635.0 177.0 3633.0 198.0 3626.0 198.0 small-vehicle 1
3629.0 210.0 3638.0 210.0 3637.0 232.0 3627.0 230.0 small-vehicle 1
3874.0 228.0 3884.0 228.0 3881.0 251.0 3873.0 251.0 small-vehicle 1
3908.0 252.0 3898.0 251.0 3899.0 230.0 3910.0 229.0 small-vehicle 1
3686.0 117.0 3697.0 117.0 3694.0 144.0 3683.0 143.0 small-vehicle 1
4016.0 238.0 4023.0 238.0 4022.0 259.0 4013.0 257.0 small-vehicle 1
4096.0 232.0 4096.0 221.0 4116.0 225.0 4114.0 235.0 small-vehicle 1
4118.0 270.0 4107.0 269.0 4109.0 243.0 4120.0 243.0 large-vehicle 1
4085.0 243.0 4095.0 243.0 4094.0 265.0 4084.0 265.0 small-vehicle 1
3945.0 234.0 3955.0 234.0 3953.0 255.0 3944.0 254.0 small-vehicle 1
3957.0 234.0 3966.0 235.0 3965.0 256.0 3956.0 256.0 small-vehicle 1
3969.0 236.0 3978.0 236.0 3976.0 257.0 3968.0 256.0 small-vehicle 1
3992.0 238.0 4003.0 239.0 3999.0 258.0 3989.0 258.0 small-vehicle 1
4052.0 241.0 4059.0 241.0 4057.0 261.0 4049.0 261.0 small-vehicle 1
4186.0 273.0 4176.0 272.0 4178.0 248.0 4187.0 249.0 small-vehicle 1
4061.0 241.0 4072.0 241.0 4069.0 262.0 4060.0 261.0 small-vehicle 1
4076.0 242.0 4083.0 242.0 4081.0 262.0 4074.0 262.0 small-vehicle 1
3855.0 306.0 3846.0 305.0 3848.0 285.0 3856.0 286.0 small-vehicle 1
3625.0 273.0 3633.0 273.0 3631.0 292.0 3622.0 292.0 small-vehicle 1
3656.0 294.0 3646.0 292.0 3646.0 269.0 3658.0 270.0 small-vehicle 1
3681.0 294.0 3671.0 294.0 3671.0 274.0 3682.0 275.0 small-vehicle 1
3742.0 277.0 3752.0 277.0 3750.0 302.0 3741.0 301.0 small-vehicle 1
4126.0 236.0 4126.0 225.0 4148.0 229.0 4147.0 238.0 small-vehicle 1
4192.0 147.0 4183.0 147.0 4185.0 125.0 4193.0 125.0 small-vehicle 1
3910.0 231.0 3921.0 230.0 3919.0 253.0 3909.0 251.0 small-vehicle 1
3996.0 206.0 4006.0 207.0 4004.0 227.0 3996.0 228.0 small-vehicle 1
3916.0 202.0 3925.0 202.0 3923.0 222.0 3914.0 223.0 small-vehicle 1
3936.0 226.0 3924.0 224.0 3928.0 202.0 3938.0 204.0 small-vehicle 1
3948.0 226.0 3939.0 223.0 3939.0 205.0 3950.0 205.0 small-vehicle 1
3960.0 225.0 3949.0 224.0 3952.0 203.0 3962.0 204.0 small-vehicle 1
3970.0 225.0 3960.0 224.0 3962.0 201.0 3970.0 201.0 small-vehicle 1
3981.0 226.0 3971.0 225.0 3974.0 202.0 3983.0 202.0 small-vehicle 1
3985.0 204.0 3995.0 205.0 3991.0 227.0 3984.0 225.0 small-vehicle 1
4028.0 218.0 4028.0 209.0 4048.0 211.0 4047.0 219.0 small-vehicle 1
4197.0 176.0 4185.0 176.0 4187.0 154.0 4197.0 153.0 small-vehicle 1
4015.0 227.0 4016.0 219.0 4036.0 220.0 4034.0 229.0 small-vehicle 1
4062.0 220.0 4062.0 230.0 4042.0 229.0 4042.0 219.0 small-vehicle 1
4071.0 227.0 4071.0 219.0 4092.0 222.0 4092.0 230.0 small-vehicle 1
4074.0 169.0 4084.0 169.0 4083.0 191.0 4074.0 192.0 small-vehicle 1
4090.0 170.0 4099.0 171.0 4096.0 193.0 4089.0 193.0 small-vehicle 1
4126.0 173.0 4136.0 173.0 4133.0 197.0 4125.0 197.0 small-vehicle 1
4167.0 197.0 4157.0 196.0 4158.0 175.0 4168.0 175.0 small-vehicle 1
3707.0 121.0 3718.0 121.0 3716.0 143.0 3706.0 143.0 small-vehicle 1
3663.0 120.0 3673.0 120.0 3671.0 142.0 3662.0 141.0 small-vehicle 1
3768.0 278.0 3779.0 278.0 3776.0 302.0 3766.0 300.0 small-vehicle 1
1942.0 458.0 1944.0 450.0 1967.0 454.0 1965.0 462.0 large-vehicle 1
1962.0 397.0 1963.0 386.0 1986.0 389.0 1985.0 398.0 large-vehicle 1
1993.0 399.0 1994.0 390.0 2017.0 392.0 2017.0 401.0 large-vehicle 1
2041.0 393.0 2031.0 391.0 2034.0 367.0 2044.0 367.0 large-vehicle 1
2053.0 395.0 2044.0 394.0 2047.0 368.0 2056.0 369.0 large-vehicle 1
2073.0 393.0 2063.0 391.0 2067.0 369.0 2076.0 371.0 large-vehicle 1
2005.0 387.0 1995.0 386.0 1996.0 362.0 2004.0 363.0 large-vehicle 1
1940.0 426.0 1940.0 417.0 1966.0 418.0 1965.0 426.0 large-vehicle 1
1944.0 477.0 1942.0 466.0 1969.0 465.0 1971.0 474.0 large-vehicle 1
372.0 1472.0 372.0 1481.0 344.0 1483.0 343.0 1474.0 small-vehicle 1
2002.0 478.0 2011.0 477.0 2012.0 495.0 2004.0 496.0 large-vehicle 1
1972.0 476.0 1981.0 476.0 1980.0 494.0 1972.0 494.0 large-vehicle 1
1798.0 298.0 1794.0 289.0 1816.0 283.0 1816.0 291.0 large-vehicle 1
2071.0 358.0 2060.0 357.0 2061.0 333.0 2072.0 333.0 large-vehicle 1
2051.0 823.0 2042.0 822.0 2044.0 794.0 2053.0 795.0 large-vehicle 1
2066.0 793.0 2057.0 794.0 2057.0 770.0 2067.0 770.0 large-vehicle 1
2046.0 859.0 2038.0 859.0 2042.0 834.0 2050.0 836.0 large-vehicle 1
1188.0 850.0 1191.0 858.0 1170.0 866.0 1166.0 859.0 small-vehicle 1
283.0 1312.0 280.0 1323.0 253.0 1321.0 253.0 1311.0 small-vehicle 1
1872.0 1903.0 1870.0 1892.0 1897.0 1890.0 1898.0 1900.0 large-vehicle 1
731.0 1018.0 733.0 1029.0 707.0 1037.0 704.0 1028.0 large-vehicle 1
821.0 580.0 828.0 587.0 817.0 606.0 809.0 600.0 small-vehicle 1
923.0 557.0 933.0 562.0 922.0 581.0 913.0 577.0 small-vehicle 1
781.0 749.0 787.0 757.0 774.0 772.0 766.0 767.0 small-vehicle 1
652.0 874.0 656.0 881.0 636.0 896.0 632.0 887.0 small-vehicle 1
622.0 868.0 629.0 874.0 615.0 885.0 610.0 880.0 small-vehicle 1
616.0 823.0 624.0 831.0 589.0 861.0 583.0 854.0 large-vehicle 1
718.0 742.0 726.0 749.0 669.0 812.0 660.0 805.0 large-vehicle 1
326.0 405.0 332.0 407.0 323.0 426.0 317.0 422.0 small-vehicle 1
513.0 930.0 518.0 939.0 502.0 949.0 497.0 941.0 small-vehicle 1
363.0 507.0 371.0 513.0 358.0 529.0 350.0 525.0 small-vehicle 1
372.0 810.0 365.0 803.0 383.0 789.0 387.0 798.0 small-vehicle 1
155.0 970.0 160.0 979.0 143.0 987.0 139.0 980.0 small-vehicle 1
48.0 1031.0 44.0 1022.0 64.0 1011.0 68.0 1018.0 small-vehicle 1
231.0 1059.0 234.0 1068.0 215.0 1077.0 211.0 1069.0 small-vehicle 1
398.0 1023.0 402.0 1030.0 381.0 1040.0 377.0 1033.0 small-vehicle 1
513.0 963.0 518.0 972.0 500.0 984.0 494.0 975.0 small-vehicle 1
2067.0 848.0 2055.0 847.0 2057.0 821.0 2069.0 823.0 large-vehicle 1
1730.0 1900.0 1730.0 1888.0 1808.0 1895.0 1806.0 1906.0 large-vehicle 1
3652.0 119.0 3661.0 119.0 3659.0 141.0 3651.0 139.0 small-vehicle 1
3795.0 127.0 3787.0 126.0 3788.0 102.0 3797.0 103.0 small-vehicle 1
3638.0 114.0 3630.0 112.0 3631.0 91.0 3639.0 92.0 small-vehicle 1
3862.0 129.0 3854.0 129.0 3855.0 108.0 3864.0 108.0 small-vehicle 1
3852.0 130.0 3841.0 128.0 3845.0 106.0 3855.0 107.0 small-vehicle 1
3838.0 127.0 3830.0 126.0 3833.0 104.0 3842.0 105.0 small-vehicle 1
3829.0 129.0 3820.0 127.0 3820.0 107.0 3830.0 107.0 small-vehicle 1
3819.0 128.0 3809.0 128.0 3810.0 106.0 3821.0 108.0 small-vehicle 1
3807.0 127.0 3798.0 128.0 3798.0 104.0 3807.0 105.0 small-vehicle 1
3774.0 102.0 3786.0 103.0 3783.0 126.0 3773.0 124.0 small-vehicle 1
3628.0 555.0 3627.0 545.0 3653.0 544.0 3653.0 553.0 large-vehicle 1
3765.0 101.0 3774.0 102.0 3772.0 124.0 3763.0 124.0 small-vehicle 1
3751.0 122.0 3741.0 122.0 3742.0 99.0 3751.0 101.0 small-vehicle 1
3740.0 122.0 3730.0 120.0 3731.0 99.0 3740.0 99.0 small-vehicle 1
3729.0 120.0 3719.0 119.0 3720.0 98.0 3730.0 99.0 small-vehicle 1
3718.0 119.0 3707.0 120.0 3710.0 98.0 3720.0 97.0 small-vehicle 1
3707.0 120.0 3697.0 118.0 3699.0 96.0 3711.0 97.0 small-vehicle 1
3628.0 115.0 3637.0 115.0 3637.0 137.0 3627.0 136.0 small-vehicle 1
3650.0 116.0 3642.0 115.0 3643.0 93.0 3653.0 94.0 small-vehicle 1
3636.0 532.0 3635.0 541.0 3610.0 542.0 3609.0 533.0 large-vehicle 1
2818.0 540.0 2820.0 532.0 2840.0 535.0 2839.0 543.0 large-vehicle 1
2760.0 1344.0 2760.0 1354.0 2734.0 1352.0 2733.0 1342.0 large-vehicle 1
2816.0 555.0 2816.0 545.0 2837.0 549.0 2837.0 558.0 large-vehicle 1
2822.0 571.0 2822.0 562.0 2845.0 564.0 2844.0 572.0 large-vehicle 1
2818.0 585.0 2819.0 576.0 2843.0 579.0 2842.0 589.0 large-vehicle 1
2762.0 1285.0 2762.0 1296.0 2739.0 1295.0 2737.0 1284.0 large-vehicle 1
2771.0 1314.0 2770.0 1324.0 2743.0 1321.0 2744.0 1312.0 large-vehicle 1
2738.0 1311.0 2738.0 1322.0 2714.0 1321.0 2714.0 1311.0 large-vehicle 1
2802.0 1317.0 2801.0 1327.0 2778.0 1325.0 2778.0 1316.0 large-vehicle 1
2665.0 1407.0 2663.0 1418.0 2639.0 1413.0 2641.0 1403.0 large-vehicle 1
2907.0 578.0 2907.0 568.0 2934.0 571.0 2933.0 579.0 large-vehicle 1
2744.0 1705.0 2741.0 1717.0 2720.0 1711.0 2722.0 1701.0 large-vehicle 1
2700.0 1825.0 2702.0 1814.0 2724.0 1820.0 2721.0 1829.0 large-vehicle 1
2772.0 1820.0 2772.0 1828.0 2751.0 1828.0 2752.0 1820.0 large-vehicle 1
2651.0 1874.0 2649.0 1881.0 2627.0 1877.0 2630.0 1867.0 large-vehicle 1
2719.0 1919.0 2707.0 1919.0 2707.0 1894.0 2717.0 1892.0 large-vehicle 1
3132.0 1696.0 3133.0 1703.0 3113.0 1708.0 3112.0 1701.0 small-vehicle 1
2907.0 559.0 2908.0 549.0 2930.0 551.0 2931.0 562.0 large-vehicle 1
3719.0 273.0 3729.0 274.0 3727.0 297.0 3716.0 297.0 small-vehicle 1
3808.0 303.0 3799.0 302.0 3802.0 283.0 3811.0 284.0 small-vehicle 1
4305.0 1806.0 4306.0 1798.0 4329.0 1798.0 4327.0 1808.0 small-vehicle 1
4146.0 1558.0 4141.0 1550.0 4157.0 1539.0 4163.0 1549.0 small-vehicle 1
4169.0 1455.0 4162.0 1445.0 4184.0 1431.0 4189.0 1441.0 small-vehicle 1
4188.0 1483.0 4182.0 1475.0 4205.0 1462.0 4209.0 1472.0 small-vehicle 1
4196.0 1492.0 4188.0 1484.0 4208.0 1474.0 4213.0 1482.0 small-vehicle 1
4210.0 1511.0 4204.0 1503.0 4220.0 1493.0 4224.0 1500.0 small-vehicle 1
4220.0 1532.0 4214.0 1524.0 4233.0 1513.0 4237.0 1521.0 small-vehicle 1
4227.0 1541.0 4221.0 1532.0 4239.0 1522.0 4243.0 1530.0 small-vehicle 1
4163.0 1509.0 4168.0 1516.0 4151.0 1530.0 4145.0 1523.0 small-vehicle 1
4085.0 1542.0 4086.0 1532.0 4106.0 1533.0 4106.0 1542.0 small-vehicle 1
4110.0 1508.0 4110.0 1518.0 4089.0 1518.0 4089.0 1510.0 small-vehicle 1
4107.0 1558.0 4107.0 1566.0 4083.0 1566.0 4084.0 1557.0 small-vehicle 1
4060.0 1541.0 4061.0 1533.0 4082.0 1534.0 4080.0 1542.0 small-vehicle 1
4059.0 1527.0 4059.0 1518.0 4082.0 1519.0 4083.0 1527.0 small-vehicle 1
4004.0 1543.0 4004.0 1534.0 4025.0 1534.0 4024.0 1544.0 small-vehicle 1
4022.0 1571.0 4021.0 1580.0 3999.0 1580.0 3999.0 1571.0 small-vehicle 1
4000.0 1590.0 4001.0 1581.0 4022.0 1582.0 4022.0 1591.0 small-vehicle 1
4016.0 1595.0 4014.0 1603.0 3995.0 1603.0 3996.0 1594.0 small-vehicle 1
4158.0 1431.0 4153.0 1425.0 4173.0 1411.0 4178.0 1418.0 small-vehicle 1
4090.0 1507.0 4090.0 1499.0 4111.0 1499.0 4111.0 1507.0 small-vehicle 1
3995.0 1640.0 3995.0 1629.0 4016.0 1630.0 4015.0 1640.0 small-vehicle 1
4089.0 1419.0 4089.0 1427.0 4067.0 1426.0 4069.0 1417.0 small-vehicle 1
3885.0 1395.0 3893.0 1396.0 3892.0 1418.0 3882.0 1417.0 small-vehicle 1
3894.0 1399.0 3905.0 1399.0 3904.0 1419.0 3894.0 1419.0 small-vehicle 1
3950.0 1400.0 3960.0 1400.0 3958.0 1421.0 3949.0 1421.0 small-vehicle 1
3961.0 1402.0 3971.0 1402.0 3968.0 1423.0 3959.0 1422.0 small-vehicle 1
3973.0 1403.0 3982.0 1403.0 3982.0 1424.0 3972.0 1424.0 small-vehicle 1
3993.0 1423.0 3983.0 1424.0 3982.0 1403.0 3993.0 1401.0 small-vehicle 1
4089.0 1405.0 4090.0 1415.0 4069.0 1414.0 4069.0 1405.0 small-vehicle 1
4065.0 1437.0 4065.0 1427.0 4086.0 1428.0 4085.0 1439.0 small-vehicle 1
4089.0 1496.0 4089.0 1486.0 4110.0 1486.0 4109.0 1494.0 small-vehicle 1
4119.0 1392.0 4117.0 1401.0 4096.0 1399.0 4096.0 1390.0 small-vehicle 1
4116.0 1402.0 4117.0 1411.0 4096.0 1412.0 4095.0 1403.0 small-vehicle 1
4116.0 1416.0 4116.0 1424.0 4094.0 1424.0 4094.0 1415.0 small-vehicle 1
4116.0 1429.0 4115.0 1437.0 4092.0 1436.0 4093.0 1427.0 small-vehicle 1
4114.0 1439.0 4114.0 1447.0 4092.0 1447.0 4092.0 1439.0 small-vehicle 1
4113.0 1451.0 4113.0 1460.0 4090.0 1459.0 4091.0 1451.0 small-vehicle 1
4091.0 1484.0 4090.0 1475.0 4112.0 1475.0 4112.0 1484.0 small-vehicle 1
4017.0 1620.0 4016.0 1628.0 3996.0 1627.0 3995.0 1618.0 small-vehicle 1
4077.0 1577.0 4076.0 1585.0 4058.0 1585.0 4058.0 1576.0 small-vehicle 1
3860.0 1395.0 3870.0 1394.0 3869.0 1417.0 3859.0 1416.0 small-vehicle 1
4240.0 1647.0 4243.0 1653.0 4222.0 1660.0 4219.0 1653.0 small-vehicle 1
4179.0 1614.0 4176.0 1606.0 4199.0 1597.0 4200.0 1607.0 small-vehicle 1
4206.0 1603.0 4203.0 1593.0 4224.0 1589.0 4225.0 1597.0 small-vehicle 1
4207.0 1614.0 4204.0 1606.0 4221.0 1600.0 4224.0 1607.0 small-vehicle 1
4215.0 1639.0 4212.0 1631.0 4231.0 1626.0 4233.0 1633.0 small-vehicle 1
4166.0 1690.0 4156.0 1689.0 4158.0 1666.0 4166.0 1667.0 small-vehicle 1
4212.0 1643.0 4215.0 1651.0 4192.0 1660.0 4191.0 1652.0 small-vehicle 1
4220.0 1650.0 4218.0 1643.0 4235.0 1637.0 4238.0 1644.0 small-vehicle 1
4225.0 1674.0 4223.0 1665.0 4243.0 1660.0 4244.0 1668.0 small-vehicle 1
4276.0 1664.0 4273.0 1655.0 4292.0 1649.0 4295.0 1659.0 small-vehicle 1
4228.0 1686.0 4226.0 1677.0 4244.0 1673.0 4247.0 1679.0 small-vehicle 1
4229.0 1700.0 4227.0 1690.0 4248.0 1685.0 4249.0 1693.0 small-vehicle 1
4198.0 1695.0 4195.0 1685.0 4221.0 1677.0 4223.0 1686.0 small-vehicle 1
4202.0 1706.0 4201.0 1696.0 4224.0 1692.0 4224.0 1702.0 small-vehicle 1
4291.0 1720.0 4288.0 1711.0 4311.0 1706.0 4312.0 1716.0 small-vehicle 1
4295.0 1746.0 4291.0 1736.0 4313.0 1730.0 4317.0 1740.0 small-vehicle 1
4307.0 1767.0 4302.0 1757.0 4325.0 1750.0 4328.0 1759.0 small-vehicle 1
4284.0 1700.0 4280.0 1690.0 4304.0 1685.0 4306.0 1692.0 small-vehicle 1
4268.0 1630.0 4263.0 1623.0 4281.0 1614.0 4286.0 1622.0 small-vehicle 1
4075.0 1588.0 4076.0 1596.0 4053.0 1596.0 4054.0 1588.0 small-vehicle 1
4072.0 1678.0 4071.0 1687.0 4049.0 1685.0 4050.0 1676.0 small-vehicle 1
4078.0 1598.0 4077.0 1608.0 4055.0 1608.0 4055.0 1598.0 small-vehicle 1
4051.0 1629.0 4051.0 1619.0 4077.0 1622.0 4077.0 1632.0 small-vehicle 1
4049.0 1647.0 4050.0 1638.0 4073.0 1638.0 4073.0 1647.0 small-vehicle 1
4018.0 1658.0 4017.0 1666.0 3993.0 1665.0 3993.0 1656.0 small-vehicle 1
4016.0 1681.0 4016.0 1689.0 3993.0 1691.0 3993.0 1681.0 small-vehicle 1
4013.0 1695.0 4013.0 1703.0 3993.0 1702.0 3992.0 1694.0 small-vehicle 1
4050.0 1672.0 4050.0 1663.0 4074.0 1665.0 4074.0 1672.0 small-vehicle 1
4068.0 1710.0 4068.0 1718.0 4042.0 1716.0 4042.0 1709.0 small-vehicle 1
4257.0 1598.0 4253.0 1590.0 4272.0 1582.0 4275.0 1590.0 small-vehicle 1
4184.0 1540.0 4188.0 1546.0 4174.0 1556.0 4169.0 1549.0 small-vehicle 1
4191.0 1549.0 4195.0 1555.0 4179.0 1566.0 4175.0 1559.0 small-vehicle 1
4197.0 1560.0 4201.0 1566.0 4187.0 1576.0 4183.0 1569.0 small-vehicle 1
4176.0 1571.0 4180.0 1578.0 4165.0 1588.0 4158.0 1581.0 small-vehicle 1
4184.0 1581.0 4190.0 1588.0 4172.0 1598.0 4167.0 1591.0 small-vehicle 1
4193.0 1588.0 4188.0 1580.0 4205.0 1570.0 4209.0 1576.0 small-vehicle 1
4254.0 1585.0 4253.0 1578.0 4270.0 1571.0 4271.0 1578.0 small-vehicle 1
3873.0 1397.0 3882.0 1397.0 3881.0 1418.0 3871.0 1416.0 small-vehicle 1
3964.0 1371.0 3973.0 1372.0 3971.0 1392.0 3962.0 1391.0 small-vehicle 1
3788.0 283.0 3799.0 283.0 3797.0 301.0 3787.0 300.0 small-vehicle 1
4259.0 283.0 4259.0 274.0 4283.0 279.0 4282.0 287.0 small-vehicle 1
4258.0 243.0 4260.0 251.0 4239.0 250.0 4239.0 242.0 small-vehicle 1
4258.0 252.0 4258.0 261.0 4238.0 261.0 4239.0 252.0 small-vehicle 1
4255.0 265.0 4256.0 274.0 4236.0 273.0 4235.0 264.0 small-vehicle 1
4255.0 275.0 4255.0 284.0 4236.0 283.0 4237.0 273.0 small-vehicle 1
4251.0 285.0 4252.0 293.0 4233.0 293.0 4233.0 285.0 small-vehicle 1
4266.0 208.0 4266.0 199.0 4285.0 200.0 4284.0 209.0 small-vehicle 1
4254.0 296.0 4253.0 288.0 4272.0 289.0 4272.0 298.0 small-vehicle 1
4259.0 274.0 4258.0 265.0 4278.0 266.0 4280.0 275.0 small-vehicle 1
4259.0 223.0 4259.0 230.0 4241.0 230.0 4241.0 221.0 small-vehicle 1
4282.0 255.0 4281.0 263.0 4261.0 263.0 4262.0 254.0 small-vehicle 1
4281.0 246.0 4279.0 254.0 4262.0 252.0 4262.0 243.0 small-vehicle 1
4283.0 235.0 4282.0 244.0 4262.0 242.0 4262.0 233.0 small-vehicle 1
4280.0 224.0 4281.0 233.0 4259.0 230.0 4261.0 222.0 small-vehicle 1
4283.0 213.0 4283.0 223.0 4263.0 222.0 4263.0 211.0 small-vehicle 1
4204.0 314.0 4214.0 314.0 4214.0 336.0 4205.0 336.0 small-vehicle 1
4215.0 315.0 4223.0 315.0 4225.0 336.0 4217.0 337.0 small-vehicle 1
4259.0 233.0 4259.0 243.0 4240.0 242.0 4240.0 232.0 small-vehicle 1
4261.0 212.0 4260.0 222.0 4240.0 219.0 4242.0 209.0 small-vehicle 1
4245.0 320.0 4257.0 320.0 4256.0 339.0 4246.0 341.0 small-vehicle 1
3997.0 316.0 3988.0 316.0 3989.0 295.0 3999.0 296.0 small-vehicle 1
3821.0 303.0 3810.0 302.0 3812.0 281.0 3824.0 282.0 small-vehicle 1
3832.0 304.0 3823.0 304.0 3824.0 280.0 3833.0 282.0 small-vehicle 1
3844.0 305.0 3836.0 304.0 3836.0 281.0 3846.0 282.0 small-vehicle 1
3903.0 311.0 3893.0 310.0 3896.0 284.0 3906.0 284.0 small-vehicle 1
3939.0 313.0 3931.0 311.0 3932.0 289.0 3941.0 290.0 small-vehicle 1
3952.0 289.0 3962.0 289.0 3961.0 312.0 3950.0 312.0 small-vehicle 1
3974.0 313.0 3963.0 312.0 3965.0 292.0 3974.0 291.0 small-vehicle 1
4040.0 297.0 4049.0 297.0 4047.0 318.0 4039.0 317.0 small-vehicle 1
4260.0 201.0 4261.0 210.0 4242.0 209.0 4241.0 200.0 small-vehicle 1
4064.0 320.0 4055.0 319.0 4055.0 296.0 4065.0 297.0 small-vehicle 1
4072.0 297.0 4081.0 298.0 4080.0 319.0 4071.0 319.0 small-vehicle 1
4094.0 303.0 4104.0 304.0 4103.0 322.0 4094.0 324.0 small-vehicle 1
4117.0 306.0 4126.0 306.0 4124.0 327.0 4116.0 327.0 small-vehicle 1
4174.0 307.0 4183.0 308.0 4182.0 329.0 4175.0 329.0 small-vehicle 1
4185.0 318.0 4193.0 317.0 4193.0 340.0 4188.0 340.0 small-vehicle 1
4263.0 190.0 4261.0 200.0 4241.0 198.0 4243.0 188.0 small-vehicle 1
4225.0 315.0 4236.0 315.0 4236.0 336.0 4226.0 336.0 small-vehicle 1
4256.0 319.0 4267.0 319.0 4268.0 339.0 4258.0 340.0 small-vehicle 1
3942.0 1368.0 3951.0 1369.0 3950.0 1391.0 3941.0 1391.0 small-vehicle 1
3952.0 1314.0 3962.0 1314.0 3960.0 1336.0 3951.0 1336.0 small-vehicle 1
3874.0 1307.0 3883.0 1309.0 3882.0 1329.0 3873.0 1329.0 small-vehicle 1
3886.0 1310.0 3895.0 1310.0 3892.0 1330.0 3884.0 1329.0 small-vehicle 1
3898.0 1310.0 3905.0 1311.0 3904.0 1331.0 3896.0 1330.0 large-vehicle 1
3909.0 1309.0 3916.0 1309.0 3916.0 1331.0 3907.0 1331.0 small-vehicle 1
3922.0 1312.0 3929.0 1312.0 3926.0 1331.0 3919.0 1330.0 small-vehicle 1
3931.0 1315.0 3940.0 1315.0 3938.0 1336.0 3929.0 1336.0 small-vehicle 1
3941.0 1314.0 3950.0 1314.0 3949.0 1338.0 3940.0 1337.0 small-vehicle 1
3853.0 1366.0 3861.0 1366.0 3860.0 1388.0 3851.0 1388.0 small-vehicle 1
3843.0 1307.0 3852.0 1307.0 3849.0 1326.0 3841.0 1325.0 small-vehicle 1
3865.0 1368.0 3873.0 1367.0 3872.0 1389.0 3865.0 1388.0 small-vehicle 1
3875.0 1365.0 3884.0 1366.0 3883.0 1387.0 3875.0 1386.0 small-vehicle 1
3885.0 1371.0 3895.0 1371.0 3894.0 1392.0 3884.0 1392.0 small-vehicle 1
3895.0 1371.0 3906.0 1371.0 3905.0 1391.0 3896.0 1390.0 small-vehicle 1
3908.0 1370.0 3916.0 1370.0 3916.0 1392.0 3908.0 1393.0 small-vehicle 1
3921.0 1369.0 3928.0 1369.0 3927.0 1390.0 3919.0 1390.0 small-vehicle 1
3932.0 1369.0 3941.0 1370.0 3938.0 1392.0 3929.0 1391.0 small-vehicle 1
3869.0 1331.0 3861.0 1330.0 3863.0 1307.0 3872.0 1308.0 small-vehicle 1
3839.0 1329.0 3828.0 1327.0 3830.0 1304.0 3841.0 1305.0 small-vehicle 1
4276.0 324.0 4286.0 322.0 4288.0 343.0 4279.0 344.0 small-vehicle 1
4311.0 254.0 4311.0 245.0 4332.0 247.0 4333.0 256.0 small-vehicle 1
4288.0 326.0 4298.0 326.0 4298.0 344.0 4289.0 345.0 small-vehicle 1
4306.0 334.0 4313.0 327.0 4328.0 344.0 4321.0 350.0 small-vehicle 1
4309.0 324.0 4308.0 314.0 4329.0 316.0 4329.0 325.0 small-vehicle 1
4309.0 313.0 4309.0 304.0 4330.0 304.0 4329.0 314.0 small-vehicle 1
4308.0 301.0 4309.0 291.0 4330.0 291.0 4330.0 301.0 small-vehicle 1
4306.0 279.0 4308.0 268.0 4331.0 271.0 4331.0 279.0 small-vehicle 1
4307.0 267.0 4308.0 255.0 4332.0 258.0 4332.0 268.0 small-vehicle 1
4311.0 243.0 4311.0 234.0 4333.0 236.0 4332.0 245.0 small-vehicle 1
3807.0 1307.0 3816.0 1308.0 3816.0 1327.0 3805.0 1326.0 small-vehicle 1
4311.0 230.0 4311.0 220.0 4333.0 224.0 4333.0 233.0 small-vehicle 1
4315.0 218.0 4315.0 210.0 4336.0 213.0 4334.0 220.0 small-vehicle 1
4314.0 205.0 4314.0 198.0 4337.0 200.0 4337.0 208.0 small-vehicle 1
4307.0 167.0 4306.0 153.0 4344.0 155.0 4343.0 167.0 large-vehicle 1
4126.0 468.0 4116.0 468.0 4118.0 444.0 4127.0 444.0 large-vehicle 1
4160.0 569.0 4160.0 558.0 4190.0 561.0 4189.0 571.0 large-vehicle 1
4161.0 904.0 4173.0 906.0 4166.0 933.0 4156.0 931.0 large-vehicle 1
339.0 1704.0 182.0 1707.0 176.0 1554.0 333.0 1541.0 plane 0
