imagesource:GoogleEarth
gsd:0.133537555097
2669.0 3175.0 2653.0 3163.0 2725.0 3076.0 2742.0 3089.0 large-vehicle 1
1336.0 4520.0 1352.0 4529.0 1335.0 4556.0 1320.0 4549.0 small-vehicle 1
2470.0 3410.0 2456.0 3446.0 2360.0 3410.0 2373.0 3382.0 large-vehicle 0
2302.0 3438.0 2326.0 3452.0 2256.0 3581.0 2230.0 3566.0 large-vehicle 0
2205.0 4118.0 2183.0 4099.0 2282.0 3984.0 2306.0 4004.0 large-vehicle 0
2210.0 4546.0 2192.0 4564.0 2077.0 4463.0 2099.0 4438.0 large-vehicle 0
2145.0 4476.0 2164.0 4451.0 2257.0 4525.0 2240.0 4547.0 large-vehicle 0
1963.0 4204.0 1990.0 4192.0 2056.0 4322.0 2030.0 4332.0 large-vehicle 0
2222.0 3579.0 2246.0 3589.0 2184.0 3712.0 2158.0 3696.0 large-vehicle 0
2202.0 3251.0 2182.0 3267.0 2060.0 3157.0 2078.0 3138.0 large-vehicle 0
2103.0 3046.0 2120.0 3027.0 2231.0 3113.0 2215.0 3134.0 large-vehicle 0
2010.0 2968.0 2030.0 2949.0 2118.0 3021.0 2102.0 3043.0 large-vehicle 0
1900.0 2870.0 1919.0 2849.0 2024.0 2943.0 2005.0 2961.0 large-vehicle 0
1746.0 2724.0 1764.0 2705.0 1896.0 2828.0 1876.0 2845.0 large-vehicle 0
1949.0 2574.0 1927.0 2554.0 2025.0 2449.0 2047.0 2468.0 large-vehicle 0
1825.0 1388.0 1804.0 1368.0 1893.0 1269.0 1915.0 1289.0 large-vehicle 0
1631.0 1260.0 1610.0 1242.0 1713.0 1118.0 1734.0 1136.0 large-vehicle 0
1766.0 2445.0 1747.0 2428.0 1862.0 2307.0 1882.0 2327.0 large-vehicle 0
1727.0 2382.0 1705.0 2363.0 1801.0 2263.0 1820.0 2282.0 large-vehicle 0
1658.0 2349.0 1638.0 2333.0 1740.0 2217.0 1759.0 2235.0 large-vehicle 0
1432.0 2437.0 1454.0 2417.0 1562.0 2525.0 1541.0 2544.0 large-vehicle 0
2485.0 3243.0 2529.0 3264.0 2479.0 3354.0 2442.0 3333.0 large-vehicle 0
2310.0 3201.0 2358.0 3195.0 2371.0 3330.0 2330.0 3330.0 large-vehicle 0
2222.0 3140.0 2254.0 3118.0 2319.0 3215.0 2298.0 3232.0 large-vehicle 0
355.0 4189.0 339.0 4181.0 357.0 4146.0 372.0 4154.0 small-vehicle 0
1712.0 3571.0 1723.0 3578.0 1706.0 3607.0 1695.0 3596.0 small-vehicle 0
1585.0 3811.0 1574.0 3799.0 1598.0 3775.0 1608.0 3784.0 small-vehicle 0
1483.0 3867.0 1496.0 3878.0 1469.0 3907.0 1458.0 3898.0 small-vehicle 0
1451.0 3897.0 1436.0 3880.0 1471.0 3845.0 1485.0 3861.0 small-vehicle 0
1558.0 3564.0 1572.0 3576.0 1549.0 3602.0 1537.0 3589.0 small-vehicle 0
1669.0 3530.0 1682.0 3541.0 1661.0 3569.0 1647.0 3559.0 small-vehicle 0
1609.0 3529.0 1597.0 3520.0 1623.0 3485.0 1637.0 3496.0 small-vehicle 0
1560.0 3486.0 1546.0 3477.0 1569.0 3447.0 1583.0 3457.0 small-vehicle 0
228.0 2679.0 223.0 2695.0 192.0 2677.0 197.0 2663.0 small-vehicle 0
2509.0 3040.0 2490.0 3023.0 2569.0 2939.0 2589.0 2956.0 large-vehicle 0
69.0 2239.0 97.0 2232.0 134.0 2362.0 105.0 2366.0 large-vehicle 0
2691.0 3596.0 2673.0 3612.0 2565.0 3525.0 2581.0 3504.0 large-vehicle 0
2850.0 3338.0 2830.0 3317.0 2929.0 3206.0 2950.0 3224.0 large-vehicle 0
2824.0 3314.0 2803.0 3297.0 2906.0 3181.0 2926.0 3201.0 large-vehicle 0
2766.0 3274.0 2748.0 3257.0 2847.0 3145.0 2868.0 3164.0 large-vehicle 0
2750.0 3239.0 2732.0 3222.0 2823.0 3122.0 2841.0 3141.0 large-vehicle 0
2615.0 3135.0 2595.0 3120.0 2690.0 3013.0 2710.0 3032.0 large-vehicle 0
2200.0 2786.0 2180.0 2766.0 2275.0 2666.0 2296.0 2684.0 large-vehicle 0
1550.0 2523.0 1561.0 2498.0 1660.0 2550.0 1648.0 2577.0 large-vehicle 0
1663.0 2592.0 1680.0 2567.0 1772.0 2629.0 1759.0 2654.0 large-vehicle 0
1602.0 2600.0 1621.0 2578.0 1738.0 2682.0 1718.0 2704.0 large-vehicle 0
960.0 3391.0 935.0 3394.0 906.0 3252.0 931.0 3245.0 large-vehicle 0
988.0 1654.0 1009.0 1636.0 1080.0 1724.0 1058.0 1740.0 large-vehicle 0
919.0 1566.0 938.0 1550.0 1011.0 1636.0 989.0 1654.0 large-vehicle 0
803.0 1685.0 826.0 1668.0 899.0 1758.0 876.0 1773.0 large-vehicle 0
950.0 1873.0 970.0 1856.0 1041.0 1945.0 1016.0 1962.0 large-vehicle 0
884.0 2018.0 865.0 2032.0 788.0 1950.0 806.0 1932.0 large-vehicle 0
1105.0 3346.0 1072.0 3344.0 1069.0 3204.0 1097.0 3202.0 large-vehicle 0
1044.0 3372.0 1016.0 3376.0 985.0 3228.0 1013.0 3220.0 large-vehicle 0
1018.0 3411.0 993.0 3413.0 967.0 3271.0 997.0 3267.0 large-vehicle 0
1099.0 3750.0 1073.0 3757.0 1032.0 3662.0 1060.0 3652.0 large-vehicle 0
1132.0 1654.0 1152.0 1638.0 1244.0 1746.0 1224.0 1761.0 large-vehicle 0
204.0 4501.0 184.0 4483.0 271.0 4358.0 297.0 4379.0 large-vehicle 0
394.0 2909.0 372.0 2898.0 433.0 2774.0 458.0 2788.0 large-vehicle 0
118.0 2611.0 146.0 2616.0 126.0 2729.0 95.0 2721.0 large-vehicle 0
738.0 1768.0 718.0 1781.0 649.0 1696.0 670.0 1681.0 large-vehicle 0
460.0 1440.0 440.0 1452.0 344.0 1338.0 366.0 1319.0 large-vehicle 0
202.0 1078.0 189.0 1097.0 87.0 1044.0 86.0 1014.0 large-vehicle 1
229.0 1044.0 216.0 1066.0 93.0 1001.0 105.0 976.0 large-vehicle 0
442.0 774.0 472.0 753.0 564.0 872.0 534.0 890.0 large-vehicle 0
1019.0 1512.0 1041.0 1494.0 1132.0 1609.0 1113.0 1625.0 large-vehicle 0
1064.0 1752.0 1086.0 1736.0 1161.0 1827.0 1137.0 1840.0 large-vehicle 0
1580.0 2623.0 1600.0 2601.0 1706.0 2697.0 1685.0 2718.0 large-vehicle 0
1250.0 3254.0 1219.0 3253.0 1218.0 3120.0 1252.0 3116.0 large-vehicle 0
1803.0 2933.0 1779.0 2950.0 1675.0 2855.0 1695.0 2834.0 large-vehicle 0
1406.0 3881.0 1381.0 3863.0 1444.0 3739.0 1477.0 3757.0 large-vehicle 0
1159.0 3711.0 1131.0 3717.0 1094.0 3578.0 1124.0 3567.0 large-vehicle 0
1219.0 3688.0 1188.0 3692.0 1159.0 3552.0 1191.0 3542.0 large-vehicle 0
1231.0 3632.0 1203.0 3632.0 1190.0 3488.0 1221.0 3485.0 large-vehicle 0
1262.0 3630.0 1234.0 3630.0 1223.0 3480.0 1254.0 3476.0 large-vehicle 0
1295.0 3622.0 1266.0 3622.0 1256.0 3471.0 1286.0 3465.0 large-vehicle 0
1326.0 3126.0 1355.0 3128.0 1345.0 3284.0 1318.0 3279.0 large-vehicle 0
1196.0 3303.0 1167.0 3302.0 1157.0 3167.0 1192.0 3163.0 large-vehicle 0
1206.0 1793.0 1232.0 1756.0 1354.0 1842.0 1334.0 1880.0 large-vehicle 0
1139.0 3354.0 1111.0 3354.0 1100.0 3218.0 1128.0 3215.0 large-vehicle 0
1157.0 2980.0 1126.0 2981.0 1117.0 2879.0 1147.0 2874.0 large-vehicle 0
1219.0 2952.0 1190.0 2953.0 1171.0 2805.0 1201.0 2803.0 large-vehicle 0
1254.0 2880.0 1225.0 2881.0 1205.0 2777.0 1237.0 2773.0 large-vehicle 0
1295.0 2313.0 1318.0 2291.0 1426.0 2397.0 1408.0 2419.0 large-vehicle 0
1271.0 2128.0 1319.0 2123.0 1343.0 2273.0 1302.0 2280.0 large-vehicle 0
1267.0 1991.0 1314.0 1985.0 1320.0 2128.0 1284.0 2124.0 large-vehicle 0
1142.0 1842.0 1168.0 1820.0 1269.0 1951.0 1243.0 1976.0 large-vehicle 0
1733.0 3639.0 1719.0 3630.0 1740.0 3591.0 1759.0 3602.0 small-vehicle 0
1750.0 3655.0 1743.0 3669.0 1709.0 3651.0 1716.0 3638.0 small-vehicle 0
1771.0 3665.0 1754.0 3660.0 1765.0 3623.0 1782.0 3626.0 small-vehicle 0
1411.0 3293.0 1425.0 3271.0 1535.0 3347.0 1522.0 3368.0 large-vehicle 0
1716.0 1665.0 1693.0 1636.0 1787.0 1524.0 1816.0 1552.0 large-vehicle 0
1557.0 2241.0 1533.0 2221.0 1632.0 2115.0 1653.0 2137.0 large-vehicle 0
1610.0 2293.0 1588.0 2272.0 1683.0 2165.0 1705.0 2184.0 large-vehicle 0
1193.0 2438.0 1220.0 2417.0 1309.0 2518.0 1279.0 2536.0 large-vehicle 0
1496.0 3181.0 1511.0 3155.0 1624.0 3219.0 1614.0 3246.0 large-vehicle 0
1470.0 3207.0 1484.0 3182.0 1618.0 3249.0 1604.0 3275.0 large-vehicle 0
1436.0 3245.0 1451.0 3223.0 1569.0 3286.0 1556.0 3310.0 large-vehicle 0
1423.0 3268.0 1436.0 3245.0 1554.0 3314.0 1537.0 3341.0 large-vehicle 0
1793.0 2722.0 1809.0 2699.0 1888.0 2758.0 1869.0 2783.0 large-vehicle 0
1853.0 1404.0 1833.0 1388.0 1903.0 1306.0 1927.0 1324.0 large-vehicle 0
1896.0 2522.0 1872.0 2504.0 1963.0 2403.0 1983.0 2421.0 large-vehicle 0
2006.0 2621.0 1982.0 2597.0 2079.0 2494.0 2099.0 2511.0 large-vehicle 0
2145.0 2737.0 2121.0 2716.0 2213.0 2617.0 2236.0 2634.0 large-vehicle 0
2228.0 2806.0 2208.0 2789.0 2297.0 2689.0 2316.0 2706.0 large-vehicle 0
2251.0 2830.0 2233.0 2815.0 2324.0 2708.0 2343.0 2724.0 large-vehicle 0
2333.0 2854.0 2313.0 2835.0 2381.0 2761.0 2399.0 2778.0 large-vehicle 0
2205.0 3063.0 2223.0 3044.0 2330.0 3135.0 2309.0 3158.0 large-vehicle 0
2268.0 3256.0 2289.0 3252.0 2308.0 3353.0 2279.0 3357.0 large-vehicle 0
1880.0 1440.0 1858.0 1422.0 1939.0 1330.0 1957.0 1349.0 large-vehicle 0
1708.0 1292.0 1682.0 1271.0 1776.0 1162.0 1802.0 1185.0 large-vehicle 0
2096.0 3742.0 2118.0 3749.0 2068.0 3878.0 2046.0 3870.0 large-vehicle 0
1146.0 833.0 1126.0 809.0 1216.0 700.0 1241.0 720.0 large-vehicle 0
1375.0 4069.0 1362.0 4091.0 1254.0 4009.0 1268.0 3988.0 large-vehicle 1
1330.0 3609.0 1300.0 3615.0 1291.0 3480.0 1316.0 3477.0 large-vehicle 1
1086.0 1389.0 1104.0 1375.0 1133.0 1413.0 1116.0 1428.0 small-vehicle 1
2884.0 3349.0 2862.0 3328.0 2943.0 3236.0 2962.0 3256.0 large-vehicle 0
3022.0 3816.0 2992.0 3797.0 3085.0 3685.0 3108.0 3702.0 large-vehicle 0
1061.0 751.0 1040.0 731.0 1127.0 624.0 1152.0 649.0 large-vehicle 0
1087.0 779.0 1065.0 760.0 1164.0 648.0 1186.0 669.0 large-vehicle 0
1120.0 803.0 1100.0 781.0 1196.0 668.0 1215.0 683.0 large-vehicle 0
1178.0 850.0 1158.0 834.0 1254.0 719.0 1275.0 736.0 large-vehicle 0
1335.0 1243.0 1313.0 1213.0 1417.0 1131.0 1438.0 1163.0 large-vehicle 0
1208.0 880.0 1181.0 860.0 1281.0 745.0 1302.0 761.0 large-vehicle 0
1241.0 897.0 1218.0 878.0 1311.0 767.0 1333.0 785.0 large-vehicle 0
1294.0 947.0 1271.0 928.0 1367.0 815.0 1390.0 833.0 large-vehicle 0
1267.0 924.0 1242.0 902.0 1339.0 790.0 1359.0 808.0 large-vehicle 0
1358.0 996.0 1331.0 978.0 1424.0 866.0 1448.0 884.0 large-vehicle 0
1330.0 973.0 1303.0 951.0 1392.0 847.0 1415.0 863.0 large-vehicle 0
1385.0 1022.0 1362.0 1002.0 1453.0 893.0 1477.0 912.0 large-vehicle 0
1441.0 1080.0 1416.0 1057.0 1512.0 943.0 1534.0 961.0 large-vehicle 0
2204.0 3526.0 2227.0 3541.0 2164.0 3666.0 2144.0 3655.0 large-vehicle 0
1607.0 4026.0 1593.0 4015.0 1615.0 3988.0 1630.0 3999.0 small-vehicle 1
1792.0 3646.0 1810.0 3650.0 1798.0 3686.0 1784.0 3679.0 small-vehicle 0
1761.0 3783.0 1748.0 3770.0 1775.0 3743.0 1788.0 3755.0 small-vehicle 0
1634.0 3856.0 1619.0 3844.0 1647.0 3810.0 1663.0 3825.0 small-vehicle 0
1619.0 3842.0 1602.0 3829.0 1630.0 3798.0 1646.0 3809.0 small-vehicle 0
1600.0 3828.0 1586.0 3814.0 1613.0 3785.0 1627.0 3795.0 small-vehicle 0
1797.0 3880.0 1783.0 3867.0 1815.0 3832.0 1829.0 3844.0 small-vehicle 0
1782.0 3860.0 1768.0 3847.0 1796.0 3815.0 1810.0 3829.0 small-vehicle 0
1765.0 3843.0 1753.0 3831.0 1779.0 3802.0 1793.0 3815.0 small-vehicle 0
1759.0 3791.0 1770.0 3803.0 1750.0 3830.0 1734.0 3817.0 small-vehicle 0
1794.0 3810.0 1779.0 3797.0 1811.0 3764.0 1827.0 3777.0 small-vehicle 0
1743.0 3768.0 1730.0 3751.0 1761.0 3721.0 1774.0 3731.0 small-vehicle 0
1686.0 3900.0 1670.0 3887.0 1697.0 3856.0 1715.0 3872.0 small-vehicle 0
1693.0 3725.0 1706.0 3737.0 1683.0 3763.0 1668.0 3753.0 small-vehicle 0
1677.0 3711.0 1690.0 3722.0 1664.0 3753.0 1650.0 3742.0 small-vehicle 0
1704.0 3735.0 1694.0 3726.0 1719.0 3697.0 1733.0 3706.0 small-vehicle 0
2010.0 3909.0 2035.0 3916.0 2008.0 4053.0 1981.0 4047.0 large-vehicle 1
1914.0 3747.0 1927.0 3757.0 1907.0 3789.0 1894.0 3782.0 small-vehicle 0
1889.0 3732.0 1907.0 3741.0 1892.0 3776.0 1874.0 3770.0 small-vehicle 0
1861.0 3712.0 1879.0 3715.0 1869.0 3754.0 1852.0 3752.0 small-vehicle 0
1829.0 3729.0 1816.0 3717.0 1848.0 3683.0 1861.0 3696.0 small-vehicle 0
1652.0 3872.0 1637.0 3861.0 1664.0 3832.0 1680.0 3845.0 small-vehicle 0
1723.0 3927.0 1708.0 3917.0 1735.0 3888.0 1749.0 3898.0 small-vehicle 0
1587.0 4020.0 1573.0 4008.0 1597.0 3978.0 1611.0 3990.0 small-vehicle 0
1599.0 3831.0 1616.0 3842.0 1585.0 3873.0 1575.0 3864.0 small-vehicle 0
1572.0 3999.0 1559.0 3985.0 1582.0 3960.0 1597.0 3974.0 small-vehicle 0
1563.0 3941.0 1576.0 3951.0 1555.0 3979.0 1541.0 3967.0 small-vehicle 0
1622.0 3958.0 1608.0 3974.0 1574.0 3941.0 1589.0 3927.0 small-vehicle 0
1520.0 3947.0 1504.0 3934.0 1533.0 3905.0 1548.0 3919.0 small-vehicle 0
1502.0 3935.0 1488.0 3921.0 1514.0 3893.0 1526.0 3905.0 small-vehicle 0
1563.0 3803.0 1576.0 3816.0 1554.0 3838.0 1540.0 3828.0 small-vehicle 0
1583.0 3818.0 1596.0 3830.0 1572.0 3857.0 1559.0 3845.0 small-vehicle 0
1604.0 3887.0 1591.0 3877.0 1617.0 3850.0 1631.0 3861.0 small-vehicle 0
1634.0 3862.0 1648.0 3873.0 1622.0 3902.0 1610.0 3892.0 small-vehicle 0
1741.0 3945.0 1722.0 3931.0 1750.0 3903.0 1766.0 3916.0 small-vehicle 0
1652.0 3877.0 1665.0 3890.0 1639.0 3922.0 1623.0 3908.0 small-vehicle 0
1670.0 3891.0 1683.0 3903.0 1658.0 3929.0 1648.0 3917.0 small-vehicle 0
1625.0 4037.0 1611.0 4027.0 1641.0 3997.0 1654.0 4010.0 small-vehicle 0
1672.0 4010.0 1686.0 4024.0 1656.0 4058.0 1644.0 4043.0 large-vehicle 0
1688.0 3905.0 1704.0 3919.0 1677.0 3948.0 1664.0 3935.0 small-vehicle 0
1722.0 3935.0 1737.0 3946.0 1708.0 3977.0 1695.0 3964.0 small-vehicle 1
1738.0 3950.0 1753.0 3963.0 1727.0 3995.0 1713.0 3981.0 small-vehicle 0
1758.0 3961.0 1743.0 3947.0 1770.0 3918.0 1786.0 3929.0 small-vehicle 0
584.0 409.0 603.0 392.0 678.0 465.0 658.0 483.0 large-vehicle 0
