imagesource:GoogleEarth
gsd:0.136926333048
685.0 1038.0 672.0 1072.0 528.0 992.0 546.0 955.0 ship 0
665.0 1075.0 653.0 1102.0 513.0 1025.0 528.0 993.0 ship 0
1260.0 236.0 1346.0 236.0 1346.0 315.0 1260.0 315.0 storage-tank 0
1325.0 300.0 1432.0 300.0 1432.0 419.0 1325.0 419.0 storage-tank 0
1402.0 402.0 1512.0 402.0 1512.0 516.0 1402.0 516.0 storage-tank 0
1200.0 1583.0 1133.0 1536.0 1369.0 1226.0 1426.0 1266.0 harbor 0
1851.0 2118.0 1440.0 1742.0 1683.0 1478.0 2092.0 1841.0 harbor 0
2059.0 2285.0 2013.0 2248.0 2240.0 1972.0 2286.0 2008.0 harbor 0
2413.0 2582.0 2255.0 2448.0 2486.0 2209.0 2626.0 2328.0 harbor 0
653.0 1195.0 616.0 1166.0 946.0 810.0 982.0 838.0 harbor 0
666.0 553.0 276.0 982.0 188.0 901.0 579.0 463.0 harbor 0
1314.0 1668.0 1275.0 1736.0 965.0 1493.0 1002.0 1443.0 ship 1
1315.0 1725.0 1353.0 1673.0 1628.0 1919.0 1579.0 1982.0 ship 1
1270.0 1765.0 1308.0 1726.0 1573.0 1975.0 1529.0 2028.0 ship 1
1586.0 1516.0 1615.0 1542.0 1460.0 1689.0 1429.0 1646.0 ship 0
1455.0 2090.0 1429.0 2122.0 1262.0 1983.0 1295.0 1945.0 ship 0
1476.0 2050.0 1455.0 2075.0 1306.0 1951.0 1326.0 1926.0 ship 0
1502.0 2013.0 1478.0 2042.0 1330.0 1925.0 1353.0 1893.0 ship 0
2740.0 2242.0 2785.0 2283.0 2522.0 2535.0 2483.0 2500.0 ship 1
2779.0 2338.0 2830.0 2378.0 2593.0 2683.0 2545.0 2648.0 ship 1
2790.0 2508.0 2822.0 2529.0 2732.0 2676.0 2695.0 2653.0 ship 0
2645.0 2423.0 2682.0 2449.0 2540.0 2645.0 2496.0 2615.0 ship 1
2843.0 2510.0 2876.0 2530.0 2782.0 2682.0 2746.0 2665.0 ship 0
2333.0 2308.0 2360.0 2330.0 2240.0 2459.0 2208.0 2428.0 ship 0
136.0 928.0 168.0 886.0 359.0 1056.0 319.0 1095.0 ship 1
142.0 983.0 163.0 959.0 318.0 1100.0 286.0 1132.0 ship 0
482.0 912.0 503.0 938.0 383.0 1070.0 362.0 1042.0 ship 0
298.0 703.0 329.0 733.0 223.0 848.0 190.0 819.0 ship 0
600.0 683.0 629.0 706.0 539.0 810.0 513.0 783.0 ship 0
1352.0 156.0 1428.0 156.0 1428.0 232.0 1352.0 232.0 storage-tank 0
