imagesource:GoogleEarth
gsd:0.134748630764
4419.0 1145.0 4353.0 1118.0 4518.0 750.0 4569.0 772.0 harbor 0
3923.0 3995.0 3961.0 3972.0 4138.0 4226.0 4091.0 4258.0 ship 1
2656.0 2703.0 2682.0 2662.0 2959.0 2853.0 2922.0 2908.0 ship 1
2158.0 2322.0 2133.0 2350.0 2006.0 2233.0 2029.0 2206.0 ship 0
2132.0 2360.0 2105.0 2386.0 1969.0 2258.0 1995.0 2228.0 ship 0
4837.0 4389.0 4789.0 4422.0 4645.0 4193.0 4689.0 4158.0 ship 1
4092.0 4288.0 4133.0 4275.0 4216.0 4553.0 4169.0 4576.0 ship 1
3962.0 3956.0 3995.0 3931.0 4139.0 4145.0 4106.0 4160.0 ship 1
4195.0 1529.0 4232.0 1458.0 4563.0 1618.0 4536.0 1683.0 ship 1
7112.0 1926.0 7147.0 1932.0 7124.0 2113.0 7087.0 2113.0 ship 1
5385.0 2013.0 5359.0 1963.0 5595.0 1849.0 5620.0 1898.0 ship 1
5732.0 2002.0 5728.0 1943.0 6052.0 1925.0 6059.0 1982.0 ship 1
6189.0 1808.0 6226.0 1816.0 6194.0 2036.0 6146.0 2032.0 ship 1
6236.0 1808.0 6276.0 1813.0 6237.0 2043.0 6199.0 2036.0 ship 1
6247.0 1998.0 6253.0 1958.0 6516.0 2003.0 6503.0 2052.0 ship 1
6547.0 1842.0 6590.0 1848.0 6563.0 2100.0 6520.0 2095.0 ship 1
3772.0 2368.0 3719.0 2419.0 3503.0 2158.0 3569.0 2099.0 ship 1
3269.0 1188.0 3245.0 1233.0 3034.0 1110.0 3058.0 1058.0 ship 1
4031.0 969.0 4005.0 1011.0 3826.0 901.0 3846.0 856.0 ship 1
3042.0 448.0 3063.0 405.0 3301.0 560.0 3282.0 595.0 ship 1
3035.0 356.0 3065.0 313.0 3329.0 493.0 3298.0 545.0 ship 1
2759.0 158.0 2791.0 109.0 3061.0 296.0 3029.0 349.0 ship 1
2080.0 1009.0 2102.0 968.0 2323.0 1102.0 2299.0 1149.0 ship 1
2039.0 1046.0 2063.0 1011.0 2300.0 1155.0 2280.0 1198.0 ship 1
2052.0 1105.0 2075.0 1072.0 2289.0 1212.0 2270.0 1242.0 ship 1
1838.0 1991.0 1819.0 2009.0 1915.0 2082.0 1931.0 2058.0 ship 1
1993.0 2208.0 2011.0 2170.0 1812.0 2012.0 1790.0 2041.0 ship 1
1322.0 1841.0 1289.0 1806.0 1442.0 1656.0 1476.0 1682.0 ship 1
1282.0 1815.0 1250.0 1790.0 1412.0 1629.0 1446.0 1659.0 ship 1
1612.0 1458.0 1647.0 1416.0 1915.0 1623.0 1872.0 1678.0 ship 1
1475.0 1598.0 1439.0 1636.0 1190.0 1370.0 1230.0 1323.0 ship 1
1205.0 1280.0 1247.0 1238.0 1519.0 1516.0 1465.0 1566.0 ship 1
1208.0 539.0 1233.0 482.0 1596.0 652.0 1560.0 723.0 ship 1
6792.0 1823.0 6837.0 1838.0 6767.0 2096.0 6714.0 2080.0 ship 1
6492.0 2216.0 6512.0 2180.0 6672.0 2279.0 6648.0 2312.0 ship 1
1773.0 2036.0 1978.0 2205.0 1812.0 2420.0 1611.0 2250.0 harbor 0
3483.0 3435.0 3520.0 3492.0 3265.0 3649.0 3232.0 3596.0 harbor 0
3085.0 3943.0 3179.0 3943.0 3179.0 4036.0 3085.0 4036.0 storage-tank 0
3190.0 4071.0 3273.0 4071.0 3273.0 4155.0 3190.0 4155.0 storage-tank 0
3259.0 4096.0 3353.0 4096.0 3353.0 4188.0 3259.0 4188.0 storage-tank 0
293.0 769.0 346.0 800.0 222.0 1038.0 170.0 1011.0 harbor 0
1356.0 1568.0 1405.0 1613.0 1256.0 1762.0 1212.0 1715.0 harbor 0
2877.0 2883.0 2935.0 2922.0 2768.0 3175.0 2711.0 3135.0 harbor 0
2980.0 2965.0 3008.0 2930.0 3212.0 3082.0 3185.0 3119.0 ship 1
6775.0 2365.0 6783.0 2305.0 7022.0 2340.0 7013.0 2402.0 ship 1
2965.0 5263.0 3137.0 5263.0 3137.0 5388.0 2965.0 5388.0 storage-tank 0
3128.0 4019.0 3213.0 4019.0 3213.0 4105.0 3128.0 4105.0 tennis-court 0
5968.0 1882.0 5902.0 1865.0 5973.0 1440.0 6038.0 1453.0 harbor 0
6352.0 1968.0 6300.0 1958.0 6345.0 1602.0 6392.0 1615.0 harbor 0
7689.0 2293.0 7369.0 2210.0 7422.0 1988.0 7742.0 2058.0 harbor 0
7078.0 2119.0 6780.0 2072.0 6845.0 1806.0 7112.0 1885.0 harbor 0
3063.0 3885.0 3139.0 3885.0 3139.0 3955.0 3063.0 3955.0 storage-tank 0
6082.0 4498.0 6128.0 4450.0 6351.0 4678.0 6299.0 4738.0 ship 1
6798.0 4525.0 6836.0 4480.0 7059.0 4658.0 7025.0 4703.0 ship 1
6830.0 4470.0 6862.0 4430.0 7095.0 4609.0 7068.0 4648.0 ship 1
7332.0 4710.0 7368.0 4665.0 7611.0 4839.0 7581.0 4892.0 ship 1
6830.0 3550.0 6848.0 3495.0 7093.0 3562.0 7076.0 3602.0 ship 1
6836.0 3486.0 6846.0 3440.0 7135.0 3518.0 7118.0 3565.0 ship 1
6845.0 3438.0 6855.0 3383.0 7148.0 3470.0 7132.0 3515.0 ship 1
6875.0 3379.0 6893.0 3326.0 7160.0 3402.0 7145.0 3456.0 ship 1
7515.0 3145.0 7525.0 3086.0 7795.0 3153.0 7781.0 3206.0 ship 1
5648.0 3243.0 5690.0 3195.0 5950.0 3422.0 5903.0 3480.0 ship 1
6242.0 2780.0 6252.0 2726.0 6558.0 2790.0 6539.0 2852.0 ship 1
7719.0 2162.0 7768.0 2176.0 7723.0 2408.0 7675.0 2399.0 ship 1
7352.0 2336.0 7363.0 2280.0 7668.0 2358.0 7653.0 2410.0 ship 1
7356.0 2276.0 7365.0 2226.0 7679.0 2299.0 7668.0 2359.0 ship 1
7352.0 2046.0 7403.0 2062.0 7323.0 2343.0 7268.0 2330.0 ship 1
7302.0 2050.0 7341.0 2066.0 7265.0 2313.0 7228.0 2298.0 ship 1
1229.0 468.0 1272.0 403.0 1618.0 575.0 1589.0 643.0 ship 1
