imagesource:GoogleEarth
gsd:0.586326273951
980.0 6331.0 1046.0 6346.0 1025.0 6414.0 963.0 6397.0 plane 0
1542.0 2724.0 1603.0 2711.0 1618.0 2783.0 1553.0 2799.0 plane 0
837.0 5725.0 777.0 5718.0 787.0 5642.0 852.0 5650.0 plane 0
1095.0 4352.0 1034.0 4343.0 1048.0 4270.0 1109.0 4279.0 plane 0
843.0 4258.0 847.0 4199.0 911.0 4205.0 905.0 4266.0 plane 0
891.0 3655.0 896.0 3602.0 964.0 3608.0 959.0 3664.0 plane 0
899.0 3578.0 904.0 3530.0 974.0 3534.0 971.0 3587.0 plane 0
927.0 3435.0 932.0 3376.0 1002.0 3383.0 996.0 3444.0 plane 0
938.0 3105.0 870.0 3103.0 875.0 3027.0 941.0 3034.0 plane 0
747.0 3072.0 685.0 3066.0 692.0 2998.0 753.0 3004.0 plane 0
947.0 2770.0 1017.0 2781.0 1002.0 2853.0 933.0 2843.0 plane 0
916.0 2262.0 978.0 2268.0 973.0 2337.0 905.0 2330.0 plane 0
981.0 2004.0 925.0 1995.0 933.0 1922.0 1003.0 1934.0 plane 0
967.0 1732.0 1030.0 1741.0 1024.0 1808.0 957.0 1800.0 plane 0
1037.0 1748.0 1098.0 1756.0 1092.0 1814.0 1029.0 1804.0 plane 0
1184.0 1511.0 1126.0 1503.0 1133.0 1430.0 1200.0 1443.0 plane 0
904.0 1448.0 856.0 1445.0 862.0 1383.0 912.0 1390.0 plane 0
1361.0 1304.0 1368.0 1255.0 1440.0 1264.0 1430.0 1316.0 plane 0
1277.0 2012.0 1368.0 1982.0 1413.0 2074.0 1307.0 2114.0 plane 0
602.0 6691.0 566.0 6712.0 542.0 6670.0 577.0 6646.0 plane 0
