imagesource:GoogleEarth
gsd:0.134336113213
3408.0 25.0 3432.0 42.0 3300.0 193.0 3266.0 163.0 ship 0
1009.0 2110.0 1030.0 2076.0 1240.0 2202.0 1219.0 2242.0 ship 1
295.0 1045.0 306.0 1015.0 469.0 1103.0 446.0 1132.0 ship 0
333.0 1022.0 356.0 989.0 476.0 1063.0 461.0 1093.0 ship 0
2139.0 2173.0 2113.0 2206.0 1952.0 2095.0 1988.0 2042.0 ship 0
2385.0 2120.0 2406.0 2085.0 2590.0 2202.0 2563.0 2242.0 ship 0
3912.0 782.0 3958.0 810.0 3796.0 1063.0 3752.0 1028.0 ship 1
3300.0 335.0 3335.0 298.0 3545.0 472.0 3506.0 522.0 ship 1
3409.0 360.0 3370.0 323.0 3570.0 59.0 3611.0 96.0 harbor 0
3116.0 2308.0 3146.0 2236.0 3409.0 2376.0 3386.0 2433.0 ship 1
3223.0 1446.0 3269.0 1380.0 3599.0 1599.0 3560.0 1662.0 ship 1
2482.0 1533.0 2523.0 1460.0 2863.0 1686.0 2828.0 1740.0 ship 1
2293.0 2142.0 2326.0 2092.0 2615.0 2275.0 2586.0 2328.0 ship 1
1069.0 1993.0 1102.0 1956.0 1286.0 2108.0 1263.0 2149.0 ship 1
3433.0 58.0 3458.0 78.0 3333.0 220.0 3309.0 198.0 ship 0
233.0 1116.0 253.0 1076.0 475.0 1189.0 459.0 1229.0 ship 1
1056.0 1042.0 1093.0 995.0 1312.0 1159.0 1280.0 1205.0 ship 1
1700.0 188.0 1678.0 229.0 1479.0 123.0 1503.0 80.0 ship 1
1428.0 206.0 1470.0 123.0 1756.0 270.0 1712.0 356.0 ship 1
1695.0 360.0 1652.0 449.0 1355.0 293.0 1400.0 199.0 ship 1
1328.0 398.0 1368.0 315.0 1606.0 435.0 1560.0 516.0 ship 1
1276.0 483.0 1318.0 402.0 1562.0 519.0 1523.0 600.0 ship 1
1536.0 613.0 1493.0 700.0 1216.0 585.0 1263.0 492.0 ship 1
1515.0 718.0 1489.0 756.0 1309.0 665.0 1323.0 629.0 ship 1
1173.0 695.0 1218.0 618.0 1468.0 750.0 1426.0 843.0 ship 1
1149.0 756.0 1172.0 712.0 1410.0 838.0 1385.0 886.0 ship 1
278.0 1079.0 298.0 1050.0 458.0 1143.0 443.0 1172.0 ship 0
236.0 1159.0 249.0 1129.0 392.0 1199.0 378.0 1230.0 ship 0
228.0 1195.0 243.0 1168.0 393.0 1238.0 370.0 1276.0 ship 0
219.0 1228.0 229.0 1200.0 348.0 1268.0 335.0 1296.0 ship 0
1811.0 1816.0 1839.0 1776.0 2032.0 1896.0 2011.0 1935.0 ship 0
1872.0 1799.0 1888.0 1770.0 2031.0 1846.0 2013.0 1883.0 ship 1
1310.0 1971.0 1339.0 1946.0 1442.0 2059.0 1415.0 2088.0 ship 1
1273.0 1982.0 1296.0 1959.0 1415.0 2096.0 1389.0 2116.0 ship 0
1248.0 2015.0 1273.0 1991.0 1380.0 2106.0 1362.0 2129.0 ship 0
1206.0 2035.0 1235.0 2008.0 1376.0 2140.0 1355.0 2172.0 ship 0
1129.0 2269.0 1152.0 2243.0 1285.0 2348.0 1265.0 2380.0 ship 1
1153.0 2242.0 1169.0 2215.0 1289.0 2293.0 1268.0 2328.0 ship 1
638.0 1896.0 618.0 1932.0 473.0 1826.0 496.0 1795.0 ship 1
979.0 2138.0 999.0 2105.0 1146.0 2200.0 1125.0 2238.0 ship 0
1023.0 2065.0 1038.0 2036.0 1203.0 2135.0 1186.0 2173.0 ship 0
1055.0 2038.0 1073.0 2005.0 1209.0 2108.0 1190.0 2133.0 ship 0
425.0 1888.0 443.0 1851.0 579.0 1933.0 560.0 1969.0 ship 1
243.0 1730.0 275.0 1705.0 400.0 1876.0 372.0 1898.0 ship 1
315.0 1683.0 338.0 1660.0 423.0 1766.0 400.0 1793.0 ship 0
270.0 1703.0 303.0 1668.0 442.0 1851.0 405.0 1879.0 ship 1
316.0 1632.0 342.0 1610.0 465.0 1748.0 432.0 1773.0 ship 0
348.0 1612.0 369.0 1589.0 482.0 1710.0 455.0 1735.0 ship 0
378.0 1600.0 398.0 1573.0 508.0 1689.0 485.0 1710.0 ship 0
415.0 1586.0 442.0 1560.0 575.0 1686.0 542.0 1718.0 ship 0
1035.0 1132.0 1053.0 1102.0 1240.0 1206.0 1212.0 1248.0 ship 0
1048.0 1093.0 1065.0 1055.0 1199.0 1149.0 1185.0 1175.0 ship 0
38.0 1140.0 56.0 1118.0 165.0 1202.0 143.0 1232.0 ship 0
198.0 408.0 238.0 345.0 583.0 543.0 543.0 609.0 ship 1
