imagesource:GoogleEarth
gsd:0.131049911667
2052.0 3654.0 2071.0 3650.0 2079.0 3685.0 2062.0 3689.0 small-vehicle 1
1415.0 3298.0 1437.0 3291.0 1481.0 3411.0 1456.0 3422.0 large-vehicle 0
1202.0 3567.0 1194.0 3547.0 1259.0 3526.0 1266.0 3544.0 large-vehicle 0
1054.0 3627.0 1051.0 3608.0 1091.0 3600.0 1096.0 3617.0 large-vehicle 0
1053.0 3384.0 1075.0 3377.0 1119.0 3498.0 1094.0 3506.0 large-vehicle 0
1079.0 3374.0 1101.0 3369.0 1137.0 3478.0 1114.0 3487.0 large-vehicle 0
1102.0 3366.0 1124.0 3360.0 1155.0 3466.0 1135.0 3472.0 large-vehicle 0
1126.0 3356.0 1151.0 3351.0 1186.0 3473.0 1163.0 3482.0 large-vehicle 0
1158.0 3371.0 1182.0 3362.0 1216.0 3481.0 1195.0 3488.0 large-vehicle 0
1202.0 3339.0 1228.0 3333.0 1264.0 3455.0 1240.0 3462.0 large-vehicle 0
1281.0 3322.0 1303.0 3315.0 1341.0 3431.0 1319.0 3440.0 large-vehicle 0
1329.0 3302.0 1355.0 3295.0 1389.0 3418.0 1366.0 3427.0 large-vehicle 0
1382.0 3296.0 1408.0 3286.0 1450.0 3410.0 1426.0 3418.0 large-vehicle 0
1460.0 3267.0 1484.0 3264.0 1520.0 3384.0 1494.0 3394.0 large-vehicle 0
1252.0 2283.0 1271.0 2271.0 1339.0 2383.0 1318.0 2395.0 large-vehicle 0
1592.0 3235.0 1613.0 3227.0 1651.0 3349.0 1625.0 3359.0 large-vehicle 0
1270.0 2810.0 1243.0 2807.0 1263.0 2686.0 1284.0 2687.0 large-vehicle 0
1299.0 2800.0 1275.0 2798.0 1291.0 2674.0 1316.0 2679.0 large-vehicle 0
1323.0 2796.0 1300.0 2793.0 1322.0 2672.0 1344.0 2677.0 large-vehicle 0
1407.0 2775.0 1382.0 2769.0 1400.0 2651.0 1425.0 2655.0 large-vehicle 0
1435.0 2763.0 1412.0 2759.0 1430.0 2640.0 1453.0 2643.0 large-vehicle 0
1492.0 2751.0 1467.0 2746.0 1488.0 2633.0 1509.0 2637.0 large-vehicle 0
1527.0 2776.0 1522.0 2752.0 1602.0 2728.0 1611.0 2748.0 large-vehicle 0
1534.0 2804.0 1527.0 2782.0 1606.0 2759.0 1616.0 2782.0 large-vehicle 0
1538.0 2828.0 1532.0 2807.0 1614.0 2785.0 1621.0 2804.0 large-vehicle 0
1546.0 2854.0 1537.0 2832.0 1670.0 2796.0 1678.0 2820.0 large-vehicle 0
1454.0 4070.0 1449.0 4047.0 1502.0 4037.0 1507.0 4057.0 large-vehicle 0
1434.0 3997.0 1430.0 3978.0 1476.0 3967.0 1482.0 3985.0 large-vehicle 0
927.0 3303.0 933.0 3325.0 883.0 3341.0 877.0 3320.0 large-vehicle 0
939.0 3271.0 947.0 3295.0 879.0 3314.0 871.0 3292.0 large-vehicle 0
592.0 712.0 587.0 690.0 684.0 680.0 687.0 701.0 large-vehicle 0
601.0 736.0 598.0 715.0 656.0 714.0 659.0 732.0 large-vehicle 0
604.0 787.0 602.0 764.0 703.0 760.0 705.0 780.0 large-vehicle 0
603.0 816.0 603.0 794.0 706.0 791.0 708.0 811.0 large-vehicle 0
620.0 959.0 620.0 937.0 711.0 920.0 716.0 939.0 large-vehicle 0
623.0 923.0 619.0 901.0 704.0 887.0 711.0 906.0 large-vehicle 0
300.0 647.0 283.0 649.0 276.0 604.0 293.0 600.0 large-vehicle 0
333.0 642.0 315.0 640.0 311.0 598.0 329.0 593.0 large-vehicle 0
430.0 640.0 447.0 641.0 452.0 677.0 433.0 678.0 large-vehicle 0
349.0 1828.0 374.0 1824.0 403.0 1930.0 376.0 1936.0 large-vehicle 0
547.0 2219.0 534.0 2238.0 441.0 2182.0 454.0 2163.0 large-vehicle 0
802.0 2187.0 808.0 2167.0 911.0 2227.0 899.0 2246.0 large-vehicle 0
672.0 2375.0 680.0 2352.0 799.0 2423.0 787.0 2447.0 large-vehicle 0
778.0 2668.0 770.0 2646.0 871.0 2611.0 881.0 2630.0 large-vehicle 0
904.0 2627.0 898.0 2599.0 1022.0 2570.0 1027.0 2589.0 large-vehicle 0
952.0 2761.0 956.0 2778.0 904.0 2796.0 899.0 2775.0 large-vehicle 0
962.0 2783.0 970.0 2804.0 919.0 2819.0 912.0 2797.0 large-vehicle 0
886.0 3119.0 892.0 3141.0 829.0 3159.0 822.0 3142.0 large-vehicle 0
898.0 3148.0 903.0 3168.0 838.0 3184.0 831.0 3166.0 large-vehicle 0
899.0 3175.0 905.0 3197.0 857.0 3207.0 851.0 3186.0 large-vehicle 0
892.0 3206.0 896.0 3226.0 843.0 3244.0 837.0 3219.0 large-vehicle 0
917.0 3224.0 924.0 3246.0 859.0 3264.0 854.0 3244.0 large-vehicle 0
926.0 3251.0 932.0 3269.0 890.0 3283.0 883.0 3262.0 large-vehicle 0
1550.0 2881.0 1542.0 2859.0 1663.0 2828.0 1668.0 2844.0 large-vehicle 0
1354.0 2254.0 1375.0 2237.0 1446.0 2348.0 1427.0 2360.0 large-vehicle 0
2021.0 3703.0 2006.0 3706.0 1998.0 3671.0 2014.0 3668.0 small-vehicle 1
1025.0 708.0 1028.0 723.0 992.0 730.0 990.0 715.0 small-vehicle 0
1042.0 3615.0 1046.0 3629.0 1014.0 3637.0 1011.0 3623.0 small-vehicle 1
871.0 2950.0 880.0 2961.0 862.0 2982.0 853.0 2972.0 small-vehicle 1
996.0 2944.0 1003.0 2965.0 955.0 2977.0 949.0 2956.0 small-vehicle 1
993.0 2914.0 999.0 2933.0 951.0 2944.0 946.0 2925.0 large-vehicle 0
989.0 2888.0 993.0 2909.0 945.0 2918.0 942.0 2898.0 large-vehicle 0
982.0 2864.0 986.0 2883.0 938.0 2894.0 934.0 2874.0 large-vehicle 0
977.0 2838.0 982.0 2856.0 932.0 2867.0 928.0 2847.0 large-vehicle 0
978.0 2809.0 984.0 2826.0 931.0 2841.0 926.0 2823.0 large-vehicle 0
1157.0 2874.0 1152.0 2851.0 1196.0 2841.0 1201.0 2863.0 large-vehicle 0
1201.0 2367.0 1223.0 2359.0 1239.0 2402.0 1216.0 2411.0 large-vehicle 0
1226.0 2361.0 1248.0 2351.0 1269.0 2393.0 1250.0 2404.0 large-vehicle 0
1027.0 728.0 1031.0 742.0 996.0 749.0 994.0 734.0 small-vehicle 0
1383.0 2249.0 1407.0 2232.0 1482.0 2339.0 1462.0 2354.0 large-vehicle 0
1037.0 747.0 1041.0 763.0 1002.0 771.0 999.0 755.0 small-vehicle 0
1039.0 768.0 1042.0 781.0 1008.0 789.0 1005.0 776.0 small-vehicle 0
1046.0 786.0 1050.0 802.0 1009.0 810.0 1006.0 794.0 small-vehicle 0
842.0 893.0 829.0 898.0 815.0 866.0 831.0 861.0 large-vehicle 1
56.0 1999.0 56.0 2011.0 25.0 2012.0 26.0 2000.0 small-vehicle 1
829.0 2063.0 815.0 2053.0 834.0 2029.0 848.0 2037.0 small-vehicle 1
53.0 2535.0 50.0 2548.0 15.0 2543.0 20.0 2528.0 large-vehicle 1
135.0 3070.0 138.0 3059.0 171.0 3066.0 169.0 3077.0 small-vehicle 1
817.0 3567.0 813.0 3555.0 839.0 3550.0 842.0 3560.0 small-vehicle 1
1680.0 1767.0 1674.0 1754.0 1708.0 1741.0 1715.0 1754.0 small-vehicle 1
1587.0 3787.0 1601.0 3784.0 1609.0 3811.0 1597.0 3815.0 small-vehicle 1
998.0 3625.0 1002.0 3638.0 975.0 3648.0 970.0 3635.0 small-vehicle 1
952.0 3635.0 956.0 3646.0 928.0 3656.0 925.0 3643.0 small-vehicle 1
913.0 3649.0 917.0 3662.0 887.0 3672.0 883.0 3658.0 small-vehicle 1
228.0 3522.0 213.0 3523.0 210.0 3489.0 225.0 3488.0 small-vehicle 1
1436.0 2219.0 1455.0 2205.0 1539.0 2304.0 1519.0 2320.0 large-vehicle 0
1085.0 1354.0 1068.0 1369.0 1031.0 1330.0 1043.0 1316.0 large-vehicle 0
1809.0 1916.0 1796.0 1893.0 1914.0 1840.0 1925.0 1863.0 large-vehicle 0
1818.0 1940.0 1810.0 1920.0 1922.0 1870.0 1932.0 1888.0 large-vehicle 0
1831.0 1969.0 1822.0 1947.0 1938.0 1902.0 1946.0 1922.0 large-vehicle 0
1831.0 2024.0 1824.0 2001.0 1951.0 1958.0 1958.0 1978.0 large-vehicle 0
1834.0 2078.0 1827.0 2053.0 1943.0 2017.0 1949.0 2038.0 large-vehicle 0
1849.0 2101.0 1843.0 2079.0 1963.0 2046.0 1970.0 2072.0 large-vehicle 0
1861.0 2132.0 1859.0 2111.0 1971.0 2083.0 1978.0 2103.0 large-vehicle 0
407.0 638.0 413.0 673.0 427.0 671.0 421.0 636.0 small-vehicle 1
449.0 631.0 465.0 631.0 469.0 665.0 453.0 667.0 small-vehicle 1
490.0 626.0 504.0 624.0 508.0 657.0 496.0 659.0 small-vehicle 1
532.0 624.0 551.0 622.0 555.0 653.0 538.0 655.0 small-vehicle 1
688.0 1000.0 699.0 1007.0 683.0 1034.0 673.0 1026.0 small-vehicle 1
376.0 938.0 392.0 937.0 397.0 969.0 382.0 971.0 small-vehicle 1
320.0 940.0 337.0 939.0 339.0 973.0 323.0 974.0 small-vehicle 1
170.0 2483.0 173.0 2498.0 144.0 2507.0 140.0 2492.0 small-vehicle 1
198.0 2586.0 202.0 2600.0 172.0 2607.0 169.0 2591.0 small-vehicle 1
255.0 2835.0 257.0 2849.0 231.0 2855.0 229.0 2840.0 small-vehicle 1
270.0 2862.0 272.0 2876.0 241.0 2882.0 239.0 2866.0 small-vehicle 1
277.0 2881.0 281.0 2895.0 251.0 2904.0 248.0 2888.0 small-vehicle 1
308.0 2996.0 313.0 3010.0 283.0 3018.0 279.0 3004.0 small-vehicle 1
235.0 3119.0 248.0 3116.0 255.0 3147.0 242.0 3150.0 small-vehicle 1
499.0 682.0 480.0 684.0 468.0 624.0 488.0 620.0 large-vehicle 0
