imagesource:GoogleEarth
gsd:0.134129652533
1424.0 2450.0 1405.0 2461.0 1386.0 2431.0 1404.0 2418.0 small-vehicle 0
1206.0 2643.0 1197.0 2623.0 1310.0 2566.0 1322.0 2584.0 large-vehicle 0
1608.0 3313.0 1586.0 3325.0 1532.0 3213.0 1551.0 3203.0 large-vehicle 0
1235.0 2888.0 1229.0 2867.0 1335.0 2809.0 1350.0 2828.0 large-vehicle 0
1452.0 2886.0 1429.0 2883.0 1423.0 2761.0 1448.0 2758.0 large-vehicle 0
1236.0 2860.0 1226.0 2840.0 1339.0 2780.0 1350.0 2798.0 large-vehicle 0
1233.0 2831.0 1224.0 2812.0 1332.0 2756.0 1342.0 2773.0 large-vehicle 0
1227.0 2805.0 1218.0 2784.0 1332.0 2727.0 1342.0 2747.0 large-vehicle 0
1226.0 2777.0 1217.0 2758.0 1329.0 2703.0 1337.0 2719.0 large-vehicle 0
1217.0 2754.0 1207.0 2735.0 1321.0 2678.0 1334.0 2696.0 large-vehicle 0
1218.0 2726.0 1206.0 2704.0 1322.0 2646.0 1334.0 2664.0 large-vehicle 0
1209.0 2699.0 1200.0 2679.0 1314.0 2621.0 1328.0 2639.0 large-vehicle 0
1210.0 2670.0 1202.0 2649.0 1315.0 2592.0 1324.0 2607.0 large-vehicle 0
1044.0 2663.0 1036.0 2679.0 963.0 2640.0 973.0 2619.0 large-vehicle 0
1420.0 723.0 1418.0 746.0 1319.0 726.0 1327.0 705.0 large-vehicle 0
1063.0 2638.0 1051.0 2658.0 977.0 2618.0 987.0 2596.0 large-vehicle 0
1076.0 2618.0 1068.0 2636.0 995.0 2600.0 1006.0 2580.0 large-vehicle 0
1097.0 2570.0 1087.0 2587.0 1026.0 2554.0 1035.0 2530.0 large-vehicle 0
1196.0 2594.0 1189.0 2574.0 1299.0 2520.0 1308.0 2536.0 large-vehicle 0
1194.0 2568.0 1185.0 2546.0 1295.0 2490.0 1306.0 2508.0 large-vehicle 0
1186.0 2541.0 1177.0 2519.0 1287.0 2464.0 1296.0 2483.0 large-vehicle 0
1130.0 2540.0 1117.0 2524.0 1208.0 2440.0 1226.0 2457.0 large-vehicle 0
1332.0 1119.0 1327.0 1140.0 1222.0 1115.0 1228.0 1092.0 large-vehicle 0
1340.0 1083.0 1336.0 1107.0 1230.0 1084.0 1234.0 1058.0 large-vehicle 0
1362.0 982.0 1356.0 1008.0 1254.0 984.0 1258.0 958.0 large-vehicle 0
1384.0 889.0 1378.0 910.0 1275.0 887.0 1276.0 864.0 large-vehicle 0
1368.0 3204.0 1395.0 3199.0 1413.0 3323.0 1388.0 3323.0 large-vehicle 0
1342.0 3207.0 1366.0 3202.0 1387.0 3328.0 1360.0 3330.0 large-vehicle 0
1318.0 3211.0 1341.0 3209.0 1361.0 3331.0 1339.0 3334.0 large-vehicle 0
1292.0 3217.0 1319.0 3216.0 1337.0 3336.0 1313.0 3339.0 large-vehicle 0
752.0 667.0 734.0 662.0 747.0 594.0 768.0 600.0 large-vehicle 0
947.0 500.0 944.0 519.0 882.0 506.0 887.0 482.0 large-vehicle 0
949.0 522.0 954.0 498.0 1016.0 516.0 1011.0 537.0 large-vehicle 0
915.0 547.0 917.0 524.0 958.0 535.0 954.0 550.0 large-vehicle 0
956.0 553.0 961.0 533.0 1004.0 546.0 999.0 558.0 large-vehicle 0
921.0 610.0 926.0 584.0 990.0 599.0 986.0 619.0 large-vehicle 0
874.0 567.0 881.0 550.0 927.0 557.0 923.0 575.0 large-vehicle 0
866.0 626.0 870.0 604.0 945.0 620.0 940.0 643.0 large-vehicle 0
835.0 787.0 839.0 763.0 966.0 795.0 960.0 816.0 large-vehicle 0
816.0 887.0 819.0 863.0 940.0 891.0 936.0 914.0 large-vehicle 0
799.0 950.0 810.0 931.0 925.0 957.0 920.0 980.0 large-vehicle 0
774.0 1053.0 782.0 1028.0 903.0 1058.0 899.0 1078.0 large-vehicle 0
758.0 1087.0 762.0 1060.0 882.0 1083.0 875.0 1108.0 large-vehicle 0
724.0 815.0 702.0 810.0 728.0 688.0 752.0 692.0 large-vehicle 0
114.0 3612.0 91.0 3605.0 97.0 3560.0 120.0 3561.0 large-vehicle 0
90.0 3605.0 70.0 3601.0 74.0 3556.0 98.0 3558.0 large-vehicle 0
1105.0 3246.0 1131.0 3243.0 1152.0 3365.0 1125.0 3367.0 large-vehicle 0
1135.0 3243.0 1161.0 3244.0 1180.0 3357.0 1155.0 3362.0 large-vehicle 0
1166.0 3238.0 1188.0 3238.0 1210.0 3357.0 1183.0 3359.0 large-vehicle 0
1195.0 3232.0 1216.0 3234.0 1236.0 3352.0 1211.0 3353.0 large-vehicle 0
1218.0 3230.0 1241.0 3227.0 1260.0 3347.0 1234.0 3348.0 large-vehicle 0
1243.0 3222.0 1265.0 3221.0 1284.0 3339.0 1260.0 3344.0 large-vehicle 0
1268.0 3221.0 1291.0 3218.0 1311.0 3338.0 1286.0 3341.0 large-vehicle 0
1416.0 754.0 1411.0 778.0 1300.0 752.0 1306.0 728.0 large-vehicle 0
1430.0 695.0 1427.0 716.0 1307.0 694.0 1312.0 671.0 large-vehicle 0
1663.0 642.0 1659.0 661.0 1618.0 648.0 1623.0 633.0 small-vehicle 0
894.0 3329.0 897.0 3349.0 864.0 3353.0 861.0 3334.0 small-vehicle 1
433.0 3010.0 416.0 3002.0 430.0 2976.0 445.0 2982.0 small-vehicle 1
632.0 2783.0 637.0 2769.0 671.0 2787.0 664.0 2802.0 small-vehicle 1
612.0 2827.0 618.0 2814.0 648.0 2832.0 642.0 2844.0 small-vehicle 1
604.0 2845.0 609.0 2833.0 640.0 2848.0 635.0 2860.0 small-vehicle 1
587.0 2886.0 594.0 2870.0 623.0 2885.0 617.0 2900.0 small-vehicle 1
768.0 3226.0 764.0 3242.0 728.0 3232.0 732.0 3216.0 small-vehicle 1
762.0 3274.0 765.0 3290.0 728.0 3295.0 724.0 3279.0 small-vehicle 1
762.0 3296.0 764.0 3315.0 731.0 3319.0 728.0 3301.0 small-vehicle 1
779.0 3386.0 783.0 3405.0 752.0 3409.0 749.0 3391.0 small-vehicle 1
767.0 3350.0 770.0 3369.0 739.0 3373.0 737.0 3354.0 small-vehicle 1
770.0 3330.0 772.0 3348.0 736.0 3351.0 734.0 3334.0 small-vehicle 1
879.0 3251.0 881.0 3267.0 845.0 3274.0 841.0 3258.0 small-vehicle 1
1448.0 672.0 1442.0 691.0 1324.0 662.0 1330.0 641.0 large-vehicle 0
981.0 3352.0 985.0 3370.0 952.0 3376.0 949.0 3358.0 small-vehicle 1
860.0 3354.0 862.0 3373.0 826.0 3379.0 823.0 3359.0 small-vehicle 1
909.0 3384.0 912.0 3404.0 872.0 3410.0 870.0 3391.0 small-vehicle 1
964.0 3249.0 985.0 3246.0 995.0 3292.0 972.0 3296.0 large-vehicle 0
987.0 3240.0 1013.0 3237.0 1020.0 3284.0 996.0 3289.0 large-vehicle 0
998.0 3289.0 1022.0 3287.0 1030.0 3337.0 1005.0 3340.0 large-vehicle 0
974.0 3296.0 995.0 3292.0 1007.0 3343.0 981.0 3347.0 large-vehicle 0
1008.0 3343.0 1031.0 3339.0 1041.0 3381.0 1017.0 3385.0 large-vehicle 0
984.0 3347.0 1005.0 3343.0 1014.0 3385.0 990.0 3390.0 large-vehicle 0
1883.0 3654.0 1890.0 3640.0 1915.0 3659.0 1906.0 3670.0 small-vehicle 1
1920.0 3678.0 1929.0 3669.0 1956.0 3690.0 1949.0 3700.0 small-vehicle 1
82.0 2854.0 99.0 2818.0 115.0 2826.0 98.0 2860.0 small-vehicle 1
922.0 2762.0 930.0 2746.0 967.0 2765.0 959.0 2781.0 small-vehicle 0
986.0 2714.0 998.0 2699.0 1032.0 2722.0 1024.0 2737.0 small-vehicle 0
1016.0 2810.0 1024.0 2792.0 1058.0 2808.0 1051.0 2826.0 small-vehicle 0
916.0 525.0 911.0 546.0 846.0 530.0 853.0 507.0 large-vehicle 0
1242.0 2048.0 1529.0 2048.0 1529.0 2342.0 1242.0 2342.0 roundabout 0
705.0 1129.0 710.0 1104.0 817.0 1130.0 811.0 1154.0 large-vehicle 0
596.0 3235.0 613.0 3241.0 605.0 3271.0 588.0 3266.0 small-vehicle 0
644.0 3186.0 661.0 3192.0 650.0 3220.0 634.0 3215.0 small-vehicle 0
405.0 2993.0 389.0 2984.0 405.0 2955.0 420.0 2962.0 small-vehicle 0
310.0 3013.0 331.0 3024.0 316.0 3055.0 294.0 3045.0 small-vehicle 0
1366.0 2373.0 1352.0 2386.0 1329.0 2360.0 1342.0 2347.0 small-vehicle 0
1221.0 2186.0 1207.0 2173.0 1228.0 2147.0 1242.0 2158.0 small-vehicle 0
1483.0 2861.0 1464.0 2863.0 1459.0 2823.0 1478.0 2820.0 small-vehicle 0
1529.0 3070.0 1511.0 3078.0 1499.0 3049.0 1516.0 3041.0 small-vehicle 0
1555.0 1074.0 1552.0 1091.0 1522.0 1084.0 1527.0 1069.0 small-vehicle 0
1598.0 895.0 1593.0 913.0 1564.0 908.0 1567.0 888.0 small-vehicle 0
1541.0 1143.0 1538.0 1161.0 1507.0 1155.0 1512.0 1136.0 small-vehicle 0
1535.0 1179.0 1530.0 1197.0 1498.0 1191.0 1502.0 1171.0 small-vehicle 0
1528.0 1235.0 1523.0 1259.0 1486.0 1251.0 1491.0 1228.0 small-vehicle 0
1530.0 1198.0 1526.0 1216.0 1496.0 1208.0 1500.0 1192.0 small-vehicle 0
1655.0 1079.0 1648.0 1098.0 1607.0 1087.0 1613.0 1068.0 large-vehicle 0
1646.0 1115.0 1640.0 1135.0 1599.0 1126.0 1605.0 1107.0 large-vehicle 0
1600.0 1145.0 1604.0 1128.0 1644.0 1137.0 1641.0 1155.0 large-vehicle 0
1575.0 1235.0 1580.0 1215.0 1623.0 1224.0 1619.0 1242.0 large-vehicle 0
1574.0 1272.0 1578.0 1255.0 1611.0 1263.0 1608.0 1279.0 large-vehicle 0
1896.0 2250.0 1897.0 2236.0 1932.0 2244.0 1930.0 2258.0 small-vehicle 0
895.0 482.0 900.0 457.0 1020.0 480.0 1017.0 500.0 large-vehicle 0
