imagesource:GoogleEarth
gsd:0.131917408845
2395.0 2699.0 2415.0 2700.0 2413.0 2733.0 2393.0 2732.0 small-vehicle 0
1762.0 2196.0 1751.0 2217.0 1642.0 2152.0 1656.0 2128.0 large-vehicle 0
1862.0 3571.0 1861.0 3590.0 1784.0 3586.0 1784.0 3561.0 large-vehicle 0
1727.0 3559.0 1753.0 3557.0 1769.0 3633.0 1740.0 3637.0 large-vehicle 0
1454.0 3536.0 1455.0 3511.0 1585.0 3516.0 1582.0 3543.0 large-vehicle 0
1379.0 3379.0 1377.0 3356.0 1511.0 3361.0 1511.0 3384.0 large-vehicle 0
1377.0 3411.0 1379.0 3387.0 1510.0 3394.0 1511.0 3413.0 large-vehicle 0
1699.0 3114.0 1731.0 3118.0 1721.0 3235.0 1692.0 3233.0 large-vehicle 0
1666.0 3115.0 1691.0 3114.0 1685.0 3233.0 1660.0 3228.0 large-vehicle 0
1633.0 3113.0 1658.0 3114.0 1651.0 3235.0 1630.0 3231.0 large-vehicle 0
1501.0 2883.0 1528.0 2884.0 1526.0 3010.0 1500.0 3008.0 large-vehicle 0
1474.0 2883.0 1499.0 2883.0 1500.0 3011.0 1478.0 3009.0 large-vehicle 0
1908.0 2579.0 1882.0 2571.0 1925.0 2451.0 1953.0 2459.0 large-vehicle 0
2001.0 2374.0 1994.0 2353.0 2111.0 2284.0 2126.0 2306.0 large-vehicle 0
2038.0 2186.0 2022.0 2170.0 2102.0 2074.0 2120.0 2085.0 large-vehicle 0
2051.0 2130.0 2031.0 2116.0 2093.0 2003.0 2115.0 2016.0 large-vehicle 0
2122.0 1777.0 2103.0 1776.0 2103.0 1654.0 2127.0 1652.0 large-vehicle 0
1476.0 2271.0 1472.0 2293.0 1419.0 2291.0 1419.0 2270.0 large-vehicle 0
1299.0 2267.0 1299.0 2287.0 1240.0 2285.0 1242.0 2263.0 large-vehicle 0
1234.0 2266.0 1233.0 2286.0 1169.0 2282.0 1171.0 2260.0 large-vehicle 0
1870.0 2207.0 1861.0 2223.0 1756.0 2158.0 1770.0 2139.0 large-vehicle 0
1858.0 3592.0 1857.0 3616.0 1779.0 3612.0 1783.0 3588.0 large-vehicle 0
1867.0 3556.0 1892.0 3558.0 1890.0 3636.0 1860.0 3636.0 large-vehicle 0
1894.0 3559.0 1918.0 3561.0 1918.0 3637.0 1890.0 3636.0 large-vehicle 0
514.0 2391.0 536.0 2384.0 579.0 2504.0 557.0 2509.0 large-vehicle 0
1058.0 2758.0 1062.0 2742.0 1100.0 2750.0 1097.0 2764.0 small-vehicle 0
174.0 1150.0 173.0 1136.0 211.0 1129.0 213.0 1142.0 small-vehicle 0
74.0 1166.0 73.0 1152.0 108.0 1147.0 110.0 1160.0 small-vehicle 0
567.0 3771.0 551.0 3765.0 562.0 3724.0 584.0 3732.0 large-vehicle 0
1330.0 3444.0 1359.0 3444.0 1362.0 3569.0 1333.0 3571.0 large-vehicle 0
1306.0 3447.0 1331.0 3448.0 1333.0 3570.0 1308.0 3570.0 large-vehicle 0
1280.0 3443.0 1306.0 3443.0 1305.0 3563.0 1283.0 3562.0 large-vehicle 0
856.0 2754.0 856.0 2731.0 992.0 2744.0 986.0 2767.0 large-vehicle 0
2186.0 3991.0 2205.0 3998.0 2185.0 4038.0 2166.0 4030.0 large-vehicle 0
1917.0 3558.0 1941.0 3558.0 1945.0 3637.0 1920.0 3638.0 large-vehicle 0
1703.0 3975.0 1672.0 3973.0 1673.0 3926.0 1706.0 3929.0 large-vehicle 0
1668.0 3975.0 1639.0 3974.0 1640.0 3924.0 1668.0 3925.0 large-vehicle 0
1629.0 3975.0 1600.0 3972.0 1602.0 3923.0 1632.0 3922.0 large-vehicle 0
1559.0 3974.0 1539.0 3972.0 1543.0 3923.0 1567.0 3924.0 large-vehicle 0
1535.0 3984.0 1510.0 3982.0 1517.0 3923.0 1543.0 3926.0 large-vehicle 0
1507.0 3983.0 1483.0 3980.0 1486.0 3918.0 1517.0 3921.0 large-vehicle 0
1483.0 3983.0 1459.0 3982.0 1461.0 3920.0 1484.0 3918.0 large-vehicle 0
1419.0 3541.0 1391.0 3540.0 1391.0 3476.0 1422.0 3477.0 large-vehicle 0
1809.0 2195.0 1801.0 2214.0 1692.0 2147.0 1702.0 2128.0 large-vehicle 0
1656.0 2195.0 1644.0 2213.0 1536.0 2151.0 1548.0 2127.0 large-vehicle 0
1315.0 2787.0 1316.0 2770.0 1359.0 2775.0 1357.0 2791.0 small-vehicle 0
1496.0 2194.0 1484.0 2212.0 1381.0 2143.0 1392.0 2124.0 large-vehicle 0
1588.0 506.0 1576.0 493.0 1613.0 462.0 1626.0 475.0 large-vehicle 0
1560.0 489.0 1548.0 469.0 1638.0 387.0 1656.0 404.0 large-vehicle 0
1049.0 1578.0 1046.0 1600.0 935.0 1596.0 934.0 1575.0 large-vehicle 0
1064.0 2176.0 1054.0 2195.0 945.0 2132.0 955.0 2111.0 large-vehicle 0
992.0 2166.0 983.0 2186.0 904.0 2142.0 914.0 2119.0 large-vehicle 0
948.0 2170.0 938.0 2190.0 856.0 2140.0 865.0 2120.0 large-vehicle 0
909.0 2176.0 899.0 2193.0 793.0 2132.0 807.0 2108.0 large-vehicle 0
836.0 2166.0 824.0 2185.0 718.0 2118.0 730.0 2094.0 large-vehicle 0
788.0 2171.0 778.0 2187.0 670.0 2125.0 681.0 2103.0 large-vehicle 0
879.0 1944.0 891.0 1963.0 788.0 2021.0 776.0 2003.0 large-vehicle 0
925.0 1812.0 936.0 1828.0 832.0 1883.0 821.0 1864.0 large-vehicle 0
651.0 1943.0 663.0 1962.0 550.0 2023.0 539.0 2003.0 large-vehicle 0
842.0 1795.0 851.0 1812.0 744.0 1873.0 732.0 1852.0 large-vehicle 0
727.0 1792.0 740.0 1809.0 629.0 1870.0 620.0 1851.0 large-vehicle 0
676.0 1791.0 684.0 1812.0 580.0 1868.0 567.0 1848.0 large-vehicle 0
850.0 1646.0 860.0 1664.0 752.0 1726.0 744.0 1704.0 large-vehicle 0
738.0 1646.0 746.0 1664.0 638.0 1722.0 628.0 1703.0 large-vehicle 0
704.0 1630.0 715.0 1650.0 606.0 1710.0 595.0 1692.0 large-vehicle 0
660.0 1038.0 668.0 1057.0 551.0 1096.0 542.0 1075.0 large-vehicle 0
1745.0 362.0 1731.0 348.0 1770.0 313.0 1781.0 328.0 large-vehicle 0
1090.0 1636.0 1100.0 1653.0 983.0 1716.0 972.0 1699.0 large-vehicle 0
1110.0 1654.0 1120.0 1674.0 1015.0 1731.0 1006.0 1710.0 large-vehicle 0
1387.0 1971.0 1399.0 1994.0 1299.0 2057.0 1287.0 2036.0 large-vehicle 0
1443.0 2194.0 1431.0 2213.0 1331.0 2142.0 1343.0 2121.0 large-vehicle 0
1388.0 2188.0 1375.0 2209.0 1272.0 2140.0 1285.0 2118.0 large-vehicle 0
1327.0 2180.0 1314.0 2202.0 1210.0 2133.0 1223.0 2113.0 large-vehicle 0
1268.0 2177.0 1259.0 2196.0 1158.0 2130.0 1170.0 2108.0 large-vehicle 0
1224.0 2184.0 1212.0 2201.0 1108.0 2132.0 1120.0 2109.0 large-vehicle 0
1168.0 2180.0 1157.0 2195.0 1050.0 2126.0 1063.0 2106.0 large-vehicle 0
1686.0 1994.0 1698.0 2015.0 1590.0 2073.0 1582.0 2053.0 large-vehicle 0
1660.0 1979.0 1671.0 1999.0 1564.0 2060.0 1552.0 2040.0 large-vehicle 0
1778.0 1831.0 1786.0 1848.0 1682.0 1910.0 1669.0 1887.0 large-vehicle 0
1166.0 1653.0 1178.0 1675.0 1070.0 1736.0 1056.0 1715.0 large-vehicle 0
1395.0 1826.0 1404.0 1844.0 1292.0 1907.0 1285.0 1887.0 large-vehicle 0
988.0 1803.0 998.0 1823.0 890.0 1886.0 878.0 1866.0 large-vehicle 0
1703.0 1671.0 1710.0 1687.0 1599.0 1748.0 1588.0 1728.0 large-vehicle 0
1532.0 1669.0 1542.0 1691.0 1435.0 1746.0 1423.0 1725.0 large-vehicle 0
1492.0 1657.0 1503.0 1679.0 1394.0 1738.0 1383.0 1717.0 large-vehicle 0
1372.0 1661.0 1384.0 1679.0 1279.0 1742.0 1266.0 1720.0 large-vehicle 0
1315.0 1662.0 1328.0 1683.0 1223.0 1743.0 1210.0 1722.0 large-vehicle 0
1280.0 1652.0 1292.0 1672.0 1168.0 1740.0 1156.0 1721.0 large-vehicle 0
1190.0 2774.0 1192.0 2759.0 1232.0 2765.0 1229.0 2781.0 small-vehicle 0
296.0 1123.0 292.0 1106.0 328.0 1099.0 331.0 1115.0 small-vehicle 0
2424.0 2937.0 2447.0 2940.0 2446.0 2971.0 2423.0 2971.0 small-vehicle 0
1941.0 3169.0 1943.0 3150.0 1981.0 3153.0 1982.0 3170.0 small-vehicle 0
1140.0 1960.0 1151.0 1980.0 995.0 2058.0 985.0 2036.0 large-vehicle 0
1515.0 2337.0 1492.0 2337.0 1492.0 2305.0 1515.0 2305.0 small-vehicle 0
1430.0 2427.0 1412.0 2425.0 1414.0 2396.0 1432.0 2396.0 small-vehicle 0
1130.0 2288.0 1149.0 2288.0 1148.0 2321.0 1128.0 2320.0 small-vehicle 0
632.0 2113.0 619.0 2128.0 595.0 2104.0 609.0 2090.0 small-vehicle 0
462.0 3631.0 465.0 3613.0 501.0 3618.0 499.0 3635.0 small-vehicle 0
459.0 3649.0 463.0 3631.0 505.0 3638.0 503.0 3657.0 small-vehicle 0
1444.0 4053.0 1444.0 4035.0 1478.0 4035.0 1478.0 4053.0 small-vehicle 0
1394.0 2392.0 1414.0 2393.0 1412.0 2431.0 1392.0 2429.0 small-vehicle 0
1340.0 2395.0 1359.0 2396.0 1357.0 2425.0 1338.0 2423.0 small-vehicle 0
1123.0 2382.0 1142.0 2384.0 1141.0 2415.0 1122.0 2416.0 small-vehicle 0
1998.0 2329.0 1974.0 2360.0 1867.0 2287.0 1890.0 2253.0 large-vehicle 0
2108.0 7.0 2123.0 18.0 2103.0 38.0 2090.0 26.0 small-vehicle 0
1957.0 110.0 1940.0 99.0 1962.0 73.0 1978.0 84.0 small-vehicle 0
1972.0 128.0 1955.0 114.0 1978.0 87.0 1996.0 101.0 small-vehicle 0
2272.0 2612.0 2271.0 2631.0 2228.0 2628.0 2228.0 2608.0 small-vehicle 0
1880.0 2741.0 1901.0 2735.0 1915.0 2770.0 1895.0 2777.0 small-vehicle 0
1939.0 2823.0 1935.0 2838.0 1898.0 2828.0 1902.0 2812.0 small-vehicle 0
1945.0 3220.0 1945.0 3202.0 1978.0 3205.0 1979.0 3222.0 small-vehicle 0
1205.0 1951.0 1215.0 1970.0 1072.0 2049.0 1062.0 2031.0 large-vehicle 0
1244.0 1817.0 1255.0 1834.0 1110.0 1909.0 1102.0 1891.0 large-vehicle 0
1295.0 1819.0 1306.0 1839.0 1167.0 1914.0 1156.0 1895.0 large-vehicle 0
2414.0 4018.0 2429.0 4024.0 2418.0 4051.0 2401.0 4044.0 small-vehicle 0
2426.0 3126.0 2426.0 3108.0 2466.0 3108.0 2466.0 3128.0 small-vehicle 0
2263.0 3193.0 2262.0 3173.0 2300.0 3176.0 2299.0 3195.0 small-vehicle 0
2458.0 3168.0 2456.0 3190.0 2420.0 3187.0 2420.0 3166.0 small-vehicle 0
2366.0 3097.0 2366.0 3117.0 2323.0 3116.0 2324.0 3096.0 small-vehicle 0
2410.0 3105.0 2410.0 3085.0 2463.0 3085.0 2463.0 3105.0 small-vehicle 0
2216.0 3078.0 2216.0 3096.0 2178.0 3092.0 2179.0 3075.0 small-vehicle 0
2445.0 3552.0 2462.0 3556.0 2456.0 3587.0 2438.0 3582.0 small-vehicle 0
2390.0 3539.0 2408.0 3544.0 2403.0 3574.0 2385.0 3569.0 small-vehicle 0
2398.0 4010.0 2414.0 4018.0 2398.0 4046.0 2382.0 4037.0 small-vehicle 0
1621.0 1822.0 1633.0 1843.0 1489.0 1919.0 1480.0 1899.0 large-vehicle 0
2347.0 3991.0 2365.0 4001.0 2350.0 4030.0 2332.0 4021.0 small-vehicle 0
2329.0 3977.0 2346.0 3986.0 2331.0 4016.0 2314.0 4007.0 small-vehicle 0
2336.0 3019.0 2335.0 3036.0 2294.0 3035.0 2294.0 3017.0 small-vehicle 0
2034.0 2822.0 2056.0 2822.0 2056.0 2855.0 2035.0 2855.0 small-vehicle 0
2242.0 2931.0 2265.0 2932.0 2263.0 2964.0 2239.0 2963.0 small-vehicle 0
2101.0 2123.0 2120.0 2142.0 2017.0 2250.0 1999.0 2234.0 large-vehicle 0
1795.0 1673.0 1805.0 1690.0 1660.0 1768.0 1651.0 1749.0 large-vehicle 0
1576.0 1817.0 1588.0 1840.0 1433.0 1919.0 1421.0 1894.0 large-vehicle 0
1943.0 3146.0 1943.0 3126.0 1983.0 3129.0 1981.0 3149.0 small-vehicle 0
1803.0 3140.0 1785.0 3139.0 1789.0 3103.0 1807.0 3105.0 small-vehicle 0
344.0 1129.0 348.0 1146.0 312.0 1155.0 308.0 1139.0 small-vehicle 0
1789.0 3034.0 1772.0 3033.0 1773.0 2997.0 1791.0 2998.0 small-vehicle 0
1589.0 520.0 1601.0 533.0 1568.0 557.0 1560.0 542.0 small-vehicle 0
1521.0 557.0 1508.0 543.0 1535.0 521.0 1547.0 536.0 small-vehicle 0
1370.0 631.0 1355.0 611.0 1465.0 531.0 1481.0 553.0 large-vehicle 0
1460.0 610.0 1473.0 628.0 1441.0 649.0 1428.0 631.0 small-vehicle 0
1371.0 662.0 1361.0 647.0 1389.0 628.0 1400.0 644.0 small-vehicle 0
1333.0 705.0 1342.0 720.0 1314.0 739.0 1303.0 723.0 small-vehicle 0
1237.0 764.0 1247.0 780.0 1204.0 805.0 1195.0 789.0 small-vehicle 0
1105.0 838.0 1113.0 855.0 1080.0 873.0 1070.0 857.0 small-vehicle 0
1298.0 704.0 1287.0 688.0 1320.0 665.0 1333.0 683.0 small-vehicle 0
1207.0 761.0 1195.0 745.0 1231.0 722.0 1241.0 738.0 small-vehicle 0
1119.0 812.0 1110.0 795.0 1144.0 775.0 1152.0 793.0 small-vehicle 0
1050.0 849.0 1042.0 834.0 1072.0 819.0 1080.0 834.0 small-vehicle 0
864.0 959.0 870.0 976.0 834.0 987.0 830.0 970.0 small-vehicle 0
887.0 929.0 882.0 914.0 915.0 901.0 921.0 915.0 small-vehicle 0
775.0 975.0 770.0 959.0 799.0 950.0 804.0 964.0 small-vehicle 0
725.0 998.0 717.0 981.0 752.0 968.0 759.0 984.0 small-vehicle 0
635.0 1025.0 627.0 1008.0 669.0 992.0 676.0 1009.0 small-vehicle 0
465.0 1098.0 469.0 1114.0 439.0 1122.0 436.0 1106.0 small-vehicle 0
173.0 1171.0 176.0 1187.0 145.0 1193.0 141.0 1177.0 small-vehicle 0
1670.0 452.0 1683.0 465.0 1655.0 490.0 1642.0 477.0 small-vehicle 0
1688.0 411.0 1673.0 396.0 1698.0 372.0 1713.0 386.0 small-vehicle 0
1798.0 314.0 1786.0 300.0 1808.0 277.0 1821.0 290.0 small-vehicle 0
1506.0 2431.0 1486.0 2430.0 1487.0 2397.0 1507.0 2398.0 small-vehicle 0
1865.0 3096.0 1866.0 3076.0 1903.0 3079.0 1903.0 3098.0 small-vehicle 0
2038.0 3161.0 2015.0 3161.0 2015.0 3120.0 2038.0 3120.0 small-vehicle 0
1868.0 3063.0 1868.0 3048.0 1899.0 3048.0 1898.0 3064.0 small-vehicle 0
1860.0 3176.0 1861.0 3156.0 1896.0 3160.0 1895.0 3179.0 small-vehicle 0
1941.0 3241.0 1942.0 3223.0 1977.0 3228.0 1975.0 3245.0 small-vehicle 0
1877.0 3324.0 1877.0 3342.0 1840.0 3341.0 1840.0 3321.0 small-vehicle 0
2036.0 2727.0 2055.0 2740.0 2034.0 2767.0 2016.0 2755.0 small-vehicle 0
1654.0 2799.0 1655.0 2781.0 1691.0 2786.0 1687.0 2804.0 small-vehicle 0
1449.0 2432.0 1432.0 2431.0 1434.0 2402.0 1452.0 2402.0 small-vehicle 0
1808.0 318.0 1828.0 336.0 1793.0 371.0 1775.0 351.0 small-vehicle 0
1653.0 2402.0 1674.0 2402.0 1671.0 2436.0 1651.0 2436.0 small-vehicle 0
1775.0 2445.0 1757.0 2445.0 1757.0 2410.0 1775.0 2409.0 small-vehicle 0
1691.0 2018.0 1743.0 1996.0 1751.0 2017.0 1701.0 2041.0 small-vehicle 0
1286.0 2294.0 1304.0 2295.0 1303.0 2327.0 1284.0 2325.0 small-vehicle 0
1940.0 153.0 1923.0 140.0 1943.0 114.0 1960.0 125.0 small-vehicle 0
2034.0 93.0 2051.0 105.0 2027.0 130.0 2011.0 118.0 small-vehicle 0
1952.0 180.0 1968.0 195.0 1945.0 220.0 1928.0 205.0 small-vehicle 0
1863.0 238.0 1851.0 224.0 1876.0 197.0 1890.0 212.0 small-vehicle 0
470.0 1086.0 465.0 1063.0 588.0 1024.0 597.0 1044.0 large-vehicle 0
