imagesource:GoogleEarth
gsd:0.922350089947
2558.0 2454.0 2588.0 2456.0 2589.0 2472.0 2556.0 2470.0 basketball-court 0
1950.0 2044.0 1912.0 2054.0 1899.0 2006.0 1940.0 1994.0 plane 0
2693.0 1900.0 2682.0 1858.0 2728.0 1847.0 2741.0 1884.0 plane 0
2562.0 1840.0 2519.0 1848.0 2507.0 1805.0 2547.0 1792.0 plane 0
2435.0 1903.0 2392.0 1913.0 2380.0 1867.0 2424.0 1858.0 plane 0
2308.0 1944.0 2269.0 1954.0 2258.0 1908.0 2295.0 1898.0 plane 0
1597.0 1994.0 1605.0 2042.0 1561.0 2043.0 1560.0 2002.0 plane 0
2102.0 2006.0 2061.0 2017.0 2044.0 1968.0 2089.0 1957.0 plane 0
2229.0 1904.0 2190.0 1904.0 2184.0 1859.0 2226.0 1855.0 plane 0
2100.0 1871.0 2108.0 1906.0 2059.0 1919.0 2052.0 1876.0 plane 0
2027.0 2027.0 1992.0 2038.0 1978.0 1994.0 2017.0 1983.0 plane 0
1487.0 2196.0 1448.0 2207.0 1430.0 2157.0 1474.0 2141.0 plane 0
2922.0 1733.0 2880.0 1742.0 2864.0 1690.0 2908.0 1678.0 plane 0
1626.0 2153.0 1584.0 2167.0 1566.0 2108.0 1610.0 2098.0 plane 0
1722.0 2268.0 1759.0 2268.0 1763.0 2315.0 1719.0 2317.0 plane 0
1743.0 2621.0 1779.0 2632.0 1769.0 2677.0 1724.0 2666.0 plane 0
1675.0 2617.0 1712.0 2629.0 1701.0 2675.0 1660.0 2658.0 plane 0
1594.0 2618.0 1627.0 2628.0 1616.0 2674.0 1571.0 2660.0 plane 0
1481.0 2512.0 1445.0 2511.0 1445.0 2465.0 1480.0 2465.0 plane 0
892.0 2178.0 904.0 2140.0 943.0 2150.0 933.0 2190.0 plane 0
806.0 2205.0 814.0 2170.0 861.0 2177.0 855.0 2216.0 plane 0
4279.0 794.0 4267.0 734.0 4318.0 724.0 4327.0 773.0 plane 0
2707.0 1957.0 2696.0 1915.0 2743.0 1905.0 2756.0 1944.0 plane 0
2969.0 1715.0 2927.0 1724.0 2916.0 1676.0 2958.0 1665.0 plane 0
2417.0 2556.0 2446.0 2548.0 2452.0 2562.0 2420.0 2572.0 basketball-court 0
3566.0 1350.0 3593.0 1343.0 3608.0 1383.0 3571.0 1392.0 plane 0
3178.0 3267.0 3320.0 3285.0 3311.0 3322.0 3170.0 3321.0 ground-track-field 1
3237.0 3178.0 3254.0 3178.0 3253.0 3209.0 3234.0 3207.0 basketball-court 0
3218.0 3176.0 3235.0 3177.0 3234.0 3208.0 3217.0 3208.0 basketball-court 0
3201.0 3175.0 3218.0 3175.0 3217.0 3208.0 3200.0 3208.0 basketball-court 0
3183.0 3175.0 3200.0 3175.0 3199.0 3208.0 3181.0 3206.0 basketball-court 0
3642.0 2661.0 3747.0 2646.0 3786.0 2846.0 3682.0 2856.0 ground-track-field 0
4027.0 2159.0 4117.0 2237.0 4067.0 2295.0 3976.0 2214.0 soccer-ball-field 0
4012.0 2117.0 4151.0 2245.0 4084.0 2330.0 3934.0 2204.0 ground-track-field 0
3284.0 1631.0 3248.0 1638.0 3232.0 1593.0 3275.0 1583.0 plane 0
5000.0 944.0 5030.0 936.0 5041.0 975.0 5010.0 984.0 plane 0
3037.0 1707.0 2988.0 1719.0 2972.0 1663.0 3020.0 1652.0 plane 0
5251.0 1082.0 5213.0 1091.0 5196.0 1045.0 5240.0 1032.0 plane 0
5166.0 1070.0 5140.0 1077.0 5133.0 1051.0 5161.0 1041.0 plane 0
4382.0 1027.0 4393.0 1060.0 4352.0 1075.0 4339.0 1037.0 plane 0
5124.0 1115.0 5084.0 1122.0 5074.0 1083.0 5114.0 1073.0 plane 0
5061.0 1129.0 5018.0 1141.0 5004.0 1097.0 5043.0 1083.0 plane 0
4928.0 1174.0 4893.0 1188.0 4877.0 1136.0 4919.0 1123.0 plane 0
4466.0 1225.0 4488.0 1219.0 4498.0 1257.0 4474.0 1264.0 plane 0
3242.0 1639.0 3209.0 1654.0 3192.0 1607.0 3230.0 1598.0 plane 0
3103.0 1684.0 3063.0 1695.0 3051.0 1647.0 3091.0 1637.0 plane 0
2272.0 2839.0 2501.0 2839.0 2501.0 2949.0 2272.0 2949.0 soccer-ball-field 1
