imagesource:GoogleEarth
gsd:0.140054058039
3785.0 2273.0 3784.0 2288.0 3750.0 2288.0 3750.0 2271.0 small-vehicle 1
3879.0 1193.0 3959.0 1193.0 3959.0 1359.0 3879.0 1359.0 tennis-court 0
2888.0 1660.0 3010.0 1660.0 3010.0 1869.0 2888.0 1869.0 basketball-court 0
2343.0 1890.0 2463.0 1890.0 2463.0 2094.0 2343.0 2094.0 basketball-court 0
1778.0 2145.0 1865.0 2145.0 1865.0 2307.0 1778.0 2307.0 tennis-court 1
1911.0 2147.0 1993.0 2147.0 1993.0 2303.0 1911.0 2303.0 tennis-court 1
1774.0 1863.0 1860.0 1863.0 1860.0 2035.0 1774.0 2035.0 tennis-court 1
1915.0 1865.0 2006.0 1865.0 2006.0 2037.0 1915.0 2037.0 tennis-court 1
2044.0 1869.0 2147.0 1869.0 2147.0 2033.0 2044.0 2033.0 tennis-court 1
2181.0 1871.0 2267.0 1871.0 2267.0 2035.0 2181.0 2035.0 tennis-court 1
4045.0 1193.0 4129.0 1193.0 4129.0 1357.0 4045.0 1357.0 tennis-court 0
3475.0 2870.0 3475.0 2883.0 3441.0 2886.0 3438.0 2872.0 small-vehicle 1
3860.0 1500.0 3938.0 1500.0 3938.0 1665.0 3860.0 1665.0 tennis-court 0
4005.0 1496.0 4094.0 1496.0 4094.0 1667.0 4005.0 1667.0 tennis-court 0
4146.0 1501.0 4237.0 1501.0 4237.0 1665.0 4146.0 1665.0 tennis-court 0
4296.0 1505.0 4388.0 1505.0 4388.0 1663.0 4296.0 1663.0 tennis-court 0
4461.0 343.0 5181.0 343.0 5181.0 1620.0 4461.0 1620.0 ground-track-field 0
3395.0 2873.0 3397.0 2886.0 3361.0 2890.0 3360.0 2878.0 small-vehicle 1
3398.0 2891.0 3400.0 2905.0 3364.0 2909.0 3362.0 2894.0 small-vehicle 1
3401.0 2909.0 3402.0 2924.0 3366.0 2926.0 3363.0 2913.0 small-vehicle 1
2745.0 1663.0 2880.0 1663.0 2880.0 1869.0 2745.0 1869.0 basketball-court 0
2600.0 1663.0 2741.0 1663.0 2741.0 1861.0 2600.0 1861.0 basketball-court 0
2463.0 1665.0 2599.0 1665.0 2599.0 1863.0 2463.0 1863.0 basketball-court 0
2343.0 1660.0 2461.0 1660.0 2461.0 1865.0 2343.0 1865.0 basketball-court 0
892.0 1482.0 1665.0 1482.0 1665.0 2960.0 892.0 2960.0 ground-track-field 0
2459.0 906.0 2577.0 906.0 2577.0 1121.0 2459.0 1121.0 basketball-court 0
2589.0 906.0 2722.0 906.0 2722.0 1128.0 2589.0 1128.0 basketball-court 0
2729.0 912.0 2862.0 912.0 2862.0 1124.0 2729.0 1124.0 basketball-court 0
2874.0 919.0 3004.0 919.0 3004.0 1128.0 2874.0 1128.0 basketball-court 0
2459.0 1124.0 2580.0 1124.0 2580.0 1343.0 2459.0 1343.0 basketball-court 0
2577.0 1124.0 2725.0 1124.0 2725.0 1340.0 2577.0 1340.0 basketball-court 0
2729.0 1137.0 2865.0 1137.0 2865.0 1333.0 2729.0 1333.0 basketball-court 0
2865.0 1131.0 3004.0 1131.0 3004.0 1333.0 2865.0 1333.0 basketball-court 0
1970.0 930.0 2134.0 930.0 2134.0 1282.0 1970.0 1282.0 swimming-pool 0
2741.0 675.0 2869.0 675.0 2869.0 907.0 2741.0 907.0 basketball-court 0
2873.0 677.0 3008.0 677.0 3008.0 917.0 2873.0 917.0 basketball-court 0
2340.0 1427.0 2463.0 1427.0 2463.0 1635.0 2340.0 1635.0 basketball-court 0
2461.0 1427.0 2599.0 1427.0 2599.0 1635.0 2461.0 1635.0 basketball-court 0
2597.0 1425.0 2736.0 1425.0 2736.0 1635.0 2597.0 1635.0 basketball-court 0
2740.0 1425.0 2884.0 1425.0 2884.0 1639.0 2740.0 1639.0 basketball-court 0
2886.0 1429.0 3010.0 1429.0 3010.0 1637.0 2886.0 1637.0 basketball-court 0
3404.0 2946.0 3406.0 2960.0 3373.0 2961.0 3370.0 2947.0 small-vehicle 1
3470.0 2887.0 3471.0 2902.0 3441.0 2905.0 3438.0 2891.0 small-vehicle 1
3789.0 2256.0 3786.0 2269.0 3751.0 2268.0 3753.0 2253.0 small-vehicle 1
3230.0 2044.0 3238.0 2060.0 3209.0 2071.0 3201.0 2057.0 small-vehicle 1
3180.0 2774.0 3176.0 2791.0 3142.0 2775.0 3148.0 2760.0 small-vehicle 1
3207.0 3062.0 3198.0 3079.0 3163.0 3055.0 3173.0 3044.0 small-vehicle 1
3199.0 3041.0 3192.0 3052.0 3165.0 3034.0 3172.0 3023.0 small-vehicle 1
3182.0 2664.0 3176.0 2679.0 3140.0 2662.0 3149.0 2649.0 small-vehicle 1
3179.0 2623.0 3170.0 2638.0 3138.0 2626.0 3146.0 2612.0 small-vehicle 1
3177.0 2585.0 3168.0 2598.0 3136.0 2584.0 3143.0 2571.0 small-vehicle 1
3178.0 2526.0 3170.0 2542.0 3136.0 2526.0 3143.0 2511.0 small-vehicle 1
3180.0 2509.0 3168.0 2519.0 3141.0 2502.0 3152.0 2489.0 small-vehicle 1
2650.0 263.0 2651.0 279.0 2612.0 278.0 2612.0 260.0 small-vehicle 1
3475.0 2923.0 3477.0 2938.0 3446.0 2940.0 3444.0 2924.0 small-vehicle 1
2639.0 307.0 2641.0 328.0 2596.0 325.0 2597.0 303.0 small-vehicle 1
2637.0 337.0 2634.0 354.0 2595.0 355.0 2596.0 337.0 small-vehicle 1
2643.0 360.0 2642.0 375.0 2601.0 375.0 2600.0 362.0 small-vehicle 1
2705.0 243.0 2705.0 263.0 2664.0 260.0 2666.0 241.0 small-vehicle 1
2704.0 286.0 2702.0 302.0 2665.0 299.0 2665.0 281.0 small-vehicle 1
2697.0 307.0 2695.0 328.0 2664.0 325.0 2665.0 305.0 small-vehicle 1
4695.0 1992.0 4693.0 2012.0 4655.0 2011.0 4654.0 1991.0 small-vehicle 1
5347.0 2119.0 5341.0 2140.0 5298.0 2130.0 5301.0 2112.0 small-vehicle 1
3178.0 2754.0 3174.0 2768.0 3138.0 2756.0 3140.0 2741.0 small-vehicle 1
3179.0 2732.0 3172.0 2748.0 3138.0 2738.0 3143.0 2721.0 small-vehicle 1
3178.0 2794.0 3171.0 2809.0 3141.0 2789.0 3148.0 2777.0 small-vehicle 1
3044.0 2828.0 3062.0 2825.0 3069.0 2860.0 3053.0 2864.0 small-vehicle 1
3411.0 3019.0 3413.0 3035.0 3380.0 3038.0 3376.0 3022.0 small-vehicle 1
3406.0 2965.0 3406.0 2980.0 3376.0 2982.0 3375.0 2967.0 small-vehicle 1
3417.0 3039.0 3420.0 3057.0 3383.0 3058.0 3381.0 3041.0 small-vehicle 1
3426.0 3091.0 3429.0 3109.0 3396.0 3112.0 3392.0 3096.0 small-vehicle 1
3384.0 3075.0 3385.0 3089.0 3354.0 3091.0 3351.0 3076.0 small-vehicle 1
3380.0 3041.0 3383.0 3059.0 3349.0 3063.0 3344.0 3046.0 small-vehicle 1
3376.0 3021.0 3379.0 3036.0 3345.0 3044.0 3341.0 3028.0 small-vehicle 1
3368.0 2947.0 3371.0 2965.0 3333.0 2968.0 3331.0 2951.0 small-vehicle 1
3365.0 2928.0 3364.0 2943.0 3333.0 2946.0 3332.0 2930.0 small-vehicle 1
3359.0 2892.0 3361.0 2908.0 3326.0 2915.0 3324.0 2899.0 small-vehicle 1
3358.0 2879.0 3359.0 2891.0 3326.0 2896.0 3326.0 2882.0 small-vehicle 1
3357.0 2855.0 3358.0 2874.0 3325.0 2876.0 3323.0 2858.0 small-vehicle 1
3392.0 2850.0 3392.0 2867.0 3362.0 2870.0 3360.0 2852.0 small-vehicle 1
3247.0 2895.0 3246.0 2879.0 3281.0 2879.0 3281.0 2893.0 small-vehicle 1
3243.0 2840.0 3242.0 2826.0 3279.0 2826.0 3277.0 2840.0 small-vehicle 1
3240.0 2825.0 3239.0 2810.0 3277.0 2810.0 3276.0 2824.0 small-vehicle 1
3241.0 2807.0 3240.0 2790.0 3278.0 2793.0 3276.0 2809.0 small-vehicle 1
978.0 1808.0 1497.0 1808.0 1497.0 2609.0 978.0 2609.0 soccer-ball-field 0
