imagesource:GoogleEarth
gsd:0.144001801966
1517.0 2152.0 1499.0 2156.0 1488.0 2122.0 1505.0 2117.0 small-vehicle 1
594.0 3330.0 604.0 3344.0 577.0 3363.0 568.0 3353.0 small-vehicle 1
721.0 3214.0 733.0 3224.0 713.0 3245.0 701.0 3237.0 small-vehicle 1
763.0 3185.0 774.0 3197.0 752.0 3217.0 741.0 3206.0 small-vehicle 1
850.0 3129.0 857.0 3144.0 830.0 3158.0 823.0 3145.0 large-vehicle 1
756.0 2190.0 750.0 2200.0 722.0 2186.0 728.0 2174.0 small-vehicle 1
720.0 2171.0 715.0 2182.0 684.0 2168.0 690.0 2157.0 small-vehicle 1
680.0 2150.0 673.0 2160.0 649.0 2140.0 657.0 2131.0 small-vehicle 1
620.0 2116.0 611.0 2126.0 589.0 2104.0 597.0 2095.0 small-vehicle 1
574.0 2073.0 567.0 2079.0 550.0 2059.0 555.0 2052.0 small-vehicle 1
151.0 1668.0 143.0 1659.0 167.0 1643.0 174.0 1654.0 small-vehicle 1
151.0 1548.0 168.0 1543.0 176.0 1574.0 162.0 1580.0 small-vehicle 1
1074.0 473.0 1070.0 490.0 999.0 474.0 1003.0 454.0 large-vehicle 1
983.0 450.0 980.0 467.0 912.0 459.0 913.0 441.0 large-vehicle 1
1218.0 3287.0 1259.0 3287.0 1259.0 3381.0 1218.0 3381.0 tennis-court 1
1290.0 3288.0 1327.0 3288.0 1327.0 3379.0 1290.0 3379.0 tennis-court 1
1106.0 3197.0 1164.0 3197.0 1164.0 3349.0 1106.0 3349.0 tennis-court 0
1104.0 1345.0 1288.0 1345.0 1288.0 1434.0 1104.0 1434.0 basketball-court 0
1104.0 1230.0 1294.0 1230.0 1294.0 1332.0 1104.0 1332.0 basketball-court 0
1216.0 1013.0 1318.0 1013.0 1318.0 1202.0 1216.0 1202.0 basketball-court 0
1217.0 800.0 1316.0 800.0 1316.0 991.0 1217.0 991.0 basketball-court 0
1094.0 797.0 1198.0 797.0 1198.0 986.0 1094.0 986.0 basketball-court 0
480.0 799.0 951.0 799.0 951.0 1462.0 480.0 1462.0 soccer-ball-field 0
672.0 3322.0 681.0 3336.0 650.0 3351.0 644.0 3338.0 small-vehicle 1
458.0 3405.0 470.0 3411.0 457.0 3437.0 446.0 3433.0 small-vehicle 1
2082.0 1961.0 2079.0 1971.0 2054.0 1963.0 2057.0 1953.0 small-vehicle 1
1142.0 2223.0 1144.0 2234.0 1114.0 2239.0 1112.0 2227.0 small-vehicle 1
2029.0 1941.0 2022.0 1952.0 1994.0 1940.0 1999.0 1929.0 small-vehicle 1
1979.0 1921.0 1978.0 1935.0 1952.0 1935.0 1950.0 1924.0 small-vehicle 1
1860.0 1908.0 1862.0 1920.0 1833.0 1923.0 1831.0 1910.0 small-vehicle 1
1753.0 1919.0 1754.0 1930.0 1730.0 1935.0 1728.0 1924.0 small-vehicle 1
1706.0 1930.0 1710.0 1941.0 1685.0 1948.0 1680.0 1938.0 small-vehicle 1
1662.0 1942.0 1666.0 1952.0 1639.0 1963.0 1633.0 1951.0 small-vehicle 1
1616.0 1966.0 1617.0 1980.0 1588.0 1984.0 1585.0 1970.0 small-vehicle 1
1575.0 1972.0 1580.0 1987.0 1553.0 1998.0 1547.0 1985.0 small-vehicle 1
1538.0 1990.0 1545.0 2001.0 1518.0 2019.0 1511.0 2007.0 small-vehicle 1
1502.0 2021.0 1506.0 2032.0 1480.0 2048.0 1473.0 2037.0 small-vehicle 1
2045.0 116.0 2040.0 129.0 2008.0 120.0 2011.0 104.0 small-vehicle 1
1205.0 1674.0 1220.0 1674.0 1216.0 1710.0 1202.0 1711.0 small-vehicle 1
1183.0 1673.0 1196.0 1673.0 1193.0 1706.0 1181.0 1706.0 small-vehicle 1
1455.0 2073.0 1444.0 2064.0 1464.0 2044.0 1474.0 2052.0 small-vehicle 1
1430.0 2072.0 1438.0 2080.0 1423.0 2099.0 1413.0 2089.0 small-vehicle 1
1380.0 2119.0 1389.0 2127.0 1365.0 2148.0 1359.0 2138.0 small-vehicle 1
1343.0 2147.0 1352.0 2160.0 1323.0 2182.0 1315.0 2169.0 small-vehicle 1
1298.0 2178.0 1306.0 2188.0 1281.0 2203.0 1273.0 2191.0 small-vehicle 1
1259.0 2195.0 1264.0 2205.0 1236.0 2213.0 1233.0 2202.0 small-vehicle 1
1217.0 2206.0 1221.0 2220.0 1194.0 2228.0 1188.0 2216.0 small-vehicle 1
1178.0 2219.0 1182.0 2231.0 1155.0 2240.0 1150.0 2229.0 small-vehicle 1
373.0 473.0 1061.0 473.0 1061.0 1780.0 373.0 1780.0 ground-track-field 0
