imagesource:GoogleEarth
gsd:0.126502214447
317.0 1721.0 298.0 1724.0 296.0 1712.0 315.0 1709.0 small-vehicle 1
334.0 541.0 351.0 541.0 354.0 574.0 338.0 577.0 small-vehicle 0
173.0 486.0 158.0 485.0 156.0 449.0 173.0 447.0 small-vehicle 0
239.0 422.0 254.0 422.0 256.0 453.0 241.0 454.0 small-vehicle 0
381.0 971.0 398.0 967.0 404.0 999.0 388.0 1004.0 small-vehicle 0
408.0 970.0 423.0 970.0 429.0 1000.0 415.0 1004.0 small-vehicle 0
604.0 855.0 600.0 838.0 636.0 834.0 638.0 848.0 small-vehicle 0
592.0 764.0 591.0 747.0 626.0 742.0 628.0 761.0 small-vehicle 0
559.0 630.0 559.0 614.0 600.0 610.0 603.0 625.0 small-vehicle 0
554.0 577.0 552.0 560.0 589.0 553.0 594.0 570.0 small-vehicle 0
553.0 548.0 550.0 532.0 588.0 524.0 591.0 541.0 small-vehicle 0
542.0 501.0 539.0 483.0 570.0 478.0 574.0 492.0 small-vehicle 0
538.0 479.0 535.0 461.0 574.0 455.0 574.0 471.0 small-vehicle 0
525.0 374.0 520.0 354.0 553.0 344.0 558.0 363.0 small-vehicle 0
391.0 428.0 372.0 432.0 367.0 397.0 383.0 396.0 small-vehicle 0
367.0 431.0 351.0 433.0 347.0 393.0 362.0 393.0 small-vehicle 0
307.0 449.0 289.0 449.0 289.0 416.0 302.0 414.0 small-vehicle 0
108.0 713.0 111.0 733.0 62.0 741.0 60.0 720.0 large-vehicle 0
1966.0 2461.0 1960.0 2446.0 2005.0 2434.0 2010.0 2450.0 large-vehicle 0
125.0 448.0 144.0 447.0 146.0 483.0 132.0 483.0 small-vehicle 0
312.0 535.0 330.0 535.0 333.0 569.0 317.0 569.0 small-vehicle 0
2158.0 2163.0 2160.0 2181.0 2126.0 2184.0 2122.0 2166.0 small-vehicle 1
291.0 535.0 309.0 535.0 311.0 569.0 295.0 569.0 small-vehicle 0
639.0 3140.0 639.0 3159.0 599.0 3163.0 596.0 3145.0 small-vehicle 0
495.0 2777.0 493.0 2797.0 453.0 2796.0 454.0 2779.0 small-vehicle 0
918.0 2509.0 936.0 2509.0 936.0 2547.0 918.0 2547.0 small-vehicle 0
649.0 2650.0 632.0 2647.0 641.0 2612.0 659.0 2614.0 small-vehicle 0
479.0 2723.0 463.0 2734.0 438.0 2703.0 455.0 2690.0 small-vehicle 0
202.0 2059.0 219.0 2058.0 223.0 2092.0 206.0 2093.0 small-vehicle 0
225.0 2048.0 223.0 2029.0 268.0 2020.0 270.0 2039.0 small-vehicle 0
495.0 1166.0 495.0 1183.0 460.0 1183.0 462.0 1166.0 small-vehicle 0
544.0 1127.0 540.0 1109.0 582.0 1105.0 583.0 1122.0 small-vehicle 0
555.0 1177.0 554.0 1160.0 591.0 1153.0 595.0 1171.0 small-vehicle 0
605.0 1214.0 622.0 1212.0 625.0 1242.0 610.0 1245.0 small-vehicle 0
698.0 1197.0 716.0 1195.0 719.0 1231.0 704.0 1233.0 small-vehicle 0
673.0 1202.0 694.0 1201.0 696.0 1241.0 678.0 1241.0 small-vehicle 0
632.0 1212.0 648.0 1209.0 653.0 1240.0 638.0 1244.0 small-vehicle 0
54.0 600.0 74.0 600.0 74.0 634.0 58.0 635.0 small-vehicle 0
126.0 610.0 110.0 612.0 105.0 581.0 120.0 579.0 small-vehicle 0
171.0 555.0 191.0 553.0 194.0 590.0 176.0 590.0 small-vehicle 0
2162.0 2182.0 2162.0 2200.0 2125.0 2207.0 2121.0 2184.0 small-vehicle 1
2158.0 2141.0 2159.0 2158.0 2120.0 2164.0 2118.0 2144.0 small-vehicle 1
606.0 3507.0 585.0 3510.0 581.0 3472.0 599.0 3470.0 small-vehicle 0
532.0 455.0 524.0 438.0 567.0 425.0 574.0 442.0 large-vehicle 0
431.0 365.0 447.0 360.0 456.0 407.0 438.0 408.0 large-vehicle 0
417.0 438.0 397.0 440.0 391.0 391.0 408.0 389.0 large-vehicle 0
331.0 454.0 314.0 458.0 304.0 408.0 322.0 403.0 large-vehicle 0
242.0 464.0 226.0 470.0 214.0 420.0 231.0 417.0 large-vehicle 0
2335.0 3024.0 2314.0 3028.0 2307.0 2982.0 2323.0 2978.0 large-vehicle 0
1952.0 2894.0 1970.0 2888.0 1982.0 2936.0 1958.0 2940.0 large-vehicle 0
510.0 1982.0 534.0 1979.0 547.0 2056.0 521.0 2060.0 large-vehicle 0
475.0 1983.0 494.0 1978.0 516.0 2050.0 494.0 2054.0 large-vehicle 0
448.0 1991.0 470.0 1987.0 494.0 2072.0 468.0 2079.0 large-vehicle 0
418.0 1981.0 436.0 1976.0 458.0 2075.0 435.0 2080.0 large-vehicle 0
389.0 1993.0 414.0 1990.0 430.0 2078.0 403.0 2084.0 large-vehicle 0
511.0 1751.0 513.0 1775.0 436.0 1783.0 434.0 1755.0 large-vehicle 0
430.0 1756.0 434.0 1780.0 360.0 1792.0 357.0 1763.0 large-vehicle 0
2258.0 3357.0 2254.0 3327.0 2367.0 3318.0 2366.0 3343.0 large-vehicle 0
2127.0 3374.0 2130.0 3401.0 2056.0 3415.0 2050.0 3384.0 large-vehicle 0
2134.0 3409.0 2138.0 3431.0 2062.0 3446.0 2057.0 3419.0 large-vehicle 0
2141.0 3442.0 2144.0 3465.0 2071.0 3482.0 2061.0 3455.0 large-vehicle 0
526.0 434.0 522.0 414.0 564.0 402.0 569.0 420.0 large-vehicle 0
543.0 531.0 538.0 510.0 587.0 498.0 591.0 516.0 large-vehicle 0
2117.0 2130.0 2119.0 2146.0 2083.0 2155.0 2079.0 2136.0 small-vehicle 1
555.0 609.0 550.0 590.0 596.0 579.0 599.0 595.0 large-vehicle 0
1044.0 819.0 1048.0 834.0 1011.0 843.0 1005.0 825.0 large-vehicle 0
791.0 3191.0 782.0 3180.0 811.0 3154.0 822.0 3165.0 large-vehicle 0
206.0 476.0 190.0 476.0 184.0 442.0 200.0 439.0 large-vehicle 0
97.0 453.0 114.0 448.0 127.0 487.0 110.0 492.0 large-vehicle 0
466.0 515.0 482.0 511.0 494.0 558.0 474.0 564.0 large-vehicle 0
446.0 524.0 462.0 521.0 468.0 562.0 452.0 563.0 large-vehicle 0
426.0 583.0 407.0 583.0 404.0 539.0 422.0 538.0 large-vehicle 0
355.0 537.0 373.0 536.0 379.0 572.0 362.0 575.0 large-vehicle 0
264.0 529.0 279.0 528.0 285.0 573.0 267.0 574.0 large-vehicle 0
224.0 546.0 243.0 547.0 249.0 591.0 235.0 592.0 large-vehicle 0
220.0 589.0 200.0 589.0 195.0 543.0 213.0 540.0 large-vehicle 0
148.0 557.0 168.0 558.0 172.0 599.0 154.0 600.0 large-vehicle 0
74.0 588.0 94.0 583.0 106.0 626.0 87.0 633.0 large-vehicle 0
586.0 809.0 582.0 790.0 630.0 782.0 634.0 802.0 large-vehicle 0
583.0 747.0 581.0 728.0 621.0 726.0 623.0 740.0 large-vehicle 0
573.0 708.0 567.0 686.0 612.0 676.0 615.0 690.0 large-vehicle 0
566.0 683.0 563.0 663.0 610.0 654.0 614.0 672.0 large-vehicle 0
720.0 3143.0 717.0 3124.0 752.0 3118.0 754.0 3138.0 small-vehicle 0
834.0 3774.0 814.0 3767.0 830.0 3735.0 847.0 3741.0 small-vehicle 0
353.0 436.0 335.0 440.0 328.0 402.0 342.0 399.0 small-vehicle 0
1655.0 2799.0 1667.0 2795.0 1672.0 2824.0 1658.0 2826.0 small-vehicle 0
1746.0 2971.0 1749.0 2990.0 1711.0 2994.0 1709.0 2976.0 small-vehicle 0
1555.0 3027.0 1539.0 3031.0 1535.0 2990.0 1552.0 2987.0 large-vehicle 0
1694.0 2876.0 1707.0 2882.0 1697.0 2909.0 1683.0 2904.0 small-vehicle 0
1724.0 2822.0 1706.0 2825.0 1700.0 2788.0 1717.0 2785.0 small-vehicle 0
1702.0 2826.0 1683.0 2831.0 1677.0 2792.0 1692.0 2789.0 small-vehicle 0
1616.0 2838.0 1602.0 2841.0 1597.0 2812.0 1609.0 2809.0 small-vehicle 0
1787.0 2803.0 1789.0 2816.0 1763.0 2821.0 1760.0 2809.0 small-vehicle 0
2143.0 3528.0 2147.0 3556.0 2097.0 3562.0 2092.0 3537.0 large-vehicle 0
2248.0 3098.0 2266.0 3094.0 2272.0 3129.0 2254.0 3132.0 small-vehicle 0
2195.0 3015.0 2213.0 3011.0 2217.0 3045.0 2200.0 3048.0 small-vehicle 0
2152.0 2989.0 2135.0 2994.0 2129.0 2958.0 2145.0 2954.0 small-vehicle 0
2177.0 2985.0 2158.0 2989.0 2152.0 2951.0 2169.0 2947.0 small-vehicle 0
2201.0 2982.0 2182.0 2987.0 2176.0 2946.0 2193.0 2942.0 small-vehicle 0
2197.0 2939.0 2215.0 2934.0 2220.0 2973.0 2204.0 2977.0 small-vehicle 0
2246.0 2975.0 2225.0 2978.0 2222.0 2942.0 2238.0 2939.0 small-vehicle 0
2269.0 2970.0 2251.0 2974.0 2243.0 2940.0 2259.0 2937.0 small-vehicle 0
2287.0 2910.0 2285.0 2892.0 2323.0 2888.0 2324.0 2907.0 small-vehicle 0
1968.0 2951.0 1985.0 2949.0 1986.0 2983.0 1971.0 2985.0 small-vehicle 0
1697.0 2312.0 1702.0 2331.0 1663.0 2337.0 1660.0 2318.0 small-vehicle 0
2167.0 2944.0 2152.0 2946.0 2149.0 2912.0 2165.0 2909.0 small-vehicle 0
1700.0 2333.0 1703.0 2351.0 1669.0 2355.0 1666.0 2338.0 small-vehicle 0
1634.0 2981.0 1656.0 2976.0 1658.0 3009.0 1637.0 3011.0 small-vehicle 1
2129.0 2224.0 2125.0 2207.0 2161.0 2200.0 2167.0 2217.0 small-vehicle 1
2128.0 2045.0 2158.0 2043.0 2161.0 2097.0 2138.0 2099.0 small-vehicle 1
1011.0 865.0 1007.0 849.0 1044.0 842.0 1049.0 855.0 small-vehicle 1
312.0 2883.0 327.0 2881.0 329.0 2905.0 312.0 2905.0 small-vehicle 1
386.0 1987.0 347.0 1997.0 344.0 1976.0 382.0 1968.0 small-vehicle 1
2126.0 2027.0 2126.0 2014.0 2157.0 2010.0 2158.0 2025.0 small-vehicle 1
1574.0 2816.0 1589.0 2812.0 1595.0 2845.0 1580.0 2848.0 small-vehicle 1
1937.0 2933.0 1940.0 2948.0 1906.0 2954.0 1903.0 2940.0 small-vehicle 1
1511.0 2540.0 1499.0 2529.0 1521.0 2507.0 1535.0 2516.0 small-vehicle 1
1118.0 3037.0 1114.0 3019.0 1147.0 3011.0 1152.0 3029.0 small-vehicle 1
1248.0 2976.0 1249.0 2991.0 1217.0 2996.0 1216.0 2981.0 small-vehicle 1
1133.0 3489.0 1148.0 3488.0 1150.0 3522.0 1135.0 3523.0 small-vehicle 1
1080.0 3495.0 1095.0 3494.0 1100.0 3533.0 1083.0 3534.0 small-vehicle 1
1246.0 3848.0 1249.0 3865.0 1207.0 3871.0 1205.0 3853.0 small-vehicle 1
370.0 2743.0 358.0 2752.0 336.0 2723.0 348.0 2714.0 small-vehicle 1
474.0 1256.0 471.0 1243.0 506.0 1236.0 509.0 1249.0 small-vehicle 1
2147.0 2949.0 2126.0 2953.0 2123.0 2914.0 2139.0 2911.0 small-vehicle 0
1829.0 2883.0 1846.0 2880.0 1853.0 2917.0 1835.0 2919.0 small-vehicle 0
893.0 3762.0 876.0 3758.0 886.0 3723.0 902.0 3725.0 small-vehicle 0
1695.0 1475.0 1714.0 1475.0 1716.0 1510.0 1700.0 1512.0 small-vehicle 0
1624.0 1489.0 1644.0 1487.0 1649.0 1521.0 1629.0 1527.0 small-vehicle 0
1447.0 1458.0 1446.0 1435.0 1490.0 1436.0 1490.0 1457.0 small-vehicle 0
384.0 3182.0 380.0 3166.0 416.0 3162.0 417.0 3176.0 small-vehicle 0
561.0 3207.0 542.0 3209.0 541.0 3178.0 558.0 3177.0 small-vehicle 0
584.0 3202.0 566.0 3205.0 562.0 3174.0 578.0 3171.0 small-vehicle 0
144.0 3907.0 146.0 3927.0 111.0 3928.0 110.0 3911.0 small-vehicle 0
136.0 3868.0 136.0 3890.0 99.0 3893.0 98.0 3875.0 small-vehicle 0
132.0 3850.0 134.0 3869.0 96.0 3875.0 93.0 3859.0 small-vehicle 0
127.0 3831.0 129.0 3849.0 92.0 3856.0 89.0 3840.0 small-vehicle 0
120.0 3812.0 122.0 3831.0 87.0 3836.0 84.0 3820.0 small-vehicle 0
78.0 3815.0 76.0 3799.0 115.0 3791.0 116.0 3809.0 small-vehicle 0
111.0 3770.0 113.0 3787.0 81.0 3794.0 76.0 3779.0 small-vehicle 0
110.0 3749.0 111.0 3769.0 74.0 3776.0 69.0 3760.0 small-vehicle 0
103.0 3729.0 107.0 3746.0 70.0 3757.0 65.0 3742.0 small-vehicle 0
94.0 3708.0 102.0 3725.0 61.0 3739.0 55.0 3725.0 small-vehicle 0
84.0 3690.0 91.0 3705.0 52.0 3723.0 45.0 3707.0 small-vehicle 0
62.0 3650.0 70.0 3667.0 37.0 3681.0 30.0 3667.0 small-vehicle 0
1676.0 1482.0 1694.0 1475.0 1698.0 1512.0 1680.0 1518.0 small-vehicle 0
1716.0 1479.0 1734.0 1472.0 1741.0 1507.0 1725.0 1512.0 small-vehicle 0
1889.0 2837.0 1904.0 2832.0 1913.0 2869.0 1895.0 2872.0 small-vehicle 0
1873.0 1451.0 1890.0 1447.0 1895.0 1481.0 1876.0 1481.0 small-vehicle 0
1878.0 2786.0 1898.0 2783.0 1901.0 2824.0 1882.0 2826.0 small-vehicle 0
1909.0 2734.0 1907.0 2716.0 1946.0 2710.0 1950.0 2726.0 small-vehicle 0
2123.0 2001.0 2117.0 1981.0 2155.0 1974.0 2160.0 1992.0 small-vehicle 0
1670.0 2924.0 1654.0 2914.0 1667.0 2881.0 1681.0 2886.0 small-vehicle 0
1720.0 2912.0 1705.0 2903.0 1723.0 2871.0 1737.0 2878.0 small-vehicle 0
1618.0 2930.0 1619.0 2950.0 1579.0 2959.0 1576.0 2938.0 small-vehicle 0
1741.0 2935.0 1745.0 2958.0 1704.0 2960.0 1703.0 2940.0 small-vehicle 0
1737.0 2915.0 1738.0 2938.0 1700.0 2940.0 1698.0 2923.0 small-vehicle 0
1757.0 2743.0 1734.0 2748.0 1728.0 2713.0 1749.0 2709.0 small-vehicle 0
1629.0 2803.0 1649.0 2794.0 1664.0 2836.0 1648.0 2844.0 small-vehicle 0
1580.0 2844.0 1560.0 2850.0 1553.0 2819.0 1568.0 2814.0 small-vehicle 0
1868.0 2515.0 1865.0 2495.0 1907.0 2491.0 1911.0 2510.0 small-vehicle 0
1863.0 2481.0 1860.0 2456.0 1903.0 2454.0 1906.0 2474.0 small-vehicle 0
1560.0 2490.0 1561.0 2465.0 1601.0 2466.0 1603.0 2486.0 small-vehicle 0
1513.0 2436.0 1533.0 2427.0 1541.0 2461.0 1525.0 2468.0 small-vehicle 0
1491.0 2436.0 1517.0 2432.0 1520.0 2464.0 1500.0 2468.0 small-vehicle 0
1605.0 1494.0 1619.0 1492.0 1625.0 1530.0 1609.0 1531.0 small-vehicle 0
503.0 430.0 480.0 434.0 463.0 334.0 487.0 328.0 large-vehicle 0
