imagesource:GoogleEarth
gsd:0.556590930538
4985.0 1687.0 4980.0 1681.0 4995.0 1674.0 4997.0 1682.0 small-vehicle 1
4425.0 2130.0 4414.0 2132.0 4410.0 2115.0 4422.0 2112.0 small-vehicle 1
1418.0 199.0 1428.0 200.0 1428.0 215.0 1419.0 215.0 small-vehicle 1
1368.0 1128.0 1378.0 1128.0 1378.0 1148.0 1368.0 1148.0 small-vehicle 1
539.0 4066.0 547.0 4075.0 532.0 4089.0 525.0 4081.0 small-vehicle 1
182.0 3593.0 185.0 3583.0 201.0 3588.0 199.0 3597.0 small-vehicle 1
359.0 3589.0 351.0 3580.0 368.0 3569.0 374.0 3579.0 small-vehicle 1
626.0 2129.0 626.0 2121.0 641.0 2122.0 641.0 2130.0 small-vehicle 1
4564.0 1964.0 4569.0 1973.0 4557.0 1980.0 4550.0 1973.0 small-vehicle 1
4368.0 2063.0 4371.0 2076.0 4348.0 2086.0 4343.0 2073.0 large-vehicle 0
4509.0 2519.0 4518.0 2517.0 4519.0 2532.0 4513.0 2535.0 small-vehicle 1
1396.0 218.0 1387.0 215.0 1389.0 201.0 1397.0 203.0 small-vehicle 1
4515.0 2542.0 4524.0 2541.0 4525.0 2553.0 4517.0 2557.0 small-vehicle 1
4542.0 2974.0 4534.0 2976.0 4532.0 2957.0 4541.0 2955.0 small-vehicle 1
4541.0 3021.0 4530.0 3024.0 4524.0 3003.0 4535.0 3000.0 large-vehicle 0
4615.0 3379.0 4622.0 3378.0 4627.0 3399.0 4618.0 3401.0 large-vehicle 0
4631.0 3464.0 4641.0 3461.0 4646.0 3479.0 4634.0 3482.0 large-vehicle 0
4675.0 3706.0 4665.0 3707.0 4662.0 3690.0 4671.0 3690.0 small-vehicle 1
4700.0 4003.0 4688.0 4002.0 4690.0 3984.0 4702.0 3986.0 small-vehicle 1
4696.0 4056.0 4685.0 4054.0 4688.0 4039.0 4699.0 4043.0 small-vehicle 1
1393.0 78.0 1383.0 76.0 1385.0 59.0 1394.0 59.0 small-vehicle 1
1396.0 251.0 1387.0 249.0 1389.0 232.0 1397.0 233.0 small-vehicle 1
3282.0 1548.0 3289.0 1556.0 3280.0 1564.0 3274.0 1557.0 small-vehicle 1
1743.0 4022.0 1752.0 4022.0 1752.0 4037.0 1744.0 4037.0 small-vehicle 1
1822.0 4152.0 1830.0 4150.0 1831.0 4165.0 1824.0 4166.0 small-vehicle 1
1901.0 4152.0 1907.0 4150.0 1910.0 4165.0 1904.0 4167.0 small-vehicle 1
1978.0 4157.0 1986.0 4152.0 1990.0 4167.0 1985.0 4169.0 small-vehicle 1
2064.0 4071.0 2071.0 4069.0 2076.0 4083.0 2068.0 4085.0 small-vehicle 1
1986.0 4083.0 1994.0 4082.0 1992.0 4097.0 1984.0 4096.0 small-vehicle 1
1739.0 4084.0 1746.0 4083.0 1744.0 4097.0 1737.0 4097.0 small-vehicle 1
1796.0 4023.0 1805.0 4024.0 1803.0 4037.0 1796.0 4038.0 small-vehicle 1
1758.0 4022.0 1765.0 4022.0 1764.0 4039.0 1757.0 4038.0 small-vehicle 1
1721.0 4022.0 1730.0 4022.0 1731.0 4037.0 1722.0 4037.0 small-vehicle 1
1390.0 271.0 1382.0 268.0 1385.0 254.0 1392.0 255.0 small-vehicle 1
1978.0 2275.0 1979.0 2266.0 1994.0 2266.0 1994.0 2276.0 small-vehicle 1
1929.0 353.0 1934.0 346.0 1948.0 355.0 1943.0 363.0 small-vehicle 1
1943.0 350.0 1947.0 344.0 1960.0 353.0 1956.0 360.0 small-vehicle 1
1475.0 439.0 1485.0 443.0 1480.0 459.0 1471.0 455.0 small-vehicle 1
1454.0 416.0 1462.0 418.0 1458.0 432.0 1450.0 430.0 small-vehicle 1
1381.0 337.0 1390.0 339.0 1386.0 356.0 1377.0 354.0 small-vehicle 1
1368.0 382.0 1376.0 382.0 1373.0 397.0 1365.0 397.0 small-vehicle 1
1398.0 269.0 1390.0 267.0 1392.0 253.0 1399.0 255.0 small-vehicle 1
3298.0 1528.0 3289.0 1530.0 3287.0 1516.0 3297.0 1513.0 small-vehicle 1
3310.0 1549.0 3302.0 1554.0 3294.0 1541.0 3300.0 1538.0 small-vehicle 1
1769.0 4083.0 1777.0 4082.0 1779.0 4097.0 1771.0 4097.0 small-vehicle 1
1411.0 2587.0 1422.0 2586.0 1422.0 2607.0 1411.0 2609.0 large-vehicle 0
1397.0 3216.0 1388.0 3214.0 1388.0 3197.0 1398.0 3200.0 small-vehicle 1
1411.0 3160.0 1422.0 3159.0 1423.0 3180.0 1411.0 3179.0 small-vehicle 1
1415.0 3085.0 1428.0 3085.0 1428.0 3106.0 1416.0 3108.0 large-vehicle 0
1407.0 2855.0 1419.0 2854.0 1421.0 2870.0 1411.0 2874.0 small-vehicle 1
1396.0 2896.0 1383.0 2896.0 1385.0 2879.0 1394.0 2880.0 small-vehicle 1
1412.0 2649.0 1423.0 2649.0 1422.0 2667.0 1412.0 2667.0 small-vehicle 1
1386.0 2716.0 1375.0 2715.0 1375.0 2694.0 1383.0 2692.0 large-vehicle 0
1404.0 2697.0 1417.0 2696.0 1416.0 2722.0 1404.0 2722.0 large-vehicle 0
1392.0 2429.0 1382.0 2430.0 1382.0 2403.0 1395.0 2405.0 small-vehicle 1
1405.0 3411.0 1391.0 3409.0 1394.0 3391.0 1404.0 3392.0 small-vehicle 1
1391.0 2362.0 1381.0 2359.0 1385.0 2346.0 1391.0 2347.0 small-vehicle 1
1385.0 2319.0 1375.0 2318.0 1375.0 2304.0 1385.0 2304.0 small-vehicle 1
1836.0 2262.0 1836.0 2251.0 1850.0 2254.0 1850.0 2264.0 small-vehicle 1
1402.0 1896.0 1412.0 1896.0 1410.0 1913.0 1402.0 1912.0 small-vehicle 1
1410.0 1781.0 1419.0 1780.0 1420.0 1796.0 1409.0 1797.0 small-vehicle 1
1367.0 506.0 1358.0 505.0 1361.0 488.0 1368.0 490.0 small-vehicle 1
1423.0 162.0 1431.0 164.0 1430.0 180.0 1419.0 178.0 small-vehicle 1
1775.0 3624.0 1803.0 3617.0 1812.0 3661.0 1781.0 3666.0 basketball-court 0
1420.0 3342.0 1431.0 3340.0 1432.0 3360.0 1422.0 3364.0 small-vehicle 1
1187.0 3377.0 1177.0 3371.0 1186.0 3356.0 1196.0 3361.0 large-vehicle 0
3518.0 954.0 3520.0 965.0 3499.0 969.0 3495.0 959.0 small-vehicle 1
2357.0 2321.0 2358.0 2309.0 2380.0 2311.0 2376.0 2323.0 large-vehicle 0
3307.0 974.0 3307.0 984.0 3294.0 983.0 3294.0 974.0 small-vehicle 1
3033.0 936.0 3033.0 925.0 3049.0 927.0 3047.0 935.0 small-vehicle 1
3842.0 671.0 3832.0 671.0 3830.0 656.0 3841.0 656.0 small-vehicle 1
3342.0 449.0 3334.0 452.0 3333.0 438.0 3339.0 436.0 small-vehicle 1
3342.0 435.0 3349.0 435.0 3351.0 448.0 3343.0 451.0 small-vehicle 1
3795.0 531.0 3786.0 529.0 3787.0 515.0 3795.0 516.0 small-vehicle 1
3798.0 482.0 3789.0 484.0 3786.0 469.0 3795.0 468.0 small-vehicle 1
3800.0 516.0 3808.0 516.0 3810.0 529.0 3801.0 530.0 small-vehicle 1
1536.0 4227.0 1547.0 4226.0 1548.0 4246.0 1539.0 4249.0 small-vehicle 1
1172.0 3427.0 1162.0 3420.0 1171.0 3402.0 1183.0 3409.0 large-vehicle 0
1521.0 4264.0 1506.0 4267.0 1504.0 4249.0 1517.0 4245.0 small-vehicle 1
1510.0 4239.0 1498.0 4242.0 1495.0 4226.0 1508.0 4223.0 small-vehicle 1
1513.0 4193.0 1501.0 4195.0 1497.0 4172.0 1507.0 4173.0 small-vehicle 1
1428.0 3647.0 1418.0 3645.0 1419.0 3626.0 1427.0 3628.0 small-vehicle 1
1467.0 3718.0 1477.0 3716.0 1479.0 3734.0 1470.0 3734.0 small-vehicle 1
1446.0 3718.0 1436.0 3719.0 1434.0 3705.0 1445.0 3702.0 small-vehicle 1
1448.0 3737.0 1440.0 3737.0 1435.0 3719.0 1448.0 3719.0 small-vehicle 1
1426.0 3592.0 1415.0 3591.0 1414.0 3577.0 1425.0 3576.0 small-vehicle 1
1827.0 4083.0 1836.0 4082.0 1836.0 4097.0 1829.0 4097.0 small-vehicle 1
2033.0 4014.0 2040.0 4012.0 2043.0 4025.0 2036.0 4027.0 small-vehicle 1
4534.0 2418.0 4541.0 2416.0 4543.0 2430.0 4537.0 2431.0 small-vehicle 1
3749.0 287.0 3758.0 286.0 3759.0 303.0 3750.0 303.0 small-vehicle 1
3889.0 1703.0 3896.0 1701.0 3898.0 1715.0 3892.0 1716.0 small-vehicle 1
3749.0 1456.0 3757.0 1455.0 3760.0 1469.0 3753.0 1471.0 small-vehicle 1
3743.0 1458.0 3750.0 1456.0 3752.0 1468.0 3748.0 1470.0 small-vehicle 1
3736.0 1460.0 3743.0 1457.0 3747.0 1470.0 3740.0 1473.0 small-vehicle 1
3903.0 780.0 3911.0 776.0 3916.0 791.0 3909.0 794.0 small-vehicle 1
3750.0 784.0 3744.0 777.0 3758.0 769.0 3762.0 777.0 small-vehicle 1
3840.0 643.0 3832.0 645.0 3830.0 630.0 3837.0 629.0 small-vehicle 1
3424.0 47.0 3425.0 56.0 3411.0 57.0 3410.0 50.0 small-vehicle 1
3742.0 273.0 3750.0 272.0 3750.0 286.0 3743.0 287.0 small-vehicle 1
3883.0 1659.0 3889.0 1658.0 3892.0 1672.0 3884.0 1673.0 small-vehicle 1
3748.0 223.0 3755.0 223.0 3755.0 238.0 3747.0 238.0 small-vehicle 1
3469.0 233.0 3477.0 231.0 3482.0 250.0 3473.0 253.0 small-vehicle 1
3461.0 222.0 3458.0 214.0 3472.0 210.0 3474.0 219.0 small-vehicle 1
3265.0 263.0 3263.0 257.0 3274.0 253.0 3275.0 260.0 small-vehicle 1
3265.0 269.0 3262.0 263.0 3275.0 260.0 3276.0 265.0 small-vehicle 1
3267.0 277.0 3266.0 270.0 3277.0 267.0 3277.0 275.0 small-vehicle 1
3447.0 116.0 3445.0 110.0 3458.0 107.0 3459.0 114.0 small-vehicle 1
3445.0 110.0 3443.0 103.0 3456.0 100.0 3457.0 107.0 small-vehicle 1
3886.0 1683.0 3893.0 1681.0 3895.0 1694.0 3888.0 1697.0 small-vehicle 1
3911.0 1631.0 3914.0 1638.0 3904.0 1644.0 3900.0 1639.0 small-vehicle 1
4637.0 4368.0 4645.0 4369.0 4639.0 4388.0 4632.0 4386.0 small-vehicle 1
3902.0 1794.0 3909.0 1800.0 3898.0 1812.0 3893.0 1806.0 small-vehicle 1
4527.0 2418.0 4534.0 2417.0 4534.0 2430.0 4527.0 2430.0 small-vehicle 1
4467.0 2381.0 4460.0 2381.0 4458.0 2366.0 4465.0 2366.0 small-vehicle 1
4457.0 2266.0 4449.0 2266.0 4448.0 2251.0 4457.0 2251.0 small-vehicle 1
3739.0 2524.0 3731.0 2519.0 3741.0 2505.0 3748.0 2510.0 small-vehicle 1
3529.0 2555.0 3534.0 2547.0 3550.0 2553.0 3546.0 2562.0 small-vehicle 1
4004.0 2164.0 4001.0 2157.0 4018.0 2149.0 4020.0 2157.0 small-vehicle 1
3973.0 2168.0 3968.0 2161.0 3984.0 2155.0 3987.0 2164.0 small-vehicle 1
3764.0 2277.0 3761.0 2270.0 3779.0 2265.0 3780.0 2273.0 small-vehicle 1
3851.0 1815.0 3854.0 1824.0 3844.0 1828.0 3840.0 1820.0 small-vehicle 1
3919.0 1624.0 3923.0 1630.0 3915.0 1637.0 3911.0 1632.0 small-vehicle 1
3842.0 1820.0 3844.0 1827.0 3831.0 1832.0 3829.0 1824.0 small-vehicle 1
3863.0 1813.0 3866.0 1821.0 3856.0 1825.0 3853.0 1817.0 small-vehicle 1
3876.0 1809.0 3877.0 1817.0 3866.0 1820.0 3864.0 1811.0 small-vehicle 1
3857.0 1788.0 3865.0 1787.0 3868.0 1801.0 3860.0 1803.0 small-vehicle 1
3814.0 1669.0 3817.0 1675.0 3803.0 1680.0 3801.0 1674.0 small-vehicle 1
3954.0 1606.0 3957.0 1614.0 3944.0 1618.0 3942.0 1608.0 small-vehicle 1
3939.0 1611.0 3943.0 1616.0 3934.0 1623.0 3930.0 1618.0 small-vehicle 1
3930.0 1616.0 3934.0 1623.0 3925.0 1631.0 3920.0 1624.0 small-vehicle 1
3426.0 112.0 3424.0 105.0 3436.0 103.0 3437.0 110.0 small-vehicle 1
4207.0 539.0 4199.0 530.0 4213.0 517.0 4222.0 525.0 small-vehicle 1
1777.0 4021.0 1786.0 4020.0 1786.0 4037.0 1778.0 4039.0 small-vehicle 1
2493.0 760.0 2489.0 768.0 2479.0 762.0 2484.0 752.0 small-vehicle 1
4092.0 1701.0 4101.0 1699.0 4104.0 1713.0 4093.0 1715.0 small-vehicle 1
4245.0 1644.0 4255.0 1638.0 4260.0 1652.0 4254.0 1657.0 small-vehicle 1
4163.0 1525.0 4172.0 1519.0 4182.0 1536.0 4174.0 1542.0 small-vehicle 1
3825.0 604.0 3817.0 604.0 3818.0 587.0 3826.0 587.0 small-vehicle 1
2872.0 715.0 2882.0 711.0 2885.0 728.0 2876.0 730.0 small-vehicle 1
2387.0 678.0 2380.0 685.0 2369.0 676.0 2377.0 670.0 small-vehicle 1
2431.0 719.0 2425.0 724.0 2416.0 714.0 2422.0 709.0 small-vehicle 1
2450.0 732.0 2445.0 739.0 2434.0 730.0 2440.0 724.0 small-vehicle 1
2503.0 766.0 2499.0 774.0 2490.0 768.0 2494.0 761.0 small-vehicle 1
4081.0 1646.0 4088.0 1644.0 4091.0 1659.0 4083.0 1659.0 small-vehicle 1
2538.0 785.0 2534.0 793.0 2522.0 787.0 2528.0 778.0 small-vehicle 1
2550.0 792.0 2546.0 800.0 2536.0 794.0 2540.0 786.0 small-vehicle 1
2562.0 798.0 2560.0 805.0 2548.0 800.0 2552.0 792.0 small-vehicle 1
2569.0 819.0 2573.0 812.0 2586.0 817.0 2584.0 825.0 small-vehicle 1
2288.0 3238.0 2292.0 3247.0 2278.0 3252.0 2275.0 3243.0 small-vehicle 1
1932.0 4174.0 1940.0 4169.0 1946.0 4183.0 1938.0 4188.0 small-vehicle 1
1785.0 4083.0 1794.0 4082.0 1794.0 4096.0 1786.0 4097.0 small-vehicle 1
1889.0 4082.0 1898.0 4080.0 1899.0 4096.0 1891.0 4098.0 small-vehicle 1
4088.0 1686.0 4097.0 1684.0 4098.0 1699.0 4090.0 1700.0 small-vehicle 1
4077.0 1631.0 4086.0 1629.0 4088.0 1642.0 4080.0 1645.0 small-vehicle 1
3918.0 713.0 3914.0 704.0 3929.0 695.0 3933.0 703.0 small-vehicle 1
3991.0 1049.0 4002.0 1046.0 4008.0 1064.0 3997.0 1066.0 small-vehicle 1
3969.0 874.0 3974.0 881.0 3963.0 891.0 3958.0 885.0 small-vehicle 1
3982.0 866.0 3986.0 873.0 3977.0 879.0 3972.0 872.0 small-vehicle 1
3911.0 803.0 3918.0 799.0 3923.0 811.0 3915.0 814.0 small-vehicle 1
3892.0 787.0 3902.0 783.0 3906.0 796.0 3897.0 799.0 small-vehicle 1
3909.0 820.0 3917.0 817.0 3923.0 831.0 3915.0 834.0 small-vehicle 1
3906.0 921.0 3915.0 918.0 3918.0 932.0 3911.0 934.0 small-vehicle 1
3932.0 944.0 3941.0 941.0 3945.0 954.0 3938.0 957.0 small-vehicle 1
3943.0 985.0 3952.0 982.0 3957.0 994.0 3949.0 998.0 small-vehicle 1
4010.0 1095.0 4017.0 1091.0 4025.0 1105.0 4018.0 1110.0 small-vehicle 1
4074.0 1616.0 4082.0 1614.0 4084.0 1627.0 4075.0 1629.0 small-vehicle 1
4042.0 1170.0 4051.0 1167.0 4056.0 1182.0 4048.0 1186.0 small-vehicle 1
4086.0 1260.0 4094.0 1255.0 4100.0 1270.0 4094.0 1274.0 small-vehicle 1
4072.0 1489.0 4077.0 1498.0 4062.0 1505.0 4056.0 1499.0 small-vehicle 1
3975.0 1599.0 3976.0 1607.0 3965.0 1610.0 3962.0 1603.0 small-vehicle 1
4023.0 1594.0 4026.0 1587.0 4035.0 1590.0 4033.0 1599.0 small-vehicle 1
4022.0 1586.0 4019.0 1579.0 4035.0 1573.0 4037.0 1581.0 small-vehicle 1
4047.0 1579.0 4045.0 1571.0 4059.0 1569.0 4061.0 1576.0 small-vehicle 1
4074.0 1599.0 4083.0 1599.0 4083.0 1613.0 4073.0 1613.0 small-vehicle 1
1788.0 3535.0 1881.0 3520.0 1908.0 3696.0 1821.0 3704.0 ground-track-field 0
