imagesource:GoogleEarth
gsd:0.284597113968
3154.0 533.0 3167.0 534.0 3167.0 563.0 3155.0 564.0 large-vehicle 1
2743.0 2202.0 2743.0 2215.0 2725.0 2214.0 2724.0 2200.0 small-vehicle 1
1463.0 1086.0 1473.0 1092.0 1463.0 1112.0 1452.0 1105.0 small-vehicle 1
1596.0 1196.0 1603.0 1186.0 1617.0 1198.0 1610.0 1207.0 small-vehicle 1
2239.0 1459.0 2245.0 1470.0 2227.0 1482.0 2219.0 1473.0 small-vehicle 1
1951.0 1560.0 1961.0 1566.0 1953.0 1583.0 1943.0 1578.0 small-vehicle 1
2080.0 1679.0 2090.0 1683.0 2083.0 1702.0 2074.0 1697.0 small-vehicle 1
2133.0 1678.0 2133.0 1666.0 2155.0 1669.0 2155.0 1680.0 small-vehicle 1
2101.0 1690.0 2112.0 1697.0 2103.0 1714.0 2093.0 1710.0 small-vehicle 1
2113.0 1697.0 2123.0 1702.0 2115.0 1721.0 2106.0 1717.0 small-vehicle 1
2126.0 1707.0 2137.0 1702.0 2148.0 1717.0 2138.0 1726.0 small-vehicle 1
2143.0 1695.0 2151.0 1689.0 2161.0 1702.0 2152.0 1708.0 small-vehicle 1
2177.0 1813.0 2179.0 1826.0 2162.0 1828.0 2159.0 1816.0 small-vehicle 1
2227.0 1758.0 2239.0 1752.0 2258.0 1781.0 2246.0 1789.0 large-vehicle 1
2248.0 1828.0 2253.0 1842.0 2221.0 1854.0 2215.0 1839.0 large-vehicle 1
2071.0 1815.0 2069.0 1832.0 2033.0 1824.0 2034.0 1807.0 large-vehicle 1
2128.0 2898.0 2140.0 2901.0 2136.0 2925.0 2125.0 2922.0 small-vehicle 1
2156.0 3157.0 2166.0 3162.0 2154.0 3182.0 2144.0 3176.0 small-vehicle 1
1101.0 373.0 1102.0 361.0 1139.0 362.0 1139.0 374.0 large-vehicle 1
1104.0 403.0 1103.0 388.0 1146.0 389.0 1144.0 403.0 large-vehicle 1
1109.0 154.0 1108.0 145.0 1124.0 143.0 1126.0 152.0 small-vehicle 1
1106.0 164.0 1104.0 155.0 1123.0 155.0 1123.0 162.0 small-vehicle 1
1106.0 174.0 1105.0 164.0 1121.0 163.0 1122.0 172.0 small-vehicle 1
1084.0 143.0 1089.0 155.0 1070.0 160.0 1065.0 149.0 small-vehicle 1
928.0 43.0 930.0 55.0 910.0 56.0 908.0 45.0 small-vehicle 1
1442.0 1075.0 1453.0 1080.0 1445.0 1101.0 1434.0 1096.0 small-vehicle 1
1660.0 1064.0 1666.0 1054.0 1682.0 1066.0 1676.0 1076.0 small-vehicle 1
1766.0 266.0 1767.0 279.0 1748.0 280.0 1748.0 267.0 small-vehicle 1
2619.0 1538.0 2610.0 1529.0 2627.0 1513.0 2634.0 1523.0 small-vehicle 1
2827.0 2109.0 2838.0 2112.0 2834.0 2131.0 2825.0 2128.0 small-vehicle 1
2838.0 2110.0 2848.0 2112.0 2844.0 2131.0 2835.0 2129.0 small-vehicle 1
2621.0 2152.0 2632.0 2158.0 2621.0 2178.0 2609.0 2172.0 small-vehicle 1
2202.0 1519.0 2211.0 1526.0 2197.0 1544.0 2188.0 1534.0 small-vehicle 1
2386.0 1435.0 2378.0 1442.0 2366.0 1427.0 2373.0 1419.0 small-vehicle 1
2618.0 1574.0 2626.0 1582.0 2612.0 1594.0 2606.0 1587.0 small-vehicle 1
2558.0 1620.0 2565.0 1629.0 2547.0 1643.0 2539.0 1634.0 small-vehicle 1
2512.0 1654.0 2519.0 1662.0 2504.0 1676.0 2496.0 1668.0 small-vehicle 1
2389.0 1715.0 2383.0 1704.0 2399.0 1692.0 2405.0 1702.0 small-vehicle 1
2479.0 1642.0 2472.0 1633.0 2488.0 1623.0 2494.0 1633.0 small-vehicle 1
2157.0 1544.0 2149.0 1535.0 2162.0 1522.0 2171.0 1533.0 small-vehicle 1
1735.0 267.0 1735.0 280.0 1718.0 279.0 1717.0 267.0 small-vehicle 1
2790.0 855.0 2800.0 855.0 2799.0 877.0 2789.0 876.0 small-vehicle 1
2791.0 833.0 2802.0 835.0 2801.0 852.0 2792.0 852.0 small-vehicle 1
2750.0 862.0 2760.0 866.0 2756.0 887.0 2743.0 884.0 small-vehicle 1
2749.0 831.0 2758.0 830.0 2759.0 851.0 2748.0 851.0 small-vehicle 1
2750.0 804.0 2762.0 804.0 2762.0 823.0 2752.0 823.0 small-vehicle 1
2752.0 781.0 2762.0 781.0 2764.0 799.0 2755.0 800.0 small-vehicle 1
2768.0 138.0 2778.0 138.0 2779.0 159.0 2770.0 160.0 small-vehicle 1
2805.0 59.0 2816.0 58.0 2818.0 78.0 2806.0 79.0 small-vehicle 1
2808.0 41.0 2817.0 41.0 2818.0 57.0 2808.0 58.0 small-vehicle 1
1715.0 266.0 1715.0 280.0 1695.0 280.0 1695.0 267.0 small-vehicle 1
904.0 45.0 908.0 56.0 888.0 60.0 886.0 49.0 small-vehicle 1
776.0 46.0 777.0 58.0 757.0 60.0 755.0 47.0 small-vehicle 1
751.0 47.0 751.0 59.0 735.0 60.0 733.0 49.0 small-vehicle 1
1773.0 1781.0 1814.0 1809.0 1764.0 1887.0 1720.0 1859.0 basketball-court 0
3212.0 1915.0 3578.0 1915.0 3578.0 2552.0 3212.0 2552.0 ground-track-field 0
3278.0 2051.0 3518.0 2051.0 3518.0 2422.0 3278.0 2422.0 soccer-ball-field 0
2220.0 2059.0 2262.0 2087.0 2214.0 2168.0 2170.0 2143.0 basketball-court 0
2166.0 2030.0 2210.0 2055.0 2164.0 2135.0 2119.0 2111.0 basketball-court 0
2117.0 1997.0 2160.0 2024.0 2113.0 2104.0 2070.0 2079.0 basketball-court 0
2211.0 1908.0 2253.0 1932.0 2205.0 2015.0 2162.0 1989.0 basketball-court 0
2029.0 1942.0 2071.0 1968.0 2022.0 2047.0 1975.0 2020.0 basketball-court 0
1977.0 1909.0 2022.0 1936.0 1971.0 2015.0 1923.0 1989.0 basketball-court 0
1922.0 1877.0 1969.0 1904.0 1916.0 1983.0 1871.0 1957.0 basketball-court 0
1823.0 1814.0 1867.0 1841.0 1816.0 1920.0 1771.0 1892.0 basketball-court 0
1719.0 1750.0 1765.0 1777.0 1712.0 1856.0 1667.0 1829.0 basketball-court 0
3679.0 2114.0 3728.0 2114.0 3728.0 2214.0 3679.0 2214.0 basketball-court 0
1625.0 1691.0 1671.0 1717.0 1617.0 1797.0 1573.0 1770.0 basketball-court 0
1573.0 1658.0 1620.0 1687.0 1567.0 1765.0 1520.0 1738.0 basketball-court 0
1522.0 1626.0 1567.0 1653.0 1513.0 1733.0 1467.0 1705.0 basketball-court 0
1426.0 1565.0 1473.0 1593.0 1417.0 1674.0 1370.0 1647.0 basketball-court 0
1379.0 1535.0 1420.0 1560.0 1365.0 1640.0 1322.0 1614.0 basketball-court 0
880.0 709.0 1129.0 709.0 1129.0 1082.0 880.0 1082.0 soccer-ball-field 0
820.0 580.0 1177.0 580.0 1177.0 1210.0 820.0 1210.0 ground-track-field 0
420.0 781.0 456.0 782.0 458.0 860.0 421.0 860.0 tennis-court 0
356.0 781.0 391.0 781.0 394.0 858.0 356.0 858.0 tennis-court 0
276.0 761.0 309.0 774.0 273.0 848.0 242.0 831.0 tennis-court 0
3622.0 2114.0 3673.0 2114.0 3673.0 2212.0 3622.0 2212.0 basketball-court 0
3619.0 2226.0 3671.0 2226.0 3671.0 2326.0 3619.0 2326.0 basketball-court 0
724.0 47.0 725.0 61.0 706.0 61.0 705.0 48.0 small-vehicle 1
3675.0 1683.0 3729.0 1683.0 3729.0 1783.0 3675.0 1783.0 basketball-court 0
683.0 47.0 684.0 58.0 667.0 59.0 666.0 48.0 small-vehicle 1
663.0 44.0 665.0 56.0 646.0 60.0 643.0 47.0 small-vehicle 1
640.0 45.0 640.0 57.0 624.0 57.0 622.0 46.0 small-vehicle 1
617.0 45.0 617.0 57.0 599.0 57.0 598.0 46.0 small-vehicle 1
678.0 154.0 688.0 155.0 688.0 178.0 678.0 177.0 small-vehicle 1
3202.0 1341.0 3607.0 1341.0 3592.0 1773.0 3200.0 1783.0 storage-tank 0
2704.0 4167.0 3056.0 4167.0 3056.0 4794.0 2704.0 4794.0 ground-track-field 0
2755.0 4293.0 2994.0 4293.0 3001.0 4662.0 2761.0 4660.0 soccer-ball-field 0
3091.0 2063.0 3130.0 2069.0 3117.0 2153.0 3078.0 2145.0 tennis-court 0
3111.0 1936.0 3150.0 1943.0 3142.0 2025.0 3096.0 2019.0 tennis-court 0
3621.0 1683.0 3671.0 1683.0 3671.0 1784.0 3621.0 1784.0 basketball-court 0
3678.0 2227.0 3726.0 2227.0 3726.0 2325.0 3678.0 2325.0 basketball-court 0
3677.0 1571.0 3731.0 1571.0 3731.0 1676.0 3677.0 1676.0 basketball-court 0
3619.0 1572.0 3671.0 1572.0 3671.0 1673.0 3619.0 1673.0 basketball-court 0
3678.0 1441.0 3732.0 1441.0 3732.0 1541.0 3678.0 1541.0 basketball-court 0
3620.0 1440.0 3674.0 1440.0 3674.0 1541.0 3620.0 1541.0 basketball-court 0
3678.0 1329.0 3733.0 1329.0 3733.0 1431.0 3678.0 1431.0 basketball-court 0
3619.0 1328.0 3674.0 1328.0 3674.0 1429.0 3619.0 1429.0 basketball-court 0
3674.0 2456.0 3724.0 2456.0 3724.0 2548.0 3674.0 2548.0 basketball-court 1
3615.0 2455.0 3670.0 2455.0 3670.0 2545.0 3615.0 2545.0 basketball-court 1
3675.0 2338.0 3728.0 2338.0 3728.0 2440.0 3675.0 2440.0 basketball-court 0
3616.0 2338.0 3672.0 2338.0 3672.0 2438.0 3616.0 2438.0 basketball-court 0
2760.0 2193.0 2760.0 2205.0 2744.0 2204.0 2743.0 2192.0 small-vehicle 1
2738.0 2232.0 2735.0 2242.0 2717.0 2234.0 2721.0 2224.0 small-vehicle 1
3448.0 614.0 3436.0 615.0 3436.0 592.0 3447.0 592.0 small-vehicle 1
2779.0 2236.0 2762.0 2236.0 2764.0 2191.0 2779.0 2192.0 large-vehicle 1
3522.0 1133.0 3527.0 1143.0 3512.0 1155.0 3507.0 1149.0 small-vehicle 1
3533.0 1147.0 3538.0 1155.0 3525.0 1168.0 3518.0 1163.0 small-vehicle 1
3539.0 1157.0 3546.0 1164.0 3530.0 1177.0 3524.0 1167.0 small-vehicle 1
3553.0 1175.0 3560.0 1183.0 3545.0 1196.0 3538.0 1188.0 small-vehicle 1
3613.0 1060.0 3623.0 1052.0 3637.0 1069.0 3629.0 1076.0 small-vehicle 1
3580.0 1021.0 3591.0 1014.0 3604.0 1029.0 3595.0 1037.0 small-vehicle 1
3459.0 562.0 3446.0 563.0 3446.0 541.0 3457.0 541.0 small-vehicle 1
3460.0 483.0 3445.0 483.0 3446.0 459.0 3458.0 460.0 small-vehicle 1
3429.0 440.0 3432.0 452.0 3406.0 454.0 3407.0 442.0 small-vehicle 1
3429.0 414.0 3429.0 428.0 3408.0 428.0 3407.0 415.0 small-vehicle 1
3423.0 390.0 3424.0 402.0 3403.0 402.0 3402.0 391.0 small-vehicle 1
3380.0 365.0 3380.0 379.0 3359.0 377.0 3358.0 365.0 small-vehicle 1
3383.0 342.0 3384.0 354.0 3363.0 354.0 3363.0 343.0 small-vehicle 1
3381.0 223.0 3382.0 234.0 3359.0 235.0 3359.0 224.0 small-vehicle 1
3383.0 209.0 3383.0 222.0 3360.0 223.0 3361.0 210.0 small-vehicle 1
3385.0 183.0 3385.0 196.0 3361.0 195.0 3361.0 184.0 small-vehicle 1
3388.0 133.0 3385.0 145.0 3362.0 134.0 3365.0 124.0 small-vehicle 1
3449.0 101.0 3444.0 113.0 3426.0 101.0 3431.0 90.0 small-vehicle 1
3417.0 72.0 3413.0 82.0 3391.0 72.0 3396.0 61.0 small-vehicle 1
3422.0 57.0 3417.0 68.0 3395.0 58.0 3403.0 47.0 small-vehicle 1
3499.0 83.0 3489.0 75.0 3504.0 58.0 3511.0 67.0 small-vehicle 1
3117.0 265.0 3132.0 265.0 3133.0 300.0 3116.0 299.0 large-vehicle 1
3126.0 350.0 3138.0 350.0 3138.0 372.0 3127.0 372.0 small-vehicle 1
3512.0 1125.0 3519.0 1135.0 3505.0 1147.0 3499.0 1140.0 small-vehicle 1
3513.0 1098.0 3522.0 1100.0 3518.0 1117.0 3510.0 1115.0 small-vehicle 1
3561.0 1128.0 3553.0 1118.0 3570.0 1106.0 3577.0 1115.0 small-vehicle 1
3461.0 3062.0 3460.0 3054.0 3478.0 3050.0 3479.0 3060.0 small-vehicle 1
3486.0 1123.0 3476.0 1114.0 3491.0 1100.0 3501.0 1110.0 small-vehicle 1
3082.0 4755.0 3092.0 4760.0 3080.0 4781.0 3071.0 4774.0 small-vehicle 1
3127.0 3823.0 3130.0 3811.0 3148.0 3813.0 3148.0 3826.0 small-vehicle 1
3414.0 3310.0 3420.0 3321.0 3404.0 3329.0 3398.0 3322.0 small-vehicle 1
3469.0 3279.0 3475.0 3292.0 3460.0 3299.0 3454.0 3289.0 small-vehicle 1
3486.0 3270.0 3494.0 3280.0 3479.0 3289.0 3472.0 3279.0 small-vehicle 1
3509.0 3260.0 3514.0 3269.0 3501.0 3277.0 3494.0 3268.0 small-vehicle 1
3581.0 3189.0 3592.0 3190.0 3589.0 3209.0 3578.0 3207.0 small-vehicle 1
3451.0 3041.0 3446.0 3032.0 3467.0 3023.0 3472.0 3033.0 small-vehicle 1
3457.0 3051.0 3453.0 3043.0 3473.0 3036.0 3476.0 3045.0 small-vehicle 1
3523.0 3083.0 3525.0 3072.0 3544.0 3076.0 3543.0 3089.0 small-vehicle 1
3579.0 1148.0 3571.0 1139.0 3587.0 1127.0 3593.0 1135.0 small-vehicle 1
3533.0 3022.0 3535.0 3011.0 3557.0 3014.0 3556.0 3026.0 small-vehicle 1
3394.0 2963.0 3394.0 2950.0 3417.0 2951.0 3419.0 2963.0 small-vehicle 1
3279.0 2738.0 3276.0 2751.0 3254.0 2744.0 3258.0 2733.0 small-vehicle 1
3325.0 2733.0 3323.0 2745.0 3303.0 2740.0 3306.0 2729.0 small-vehicle 1
3651.0 1924.0 3665.0 1926.0 3665.0 1950.0 3651.0 1951.0 small-vehicle 1
3491.0 1087.0 3482.0 1097.0 3453.0 1063.0 3461.0 1054.0 large-vehicle 1
3499.0 1077.0 3489.0 1083.0 3462.0 1054.0 3473.0 1046.0 large-vehicle 1
3513.0 1069.0 3504.0 1078.0 3477.0 1048.0 3488.0 1040.0 large-vehicle 1
3592.0 1217.0 3602.0 1208.0 3630.0 1241.0 3621.0 1250.0 large-vehicle 1
3587.0 1160.0 3579.0 1150.0 3598.0 1138.0 3603.0 1146.0 small-vehicle 1
3114.0 429.0 3130.0 429.0 3129.0 464.0 3115.0 463.0 small-vehicle 1
3108.0 947.0 3126.0 949.0 3125.0 981.0 3108.0 981.0 small-vehicle 1
3011.0 1404.0 3024.0 1405.0 3023.0 1428.0 3009.0 1426.0 small-vehicle 1
2527.0 3693.0 2522.0 3702.0 2507.0 3692.0 2512.0 3683.0 small-vehicle 1
3107.0 4767.0 3117.0 4769.0 3114.0 4786.0 3105.0 4784.0 small-vehicle 1
3111.0 4745.0 3121.0 4747.0 3118.0 4764.0 3108.0 4760.0 small-vehicle 1
3124.0 4702.0 3134.0 4706.0 3129.0 4724.0 3118.0 4721.0 small-vehicle 1
3096.0 4706.0 3089.0 4697.0 3103.0 4682.0 3109.0 4691.0 small-vehicle 1
2509.0 4504.0 2524.0 4501.0 2529.0 4528.0 2517.0 4530.0 small-vehicle 1
2391.0 4050.0 2379.0 4051.0 2379.0 4023.0 2391.0 4024.0 small-vehicle 1
2435.0 4036.0 2446.0 4038.0 2443.0 4060.0 2433.0 4059.0 small-vehicle 1
2398.0 3808.0 2409.0 3809.0 2408.0 3826.0 2397.0 3826.0 small-vehicle 1
2696.0 3751.0 2696.0 3763.0 2674.0 3763.0 2674.0 3750.0 small-vehicle 1
2648.0 3747.0 2647.0 3760.0 2624.0 3755.0 2627.0 3742.0 small-vehicle 1
2565.0 3545.0 2577.0 3543.0 2580.0 3563.0 2568.0 3563.0 small-vehicle 1
2955.0 4090.0 2947.0 4082.0 2960.0 4068.0 2968.0 4076.0 small-vehicle 1
2603.0 3220.0 2612.0 3224.0 2605.0 3240.0 2596.0 3238.0 small-vehicle 1
2277.0 3217.0 2283.0 3229.0 2267.0 3238.0 2262.0 3228.0 small-vehicle 1
2771.0 3348.0 2782.0 3352.0 2776.0 3372.0 2764.0 3367.0 small-vehicle 1
2788.0 3298.0 2799.0 3302.0 2791.0 3321.0 2782.0 3318.0 small-vehicle 1
2706.0 2442.0 2706.0 2433.0 2727.0 2433.0 2727.0 2443.0 small-vehicle 1
2705.0 2432.0 2705.0 2423.0 2728.0 2423.0 2728.0 2433.0 small-vehicle 1
2747.0 2314.0 2741.0 2332.0 2699.0 2312.0 2704.0 2295.0 large-vehicle 1
2752.0 2289.0 2747.0 2302.0 2706.0 2284.0 2715.0 2268.0 large-vehicle 1
2770.0 2297.0 2754.0 2291.0 2767.0 2250.0 2779.0 2254.0 large-vehicle 1
2800.0 2303.0 2784.0 2300.0 2795.0 2254.0 2809.0 2259.0 large-vehicle 1
2933.0 4067.0 2941.0 4055.0 2956.0 4068.0 2950.0 4079.0 small-vehicle 1
2902.0 3968.0 2895.0 3977.0 2882.0 3964.0 2889.0 3957.0 small-vehicle 1
2987.0 1619.0 2997.0 1622.0 2992.0 1642.0 2982.0 1639.0 small-vehicle 1
3097.0 3645.0 3100.0 3655.0 3084.0 3662.0 3082.0 3653.0 small-vehicle 1
3151.0 2696.0 3149.0 2711.0 3128.0 2706.0 3131.0 2692.0 small-vehicle 1
2911.0 2699.0 2917.0 2689.0 2933.0 2701.0 2928.0 2711.0 small-vehicle 1
2884.0 2736.0 2890.0 2725.0 2905.0 2735.0 2901.0 2746.0 small-vehicle 1
2826.0 3361.0 2831.0 3352.0 2848.0 3359.0 2844.0 3371.0 small-vehicle 1
3003.0 3374.0 3016.0 3376.0 3011.0 3400.0 2998.0 3397.0 small-vehicle 1
3256.0 3639.0 3246.0 3638.0 3247.0 3616.0 3257.0 3617.0 small-vehicle 1
3256.0 3663.0 3246.0 3662.0 3246.0 3642.0 3257.0 3642.0 small-vehicle 1
3246.0 3744.0 3237.0 3743.0 3236.0 3726.0 3247.0 3726.0 small-vehicle 1
3244.0 3764.0 3236.0 3763.0 3237.0 3747.0 3244.0 3747.0 small-vehicle 1
3242.0 3790.0 3232.0 3789.0 3232.0 3769.0 3243.0 3769.0 small-vehicle 1
3096.0 3637.0 3099.0 3646.0 3082.0 3652.0 3078.0 3644.0 small-vehicle 1
2939.0 3925.0 2931.0 3933.0 2919.0 3920.0 2926.0 3912.0 small-vehicle 1
3093.0 3627.0 3096.0 3637.0 3079.0 3644.0 3074.0 3635.0 small-vehicle 1
3089.0 3619.0 3092.0 3627.0 3076.0 3634.0 3071.0 3627.0 small-vehicle 1
3084.0 3606.0 3089.0 3618.0 3071.0 3627.0 3066.0 3617.0 small-vehicle 1
3106.0 3663.0 3108.0 3674.0 3088.0 3679.0 3086.0 3670.0 small-vehicle 1
3105.0 3675.0 3107.0 3682.0 3087.0 3689.0 3086.0 3680.0 small-vehicle 1
3106.0 3685.0 3108.0 3695.0 3089.0 3698.0 3087.0 3691.0 small-vehicle 1
3107.0 3733.0 3110.0 3743.0 3089.0 3747.0 3088.0 3736.0 small-vehicle 1
3110.0 3745.0 3112.0 3755.0 3091.0 3759.0 3089.0 3749.0 small-vehicle 1
2891.0 4000.0 2899.0 3990.0 2913.0 4004.0 2906.0 4013.0 small-vehicle 1
2932.0 3936.0 2924.0 3943.0 2909.0 3930.0 2917.0 3922.0 small-vehicle 1
223.0 732.0 252.0 745.0 218.0 816.0 188.0 802.0 tennis-court 0
