imagesource:GoogleEarth
gsd:0.132949426095
1078.0 1019.0 1098.0 1024.0 1084.0 1079.0 1064.0 1072.0 large-vehicle 1
1011.0 246.0 1016.0 229.0 1056.0 242.0 1049.0 261.0 large-vehicle 0
1592.0 3863.0 1575.0 3857.0 1587.0 3810.0 1601.0 3815.0 large-vehicle 0
2083.0 953.0 2067.0 950.0 2076.0 907.0 2090.0 912.0 large-vehicle 0
2098.0 908.0 2112.0 910.0 2103.0 952.0 2087.0 948.0 large-vehicle 0
2119.0 912.0 2134.0 915.0 2122.0 955.0 2109.0 948.0 large-vehicle 0
2140.0 969.0 2125.0 964.0 2132.0 930.0 2149.0 933.0 large-vehicle 0
1926.0 1405.0 1906.0 1410.0 1889.0 1350.0 1911.0 1346.0 large-vehicle 0
1021.0 219.0 1027.0 199.0 1064.0 212.0 1059.0 232.0 large-vehicle 0
1139.0 2096.0 1145.0 2077.0 1180.0 2089.0 1174.0 2109.0 small-vehicle 1
1493.0 3854.0 1496.0 3837.0 1541.0 3847.0 1539.0 3862.0 large-vehicle 0
1189.0 2063.0 1182.0 2083.0 1147.0 2069.0 1152.0 2053.0 small-vehicle 0
1370.0 3258.0 1390.0 3249.0 1403.0 3293.0 1386.0 3299.0 large-vehicle 0
1324.0 3439.0 1304.0 3435.0 1311.0 3395.0 1331.0 3398.0 large-vehicle 0
346.0 3325.0 325.0 3321.0 332.0 3280.0 352.0 3284.0 small-vehicle 0
316.0 3314.0 296.0 3312.0 301.0 3273.0 320.0 3273.0 small-vehicle 0
254.0 3311.0 235.0 3307.0 241.0 3273.0 255.0 3274.0 small-vehicle 0
228.0 3313.0 210.0 3310.0 218.0 3274.0 233.0 3279.0 small-vehicle 0
1563.0 3813.0 1579.0 3818.0 1568.0 3859.0 1553.0 3854.0 large-vehicle 0
1498.0 3833.0 1501.0 3815.0 1546.0 3828.0 1544.0 3841.0 large-vehicle 0
346.0 934.0 353.0 921.0 381.0 933.0 376.0 948.0 small-vehicle 0
1130.0 2817.0 1112.0 2810.0 1126.0 2756.0 1144.0 2763.0 large-vehicle 0
1226.0 1038.0 1206.0 1028.0 1223.0 969.0 1243.0 975.0 large-vehicle 0
1269.0 1101.0 1248.0 1095.0 1275.0 986.0 1297.0 992.0 large-vehicle 0
1294.0 1110.0 1275.0 1104.0 1305.0 993.0 1325.0 999.0 large-vehicle 0
1320.0 1116.0 1299.0 1110.0 1328.0 1000.0 1350.0 1005.0 large-vehicle 0
1345.0 1123.0 1326.0 1117.0 1356.0 1006.0 1376.0 1014.0 large-vehicle 0
1081.0 2822.0 1063.0 2816.0 1075.0 2759.0 1094.0 2764.0 large-vehicle 0
1109.0 2811.0 1089.0 2806.0 1104.0 2750.0 1123.0 2756.0 large-vehicle 0
1078.0 2894.0 1072.0 2874.0 1116.0 2850.0 1126.0 2868.0 large-vehicle 0
1553.0 3806.0 1549.0 3820.0 1504.0 3812.0 1507.0 3797.0 large-vehicle 0
1073.0 2942.0 1064.0 2920.0 1112.0 2906.0 1118.0 2923.0 large-vehicle 0
1252.0 3179.0 1232.0 3186.0 1200.0 3119.0 1219.0 3110.0 large-vehicle 0
1268.0 3155.0 1251.0 3162.0 1219.0 3092.0 1238.0 3083.0 large-vehicle 0
1405.0 3240.0 1423.0 3230.0 1442.0 3278.0 1427.0 3284.0 large-vehicle 0
1595.0 3692.0 1609.0 3682.0 1634.0 3725.0 1620.0 3737.0 large-vehicle 0
1512.0 3769.0 1517.0 3752.0 1558.0 3762.0 1555.0 3777.0 large-vehicle 0
1507.0 3795.0 1510.0 3777.0 1556.0 3784.0 1553.0 3802.0 large-vehicle 0
356.0 878.0 361.0 861.0 398.0 872.0 393.0 888.0 small-vehicle 0
336.0 955.0 340.0 941.0 369.0 952.0 364.0 966.0 small-vehicle 0
1208.0 2149.0 1213.0 2133.0 1251.0 2145.0 1246.0 2160.0 small-vehicle 0
1055.0 2512.0 1051.0 2530.0 1020.0 2520.0 1022.0 2505.0 small-vehicle 0
628.0 1804.0 644.0 1807.0 634.0 1845.0 619.0 1840.0 small-vehicle 0
699.0 1824.0 719.0 1828.0 711.0 1868.0 691.0 1862.0 small-vehicle 0
982.0 144.0 996.0 132.0 1013.0 163.0 1001.0 172.0 small-vehicle 0
1204.0 2006.0 1188.0 2002.0 1195.0 1969.0 1212.0 1973.0 small-vehicle 0
1186.0 2001.0 1171.0 1998.0 1178.0 1963.0 1195.0 1968.0 small-vehicle 0
1162.0 2154.0 1158.0 2172.0 1121.0 2160.0 1124.0 2145.0 small-vehicle 0
1166.0 2132.0 1180.0 2134.0 1175.0 2174.0 1160.0 2168.0 small-vehicle 0
1060.0 2497.0 1055.0 2510.0 1024.0 2504.0 1028.0 2488.0 small-vehicle 0
592.0 1797.0 609.0 1802.0 602.0 1828.0 587.0 1824.0 small-vehicle 0
1066.0 2480.0 1062.0 2494.0 1029.0 2485.0 1033.0 2471.0 small-vehicle 0
1071.0 2461.0 1067.0 2477.0 1032.0 2469.0 1037.0 2454.0 small-vehicle 0
1074.0 2442.0 1073.0 2456.0 1038.0 2451.0 1040.0 2436.0 small-vehicle 0
1082.0 2428.0 1077.0 2442.0 1041.0 2433.0 1046.0 2417.0 small-vehicle 0
1084.0 2408.0 1082.0 2423.0 1048.0 2417.0 1052.0 2403.0 small-vehicle 0
1090.0 2391.0 1088.0 2405.0 1051.0 2397.0 1056.0 2384.0 small-vehicle 0
1101.0 2353.0 1098.0 2370.0 1064.0 2359.0 1069.0 2344.0 small-vehicle 0
570.0 1789.0 587.0 1792.0 580.0 1827.0 565.0 1823.0 small-vehicle 0
376.0 2319.0 371.0 2335.0 341.0 2327.0 344.0 2313.0 small-vehicle 0
332.0 976.0 337.0 961.0 365.0 973.0 360.0 985.0 small-vehicle 0
758.0 2388.0 773.0 2394.0 763.0 2425.0 747.0 2421.0 small-vehicle 0
321.0 991.0 328.0 976.0 358.0 989.0 351.0 1003.0 small-vehicle 0
485.0 1460.0 467.0 1454.0 479.0 1419.0 496.0 1424.0 small-vehicle 0
218.0 2331.0 233.0 2329.0 238.0 2357.0 223.0 2361.0 small-vehicle 0
443.0 2326.0 455.0 2332.0 445.0 2368.0 432.0 2365.0 small-vehicle 0
514.0 2355.0 531.0 2359.0 523.0 2397.0 505.0 2394.0 small-vehicle 0
572.0 2328.0 587.0 2333.0 580.0 2368.0 562.0 2364.0 small-vehicle 0
645.0 2434.0 629.0 2428.0 640.0 2393.0 656.0 2397.0 small-vehicle 0
775.0 2394.0 792.0 2399.0 783.0 2432.0 765.0 2426.0 small-vehicle 0
694.0 2402.0 708.0 2406.0 698.0 2446.0 683.0 2442.0 small-vehicle 0
738.0 2379.0 754.0 2388.0 746.0 2422.0 729.0 2419.0 small-vehicle 0
721.0 2374.0 736.0 2379.0 729.0 2412.0 715.0 2408.0 small-vehicle 0
688.0 2355.0 703.0 2362.0 694.0 2400.0 679.0 2399.0 small-vehicle 0
632.0 2341.0 647.0 2346.0 640.0 2386.0 625.0 2382.0 small-vehicle 0
765.0 2428.0 780.0 2433.0 773.0 2466.0 757.0 2462.0 small-vehicle 0
745.0 2422.0 761.0 2426.0 754.0 2458.0 739.0 2454.0 small-vehicle 0
710.0 2413.0 726.0 2418.0 718.0 2452.0 701.0 2448.0 small-vehicle 0
1202.0 1038.0 1180.0 1030.0 1199.0 964.0 1219.0 968.0 large-vehicle 0
1179.0 1021.0 1162.0 1017.0 1172.0 957.0 1194.0 962.0 large-vehicle 0
1072.0 974.0 1051.0 967.0 1068.0 896.0 1091.0 902.0 large-vehicle 0
494.0 2859.0 491.0 2879.0 444.0 2869.0 450.0 2850.0 large-vehicle 0
344.0 2930.0 362.0 2939.0 345.0 2979.0 326.0 2971.0 large-vehicle 0
346.0 2892.0 322.0 2896.0 308.0 2838.0 328.0 2834.0 large-vehicle 0
316.0 2884.0 296.0 2891.0 281.0 2838.0 300.0 2831.0 large-vehicle 0
370.0 2895.0 348.0 2901.0 338.0 2849.0 357.0 2844.0 large-vehicle 0
392.0 2903.0 372.0 2906.0 363.0 2854.0 384.0 2850.0 large-vehicle 0
416.0 2910.0 398.0 2911.0 389.0 2855.0 411.0 2851.0 large-vehicle 0
442.0 2915.0 419.0 2916.0 419.0 2862.0 439.0 2859.0 large-vehicle 0
494.0 2930.0 475.0 2926.0 483.0 2886.0 499.0 2887.0 large-vehicle 0
298.0 2919.0 315.0 2928.0 291.0 2976.0 274.0 2968.0 large-vehicle 0
483.0 2980.0 466.0 2974.0 473.0 2935.0 489.0 2936.0 large-vehicle 0
474.0 3032.0 456.0 3029.0 463.0 2987.0 483.0 2990.0 large-vehicle 0
468.0 3080.0 448.0 3076.0 455.0 3036.0 474.0 3037.0 large-vehicle 0
548.0 3189.0 551.0 3169.0 617.0 3176.0 615.0 3197.0 large-vehicle 0
664.0 3207.0 667.0 3184.0 724.0 3194.0 722.0 3214.0 large-vehicle 0
725.0 3216.0 726.0 3196.0 779.0 3206.0 779.0 3223.0 large-vehicle 0
780.0 3222.0 781.0 3203.0 836.0 3212.0 832.0 3228.0 large-vehicle 0
321.0 2924.0 338.0 2933.0 316.0 2987.0 297.0 2977.0 large-vehicle 0
217.0 3013.0 238.0 3018.0 229.0 3063.0 207.0 3058.0 large-vehicle 0
1039.0 962.0 1016.0 955.0 1036.0 890.0 1056.0 894.0 large-vehicle 0
418.0 2979.0 409.0 2996.0 364.0 2974.0 371.0 2956.0 large-vehicle 0
275.0 3074.0 287.0 3088.0 251.0 3122.0 239.0 3109.0 large-vehicle 0
302.0 3079.0 314.0 3092.0 279.0 3136.0 262.0 3121.0 large-vehicle 0
327.0 3083.0 340.0 3095.0 310.0 3141.0 292.0 3130.0 large-vehicle 0
355.0 3088.0 369.0 3102.0 338.0 3147.0 322.0 3135.0 large-vehicle 0
379.0 3092.0 396.0 3106.0 367.0 3152.0 350.0 3139.0 large-vehicle 0
402.0 3099.0 422.0 3107.0 396.0 3158.0 376.0 3148.0 large-vehicle 0
424.0 2957.0 414.0 2972.0 366.0 2947.0 375.0 2928.0 large-vehicle 0
416.0 3005.0 408.0 3023.0 358.0 3002.0 366.0 2981.0 large-vehicle 0
231.0 2964.0 248.0 2967.0 238.0 3011.0 220.0 3007.0 large-vehicle 0
410.0 3028.0 403.0 3046.0 350.0 3028.0 356.0 3007.0 large-vehicle 0
405.0 3051.0 398.0 3072.0 345.0 3054.0 349.0 3033.0 large-vehicle 0
337.0 3050.0 318.0 3050.0 320.0 2998.0 341.0 2996.0 large-vehicle 0
315.0 3043.0 294.0 3044.0 295.0 2989.0 314.0 2986.0 large-vehicle 0
291.0 3035.0 274.0 3036.0 269.0 2990.0 290.0 2985.0 large-vehicle 0
255.0 2851.0 274.0 2855.0 264.0 2910.0 241.0 2906.0 large-vehicle 0
242.0 2912.0 260.0 2914.0 251.0 2958.0 232.0 2953.0 large-vehicle 0
832.0 3233.0 835.0 3211.0 878.0 3220.0 876.0 3238.0 large-vehicle 0
877.0 3243.0 879.0 3222.0 930.0 3230.0 927.0 3246.0 large-vehicle 0
946.0 3239.0 928.0 3234.0 934.0 3186.0 956.0 3189.0 large-vehicle 0
1016.0 3029.0 1017.0 3007.0 1075.0 3017.0 1072.0 3035.0 large-vehicle 0
354.0 3280.0 370.0 3284.0 365.0 3329.0 347.0 3327.0 large-vehicle 0
1010.0 3194.0 1009.0 3175.0 1065.0 3184.0 1060.0 3202.0 large-vehicle 0
1008.0 3170.0 1012.0 3151.0 1070.0 3159.0 1067.0 3178.0 large-vehicle 0
1019.0 3148.0 1019.0 3129.0 1064.0 3132.0 1065.0 3148.0 large-vehicle 0
1018.0 3127.0 1018.0 3107.0 1068.0 3111.0 1068.0 3130.0 large-vehicle 0
1016.0 3094.0 1025.0 3076.0 1078.0 3092.0 1073.0 3110.0 large-vehicle 0
1022.0 3058.0 1021.0 3037.0 1081.0 3039.0 1081.0 3060.0 large-vehicle 0
1050.0 3012.0 1051.0 2992.0 1103.0 2998.0 1101.0 3018.0 large-vehicle 0
959.0 3186.0 936.0 3183.0 945.0 3135.0 964.0 3138.0 large-vehicle 0
964.0 2987.0 947.0 2975.0 967.0 2925.0 988.0 2935.0 large-vehicle 0
943.0 2978.0 925.0 2969.0 945.0 2926.0 959.0 2933.0 large-vehicle 0
919.0 2974.0 902.0 2964.0 922.0 2917.0 940.0 2927.0 large-vehicle 0
903.0 2970.0 882.0 2963.0 897.0 2919.0 915.0 2924.0 large-vehicle 0
877.0 2974.0 861.0 2968.0 874.0 2912.0 894.0 2916.0 large-vehicle 0
858.0 2961.0 840.0 2956.0 846.0 2907.0 869.0 2912.0 large-vehicle 0
724.0 2895.0 722.0 2913.0 678.0 2908.0 681.0 2888.0 large-vehicle 0
984.0 3037.0 1004.0 3042.0 1001.0 3093.0 978.0 3091.0 large-vehicle 0
961.0 3033.0 979.0 3035.0 973.0 3090.0 952.0 3085.0 large-vehicle 0
940.0 3024.0 962.0 3032.0 948.0 3089.0 927.0 3083.0 large-vehicle 0
922.0 3026.0 939.0 3032.0 930.0 3087.0 907.0 3082.0 large-vehicle 0
912.0 3149.0 896.0 3136.0 922.0 3099.0 936.0 3108.0 large-vehicle 0
733.0 3175.0 728.0 3155.0 787.0 3137.0 795.0 3158.0 large-vehicle 0
734.0 3116.0 715.0 3111.0 730.0 3063.0 751.0 3070.0 large-vehicle 0
762.0 3122.0 742.0 3112.0 762.0 3062.0 782.0 3068.0 large-vehicle 0
744.0 2992.0 766.0 2996.0 758.0 3050.0 735.0 3047.0 large-vehicle 0
767.0 2999.0 789.0 3004.0 780.0 3058.0 758.0 3055.0 large-vehicle 0
791.0 3001.0 808.0 3003.0 802.0 3061.0 780.0 3056.0 large-vehicle 0
812.0 3001.0 831.0 3003.0 827.0 3062.0 804.0 3060.0 large-vehicle 0
830.0 3006.0 851.0 3009.0 847.0 3066.0 827.0 3064.0 large-vehicle 0
875.0 3014.0 895.0 3019.0 886.0 3074.0 864.0 3068.0 large-vehicle 0
808.0 3129.0 791.0 3118.0 818.0 3073.0 834.0 3085.0 large-vehicle 0
835.0 3134.0 819.0 3124.0 842.0 3076.0 862.0 3089.0 large-vehicle 0
855.0 3139.0 842.0 3127.0 871.0 3080.0 888.0 3092.0 large-vehicle 0
886.0 3143.0 867.0 3130.0 893.0 3086.0 912.0 3098.0 large-vehicle 0
901.0 3021.0 919.0 3024.0 911.0 3072.0 890.0 3068.0 large-vehicle 0
1089.0 2268.0 1094.0 2250.0 1130.0 2261.0 1122.0 2277.0 small-vehicle 0
1204.0 2167.0 1208.0 2151.0 1244.0 2160.0 1242.0 2177.0 small-vehicle 0
1121.0 1025.0 1141.0 1031.0 1129.0 1089.0 1110.0 1083.0 large-vehicle 1
1100.0 2247.0 1105.0 2231.0 1135.0 2240.0 1131.0 2256.0 small-vehicle 0
1058.0 2673.0 1062.0 2656.0 1095.0 2665.0 1090.0 2682.0 small-vehicle 0
895.0 2665.0 910.0 2669.0 902.0 2702.0 886.0 2698.0 small-vehicle 0
912.0 2670.0 930.0 2675.0 921.0 2707.0 905.0 2703.0 small-vehicle 0
1129.0 2140.0 1135.0 2123.0 1164.0 2134.0 1159.0 2151.0 small-vehicle 0
1116.0 2178.0 1120.0 2161.0 1157.0 2173.0 1153.0 2190.0 small-vehicle 0
1112.0 2199.0 1116.0 2184.0 1146.0 2195.0 1141.0 2208.0 small-vehicle 0
1102.0 2221.0 1106.0 2204.0 1140.0 2215.0 1136.0 2231.0 small-vehicle 0
1084.0 2285.0 1089.0 2268.0 1122.0 2278.0 1119.0 2294.0 small-vehicle 0
1047.0 2709.0 1052.0 2693.0 1082.0 2702.0 1080.0 2717.0 small-vehicle 0
1079.0 2307.0 1084.0 2288.0 1117.0 2299.0 1112.0 2317.0 small-vehicle 0
1074.0 2324.0 1079.0 2307.0 1112.0 2318.0 1107.0 2333.0 small-vehicle 0
1069.0 2344.0 1074.0 2325.0 1107.0 2335.0 1102.0 2352.0 small-vehicle 0
1058.0 2378.0 1062.0 2360.0 1097.0 2372.0 1093.0 2388.0 small-vehicle 0
1010.0 2533.0 1014.0 2518.0 1043.0 2531.0 1039.0 2544.0 small-vehicle 0
853.0 2539.0 871.0 2545.0 862.0 2581.0 845.0 2576.0 small-vehicle 0
871.0 2544.0 888.0 2550.0 880.0 2582.0 865.0 2579.0 small-vehicle 0
1052.0 2691.0 1057.0 2675.0 1092.0 2686.0 1087.0 2701.0 small-vehicle 0
1043.0 2725.0 1047.0 2710.0 1079.0 2718.0 1075.0 2735.0 small-vehicle 0
1069.0 2635.0 1073.0 2619.0 1104.0 2628.0 1100.0 2645.0 small-vehicle 0
859.0 2652.0 875.0 2657.0 866.0 2693.0 849.0 2690.0 small-vehicle 0
804.0 2566.0 820.0 2573.0 809.0 2609.0 793.0 2604.0 small-vehicle 0
797.0 2520.0 813.0 2524.0 804.0 2558.0 790.0 2555.0 small-vehicle 0
816.0 2528.0 831.0 2533.0 823.0 2565.0 807.0 2560.0 small-vehicle 0
834.0 2533.0 852.0 2538.0 842.0 2572.0 825.0 2568.0 small-vehicle 0
821.0 2572.0 840.0 2578.0 829.0 2614.0 812.0 2610.0 small-vehicle 0
841.0 2581.0 857.0 2586.0 847.0 2622.0 831.0 2617.0 small-vehicle 0
861.0 2584.0 876.0 2587.0 867.0 2622.0 851.0 2618.0 small-vehicle 0
878.0 2656.0 894.0 2660.0 884.0 2698.0 867.0 2693.0 small-vehicle 0
1037.0 2743.0 1042.0 2728.0 1073.0 2738.0 1069.0 2753.0 small-vehicle 0
879.0 2586.0 895.0 2590.0 887.0 2626.0 870.0 2621.0 small-vehicle 0
897.0 2592.0 912.0 2597.0 904.0 2630.0 889.0 2626.0 small-vehicle 0
915.0 2594.0 932.0 2600.0 921.0 2635.0 905.0 2630.0 small-vehicle 0
932.0 2599.0 947.0 2604.0 939.0 2637.0 923.0 2633.0 small-vehicle 0
950.0 2605.0 964.0 2611.0 955.0 2641.0 941.0 2637.0 small-vehicle 0
967.0 2610.0 982.0 2615.0 974.0 2648.0 959.0 2643.0 small-vehicle 0
903.0 2654.0 907.0 2638.0 940.0 2649.0 936.0 2664.0 small-vehicle 0
1063.0 2655.0 1067.0 2639.0 1101.0 2649.0 1096.0 2666.0 small-vehicle 0
1111.0 2612.0 1107.0 2627.0 1080.0 2618.0 1084.0 2604.0 small-vehicle 0
1197.0 2187.0 1204.0 2169.0 1241.0 2181.0 1235.0 2198.0 small-vehicle 0
1021.0 2647.0 1016.0 2666.0 981.0 2653.0 987.0 2636.0 small-vehicle 1
980.0 2574.0 996.0 2578.0 988.0 2611.0 970.0 2605.0 small-vehicle 0
933.0 2671.0 948.0 2676.0 938.0 2716.0 923.0 2710.0 small-vehicle 0
948.0 2677.0 964.0 2681.0 955.0 2719.0 938.0 2714.0 small-vehicle 0
995.0 2719.0 989.0 2733.0 958.0 2723.0 963.0 2709.0 small-vehicle 0
1005.0 2703.0 1001.0 2719.0 968.0 2709.0 972.0 2693.0 small-vehicle 1
1011.0 2682.0 1006.0 2699.0 970.0 2688.0 973.0 2671.0 small-vehicle 1
1014.0 2664.0 1011.0 2681.0 974.0 2672.0 980.0 2654.0 small-vehicle 1
1025.0 2625.0 1021.0 2642.0 989.0 2630.0 994.0 2615.0 small-vehicle 1
943.0 2563.0 960.0 2568.0 950.0 2599.0 935.0 2595.0 small-vehicle 0
1032.0 2610.0 1026.0 2626.0 993.0 2614.0 997.0 2599.0 small-vehicle 1
1038.0 2590.0 1031.0 2608.0 998.0 2599.0 1003.0 2579.0 small-vehicle 1
1000.0 135.0 1013.0 149.0 1022.0 140.0 1009.0 129.0 small-vehicle 0
1006.0 263.0 1010.0 247.0 1042.0 258.0 1037.0 275.0 small-vehicle 0
927.0 450.0 909.0 443.0 920.0 408.0 939.0 412.0 small-vehicle 0
973.0 1925.0 978.0 1908.0 1006.0 1920.0 1000.0 1934.0 small-vehicle 0
1807.0 1960.0 1804.0 1976.0 1774.0 1970.0 1776.0 1954.0 small-vehicle 0
962.0 2569.0 977.0 2573.0 968.0 2602.0 954.0 2598.0 small-vehicle 0
925.0 2558.0 941.0 2563.0 932.0 2595.0 917.0 2591.0 small-vehicle 0
1079.0 2602.0 1084.0 2582.0 1117.0 2593.0 1112.0 2613.0 small-vehicle 0
1130.0 2441.0 1135.0 2422.0 1163.0 2431.0 1159.0 2448.0 small-vehicle 0
1085.0 2581.0 1089.0 2565.0 1120.0 2575.0 1116.0 2590.0 small-vehicle 0
1089.0 2564.0 1094.0 2548.0 1126.0 2559.0 1121.0 2575.0 small-vehicle 0
1094.0 2545.0 1099.0 2530.0 1132.0 2539.0 1126.0 2557.0 small-vehicle 0
1103.0 2528.0 1107.0 2513.0 1139.0 2523.0 1134.0 2539.0 small-vehicle 0
1105.0 2510.0 1110.0 2493.0 1145.0 2504.0 1140.0 2521.0 small-vehicle 0
1110.0 2490.0 1114.0 2476.0 1149.0 2486.0 1143.0 2503.0 small-vehicle 0
1120.0 2456.0 1125.0 2440.0 1161.0 2450.0 1156.0 2466.0 small-vehicle 0
1130.0 2420.0 1135.0 2402.0 1168.0 2412.0 1164.0 2430.0 small-vehicle 0
907.0 2553.0 922.0 2557.0 915.0 2588.0 899.0 2584.0 small-vehicle 0
1143.0 2385.0 1147.0 2366.0 1185.0 2378.0 1179.0 2395.0 small-vehicle 0
1159.0 2328.0 1164.0 2313.0 1196.0 2324.0 1191.0 2339.0 small-vehicle 0
1166.0 2313.0 1171.0 2297.0 1203.0 2305.0 1199.0 2323.0 small-vehicle 0
1182.0 2257.0 1186.0 2242.0 1218.0 2252.0 1214.0 2267.0 small-vehicle 0
1178.0 2275.0 1182.0 2261.0 1210.0 2270.0 1206.0 2284.0 small-vehicle 0
1167.0 2294.0 1172.0 2275.0 1210.0 2287.0 1204.0 2304.0 small-vehicle 0
891.0 2548.0 907.0 2553.0 897.0 2588.0 880.0 2583.0 small-vehicle 0
841.0 2650.0 857.0 2655.0 847.0 2688.0 831.0 2685.0 small-vehicle 0
824.0 2642.0 840.0 2646.0 829.0 2682.0 815.0 2677.0 small-vehicle 0
806.0 2637.0 821.0 2642.0 811.0 2679.0 796.0 2673.0 small-vehicle 0
976.0 2887.0 993.0 2892.0 984.0 2927.0 965.0 2923.0 small-vehicle 0
843.0 2863.0 858.0 2866.0 855.0 2901.0 838.0 2901.0 small-vehicle 0
862.0 2867.0 879.0 2869.0 873.0 2906.0 856.0 2902.0 small-vehicle 0
881.0 2871.0 897.0 2873.0 892.0 2909.0 874.0 2906.0 small-vehicle 0
898.0 2873.0 917.0 2877.0 909.0 2913.0 892.0 2910.0 small-vehicle 0
917.0 2877.0 934.0 2880.0 928.0 2917.0 909.0 2913.0 small-vehicle 0
947.0 2921.0 930.0 2918.0 937.0 2880.0 954.0 2883.0 small-vehicle 0
955.0 2884.0 974.0 2889.0 964.0 2924.0 948.0 2921.0 small-vehicle 0
1028.0 2913.0 1013.0 2930.0 988.0 2901.0 1002.0 2889.0 small-vehicle 0
807.0 2857.0 823.0 2860.0 818.0 2894.0 798.0 2889.0 small-vehicle 0
1021.0 2799.0 1027.0 2780.0 1064.0 2794.0 1059.0 2811.0 small-vehicle 0
1059.0 2812.0 1053.0 2830.0 1016.0 2818.0 1020.0 2799.0 small-vehicle 0
981.0 2772.0 976.0 2790.0 942.0 2777.0 946.0 2760.0 small-vehicle 0
975.0 2789.0 972.0 2806.0 938.0 2794.0 942.0 2778.0 small-vehicle 0
915.0 2713.0 913.0 2731.0 878.0 2726.0 879.0 2710.0 small-vehicle 0
912.0 2730.0 908.0 2750.0 874.0 2740.0 876.0 2726.0 small-vehicle 0
950.0 2741.0 945.0 2760.0 910.0 2749.0 914.0 2731.0 small-vehicle 0
825.0 2859.0 844.0 2863.0 837.0 2899.0 818.0 2896.0 small-vehicle 0
789.0 2852.0 806.0 2856.0 797.0 2891.0 782.0 2887.0 small-vehicle 0
788.0 2631.0 805.0 2636.0 795.0 2673.0 778.0 2669.0 small-vehicle 0
959.0 2482.0 977.0 2487.0 967.0 2524.0 948.0 2519.0 small-vehicle 0
1189.0 2207.0 1195.0 2188.0 1236.0 2200.0 1231.0 2216.0 small-vehicle 0
1181.0 2240.0 1189.0 2222.0 1227.0 2236.0 1221.0 2252.0 small-vehicle 0
1129.0 2348.0 1147.0 2350.0 1139.0 2394.0 1122.0 2389.0 small-vehicle 0
1151.0 2348.0 1156.0 2331.0 1193.0 2342.0 1189.0 2359.0 small-vehicle 0
1149.0 2366.0 1150.0 2351.0 1188.0 2360.0 1186.0 2377.0 small-vehicle 0
1113.0 2474.0 1118.0 2459.0 1150.0 2470.0 1147.0 2483.0 small-vehicle 0
997.0 2493.0 1015.0 2499.0 1006.0 2541.0 987.0 2535.0 small-vehicle 0
942.0 2479.0 960.0 2484.0 948.0 2521.0 930.0 2516.0 small-vehicle 0
770.0 2849.0 787.0 2852.0 780.0 2888.0 763.0 2885.0 small-vehicle 0
922.0 2474.0 938.0 2478.0 930.0 2514.0 914.0 2510.0 small-vehicle 0
904.0 2472.0 917.0 2477.0 911.0 2512.0 894.0 2510.0 small-vehicle 0
868.0 2459.0 885.0 2461.0 879.0 2497.0 862.0 2494.0 small-vehicle 0
857.0 2495.0 842.0 2489.0 850.0 2454.0 864.0 2458.0 small-vehicle 0
833.0 2448.0 846.0 2453.0 838.0 2487.0 826.0 2484.0 small-vehicle 0
743.0 2879.0 727.0 2878.0 732.0 2842.0 746.0 2843.0 small-vehicle 0
762.0 2884.0 743.0 2880.0 750.0 2846.0 767.0 2848.0 small-vehicle 0
944.0 2758.0 939.0 2778.0 904.0 2766.0 908.0 2748.0 small-vehicle 0
942.0 2780.0 936.0 2798.0 898.0 2785.0 902.0 2767.0 small-vehicle 0
1036.0 2880.0 1031.0 2900.0 995.0 2890.0 1001.0 2870.0 small-vehicle 0
769.0 2820.0 751.0 2815.0 760.0 2784.0 776.0 2786.0 small-vehicle 0
483.0 3185.0 498.0 3187.0 493.0 3221.0 479.0 3219.0 small-vehicle 0
455.0 3846.0 451.0 3863.0 422.0 3856.0 424.0 3840.0 small-vehicle 0
860.0 2790.0 864.0 2774.0 897.0 2786.0 892.0 2802.0 small-vehicle 0
972.0 2809.0 967.0 2825.0 935.0 2813.0 939.0 2797.0 small-vehicle 0
962.0 2824.0 957.0 2840.0 926.0 2830.0 931.0 2812.0 small-vehicle 0
828.0 2744.0 822.0 2761.0 790.0 2751.0 794.0 2734.0 small-vehicle 0
818.0 2779.0 812.0 2799.0 781.0 2790.0 784.0 2770.0 small-vehicle 0
805.0 2679.0 800.0 2694.0 769.0 2686.0 774.0 2669.0 small-vehicle 0
1005.0 2855.0 1012.0 2837.0 1044.0 2845.0 1038.0 2862.0 small-vehicle 0
805.0 2697.0 800.0 2714.0 764.0 2704.0 768.0 2687.0 small-vehicle 0
797.0 2715.0 792.0 2734.0 759.0 2722.0 764.0 2705.0 small-vehicle 0
791.0 2734.0 787.0 2751.0 754.0 2741.0 759.0 2723.0 small-vehicle 0
783.0 2770.0 779.0 2788.0 744.0 2776.0 748.0 2760.0 small-vehicle 0
788.0 2751.0 782.0 2771.0 749.0 2759.0 754.0 2740.0 small-vehicle 0
739.0 2779.0 756.0 2779.0 752.0 2814.0 736.0 2812.0 small-vehicle 0
1031.0 2761.0 1037.0 2744.0 1069.0 2755.0 1064.0 2773.0 small-vehicle 0
459.0 3186.0 475.0 3188.0 472.0 3222.0 456.0 3219.0 small-vehicle 0
375.0 3171.0 393.0 3174.0 385.0 3211.0 368.0 3208.0 small-vehicle 0
308.0 3189.0 293.0 3187.0 300.0 3153.0 315.0 3156.0 small-vehicle 0
241.0 3187.0 225.0 3185.0 228.0 3152.0 244.0 3153.0 small-vehicle 0
1001.0 2869.0 1005.0 2855.0 1034.0 2861.0 1030.0 2878.0 small-vehicle 0
843.0 2692.0 839.0 2706.0 807.0 2697.0 810.0 2683.0 small-vehicle 0
895.0 2801.0 899.0 2783.0 938.0 2798.0 933.0 2813.0 small-vehicle 0
853.0 2810.0 857.0 2795.0 889.0 2805.0 886.0 2822.0 small-vehicle 0
927.0 2813.0 922.0 2831.0 888.0 2820.0 892.0 2803.0 small-vehicle 0
1026.0 2779.0 1032.0 2764.0 1061.0 2772.0 1055.0 2789.0 small-vehicle 0
838.0 2727.0 832.0 2746.0 794.0 2733.0 799.0 2715.0 small-vehicle 0
202.0 1695.0 213.0 1709.0 185.0 1731.0 175.0 1716.0 small-vehicle 0
117.0 1963.0 121.0 1948.0 151.0 1956.0 146.0 1972.0 small-vehicle 0
106.0 2016.0 110.0 2000.0 135.0 2009.0 130.0 2023.0 small-vehicle 0
366.0 2373.0 363.0 2390.0 327.0 2383.0 331.0 2365.0 small-vehicle 0
363.0 2392.0 358.0 2408.0 325.0 2400.0 328.0 2383.0 small-vehicle 0
359.0 2408.0 354.0 2430.0 319.0 2421.0 324.0 2400.0 small-vehicle 0
317.0 2336.0 300.0 2333.0 309.0 2299.0 324.0 2302.0 small-vehicle 0
405.0 2485.0 387.0 2482.0 398.0 2442.0 414.0 2446.0 small-vehicle 0
242.0 3067.0 256.0 3082.0 220.0 3119.0 205.0 3104.0 large-vehicle 0
