imagesource:GoogleEarth
gsd:0.116283334959
4933.0 437.0 4947.0 427.0 4973.0 461.0 4962.0 472.0 large-vehicle 0
1888.0 4259.0 1903.0 4274.0 1864.0 4309.0 1851.0 4291.0 large-vehicle 0
2190.0 3554.0 2173.0 3568.0 2135.0 3527.0 2153.0 3514.0 large-vehicle 0
2228.0 3601.0 2210.0 3616.0 2176.0 3579.0 2191.0 3563.0 large-vehicle 0
2214.0 3635.0 2200.0 3648.0 2172.0 3623.0 2187.0 3608.0 large-vehicle 0
2091.0 3594.0 2075.0 3611.0 2039.0 3570.0 2054.0 3554.0 large-vehicle 0
2116.0 3572.0 2100.0 3587.0 2062.0 3551.0 2080.0 3535.0 large-vehicle 0
2162.0 3626.0 2143.0 3636.0 2108.0 3597.0 2128.0 3579.0 large-vehicle 0
2049.0 3631.0 2034.0 3647.0 2005.0 3622.0 2016.0 3604.0 large-vehicle 0
2076.0 3683.0 2067.0 3700.0 2017.0 3671.0 2024.0 3652.0 large-vehicle 0
1730.0 3762.0 1744.0 3751.0 1770.0 3780.0 1757.0 3791.0 large-vehicle 0
1622.0 3924.0 1635.0 3914.0 1656.0 3939.0 1644.0 3951.0 large-vehicle 0
1652.0 3964.0 1664.0 3954.0 1692.0 3985.0 1678.0 3998.0 large-vehicle 0
2027.0 4014.0 2007.0 4012.0 2019.0 3959.0 2040.0 3962.0 large-vehicle 0
2041.0 4038.0 2024.0 4032.0 2035.0 3990.0 2055.0 3995.0 large-vehicle 0
2059.0 4058.0 2039.0 4051.0 2054.0 4001.0 2072.0 4005.0 large-vehicle 0
2080.0 4080.0 2060.0 4075.0 2068.0 4028.0 2088.0 4031.0 large-vehicle 0
2099.0 4102.0 2080.0 4098.0 2087.0 4048.0 2108.0 4050.0 large-vehicle 0
2065.0 4338.0 2052.0 4324.0 2083.0 4299.0 2095.0 4311.0 large-vehicle 0
1723.0 4060.0 1734.0 4075.0 1702.0 4103.0 1692.0 4088.0 large-vehicle 0
1690.0 4026.0 1704.0 4041.0 1670.0 4071.0 1657.0 4058.0 large-vehicle 0
1679.0 4010.0 1690.0 4022.0 1655.0 4054.0 1643.0 4041.0 large-vehicle 0
1711.0 4036.0 1721.0 4055.0 1684.0 4090.0 1671.0 4073.0 large-vehicle 0
1744.0 4079.0 1759.0 4097.0 1719.0 4131.0 1707.0 4112.0 large-vehicle 0
1757.0 4098.0 1770.0 4111.0 1736.0 4143.0 1727.0 4128.0 large-vehicle 0
1779.0 4132.0 1792.0 4147.0 1760.0 4180.0 1744.0 4166.0 large-vehicle 0
1798.0 4155.0 1808.0 4166.0 1780.0 4192.0 1768.0 4179.0 large-vehicle 0
1815.0 4168.0 1831.0 4183.0 1792.0 4218.0 1778.0 4203.0 large-vehicle 0
1826.0 4188.0 1838.0 4202.0 1806.0 4232.0 1795.0 4217.0 large-vehicle 0
1843.0 4203.0 1855.0 4216.0 1819.0 4245.0 1807.0 4231.0 large-vehicle 0
1862.0 4222.0 1876.0 4238.0 1838.0 4274.0 1824.0 4260.0 large-vehicle 0
2138.0 3543.0 2123.0 3558.0 2097.0 3530.0 2108.0 3513.0 large-vehicle 0
2267.0 3506.0 2248.0 3517.0 2217.0 3474.0 2232.0 3462.0 large-vehicle 0
2350.0 3917.0 2331.0 3928.0 2302.0 3887.0 2318.0 3874.0 large-vehicle 0
1931.0 1145.0 1943.0 1157.0 1908.0 1188.0 1896.0 1174.0 large-vehicle 0
2881.0 1133.0 2915.0 1176.0 2832.0 1248.0 2794.0 1200.0 tennis-court 0
3146.0 1216.0 3182.0 1259.0 3096.0 1328.0 3062.0 1284.0 tennis-court 0
3095.0 1158.0 3132.0 1200.0 3048.0 1268.0 3012.0 1227.0 tennis-court 0
3048.0 1095.0 3085.0 1140.0 2999.0 1208.0 2964.0 1164.0 tennis-court 0
2999.0 1037.0 3034.0 1078.0 2952.0 1147.0 2915.0 1101.0 tennis-court 0
3331.0 992.0 3391.0 1066.0 3230.0 1196.0 3168.0 1121.0 tennis-court 0
3226.0 873.0 3292.0 947.0 3131.0 1079.0 3068.0 1003.0 tennis-court 0
3144.0 508.0 3132.0 488.0 3216.0 424.0 3233.0 441.0 large-vehicle 0
2699.0 304.0 2711.0 321.0 2671.0 347.0 2661.0 330.0 large-vehicle 0
2649.0 336.0 2639.0 318.0 2687.0 279.0 2700.0 295.0 large-vehicle 0
1710.0 801.0 1688.0 815.0 1606.0 711.0 1628.0 695.0 large-vehicle 0
1982.0 1217.0 1992.0 1230.0 1964.0 1255.0 1955.0 1242.0 large-vehicle 0
1946.0 1163.0 1959.0 1178.0 1924.0 1205.0 1915.0 1191.0 large-vehicle 0
1783.0 1038.0 1774.0 1022.0 1814.0 994.0 1823.0 1008.0 large-vehicle 0
2384.0 3814.0 2396.0 3803.0 2423.0 3831.0 2404.0 3846.0 large-vehicle 0
1802.0 1054.0 1792.0 1039.0 1826.0 1012.0 1836.0 1026.0 large-vehicle 0
2097.0 1415.0 2086.0 1398.0 2194.0 1302.0 2210.0 1323.0 large-vehicle 0
1788.0 3187.0 1780.0 3173.0 1805.0 3153.0 1818.0 3164.0 large-vehicle 0
1855.0 3195.0 1872.0 3183.0 1904.0 3217.0 1886.0 3230.0 large-vehicle 0
1825.0 3227.0 1838.0 3216.0 1868.0 3248.0 1850.0 3262.0 large-vehicle 0
1592.0 3760.0 1604.0 3746.0 1630.0 3772.0 1615.0 3784.0 large-vehicle 0
1579.0 3772.0 1590.0 3760.0 1616.0 3790.0 1603.0 3800.0 large-vehicle 0
2139.0 3650.0 2123.0 3661.0 2094.0 3632.0 2107.0 3616.0 large-vehicle 0
2197.0 3658.0 2182.0 3670.0 2160.0 3646.0 2174.0 3633.0 large-vehicle 0
2210.0 3533.0 2196.0 3546.0 2175.0 3519.0 2188.0 3507.0 large-vehicle 0
2236.0 3517.0 2218.0 3528.0 2197.0 3500.0 2212.0 3490.0 large-vehicle 0
2255.0 3766.0 2272.0 3778.0 2232.0 3818.0 2216.0 3805.0 large-vehicle 0
2418.0 3791.0 2429.0 3777.0 2465.0 3806.0 2448.0 3824.0 large-vehicle 0
1872.0 4240.0 1888.0 4254.0 1855.0 4288.0 1842.0 4276.0 large-vehicle 0
1921.0 4294.0 1935.0 4308.0 1894.0 4344.0 1882.0 4327.0 large-vehicle 0
2978.0 1254.0 3012.0 1298.0 2928.0 1367.0 2893.0 1324.0 tennis-court 0
1934.0 4311.0 1945.0 4323.0 1909.0 4358.0 1897.0 4342.0 large-vehicle 0
1183.0 2985.0 1203.0 3004.0 1158.0 3042.0 1142.0 3020.0 large-vehicle 0
1163.0 2752.0 1153.0 2737.0 1192.0 2703.0 1203.0 2717.0 large-vehicle 0
1391.0 2987.0 1374.0 3002.0 1286.0 2900.0 1303.0 2883.0 large-vehicle 0
1408.0 1363.0 1422.0 1379.0 1386.0 1415.0 1372.0 1398.0 large-vehicle 0
1443.0 1383.0 1456.0 1401.0 1410.0 1439.0 1396.0 1419.0 large-vehicle 0
1414.0 1323.0 1428.0 1340.0 1374.0 1387.0 1358.0 1370.0 large-vehicle 0
1394.0 1294.0 1408.0 1315.0 1356.0 1363.0 1340.0 1343.0 large-vehicle 0
1182.0 775.0 1167.0 756.0 1279.0 662.0 1297.0 682.0 large-vehicle 0
648.0 2280.0 668.0 2263.0 751.0 2358.0 727.0 2376.0 large-vehicle 0
187.0 1972.0 163.0 1981.0 143.0 1923.0 164.0 1915.0 large-vehicle 0
226.0 1939.0 207.0 1951.0 168.0 1902.0 189.0 1888.0 large-vehicle 0
247.0 1912.0 227.0 1927.0 192.0 1884.0 208.0 1871.0 large-vehicle 0
778.0 1917.0 764.0 1900.0 831.0 1845.0 848.0 1864.0 large-vehicle 0
759.0 1892.0 743.0 1873.0 804.0 1823.0 820.0 1839.0 large-vehicle 0
748.0 1442.0 738.0 1425.0 831.0 1346.0 846.0 1366.0 large-vehicle 0
687.0 1367.0 676.0 1352.0 769.0 1272.0 785.0 1290.0 large-vehicle 0
427.0 1306.0 443.0 1322.0 336.0 1407.0 322.0 1388.0 large-vehicle 0
346.0 1204.0 360.0 1222.0 253.0 1306.0 239.0 1288.0 large-vehicle 0
320.0 1184.0 335.0 1202.0 232.0 1284.0 217.0 1266.0 large-vehicle 0
897.0 737.0 910.0 752.0 867.0 793.0 853.0 775.0 large-vehicle 0
872.0 711.0 887.0 728.0 843.0 767.0 832.0 751.0 large-vehicle 0
854.0 688.0 868.0 704.0 825.0 744.0 811.0 724.0 large-vehicle 0
812.0 640.0 825.0 658.0 784.0 692.0 773.0 672.0 large-vehicle 0
615.0 617.0 628.0 604.0 663.0 643.0 647.0 659.0 large-vehicle 0
586.0 637.0 600.0 626.0 638.0 664.0 620.0 678.0 large-vehicle 0
560.0 659.0 576.0 646.0 612.0 685.0 594.0 699.0 large-vehicle 0
958.0 499.0 942.0 479.0 997.0 432.0 1016.0 452.0 large-vehicle 0
915.0 450.0 902.0 432.0 1004.0 348.0 1020.0 363.0 large-vehicle 0
871.0 404.0 858.0 383.0 963.0 297.0 980.0 316.0 large-vehicle 0
1519.0 2972.0 1511.0 2956.0 1551.0 2920.0 1566.0 2940.0 large-vehicle 0
1620.0 2858.0 1636.0 2875.0 1596.0 2914.0 1582.0 2893.0 large-vehicle 0
1122.0 2907.0 1135.0 2927.0 1089.0 2959.0 1076.0 2939.0 large-vehicle 0
2092.0 3959.0 2083.0 3944.0 2109.0 3918.0 2125.0 3928.0 large-vehicle 0
1948.0 4328.0 1960.0 4343.0 1926.0 4374.0 1915.0 4359.0 large-vehicle 0
1969.0 4342.0 1980.0 4356.0 1941.0 4391.0 1928.0 4374.0 large-vehicle 0
2115.0 4296.0 2102.0 4280.0 2142.0 4247.0 2156.0 4260.0 large-vehicle 0
2184.0 4207.0 2173.0 4191.0 2219.0 4155.0 2234.0 4170.0 large-vehicle 0
2244.0 4169.0 2230.0 4152.0 2274.0 4112.0 2291.0 4129.0 large-vehicle 0
2232.0 4140.0 2222.0 4130.0 2251.0 4099.0 2263.0 4111.0 large-vehicle 0
2216.0 4122.0 2206.0 4108.0 2244.0 4074.0 2259.0 4089.0 large-vehicle 0
2201.0 4099.0 2190.0 4086.0 2221.0 4056.0 2236.0 4068.0 large-vehicle 0
2186.0 4079.0 2176.0 4066.0 2210.0 4031.0 2226.0 4046.0 large-vehicle 0
2158.0 4039.0 2147.0 4026.0 2176.0 3995.0 2192.0 4009.0 large-vehicle 0
2143.0 4017.0 2133.0 4004.0 2162.0 3974.0 2175.0 3990.0 large-vehicle 0
2126.0 4000.0 2117.0 3982.0 2151.0 3949.0 2167.0 3964.0 large-vehicle 0
2106.0 3979.0 2095.0 3964.0 2129.0 3931.0 2143.0 3948.0 large-vehicle 0
2075.0 3942.0 2066.0 3928.0 2091.0 3896.0 2109.0 3910.0 large-vehicle 0
1322.0 2343.0 1303.0 2354.0 1275.0 2318.0 1293.0 2302.0 large-vehicle 0
2054.0 3922.0 2043.0 3911.0 2076.0 3876.0 2091.0 3890.0 large-vehicle 0
2040.0 3901.0 2029.0 3888.0 2066.0 3852.0 2083.0 3866.0 large-vehicle 0
2021.0 3882.0 2013.0 3867.0 2050.0 3829.0 2065.0 3844.0 large-vehicle 0
2006.0 3861.0 1995.0 3846.0 2032.0 3814.0 2047.0 3826.0 large-vehicle 0
1991.0 3837.0 1983.0 3823.0 2015.0 3793.0 2028.0 3807.0 large-vehicle 0
1975.0 3821.0 1965.0 3807.0 1996.0 3778.0 2010.0 3791.0 large-vehicle 0
1954.0 3804.0 1947.0 3788.0 1986.0 3755.0 1999.0 3769.0 large-vehicle 0
1938.0 3783.0 1930.0 3770.0 1968.0 3736.0 1980.0 3748.0 large-vehicle 0
1904.0 3723.0 1892.0 3708.0 1928.0 3683.0 1939.0 3698.0 large-vehicle 0
1855.0 3770.0 1840.0 3783.0 1802.0 3740.0 1818.0 3725.0 large-vehicle 0
1714.0 3781.0 1724.0 3769.0 1755.0 3798.0 1741.0 3812.0 large-vehicle 0
1521.0 3811.0 1535.0 3798.0 1568.0 3835.0 1554.0 3846.0 large-vehicle 0
1754.0 3751.0 1770.0 3739.0 1795.0 3770.0 1779.0 3780.0 large-vehicle 0
2929.0 1192.0 2964.0 1236.0 2879.0 1309.0 2844.0 1262.0 tennis-court 0
3026.0 1312.0 3063.0 1357.0 2976.0 1427.0 2940.0 1383.0 tennis-court 0
2560.0 2979.0 2577.0 2967.0 2600.0 2997.0 2583.0 3013.0 small-vehicle 1
1071.0 3774.0 1084.0 3761.0 1110.0 3796.0 1098.0 3807.0 small-vehicle 0
2171.0 3717.0 2187.0 3732.0 2160.0 3759.0 2148.0 3745.0 small-vehicle 0
2154.0 3700.0 2166.0 3715.0 2138.0 3742.0 2126.0 3727.0 small-vehicle 0
2207.0 3757.0 2222.0 3771.0 2197.0 3802.0 2180.0 3788.0 small-vehicle 0
2166.0 3802.0 2183.0 3818.0 2148.0 3855.0 2134.0 3841.0 small-vehicle 0
2326.0 3865.0 2343.0 3858.0 2360.0 3890.0 2344.0 3898.0 small-vehicle 0
2433.0 3721.0 2424.0 3705.0 2458.0 3684.0 2467.0 3701.0 small-vehicle 0
2264.0 3559.0 2248.0 3571.0 2229.0 3544.0 2244.0 3529.0 small-vehicle 0
2415.0 3090.0 2398.0 3100.0 2378.0 3073.0 2394.0 3061.0 small-vehicle 0
2408.0 3041.0 2425.0 3027.0 2448.0 3059.0 2434.0 3073.0 small-vehicle 0
2597.0 2995.0 2579.0 3008.0 2466.0 2871.0 2485.0 2855.0 large-vehicle 0
2854.0 2424.0 2843.0 2406.0 2876.0 2383.0 2887.0 2398.0 small-vehicle 0
2256.0 1078.0 2239.0 1091.0 2214.0 1059.0 2231.0 1044.0 small-vehicle 0
2638.0 900.0 2654.0 917.0 2623.0 943.0 2609.0 928.0 small-vehicle 0
2703.0 371.0 2694.0 357.0 2722.0 335.0 2731.0 349.0 small-vehicle 0
2998.0 256.0 2974.0 273.0 2929.0 210.0 2957.0 191.0 large-vehicle 0
2991.0 297.0 2969.0 316.0 2917.0 254.0 2944.0 236.0 large-vehicle 0
1218.0 781.0 1206.0 765.0 1236.0 738.0 1250.0 754.0 small-vehicle 0
1256.0 747.0 1244.0 731.0 1272.0 708.0 1287.0 724.0 small-vehicle 0
1267.0 856.0 1248.0 869.0 1225.0 830.0 1242.0 816.0 small-vehicle 0
1967.0 1196.0 1979.0 1213.0 1951.0 1237.0 1939.0 1222.0 small-vehicle 0
1534.0 1515.0 1549.0 1502.0 1571.0 1528.0 1557.0 1544.0 small-vehicle 0
1134.0 1770.0 1125.0 1754.0 1152.0 1730.0 1166.0 1748.0 small-vehicle 0
1504.0 2318.0 1523.0 2306.0 1541.0 2335.0 1528.0 2346.0 small-vehicle 0
1119.0 2851.0 1108.0 2835.0 1141.0 2809.0 1151.0 2826.0 small-vehicle 0
1783.0 2903.0 1763.0 2914.0 1743.0 2883.0 1762.0 2870.0 small-vehicle 0
2103.0 3747.0 2119.0 3760.0 2095.0 3786.0 2081.0 3773.0 small-vehicle 0
2018.0 3651.0 2004.0 3666.0 1977.0 3637.0 1991.0 3622.0 small-vehicle 0
2090.0 3665.0 2075.0 3680.0 2049.0 3649.0 2062.0 3635.0 small-vehicle 0
1997.0 3669.0 1988.0 3682.0 1957.0 3658.0 1969.0 3642.0 small-vehicle 0
2192.0 3734.0 2208.0 3750.0 2177.0 3780.0 2162.0 3765.0 small-vehicle 0
2322.0 3797.0 2341.0 3786.0 2357.0 3817.0 2339.0 3829.0 small-vehicle 0
2346.0 3855.0 2362.0 3844.0 2381.0 3875.0 2366.0 3888.0 small-vehicle 0
2740.0 4490.0 2751.0 4506.0 2728.0 4527.0 2717.0 4514.0 small-vehicle 0
2575.0 2967.0 2561.0 2978.0 2535.0 2948.0 2550.0 2936.0 small-vehicle 1
2520.0 2896.0 2503.0 2912.0 2468.0 2872.0 2488.0 2856.0 small-vehicle 1
397.0 2496.0 378.0 2488.0 398.0 2454.0 416.0 2463.0 small-vehicle 1
402.0 1280.0 415.0 1295.0 388.0 1326.0 373.0 1310.0 small-vehicle 1
1735.0 1334.0 1747.0 1356.0 1710.0 1376.0 1701.0 1356.0 small-vehicle 1
4290.0 704.0 4296.0 724.0 4260.0 735.0 4254.0 714.0 small-vehicle 0
4303.0 737.0 4306.0 758.0 4263.0 766.0 4259.0 747.0 small-vehicle 0
4349.0 1050.0 4367.0 1039.0 4388.0 1069.0 4372.0 1079.0 small-vehicle 0
4165.0 4090.0 4152.0 4073.0 4183.0 4049.0 4196.0 4066.0 small-vehicle 0
4181.0 4107.0 4168.0 4087.0 4198.0 4065.0 4210.0 4082.0 small-vehicle 0
2903.0 4408.0 2908.0 4390.0 2938.0 4398.0 2934.0 4416.0 small-vehicle 0
2887.0 4450.0 2894.0 4431.0 2930.0 4445.0 2925.0 4464.0 small-vehicle 0
2752.0 4506.0 2764.0 4522.0 2740.0 4541.0 2728.0 4526.0 small-vehicle 0
2727.0 4472.0 2740.0 4490.0 2714.0 4511.0 2703.0 4495.0 small-vehicle 0
2366.0 3841.0 2384.0 3831.0 2402.0 3864.0 2386.0 3876.0 small-vehicle 0
2713.0 4455.0 2727.0 4472.0 2700.0 4492.0 2689.0 4479.0 small-vehicle 0
2699.0 4440.0 2713.0 4455.0 2685.0 4479.0 2673.0 4466.0 small-vehicle 0
2686.0 4424.0 2699.0 4440.0 2672.0 4463.0 2659.0 4449.0 small-vehicle 0
2668.0 4407.0 2682.0 4425.0 2656.0 4448.0 2642.0 4431.0 small-vehicle 0
2655.0 4390.0 2668.0 4406.0 2644.0 4426.0 2629.0 4412.0 small-vehicle 0
2646.0 4374.0 2654.0 4390.0 2629.0 4411.0 2619.0 4398.0 small-vehicle 0
2929.0 4251.0 2928.0 4228.0 2966.0 4228.0 2968.0 4254.0 small-vehicle 0
3038.0 4424.0 3016.0 4422.0 3023.0 4385.0 3043.0 4387.0 small-vehicle 0
3050.0 4005.0 3029.0 4006.0 3031.0 3970.0 3050.0 3970.0 small-vehicle 0
2919.0 4053.0 2930.0 4069.0 2897.0 4090.0 2889.0 4074.0 small-vehicle 0
3053.0 4161.0 3034.0 4161.0 3035.0 4119.0 3053.0 4120.0 small-vehicle 0
2431.0 4172.0 2411.0 4163.0 2426.0 4135.0 2441.0 4141.0 small-vehicle 0
2408.0 4152.0 2392.0 4141.0 2413.0 4108.0 2429.0 4115.0 small-vehicle 0
1675.0 3735.0 1661.0 3751.0 1633.0 3718.0 1648.0 3705.0 small-vehicle 0
2089.0 3731.0 2103.0 3744.0 2078.0 3771.0 2063.0 3758.0 small-vehicle 0
2923.0 2318.0 2905.0 2334.0 2808.0 2228.0 2829.0 2211.0 large-vehicle 0
779.0 3474.0 760.0 3492.0 728.0 3452.0 748.0 3433.0 small-vehicle 0
4481.0 3849.0 4497.0 3867.0 4394.0 3951.0 4379.0 3930.0 large-vehicle 0
4710.0 4083.0 4729.0 4100.0 4625.0 4192.0 4608.0 4171.0 large-vehicle 0
4676.0 4041.0 4694.0 4061.0 4590.0 4145.0 4574.0 4126.0 large-vehicle 0
4654.0 4019.0 4671.0 4037.0 4562.0 4122.0 4547.0 4100.0 large-vehicle 0
4544.0 3915.0 4562.0 3932.0 4454.0 4023.0 4437.0 4006.0 large-vehicle 0
3335.0 2480.0 3357.0 2490.0 3291.0 2619.0 3265.0 2605.0 large-vehicle 0
3374.0 2428.0 3347.0 2432.0 3335.0 2352.0 3363.0 2344.0 large-vehicle 0
2914.0 3363.0 2900.0 3379.0 2860.0 3344.0 2874.0 3328.0 large-vehicle 0
2635.0 3128.0 2623.0 3112.0 2660.0 3084.0 2674.0 3098.0 large-vehicle 0
2624.0 2964.0 2604.0 2978.0 2516.0 2872.0 2536.0 2854.0 large-vehicle 0
2686.0 2910.0 2667.0 2929.0 2619.0 2866.0 2637.0 2851.0 large-vehicle 0
2716.0 2883.0 2694.0 2899.0 2603.0 2796.0 2623.0 2777.0 large-vehicle 0
2740.0 2860.0 2720.0 2874.0 2666.0 2814.0 2687.0 2796.0 large-vehicle 0
2762.0 2834.0 2742.0 2850.0 2695.0 2785.0 2715.0 2770.0 large-vehicle 0
2844.0 2800.0 2822.0 2820.0 2729.0 2712.0 2750.0 2694.0 large-vehicle 0
2875.0 2774.0 2854.0 2790.0 2771.0 2684.0 2788.0 2667.0 large-vehicle 0
2908.0 2746.0 2887.0 2761.0 2801.0 2649.0 2820.0 2633.0 large-vehicle 0
2929.0 2724.0 2906.0 2736.0 2823.0 2627.0 2847.0 2611.0 large-vehicle 0
2963.0 2718.0 2944.0 2732.0 2863.0 2619.0 2880.0 2606.0 large-vehicle 0
2990.0 2694.0 2970.0 2707.0 2925.0 2644.0 2944.0 2629.0 large-vehicle 0
3012.0 2656.0 2988.0 2671.0 2907.0 2564.0 2928.0 2546.0 large-vehicle 0
3043.0 2632.0 3026.0 2645.0 2939.0 2545.0 2956.0 2528.0 large-vehicle 0
3095.0 2616.0 3076.0 2631.0 2984.0 2542.0 3002.0 2520.0 large-vehicle 0
3106.0 2588.0 3089.0 2602.0 2994.0 2502.0 3015.0 2484.0 large-vehicle 0
3146.0 2582.0 3126.0 2594.0 3076.0 2536.0 3093.0 2520.0 large-vehicle 0
3114.0 2480.0 3092.0 2495.0 3060.0 2452.0 3081.0 2435.0 large-vehicle 0
2561.0 2599.0 2540.0 2616.0 2443.0 2512.0 2459.0 2497.0 large-vehicle 0
2872.0 2373.0 2853.0 2390.0 2752.0 2286.0 2773.0 2267.0 large-vehicle 0
2896.0 2338.0 2875.0 2357.0 2776.0 2252.0 2796.0 2234.0 large-vehicle 0
4667.0 3932.0 4665.0 3905.0 4805.0 3894.0 4810.0 3920.0 large-vehicle 0
4645.0 3894.0 4640.0 3868.0 4774.0 3860.0 4776.0 3883.0 large-vehicle 0
4623.0 3863.0 4619.0 3837.0 4750.0 3827.0 4751.0 3853.0 large-vehicle 0
1181.0 2325.0 1194.0 2342.0 1165.0 2366.0 1151.0 2349.0 small-vehicle 0
591.0 3244.0 574.0 3258.0 548.0 3226.0 568.0 3211.0 small-vehicle 0
214.0 3053.0 203.0 3040.0 232.0 3018.0 242.0 3030.0 small-vehicle 0
227.0 3069.0 216.0 3055.0 242.0 3031.0 253.0 3047.0 small-vehicle 0
122.0 3059.0 137.0 3077.0 106.0 3103.0 95.0 3086.0 small-vehicle 0
557.0 2511.0 537.0 2531.0 495.0 2488.0 516.0 2467.0 large-vehicle 0
662.0 2344.0 683.0 2324.0 721.0 2370.0 698.0 2386.0 large-vehicle 0
228.0 1869.0 247.0 1852.0 279.0 1890.0 259.0 1907.0 large-vehicle 0
61.0 386.0 65.0 366.0 101.0 371.0 96.0 391.0 small-vehicle 0
65.0 364.0 69.0 344.0 106.0 351.0 103.0 371.0 small-vehicle 0
81.0 302.0 85.0 281.0 125.0 288.0 122.0 309.0 small-vehicle 0
1050.0 2390.0 1034.0 2405.0 1012.0 2375.0 1028.0 2363.0 small-vehicle 0
1066.0 2378.0 1050.0 2391.0 1028.0 2364.0 1045.0 2350.0 small-vehicle 0
398.0 2455.0 377.0 2486.0 364.0 2475.0 383.0 2445.0 small-vehicle 0
1138.0 2360.0 1151.0 2378.0 1120.0 2404.0 1107.0 2388.0 small-vehicle 0
4589.0 3832.0 4583.0 3803.0 4722.0 3790.0 4726.0 3817.0 large-vehicle 0
1009.0 2466.0 1024.0 2452.0 1051.0 2489.0 1037.0 2499.0 small-vehicle 0
4020.0 2856.0 4133.0 2856.0 4133.0 2970.0 4020.0 2970.0 storage-tank 0
4140.0 2756.0 4255.0 2756.0 4255.0 2868.0 4140.0 2868.0 storage-tank 0
4268.0 2617.0 4416.0 2617.0 4416.0 2765.0 4268.0 2765.0 storage-tank 0
4427.0 2484.0 4577.0 2484.0 4577.0 2634.0 4427.0 2634.0 storage-tank 0
4613.0 2217.0 4885.0 2217.0 4885.0 2486.0 4613.0 2486.0 storage-tank 0
4897.0 1993.0 5167.0 1993.0 5167.0 2264.0 4897.0 2264.0 storage-tank 0
4963.0 4088.0 4951.0 4070.0 5006.0 4024.0 5025.0 4042.0 large-vehicle 0
4328.0 1062.0 4343.0 1050.0 4372.0 1082.0 4354.0 1098.0 large-vehicle 0
4290.0 1094.0 4304.0 1080.0 4326.0 1110.0 4311.0 1121.0 large-vehicle 0
4311.0 1082.0 4324.0 1072.0 4346.0 1096.0 4331.0 1108.0 large-vehicle 0
4490.0 3696.0 4483.0 3668.0 4619.0 3663.0 4619.0 3687.0 large-vehicle 0
4536.0 3760.0 4534.0 3733.0 4668.0 3729.0 4672.0 3755.0 large-vehicle 0
835.0 353.0 819.0 335.0 919.0 254.0 935.0 270.0 large-vehicle 0
