imagesource:GoogleEarth
gsd:0.119376840986
967.0 1.0 974.0 15.0 945.0 28.0 939.0 14.0 small-vehicle 1
1658.0 474.0 1675.0 464.0 1692.0 497.0 1674.0 508.0 small-vehicle 0
987.0 967.0 993.0 981.0 963.0 997.0 957.0 983.0 small-vehicle 0
1071.0 925.0 1077.0 939.0 1045.0 957.0 1038.0 941.0 small-vehicle 0
1061.0 903.0 1069.0 923.0 1035.0 941.0 1027.0 923.0 small-vehicle 0
926.0 875.0 942.0 867.0 957.0 899.0 939.0 908.0 small-vehicle 0
961.0 858.0 979.0 848.0 994.0 878.0 976.0 888.0 small-vehicle 0
1120.0 628.0 1137.0 620.0 1154.0 653.0 1139.0 661.0 small-vehicle 0
1596.0 501.0 1614.0 491.0 1634.0 530.0 1614.0 540.0 small-vehicle 0
1566.0 319.0 1555.0 303.0 1592.0 282.0 1600.0 298.0 small-vehicle 0
960.0 1001.0 967.0 1018.0 934.0 1035.0 927.0 1016.0 small-vehicle 0
1106.0 230.0 1096.0 214.0 1125.0 195.0 1134.0 211.0 small-vehicle 0
1075.0 249.0 1066.0 234.0 1095.0 217.0 1103.0 230.0 small-vehicle 0
1033.0 274.0 1024.0 259.0 1060.0 236.0 1069.0 252.0 small-vehicle 0
1003.0 293.0 995.0 276.0 1023.0 260.0 1033.0 275.0 small-vehicle 0
965.0 317.0 956.0 303.0 990.0 278.0 999.0 294.0 small-vehicle 0
1145.0 304.0 1164.0 296.0 1181.0 328.0 1163.0 338.0 small-vehicle 0
1053.0 498.0 1036.0 506.0 1019.0 470.0 1035.0 461.0 small-vehicle 0
995.0 983.0 1003.0 999.0 972.0 1014.0 965.0 1000.0 small-vehicle 0
953.0 981.0 961.0 998.0 929.0 1014.0 920.0 997.0 small-vehicle 0
1136.0 469.0 1156.0 458.0 1171.0 493.0 1150.0 503.0 small-vehicle 0
700.0 1084.0 707.0 1100.0 674.0 1118.0 665.0 1102.0 small-vehicle 0
262.0 776.0 270.0 790.0 237.0 812.0 228.0 798.0 small-vehicle 0
486.0 940.0 496.0 959.0 462.0 976.0 454.0 958.0 small-vehicle 0
512.0 991.0 521.0 1008.0 484.0 1028.0 475.0 1010.0 small-vehicle 0
531.0 1048.0 537.0 1065.0 504.0 1081.0 498.0 1066.0 small-vehicle 0
542.0 1068.0 548.0 1084.0 516.0 1103.0 508.0 1086.0 small-vehicle 0
599.0 1177.0 608.0 1192.0 574.0 1212.0 565.0 1196.0 small-vehicle 0
634.0 1162.0 642.0 1178.0 609.0 1193.0 601.0 1177.0 small-vehicle 0
711.0 1098.0 719.0 1115.0 684.0 1132.0 677.0 1116.0 small-vehicle 0
944.0 961.0 950.0 977.0 913.0 997.0 905.0 980.0 small-vehicle 0
719.0 1119.0 727.0 1134.0 691.0 1153.0 683.0 1137.0 small-vehicle 0
757.0 1101.0 764.0 1116.0 729.0 1134.0 722.0 1118.0 small-vehicle 0
731.0 975.0 749.0 967.0 764.0 993.0 745.0 1004.0 small-vehicle 0
842.0 1058.0 850.0 1075.0 815.0 1093.0 809.0 1076.0 small-vehicle 0
830.0 1041.0 837.0 1055.0 802.0 1073.0 795.0 1059.0 small-vehicle 0
862.0 1003.0 869.0 1020.0 833.0 1036.0 826.0 1021.0 small-vehicle 0
925.0 919.0 905.0 929.0 889.0 893.0 908.0 883.0 small-vehicle 0
1171.0 445.0 1191.0 437.0 1201.0 469.0 1183.0 479.0 small-vehicle 0
885.0 551.0 895.0 571.0 860.0 589.0 851.0 568.0 small-vehicle 0
319.0 899.0 311.0 884.0 338.0 866.0 347.0 880.0 small-vehicle 0
526.0 733.0 535.0 751.0 497.0 765.0 490.0 751.0 small-vehicle 0
571.0 824.0 563.0 805.0 604.0 786.0 610.0 802.0 small-vehicle 0
553.0 786.0 561.0 804.0 526.0 821.0 519.0 806.0 small-vehicle 0
540.0 771.0 548.0 786.0 517.0 805.0 508.0 788.0 small-vehicle 0
583.0 750.0 592.0 765.0 560.0 781.0 552.0 767.0 small-vehicle 0
574.0 732.0 580.0 749.0 551.0 762.0 542.0 746.0 small-vehicle 0
556.0 695.0 565.0 712.0 531.0 731.0 520.0 714.0 small-vehicle 0
382.0 720.0 371.0 706.0 406.0 685.0 414.0 702.0 small-vehicle 0
438.0 667.0 447.0 683.0 416.0 700.0 409.0 687.0 small-vehicle 0
408.0 791.0 415.0 809.0 382.0 823.0 374.0 807.0 small-vehicle 0
468.0 648.0 477.0 663.0 448.0 682.0 440.0 668.0 small-vehicle 0
535.0 607.0 543.0 620.0 512.0 642.0 506.0 630.0 small-vehicle 0
83.0 122.0 92.0 139.0 57.0 156.0 50.0 142.0 small-vehicle 0
145.0 89.0 151.0 107.0 116.0 124.0 108.0 107.0 small-vehicle 0
186.0 65.0 194.0 83.0 160.0 99.0 152.0 84.0 small-vehicle 0
162.0 21.0 171.0 36.0 138.0 56.0 130.0 40.0 small-vehicle 0
224.0 43.0 232.0 58.0 202.0 74.0 195.0 61.0 small-vehicle 0
409.0 790.0 400.0 775.0 438.0 756.0 446.0 772.0 small-vehicle 0
452.0 792.0 460.0 807.0 424.0 828.0 417.0 809.0 small-vehicle 0
912.0 607.0 923.0 625.0 887.0 641.0 878.0 625.0 small-vehicle 0
696.0 671.0 702.0 686.0 672.0 702.0 665.0 687.0 small-vehicle 0
921.0 625.0 929.0 641.0 894.0 661.0 885.0 643.0 small-vehicle 0
794.0 665.0 785.0 645.0 821.0 629.0 828.0 648.0 small-vehicle 0
813.0 703.0 804.0 686.0 838.0 668.0 847.0 685.0 small-vehicle 0
807.0 685.0 812.0 701.0 782.0 718.0 774.0 701.0 small-vehicle 0
758.0 687.0 750.0 669.0 788.0 649.0 796.0 665.0 small-vehicle 0
750.0 667.0 741.0 650.0 777.0 631.0 785.0 645.0 small-vehicle 0
762.0 593.0 769.0 611.0 734.0 630.0 725.0 611.0 small-vehicle 0
676.0 725.0 666.0 706.0 704.0 688.0 711.0 706.0 small-vehicle 0
422.0 832.0 430.0 847.0 404.0 860.0 397.0 846.0 small-vehicle 0
685.0 743.0 676.0 726.0 713.0 707.0 719.0 722.0 small-vehicle 0
722.0 724.0 731.0 741.0 692.0 762.0 684.0 745.0 small-vehicle 0
675.0 726.0 682.0 741.0 652.0 756.0 644.0 742.0 small-vehicle 0
640.0 742.0 633.0 727.0 664.0 710.0 671.0 723.0 small-vehicle 0
622.0 706.0 616.0 691.0 649.0 672.0 658.0 687.0 small-vehicle 0
640.0 652.0 646.0 669.0 612.0 688.0 604.0 672.0 small-vehicle 0
478.0 848.0 485.0 863.0 454.0 878.0 446.0 863.0 small-vehicle 0
146.0 849.0 155.0 864.0 121.0 886.0 114.0 871.0 small-vehicle 0
302.0 884.0 295.0 865.0 327.0 850.0 336.0 866.0 small-vehicle 0
856.0 1695.0 862.0 1710.0 831.0 1724.0 824.0 1709.0 small-vehicle 1
1249.0 1708.0 1254.0 1724.0 1221.0 1733.0 1218.0 1716.0 small-vehicle 0
1444.0 1525.0 1436.0 1506.0 1473.0 1487.0 1482.0 1505.0 small-vehicle 0
1394.0 1559.0 1383.0 1540.0 1414.0 1525.0 1422.0 1543.0 small-vehicle 0
1354.0 1573.0 1346.0 1555.0 1381.0 1540.0 1388.0 1555.0 small-vehicle 0
1262.0 1615.0 1254.0 1598.0 1288.0 1578.0 1296.0 1595.0 small-vehicle 0
1222.0 1635.0 1213.0 1620.0 1252.0 1599.0 1259.0 1617.0 small-vehicle 0
1132.0 1681.0 1122.0 1665.0 1160.0 1644.0 1170.0 1661.0 small-vehicle 0
1092.0 1700.0 1085.0 1683.0 1122.0 1665.0 1128.0 1682.0 small-vehicle 0
1094.0 1783.0 1102.0 1798.0 1062.0 1820.0 1052.0 1804.0 small-vehicle 0
324.0 1649.0 302.0 1665.0 271.0 1619.0 290.0 1602.0 large-vehicle 0
528.0 1905.0 513.0 1916.0 491.0 1883.0 507.0 1872.0 small-vehicle 0
578.0 1672.0 590.0 1660.0 616.0 1680.0 606.0 1692.0 small-vehicle 0
650.0 1728.0 664.0 1710.0 696.0 1736.0 684.0 1754.0 small-vehicle 0
700.0 1766.0 713.0 1749.0 744.0 1774.0 732.0 1790.0 small-vehicle 0
712.0 1744.0 727.0 1728.0 756.0 1752.0 745.0 1768.0 small-vehicle 0
709.0 1716.0 722.0 1701.0 750.0 1725.0 740.0 1738.0 small-vehicle 0
672.0 1687.0 686.0 1671.0 715.0 1694.0 703.0 1710.0 small-vehicle 0
1488.0 1505.0 1479.0 1484.0 1513.0 1467.0 1523.0 1487.0 small-vehicle 0
799.0 1869.0 813.0 1885.0 784.0 1917.0 768.0 1904.0 large-vehicle 0
538.0 1590.0 551.0 1575.0 580.0 1598.0 568.0 1614.0 small-vehicle 0
56.0 30.0 40.0 41.0 25.0 9.0 39.0 0.0 small-vehicle 1
1381.0 1639.0 1388.0 1655.0 1353.0 1671.0 1346.0 1656.0 small-vehicle 1
1664.0 1690.0 1657.0 1669.0 1692.0 1654.0 1699.0 1673.0 small-vehicle 1
1667.0 1599.0 1676.0 1619.0 1641.0 1633.0 1630.0 1614.0 small-vehicle 1
1168.0 397.0 1185.0 387.0 1202.0 416.0 1185.0 426.0 small-vehicle 1
594.0 1346.0 608.0 1337.0 627.0 1369.0 610.0 1379.0 small-vehicle 1
575.0 1148.0 583.0 1163.0 554.0 1176.0 545.0 1162.0 small-vehicle 1
212.0 951.0 229.0 946.0 242.0 978.0 223.0 985.0 small-vehicle 1
609.0 1699.0 621.0 1680.0 652.0 1702.0 638.0 1719.0 small-vehicle 1
1582.0 1364.0 1601.0 1353.0 1624.0 1396.0 1606.0 1409.0 large-vehicle 0
491.0 453.0 498.0 472.0 474.0 484.0 464.0 465.0 small-vehicle 1
519.0 334.0 533.0 359.0 493.0 380.0 487.0 358.0 small-vehicle 1
523.0 363.0 539.0 379.0 512.0 404.0 499.0 383.0 small-vehicle 1
312.0 492.0 302.0 474.0 334.0 462.0 345.0 480.0 small-vehicle 1
748.0 415.0 726.0 427.0 713.0 395.0 734.0 384.0 small-vehicle 1
1626.0 1344.0 1643.0 1337.0 1656.0 1369.0 1640.0 1377.0 small-vehicle 0
1602.0 1348.0 1618.0 1339.0 1635.0 1375.0 1620.0 1383.0 small-vehicle 0
584.0 1625.0 598.0 1612.0 625.0 1633.0 614.0 1647.0 small-vehicle 0
681.0 1640.0 665.0 1627.0 684.0 1599.0 702.0 1612.0 small-vehicle 0
282.0 839.0 273.0 824.0 306.0 806.0 316.0 822.0 small-vehicle 0
174.0 1427.0 159.0 1437.0 139.0 1408.0 154.0 1396.0 small-vehicle 0
480.0 1407.0 494.0 1398.0 515.0 1435.0 500.0 1443.0 small-vehicle 0
462.0 1415.0 479.0 1407.0 495.0 1439.0 480.0 1447.0 small-vehicle 0
457.0 1798.0 444.0 1808.0 421.0 1776.0 434.0 1766.0 small-vehicle 0
278.0 1535.0 262.0 1547.0 244.0 1517.0 258.0 1506.0 small-vehicle 0
255.0 1496.0 238.0 1506.0 219.0 1476.0 236.0 1465.0 small-vehicle 0
238.0 1513.0 222.0 1526.0 200.0 1498.0 219.0 1482.0 small-vehicle 0
213.0 1478.0 198.0 1488.0 180.0 1461.0 194.0 1450.0 small-vehicle 0
128.0 1355.0 113.0 1367.0 92.0 1334.0 108.0 1321.0 small-vehicle 0
541.0 1377.0 558.0 1368.0 573.0 1398.0 555.0 1407.0 small-vehicle 0
68.0 1300.0 85.0 1286.0 107.0 1316.0 90.0 1329.0 small-vehicle 0
58.0 1247.0 38.0 1261.0 14.0 1222.0 34.0 1207.0 small-vehicle 0
296.0 1073.0 303.0 1091.0 270.0 1108.0 262.0 1093.0 small-vehicle 0
282.0 1151.0 273.0 1130.0 313.0 1110.0 320.0 1127.0 small-vehicle 0
311.0 1201.0 319.0 1220.0 284.0 1235.0 276.0 1219.0 small-vehicle 0
507.0 1197.0 515.0 1211.0 478.0 1233.0 471.0 1218.0 small-vehicle 0
372.0 1017.0 363.0 998.0 398.0 981.0 408.0 999.0 small-vehicle 0
515.0 1385.0 533.0 1377.0 552.0 1413.0 534.0 1423.0 small-vehicle 0
656.0 1375.0 634.0 1385.0 609.0 1335.0 630.0 1323.0 large-vehicle 0
628.0 1605.0 612.0 1592.0 638.0 1561.0 653.0 1574.0 small-vehicle 0
800.0 1574.0 808.0 1590.0 775.0 1606.0 767.0 1590.0 small-vehicle 0
600.0 1583.0 582.0 1569.0 602.0 1539.0 618.0 1549.0 small-vehicle 0
561.0 1555.0 545.0 1544.0 570.0 1514.0 584.0 1525.0 small-vehicle 0
543.0 1544.0 530.0 1533.0 551.0 1505.0 563.0 1513.0 small-vehicle 0
535.0 1491.0 549.0 1503.0 526.0 1531.0 512.0 1519.0 small-vehicle 0
827.0 1630.0 836.0 1646.0 803.0 1662.0 795.0 1646.0 small-vehicle 0
818.0 1610.0 826.0 1626.0 794.0 1643.0 787.0 1626.0 small-vehicle 0
810.0 1592.0 818.0 1607.0 784.0 1624.0 776.0 1609.0 small-vehicle 0
780.0 1538.0 788.0 1553.0 758.0 1568.0 750.0 1554.0 small-vehicle 0
667.0 1406.0 656.0 1385.0 704.0 1361.0 712.0 1380.0 small-vehicle 0
772.0 1519.0 781.0 1536.0 746.0 1555.0 738.0 1541.0 small-vehicle 0
761.0 1498.0 771.0 1515.0 738.0 1535.0 729.0 1517.0 small-vehicle 0
756.0 1478.0 764.0 1495.0 730.0 1514.0 720.0 1496.0 small-vehicle 0
744.0 1460.0 752.0 1477.0 722.0 1493.0 715.0 1476.0 small-vehicle 0
728.0 1423.0 736.0 1439.0 703.0 1455.0 694.0 1438.0 small-vehicle 0
717.0 1404.0 726.0 1419.0 695.0 1438.0 686.0 1422.0 small-vehicle 0
692.0 1348.0 700.0 1363.0 666.0 1379.0 658.0 1363.0 small-vehicle 0
266.0 29.0 232.0 48.0 238.0 61.0 273.0 44.0 small-vehicle 0
