imagesource:GoogleEarth
gsd:0.263668802986
436.0 2486.0 442.0 2482.0 449.0 2494.0 442.0 2498.0 small-vehicle 1
978.0 839.0 992.0 839.0 993.0 860.0 978.0 862.0 small-vehicle 1
979.0 922.0 994.0 920.0 994.0 941.0 981.0 944.0 small-vehicle 1
962.0 1355.0 977.0 1355.0 978.0 1377.0 966.0 1380.0 small-vehicle 1
1329.0 2312.0 1333.0 2327.0 1305.0 2331.0 1302.0 2317.0 small-vehicle 1
1228.0 2297.0 1229.0 2310.0 1202.0 2312.0 1204.0 2299.0 small-vehicle 1
1157.0 2298.0 1157.0 2309.0 1137.0 2310.0 1135.0 2299.0 small-vehicle 1
1028.0 2200.0 1044.0 2197.0 1045.0 2220.0 1032.0 2223.0 small-vehicle 1
991.0 2221.0 978.0 2222.0 978.0 2195.0 991.0 2196.0 small-vehicle 1
1008.0 2218.0 1021.0 2220.0 1018.0 2244.0 1005.0 2243.0 small-vehicle 1
1066.0 2285.0 1067.0 2298.0 1042.0 2302.0 1041.0 2289.0 small-vehicle 1
1025.0 2296.0 1027.0 2314.0 998.0 2317.0 997.0 2303.0 small-vehicle 1
998.0 2285.0 1002.0 2299.0 976.0 2304.0 972.0 2290.0 small-vehicle 1
668.0 2763.0 770.0 2741.0 785.0 2839.0 684.0 2862.0 storage-tank 0
1255.0 3056.0 1267.0 3050.0 1278.0 3075.0 1266.0 3080.0 small-vehicle 1
1299.0 3123.0 1302.0 3135.0 1278.0 3137.0 1277.0 3128.0 small-vehicle 1
1342.0 3113.0 1344.0 3125.0 1322.0 3128.0 1320.0 3117.0 small-vehicle 1
1343.0 3099.0 1346.0 3113.0 1324.0 3115.0 1323.0 3104.0 small-vehicle 1
1336.0 3076.0 1339.0 3086.0 1317.0 3093.0 1313.0 3080.0 small-vehicle 1
1316.0 3053.0 1324.0 3056.0 1316.0 3071.0 1306.0 3067.0 small-vehicle 1
1325.0 3543.0 1315.0 3544.0 1315.0 3524.0 1324.0 3523.0 small-vehicle 1
981.0 880.0 996.0 880.0 995.0 906.0 979.0 908.0 small-vehicle 1
984.0 810.0 996.0 812.0 995.0 832.0 982.0 833.0 small-vehicle 1
1263.0 3565.0 1272.0 3564.0 1271.0 3583.0 1262.0 3583.0 small-vehicle 1
976.0 786.0 990.0 786.0 989.0 809.0 976.0 809.0 small-vehicle 1
2316.0 3312.0 2329.0 3314.0 2331.0 3332.0 2316.0 3332.0 small-vehicle 1
2316.0 3335.0 2330.0 3334.0 2330.0 3355.0 2317.0 3356.0 small-vehicle 1
2231.0 2795.0 2242.0 2788.0 2253.0 2807.0 2241.0 2815.0 small-vehicle 1
2252.0 2780.0 2261.0 2772.0 2275.0 2786.0 2265.0 2794.0 small-vehicle 1
2263.0 2770.0 2271.0 2762.0 2283.0 2777.0 2274.0 2784.0 small-vehicle 1
2271.0 2757.0 2281.0 2748.0 2296.0 2765.0 2288.0 2776.0 small-vehicle 1
2313.0 2755.0 2304.0 2765.0 2287.0 2745.0 2298.0 2735.0 small-vehicle 1
2334.0 2702.0 2344.0 2711.0 2330.0 2730.0 2318.0 2720.0 small-vehicle 1
2372.0 2696.0 2373.0 2709.0 2354.0 2710.0 2354.0 2697.0 small-vehicle 1
2392.0 2687.0 2392.0 2700.0 2375.0 2702.0 2374.0 2689.0 small-vehicle 1
2211.0 2334.0 2215.0 2348.0 2190.0 2353.0 2187.0 2340.0 small-vehicle 1
2207.0 2251.0 2207.0 2263.0 2179.0 2263.0 2179.0 2251.0 small-vehicle 1
2218.0 2268.0 2219.0 2281.0 2190.0 2282.0 2192.0 2269.0 small-vehicle 1
970.0 503.0 981.0 503.0 980.0 528.0 968.0 529.0 small-vehicle 1
968.0 531.0 983.0 533.0 982.0 558.0 967.0 556.0 small-vehicle 1
972.0 650.0 985.0 650.0 987.0 675.0 973.0 674.0 small-vehicle 1
974.0 677.0 988.0 676.0 986.0 701.0 976.0 702.0 small-vehicle 1
975.0 708.0 989.0 707.0 991.0 733.0 977.0 736.0 small-vehicle 1
981.0 763.0 992.0 762.0 994.0 781.0 982.0 782.0 small-vehicle 1
1342.0 3581.0 1351.0 3582.0 1352.0 3599.0 1340.0 3599.0 small-vehicle 1
1274.0 3561.0 1282.0 3561.0 1282.0 3582.0 1274.0 3583.0 small-vehicle 1
2326.0 3577.0 2337.0 3577.0 2334.0 3597.0 2324.0 3595.0 small-vehicle 1
1162.0 4536.0 1175.0 4535.0 1176.0 4552.0 1165.0 4553.0 small-vehicle 1
1190.0 4562.0 1191.0 4549.0 1212.0 4548.0 1213.0 4561.0 small-vehicle 1
1189.0 4578.0 1187.0 4569.0 1212.0 4566.0 1212.0 4578.0 small-vehicle 1
173.0 4454.0 175.0 4464.0 148.0 4464.0 148.0 4454.0 small-vehicle 1
41.0 4367.0 52.0 4364.0 55.0 4386.0 44.0 4387.0 small-vehicle 1
61.0 4360.0 72.0 4360.0 75.0 4381.0 64.0 4383.0 small-vehicle 1
120.0 4416.0 121.0 4425.0 103.0 4427.0 102.0 4419.0 small-vehicle 1
124.0 4404.0 125.0 4416.0 102.0 4417.0 103.0 4404.0 small-vehicle 1
128.0 4434.0 129.0 4445.0 107.0 4446.0 108.0 4435.0 small-vehicle 1
167.0 4410.0 167.0 4423.0 149.0 4425.0 149.0 4412.0 small-vehicle 1
918.0 4165.0 933.0 4166.0 931.0 4187.0 918.0 4185.0 small-vehicle 1
947.0 4169.0 960.0 4170.0 958.0 4190.0 943.0 4190.0 small-vehicle 1
892.0 4118.0 897.0 4130.0 878.0 4135.0 873.0 4123.0 small-vehicle 1
972.0 4267.0 972.0 4281.0 954.0 4283.0 952.0 4268.0 small-vehicle 1
951.0 4241.0 952.0 4256.0 931.0 4256.0 930.0 4244.0 small-vehicle 1
972.0 4249.0 972.0 4261.0 955.0 4264.0 955.0 4249.0 small-vehicle 1
971.0 4226.0 975.0 4238.0 955.0 4246.0 951.0 4234.0 small-vehicle 1
953.0 4222.0 953.0 4210.0 974.0 4210.0 973.0 4223.0 small-vehicle 1
558.0 3551.0 570.0 3551.0 571.0 3579.0 557.0 3577.0 small-vehicle 1
91.0 3481.0 79.0 3482.0 81.0 3463.0 90.0 3464.0 small-vehicle 1
1193.0 4541.0 1193.0 4532.0 1212.0 4528.0 1213.0 4538.0 small-vehicle 1
1147.0 4556.0 1133.0 4557.0 1130.0 4534.0 1143.0 4534.0 small-vehicle 1
1280.0 3561.0 1291.0 3559.0 1295.0 3579.0 1284.0 3582.0 small-vehicle 1
1054.0 4420.0 1066.0 4417.0 1068.0 4437.0 1055.0 4438.0 small-vehicle 1
1283.0 3584.0 1293.0 3586.0 1293.0 3602.0 1282.0 3600.0 small-vehicle 1
1292.0 3582.0 1302.0 3583.0 1303.0 3602.0 1293.0 3602.0 small-vehicle 1
1302.0 3581.0 1313.0 3583.0 1312.0 3601.0 1302.0 3601.0 small-vehicle 1
1318.0 3560.0 1330.0 3560.0 1328.0 3580.0 1320.0 3581.0 small-vehicle 1
1300.0 3560.0 1311.0 3560.0 1311.0 3581.0 1301.0 3580.0 small-vehicle 1
1003.0 4356.0 1001.0 4346.0 1024.0 4342.0 1024.0 4353.0 small-vehicle 1
1001.0 4369.0 1000.0 4356.0 1025.0 4354.0 1024.0 4367.0 small-vehicle 1
1000.0 4344.0 997.0 4333.0 1022.0 4330.0 1021.0 4338.0 small-vehicle 1
998.0 4330.0 997.0 4321.0 1020.0 4318.0 1019.0 4329.0 small-vehicle 1
997.0 4320.0 996.0 4308.0 1019.0 4308.0 1020.0 4316.0 small-vehicle 1
997.0 4300.0 996.0 4291.0 1021.0 4288.0 1020.0 4299.0 small-vehicle 1
999.0 4288.0 999.0 4278.0 1021.0 4278.0 1021.0 4286.0 small-vehicle 1
999.0 4273.0 996.0 4262.0 1020.0 4261.0 1019.0 4271.0 small-vehicle 1
996.0 4261.0 995.0 4252.0 1015.0 4250.0 1018.0 4259.0 small-vehicle 1
992.0 4245.0 992.0 4235.0 1012.0 4234.0 1012.0 4243.0 small-vehicle 1
991.0 4233.0 990.0 4222.0 1014.0 4223.0 1011.0 4233.0 small-vehicle 1
1031.0 4354.0 1043.0 4353.0 1044.0 4373.0 1034.0 4375.0 small-vehicle 1
1054.0 4372.0 1044.0 4373.0 1042.0 4350.0 1052.0 4349.0 small-vehicle 1
1043.0 4385.0 1053.0 4383.0 1056.0 4403.0 1045.0 4404.0 small-vehicle 1
2322.0 3464.0 2334.0 3464.0 2335.0 3484.0 2323.0 3486.0 small-vehicle 1
2326.0 3597.0 2337.0 3597.0 2336.0 3617.0 2322.0 3615.0 small-vehicle 1
39.0 3095.0 51.0 3092.0 56.0 3107.0 46.0 3114.0 small-vehicle 1
2159.0 4584.0 2157.0 4574.0 2182.0 4571.0 2183.0 4583.0 small-vehicle 1
2199.0 4627.0 2200.0 4640.0 2182.0 4641.0 2180.0 4629.0 small-vehicle 1
2222.0 4625.0 2223.0 4638.0 2201.0 4640.0 2199.0 4628.0 small-vehicle 1
2265.0 4625.0 2265.0 4635.0 2245.0 4637.0 2242.0 4626.0 small-vehicle 1
2298.0 4622.0 2302.0 4634.0 2279.0 4637.0 2279.0 4626.0 small-vehicle 1
2115.0 4613.0 2113.0 4626.0 2092.0 4626.0 2094.0 4614.0 small-vehicle 1
2027.0 4619.0 2024.0 4629.0 2004.0 4630.0 2004.0 4619.0 small-vehicle 1
2039.0 4618.0 2039.0 4606.0 2060.0 4604.0 2059.0 4617.0 small-vehicle 1
1902.0 4609.0 1904.0 4620.0 1882.0 4625.0 1878.0 4615.0 small-vehicle 1
1752.0 4392.0 1762.0 4388.0 1769.0 4410.0 1758.0 4411.0 small-vehicle 1
1754.0 4462.0 1767.0 4459.0 1768.0 4479.0 1756.0 4478.0 small-vehicle 1
1754.0 4437.0 1766.0 4437.0 1767.0 4458.0 1757.0 4460.0 small-vehicle 1
1773.0 4179.0 1777.0 4168.0 1793.0 4171.0 1791.0 4183.0 small-vehicle 1
1722.0 4195.0 1734.0 4196.0 1734.0 4215.0 1722.0 4214.0 small-vehicle 1
1719.0 4176.0 1730.0 4171.0 1734.0 4190.0 1721.0 4194.0 small-vehicle 1
1733.0 4176.0 1743.0 4177.0 1741.0 4195.0 1733.0 4196.0 small-vehicle 1
1971.0 3993.0 1981.0 3989.0 1987.0 4007.0 1977.0 4009.0 small-vehicle 1
1983.0 3994.0 1992.0 3989.0 2000.0 4007.0 1988.0 4009.0 small-vehicle 1
1938.0 3994.0 1951.0 3988.0 1956.0 4007.0 1947.0 4011.0 small-vehicle 1
1950.0 3992.0 1961.0 3988.0 1967.0 4009.0 1957.0 4010.0 small-vehicle 1
2180.0 4629.0 2181.0 4641.0 2160.0 4641.0 2159.0 4630.0 small-vehicle 1
2478.0 4614.0 2480.0 4625.0 2458.0 4630.0 2458.0 4615.0 small-vehicle 1
1880.0 3999.0 1892.0 3996.0 1895.0 4014.0 1885.0 4016.0 small-vehicle 1
2456.0 4615.0 2457.0 4629.0 2438.0 4631.0 2438.0 4617.0 small-vehicle 1
2615.0 4079.0 2616.0 4093.0 2589.0 4093.0 2587.0 4081.0 small-vehicle 1
2540.0 4242.0 2554.0 4239.0 2557.0 4266.0 2542.0 4267.0 small-vehicle 1
2560.0 4242.0 2573.0 4241.0 2573.0 4263.0 2562.0 4265.0 small-vehicle 1
2474.0 4323.0 2485.0 4324.0 2481.0 4347.0 2471.0 4344.0 small-vehicle 1
2500.0 4321.0 2511.0 4322.0 2510.0 4344.0 2499.0 4342.0 small-vehicle 1
2567.0 4291.0 2571.0 4303.0 2547.0 4305.0 2545.0 4293.0 small-vehicle 1
2567.0 4351.0 2570.0 4364.0 2549.0 4368.0 2544.0 4356.0 small-vehicle 1
2569.0 4366.0 2570.0 4377.0 2550.0 4378.0 2550.0 4370.0 small-vehicle 1
2425.0 4456.0 2436.0 4451.0 2443.0 4471.0 2432.0 4475.0 small-vehicle 1
2419.0 4470.0 2409.0 4475.0 2399.0 4457.0 2413.0 4451.0 small-vehicle 1
2565.0 4434.0 2567.0 4447.0 2546.0 4449.0 2545.0 4436.0 small-vehicle 1
2585.0 4447.0 2592.0 4455.0 2577.0 4468.0 2570.0 4461.0 small-vehicle 1
2656.0 4445.0 2670.0 4440.0 2675.0 4457.0 2663.0 4462.0 small-vehicle 1
2602.0 4494.0 2616.0 4489.0 2622.0 4508.0 2610.0 4512.0 small-vehicle 1
2656.0 4495.0 2667.0 4495.0 2668.0 4512.0 2656.0 4513.0 small-vehicle 1
2663.0 4550.0 2677.0 4551.0 2673.0 4569.0 2659.0 4568.0 small-vehicle 1
2617.0 4607.0 2619.0 4620.0 2600.0 4623.0 2596.0 4611.0 small-vehicle 1
2578.0 4608.0 2580.0 4624.0 2554.0 4625.0 2554.0 4609.0 small-vehicle 1
2435.0 4617.0 2437.0 4630.0 2420.0 4631.0 2417.0 4620.0 small-vehicle 1
1899.0 3998.0 1911.0 3993.0 1917.0 4011.0 1905.0 4015.0 small-vehicle 1
1862.0 3998.0 1870.0 3997.0 1874.0 4015.0 1866.0 4017.0 small-vehicle 1
1671.0 3431.0 1712.0 3429.0 1709.0 3453.0 1671.0 3456.0 small-vehicle 1
1824.0 3823.0 1835.0 3822.0 1834.0 3841.0 1826.0 3841.0 small-vehicle 1
1869.0 3797.0 1881.0 3797.0 1879.0 3820.0 1869.0 3819.0 small-vehicle 1
1844.0 3799.0 1854.0 3798.0 1853.0 3818.0 1843.0 3818.0 small-vehicle 1
1825.0 3799.0 1838.0 3798.0 1835.0 3818.0 1824.0 3820.0 small-vehicle 1
1795.0 3795.0 1804.0 3803.0 1789.0 3821.0 1783.0 3811.0 small-vehicle 1
1877.0 3746.0 1886.0 3746.0 1887.0 3764.0 1877.0 3764.0 small-vehicle 1
1860.0 3745.0 1870.0 3744.0 1870.0 3763.0 1863.0 3763.0 small-vehicle 1
1849.0 3746.0 1862.0 3746.0 1860.0 3765.0 1852.0 3763.0 small-vehicle 1
1838.0 3745.0 1847.0 3745.0 1848.0 3764.0 1838.0 3765.0 small-vehicle 1
1826.0 3746.0 1835.0 3745.0 1835.0 3765.0 1827.0 3766.0 small-vehicle 1
1710.0 3759.0 1720.0 3757.0 1722.0 3781.0 1712.0 3780.0 small-vehicle 1
1696.0 3760.0 1707.0 3760.0 1708.0 3778.0 1698.0 3778.0 small-vehicle 1
1681.0 3766.0 1689.0 3764.0 1694.0 3784.0 1683.0 3785.0 small-vehicle 1
1668.0 3763.0 1681.0 3762.0 1683.0 3784.0 1673.0 3784.0 small-vehicle 1
1924.0 3708.0 1935.0 3706.0 1937.0 3724.0 1927.0 3727.0 small-vehicle 1
1904.0 3711.0 1913.0 3709.0 1918.0 3729.0 1905.0 3730.0 small-vehicle 1
1885.0 3710.0 1897.0 3709.0 1899.0 3727.0 1886.0 3727.0 small-vehicle 1
1876.0 3711.0 1887.0 3710.0 1886.0 3731.0 1877.0 3728.0 small-vehicle 1
1841.0 3710.0 1851.0 3709.0 1851.0 3727.0 1841.0 3727.0 small-vehicle 1
2289.0 3748.0 2303.0 3746.0 2305.0 3769.0 2289.0 3772.0 small-vehicle 1
1882.0 3797.0 1890.0 3797.0 1892.0 3817.0 1881.0 3819.0 small-vehicle 1
1836.0 3824.0 1843.0 3824.0 1845.0 3840.0 1838.0 3840.0 small-vehicle 1
1828.0 3999.0 1840.0 3995.0 1844.0 4013.0 1834.0 4017.0 small-vehicle 1
1844.0 3820.0 1853.0 3821.0 1854.0 3840.0 1846.0 3840.0 small-vehicle 1
1569.0 4455.0 1604.0 4451.0 1601.0 4499.0 1576.0 4504.0 swimming-pool 0
2032.0 4471.0 2057.0 4466.0 2063.0 4507.0 2037.0 4510.0 swimming-pool 0
1643.0 4328.0 1669.0 4325.0 1677.0 4364.0 1649.0 4370.0 swimming-pool 0
1826.0 4332.0 1827.0 4343.0 1806.0 4343.0 1807.0 4332.0 small-vehicle 1
1757.0 4314.0 1769.0 4317.0 1766.0 4334.0 1754.0 4332.0 small-vehicle 1
1739.0 4324.0 1743.0 4335.0 1724.0 4342.0 1718.0 4333.0 small-vehicle 1
1750.0 4247.0 1762.0 4247.0 1763.0 4265.0 1752.0 4266.0 small-vehicle 1
1754.0 4268.0 1765.0 4266.0 1767.0 4284.0 1757.0 4285.0 small-vehicle 1
1755.0 4290.0 1766.0 4288.0 1768.0 4309.0 1757.0 4309.0 small-vehicle 1
1925.0 3739.0 1936.0 3739.0 1937.0 3759.0 1927.0 3760.0 small-vehicle 1
1914.0 3742.0 1923.0 3740.0 1927.0 3761.0 1917.0 3761.0 small-vehicle 1
1894.0 3744.0 1905.0 3742.0 1907.0 3760.0 1898.0 3762.0 small-vehicle 1
1952.0 3820.0 1962.0 3818.0 1965.0 3841.0 1954.0 3843.0 small-vehicle 1
1924.0 3823.0 1937.0 3822.0 1937.0 3843.0 1924.0 3842.0 small-vehicle 1
1914.0 3825.0 1923.0 3822.0 1923.0 3843.0 1913.0 3842.0 small-vehicle 1
1888.0 3820.0 1896.0 3820.0 1896.0 3841.0 1887.0 3839.0 small-vehicle 1
1879.0 3820.0 1887.0 3819.0 1887.0 3839.0 1878.0 3840.0 small-vehicle 1
1868.0 3820.0 1878.0 3821.0 1876.0 3839.0 1868.0 3838.0 small-vehicle 1
1855.0 3823.0 1867.0 3820.0 1866.0 3839.0 1856.0 3840.0 small-vehicle 1
90.0 3461.0 81.0 3462.0 80.0 3441.0 87.0 3442.0 small-vehicle 1
211.0 3064.0 203.0 3066.0 199.0 3052.0 210.0 3050.0 small-vehicle 1
2492.0 4049.0 2501.0 4050.0 2505.0 4067.0 2493.0 4070.0 small-vehicle 1
928.0 227.0 916.0 227.0 915.0 207.0 927.0 207.0 small-vehicle 1
872.0 246.0 884.0 247.0 884.0 266.0 873.0 267.0 small-vehicle 1
871.0 227.0 880.0 228.0 883.0 246.0 872.0 247.0 small-vehicle 1
868.0 205.0 880.0 203.0 882.0 223.0 870.0 226.0 small-vehicle 1
866.0 173.0 879.0 171.0 880.0 193.0 868.0 194.0 small-vehicle 1
859.0 81.0 872.0 81.0 872.0 103.0 859.0 104.0 small-vehicle 1
761.0 24.0 758.0 14.0 780.0 11.0 779.0 23.0 small-vehicle 1
763.0 32.0 759.0 24.0 779.0 23.0 781.0 32.0 small-vehicle 1
760.0 44.0 758.0 33.0 778.0 32.0 781.0 43.0 small-vehicle 1
760.0 62.0 757.0 51.0 780.0 49.0 783.0 58.0 small-vehicle 1
763.0 82.0 760.0 70.0 782.0 68.0 783.0 79.0 small-vehicle 1
764.0 88.0 763.0 81.0 783.0 79.0 785.0 87.0 small-vehicle 1
763.0 98.0 763.0 89.0 784.0 89.0 785.0 98.0 small-vehicle 1
763.0 107.0 760.0 99.0 783.0 99.0 783.0 107.0 small-vehicle 1
764.0 119.0 763.0 109.0 783.0 108.0 784.0 117.0 small-vehicle 1
764.0 130.0 762.0 121.0 784.0 119.0 782.0 130.0 small-vehicle 1
451.0 200.0 450.0 189.0 473.0 187.0 472.0 199.0 small-vehicle 1
404.0 212.0 404.0 222.0 387.0 221.0 388.0 212.0 small-vehicle 1
397.0 202.0 398.0 190.0 417.0 190.0 416.0 200.0 small-vehicle 1
380.0 204.0 378.0 193.0 395.0 191.0 395.0 201.0 small-vehicle 1
932.0 260.0 920.0 260.0 917.0 235.0 932.0 236.0 small-vehicle 1
929.0 199.0 918.0 198.0 918.0 179.0 926.0 181.0 small-vehicle 1
311.0 206.0 310.0 196.0 327.0 193.0 330.0 203.0 small-vehicle 1
930.0 176.0 917.0 176.0 914.0 154.0 927.0 154.0 small-vehicle 1
159.0 577.0 145.0 580.0 142.0 563.0 153.0 561.0 small-vehicle 1
129.0 431.0 139.0 430.0 143.0 451.0 131.0 454.0 small-vehicle 1
385.0 493.0 397.0 494.0 397.0 514.0 388.0 514.0 small-vehicle 1
397.0 492.0 407.0 492.0 408.0 512.0 399.0 513.0 small-vehicle 1
504.0 486.0 518.0 482.0 521.0 506.0 509.0 509.0 small-vehicle 1
518.0 484.0 527.0 483.0 529.0 505.0 518.0 506.0 small-vehicle 1
539.0 502.0 529.0 503.0 528.0 482.0 540.0 482.0 small-vehicle 1
559.0 505.0 547.0 509.0 543.0 487.0 558.0 487.0 small-vehicle 1
503.0 19.0 516.0 18.0 516.0 39.0 502.0 39.0 small-vehicle 1
607.0 196.0 609.0 210.0 587.0 210.0 585.0 198.0 small-vehicle 1
580.0 196.0 583.0 211.0 563.0 212.0 562.0 199.0 small-vehicle 1
561.0 198.0 560.0 210.0 541.0 213.0 540.0 199.0 small-vehicle 1
528.0 195.0 529.0 208.0 510.0 213.0 507.0 201.0 small-vehicle 1
954.0 287.0 965.0 281.0 974.0 304.0 965.0 312.0 small-vehicle 1
935.0 290.0 921.0 292.0 919.0 272.0 931.0 272.0 small-vehicle 1
945.0 196.0 957.0 194.0 959.0 223.0 946.0 223.0 small-vehicle 1
938.0 86.0 951.0 86.0 952.0 109.0 939.0 111.0 small-vehicle 1
924.0 107.0 913.0 107.0 913.0 84.0 924.0 84.0 small-vehicle 1
927.0 138.0 915.0 137.0 912.0 116.0 924.0 117.0 small-vehicle 1
333.0 205.0 331.0 192.0 352.0 191.0 351.0 203.0 small-vehicle 1
130.0 326.0 131.0 338.0 111.0 342.0 111.0 331.0 small-vehicle 1
328.0 541.0 329.0 552.0 307.0 553.0 307.0 544.0 small-vehicle 1
721.0 2080.0 804.0 2080.0 804.0 2130.0 721.0 2130.0 basketball-court 1
721.0 1976.0 801.0 1976.0 801.0 2028.0 721.0 2028.0 basketball-court 1
721.0 1927.0 801.0 1927.0 801.0 1976.0 721.0 1976.0 basketball-court 1
720.0 1870.0 800.0 1870.0 800.0 1927.0 720.0 1927.0 basketball-court 1
685.0 1825.0 831.0 1825.0 831.0 2165.0 685.0 2165.0 ground-track-field 0
512.0 1035.0 769.0 1027.0 781.0 1416.0 524.0 1428.0 soccer-ball-field 0
477.0 336.0 537.0 334.0 543.0 428.0 481.0 430.0 basketball-court 0
411.0 338.0 465.0 337.0 471.0 430.0 415.0 430.0 basketball-court 0
341.0 342.0 400.0 340.0 406.0 434.0 346.0 434.0 basketball-court 0
273.0 347.0 332.0 343.0 331.0 438.0 276.0 440.0 basketball-court 0
200.0 347.0 264.0 343.0 268.0 430.0 202.0 430.0 basketball-court 0
474.0 224.0 534.0 222.0 538.0 324.0 478.0 330.0 basketball-court 0
405.0 226.0 466.0 222.0 469.0 329.0 408.0 328.0 basketball-court 0
340.0 227.0 397.0 224.0 401.0 331.0 342.0 333.0 basketball-court 0
273.0 229.0 333.0 227.0 337.0 334.0 277.0 336.0 basketball-court 0
571.0 388.0 665.0 388.0 665.0 431.0 571.0 431.0 tennis-court 0
569.0 335.0 663.0 335.0 663.0 376.0 569.0 376.0 tennis-court 0
569.0 280.0 660.0 280.0 660.0 324.0 569.0 324.0 tennis-court 0
567.0 228.0 657.0 228.0 657.0 267.0 567.0 267.0 tennis-court 0
195.0 236.0 268.0 236.0 268.0 336.0 195.0 336.0 basketball-court 0
721.0 2027.0 802.0 2027.0 802.0 2080.0 721.0 2080.0 basketball-court 1
576.0 3399.0 725.0 3399.0 725.0 3473.0 576.0 3473.0 soccer-ball-field 0
137.0 225.0 137.0 237.0 116.0 237.0 116.0 225.0 small-vehicle 1
493.0 3364.0 802.0 3364.0 802.0 3502.0 493.0 3502.0 ground-track-field 0
135.0 183.0 136.0 197.0 114.0 197.0 113.0 184.0 small-vehicle 1
3322.0 72.0 3372.0 69.0 3379.0 167.0 3327.0 170.0 basketball-court 0
3248.0 74.0 3303.0 71.0 3308.0 176.0 3254.0 180.0 basketball-court 0
3453.0 33.0 3564.0 30.0 3575.0 216.0 3464.0 221.0 soccer-ball-field 0
2730.0 4362.0 2832.0 4360.0 2835.0 4419.0 2733.0 4419.0 basketball-court 0
2678.0 4301.0 2954.0 4301.0 2954.0 4453.0 2678.0 4453.0 ground-track-field 0
2208.0 1219.0 2360.0 1221.0 2359.0 1295.0 2207.0 1292.0 soccer-ball-field 0
2093.0 1190.0 2152.0 1190.0 2152.0 1303.0 2093.0 1303.0 basketball-court 1
2027.0 1199.0 2083.0 1199.0 2083.0 1314.0 2027.0 1314.0 basketball-court 0
1954.0 1199.0 2007.0 1199.0 2007.0 1313.0 1954.0 1313.0 basketball-court 0
1888.0 1198.0 1945.0 1198.0 1945.0 1311.0 1888.0 1311.0 basketball-court 0
1812.0 1199.0 1867.0 1199.0 1867.0 1309.0 1812.0 1309.0 basketball-court 0
1750.0 1200.0 1805.0 1200.0 1805.0 1306.0 1750.0 1306.0 basketball-court 0
1712.0 502.0 2107.0 488.0 2147.0 1166.0 1739.0 1176.0 ground-track-field 0
1359.0 649.0 1597.0 634.0 1627.0 1016.0 1382.0 1027.0 soccer-ball-field 0
1288.0 506.0 1666.0 491.0 1708.0 1176.0 1336.0 1166.0 ground-track-field 0
1311.0 4193.0 1360.0 4193.0 1360.0 4285.0 1311.0 4285.0 basketball-court 1
1256.0 4194.0 1307.0 4194.0 1307.0 4286.0 1256.0 4286.0 basketball-court 1
1144.0 4173.0 1432.0 4173.0 1432.0 4312.0 1144.0 4312.0 ground-track-field 0
324.0 530.0 324.0 544.0 302.0 547.0 302.0 533.0 small-vehicle 1
329.0 553.0 329.0 561.0 309.0 564.0 308.0 554.0 small-vehicle 1
102.0 3139.0 110.0 3135.0 119.0 3152.0 110.0 3156.0 small-vehicle 1
618.0 2839.0 613.0 2829.0 635.0 2825.0 637.0 2837.0 small-vehicle 1
629.0 2857.0 626.0 2849.0 644.0 2844.0 646.0 2854.0 small-vehicle 1
592.0 2856.0 604.0 2854.0 604.0 2877.0 592.0 2879.0 small-vehicle 1
538.0 2855.0 549.0 2854.0 554.0 2877.0 542.0 2879.0 small-vehicle 1
527.0 2853.0 540.0 2852.0 540.0 2878.0 528.0 2880.0 small-vehicle 1
590.0 2769.0 600.0 2769.0 599.0 2792.0 588.0 2790.0 small-vehicle 1
587.0 2744.0 599.0 2743.0 598.0 2763.0 586.0 2765.0 small-vehicle 1
807.0 2263.0 809.0 2251.0 826.0 2250.0 827.0 2262.0 small-vehicle 1
886.0 2297.0 887.0 2284.0 912.0 2284.0 909.0 2298.0 small-vehicle 1
666.0 2337.0 667.0 2351.0 645.0 2352.0 646.0 2338.0 small-vehicle 1
689.0 2356.0 691.0 2369.0 670.0 2373.0 670.0 2360.0 small-vehicle 1
664.0 2357.0 668.0 2370.0 647.0 2376.0 644.0 2361.0 small-vehicle 1
582.0 2566.0 567.0 2569.0 563.0 2548.0 577.0 2546.0 small-vehicle 1
438.0 2534.0 433.0 2520.0 456.0 2508.0 460.0 2522.0 small-vehicle 1
438.0 2549.0 436.0 2536.0 460.0 2533.0 461.0 2546.0 small-vehicle 1
837.0 1994.0 851.0 1992.0 854.0 2012.0 839.0 2014.0 small-vehicle 1
837.0 1957.0 848.0 1956.0 847.0 1977.0 834.0 1978.0 small-vehicle 1
837.0 1916.0 847.0 1916.0 849.0 1943.0 836.0 1942.0 small-vehicle 1
879.0 1679.0 881.0 1690.0 860.0 1691.0 860.0 1681.0 small-vehicle 1
878.0 1669.0 879.0 1680.0 858.0 1682.0 857.0 1671.0 small-vehicle 1
632.0 2868.0 629.0 2858.0 650.0 2852.0 654.0 2864.0 small-vehicle 1
598.0 3003.0 609.0 3004.0 611.0 3027.0 597.0 3027.0 small-vehicle 1
180.0 1830.0 181.0 1820.0 201.0 1819.0 199.0 1829.0 small-vehicle 1
328.0 3064.0 318.0 3068.0 309.0 3056.0 319.0 3052.0 small-vehicle 1
891.0 3232.0 902.0 3228.0 909.0 3245.0 898.0 3249.0 small-vehicle 1
859.0 3216.0 859.0 3207.0 881.0 3205.0 882.0 3217.0 small-vehicle 1
860.0 3228.0 859.0 3217.0 882.0 3215.0 879.0 3226.0 small-vehicle 1
860.0 3254.0 859.0 3243.0 881.0 3244.0 880.0 3253.0 small-vehicle 1
861.0 3287.0 857.0 3278.0 880.0 3274.0 878.0 3285.0 small-vehicle 1
861.0 3298.0 859.0 3287.0 882.0 3286.0 881.0 3296.0 small-vehicle 1
91.0 3356.0 100.0 3364.0 90.0 3380.0 81.0 3376.0 small-vehicle 1
83.0 3366.0 70.0 3367.0 70.0 3349.0 81.0 3347.0 small-vehicle 1
81.0 3330.0 69.0 3329.0 67.0 3311.0 77.0 3310.0 small-vehicle 1
75.0 3305.0 68.0 3308.0 64.0 3293.0 75.0 3289.0 small-vehicle 1
73.0 3283.0 62.0 3286.0 58.0 3267.0 69.0 3265.0 small-vehicle 1
69.0 3246.0 55.0 3250.0 52.0 3230.0 65.0 3225.0 small-vehicle 1
64.0 3224.0 53.0 3226.0 49.0 3206.0 60.0 3203.0 small-vehicle 1
70.0 3199.0 82.0 3195.0 88.0 3216.0 76.0 3219.0 small-vehicle 1
61.0 3199.0 49.0 3202.0 45.0 3184.0 56.0 3182.0 small-vehicle 1
55.0 3176.0 45.0 3179.0 38.0 3163.0 49.0 3159.0 small-vehicle 1
49.0 3151.0 38.0 3157.0 29.0 3140.0 39.0 3135.0 small-vehicle 1
98.0 3160.0 107.0 3161.0 106.0 3177.0 97.0 3177.0 small-vehicle 1
313.0 3068.0 300.0 3072.0 293.0 3054.0 305.0 3049.0 small-vehicle 1
181.0 1840.0 180.0 1830.0 199.0 1830.0 199.0 1840.0 small-vehicle 1
181.0 1820.0 182.0 1811.0 199.0 1813.0 198.0 1821.0 small-vehicle 1
333.0 562.0 334.0 575.0 310.0 577.0 310.0 566.0 small-vehicle 1
269.0 675.0 271.0 683.0 252.0 687.0 252.0 677.0 small-vehicle 1
354.0 699.0 354.0 687.0 375.0 686.0 375.0 697.0 small-vehicle 1
325.0 706.0 330.0 717.0 306.0 722.0 305.0 712.0 small-vehicle 1
323.0 695.0 326.0 706.0 308.0 707.0 306.0 699.0 small-vehicle 1
330.0 683.0 334.0 695.0 308.0 696.0 310.0 687.0 small-vehicle 1
322.0 674.0 325.0 683.0 308.0 686.0 302.0 676.0 small-vehicle 1
325.0 663.0 327.0 676.0 303.0 675.0 307.0 664.0 small-vehicle 1
332.0 635.0 334.0 645.0 310.0 648.0 312.0 636.0 small-vehicle 1
334.0 622.0 333.0 634.0 311.0 635.0 312.0 624.0 small-vehicle 1
356.0 677.0 357.0 665.0 381.0 664.0 378.0 676.0 small-vehicle 1
357.0 662.0 356.0 652.0 380.0 652.0 378.0 662.0 small-vehicle 1
354.0 646.0 355.0 635.0 376.0 636.0 375.0 648.0 small-vehicle 1
353.0 635.0 353.0 624.0 374.0 627.0 375.0 636.0 small-vehicle 1
354.0 619.0 355.0 609.0 376.0 613.0 373.0 623.0 small-vehicle 1
353.0 607.0 354.0 596.0 374.0 600.0 373.0 612.0 small-vehicle 1
354.0 595.0 356.0 585.0 377.0 591.0 375.0 599.0 small-vehicle 1
355.0 582.0 357.0 573.0 377.0 579.0 375.0 589.0 small-vehicle 1
382.0 573.0 378.0 584.0 360.0 571.0 368.0 563.0 small-vehicle 1
384.0 552.0 395.0 549.0 397.0 568.0 389.0 570.0 small-vehicle 1
394.0 548.0 406.0 546.0 408.0 564.0 398.0 568.0 small-vehicle 1
270.0 687.0 271.0 695.0 251.0 696.0 250.0 686.0 small-vehicle 1
269.0 664.0 271.0 674.0 250.0 676.0 250.0 666.0 small-vehicle 1
182.0 1810.0 181.0 1800.0 199.0 1799.0 199.0 1811.0 small-vehicle 1
268.0 654.0 269.0 663.0 246.0 666.0 246.0 655.0 small-vehicle 1
152.0 1778.0 146.0 1790.0 128.0 1780.0 135.0 1766.0 small-vehicle 1
239.0 1122.0 243.0 1136.0 218.0 1137.0 216.0 1123.0 small-vehicle 1
240.0 1105.0 240.0 1115.0 216.0 1115.0 219.0 1106.0 small-vehicle 1
238.0 1092.0 238.0 1105.0 218.0 1105.0 218.0 1096.0 small-vehicle 1
384.0 861.0 397.0 859.0 398.0 882.0 384.0 886.0 small-vehicle 1
385.0 836.0 395.0 834.0 398.0 856.0 387.0 857.0 small-vehicle 1
913.0 516.0 928.0 514.0 930.0 536.0 918.0 539.0 small-vehicle 1
795.0 503.0 784.0 505.0 783.0 486.0 792.0 486.0 small-vehicle 1
776.0 503.0 767.0 505.0 764.0 488.0 771.0 488.0 small-vehicle 1
758.0 504.0 748.0 505.0 745.0 491.0 756.0 488.0 small-vehicle 1
747.0 505.0 737.0 508.0 735.0 492.0 742.0 492.0 small-vehicle 1
735.0 507.0 725.0 510.0 723.0 494.0 733.0 493.0 small-vehicle 1
713.0 417.0 723.0 417.0 724.0 432.0 713.0 433.0 small-vehicle 1
751.0 475.0 749.0 463.0 773.0 463.0 772.0 475.0 small-vehicle 1
711.0 475.0 711.0 462.0 729.0 464.0 727.0 477.0 small-vehicle 1
154.0 715.0 152.0 728.0 131.0 722.0 135.0 708.0 small-vehicle 1
158.0 672.0 148.0 673.0 145.0 655.0 156.0 652.0 small-vehicle 1
271.0 632.0 270.0 643.0 247.0 644.0 248.0 634.0 small-vehicle 1
268.0 642.0 270.0 652.0 247.0 656.0 249.0 645.0 small-vehicle 1
2566.0 4078.0 2570.0 4091.0 2545.0 4093.0 2543.0 4082.0 small-vehicle 1
2474.0 4055.0 2487.0 4055.0 2490.0 4072.0 2479.0 4076.0 small-vehicle 1
425.0 2485.0 431.0 2482.0 438.0 2495.0 431.0 2498.0 small-vehicle 1
3266.0 3891.0 3265.0 3879.0 3285.0 3879.0 3286.0 3890.0 small-vehicle 1
3647.0 4036.0 3647.0 4022.0 3672.0 4024.0 3672.0 4038.0 small-vehicle 1
3696.0 3920.0 3711.0 3918.0 3711.0 3938.0 3698.0 3940.0 small-vehicle 1
3701.0 3959.0 3713.0 3959.0 3712.0 3981.0 3701.0 3982.0 small-vehicle 1
3698.0 3998.0 3711.0 3997.0 3713.0 4020.0 3700.0 4021.0 small-vehicle 1
3707.0 4195.0 3706.0 4182.0 3731.0 4177.0 3735.0 4189.0 small-vehicle 1
3721.0 4478.0 3722.0 4492.0 3698.0 4489.0 3699.0 4476.0 small-vehicle 1
3768.0 4556.0 3768.0 4570.0 3743.0 4572.0 3742.0 4560.0 small-vehicle 1
3725.0 4558.0 3726.0 4572.0 3705.0 4572.0 3703.0 4559.0 small-vehicle 1
3029.0 4592.0 3030.0 4606.0 3008.0 4606.0 3008.0 4594.0 small-vehicle 1
2953.0 4594.0 2951.0 4609.0 2930.0 4610.0 2930.0 4597.0 small-vehicle 1
3052.0 4592.0 3050.0 4603.0 3031.0 4604.0 3031.0 4594.0 small-vehicle 1
3110.0 4590.0 3112.0 4602.0 3091.0 4602.0 3091.0 4590.0 small-vehicle 1
3161.0 4586.0 3161.0 4598.0 3144.0 4599.0 3145.0 4588.0 small-vehicle 1
3205.0 4582.0 3206.0 4595.0 3185.0 4595.0 3186.0 4585.0 small-vehicle 1
3268.0 4579.0 3269.0 4592.0 3245.0 4593.0 3246.0 4581.0 small-vehicle 1
3310.0 4580.0 3309.0 4591.0 3288.0 4590.0 3288.0 4580.0 small-vehicle 1
3346.0 4575.0 3347.0 4588.0 3324.0 4587.0 3327.0 4575.0 small-vehicle 1
3404.0 4571.0 3404.0 4585.0 3382.0 4585.0 3379.0 4572.0 small-vehicle 1
3425.0 4571.0 3426.0 4582.0 3403.0 4583.0 3404.0 4573.0 small-vehicle 1
3264.0 3901.0 3264.0 3891.0 3282.0 3893.0 3281.0 3904.0 small-vehicle 1
3381.0 4053.0 3388.0 4043.0 3404.0 4052.0 3400.0 4062.0 small-vehicle 1
3433.0 4555.0 3433.0 4542.0 3458.0 4541.0 3456.0 4555.0 small-vehicle 1
3485.0 4111.0 3487.0 4123.0 3464.0 4127.0 3464.0 4114.0 small-vehicle 1
3429.0 2476.0 3430.0 2464.0 3449.0 2463.0 3448.0 2476.0 small-vehicle 1
3595.0 2506.0 3605.0 2504.0 3603.0 2526.0 3594.0 2524.0 small-vehicle 1
3584.0 2504.0 3593.0 2505.0 3594.0 2526.0 3585.0 2525.0 small-vehicle 1
3563.0 2505.0 3576.0 2506.0 3575.0 2527.0 3563.0 2528.0 small-vehicle 1
3372.0 2756.0 3384.0 2757.0 3384.0 2777.0 3371.0 2780.0 small-vehicle 1
3706.0 3322.0 3708.0 3334.0 3688.0 3336.0 3688.0 3326.0 small-vehicle 1
3705.0 3305.0 3707.0 3314.0 3686.0 3317.0 3685.0 3308.0 small-vehicle 1
3703.0 3296.0 3703.0 3306.0 3683.0 3307.0 3682.0 3297.0 small-vehicle 1
3703.0 3281.0 3706.0 3293.0 3687.0 3297.0 3685.0 3286.0 small-vehicle 1
3388.0 3319.0 3386.0 3333.0 3362.0 3335.0 3363.0 3319.0 small-vehicle 1
3389.0 3355.0 3389.0 3368.0 3365.0 3368.0 3364.0 3355.0 small-vehicle 1
3307.0 3459.0 3318.0 3459.0 3318.0 3477.0 3307.0 3477.0 small-vehicle 1
3283.0 3553.0 3284.0 3564.0 3261.0 3564.0 3262.0 3553.0 small-vehicle 1
3285.0 3541.0 3286.0 3551.0 3261.0 3552.0 3263.0 3543.0 small-vehicle 1
3284.0 3528.0 3284.0 3540.0 3262.0 3541.0 3261.0 3529.0 small-vehicle 1
3283.0 3515.0 3284.0 3528.0 3263.0 3528.0 3262.0 3515.0 small-vehicle 1
3302.0 3517.0 3304.0 3508.0 3325.0 3512.0 3322.0 3519.0 small-vehicle 1
3303.0 3532.0 3304.0 3521.0 3325.0 3521.0 3323.0 3531.0 small-vehicle 1
3304.0 3555.0 3303.0 3544.0 3324.0 3543.0 3323.0 3555.0 small-vehicle 1
3401.0 4556.0 3403.0 4543.0 3426.0 4545.0 3426.0 4557.0 small-vehicle 1
3028.0 3884.0 3016.0 3886.0 3016.0 3862.0 3027.0 3863.0 small-vehicle 1
3643.0 2333.0 3645.0 2348.0 3616.0 2347.0 3617.0 2334.0 small-vehicle 1
2762.0 3373.0 2772.0 3371.0 2775.0 3389.0 2764.0 3391.0 small-vehicle 1
2734.0 3373.0 2742.0 3373.0 2743.0 3394.0 2733.0 3395.0 small-vehicle 1
2723.0 3375.0 2731.0 3374.0 2733.0 3394.0 2724.0 3393.0 small-vehicle 1
2711.0 3374.0 2722.0 3374.0 2723.0 3392.0 2715.0 3393.0 small-vehicle 1
2703.0 3379.0 2711.0 3377.0 2712.0 3395.0 2704.0 3394.0 small-vehicle 1
2693.0 3377.0 2703.0 3376.0 2702.0 3395.0 2695.0 3394.0 small-vehicle 1
2693.0 3399.0 2702.0 3398.0 2703.0 3417.0 2692.0 3418.0 small-vehicle 1
2684.0 3399.0 2693.0 3398.0 2692.0 3418.0 2682.0 3417.0 small-vehicle 1
2661.0 3420.0 2648.0 3420.0 2649.0 3400.0 2660.0 3400.0 small-vehicle 1
2646.0 3418.0 2635.0 3418.0 2637.0 3398.0 2647.0 3398.0 small-vehicle 1
2636.0 3420.0 2627.0 3420.0 2627.0 3400.0 2637.0 3400.0 small-vehicle 1
2614.0 3400.0 2624.0 3399.0 2625.0 3421.0 2615.0 3422.0 small-vehicle 1
2594.0 3403.0 2604.0 3402.0 2606.0 3422.0 2597.0 3423.0 small-vehicle 1
2585.0 3403.0 2594.0 3402.0 2594.0 3422.0 2587.0 3425.0 small-vehicle 1
2575.0 3404.0 2585.0 3402.0 2585.0 3425.0 2575.0 3425.0 small-vehicle 1
2563.0 3405.0 2574.0 3404.0 2574.0 3424.0 2565.0 3425.0 small-vehicle 1
2684.0 3379.0 2693.0 3378.0 2693.0 3396.0 2684.0 3397.0 small-vehicle 1
2646.0 3374.0 2658.0 3374.0 2659.0 3397.0 2647.0 3398.0 small-vehicle 1
2625.0 3379.0 2635.0 3377.0 2637.0 3396.0 2625.0 3395.0 small-vehicle 1
2616.0 3378.0 2625.0 3379.0 2623.0 3397.0 2615.0 3396.0 small-vehicle 1
2743.0 3375.0 2752.0 3374.0 2755.0 3392.0 2746.0 3394.0 small-vehicle 1
2714.0 3394.0 2723.0 3396.0 2723.0 3415.0 2713.0 3415.0 small-vehicle 1
3021.0 3905.0 3013.0 3894.0 3029.0 3879.0 3036.0 3886.0 small-vehicle 1
2726.0 3397.0 2735.0 3397.0 2734.0 3416.0 2725.0 3415.0 small-vehicle 1
3083.0 3861.0 3083.0 3849.0 3107.0 3851.0 3106.0 3860.0 small-vehicle 1
3064.0 3847.0 3066.0 3858.0 3041.0 3859.0 3039.0 3848.0 small-vehicle 1
2814.0 3370.0 2824.0 3369.0 2827.0 3388.0 2817.0 3390.0 small-vehicle 1
2799.0 3435.0 2810.0 3435.0 2809.0 3455.0 2801.0 3457.0 small-vehicle 1
2786.0 3439.0 2798.0 3436.0 2798.0 3455.0 2787.0 3456.0 small-vehicle 1
2735.0 3436.0 2746.0 3436.0 2747.0 3455.0 2739.0 3455.0 small-vehicle 1
2707.0 3439.0 2715.0 3440.0 2716.0 3457.0 2707.0 3459.0 small-vehicle 1
2694.0 3441.0 2704.0 3440.0 2704.0 3457.0 2695.0 3461.0 small-vehicle 1
2666.0 3443.0 2677.0 3442.0 2678.0 3460.0 2667.0 3460.0 small-vehicle 1
2646.0 3443.0 2654.0 3443.0 2656.0 3464.0 2648.0 3463.0 small-vehicle 1
2635.0 3444.0 2644.0 3444.0 2644.0 3463.0 2635.0 3463.0 small-vehicle 1
2594.0 3446.0 2603.0 3444.0 2605.0 3463.0 2597.0 3463.0 small-vehicle 1
2583.0 3445.0 2591.0 3445.0 2594.0 3464.0 2586.0 3464.0 small-vehicle 1
2570.0 3443.0 2580.0 3442.0 2583.0 3464.0 2573.0 3464.0 small-vehicle 1
2809.0 3391.0 2818.0 3391.0 2815.0 3410.0 2808.0 3410.0 small-vehicle 1
2798.0 3391.0 2806.0 3391.0 2807.0 3410.0 2798.0 3408.0 small-vehicle 1
2787.0 3391.0 2796.0 3391.0 2796.0 3410.0 2788.0 3410.0 small-vehicle 1
2765.0 3394.0 2775.0 3394.0 2777.0 3410.0 2767.0 3412.0 small-vehicle 1
2755.0 3394.0 2765.0 3393.0 2766.0 3411.0 2756.0 3412.0 small-vehicle 1
3429.0 2464.0 3429.0 2453.0 3450.0 2452.0 3451.0 2463.0 small-vehicle 1
3460.0 2372.0 3458.0 2384.0 3432.0 2376.0 3439.0 2365.0 small-vehicle 1
2591.0 3381.0 2602.0 3379.0 2604.0 3400.0 2593.0 3402.0 small-vehicle 1
3565.0 2849.0 3576.0 2848.0 3577.0 2876.0 3565.0 2876.0 small-vehicle 1
3533.0 2853.0 3543.0 2853.0 3546.0 2877.0 3534.0 2878.0 small-vehicle 1
3521.0 2851.0 3531.0 2851.0 3532.0 2876.0 3524.0 2877.0 small-vehicle 1
3509.0 2851.0 3520.0 2851.0 3523.0 2877.0 3511.0 2878.0 small-vehicle 1
3497.0 2850.0 3511.0 2850.0 3509.0 2878.0 3498.0 2878.0 small-vehicle 1
3370.0 3445.0 3369.0 3434.0 3389.0 3433.0 3388.0 3445.0 small-vehicle 1
3366.0 3434.0 3366.0 3423.0 3388.0 3421.0 3388.0 3432.0 small-vehicle 1
3367.0 3398.0 3366.0 3387.0 3386.0 3386.0 3386.0 3396.0 small-vehicle 1
3364.0 3351.0 3363.0 3340.0 3384.0 3338.0 3385.0 3349.0 small-vehicle 1
3589.0 4036.0 3589.0 4026.0 3608.0 4028.0 3608.0 4037.0 small-vehicle 1
3550.0 4039.0 3549.0 4030.0 3566.0 4028.0 3566.0 4037.0 small-vehicle 1
3763.0 4485.0 3778.0 4485.0 3777.0 4508.0 3766.0 4508.0 small-vehicle 1
3692.0 4440.0 3696.0 4454.0 3674.0 4457.0 3671.0 4444.0 small-vehicle 1
3553.0 4567.0 3555.0 4576.0 3535.0 4579.0 3532.0 4569.0 small-vehicle 1
3621.0 4562.0 3623.0 4574.0 3600.0 4577.0 3599.0 4564.0 small-vehicle 1
1789.0 4335.0 1788.0 4347.0 1765.0 4346.0 1764.0 4335.0 small-vehicle 1
1745.0 4341.0 1751.0 4352.0 1728.0 4364.0 1722.0 4352.0 small-vehicle 1
3472.0 499.0 3464.0 489.0 3482.0 478.0 3487.0 490.0 small-vehicle 1
3558.0 378.0 3562.0 366.0 3584.0 373.0 3584.0 387.0 small-vehicle 1
3558.0 390.0 3560.0 379.0 3583.0 383.0 3581.0 395.0 small-vehicle 1
3545.0 2850.0 3555.0 2849.0 3557.0 2876.0 3547.0 2876.0 small-vehicle 1
3577.0 2848.0 3588.0 2848.0 3592.0 2877.0 3578.0 2878.0 small-vehicle 1
3506.0 360.0 3521.0 360.0 3523.0 382.0 3508.0 383.0 small-vehicle 1
3593.0 2845.0 3607.0 2845.0 3608.0 2884.0 3592.0 2884.0 small-vehicle 1
423.0 2496.0 417.0 2501.0 410.0 2487.0 417.0 2483.0 small-vehicle 1
402.0 2495.0 395.0 2499.0 388.0 2485.0 394.0 2480.0 small-vehicle 1
2862.0 4599.0 2863.0 4610.0 2847.0 4611.0 2845.0 4601.0 small-vehicle 1
2882.0 4597.0 2884.0 4610.0 2864.0 4612.0 2861.0 4601.0 small-vehicle 1
2762.0 4601.0 2764.0 4613.0 2743.0 4617.0 2741.0 4605.0 small-vehicle 1
2339.0 4429.0 2329.0 4429.0 2326.0 4408.0 2338.0 4408.0 small-vehicle 1
2318.0 4460.0 2327.0 4452.0 2342.0 4470.0 2333.0 4477.0 small-vehicle 1
2421.0 2733.0 2413.0 2725.0 2430.0 2713.0 2435.0 2723.0 small-vehicle 1
2408.0 2751.0 2400.0 2741.0 2413.0 2728.0 2421.0 2736.0 small-vehicle 1
3515.0 403.0 3527.0 408.0 3518.0 429.0 3507.0 424.0 small-vehicle 1
3154.0 2058.0 3156.0 2071.0 3134.0 2075.0 3132.0 2062.0 small-vehicle 1
3148.0 2037.0 3152.0 2046.0 3133.0 2054.0 3129.0 2044.0 small-vehicle 1
3186.0 2184.0 3197.0 2182.0 3200.0 2204.0 3189.0 2208.0 small-vehicle 1
2908.0 2344.0 2905.0 2333.0 2927.0 2329.0 2930.0 2340.0 small-vehicle 1
3260.0 2333.0 3258.0 2345.0 3236.0 2342.0 3236.0 2331.0 small-vehicle 1
3382.0 2386.0 3383.0 2395.0 3363.0 2398.0 3361.0 2389.0 small-vehicle 1
3646.0 2844.0 3660.0 2844.0 3660.0 2881.0 3648.0 2882.0 small-vehicle 1
3629.0 2844.0 3640.0 2844.0 3643.0 2880.0 3631.0 2882.0 small-vehicle 1
3610.0 2845.0 3625.0 2845.0 3626.0 2885.0 3611.0 2884.0 small-vehicle 1
3578.0 406.0 3589.0 406.0 3589.0 427.0 3577.0 425.0 small-vehicle 1
3369.0 360.0 3371.0 348.0 3390.0 350.0 3391.0 363.0 small-vehicle 1
3210.0 2276.0 3211.0 2266.0 3233.0 2268.0 3232.0 2279.0 small-vehicle 1
3684.0 1396.0 3686.0 1410.0 3661.0 1410.0 3661.0 1399.0 small-vehicle 1
3640.0 1981.0 3642.0 1991.0 3622.0 1994.0 3622.0 1982.0 small-vehicle 1
3640.0 1969.0 3642.0 1981.0 3621.0 1981.0 3621.0 1967.0 small-vehicle 1
3638.0 1945.0 3639.0 1957.0 3619.0 1958.0 3619.0 1946.0 small-vehicle 1
3637.0 1933.0 3639.0 1945.0 3620.0 1945.0 3620.0 1934.0 small-vehicle 1
3636.0 1923.0 3638.0 1933.0 3619.0 1932.0 3618.0 1924.0 small-vehicle 1
3637.0 1911.0 3637.0 1921.0 3620.0 1924.0 3619.0 1913.0 small-vehicle 1
3636.0 1899.0 3638.0 1911.0 3618.0 1913.0 3619.0 1901.0 small-vehicle 1
3625.0 2047.0 3625.0 2036.0 3649.0 2036.0 3647.0 2045.0 small-vehicle 1
3627.0 2057.0 3625.0 2045.0 3646.0 2046.0 3646.0 2056.0 small-vehicle 1
3627.0 2081.0 3623.0 2070.0 3647.0 2069.0 3648.0 2078.0 small-vehicle 1
3630.0 2111.0 3627.0 2100.0 3650.0 2100.0 3651.0 2110.0 small-vehicle 1
3629.0 2125.0 3629.0 2113.0 3650.0 2113.0 3650.0 2125.0 small-vehicle 1
3665.0 2166.0 3676.0 2156.0 3690.0 2170.0 3682.0 2182.0 small-vehicle 1
3635.0 2286.0 3636.0 2270.0 3663.0 2272.0 3661.0 2288.0 small-vehicle 1
3679.0 2281.0 3679.0 2271.0 3703.0 2273.0 3702.0 2284.0 small-vehicle 1
3312.0 2283.0 3314.0 2267.0 3338.0 2270.0 3338.0 2286.0 small-vehicle 1
3338.0 2282.0 3339.0 2269.0 3360.0 2272.0 3358.0 2284.0 small-vehicle 1
3272.0 2281.0 3271.0 2269.0 3294.0 2269.0 3292.0 2281.0 small-vehicle 1
3207.0 2292.0 3207.0 2280.0 3231.0 2278.0 3233.0 2291.0 small-vehicle 1
3610.0 1401.0 3611.0 1413.0 3592.0 1417.0 3589.0 1403.0 small-vehicle 1
3729.0 1392.0 3732.0 1407.0 3712.0 1407.0 3712.0 1395.0 small-vehicle 1
3336.0 367.0 3334.0 356.0 3356.0 353.0 3357.0 363.0 small-vehicle 1
3756.0 1391.0 3755.0 1404.0 3736.0 1406.0 3735.0 1393.0 small-vehicle 1
3224.0 361.0 3226.0 373.0 3201.0 374.0 3202.0 362.0 small-vehicle 1
3332.0 415.0 3331.0 404.0 3354.0 403.0 3355.0 414.0 small-vehicle 1
3331.0 402.0 3332.0 392.0 3352.0 392.0 3352.0 401.0 small-vehicle 1
3477.0 399.0 3488.0 404.0 3478.0 426.0 3467.0 421.0 small-vehicle 1
3479.0 842.0 3489.0 842.0 3491.0 864.0 3477.0 863.0 small-vehicle 1
3475.0 817.0 3488.0 815.0 3490.0 836.0 3478.0 837.0 small-vehicle 1
3482.0 773.0 3493.0 776.0 3488.0 798.0 3475.0 795.0 small-vehicle 1
3458.0 772.0 3471.0 771.0 3472.0 792.0 3461.0 793.0 small-vehicle 1
3450.0 818.0 3452.0 832.0 3433.0 836.0 3428.0 822.0 small-vehicle 1
3546.0 1119.0 3548.0 1129.0 3529.0 1130.0 3528.0 1121.0 small-vehicle 1
3556.0 1244.0 3544.0 1244.0 3544.0 1220.0 3558.0 1220.0 small-vehicle 1
3559.0 1263.0 3547.0 1263.0 3545.0 1242.0 3555.0 1243.0 small-vehicle 1
3558.0 1292.0 3547.0 1292.0 3546.0 1275.0 3556.0 1275.0 small-vehicle 1
3563.0 1334.0 3551.0 1334.0 3550.0 1316.0 3561.0 1316.0 small-vehicle 1
3563.0 1351.0 3550.0 1353.0 3551.0 1335.0 3560.0 1335.0 small-vehicle 1
3565.0 1373.0 3552.0 1373.0 3553.0 1355.0 3561.0 1355.0 small-vehicle 1
3566.0 1394.0 3556.0 1395.0 3555.0 1379.0 3566.0 1378.0 small-vehicle 1
3660.0 1392.0 3648.0 1394.0 3648.0 1371.0 3660.0 1371.0 small-vehicle 1
3780.0 1388.0 3784.0 1402.0 3756.0 1404.0 3756.0 1391.0 small-vehicle 1
2604.0 3380.0 2613.0 3378.0 2614.0 3396.0 2603.0 3399.0 small-vehicle 1
2574.0 3382.0 2585.0 3381.0 2585.0 3401.0 2574.0 3401.0 small-vehicle 1
2529.0 4083.0 2530.0 4096.0 2511.0 4096.0 2510.0 4084.0 small-vehicle 1
2573.0 774.0 2573.0 783.0 2557.0 786.0 2555.0 777.0 small-vehicle 1
2574.0 747.0 2575.0 757.0 2557.0 758.0 2557.0 749.0 small-vehicle 1
2574.0 736.0 2577.0 748.0 2558.0 749.0 2557.0 738.0 small-vehicle 1
2569.0 727.0 2574.0 735.0 2556.0 739.0 2556.0 731.0 small-vehicle 1
2570.0 716.0 2573.0 728.0 2558.0 730.0 2556.0 722.0 small-vehicle 1
2628.0 1154.0 2642.0 1153.0 2646.0 1174.0 2634.0 1178.0 small-vehicle 1
2634.0 1199.0 2645.0 1197.0 2649.0 1216.0 2636.0 1219.0 small-vehicle 1
2634.0 1222.0 2648.0 1220.0 2651.0 1241.0 2638.0 1245.0 small-vehicle 1
2641.0 1286.0 2654.0 1283.0 2656.0 1306.0 2645.0 1307.0 small-vehicle 1
2406.0 1522.0 2419.0 1519.0 2422.0 1544.0 2409.0 1545.0 small-vehicle 1
2389.0 1538.0 2393.0 1546.0 2378.0 1556.0 2374.0 1548.0 small-vehicle 1
2394.0 1523.0 2400.0 1535.0 2375.0 1544.0 2371.0 1535.0 small-vehicle 1
2522.0 2362.0 2525.0 2376.0 2500.0 2380.0 2496.0 2366.0 small-vehicle 1
2420.0 2359.0 2419.0 2373.0 2392.0 2372.0 2394.0 2360.0 small-vehicle 1
2422.0 2338.0 2424.0 2353.0 2399.0 2355.0 2400.0 2341.0 small-vehicle 1
2401.0 2320.0 2401.0 2336.0 2376.0 2338.0 2374.0 2321.0 small-vehicle 1
2374.0 2357.0 2375.0 2370.0 2351.0 2377.0 2348.0 2362.0 small-vehicle 1
2376.0 2337.0 2378.0 2349.0 2352.0 2352.0 2351.0 2339.0 small-vehicle 1
2213.0 3108.0 2250.0 3102.0 2251.0 3148.0 2214.0 3152.0 swimming-pool 0
2571.0 2970.0 2610.0 2971.0 2611.0 3017.0 2571.0 3019.0 swimming-pool 0
2574.0 761.0 2577.0 768.0 2555.0 776.0 2553.0 764.0 small-vehicle 1
2574.0 791.0 2575.0 804.0 2558.0 806.0 2555.0 795.0 small-vehicle 1
2667.0 3503.0 2677.0 3503.0 2677.0 3521.0 2667.0 3522.0 small-vehicle 1
2575.0 813.0 2577.0 824.0 2560.0 828.0 2558.0 816.0 small-vehicle 1
3153.0 1995.0 3155.0 2007.0 3132.0 2010.0 3130.0 1998.0 small-vehicle 1
3156.0 1953.0 3156.0 1964.0 3134.0 1964.0 3135.0 1952.0 small-vehicle 1
3148.0 1936.0 3150.0 1946.0 3128.0 1950.0 3127.0 1937.0 small-vehicle 1
3177.0 1990.0 3175.0 1981.0 3195.0 1981.0 3195.0 1991.0 small-vehicle 1
3180.0 1977.0 3179.0 1968.0 3199.0 1964.0 3201.0 1976.0 small-vehicle 1
3176.0 1966.0 3173.0 1955.0 3196.0 1955.0 3196.0 1967.0 small-vehicle 1
3175.0 1946.0 3174.0 1937.0 3194.0 1936.0 3195.0 1944.0 small-vehicle 1
3172.0 1934.0 3172.0 1925.0 3192.0 1924.0 3193.0 1932.0 small-vehicle 1
3172.0 1911.0 3170.0 1901.0 3194.0 1899.0 3195.0 1912.0 small-vehicle 1
3156.0 1906.0 3157.0 1920.0 3130.0 1919.0 3130.0 1907.0 small-vehicle 1
2687.0 257.0 2697.0 257.0 2698.0 280.0 2686.0 280.0 small-vehicle 1
2667.0 280.0 2678.0 281.0 2681.0 304.0 2670.0 305.0 small-vehicle 1
2688.0 720.0 2703.0 722.0 2702.0 746.0 2686.0 744.0 small-vehicle 1
2633.0 772.0 2631.0 762.0 2650.0 759.0 2651.0 769.0 small-vehicle 1
2625.0 743.0 2622.0 729.0 2644.0 730.0 2643.0 741.0 small-vehicle 1
2605.0 754.0 2602.0 742.0 2624.0 741.0 2624.0 751.0 small-vehicle 1
2611.0 772.0 2609.0 763.0 2629.0 760.0 2628.0 769.0 small-vehicle 1
2605.0 817.0 2602.0 806.0 2622.0 804.0 2623.0 814.0 small-vehicle 1
2603.0 803.0 2602.0 791.0 2625.0 788.0 2628.0 801.0 small-vehicle 1
2409.0 3351.0 2433.0 3351.0 2433.0 3400.0 2410.0 3400.0 small-vehicle 1
2640.0 3503.0 2648.0 3502.0 2652.0 3521.0 2642.0 3523.0 small-vehicle 1
3129.0 2926.0 3140.0 2925.0 3140.0 2947.0 3128.0 2947.0 small-vehicle 1
2619.0 3978.0 2621.0 3991.0 2595.0 3992.0 2595.0 3983.0 small-vehicle 1
2459.0 3938.0 2457.0 3927.0 2485.0 3927.0 2484.0 3936.0 small-vehicle 1
2457.0 3949.0 2457.0 3938.0 2480.0 3938.0 2480.0 3948.0 small-vehicle 1
2457.0 3975.0 2457.0 3962.0 2481.0 3960.0 2483.0 3971.0 small-vehicle 1
2462.0 3984.0 2462.0 3975.0 2482.0 3973.0 2483.0 3983.0 small-vehicle 1
2446.0 3911.0 2434.0 3911.0 2433.0 3889.0 2445.0 3890.0 small-vehicle 1
2446.0 3929.0 2436.0 3929.0 2434.0 3912.0 2444.0 3910.0 small-vehicle 1
2452.0 3980.0 2440.0 3984.0 2434.0 3964.0 2447.0 3960.0 small-vehicle 1
2451.0 3998.0 2441.0 3999.0 2440.0 3984.0 2448.0 3984.0 small-vehicle 1
2479.0 4019.0 2481.0 4031.0 2464.0 4035.0 2461.0 4021.0 small-vehicle 1
2640.0 4048.0 2636.0 4034.0 2655.0 4030.0 2660.0 4045.0 small-vehicle 1
2606.0 4034.0 2612.0 4044.0 2595.0 4052.0 2589.0 4043.0 small-vehicle 1
2613.0 4048.0 2615.0 4058.0 2593.0 4060.0 2591.0 4050.0 small-vehicle 1
2613.0 4060.0 2613.0 4072.0 2593.0 4074.0 2590.0 4063.0 small-vehicle 1
2466.0 4006.0 2463.0 3992.0 2487.0 3991.0 2489.0 4004.0 small-vehicle 1
2448.0 4018.0 2450.0 4030.0 2430.0 4035.0 2428.0 4022.0 small-vehicle 1
2442.0 4036.0 2451.0 4036.0 2453.0 4057.0 2443.0 4060.0 small-vehicle 1
2452.0 4081.0 2456.0 4094.0 2432.0 4103.0 2427.0 4092.0 small-vehicle 1
2459.0 4119.0 2472.0 4116.0 2474.0 4137.0 2462.0 4139.0 small-vehicle 1
2491.0 4080.0 2495.0 4091.0 2474.0 4098.0 2469.0 4089.0 small-vehicle 1
2460.0 3928.0 2459.0 3917.0 2483.0 3915.0 2484.0 3926.0 small-vehicle 1
2618.0 3967.0 2617.0 3978.0 2596.0 3980.0 2592.0 3970.0 small-vehicle 1
2629.0 3502.0 2640.0 3503.0 2638.0 3522.0 2631.0 3522.0 small-vehicle 1
2614.0 3941.0 2614.0 3952.0 2597.0 3952.0 2596.0 3942.0 small-vehicle 1
2615.0 3502.0 2628.0 3501.0 2629.0 3520.0 2618.0 3523.0 small-vehicle 1
2559.0 3506.0 2572.0 3505.0 2573.0 3526.0 2561.0 3527.0 small-vehicle 1
2538.0 3507.0 2546.0 3503.0 2551.0 3525.0 2541.0 3528.0 small-vehicle 1
2529.0 3507.0 2537.0 3505.0 2537.0 3526.0 2530.0 3525.0 small-vehicle 1
2518.0 3507.0 2528.0 3506.0 2528.0 3526.0 2518.0 3526.0 small-vehicle 1
2508.0 3501.0 2518.0 3501.0 2516.0 3520.0 2510.0 3521.0 small-vehicle 1
2494.0 3506.0 2504.0 3502.0 2509.0 3520.0 2500.0 3524.0 small-vehicle 1
2440.0 3514.0 2441.0 3527.0 2418.0 3529.0 2418.0 3515.0 small-vehicle 1
2318.0 3375.0 2331.0 3375.0 2331.0 3397.0 2321.0 3399.0 small-vehicle 1
2297.0 3456.0 2289.0 3445.0 2302.0 3431.0 2310.0 3437.0 small-vehicle 1
2462.0 3833.0 2471.0 3836.0 2467.0 3852.0 2457.0 3850.0 small-vehicle 1
2607.0 3795.0 2617.0 3796.0 2617.0 3816.0 2605.0 3816.0 small-vehicle 1
2632.0 3779.0 2643.0 3781.0 2639.0 3802.0 2627.0 3798.0 small-vehicle 1
2600.0 4001.0 2612.0 4002.0 2610.0 4022.0 2597.0 4020.0 small-vehicle 1
2579.0 3838.0 2589.0 3838.0 2591.0 3856.0 2578.0 3858.0 small-vehicle 1
2590.0 3837.0 2603.0 3837.0 2602.0 3854.0 2592.0 3854.0 small-vehicle 1
2604.0 3837.0 2612.0 3835.0 2615.0 3856.0 2605.0 3856.0 small-vehicle 1
2625.0 3868.0 2634.0 3861.0 2648.0 3879.0 2640.0 3886.0 small-vehicle 1
2625.0 3899.0 2632.0 3888.0 2648.0 3902.0 2642.0 3913.0 small-vehicle 1
3125.0 2902.0 3137.0 2903.0 3138.0 2922.0 3127.0 2923.0 small-vehicle 1
3129.0 2950.0 3139.0 2948.0 3141.0 2969.0 3128.0 2970.0 small-vehicle 1
2562.0 3383.0 2574.0 3382.0 2573.0 3402.0 2564.0 3402.0 small-vehicle 1
2627.0 3364.0 2626.0 3354.0 2646.0 3352.0 2646.0 3362.0 small-vehicle 1
2623.0 3335.0 2623.0 3325.0 2644.0 3323.0 2643.0 3335.0 small-vehicle 1
2624.0 3302.0 2624.0 3292.0 2644.0 3291.0 2642.0 3302.0 small-vehicle 1
2623.0 3290.0 2623.0 3282.0 2640.0 3281.0 2641.0 3291.0 small-vehicle 1
2623.0 3280.0 2622.0 3271.0 2638.0 3270.0 2641.0 3282.0 small-vehicle 1
2622.0 3270.0 2620.0 3260.0 2638.0 3260.0 2639.0 3269.0 small-vehicle 1
2621.0 3259.0 2620.0 3252.0 2640.0 3250.0 2639.0 3261.0 small-vehicle 1
2621.0 3250.0 2622.0 3239.0 2638.0 3239.0 2638.0 3249.0 small-vehicle 1
2641.0 3234.0 2640.0 3220.0 2659.0 3220.0 2659.0 3232.0 small-vehicle 1
2516.0 3339.0 2515.0 3329.0 2535.0 3329.0 2534.0 3338.0 small-vehicle 1
2525.0 3358.0 2538.0 3357.0 2537.0 3380.0 2525.0 3380.0 small-vehicle 1
2544.0 3360.0 2557.0 3360.0 2555.0 3384.0 2543.0 3385.0 small-vehicle 1
2577.0 3365.0 2577.0 3355.0 2604.0 3355.0 2601.0 3365.0 small-vehicle 1
2581.0 3346.0 2581.0 3336.0 2602.0 3335.0 2601.0 3346.0 small-vehicle 1
2580.0 3334.0 2579.0 3326.0 2601.0 3325.0 2600.0 3335.0 small-vehicle 1
2557.0 3337.0 2557.0 3346.0 2538.0 3346.0 2538.0 3337.0 small-vehicle 1
2554.0 3326.0 2554.0 3336.0 2536.0 3336.0 2536.0 3327.0 small-vehicle 1
2535.0 3318.0 2535.0 3328.0 2515.0 3328.0 2515.0 3320.0 small-vehicle 1
2535.0 3307.0 2536.0 3316.0 2516.0 3316.0 2516.0 3308.0 small-vehicle 1
2536.0 3297.0 2536.0 3305.0 2516.0 3305.0 2516.0 3297.0 small-vehicle 1
2625.0 3345.0 2625.0 3336.0 2644.0 3335.0 2644.0 3343.0 small-vehicle 1
2649.0 3342.0 2647.0 3332.0 2665.0 3331.0 2665.0 3341.0 small-vehicle 1
2533.0 3276.0 2534.0 3286.0 2515.0 3286.0 2516.0 3279.0 small-vehicle 1
2643.0 3302.0 2644.0 3290.0 2663.0 3290.0 2664.0 3302.0 small-vehicle 1
2800.0 3335.0 2807.0 3345.0 2790.0 3360.0 2782.0 3352.0 small-vehicle 1
2755.0 3338.0 2763.0 3344.0 2751.0 3358.0 2743.0 3354.0 small-vehicle 1
2738.0 3357.0 2732.0 3352.0 2747.0 3338.0 2752.0 3345.0 small-vehicle 1
2728.0 3339.0 2735.0 3347.0 2722.0 3358.0 2715.0 3351.0 small-vehicle 1
2688.0 3343.0 2687.0 3332.0 2711.0 3331.0 2710.0 3340.0 small-vehicle 1
2687.0 3353.0 2689.0 3342.0 2710.0 3342.0 2711.0 3351.0 small-vehicle 1
2710.0 3278.0 2708.0 3268.0 2731.0 3270.0 2730.0 3279.0 small-vehicle 1
2711.0 3268.0 2711.0 3258.0 2729.0 3257.0 2731.0 3268.0 small-vehicle 1
2709.0 3239.0 2707.0 3230.0 2725.0 3228.0 2726.0 3237.0 small-vehicle 1
2708.0 3249.0 2707.0 3242.0 2724.0 3240.0 2725.0 3248.0 small-vehicle 1
2686.0 3279.0 2685.0 3267.0 2707.0 3267.0 2706.0 3279.0 small-vehicle 1
2684.0 3267.0 2684.0 3259.0 2704.0 3259.0 2704.0 3266.0 small-vehicle 1
2683.0 3255.0 2683.0 3249.0 2702.0 3246.0 2704.0 3257.0 small-vehicle 1
2683.0 3247.0 2685.0 3239.0 2702.0 3238.0 2704.0 3247.0 small-vehicle 1
2684.0 3238.0 2682.0 3228.0 2703.0 3226.0 2702.0 3236.0 small-vehicle 1
2644.0 3260.0 2642.0 3250.0 2662.0 3248.0 2662.0 3258.0 small-vehicle 1
2642.0 3270.0 2642.0 3261.0 2661.0 3260.0 2662.0 3270.0 small-vehicle 1
2644.0 3279.0 2643.0 3271.0 2664.0 3269.0 2663.0 3279.0 small-vehicle 1
2645.0 3290.0 2645.0 3280.0 2662.0 3280.0 2663.0 3288.0 small-vehicle 1
2535.0 3287.0 2534.0 3296.0 2515.0 3296.0 2515.0 3289.0 small-vehicle 1
2533.0 3267.0 2532.0 3275.0 2515.0 3277.0 2514.0 3267.0 small-vehicle 1
3129.0 2970.0 3140.0 2970.0 3141.0 2992.0 3130.0 2992.0 small-vehicle 1
2516.0 3251.0 2515.0 3242.0 2535.0 3243.0 2535.0 3252.0 small-vehicle 1
2482.0 3233.0 2488.0 3244.0 2470.0 3255.0 2464.0 3246.0 small-vehicle 1
2451.0 3217.0 2451.0 3205.0 2471.0 3204.0 2472.0 3217.0 small-vehicle 1
2509.0 3215.0 2509.0 3205.0 2530.0 3203.0 2531.0 3215.0 small-vehicle 1
2615.0 3210.0 2614.0 3200.0 2637.0 3198.0 2638.0 3209.0 small-vehicle 1
2666.0 2987.0 2675.0 2987.0 2675.0 3007.0 2665.0 3006.0 small-vehicle 1
2644.0 2986.0 2655.0 2986.0 2656.0 3005.0 2646.0 3005.0 small-vehicle 1
2635.0 2987.0 2646.0 2985.0 2644.0 3004.0 2637.0 3004.0 small-vehicle 1
2625.0 2985.0 2636.0 2985.0 2635.0 3004.0 2626.0 3005.0 small-vehicle 1
2817.0 3134.0 2846.0 3128.0 2851.0 3168.0 2824.0 3170.0 swimming-pool 0
3121.0 3174.0 3125.0 3185.0 3108.0 3190.0 3104.0 3178.0 small-vehicle 1
3134.0 3140.0 3145.0 3141.0 3145.0 3160.0 3133.0 3158.0 small-vehicle 1
3159.0 3096.0 3157.0 3084.0 3179.0 3083.0 3179.0 3094.0 small-vehicle 1
3160.0 3078.0 3160.0 3068.0 3180.0 3067.0 3180.0 3078.0 small-vehicle 1
3160.0 3060.0 3158.0 3050.0 3181.0 3049.0 3181.0 3060.0 small-vehicle 1
3160.0 3043.0 3158.0 3032.0 3179.0 3032.0 3180.0 3041.0 small-vehicle 1
3160.0 3031.0 3158.0 3022.0 3181.0 3021.0 3180.0 3031.0 small-vehicle 1
3159.0 3020.0 3160.0 3011.0 3179.0 3011.0 3179.0 3021.0 small-vehicle 1
3129.0 3017.0 3141.0 3016.0 3143.0 3033.0 3132.0 3034.0 small-vehicle 1
3129.0 2995.0 3141.0 2994.0 3142.0 3012.0 3131.0 3011.0 small-vehicle 1
2514.0 3235.0 2514.0 3224.0 2537.0 3224.0 2536.0 3236.0 small-vehicle 1
2566.0 3242.0 2577.0 3244.0 2574.0 3263.0 2564.0 3261.0 small-vehicle 1
2534.0 3255.0 2534.0 3265.0 2514.0 3266.0 2514.0 3256.0 small-vehicle 1
2595.0 3096.0 2607.0 3097.0 2603.0 3115.0 2592.0 3113.0 small-vehicle 1
2555.0 3305.0 2557.0 3316.0 2538.0 3318.0 2538.0 3306.0 small-vehicle 1
2557.0 3294.0 2557.0 3304.0 2539.0 3305.0 2539.0 3296.0 small-vehicle 1
2555.0 3271.0 2556.0 3283.0 2539.0 3284.0 2539.0 3273.0 small-vehicle 1
2580.0 3325.0 2581.0 3315.0 2600.0 3314.0 2600.0 3324.0 small-vehicle 1
2579.0 3303.0 2578.0 3295.0 2599.0 3292.0 2600.0 3303.0 small-vehicle 1
2580.0 3293.0 2578.0 3282.0 2600.0 3282.0 2601.0 3291.0 small-vehicle 1
2576.0 3281.0 2576.0 3273.0 2598.0 3273.0 2599.0 3281.0 small-vehicle 1
2576.0 3273.0 2576.0 3264.0 2596.0 3263.0 2597.0 3273.0 small-vehicle 1
2579.0 3261.0 2578.0 3254.0 2599.0 3253.0 2597.0 3263.0 small-vehicle 1
2579.0 3251.0 2580.0 3241.0 2597.0 3240.0 2597.0 3252.0 small-vehicle 1
2488.0 3351.0 2488.0 3360.0 2472.0 3360.0 2471.0 3351.0 small-vehicle 1
2489.0 3338.0 2491.0 3350.0 2471.0 3350.0 2472.0 3341.0 small-vehicle 1
2484.0 3329.0 2485.0 3337.0 2468.0 3339.0 2469.0 3330.0 small-vehicle 1
2485.0 3318.0 2485.0 3328.0 2471.0 3328.0 2470.0 3320.0 small-vehicle 1
2485.0 3306.0 2485.0 3316.0 2469.0 3316.0 2470.0 3306.0 small-vehicle 1
2487.0 3274.0 2489.0 3288.0 2466.0 3289.0 2464.0 3276.0 small-vehicle 1
2659.0 3102.0 2659.0 3091.0 2680.0 3092.0 2679.0 3104.0 small-vehicle 1
2641.0 3098.0 2651.0 3096.0 2654.0 3115.0 2644.0 3115.0 small-vehicle 1
2623.0 3096.0 2632.0 3099.0 2631.0 3117.0 2621.0 3116.0 small-vehicle 1
430.0 886.0 896.0 886.0 896.0 1570.0 430.0 1570.0 ground-track-field 0
