imagesource:GoogleEarth
gsd:0.131289780305
2347.0 202.0 2370.0 200.0 2370.0 235.0 2347.0 243.0 small-vehicle 1
2277.0 313.0 2298.0 311.0 2296.0 351.0 2279.0 351.0 small-vehicle 1
1894.0 564.0 1876.0 565.0 1875.0 533.0 1893.0 535.0 small-vehicle 1
1871.0 568.0 1847.0 566.0 1849.0 532.0 1870.0 531.0 small-vehicle 1
1842.0 567.0 1822.0 565.0 1821.0 535.0 1844.0 537.0 small-vehicle 1
1815.0 567.0 1799.0 569.0 1799.0 536.0 1817.0 535.0 small-vehicle 1
1794.0 572.0 1777.0 569.0 1775.0 537.0 1794.0 539.0 small-vehicle 1
1773.0 571.0 1755.0 575.0 1755.0 538.0 1775.0 537.0 small-vehicle 1
1730.0 546.0 1751.0 546.0 1752.0 574.0 1729.0 574.0 small-vehicle 1
1695.0 486.0 1717.0 490.0 1719.0 522.0 1692.0 523.0 small-vehicle 1
1705.0 544.0 1726.0 544.0 1723.0 578.0 1704.0 579.0 small-vehicle 1
2380.0 1955.0 2379.0 1941.0 2404.0 1941.0 2404.0 1955.0 small-vehicle 0
2366.0 1861.0 2365.0 1844.0 2402.0 1840.0 2397.0 1859.0 small-vehicle 0
2363.0 1845.0 2361.0 1824.0 2396.0 1824.0 2396.0 1839.0 small-vehicle 0
2268.0 1663.0 2287.0 1664.0 2291.0 1694.0 2277.0 1702.0 small-vehicle 0
2246.0 1670.0 2268.0 1666.0 2272.0 1702.0 2253.0 1703.0 small-vehicle 0
2196.0 1672.0 2216.0 1670.0 2216.0 1708.0 2195.0 1707.0 small-vehicle 0
1271.0 900.0 1275.0 876.0 1315.0 883.0 1313.0 905.0 large-vehicle 0
1669.0 1758.0 1591.0 1753.0 1593.0 1632.0 1674.0 1632.0 helicopter 0
1611.0 1117.0 1619.0 1378.0 1348.0 1393.0 1338.0 1120.0 plane 0
1558.0 510.0 1571.0 738.0 1368.0 738.0 1361.0 515.0 plane 0
1923.0 564.0 1899.0 564.0 1897.0 533.0 1924.0 534.0 small-vehicle 1
1909.0 488.0 1927.0 486.0 1933.0 522.0 1916.0 523.0 small-vehicle 1
1884.0 493.0 1903.0 494.0 1903.0 527.0 1888.0 528.0 small-vehicle 1
1803.0 333.0 1825.0 330.0 1830.0 366.0 1807.0 371.0 small-vehicle 1
2255.0 329.0 2274.0 327.0 2276.0 359.0 2257.0 359.0 small-vehicle 1
2352.0 312.0 2374.0 311.0 2373.0 349.0 2350.0 353.0 small-vehicle 1
2327.0 316.0 2348.0 313.0 2348.0 349.0 2329.0 350.0 small-vehicle 1
2191.0 319.0 2215.0 317.0 2218.0 356.0 2195.0 357.0 small-vehicle 1
2169.0 315.0 2195.0 317.0 2193.0 352.0 2170.0 351.0 small-vehicle 1
2012.0 447.0 1993.0 448.0 1990.0 414.0 2011.0 411.0 small-vehicle 1
1900.0 420.0 1899.0 401.0 1942.0 402.0 1936.0 422.0 small-vehicle 1
1904.0 450.0 1903.0 431.0 1942.0 430.0 1936.0 453.0 small-vehicle 1
1785.0 336.0 1805.0 336.0 1806.0 368.0 1787.0 372.0 small-vehicle 1
1882.0 520.0 1866.0 523.0 1865.0 485.0 1885.0 484.0 small-vehicle 1
1761.0 334.0 1785.0 334.0 1782.0 369.0 1766.0 370.0 small-vehicle 1
1739.0 336.0 1758.0 336.0 1759.0 366.0 1745.0 368.0 small-vehicle 1
1713.0 334.0 1735.0 338.0 1736.0 373.0 1711.0 377.0 small-vehicle 1
1779.0 523.0 1758.0 523.0 1758.0 487.0 1779.0 485.0 small-vehicle 1
1796.0 518.0 1779.0 521.0 1781.0 483.0 1798.0 483.0 small-vehicle 1
1819.0 519.0 1799.0 519.0 1803.0 484.0 1821.0 485.0 small-vehicle 1
1820.0 487.0 1840.0 486.0 1841.0 523.0 1826.0 523.0 small-vehicle 1
1859.0 520.0 1844.0 521.0 1842.0 488.0 1859.0 486.0 small-vehicle 1
1094.0 478.0 1055.0 249.0 1346.0 235.0 1371.0 474.0 plane 0
