imagesource:GoogleEarth
gsd:0.139163352252
1034.0 991.0 1035.0 1007.0 991.0 1012.0 991.0 997.0 large-vehicle 0
1003.0 957.0 1003.0 943.0 1032.0 942.0 1031.0 956.0 small-vehicle 1
996.0 1065.0 997.0 1050.0 1024.0 1048.0 1023.0 1063.0 small-vehicle 1
1028.0 1081.0 1027.0 1066.0 1054.0 1065.0 1055.0 1080.0 small-vehicle 1
994.0 1026.0 993.0 1014.0 1023.0 1013.0 1022.0 1025.0 small-vehicle 1
993.0 1046.0 994.0 1027.0 1030.0 1027.0 1029.0 1043.0 small-vehicle 1
996.0 1080.0 1014.0 1080.0 1014.0 1108.0 998.0 1109.0 small-vehicle 1
1046.0 1184.0 1065.0 1183.0 1064.0 1219.0 1046.0 1219.0 small-vehicle 0
1150.0 366.0 1273.0 365.0 1288.0 574.0 1154.0 580.0 helicopter 0
950.0 370.0 1081.0 365.0 1089.0 582.0 952.0 588.0 helicopter 0
424.0 452.0 583.0 443.0 600.0 665.0 431.0 678.0 helicopter 0
