imagesource:GoogleEarth
gsd:0.140250429953
2475.0 1015.0 2458.0 1022.0 2448.0 981.0 2467.0 977.0 large-vehicle 0
2466.0 965.0 2488.0 961.0 2495.0 1009.0 2478.0 1013.0 large-vehicle 0
3460.0 1145.0 3117.0 1126.0 3136.0 755.0 3512.0 783.0 plane 0
3019.0 1126.0 2699.0 1098.0 2695.0 727.0 3000.0 713.0 plane 0
1793.0 1323.0 1511.0 1549.0 1267.0 1253.0 1577.0 999.0 plane 0
1473.0 1567.0 1149.0 1816.0 966.0 1488.0 1267.0 1272.0 plane 0
1102.0 1826.0 806.0 2089.0 543.0 1784.0 886.0 1544.0 plane 0
2417.0 2521.0 2150.0 2732.0 1901.0 2479.0 2178.0 2225.0 plane 0
2098.0 2958.0 1816.0 3179.0 1600.0 2883.0 1873.0 2657.0 plane 0
1642.0 3118.0 1346.0 3376.0 1121.0 3094.0 1431.0 2864.0 plane 0
2943.0 3824.0 2695.0 4017.0 2446.0 3772.0 2685.0 3519.0 plane 0
2544.0 4129.0 2258.0 4345.0 2046.0 4059.0 2305.0 3852.0 plane 0
4451.0 2559.0 4155.0 2756.0 3953.0 2526.0 4249.0 2263.0 plane 0
4747.0 2310.0 4456.0 2540.0 4268.0 2267.0 4531.0 2023.0 plane 0
4714.0 384.0 4456.0 93.0 4855.0 46.0 4912.0 163.0 plane 0
784.0 4615.0 802.0 4601.0 824.0 4630.0 802.0 4642.0 small-vehicle 1
835.0 4572.0 854.0 4557.0 875.0 4588.0 856.0 4601.0 small-vehicle 1
2448.0 1046.0 2453.0 1067.0 2413.0 1077.0 2408.0 1059.0 small-vehicle 1
2450.0 1063.0 2455.0 1079.0 2419.0 1091.0 2418.0 1076.0 small-vehicle 1
2457.0 1081.0 2460.0 1098.0 2420.0 1109.0 2416.0 1094.0 small-vehicle 1
2512.0 1014.0 2536.0 1001.0 2551.0 1049.0 2524.0 1056.0 large-vehicle 0
3916.0 1187.0 3535.0 1149.0 3564.0 783.0 3958.0 825.0 plane 0
