imagesource:GoogleEarth
gsd:0.141531770193
1607.0 1933.0 1622.0 1933.0 1624.0 1962.0 1608.0 1964.0 large-vehicle 0
1626.0 2021.0 1608.0 2022.0 1608.0 1982.0 1625.0 1982.0 large-vehicle 0
547.0 1926.0 651.0 1926.0 650.0 2055.0 547.0 2054.0 plane 0
679.0 1922.0 783.0 1924.0 781.0 2047.0 683.0 2050.0 plane 0
934.0 1923.0 1025.0 1919.0 1036.0 2044.0 937.0 2049.0 plane 0
646.0 1644.0 538.0 1649.0 530.0 1500.0 644.0 1498.0 plane 0
765.0 1638.0 668.0 1639.0 665.0 1499.0 772.0 1498.0 plane 0
891.0 1628.0 795.0 1628.0 788.0 1490.0 891.0 1491.0 plane 0
1019.0 1623.0 914.0 1622.0 913.0 1488.0 1018.0 1489.0 plane 0
1146.0 1618.0 1049.0 1618.0 1042.0 1485.0 1143.0 1484.0 plane 0
1010.0 149.0 1105.0 148.0 1109.0 271.0 1012.0 276.0 plane 0
1274.0 140.0 1358.0 140.0 1363.0 264.0 1278.0 267.0 plane 0
1230.0 725.0 1155.0 725.0 1156.0 631.0 1230.0 632.0 plane 0
863.0 768.0 762.0 769.0 760.0 628.0 867.0 625.0 plane 0
1401.0 1024.0 1509.0 1031.0 1505.0 1166.0 1392.0 1159.0 plane 0
1156.0 1038.0 1251.0 1038.0 1254.0 1170.0 1152.0 1175.0 plane 0
1026.0 1037.0 1127.0 1032.0 1129.0 1176.0 1027.0 1180.0 plane 0
643.0 1048.0 746.0 1049.0 748.0 1186.0 648.0 1188.0 plane 0
1880.0 285.0 1880.0 270.0 1913.0 272.0 1912.0 284.0 small-vehicle 0
1921.0 282.0 1921.0 267.0 1947.0 269.0 1948.0 284.0 small-vehicle 0
1164.0 300.0 1152.0 312.0 1127.0 281.0 1140.0 271.0 large-vehicle 0
1163.0 245.0 1146.0 243.0 1147.0 206.0 1164.0 208.0 large-vehicle 0
1403.0 228.0 1385.0 231.0 1379.0 192.0 1398.0 191.0 large-vehicle 0
1423.0 300.0 1408.0 311.0 1385.0 277.0 1400.0 267.0 large-vehicle 0
1269.0 712.0 1253.0 712.0 1253.0 676.0 1269.0 675.0 large-vehicle 0
1127.0 762.0 1010.0 762.0 1004.0 613.0 1127.0 607.0 plane 0
