imagesource:GoogleEarth
gsd:0.132192134491
2565.0 834.0 2578.0 835.0 2575.0 869.0 2563.0 868.0 small-vehicle 1
1100.0 2176.0 1085.0 2176.0 1084.0 2145.0 1099.0 2145.0 small-vehicle 1
1005.0 2178.0 988.0 2178.0 988.0 2149.0 1004.0 2147.0 small-vehicle 1
949.0 2173.0 933.0 2176.0 931.0 2151.0 948.0 2150.0 small-vehicle 1
111.0 1777.0 111.0 1788.0 82.0 1788.0 82.0 1776.0 small-vehicle 1
69.0 1723.0 56.0 1724.0 55.0 1691.0 68.0 1691.0 small-vehicle 1
83.0 1699.0 97.0 1698.0 97.0 1727.0 85.0 1728.0 small-vehicle 1
64.0 1666.0 65.0 1651.0 101.0 1652.0 101.0 1667.0 small-vehicle 1
79.0 1126.0 65.0 1126.0 66.0 1093.0 80.0 1094.0 small-vehicle 1
60.0 1125.0 44.0 1124.0 47.0 1094.0 61.0 1095.0 small-vehicle 0
99.0 1129.0 81.0 1128.0 82.0 1089.0 101.0 1089.0 small-vehicle 0
133.0 1129.0 119.0 1128.0 121.0 1096.0 135.0 1098.0 small-vehicle 1
153.0 1129.0 138.0 1128.0 138.0 1098.0 155.0 1099.0 small-vehicle 1
204.0 1028.0 192.0 1027.0 195.0 994.0 207.0 995.0 small-vehicle 1
226.0 1022.0 214.0 1023.0 213.0 998.0 225.0 997.0 small-vehicle 1
821.0 311.0 905.0 308.0 911.0 487.0 826.0 492.0 tennis-court 0
691.0 318.0 774.0 315.0 783.0 493.0 700.0 497.0 tennis-court 0
675.0 1299.0 2028.0 1299.0 2028.0 2007.0 675.0 2007.0 ground-track-field 0
1906.0 699.0 1913.0 1006.0 1631.0 1009.0 1626.0 709.0 baseball-diamond 0
1045.0 2173.0 1031.0 2174.0 1028.0 2145.0 1041.0 2143.0 small-vehicle 1
1116.0 2177.0 1102.0 2176.0 1102.0 2147.0 1119.0 2147.0 small-vehicle 1
2365.0 1659.0 2366.0 1673.0 2333.0 1678.0 2330.0 1664.0 small-vehicle 1
1135.0 2176.0 1120.0 2176.0 1122.0 2142.0 1136.0 2143.0 small-vehicle 1
1864.0 2188.0 1947.0 2188.0 1947.0 2265.0 1864.0 2265.0 roundabout 0
95.0 2227.0 109.0 2229.0 107.0 2263.0 93.0 2262.0 small-vehicle 0
41.0 1718.0 21.0 1718.0 22.0 1667.0 41.0 1669.0 large-vehicle 0
227.0 990.0 213.0 991.0 209.0 964.0 222.0 961.0 small-vehicle 1
190.0 1022.0 177.0 1022.0 178.0 996.0 192.0 996.0 small-vehicle 1
62.0 467.0 76.0 468.0 73.0 497.0 58.0 497.0 small-vehicle 1
2605.0 2233.0 2591.0 2229.0 2599.0 2202.0 2612.0 2206.0 small-vehicle 1
2395.0 2029.0 2407.0 2029.0 2408.0 2060.0 2396.0 2060.0 small-vehicle 1
2431.0 2004.0 2444.0 2003.0 2444.0 2034.0 2432.0 2033.0 small-vehicle 1
2565.0 2279.0 2561.0 2292.0 2536.0 2285.0 2540.0 2272.0 small-vehicle 1
1206.0 296.0 1289.0 293.0 1298.0 472.0 1213.0 476.0 tennis-court 0
1077.0 300.0 1162.0 299.0 1168.0 479.0 1085.0 483.0 tennis-court 0
949.0 307.0 1032.0 302.0 1040.0 484.0 955.0 487.0 tennis-court 0
1280.0 2223.0 1281.0 2238.0 1245.0 2237.0 1244.0 2222.0 small-vehicle 1
1213.0 2172.0 1196.0 2172.0 1197.0 2136.0 1214.0 2137.0 small-vehicle 0
1173.0 2170.0 1159.0 2170.0 1157.0 2145.0 1172.0 2144.0 small-vehicle 1
1156.0 2173.0 1141.0 2174.0 1139.0 2145.0 1153.0 2144.0 small-vehicle 1
717.0 576.0 1235.0 576.0 1235.0 1284.0 717.0 1284.0 soccer-ball-field 0
