imagesource:GoogleEarth
gsd:0.131134888839
3571.0 1645.0 3570.0 1660.0 3526.0 1658.0 3527.0 1641.0 small-vehicle 0
1820.0 2242.0 1834.0 2243.0 1831.0 2290.0 1816.0 2290.0 small-vehicle 0
1868.0 2250.0 1881.0 2251.0 1880.0 2281.0 1867.0 2280.0 small-vehicle 0
2377.0 2731.0 2364.0 2729.0 2361.0 2685.0 2374.0 2685.0 small-vehicle 0
2356.0 2607.0 2372.0 2607.0 2372.0 2647.0 2357.0 2649.0 small-vehicle 0
2267.0 2529.0 2283.0 2530.0 2282.0 2582.0 2264.0 2582.0 small-vehicle 0
2290.0 2425.0 2291.0 2409.0 2336.0 2411.0 2334.0 2426.0 small-vehicle 0
2778.0 1602.0 2769.0 1582.0 2825.0 1564.0 2830.0 1582.0 large-vehicle 0
2328.0 2581.0 2302.0 2578.0 2310.0 2478.0 2334.0 2481.0 plane 0
3920.0 2420.0 4148.0 2441.0 4129.0 2697.0 3901.0 2679.0 plane 0
4080.0 2132.0 4202.0 1908.0 4442.0 2032.0 4312.0 2271.0 plane 0
4063.0 1913.0 3791.0 1884.0 3816.0 1630.0 4082.0 1656.0 plane 0
3728.0 1956.0 3450.0 1929.0 3485.0 1626.0 3757.0 1651.0 plane 0
3352.0 1910.0 3113.0 1883.0 3151.0 1627.0 3377.0 1657.0 plane 0
2673.0 1896.0 2395.0 1861.0 2438.0 1602.0 2703.0 1634.0 plane 0
2324.0 1862.0 2031.0 1833.0 2063.0 1577.0 2348.0 1610.0 plane 0
1610.0 1828.0 1343.0 1797.0 1372.0 1542.0 1638.0 1574.0 plane 0
1278.0 1809.0 1041.0 1783.0 1064.0 1545.0 1294.0 1564.0 plane 0
922.0 1991.0 937.0 2253.0 675.0 2250.0 676.0 1990.0 plane 0
840.0 1363.0 570.0 1350.0 591.0 1100.0 855.0 1121.0 plane 0
1977.0 327.0 2215.0 327.0 2215.0 592.0 1977.0 592.0 plane 0
2622.0 333.0 2892.0 333.0 2892.0 627.0 2622.0 627.0 plane 0
1602.0 2330.0 1859.0 2330.0 1859.0 2591.0 1602.0 2591.0 plane 0
1857.0 2292.0 1842.0 2291.0 1844.0 2262.0 1858.0 2263.0 small-vehicle 0
1564.0 2417.0 1579.0 2417.0 1576.0 2459.0 1562.0 2458.0 small-vehicle 0
4100.0 2246.0 4102.0 2229.0 4147.0 2233.0 4145.0 2249.0 small-vehicle 0
1553.0 2467.0 1567.0 2467.0 1566.0 2502.0 1551.0 2501.0 small-vehicle 0
4107.0 2269.0 4108.0 2252.0 4156.0 2255.0 4156.0 2271.0 large-vehicle 0
4206.0 2300.0 4207.0 2284.0 4258.0 2285.0 4257.0 2301.0 large-vehicle 0
3527.0 1992.0 3545.0 1991.0 3543.0 2026.0 3526.0 2026.0 small-vehicle 1
3446.0 2037.0 3428.0 2035.0 3434.0 1995.0 3452.0 1997.0 large-vehicle 0
585.0 2125.0 569.0 2125.0 571.0 2072.0 586.0 2071.0 large-vehicle 0
3238.0 2306.0 3251.0 2306.0 3250.0 2333.0 3237.0 2332.0 small-vehicle 0
3105.0 2367.0 3084.0 2366.0 3088.0 2302.0 3109.0 2301.0 small-vehicle 0
3005.0 2329.0 2989.0 2327.0 2989.0 2289.0 3007.0 2290.0 small-vehicle 0
2986.0 2944.0 2974.0 2942.0 2975.0 2907.0 2988.0 2907.0 small-vehicle 0
3086.0 2957.0 3085.0 2972.0 3041.0 2970.0 3040.0 2954.0 small-vehicle 0
3054.0 2595.0 3055.0 2580.0 3102.0 2585.0 3102.0 2600.0 small-vehicle 0
3089.0 2508.0 3097.0 2521.0 3062.0 2548.0 3053.0 2534.0 small-vehicle 0
3024.0 2508.0 3037.0 2508.0 3037.0 2542.0 3024.0 2541.0 small-vehicle 0
3004.0 2504.0 3016.0 2504.0 3015.0 2539.0 3001.0 2537.0 small-vehicle 0
2982.0 2503.0 2996.0 2503.0 2993.0 2539.0 2980.0 2539.0 small-vehicle 0
2974.0 2537.0 2961.0 2537.0 2960.0 2499.0 2975.0 2499.0 small-vehicle 0
2954.0 2539.0 2938.0 2537.0 2940.0 2501.0 2953.0 2501.0 small-vehicle 0
2811.0 2574.0 2809.0 2561.0 2844.0 2555.0 2847.0 2569.0 small-vehicle 0
2924.0 2944.0 2910.0 2942.0 2913.0 2907.0 2927.0 2907.0 small-vehicle 0
2027.0 1824.0 2014.0 1834.0 1987.0 1806.0 1998.0 1795.0 small-vehicle 0
938.0 1515.0 937.0 1532.0 883.0 1529.0 885.0 1510.0 small-vehicle 0
1301.0 296.0 1563.0 296.0 1563.0 560.0 1301.0 560.0 plane 0
