imagesource:GoogleEarth
gsd:0.266896174369
2921.0 222.0 2913.0 212.0 2943.0 194.0 2948.0 206.0 small-vehicle 0
3256.0 1626.0 3250.0 1631.0 3239.0 1615.0 3247.0 1610.0 small-vehicle 1
3238.0 1634.0 3231.0 1638.0 3224.0 1624.0 3231.0 1619.0 small-vehicle 1
3230.0 1639.0 3223.0 1643.0 3216.0 1628.0 3223.0 1625.0 small-vehicle 1
3225.0 1644.0 3216.0 1648.0 3208.0 1633.0 3216.0 1629.0 small-vehicle 1
3175.0 1627.0 3184.0 1624.0 3190.0 1640.0 3181.0 1643.0 small-vehicle 1
3168.0 1633.0 3175.0 1629.0 3181.0 1643.0 3174.0 1646.0 small-vehicle 1
3158.0 1640.0 3166.0 1636.0 3172.0 1649.0 3164.0 1652.0 small-vehicle 1
3149.0 1643.0 3157.0 1640.0 3164.0 1652.0 3155.0 1655.0 small-vehicle 1
3212.0 1607.0 3222.0 1602.0 3229.0 1619.0 3219.0 1623.0 small-vehicle 1
3231.0 1596.0 3240.0 1593.0 3245.0 1608.0 3237.0 1611.0 small-vehicle 1
3247.0 1588.0 3254.0 1585.0 3260.0 1601.0 3253.0 1604.0 small-vehicle 1
3263.0 1579.0 3271.0 1575.0 3278.0 1591.0 3269.0 1594.0 small-vehicle 1
3301.0 1588.0 3296.0 1581.0 3314.0 1573.0 3317.0 1580.0 small-vehicle 1
3295.0 1580.0 3291.0 1572.0 3309.0 1564.0 3312.0 1571.0 small-vehicle 1
3291.0 1572.0 3286.0 1565.0 3301.0 1556.0 3305.0 1564.0 small-vehicle 1
3286.0 1565.0 3282.0 1557.0 3298.0 1547.0 3303.0 1555.0 small-vehicle 1
3282.0 1554.0 3279.0 1547.0 3294.0 1539.0 3298.0 1545.0 small-vehicle 1
3271.0 1540.0 3266.0 1532.0 3284.0 1522.0 3287.0 1530.0 small-vehicle 1
3196.0 1469.0 3182.0 1476.0 3169.0 1452.0 3183.0 1446.0 small-vehicle 1
3674.0 1484.0 3670.0 1477.0 3684.0 1468.0 3687.0 1476.0 small-vehicle 1
3248.0 1630.0 3241.0 1634.0 3228.0 1617.0 3235.0 1611.0 small-vehicle 1
3265.0 1623.0 3258.0 1627.0 3249.0 1613.0 3256.0 1608.0 small-vehicle 1
3319.0 1622.0 3314.0 1614.0 3332.0 1605.0 3337.0 1612.0 small-vehicle 1
3272.0 1619.0 3264.0 1621.0 3255.0 1606.0 3263.0 1602.0 small-vehicle 1
3307.0 1662.0 3299.0 1666.0 3291.0 1651.0 3298.0 1646.0 small-vehicle 1
3298.0 1666.0 3291.0 1670.0 3282.0 1655.0 3288.0 1651.0 small-vehicle 1
3292.0 1673.0 3284.0 1677.0 3274.0 1661.0 3282.0 1658.0 small-vehicle 1
3283.0 1677.0 3276.0 1680.0 3267.0 1665.0 3274.0 1661.0 small-vehicle 1
3269.0 1684.0 3262.0 1690.0 3252.0 1673.0 3259.0 1668.0 small-vehicle 1
3261.0 1689.0 3252.0 1694.0 3243.0 1678.0 3250.0 1672.0 small-vehicle 1
3237.0 1701.0 3229.0 1705.0 3220.0 1691.0 3228.0 1686.0 small-vehicle 1
3195.0 1681.0 3202.0 1677.0 3210.0 1694.0 3203.0 1698.0 small-vehicle 1
3203.0 1676.0 3210.0 1673.0 3220.0 1691.0 3212.0 1695.0 small-vehicle 1
3210.0 1674.0 3219.0 1670.0 3227.0 1686.0 3220.0 1689.0 small-vehicle 1
3234.0 1662.0 3243.0 1659.0 3250.0 1674.0 3241.0 1677.0 small-vehicle 1
3242.0 1656.0 3250.0 1653.0 3256.0 1668.0 3248.0 1672.0 small-vehicle 1
3258.0 1646.0 3265.0 1642.0 3273.0 1658.0 3266.0 1662.0 small-vehicle 1
3266.0 1644.0 3275.0 1641.0 3281.0 1654.0 3273.0 1657.0 small-vehicle 1
3274.0 1639.0 3282.0 1635.0 3289.0 1649.0 3282.0 1652.0 small-vehicle 1
3281.0 1636.0 3289.0 1632.0 3296.0 1646.0 3289.0 1649.0 small-vehicle 1
3305.0 1638.0 3297.0 1642.0 3288.0 1631.0 3298.0 1626.0 small-vehicle 1
3289.0 1608.0 3280.0 1614.0 3270.0 1596.0 3278.0 1591.0 small-vehicle 1
3278.0 1610.0 3271.0 1615.0 3261.0 1603.0 3267.0 1597.0 small-vehicle 1
3787.0 1550.0 3785.0 1544.0 3797.0 1536.0 3801.0 1542.0 small-vehicle 1
3605.0 1720.0 3613.0 1716.0 3622.0 1731.0 3613.0 1735.0 small-vehicle 1
3591.0 1755.0 3600.0 1751.0 3605.0 1765.0 3597.0 1768.0 small-vehicle 1
3233.0 1463.0 3228.0 1455.0 3243.0 1446.0 3248.0 1453.0 small-vehicle 1
3592.0 621.0 3583.0 625.0 3572.0 609.0 3581.0 603.0 small-vehicle 1
3475.0 558.0 3488.0 551.0 3522.0 601.0 3509.0 608.0 large-vehicle 1
3179.0 618.0 3183.0 624.0 3166.0 633.0 3163.0 627.0 small-vehicle 1
3133.0 643.0 3137.0 651.0 3118.0 661.0 3115.0 654.0 small-vehicle 1
3183.0 552.0 3187.0 560.0 3164.0 573.0 3159.0 565.0 small-vehicle 1
3177.0 540.0 3181.0 548.0 3157.0 562.0 3152.0 554.0 small-vehicle 1
3132.0 466.0 3140.0 460.0 3148.0 478.0 3140.0 482.0 small-vehicle 1
3393.0 258.0 3390.0 250.0 3408.0 242.0 3410.0 249.0 small-vehicle 1
3605.0 269.0 3596.0 271.0 3590.0 251.0 3599.0 249.0 small-vehicle 1
3435.0 288.0 3419.0 295.0 3407.0 250.0 3424.0 243.0 large-vehicle 1
3971.0 123.0 3979.0 119.0 3986.0 133.0 3979.0 137.0 small-vehicle 1
3867.0 170.0 3858.0 173.0 3852.0 157.0 3861.0 154.0 small-vehicle 1
4069.0 144.0 4066.0 136.0 4082.0 130.0 4084.0 137.0 small-vehicle 1
4079.0 153.0 4074.0 148.0 4089.0 137.0 4095.0 143.0 small-vehicle 1
4084.0 164.0 4081.0 157.0 4095.0 149.0 4099.0 156.0 small-vehicle 1
4091.0 174.0 4088.0 168.0 4102.0 159.0 4106.0 165.0 small-vehicle 1
4094.0 183.0 4092.0 174.0 4108.0 169.0 4110.0 178.0 small-vehicle 1
3862.0 255.0 3856.0 260.0 3847.0 247.0 3854.0 241.0 small-vehicle 1
3844.0 263.0 3836.0 268.0 3829.0 255.0 3836.0 251.0 small-vehicle 1
3574.0 711.0 3593.0 701.0 3624.0 756.0 3604.0 764.0 large-vehicle 1
3652.0 862.0 3663.0 855.0 3689.0 892.0 3678.0 898.0 large-vehicle 1
3691.0 798.0 3681.0 802.0 3673.0 786.0 3683.0 782.0 small-vehicle 0
3907.0 1081.0 3893.0 1088.0 3874.0 1057.0 3887.0 1050.0 large-vehicle 0
3665.0 1228.0 3675.0 1223.0 3681.0 1240.0 3672.0 1243.0 small-vehicle 1
3894.0 1258.0 3906.0 1252.0 3916.0 1274.0 3906.0 1278.0 small-vehicle 1
3884.0 1138.0 3876.0 1143.0 3866.0 1126.0 3874.0 1122.0 small-vehicle 1
3585.0 1135.0 3591.0 1130.0 3603.0 1139.0 3597.0 1146.0 small-vehicle 1
3410.0 1107.0 3406.0 1100.0 3424.0 1091.0 3426.0 1098.0 small-vehicle 1
3278.0 1057.0 3272.0 1062.0 3259.0 1048.0 3265.0 1043.0 small-vehicle 1
3765.0 1051.0 3781.0 1042.0 3814.0 1096.0 3800.0 1105.0 large-vehicle 1
3479.0 1116.0 3479.0 1107.0 3511.0 1103.0 3511.0 1112.0 small-vehicle 1
3754.0 823.0 3770.0 816.0 3791.0 858.0 3777.0 866.0 large-vehicle 0
3214.0 983.0 3328.0 983.0 3328.0 1043.0 3214.0 1043.0 storage-tank 0
3855.0 989.0 3847.0 993.0 3841.0 977.0 3850.0 974.0 small-vehicle 1
3823.0 1009.0 3815.0 1014.0 3804.0 997.0 3812.0 992.0 small-vehicle 1
3345.0 890.0 3342.0 882.0 3363.0 873.0 3367.0 881.0 small-vehicle 1
3357.0 864.0 3360.0 871.0 3341.0 881.0 3339.0 874.0 small-vehicle 1
3258.0 873.0 3266.0 869.0 3273.0 884.0 3264.0 888.0 small-vehicle 1
3258.0 899.0 3250.0 904.0 3240.0 883.0 3249.0 878.0 small-vehicle 1
3232.0 913.0 3225.0 919.0 3215.0 901.0 3223.0 896.0 small-vehicle 1
3269.0 912.0 3374.0 912.0 3374.0 981.0 3269.0 981.0 storage-tank 0
3315.0 1658.0 3308.0 1663.0 3298.0 1646.0 3305.0 1643.0 small-vehicle 1
3339.0 1612.0 3342.0 1619.0 3323.0 1629.0 3320.0 1622.0 small-vehicle 1
3812.0 2679.0 3820.0 2676.0 3826.0 2691.0 3819.0 2693.0 small-vehicle 1
2526.0 1629.0 2532.0 1638.0 2504.0 1654.0 2499.0 1646.0 large-vehicle 1
2544.0 1667.0 2549.0 1674.0 2533.0 1687.0 2528.0 1680.0 small-vehicle 0
2587.0 1710.0 2591.0 1719.0 2575.0 1728.0 2570.0 1720.0 small-vehicle 0
2538.0 1724.0 2542.0 1732.0 2528.0 1740.0 2523.0 1733.0 small-vehicle 0
2462.0 1687.0 2471.0 1681.0 2482.0 1698.0 2471.0 1703.0 small-vehicle 0
2358.0 1688.0 2366.0 1683.0 2373.0 1699.0 2365.0 1703.0 small-vehicle 0
2438.0 1771.0 2518.0 1874.0 2375.0 1978.0 2290.0 1863.0 plane 0
2831.0 4094.0 2838.0 4089.0 2846.0 4101.0 2839.0 4106.0 small-vehicle 1
2841.0 4078.0 2835.0 4073.0 2852.0 4061.0 2856.0 4068.0 small-vehicle 1
2788.0 4027.0 2784.0 4021.0 2801.0 4011.0 2805.0 4017.0 small-vehicle 1
2809.0 4021.0 2805.0 4009.0 2831.0 3998.0 2835.0 4008.0 small-vehicle 1
2818.0 4028.0 2814.0 4020.0 2836.0 4010.0 2840.0 4017.0 small-vehicle 1
2817.0 4040.0 2812.0 4032.0 2838.0 4020.0 2841.0 4028.0 small-vehicle 1
2819.0 4051.0 2814.0 4041.0 2845.0 4028.0 2849.0 4038.0 small-vehicle 1
2822.0 4063.0 2819.0 4054.0 2839.0 4042.0 2845.0 4051.0 small-vehicle 1
3277.0 3010.0 3288.0 3002.0 3302.0 3029.0 3292.0 3034.0 large-vehicle 0
3297.0 3071.0 3287.0 3075.0 3270.0 3042.0 3279.0 3038.0 large-vehicle 0
3324.0 3050.0 3316.0 3054.0 3307.0 3040.0 3315.0 3035.0 small-vehicle 0
3333.0 3045.0 3326.0 3050.0 3316.0 3034.0 3324.0 3029.0 small-vehicle 0
3798.0 2513.0 3806.0 2509.0 3814.0 2520.0 3806.0 2526.0 small-vehicle 1
2540.0 1657.0 2544.0 1666.0 2525.0 1676.0 2520.0 1667.0 small-vehicle 0
2519.0 1616.0 2523.0 1625.0 2496.0 1641.0 2490.0 1632.0 large-vehicle 1
3330.0 1637.0 3325.0 1630.0 3344.0 1619.0 3347.0 1627.0 small-vehicle 1
2509.0 1604.0 2513.0 1613.0 2487.0 1628.0 2481.0 1620.0 large-vehicle 1
2102.0 933.0 2212.0 1156.0 1988.0 1271.0 1875.0 1052.0 plane 0
2218.0 1190.0 2321.0 1365.0 2126.0 1477.0 2014.0 1305.0 plane 0
3021.0 2643.0 3091.0 2777.0 2949.0 2856.0 2872.0 2724.0 plane 0
3258.0 3067.0 3365.0 3254.0 3175.0 3360.0 3071.0 3169.0 plane 0
3539.0 3498.0 3654.0 3706.0 3437.0 3824.0 3318.0 3614.0 plane 0
3669.0 3733.0 3788.0 3947.0 3573.0 4068.0 3460.0 3853.0 plane 0
2869.0 94.0 2994.0 312.0 2730.0 446.0 2607.0 239.0 plane 0
1465.0 503.0 1555.0 660.0 1369.0 756.0 1282.0 596.0 plane 0
2214.0 1093.0 2219.0 1102.0 2202.0 1112.0 2196.0 1104.0 small-vehicle 0
2572.0 1535.0 2568.0 1527.0 2584.0 1520.0 2588.0 1527.0 small-vehicle 0
2529.0 1478.0 2526.0 1471.0 2550.0 1457.0 2554.0 1464.0 small-vehicle 0
2526.0 1465.0 2522.0 1457.0 2546.0 1445.0 2550.0 1453.0 small-vehicle 0
2541.0 1487.0 2537.0 1480.0 2558.0 1468.0 2563.0 1475.0 small-vehicle 0
2551.0 1505.0 2546.0 1498.0 2564.0 1487.0 2568.0 1493.0 small-vehicle 0
2557.0 1512.0 2553.0 1505.0 2568.0 1496.0 2572.0 1504.0 small-vehicle 0
2581.0 1551.0 2576.0 1545.0 2592.0 1535.0 2596.0 1543.0 small-vehicle 0
2595.0 1577.0 2591.0 1569.0 2610.0 1559.0 2613.0 1568.0 small-vehicle 0
2612.0 1609.0 2608.0 1601.0 2626.0 1592.0 2630.0 1600.0 small-vehicle 0
2504.0 1592.0 2508.0 1599.0 2483.0 1613.0 2480.0 1604.0 small-vehicle 0
3780.0 2530.0 3773.0 2534.0 3765.0 2516.0 3772.0 2513.0 small-vehicle 0
3795.0 2490.0 3787.0 2494.0 3779.0 2477.0 3787.0 2473.0 small-vehicle 1
3770.0 2460.0 3779.0 2457.0 3785.0 2472.0 3777.0 2476.0 small-vehicle 1
3780.0 2454.0 3787.0 2451.0 3796.0 2470.0 3789.0 2473.0 small-vehicle 1
3371.0 1759.0 3363.0 1764.0 3351.0 1745.0 3361.0 1740.0 small-vehicle 1
3344.0 1726.0 3353.0 1722.0 3362.0 1740.0 3352.0 1744.0 small-vehicle 1
3335.0 1731.0 3343.0 1728.0 3351.0 1745.0 3344.0 1748.0 small-vehicle 1
3329.0 1738.0 3337.0 1733.0 3346.0 1750.0 3338.0 1753.0 small-vehicle 1
3213.0 1737.0 3223.0 1732.0 3230.0 1748.0 3222.0 1752.0 small-vehicle 1
3268.0 1703.0 3278.0 1699.0 3287.0 1718.0 3278.0 1722.0 small-vehicle 1
3278.0 1701.0 3287.0 1697.0 3295.0 1713.0 3286.0 1717.0 small-vehicle 1
3306.0 1731.0 3298.0 1736.0 3286.0 1718.0 3295.0 1713.0 small-vehicle 1
3273.0 1748.0 3266.0 1753.0 3256.0 1738.0 3263.0 1733.0 small-vehicle 1
3328.0 1718.0 3321.0 1722.0 3311.0 1707.0 3319.0 1703.0 small-vehicle 1
3334.0 1710.0 3328.0 1714.0 3318.0 1700.0 3325.0 1695.0 small-vehicle 1
3344.0 1708.0 3335.0 1712.0 3326.0 1697.0 3335.0 1691.0 small-vehicle 1
3309.0 1683.0 3318.0 1679.0 3326.0 1696.0 3317.0 1699.0 small-vehicle 1
3318.0 1677.0 3326.0 1674.0 3334.0 1690.0 3326.0 1694.0 small-vehicle 1
3295.0 1692.0 3303.0 1687.0 3310.0 1702.0 3302.0 1707.0 small-vehicle 1
3318.0 1721.0 3312.0 1724.0 3303.0 1709.0 3311.0 1705.0 small-vehicle 1
3355.0 1685.0 3352.0 1677.0 3367.0 1669.0 3371.0 1677.0 small-vehicle 1
3344.0 1663.0 3341.0 1656.0 3355.0 1649.0 3358.0 1655.0 small-vehicle 1
3337.0 1654.0 3333.0 1647.0 3350.0 1639.0 3353.0 1646.0 small-vehicle 1
3362.0 1763.0 3356.0 1766.0 3346.0 1750.0 3351.0 1746.0 small-vehicle 1
3356.0 1768.0 3349.0 1772.0 3337.0 1757.0 3345.0 1752.0 small-vehicle 1
3291.0 1760.0 3298.0 1756.0 3307.0 1772.0 3299.0 1775.0 small-vehicle 1
3665.0 2213.0 3658.0 2217.0 3648.0 2202.0 3656.0 2197.0 small-vehicle 1
3787.0 2450.0 3795.0 2446.0 3805.0 2463.0 3797.0 2468.0 small-vehicle 1
3796.0 2446.0 3804.0 2442.0 3814.0 2458.0 3805.0 2462.0 small-vehicle 1
3752.0 2428.0 3761.0 2424.0 3768.0 2441.0 3760.0 2444.0 small-vehicle 1
3743.0 2412.0 3750.0 2407.0 3759.0 2422.0 3751.0 2426.0 small-vehicle 1
3751.0 2407.0 3759.0 2402.0 3769.0 2419.0 3760.0 2424.0 small-vehicle 1
3759.0 2402.0 3767.0 2398.0 3777.0 2414.0 3769.0 2418.0 small-vehicle 1
3682.0 2267.0 3674.0 2271.0 3664.0 2257.0 3671.0 2251.0 small-vehicle 1
3703.0 2258.0 3695.0 2263.0 3685.0 2247.0 3692.0 2242.0 small-vehicle 1
3648.0 2224.0 3641.0 2227.0 3632.0 2210.0 3639.0 2206.0 small-vehicle 1
3299.0 1795.0 3292.0 1799.0 3284.0 1784.0 3291.0 1781.0 small-vehicle 1
3715.0 2092.0 3719.0 2100.0 3702.0 2107.0 3700.0 2099.0 small-vehicle 1
3877.0 2302.0 3888.0 2298.0 3897.0 2314.0 3887.0 2319.0 small-vehicle 1
3904.0 2308.0 3896.0 2311.0 3886.0 2295.0 3895.0 2289.0 small-vehicle 1
3752.0 2081.0 3757.0 2092.0 3725.0 2108.0 3718.0 2097.0 large-vehicle 1
3747.0 1890.0 3743.0 1883.0 3759.0 1875.0 3763.0 1881.0 small-vehicle 1
3851.0 1823.0 3846.0 1815.0 3864.0 1805.0 3868.0 1812.0 small-vehicle 1
3349.0 1774.0 3341.0 1779.0 3328.0 1760.0 3335.0 1756.0 small-vehicle 1
3324.0 1785.0 3317.0 1789.0 3306.0 1771.0 3315.0 1767.0 small-vehicle 1
3836.0 270.0 3829.0 273.0 3819.0 259.0 3825.0 253.0 small-vehicle 1
3827.0 275.0 3819.0 278.0 3812.0 263.0 3819.0 260.0 small-vehicle 1
3817.0 277.0 3812.0 281.0 3805.0 268.0 3810.0 264.0 small-vehicle 1
3021.0 1106.0 3015.0 1100.0 3033.0 1085.0 3038.0 1093.0 small-vehicle 1
2989.0 1006.0 2992.0 1014.0 2978.0 1021.0 2975.0 1013.0 small-vehicle 1
2985.0 998.0 2989.0 1004.0 2972.0 1014.0 2968.0 1008.0 small-vehicle 1
2979.0 991.0 2982.0 997.0 2971.0 1005.0 2967.0 1000.0 small-vehicle 1
2960.0 991.0 2956.0 983.0 2972.0 976.0 2975.0 984.0 small-vehicle 1
2965.0 960.0 2968.0 967.0 2955.0 976.0 2951.0 970.0 small-vehicle 1
2944.0 929.0 2948.0 936.0 2931.0 948.0 2926.0 942.0 small-vehicle 1
2909.0 907.0 2905.0 901.0 2921.0 891.0 2924.0 899.0 small-vehicle 1
2885.0 915.0 2878.0 918.0 2869.0 903.0 2877.0 899.0 small-vehicle 1
2883.0 864.0 2880.0 857.0 2895.0 850.0 2898.0 857.0 small-vehicle 1
2849.0 849.0 2839.0 855.0 2826.0 832.0 2837.0 828.0 small-vehicle 1
2829.0 819.0 2821.0 824.0 2810.0 809.0 2819.0 804.0 small-vehicle 1
2846.0 802.0 2843.0 795.0 2859.0 786.0 2863.0 793.0 small-vehicle 1
2871.0 887.0 2858.0 893.0 2840.0 865.0 2853.0 857.0 large-vehicle 0
3108.0 659.0 3113.0 666.0 3097.0 674.0 3093.0 667.0 small-vehicle 1
2817.0 697.0 2820.0 703.0 2804.0 712.0 2801.0 707.0 small-vehicle 1
2781.0 754.0 2790.0 749.0 2798.0 768.0 2788.0 772.0 small-vehicle 1
2801.0 704.0 2798.0 698.0 2812.0 690.0 2815.0 695.0 small-vehicle 1
2809.0 681.0 2811.0 687.0 2796.0 696.0 2793.0 691.0 small-vehicle 1
2803.0 674.0 2807.0 680.0 2793.0 688.0 2789.0 682.0 small-vehicle 1
2977.0 1034.0 2973.0 1025.0 2994.0 1015.0 2998.0 1024.0 small-vehicle 1
2966.0 1095.0 2963.0 1088.0 2980.0 1081.0 2981.0 1088.0 small-vehicle 1
3811.0 283.0 3804.0 285.0 3799.0 272.0 3805.0 268.0 small-vehicle 1
2818.0 1469.0 2813.0 1461.0 2835.0 1449.0 2840.0 1457.0 small-vehicle 1
4117.0 2301.0 4126.0 2298.0 4134.0 2314.0 4125.0 2317.0 small-vehicle 1
4185.0 2907.0 4188.0 2914.0 4169.0 2925.0 4165.0 2918.0 small-vehicle 1
4044.0 2900.0 4048.0 2907.0 4035.0 2915.0 4030.0 2908.0 small-vehicle 1
4016.0 2916.0 4022.0 2924.0 4006.0 2932.0 4002.0 2923.0 small-vehicle 1
4018.0 2928.0 4022.0 2934.0 4007.0 2941.0 4004.0 2935.0 small-vehicle 1
4033.0 2948.0 4038.0 2955.0 4020.0 2967.0 4016.0 2959.0 small-vehicle 1
4081.0 2934.0 4086.0 2943.0 4067.0 2952.0 4063.0 2943.0 small-vehicle 1
4185.0 3178.0 4175.0 3183.0 4160.0 3158.0 4170.0 3151.0 small-vehicle 1
4160.0 3170.0 4162.0 3179.0 4143.0 3182.0 4142.0 3173.0 small-vehicle 1
4144.0 3150.0 4147.0 3157.0 4129.0 3165.0 4124.0 3158.0 small-vehicle 1
2126.0 1034.0 2121.0 1026.0 2141.0 1015.0 2145.0 1024.0 small-vehicle 1
2386.0 1735.0 2376.0 1741.0 2361.0 1716.0 2372.0 1711.0 large-vehicle 0
2355.0 1753.0 2345.0 1760.0 2329.0 1733.0 2340.0 1727.0 large-vehicle 0
2342.0 1758.0 2333.0 1764.0 2320.0 1739.0 2329.0 1733.0 large-vehicle 0
2305.0 1714.0 2317.0 1708.0 2329.0 1734.0 2318.0 1739.0 large-vehicle 0
2924.0 2311.0 2930.0 2321.0 2904.0 2336.0 2897.0 2325.0 small-vehicle 1
2810.0 2201.0 2815.0 2210.0 2800.0 2219.0 2794.0 2212.0 small-vehicle 1
2499.0 1696.0 2489.0 1704.0 2469.0 1679.0 2479.0 1670.0 small-vehicle 1
2515.0 1687.0 2502.0 1693.0 2488.0 1665.0 2501.0 1659.0 small-vehicle 1
3160.0 628.0 3163.0 633.0 3150.0 641.0 3145.0 636.0 small-vehicle 1
2682.0 591.0 2685.0 599.0 2669.0 609.0 2664.0 603.0 small-vehicle 1
3188.0 574.0 3191.0 581.0 3177.0 590.0 3173.0 584.0 small-vehicle 1
3223.0 892.0 3231.0 888.0 3239.0 907.0 3232.0 910.0 small-vehicle 1
3673.0 2250.0 3665.0 2254.0 3658.0 2239.0 3668.0 2236.0 small-vehicle 1
3665.0 2257.0 3656.0 2261.0 3649.0 2244.0 3657.0 2240.0 small-vehicle 1
3739.0 2532.0 3747.0 2528.0 3755.0 2542.0 3748.0 2547.0 small-vehicle 1
3734.0 2535.0 3741.0 2535.0 3745.0 2547.0 3737.0 2548.0 small-vehicle 1
3536.0 2080.0 3529.0 2084.0 3520.0 2067.0 3527.0 2064.0 small-vehicle 1
3729.0 2642.0 3735.0 2650.0 3712.0 2662.0 3706.0 2653.0 small-vehicle 1
3732.0 2719.0 3743.0 2714.0 3758.0 2742.0 3747.0 2748.0 large-vehicle 0
3744.0 2714.0 3757.0 2708.0 3769.0 2731.0 3757.0 2737.0 large-vehicle 0
3311.0 3063.0 3298.0 3071.0 3282.0 3042.0 3295.0 3035.0 large-vehicle 0
4100.0 2968.0 4102.0 2975.0 4088.0 2982.0 4084.0 2975.0 small-vehicle 1
4200.0 2878.0 4194.0 2871.0 4214.0 2860.0 4217.0 2867.0 small-vehicle 1
4173.0 2881.0 4177.0 2888.0 4160.0 2897.0 4155.0 2891.0 small-vehicle 1
4028.0 2939.0 4031.0 2946.0 4015.0 2955.0 4011.0 2948.0 small-vehicle 1
4129.0 2981.0 4142.0 2974.0 4154.0 2996.0 4142.0 3002.0 large-vehicle 0
4126.0 2798.0 4130.0 2806.0 4110.0 2817.0 4106.0 2810.0 large-vehicle 0
4136.0 2814.0 4141.0 2822.0 4120.0 2835.0 4114.0 2828.0 large-vehicle 0
3801.0 2686.0 3810.0 2680.0 3824.0 2702.0 3815.0 2707.0 large-vehicle 0
3827.0 2665.0 3841.0 2658.0 3854.0 2681.0 3842.0 2687.0 large-vehicle 0
3817.0 2675.0 3827.0 2668.0 3844.0 2692.0 3834.0 2698.0 large-vehicle 0
3692.0 2262.0 3685.0 2267.0 3675.0 2253.0 3682.0 2249.0 small-vehicle 1
3674.0 2274.0 3666.0 2279.0 3657.0 2262.0 3664.0 2258.0 small-vehicle 1
3688.0 2103.0 3698.0 2099.0 3707.0 2116.0 3697.0 2120.0 small-vehicle 1
3185.0 1687.0 3192.0 1682.0 3202.0 1699.0 3196.0 1703.0 small-vehicle 1
3231.0 889.0 3238.0 885.0 3246.0 899.0 3238.0 904.0 small-vehicle 1
3240.0 769.0 3247.0 766.0 3255.0 781.0 3247.0 785.0 small-vehicle 1
3223.0 916.0 3215.0 921.0 3204.0 904.0 3212.0 900.0 small-vehicle 1
3212.0 920.0 3206.0 924.0 3195.0 906.0 3202.0 903.0 small-vehicle 1
3188.0 1618.0 3196.0 1613.0 3205.0 1628.0 3198.0 1632.0 small-vehicle 1
3216.0 1650.0 3210.0 1654.0 3198.0 1638.0 3205.0 1633.0 small-vehicle 1
3177.0 1671.0 3168.0 1675.0 3160.0 1659.0 3167.0 1654.0 small-vehicle 1
3199.0 1709.0 3202.0 1716.0 3190.0 1723.0 3186.0 1716.0 small-vehicle 1
3281.0 1743.0 3274.0 1747.0 3263.0 1730.0 3271.0 1725.0 small-vehicle 1
3384.0 2028.0 3396.0 2022.0 3411.0 2051.0 3399.0 2057.0 large-vehicle 0
3305.0 1749.0 3312.0 1746.0 3320.0 1761.0 3313.0 1765.0 small-vehicle 1
3313.0 1743.0 3320.0 1740.0 3328.0 1757.0 3321.0 1761.0 small-vehicle 1
3322.0 1742.0 3329.0 1738.0 3338.0 1754.0 3331.0 1757.0 small-vehicle 1
3228.0 1664.0 3234.0 1662.0 3241.0 1676.0 3235.0 1679.0 small-vehicle 1
3580.0 1732.0 3590.0 1728.0 3597.0 1744.0 3588.0 1748.0 small-vehicle 1
3434.0 1787.0 3438.0 1794.0 3423.0 1803.0 3418.0 1797.0 small-vehicle 1
3448.0 1815.0 3451.0 1822.0 3437.0 1828.0 3433.0 1821.0 small-vehicle 1
3369.0 2035.0 3382.0 2029.0 3396.0 2057.0 3383.0 2063.0 large-vehicle 0
4094.0 2315.0 4102.0 2311.0 4109.0 2327.0 4100.0 2331.0 small-vehicle 1
4073.0 2326.0 4082.0 2322.0 4088.0 2339.0 4080.0 2342.0 small-vehicle 1
4070.0 2290.0 4074.0 2296.0 4062.0 2305.0 4058.0 2298.0 small-vehicle 1
3830.0 433.0 3839.0 429.0 3848.0 443.0 3839.0 449.0 small-vehicle 1
3828.0 409.0 3821.0 414.0 3811.0 398.0 3817.0 391.0 small-vehicle 1
3821.0 414.0 3812.0 419.0 3803.0 402.0 3810.0 396.0 small-vehicle 1
3807.0 420.0 3800.0 424.0 3791.0 408.0 3797.0 404.0 small-vehicle 1
3798.0 423.0 3792.0 428.0 3783.0 412.0 3789.0 407.0 small-vehicle 1
3784.0 431.0 3776.0 435.0 3769.0 419.0 3777.0 415.0 small-vehicle 1
3749.0 406.0 3757.0 402.0 3766.0 419.0 3756.0 422.0 small-vehicle 1
3723.0 333.0 3712.0 337.0 3706.0 319.0 3716.0 315.0 small-vehicle 1
3756.0 401.0 3766.0 396.0 3776.0 413.0 3767.0 419.0 small-vehicle 1
3767.0 396.0 3775.0 392.0 3784.0 408.0 3777.0 413.0 small-vehicle 1
3774.0 390.0 3782.0 384.0 3794.0 404.0 3786.0 408.0 small-vehicle 1
3783.0 386.0 3793.0 380.0 3802.0 400.0 3793.0 405.0 small-vehicle 1
3792.0 382.0 3802.0 377.0 3811.0 395.0 3801.0 401.0 small-vehicle 1
3819.0 368.0 3826.0 363.0 3836.0 381.0 3828.0 385.0 small-vehicle 1
3835.0 361.0 3843.0 355.0 3850.0 370.0 3842.0 374.0 small-vehicle 1
3843.0 354.0 3853.0 349.0 3862.0 367.0 3852.0 371.0 small-vehicle 1
3854.0 349.0 3861.0 345.0 3869.0 362.0 3862.0 367.0 small-vehicle 1
3879.0 406.0 3888.0 400.0 3898.0 419.0 3890.0 423.0 small-vehicle 1
3872.0 412.0 3880.0 407.0 3888.0 424.0 3881.0 428.0 small-vehicle 1
3864.0 416.0 3871.0 412.0 3880.0 428.0 3872.0 433.0 small-vehicle 1
3845.0 399.0 3836.0 404.0 3825.0 387.0 3834.0 382.0 small-vehicle 1
3869.0 387.0 3861.0 392.0 3849.0 374.0 3857.0 368.0 small-vehicle 1
3878.0 382.0 3870.0 386.0 3860.0 367.0 3868.0 364.0 small-vehicle 1
3791.0 361.0 3784.0 365.0 3772.0 349.0 3779.0 345.0 small-vehicle 1
3798.0 293.0 3788.0 297.0 3781.0 281.0 3789.0 277.0 small-vehicle 1
3726.0 357.0 3733.0 353.0 3740.0 368.0 3733.0 372.0 small-vehicle 1
3733.0 351.0 3741.0 348.0 3746.0 361.0 3739.0 365.0 small-vehicle 1
3740.0 345.0 3747.0 342.0 3755.0 359.0 3748.0 361.0 small-vehicle 1
3749.0 341.0 3756.0 337.0 3764.0 354.0 3756.0 357.0 small-vehicle 1
3757.0 334.0 3765.0 330.0 3772.0 349.0 3765.0 353.0 small-vehicle 1
3765.0 330.0 3773.0 327.0 3781.0 345.0 3773.0 347.0 small-vehicle 1
3785.0 367.0 3776.0 371.0 3765.0 354.0 3771.0 349.0 small-vehicle 1
3798.0 358.0 3791.0 362.0 3780.0 344.0 3786.0 339.0 small-vehicle 1
3887.0 378.0 3880.0 382.0 3868.0 363.0 3876.0 358.0 small-vehicle 1
3807.0 353.0 3799.0 356.0 3788.0 339.0 3796.0 335.0 small-vehicle 1
3817.0 349.0 3808.0 354.0 3797.0 336.0 3806.0 331.0 small-vehicle 1
3824.0 345.0 3816.0 349.0 3807.0 331.0 3815.0 327.0 small-vehicle 1
3832.0 339.0 3824.0 343.0 3815.0 326.0 3823.0 322.0 small-vehicle 1
3840.0 335.0 3833.0 340.0 3823.0 323.0 3830.0 319.0 small-vehicle 1
3847.0 329.0 3841.0 332.0 3832.0 316.0 3838.0 311.0 small-vehicle 1
3858.0 325.0 3850.0 329.0 3840.0 313.0 3846.0 308.0 small-vehicle 1
3866.0 320.0 3859.0 325.0 3847.0 308.0 3854.0 303.0 small-vehicle 1
3857.0 420.0 3864.0 416.0 3871.0 430.0 3865.0 435.0 small-vehicle 1
3823.0 438.0 3831.0 434.0 3838.0 452.0 3830.0 456.0 small-vehicle 1
4064.0 2272.0 4068.0 2278.0 4052.0 2288.0 4047.0 2282.0 small-vehicle 1
3815.0 443.0 3822.0 438.0 3830.0 456.0 3823.0 459.0 small-vehicle 1
4008.0 1354.0 3994.0 1362.0 3970.0 1319.0 3983.0 1312.0 large-vehicle 1
4072.0 1493.0 4063.0 1498.0 4052.0 1480.0 4060.0 1475.0 small-vehicle 1
4125.0 1533.0 4114.0 1540.0 4102.0 1520.0 4113.0 1514.0 small-vehicle 1
4069.0 1611.0 4085.0 1603.0 4118.0 1657.0 4101.0 1665.0 large-vehicle 0
4023.0 1631.0 4040.0 1623.0 4070.0 1672.0 4053.0 1681.0 large-vehicle 0
4226.0 1747.0 4208.0 1756.0 4178.0 1703.0 4196.0 1695.0 large-vehicle 0
4165.0 1818.0 4180.0 1811.0 4198.0 1844.0 4185.0 1850.0 large-vehicle 0
3869.0 1933.0 3864.0 1923.0 3891.0 1913.0 3893.0 1921.0 small-vehicle 1
3977.0 1900.0 3972.0 1892.0 3991.0 1883.0 3995.0 1891.0 small-vehicle 1
3988.0 1933.0 3999.0 1929.0 4006.0 1946.0 3997.0 1950.0 small-vehicle 1
4001.0 1952.0 4009.0 1948.0 4017.0 1963.0 4009.0 1967.0 small-vehicle 1
4020.0 1986.0 4027.0 1983.0 4033.0 1997.0 4027.0 2001.0 small-vehicle 1
4040.0 2020.0 4048.0 2017.0 4054.0 2033.0 4047.0 2036.0 small-vehicle 1
3986.0 2243.0 3994.0 2239.0 4003.0 2256.0 3994.0 2259.0 small-vehicle 1
4040.0 2230.0 4045.0 2239.0 4028.0 2249.0 4023.0 2240.0 small-vehicle 1
4095.0 2211.0 4101.0 2219.0 4083.0 2229.0 4079.0 2221.0 small-vehicle 1
4111.0 2235.0 4115.0 2243.0 4098.0 2252.0 4094.0 2245.0 small-vehicle 1
4119.0 2251.0 4123.0 2257.0 4107.0 2269.0 4103.0 2262.0 small-vehicle 1
4124.0 2259.0 4129.0 2267.0 4111.0 2277.0 4107.0 2269.0 small-vehicle 1
3905.0 1494.0 3919.0 1483.0 3958.0 1525.0 3944.0 1534.0 large-vehicle 1
3962.0 1390.0 3976.0 1383.0 3999.0 1425.0 3986.0 1431.0 large-vehicle 1
4071.0 1438.0 4060.0 1444.0 4041.0 1413.0 4052.0 1407.0 large-vehicle 1
3911.0 577.0 3915.0 583.0 3898.0 593.0 3894.0 585.0 small-vehicle 1
3807.0 448.0 3814.0 444.0 3822.0 461.0 3814.0 464.0 small-vehicle 1
3798.0 451.0 3805.0 446.0 3816.0 465.0 3808.0 468.0 small-vehicle 1
3910.0 438.0 3901.0 444.0 3890.0 426.0 3899.0 420.0 small-vehicle 1
3852.0 572.0 3848.0 566.0 3864.0 558.0 3867.0 564.0 small-vehicle 1
3829.0 611.0 3826.0 605.0 3845.0 595.0 3848.0 602.0 small-vehicle 1
3856.0 598.0 3851.0 591.0 3865.0 585.0 3868.0 592.0 small-vehicle 1
3873.0 589.0 3869.0 582.0 3882.0 577.0 3885.0 585.0 small-vehicle 1
3894.0 579.0 3888.0 572.0 3905.0 561.0 3910.0 569.0 small-vehicle 1
3917.0 589.0 3922.0 596.0 3903.0 608.0 3898.0 600.0 small-vehicle 1
3983.0 1317.0 3997.0 1310.0 4016.0 1342.0 4002.0 1348.0 large-vehicle 1
3857.0 649.0 3852.0 642.0 3865.0 635.0 3869.0 641.0 small-vehicle 1
3860.0 657.0 3855.0 652.0 3870.0 643.0 3875.0 648.0 small-vehicle 1
3887.0 668.0 3882.0 661.0 3897.0 653.0 3901.0 659.0 small-vehicle 1
3928.0 610.0 3933.0 617.0 3917.0 628.0 3912.0 621.0 small-vehicle 1
3923.0 635.0 3920.0 628.0 3933.0 621.0 3938.0 627.0 small-vehicle 1
3925.0 647.0 3921.0 641.0 3937.0 633.0 3939.0 641.0 small-vehicle 1
3895.0 679.0 3891.0 671.0 3906.0 663.0 3910.0 670.0 small-vehicle 1
3936.0 1294.0 3953.0 1287.0 3978.0 1330.0 3962.0 1338.0 large-vehicle 1
477.0 1450.0 599.0 1697.0 366.0 1809.0 231.0 1581.0 plane 0
