imagesource:JL
gsd:0.72
910.0 2758.0 877.0 2736.0 901.0 2704.0 932.0 2724.0 baseball-diamond 0
869.0 2813.0 935.0 2798.0 963.0 2993.0 893.0 3005.0 ground-track-field 0
1773.0 3382.0 1806.0 3374.0 1813.0 3409.0 1779.0 3416.0 plane 0
1713.0 3052.0 1745.0 3042.0 1754.0 3077.0 1722.0 3084.0 plane 0
1800.0 2944.0 1824.0 2926.0 1843.0 2954.0 1818.0 2971.0 plane 0
1718.0 2786.0 1742.0 2783.0 1746.0 2807.0 1722.0 2810.0 plane 0
1790.0 2722.0 1816.0 2714.0 1810.0 2692.0 1783.0 2701.0 plane 0
1771.0 2659.0 1799.0 2670.0 1788.0 2696.0 1761.0 2686.0 plane 0
1509.0 2480.0 1529.0 2464.0 1552.0 2499.0 1530.0 2514.0 plane 0
1586.0 2445.0 1608.0 2418.0 1651.0 2455.0 1626.0 2483.0 plane 0
1751.0 1930.0 1778.0 1902.0 1805.0 1934.0 1772.0 1958.0 plane 0
2402.0 3471.0 2434.0 3460.0 2443.0 3494.0 2408.0 3504.0 plane 0
2306.0 2921.0 2330.0 2916.0 2336.0 2946.0 2312.0 2953.0 plane 0
969.0 2739.0 1010.0 2730.0 1019.0 2782.0 978.0 2793.0 baseball-diamond 0
326.0 173.0 355.0 188.0 401.0 118.0 374.0 96.0 bridge 0
2302.0 2362.0 2321.0 2362.0 2321.0 2378.0 2302.0 2378.0 storage-tank 0
442.0 75.0 483.0 38.0 545.0 110.0 506.0 146.0 bridge 0
1046.0 390.0 1125.0 366.0 1132.0 400.0 1058.0 421.0 bridge 0
1623.0 1000.0 1651.0 1008.0 1658.0 971.0 1634.0 962.0 bridge 0
2378.0 1286.0 2370.0 1228.0 2387.0 1223.0 2396.0 1284.0 bridge 0
3804.0 1045.0 3830.0 1048.0 3822.0 1104.0 3794.0 1100.0 bridge 0
2379.0 3294.0 2403.0 3287.0 2407.0 3302.0 2385.0 3306.0 plane 0
2387.0 3316.0 2405.0 3310.0 2408.0 3329.0 2390.0 3333.0 plane 0
2376.0 3218.0 2395.0 3215.0 2396.0 3230.0 2379.0 3234.0 plane 0
2321.0 2834.0 2335.0 2831.0 2338.0 2852.0 2325.0 2854.0 plane 0
2327.0 2712.0 2342.0 2707.0 2345.0 2724.0 2332.0 2726.0 plane 0
2286.0 2315.0 2304.0 2315.0 2304.0 2332.0 2286.0 2332.0 storage-tank 0
2289.0 2337.0 2309.0 2337.0 2309.0 2352.0 2289.0 2352.0 storage-tank 0
1829.0 3665.0 1861.0 3655.0 1871.0 3688.0 1836.0 3698.0 plane 0
