imagesource:JL
gsd:0.72
1164.0 2052.0 1203.0 2042.0 1211.0 2088.0 1171.0 2097.0 baseball-diamond 0
3032.0 799.0 3044.0 770.0 3085.0 791.0 3076.0 816.0 bridge 0
475.0 3382.0 511.0 3375.0 526.0 3482.0 488.0 3487.0 ground-track-field 0
1382.0 2318.0 1475.0 2480.0 1531.0 2440.0 1431.0 2278.0 ground-track-field 0
1852.0 1919.0 1874.0 1912.0 1880.0 1955.0 1858.0 1959.0 bridge 0
1987.0 1896.0 2009.0 1887.0 2015.0 1927.0 1992.0 1933.0 bridge 0
2449.0 1268.0 2472.0 1257.0 2487.0 1296.0 2461.0 1305.0 bridge 0
2645.0 1234.0 2664.0 1212.0 2696.0 1247.0 2674.0 1266.0 bridge 0
2720.0 1160.0 2742.0 1139.0 2770.0 1194.0 2748.0 1210.0 bridge 0
2800.0 1088.0 2823.0 1076.0 2840.0 1118.0 2821.0 1132.0 bridge 0
2886.0 1022.0 2909.0 1002.0 2929.0 1036.0 2908.0 1054.0 bridge 0
3058.0 727.0 3066.0 755.0 3118.0 733.0 3107.0 703.0 bridge 0
1521.0 2371.0 1501.0 2330.0 1532.0 2300.0 1554.0 2343.0 baseball-diamond 0
3676.0 373.0 3660.0 446.0 3690.0 453.0 3707.0 376.0 bridge 0
3297.0 478.0 3329.0 468.0 3349.0 553.0 3314.0 561.0 bridge 0
1538.0 2209.0 1594.0 2170.0 1630.0 2236.0 1576.0 2272.0 baseball-diamond 0
1618.0 2305.0 1632.0 2346.0 1671.0 2325.0 1658.0 2281.0 baseball-diamond 0
538.0 3282.0 556.0 3253.0 578.0 3280.0 559.0 3308.0 baseball-diamond 0
527.0 3300.0 510.0 3328.0 534.0 3351.0 552.0 3325.0 baseball-diamond 0
519.0 3288.0 494.0 3266.0 478.0 3294.0 502.0 3319.0 baseball-diamond 0
529.0 3276.0 548.0 3245.0 525.0 3224.0 504.0 3258.0 baseball-diamond 0
1291.0 2030.0 1257.0 2026.0 1251.0 2064.0 1284.0 2071.0 baseball-diamond 0
301.0 1009.0 390.0 992.0 396.0 1040.0 309.0 1053.0 bridge 0
