imagesource:JL
gsd:0.72
1122.0 303.0 1131.0 341.0 1091.0 352.0 1080.0 313.0 baseball-diamond 0
2044.0 1826.0 2062.0 1826.0 2062.0 1848.0 2044.0 1848.0 storage-tank 1
1587.0 1668.0 1606.0 1668.0 1606.0 1688.0 1587.0 1688.0 storage-tank 1
1570.0 1675.0 1588.0 1675.0 1588.0 1690.0 1570.0 1690.0 storage-tank 1
1816.0 3274.0 1830.0 3274.0 1830.0 3286.0 1816.0 3286.0 storage-tank 1
1833.0 3341.0 1850.0 3341.0 1850.0 3357.0 1833.0 3357.0 storage-tank 1
993.0 97.0 1074.0 80.0 1131.0 288.0 1046.0 312.0 ground-track-field 0
970.0 414.0 960.0 360.0 1011.0 348.0 1023.0 406.0 baseball-diamond 0
