imagesource:JL
gsd:0.72
3614.0 165.0 3645.0 165.0 3645.0 198.0 3614.0 198.0 storage-tank 0
255.0 2336.0 260.0 2295.0 215.0 2288.0 209.0 2331.0 baseball-diamond 0
284.0 2329.0 284.0 2291.0 323.0 2291.0 322.0 2331.0 baseball-diamond 0
471.0 2323.0 485.0 2369.0 445.0 2380.0 434.0 2332.0 baseball-diamond 0
468.0 2296.0 455.0 2251.0 414.0 2262.0 427.0 2304.0 baseball-diamond 0
506.0 2319.0 543.0 2308.0 551.0 2350.0 512.0 2359.0 baseball-diamond 0
490.0 2282.0 480.0 2245.0 523.0 2237.0 534.0 2272.0 baseball-diamond 0
726.0 2272.0 714.0 2235.0 755.0 2225.0 766.0 2264.0 baseball-diamond 0
703.0 2281.0 691.0 2238.0 651.0 2248.0 661.0 2295.0 baseball-diamond 0
1043.0 3002.0 1079.0 2993.0 1089.0 3025.0 1056.0 3036.0 baseball-diamond 0
1536.0 3159.0 1519.0 3124.0 1488.0 3131.0 1501.0 3163.0 baseball-diamond 0
1142.0 2971.0 1153.0 3004.0 1116.0 3014.0 1106.0 2983.0 baseball-diamond 0
