imagesource:JL
gsd:0.72
834.0 3332.0 749.0 3298.0 804.0 3178.0 884.0 3216.0 harbor 0
2635.0 2965.0 2653.0 2965.0 2653.0 2979.0 2635.0 2979.0 storage-tank 1
2641.0 2984.0 2658.0 2984.0 2658.0 2996.0 2641.0 2996.0 storage-tank 1
2650.0 3000.0 2662.0 3000.0 2662.0 3011.0 2650.0 3011.0 storage-tank 1
1856.0 2834.0 1872.0 2834.0 1872.0 2849.0 1856.0 2849.0 storage-tank 1
1717.0 1993.0 1804.0 1988.0 1816.0 2195.0 1724.0 2204.0 ground-track-field 0
1595.0 2110.0 1624.0 2135.0 1600.0 2164.0 1574.0 2142.0 baseball-diamond 0
850.0 3242.0 878.0 3257.0 874.0 3266.0 846.0 3250.0 ship 0
