imagesource:JL
gsd:0.72
3186.0 3082.0 3182.0 3063.0 3203.0 3057.0 3206.0 3076.0 plane 0
3179.0 3043.0 3173.0 3021.0 3192.0 3016.0 3197.0 3036.0 plane 0
3134.0 3028.0 3138.0 3051.0 3120.0 3054.0 3116.0 3032.0 plane 0
2837.0 3462.0 2859.0 3455.0 2864.0 3478.0 2843.0 3484.0 plane 0
2862.0 3449.0 2881.0 3445.0 2887.0 3472.0 2869.0 3476.0 plane 0
2853.0 3429.0 2832.0 3433.0 2826.0 3413.0 2847.0 3407.0 plane 0
2824.0 3354.0 2844.0 3349.0 2850.0 3368.0 2829.0 3373.0 plane 0
2763.0 3508.0 2783.0 3503.0 2787.0 3519.0 2769.0 3523.0 plane 0
3954.0 2045.0 3983.0 2070.0 3956.0 2101.0 3927.0 2077.0 plane 0
2747.0 3512.0 2764.0 3508.0 2767.0 3521.0 2751.0 3526.0 plane 0
2684.0 3529.0 2702.0 3524.0 2705.0 3537.0 2689.0 3542.0 plane 0
2719.0 3544.0 2699.0 3548.0 2696.0 3535.0 2714.0 3531.0 plane 0
2787.0 3290.0 2805.0 3287.0 2807.0 3300.0 2790.0 3304.0 plane 0
2819.0 3309.0 2802.0 3311.0 2800.0 3298.0 2816.0 3295.0 plane 0
2797.0 3309.0 2784.0 3313.0 2781.0 3303.0 2794.0 3300.0 plane 1
2769.0 3296.0 2783.0 3293.0 2784.0 3304.0 2772.0 3307.0 plane 1
2775.0 3314.0 2763.0 3317.0 2761.0 3307.0 2773.0 3305.0 plane 1
3192.0 3104.0 3187.0 3083.0 3207.0 3078.0 3212.0 3099.0 plane 0
3184.0 3060.0 3178.0 3041.0 3196.0 3036.0 3202.0 3056.0 plane 0
3139.0 2961.0 3144.0 2988.0 3122.0 2994.0 3115.0 2966.0 plane 0
