imagesource:JL
gsd:0.72
3691.0 2142.0 3709.0 2142.0 3709.0 2162.0 3691.0 2162.0 storage-tank 0
3440.0 1949.0 3459.0 1949.0 3459.0 1968.0 3440.0 1968.0 storage-tank 0
2847.0 0.0 2870.0 0.0 2870.0 15.0 2847.0 15.0 plane 0
2863.0 110.0 2873.0 94.0 2885.0 103.0 2876.0 119.0 plane 0
2795.0 89.0 2799.0 106.0 2787.0 110.0 2783.0 91.0 plane 0
2804.0 106.0 2807.0 125.0 2788.0 129.0 2784.0 110.0 plane 0
2808.0 122.0 2813.0 142.0 2792.0 149.0 2786.0 129.0 plane 0
1542.0 801.0 1563.0 815.0 1551.0 836.0 1530.0 823.0 plane 0
1524.0 787.0 1549.0 782.0 1554.0 807.0 1529.0 813.0 plane 0
