imagesource:JL
gsd:0.72
2158.0 123.0 2153.0 103.0 2188.0 91.0 2195.0 113.0 bridge 0
3563.0 3683.0 3638.0 3667.0 3653.0 3743.0 3578.0 3758.0 baseball-diamond 0
2583.0 2984.0 2655.0 2971.0 2662.0 3014.0 2590.0 3028.0 bridge 0
2075.0 2247.0 2058.0 2175.0 2134.0 2159.0 2148.0 2230.0 baseball-diamond 0
2295.0 1984.0 2312.0 2050.0 2241.0 2069.0 2223.0 2001.0 baseball-diamond 0
2285.0 1955.0 2214.0 1972.0 2194.0 1895.0 2268.0 1877.0 baseball-diamond 0
2893.0 2761.0 2877.0 2687.0 2955.0 2670.0 2971.0 2746.0 baseball-diamond 0
2934.0 2262.0 2858.0 2277.0 2845.0 2200.0 2923.0 2185.0 baseball-diamond 0
3546.0 3621.0 3529.0 3542.0 3612.0 3524.0 3628.0 3604.0 baseball-diamond 0
3490.0 3635.0 3412.0 3650.0 3396.0 3577.0 3473.0 3561.0 baseball-diamond 0
3105.0 2606.0 3171.0 2501.0 3394.0 2640.0 3331.0 2740.0 ground-track-field 0
1923.0 2169.0 1868.0 2181.0 1881.0 2232.0 1934.0 2222.0 baseball-diamond 0
2423.0 802.0 2413.0 765.0 2463.0 752.0 2469.0 793.0 bridge 0
2972.0 2479.0 2959.0 2424.0 2904.0 2437.0 2914.0 2491.0 baseball-diamond 0
2920.0 2278.0 2866.0 2289.0 2873.0 2338.0 2929.0 2328.0 baseball-diamond 0
3251.0 3747.0 3237.0 3671.0 3309.0 3656.0 3325.0 3730.0 baseball-diamond 0
3594.0 3912.0 3581.0 3843.0 3650.0 3832.0 3662.0 3902.0 baseball-diamond 0
3174.0 189.0 3227.0 177.0 3237.0 228.0 3185.0 244.0 baseball-diamond 0
3169.0 178.0 3225.0 169.0 3214.0 118.0 3157.0 129.0 baseball-diamond 0
1935.0 2165.0 1995.0 2152.0 2008.0 2218.0 1953.0 2233.0 baseball-diamond 0
3039.0 3516.0 3087.0 3516.0 3087.0 3562.0 3039.0 3562.0 storage-tank 0
3416.0 2417.0 3450.0 2417.0 3450.0 2451.0 3416.0 2451.0 roundabout 0
2567.0 2952.0 2661.0 2935.0 2668.0 2973.0 2574.0 2990.0 bridge 0
