imagesource:JL
gsd:0.72
3679.0 1464.0 3731.0 1451.0 3746.0 1507.0 3692.0 1520.0 plane 0
2676.0 1637.0 2706.0 1628.0 2713.0 1658.0 2684.0 1666.0 plane 0
2796.0 1868.0 2823.0 1890.0 2797.0 1919.0 2771.0 1898.0 plane 0
2839.0 1804.0 2853.0 1826.0 2826.0 1842.0 2813.0 1822.0 plane 0
2873.0 1862.0 2829.0 1849.0 2843.0 1809.0 2885.0 1825.0 plane 0
2844.0 1968.0 2841.0 1938.0 2878.0 1933.0 2880.0 1964.0 plane 0
3368.0 1596.0 3357.0 1546.0 3414.0 1535.0 3424.0 1584.0 plane 0
2792.0 1709.0 2806.0 1687.0 2828.0 1702.0 2814.0 1723.0 plane 0
2698.0 1606.0 2677.0 1613.0 2669.0 1590.0 2691.0 1582.0 plane 0
2796.0 3372.0 2733.0 3343.0 2777.0 3261.0 2842.0 3293.0 plane 0
2651.0 1403.0 2617.0 1413.0 2607.0 1379.0 2640.0 1369.0 plane 0
2671.0 1232.0 2661.0 1206.0 2687.0 1195.0 2696.0 1222.0 plane 0
2605.0 1180.0 2579.0 1188.0 2570.0 1162.0 2597.0 1154.0 plane 0
2578.0 1202.0 2547.0 1211.0 2533.0 1169.0 2565.0 1160.0 plane 0
2200.0 2030.0 2279.0 2050.0 2256.0 2136.0 2176.0 2115.0 plane 0
1021.0 3129.0 1073.0 3153.0 1057.0 3186.0 1005.0 3161.0 bridge 0
3444.0 2389.0 3398.0 2400.0 3381.0 2341.0 3429.0 2329.0 plane 0
2859.0 3400.0 2805.0 3374.0 2847.0 3302.0 2900.0 3327.0 plane 0
3726.0 1463.0 3763.0 1433.0 3795.0 1470.0 3756.0 1502.0 plane 0
3978.0 1306.0 4000.0 1335.0 3965.0 1361.0 3943.0 1333.0 plane 0
3959.0 1248.0 3985.0 1289.0 3938.0 1323.0 3910.0 1278.0 plane 0
3935.0 1192.0 3961.0 1237.0 3915.0 1263.0 3889.0 1217.0 plane 0
3829.0 1197.0 3876.0 1222.0 3853.0 1265.0 3807.0 1240.0 plane 0
3773.0 1213.0 3817.0 1231.0 3793.0 1282.0 3750.0 1263.0 plane 0
3721.0 1079.0 3672.0 1082.0 3667.0 1027.0 3717.0 1023.0 plane 0
3556.0 1011.0 3584.0 1050.0 3542.0 1079.0 3514.0 1038.0 plane 0
2818.0 1748.0 2791.0 1753.0 2787.0 1724.0 2816.0 1720.0 plane 0
3152.0 3554.0 3086.0 3516.0 3131.0 3441.0 3198.0 3484.0 plane 0
1562.0 1352.0 1577.0 1407.0 1520.0 1425.0 1504.0 1368.0 baseball-diamond 0
1581.0 1337.0 1516.0 1352.0 1502.0 1293.0 1568.0 1278.0 baseball-diamond 0
644.0 3837.0 630.0 3783.0 692.0 3770.0 704.0 3823.0 baseball-diamond 0
892.0 471.0 962.0 471.0 961.0 516.0 892.0 517.0 bridge 0
881.0 435.0 983.0 436.0 983.0 479.0 880.0 482.0 bridge 0
3833.0 750.0 3843.0 798.0 3791.0 811.0 3777.0 764.0 plane 0
987.0 3005.0 1034.0 2995.0 1044.0 3035.0 995.0 3044.0 bridge 0
