imagesource:JL
gsd:0.72
2098.0 4645.0 2109.0 4632.0 2132.0 4654.0 2122.0 4668.0 bridge 0
1847.0 4229.0 1852.0 4247.0 1826.0 4252.0 1821.0 4236.0 bridge 0
1633.0 40.0 1703.0 25.0 1718.0 90.0 1649.0 107.0 baseball-diamond 0
1622.0 41.0 1638.0 108.0 1570.0 125.0 1552.0 60.0 baseball-diamond 0
1647.0 3528.0 1670.0 3592.0 1610.0 3616.0 1588.0 3553.0 baseball-diamond 0
1748.0 3465.0 1772.0 3536.0 1703.0 3558.0 1679.0 3487.0 baseball-diamond 0
1604.0 3369.0 1631.0 3426.0 1567.0 3458.0 1537.0 3400.0 baseball-diamond 0
1631.0 3235.0 1660.0 3302.0 1586.0 3340.0 1552.0 3270.0 baseball-diamond 0
2225.0 3196.0 2241.0 3254.0 2185.0 3272.0 2166.0 3213.0 baseball-diamond 0
2275.0 3383.0 2222.0 3395.0 2208.0 3340.0 2263.0 3326.0 baseball-diamond 0
3893.0 465.0 3907.0 521.0 3853.0 538.0 3837.0 481.0 baseball-diamond 0
580.0 2410.0 589.0 2416.0 570.0 2441.0 561.0 2437.0 bridge 0
426.0 2531.0 431.0 2526.0 443.0 2542.0 436.0 2547.0 bridge 0
1532.0 1761.0 1517.0 1725.0 1562.0 1708.0 1575.0 1749.0 baseball-diamond 0
1582.0 1759.0 1597.0 1806.0 1552.0 1821.0 1534.0 1771.0 baseball-diamond 0
1460.0 1946.0 1446.0 1902.0 1494.0 1889.0 1508.0 1934.0 baseball-diamond 0
1015.0 3194.0 1026.0 3215.0 1004.0 3226.0 991.0 3207.0 bridge 0
1083.0 3306.0 1089.0 3328.0 1062.0 3331.0 1056.0 3310.0 bridge 0
965.0 3129.0 969.0 3138.0 948.0 3147.0 943.0 3140.0 bridge 0
1597.0 1549.0 1613.0 1604.0 1554.0 1620.0 1538.0 1566.0 baseball-diamond 0
