imagesource:JL
gsd:0.72
3073.0 14.0 3141.0 2.0 3159.0 98.0 3094.0 111.0 ground-track-field 1
503.0 2600.0 547.0 2600.0 547.0 2644.0 503.0 2644.0 roundabout 0
1838.0 265.0 1911.0 248.0 1927.0 323.0 1857.0 343.0 baseball-diamond 0
1712.0 1416.0 1758.0 1459.0 1709.0 1498.0 1664.0 1453.0 baseball-diamond 0
1679.0 1269.0 1667.0 1221.0 1717.0 1211.0 1729.0 1258.0 baseball-diamond 0
2150.0 485.0 2098.0 495.0 2084.0 433.0 2138.0 421.0 baseball-diamond 0
1863.0 396.0 1975.0 373.0 2032.0 615.0 1920.0 642.0 ground-track-field 0
1854.0 87.0 1911.0 73.0 1925.0 127.0 1867.0 143.0 baseball-diamond 0
964.0 3630.0 978.0 3689.0 917.0 3703.0 901.0 3643.0 baseball-diamond 0
