imagesource:JL
gsd:0.72
3870.0 316.0 3862.0 324.0 3826.0 286.0 3835.0 279.0 ship 0
3450.0 741.0 3436.0 732.0 3466.0 678.0 3482.0 686.0 ship 0
3510.0 529.0 3528.0 544.0 3470.0 613.0 3454.0 598.0 ship 0
3428.0 539.0 3446.0 552.0 3379.0 652.0 3361.0 637.0 ship 0
3746.0 903.0 3764.0 909.0 3745.0 974.0 3728.0 968.0 ship 0
3801.0 850.0 3827.0 858.0 3803.0 944.0 3778.0 936.0 ship 0
3764.0 954.0 3796.0 963.0 3749.0 1124.0 3715.0 1114.0 ship 0
3711.0 1021.0 3736.0 1028.0 3715.0 1119.0 3688.0 1111.0 ship 0
1366.0 1621.0 1445.0 1621.0 1445.0 1703.0 1366.0 1703.0 roundabout 0
3782.0 3035.0 3845.0 3035.0 3845.0 3102.0 3782.0 3102.0 roundabout 0
2516.0 3530.0 2554.0 3530.0 2554.0 3568.0 2516.0 3568.0 roundabout 0
3130.0 1160.0 3254.0 1160.0 3254.0 1403.0 3130.0 1403.0 ground-track-field 0
3112.0 737.0 3198.0 750.0 3183.0 854.0 3095.0 839.0 roundabout 0
1848.0 951.0 1926.0 951.0 1926.0 1032.0 1848.0 1032.0 roundabout 0
2172.0 902.0 2698.0 879.0 2715.0 1175.0 2184.0 1207.0 ground-track-field 0
1952.0 2512.0 1991.0 2499.0 2015.0 2571.0 1977.0 2586.0 roundabout 0
1955.0 3820.0 1915.0 3847.0 1886.0 3800.0 1929.0 3776.0 plane 0
1776.0 3807.0 1782.0 3834.0 1753.0 3839.0 1748.0 3811.0 plane 0
1796.0 3703.0 1803.0 3741.0 1765.0 3749.0 1757.0 3709.0 plane 0
1729.0 3779.0 1734.0 3813.0 1701.0 3819.0 1694.0 3786.0 plane 0
1625.0 3695.0 1630.0 3730.0 1590.0 3737.0 1584.0 3701.0 plane 0
1589.0 3668.0 1593.0 3699.0 1555.0 3707.0 1551.0 3673.0 plane 0
1138.0 2391.0 1198.0 2414.0 1160.0 2529.0 1100.0 2509.0 ground-track-field 0
3455.0 704.0 3437.0 696.0 3473.0 601.0 3491.0 608.0 ship 0
3480.0 684.0 3464.0 680.0 3492.0 586.0 3510.0 593.0 ship 0
3880.0 380.0 3891.0 382.0 3880.0 445.0 3869.0 442.0 ship 0
3683.0 87.0 3665.0 97.0 3643.0 56.0 3662.0 46.0 ship 0
3732.0 174.0 3742.0 163.0 3774.0 189.0 3765.0 200.0 ship 0
3888.0 290.0 3881.0 298.0 3845.0 263.0 3853.0 256.0 ship 0
3899.0 271.0 3892.0 279.0 3860.0 249.0 3868.0 242.0 ship 0
3750.0 240.0 3773.0 240.0 3773.0 261.0 3750.0 261.0 storage-tank 0
3748.0 428.0 3750.0 420.0 3784.0 427.0 3782.0 435.0 ship 0
3804.0 415.0 3801.0 429.0 3750.0 420.0 3754.0 405.0 ship 0
3788.0 440.0 3785.0 454.0 3749.0 447.0 3751.0 434.0 ship 0
3292.0 296.0 3345.0 296.0 3345.0 349.0 3292.0 349.0 storage-tank 0
3543.0 372.0 3551.0 388.0 3491.0 428.0 3483.0 416.0 ship 0
3728.0 1027.0 3711.0 1022.0 3729.0 969.0 3745.0 975.0 ship 0
3889.0 397.0 3905.0 399.0 3903.0 444.0 3886.0 442.0 ship 0
3888.0 328.0 3903.0 328.0 3906.0 364.0 3891.0 364.0 ship 0
3694.0 384.0 3703.0 369.0 3747.0 401.0 3737.0 415.0 ship 0
3696.0 372.0 3691.0 390.0 3634.0 375.0 3639.0 356.0 ship 0
3639.0 386.0 3644.0 370.0 3690.0 389.0 3685.0 404.0 ship 0
3561.0 455.0 3576.0 465.0 3549.0 505.0 3535.0 495.0 ship 0
3496.0 532.0 3483.0 521.0 3530.0 475.0 3541.0 485.0 ship 0
3486.0 519.0 3471.0 507.0 3520.0 454.0 3535.0 468.0 ship 0
3494.0 448.0 3508.0 459.0 3484.0 495.0 3470.0 484.0 ship 0
3796.0 600.0 3790.0 622.0 3738.0 602.0 3745.0 580.0 ship 0
3852.0 437.0 3850.0 458.0 3799.0 452.0 3801.0 431.0 ship 0
475.0 1567.0 497.0 1583.0 479.0 1609.0 456.0 1595.0 roundabout 0
