imagesource:JL
gsd:0.72
3864.0 902.0 3909.0 902.0 3909.0 949.0 3864.0 949.0 roundabout 0
3261.0 1420.0 3304.0 1420.0 3304.0 1468.0 3261.0 1468.0 roundabout 0
3277.0 1169.0 3328.0 1169.0 3328.0 1225.0 3277.0 1225.0 roundabout 0
3182.0 3013.0 3197.0 3087.0 3221.0 3080.0 3201.0 3007.0 bridge 0
3248.0 2967.0 3297.0 3034.0 3318.0 3017.0 3267.0 2949.0 bridge 0
3295.0 2813.0 3372.0 2816.0 3373.0 2802.0 3294.0 2797.0 bridge 0
3726.0 2334.0 3711.0 2466.0 3737.0 2474.0 3746.0 2341.0 bridge 0
2503.0 2825.0 2513.0 2897.0 2526.0 2896.0 2512.0 2821.0 bridge 0
1394.0 1566.0 1400.0 1596.0 1427.0 1595.0 1422.0 1565.0 bridge 0
1244.0 2261.0 1334.0 2463.0 1414.0 2419.0 1318.0 2224.0 ground-track-field 0
637.0 1969.0 641.0 2010.0 661.0 2012.0 656.0 1976.0 bridge 0
