imagesource:JL
gsd:0.72
26.0 2532.0 70.0 2524.0 98.0 2700.0 50.0 2704.0 bridge 0
2721.0 3651.0 2764.0 3651.0 2764.0 3699.0 2721.0 3699.0 roundabout 0
817.0 3707.0 850.0 3707.0 850.0 3739.0 817.0 3739.0 roundabout 0
3967.0 3551.0 3998.0 3565.0 3985.0 3606.0 3955.0 3597.0 baseball-diamond 0
3949.0 3551.0 3914.0 3534.0 3901.0 3572.0 3944.0 3588.0 baseball-diamond 0
3958.0 3530.0 3915.0 3515.0 3933.0 3476.0 3972.0 3486.0 baseball-diamond 0
2372.0 1297.0 2481.0 1203.0 2462.0 1180.0 2357.0 1277.0 bridge 0
2770.0 2361.0 2893.0 2410.0 2902.0 2385.0 2777.0 2336.0 bridge 0
