imagesource:JL
gsd:0.72
667.0 1885.0 696.0 1885.0 696.0 1925.0 667.0 1925.0 roundabout 0
69.0 738.0 86.0 738.0 86.0 758.0 69.0 758.0 storage-tank 0
895.0 171.0 913.0 163.0 903.0 142.0 884.0 151.0 plane 0
880.0 142.0 897.0 134.0 887.0 113.0 869.0 124.0 plane 0
914.0 99.0 931.0 84.0 943.0 101.0 924.0 117.0 plane 0
967.0 89.0 982.0 78.0 994.0 95.0 976.0 105.0 plane 0
979.0 112.0 995.0 102.0 1003.0 118.0 986.0 127.0 plane 0
669.0 333.0 690.0 320.0 702.0 340.0 680.0 355.0 plane 0
722.0 355.0 738.0 346.0 746.0 360.0 729.0 370.0 plane 0
744.0 342.0 757.0 334.0 765.0 346.0 751.0 355.0 plane 0
763.0 330.0 779.0 318.0 787.0 333.0 771.0 344.0 plane 0
809.0 302.0 824.0 290.0 833.0 304.0 816.0 316.0 plane 0
1013.0 290.0 1031.0 277.0 1042.0 294.0 1023.0 306.0 plane 0
1038.0 272.0 1048.0 288.0 1064.0 278.0 1054.0 263.0 plane 0
1032.0 1520.0 1047.0 1520.0 1047.0 1534.0 1032.0 1534.0 storage-tank 0
1031.0 1537.0 1047.0 1537.0 1047.0 1552.0 1031.0 1552.0 storage-tank 0
2080.0 530.0 2059.0 613.0 2080.0 617.0 2095.0 534.0 bridge 0
2908.0 3149.0 2953.0 3139.0 2943.0 3094.0 2898.0 3101.0 bridge 0
2867.0 1450.0 2900.0 1455.0 2897.0 1480.0 2863.0 1474.0 bridge 0
377.0 14.0 407.0 14.0 407.0 50.0 377.0 50.0 roundabout 0
100.0 720.0 116.0 720.0 116.0 738.0 100.0 738.0 storage-tank 0
839.0 3765.0 876.0 3741.0 857.0 3707.0 816.0 3724.0 baseball-diamond 0
