imagesource:JL
gsd:0.72
2875.0 2934.0 2954.0 2915.0 2997.0 3112.0 2906.0 3128.0 ground-track-field 0
2825.0 1497.0 2853.0 1500.0 2848.0 1561.0 2819.0 1555.0 ground-track-field 0
1587.0 1922.0 1600.0 1920.0 1605.0 1970.0 1593.0 1970.0 bridge 0
812.0 101.0 885.0 127.0 880.0 149.0 806.0 118.0 bridge 0
927.0 1200.0 940.0 1201.0 945.0 1253.0 930.0 1252.0 bridge 0
789.0 2993.0 805.0 3058.0 819.0 3054.0 798.0 2988.0 bridge 0
775.0 3000.0 787.0 2993.0 803.0 3061.0 793.0 3065.0 bridge 0
919.0 3408.0 931.0 3398.0 1017.0 3534.0 1002.0 3541.0 bridge 0
