imagesource:JL
gsd:0.72
3038.0 2383.0 3041.0 2346.0 3086.0 2350.0 3082.0 2390.0 plane 0
1051.0 2337.0 1019.0 2334.0 1024.0 2290.0 1056.0 2294.0 plane 0
2774.0 2774.0 2785.0 2774.0 2785.0 2788.0 2774.0 2788.0 storage-tank 1
2788.0 2774.0 2800.0 2774.0 2800.0 2790.0 2788.0 2790.0 storage-tank 0
2778.0 2805.0 2798.0 2805.0 2798.0 2830.0 2778.0 2830.0 storage-tank 0
2863.0 2716.0 2875.0 2716.0 2875.0 2730.0 2863.0 2730.0 storage-tank 1
2862.0 2739.0 2874.0 2739.0 2874.0 2752.0 2862.0 2752.0 storage-tank 1
2867.0 2774.0 2881.0 2774.0 2881.0 2788.0 2867.0 2788.0 storage-tank 1
565.0 2274.0 536.0 2273.0 539.0 2235.0 567.0 2237.0 plane 0
783.0 2296.0 755.0 2293.0 759.0 2261.0 785.0 2263.0 plane 0
844.0 2310.0 792.0 2304.0 799.0 2246.0 850.0 2251.0 plane 0
911.0 2321.0 856.0 2315.0 863.0 2251.0 916.0 2256.0 plane 0
935.0 2123.0 942.0 2051.0 990.0 2056.0 984.0 2128.0 plane 0
877.0 2010.0 910.0 2011.0 910.0 2047.0 876.0 2046.0 plane 0
1154.0 2343.0 1123.0 2342.0 1127.0 2300.0 1157.0 2302.0 plane 0
2638.0 1636.0 2601.0 1572.0 2651.0 1540.0 2686.0 1602.0 plane 0
1219.0 2356.0 1188.0 2353.0 1191.0 2309.0 1222.0 2311.0 plane 0
1211.0 2180.0 1176.0 2170.0 1189.0 2126.0 1223.0 2135.0 plane 0
1374.0 2374.0 1340.0 2372.0 1342.0 2335.0 1376.0 2338.0 plane 0
1422.0 2385.0 1389.0 2382.0 1393.0 2340.0 1425.0 2343.0 plane 0
1546.0 2356.0 1549.0 2314.0 1583.0 2316.0 1581.0 2357.0 plane 0
1542.0 2465.0 1547.0 2400.0 1595.0 2404.0 1593.0 2469.0 plane 0
1800.0 2493.0 1768.0 2490.0 1770.0 2450.0 1802.0 2453.0 plane 0
1713.0 2348.0 1711.0 2384.0 1679.0 2380.0 1683.0 2343.0 plane 0
1898.0 2441.0 1863.0 2423.0 1882.0 2386.0 1915.0 2403.0 plane 0
1962.0 2529.0 1984.0 2473.0 2032.0 2493.0 2011.0 2552.0 plane 0
2076.0 2582.0 2079.0 2546.0 2114.0 2549.0 2111.0 2587.0 plane 0
2077.0 2509.0 2081.0 2469.0 2116.0 2473.0 2112.0 2514.0 plane 0
2777.0 2741.0 2800.0 2741.0 2800.0 2773.0 2777.0 2773.0 storage-tank 0
