imagesource:JL
gsd:0.72
3179.0 3199.0 3158.0 3137.0 3100.0 3159.0 3122.0 3217.0 baseball-diamond 0
1929.0 3465.0 1967.0 3522.0 1914.0 3556.0 1874.0 3501.0 baseball-diamond 0
2472.0 688.0 2537.0 632.0 2563.0 665.0 2496.0 715.0 ground-track-field 1
1732.0 868.0 1782.0 885.0 1744.0 960.0 1700.0 940.0 ground-track-field 1
1987.0 3857.0 2071.0 3829.0 2082.0 3869.0 1997.0 3892.0 ground-track-field 1
41.0 3851.0 56.0 3861.0 18.0 3907.0 3.0 3893.0 bridge 0
177.0 3676.0 201.0 3685.0 180.0 3722.0 158.0 3711.0 bridge 0
3888.0 3347.0 3908.0 3347.0 3908.0 3370.0 3888.0 3370.0 storage-tank 0
3852.0 3361.0 3876.0 3361.0 3876.0 3381.0 3852.0 3381.0 storage-tank 0
3829.0 3414.0 3849.0 3414.0 3849.0 3432.0 3829.0 3432.0 storage-tank 0
1782.0 3448.0 1869.0 3367.0 1906.0 3401.0 1817.0 3490.0 ground-track-field 0
