imagesource:JL
gsd:0.72
3287.0 3813.0 3346.0 3886.0 3279.0 3937.0 3219.0 3863.0 baseball-diamond 0
816.0 2926.0 871.0 2983.0 823.0 3032.0 772.0 2977.0 baseball-diamond 0
500.0 3892.0 519.0 3908.0 499.0 3927.0 484.0 3915.0 bridge 0
421.0 3055.0 567.0 2985.0 618.0 3079.0 471.0 3148.0 soccer-ball-field 0
106.0 3443.0 130.0 3458.0 120.0 3482.0 102.0 3476.0 bridge 0
382.0 3739.0 411.0 3753.0 387.0 3813.0 361.0 3802.0 bridge 0
740.0 3020.0 866.0 3015.0 870.0 3073.0 746.0 3079.0 ground-track-field 0
1056.0 2703.0 1121.0 2605.0 1170.0 2638.0 1101.0 2736.0 ground-track-field 0
