imagesource:JL
gsd:0.72
416.0 1846.0 439.0 1806.0 405.0 1786.0 384.0 1819.0 baseball-diamond 0
1970.0 3541.0 1995.0 3541.0 1995.0 3568.0 1970.0 3568.0 storage-tank 0
560.0 2752.0 676.0 2680.0 694.0 2710.0 576.0 2781.0 bridge 0
840.0 3127.0 925.0 3074.0 944.0 3112.0 857.0 3163.0 bridge 0
952.0 3342.0 1130.0 3286.0 1152.0 3320.0 968.0 3376.0 bridge 0
1146.0 3825.0 1326.0 3794.0 1337.0 3855.0 1157.0 3885.0 bridge 0
1088.0 3502.0 1224.0 3435.0 1241.0 3459.0 1103.0 3521.0 bridge 0
1987.0 3011.0 2048.0 3011.0 2048.0 3064.0 1987.0 3064.0 roundabout 0
1990.0 3552.0 2011.0 3552.0 2011.0 3573.0 1990.0 3573.0 storage-tank 0
1152.0 787.0 1157.0 741.0 1115.0 738.0 1111.0 784.0 baseball-diamond 0
956.0 731.0 991.0 722.0 1000.0 756.0 965.0 762.0 baseball-diamond 0
433.0 1652.0 420.0 1668.0 438.0 1686.0 453.0 1672.0 baseball-diamond 0
1996.0 896.0 2016.0 871.0 2046.0 899.0 2025.0 924.0 baseball-diamond 0
2008.0 495.0 2036.0 494.0 2035.0 524.0 2008.0 523.0 baseball-diamond 0
1903.0 600.0 1930.0 599.0 1929.0 632.0 1902.0 632.0 baseball-diamond 0
1011.0 941.0 1050.0 933.0 1043.0 894.0 998.0 898.0 baseball-diamond 0
423.0 2624.0 508.0 2495.0 488.0 2476.0 407.0 2608.0 bridge 0
