imagesource:JL
gsd:0.72
4091.0 3899.0 4138.0 3883.0 4152.0 3933.0 4106.0 3947.0 baseball-diamond 0
2092.0 918.0 2082.0 870.0 2127.0 860.0 2137.0 908.0 baseball-diamond 0
2054.0 790.0 2098.0 779.0 2109.0 825.0 2066.0 836.0 baseball-diamond 0
971.0 3963.0 963.0 3926.0 929.0 3933.0 936.0 3973.0 baseball-diamond 0
821.0 1485.0 799.0 1532.0 751.0 1509.0 776.0 1461.0 baseball-diamond 0
712.0 1610.0 757.0 1609.0 756.0 1564.0 709.0 1562.0 baseball-diamond 0
390.0 1567.0 431.0 1596.0 455.0 1550.0 416.0 1522.0 baseball-diamond 0
613.0 1543.0 656.0 1570.0 684.0 1525.0 636.0 1493.0 baseball-diamond 0
1706.0 212.0 1740.0 205.0 1747.0 239.0 1715.0 248.0 baseball-diamond 0
760.0 3929.0 783.0 3923.0 790.0 3950.0 768.0 3956.0 baseball-diamond 0
761.0 3821.0 780.0 3819.0 786.0 3865.0 764.0 3868.0 ground-track-field 0
881.0 3748.0 908.0 3740.0 913.0 3770.0 888.0 3775.0 baseball-diamond 0
915.0 2017.0 934.0 2008.0 943.0 2032.0 923.0 2037.0 baseball-diamond 0
794.0 2052.0 828.0 2044.0 839.0 2078.0 807.0 2086.0 baseball-diamond 0
675.0 2086.0 771.0 2064.0 837.0 2284.0 740.0 2307.0 ground-track-field 0
