imagesource:JL
gsd:0.72
1136.0 2626.0 1200.0 2576.0 1302.0 2713.0 1235.0 2761.0 harbor 0
3541.0 901.0 3630.0 875.0 3684.0 1108.0 3592.0 1133.0 harbor 0
3886.0 350.0 4136.0 508.0 4200.0 394.0 3961.0 236.0 harbor 0
3781.0 547.0 3985.0 715.0 4055.0 611.0 3856.0 451.0 harbor 0
3761.0 567.0 3961.0 746.0 3903.0 827.0 3704.0 658.0 harbor 0
3687.0 739.0 3823.0 875.0 3869.0 820.0 3731.0 691.0 harbor 0
3631.0 799.0 3770.0 936.0 3816.0 891.0 3679.0 747.0 harbor 0
1285.0 2519.0 1377.0 2650.0 1429.0 2611.0 1336.0 2480.0 harbor 0
1221.0 2578.0 1308.0 2705.0 1378.0 2665.0 1292.0 2532.0 harbor 0
