imagesource:JL
gsd:0.72
3821.0 2987.0 3779.0 2960.0 3807.0 2922.0 3846.0 2947.0 plane 0
3781.0 3047.0 3738.0 3019.0 3764.0 2979.0 3807.0 3006.0 plane 0
2751.0 1636.0 2791.0 1632.0 2792.0 1672.0 2751.0 1673.0 storage-tank 0
2804.0 1627.0 2823.0 1628.0 2825.0 1646.0 2803.0 1646.0 storage-tank 0
2783.0 1613.0 2803.0 1615.0 2807.0 1637.0 2782.0 1635.0 storage-tank 0
2828.0 1595.0 2846.0 1595.0 2846.0 1618.0 2825.0 1618.0 storage-tank 0
2804.0 1581.0 2824.0 1581.0 2824.0 1608.0 2804.0 1605.0 storage-tank 0
2875.0 1466.0 2903.0 1465.0 2902.0 1491.0 2874.0 1491.0 storage-tank 0
3487.0 1440.0 3503.0 1408.0 3556.0 1433.0 3534.0 1463.0 plane 0
3639.0 3121.0 3668.0 3075.0 3716.0 3104.0 3684.0 3154.0 plane 0
3668.0 3069.0 3696.0 3030.0 3733.0 3058.0 3702.0 3101.0 plane 0
3683.0 3106.0 3720.0 3063.0 3760.0 3087.0 3726.0 3132.0 plane 0
3292.0 1323.0 3256.0 1300.0 3273.0 1264.0 3316.0 1290.0 plane 0
3736.0 3030.0 3780.0 3056.0 3741.0 3104.0 3702.0 3076.0 plane 0
3463.0 1306.0 3480.0 1262.0 3529.0 1280.0 3513.0 1325.0 plane 0
3741.0 1807.0 3766.0 1778.0 3800.0 1804.0 3774.0 1835.0 plane 0
3838.0 2807.0 3801.0 2782.0 3836.0 2730.0 3874.0 2756.0 plane 0
3589.0 2963.0 3624.0 2986.0 3586.0 3040.0 3553.0 3016.0 plane 0
3616.0 3048.0 3581.0 3023.0 3613.0 2974.0 3650.0 2998.0 plane 0
3635.0 2991.0 3671.0 3016.0 3633.0 3071.0 3596.0 3044.0 plane 0
3660.0 3089.0 3619.0 3057.0 3655.0 3009.0 3694.0 3039.0 plane 0
3690.0 3030.0 3656.0 3006.0 3678.0 2979.0 3711.0 3001.0 plane 0
3705.0 3052.0 3675.0 3026.0 3694.0 3002.0 3724.0 3025.0 plane 0
2728.0 1671.0 2765.0 1671.0 2765.0 1704.0 2725.0 1705.0 storage-tank 0
