imagesource:JL
gsd:0.72
2587.0 1605.0 2601.0 1614.0 2520.0 1726.0 2501.0 1716.0 bridge 0
2324.0 2559.0 2369.0 2546.0 2374.0 2562.0 2331.0 2580.0 bridge 0
2834.0 1339.0 2899.0 1312.0 2909.0 1333.0 2846.0 1360.0 bridge 0
2847.0 1366.0 2921.0 1331.0 2932.0 1361.0 2859.0 1392.0 bridge 0
3614.0 2129.0 3646.0 2139.0 3625.0 2240.0 3597.0 2234.0 bridge 0
3221.0 3385.0 3268.0 3385.0 3268.0 3439.0 3221.0 3439.0 storage-tank 0
3255.0 3433.0 3303.0 3433.0 3303.0 3484.0 3255.0 3484.0 storage-tank 0
1982.0 3524.0 2038.0 3504.0 2051.0 3532.0 1991.0 3556.0 bridge 0
1810.0 2720.0 1853.0 2710.0 1855.0 2723.0 1813.0 2732.0 bridge 0
1762.0 2522.0 1794.0 2489.0 1801.0 2498.0 1771.0 2531.0 bridge 0
2131.0 2071.0 2164.0 2027.0 2172.0 2033.0 2140.0 2074.0 bridge 0
2144.0 2092.0 2177.0 2048.0 2183.0 2053.0 2149.0 2099.0 bridge 0
2152.0 2108.0 2186.0 2068.0 2196.0 2081.0 2159.0 2126.0 bridge 0
2164.0 2135.0 2197.0 2091.0 2207.0 2105.0 2173.0 2152.0 bridge 0
2173.0 2167.0 2204.0 2130.0 2211.0 2137.0 2181.0 2179.0 bridge 0
2255.0 2399.0 2295.0 2352.0 2301.0 2358.0 2262.0 2407.0 bridge 0
2471.0 2743.0 2497.0 2739.0 2514.0 2820.0 2490.0 2821.0 bridge 0
2570.0 1583.0 2583.0 1594.0 2495.0 1707.0 2477.0 1696.0 bridge 0
2815.0 3014.0 2840.0 2988.0 2851.0 2997.0 2826.0 3023.0 bridge 0
3054.0 3290.0 3080.0 3260.0 3090.0 3268.0 3065.0 3300.0 bridge 0
3131.0 3391.0 3162.0 3349.0 3189.0 3383.0 3155.0 3425.0 bridge 0
3138.0 3106.0 3204.0 3192.0 3168.0 3238.0 3102.0 3149.0 soccer-ball-field 0
3945.0 1494.0 3999.0 1518.0 3973.0 1645.0 3912.0 1610.0 soccer-ball-field 0
2969.0 3118.0 2997.0 3143.0 2958.0 3186.0 2928.0 3154.0 bridge 0
1036.0 3164.0 1046.0 3154.0 1079.0 3194.0 1068.0 3204.0 bridge 0
1050.0 3150.0 1061.0 3142.0 1092.0 3184.0 1082.0 3193.0 bridge 0
1813.0 2530.0 1839.0 2568.0 1787.0 2614.0 1759.0 2580.0 bridge 0
581.0 2658.0 583.0 2696.0 562.0 2694.0 561.0 2659.0 bridge 0
2230.0 1089.0 2244.0 1087.0 2250.0 1123.0 2237.0 1125.0 bridge 0
2159.0 1149.0 2167.0 1144.0 2174.0 1173.0 2167.0 1177.0 bridge 0
2342.0 1916.0 2355.0 1928.0 2308.0 1990.0 2294.0 1978.0 bridge 0
2335.0 1880.0 2352.0 1894.0 2303.0 1956.0 2287.0 1947.0 bridge 0
3591.0 404.0 3641.0 404.0 3641.0 456.0 3591.0 456.0 storage-tank 0
