imagesource:JL
gsd:0.72
3544.0 733.0 3636.0 714.0 3642.0 757.0 3551.0 775.0 bridge 0
3532.0 568.0 3551.0 588.0 3596.0 535.0 3574.0 510.0 bridge 0
3015.0 3957.0 3058.0 3945.0 3066.0 3991.0 3023.0 3997.0 baseball-diamond 0
3086.0 3836.0 3128.0 3823.0 3141.0 3878.0 3098.0 3892.0 baseball-diamond 0
3029.0 3859.0 3060.0 3848.0 3069.0 3889.0 3039.0 3904.0 baseball-diamond 0
2377.0 589.0 2417.0 578.0 2430.0 630.0 2391.0 643.0 baseball-diamond 0
2373.0 572.0 2412.0 559.0 2401.0 521.0 2358.0 529.0 baseball-diamond 1
2360.0 595.0 2321.0 605.0 2333.0 645.0 2374.0 635.0 baseball-diamond 0
859.0 2111.0 891.0 2112.0 890.0 2078.0 856.0 2076.0 baseball-diamond 0
655.0 2103.0 615.0 2100.0 612.0 2143.0 653.0 2147.0 baseball-diamond 0
2410.0 3357.0 2424.0 3357.0 2424.0 3374.0 2410.0 3374.0 storage-tank 0
2356.0 570.0 2347.0 538.0 2317.0 543.0 2325.0 583.0 baseball-diamond 0
3164.0 3708.0 3222.0 3695.0 3263.0 3868.0 3207.0 3889.0 ground-track-field 0
979.0 3530.0 1014.0 3530.0 1016.0 3565.0 981.0 3562.0 storage-tank 0
572.0 2307.0 577.0 2261.0 624.0 2270.0 616.0 2322.0 baseball-diamond 0
846.0 2125.0 882.0 2125.0 880.0 2175.0 849.0 2172.0 baseball-diamond 0
