imagesource:JL
gsd:0.72
2495.0 4227.0 2513.0 4184.0 2483.0 4160.0 2462.0 4202.0 baseball-diamond 0
3736.0 2091.0 3688.0 2081.0 3681.0 2133.0 3730.0 2147.0 baseball-diamond 0
358.0 3080.0 410.0 3058.0 419.0 3082.0 366.0 3104.0 bridge 0
291.0 4256.0 314.0 4236.0 328.0 4271.0 309.0 4281.0 baseball-diamond 0
2165.0 4762.0 2235.0 4740.0 2283.0 4913.0 2218.0 4938.0 ground-track-field 0
2524.0 4833.0 2537.0 4803.0 2560.0 4834.0 2547.0 4860.0 baseball-diamond 0
3081.0 1213.0 3115.0 1201.0 3104.0 1165.0 3067.0 1179.0 baseball-diamond 0
3213.0 63.0 3192.0 28.0 3217.0 16.0 3244.0 45.0 baseball-diamond 0
3538.0 492.0 3568.0 474.0 3578.0 507.0 3549.0 521.0 baseball-diamond 0
3605.0 478.0 3745.0 485.0 3745.0 567.0 3604.0 561.0 ground-track-field 0
3929.0 2052.0 4049.0 2016.0 4068.0 2084.0 3944.0 2123.0 ground-track-field 0
731.0 2194.0 812.0 2194.0 812.0 2289.0 731.0 2289.0 storage-tank 0
713.0 2296.0 794.0 2296.0 794.0 2390.0 713.0 2390.0 storage-tank 0
2575.0 4186.0 2592.0 4151.0 2563.0 4133.0 2543.0 4170.0 baseball-diamond 0
2637.0 4865.0 2613.0 4848.0 2600.0 4886.0 2627.0 4902.0 baseball-diamond 0
2397.0 4891.0 2425.0 4872.0 2435.0 4915.0 2407.0 4932.0 baseball-diamond 0
3099.0 49.0 3145.0 4.0 3214.0 100.0 3175.0 151.0 ground-track-field 0
3015.0 225.0 3037.0 245.0 3022.0 271.0 2995.0 256.0 baseball-diamond 0
3090.0 1043.0 3122.0 1073.0 3142.0 1026.0 3109.0 999.0 baseball-diamond 0
4015.0 3643.0 4042.0 3634.0 4034.0 3596.0 4004.0 3601.0 baseball-diamond 1
4117.0 3605.0 4109.0 3572.0 4078.0 3580.0 4087.0 3617.0 baseball-diamond 1
1066.0 1760.0 1098.0 1757.0 1102.0 1796.0 1069.0 1798.0 storage-tank 0
