imagesource:JL
gsd:0.72
2975.0 502.0 2981.0 459.0 2952.0 452.0 2945.0 494.0 baseball-diamond 0
406.0 1926.0 365.0 1931.0 374.0 1982.0 417.0 1975.0 baseball-diamond 0
301.0 439.0 331.0 430.0 322.0 390.0 288.0 399.0 baseball-diamond 0
288.0 441.0 279.0 407.0 250.0 416.0 259.0 455.0 baseball-diamond 0
385.0 409.0 374.0 372.0 344.0 380.0 354.0 422.0 baseball-diamond 0
3058.0 412.0 3092.0 413.0 3088.0 457.0 3058.0 456.0 baseball-diamond 0
2682.0 437.0 2757.0 363.0 2794.0 417.0 2724.0 495.0 soccer-ball-field 1
2536.0 1353.0 2564.0 1386.0 2537.0 1407.0 2512.0 1381.0 baseball-diamond 0
2380.0 1250.0 2424.0 1211.0 2498.0 1327.0 2455.0 1365.0 ground-track-field 0
329.0 2125.0 365.0 2111.0 354.0 2073.0 319.0 2085.0 baseball-diamond 0
120.0 501.0 116.0 462.0 151.0 460.0 155.0 498.0 baseball-diamond 0
