imagesource:JL
gsd:0.72
608.0 2190.0 596.0 2195.0 589.0 2183.0 599.0 2175.0 ship 1
1018.0 2756.0 1005.0 2761.0 996.0 2738.0 1008.0 2731.0 ship 1
860.0 3153.0 850.0 3153.0 846.0 3127.0 856.0 3127.0 ship 1
3558.0 414.0 3571.0 451.0 3538.0 459.0 3524.0 421.0 baseball-diamond 0
3904.0 1368.0 3930.0 1332.0 3900.0 1299.0 3868.0 1336.0 baseball-diamond 0
1794.0 2419.0 1779.0 2378.0 1975.0 2315.0 1990.0 2354.0 harbor 0
3502.0 574.0 3538.0 559.0 3526.0 522.0 3484.0 532.0 baseball-diamond 0
3821.0 1012.0 3887.0 1236.0 3971.0 1215.0 3903.0 985.0 ground-track-field 0
3792.0 1466.0 3856.0 1444.0 3832.0 1383.0 3771.0 1405.0 baseball-diamond 0
1644.0 2430.0 1652.0 2463.0 1788.0 2429.0 1778.0 2395.0 ship 0
