imagesource:JL
gsd:0.72
2141.0 2641.0 2179.0 2638.0 2172.0 2741.0 2138.0 2744.0 bridge 0
2566.0 2425.0 2608.0 2406.0 2642.0 2495.0 2603.0 2514.0 bridge 0
1348.0 1199.0 1370.0 1200.0 1351.0 1341.0 1330.0 1337.0 bridge 0
1846.0 877.0 1808.0 837.0 1845.0 800.0 1882.0 839.0 plane 0
1793.0 814.0 1761.0 783.0 1791.0 748.0 1825.0 778.0 plane 0
1757.0 756.0 1717.0 712.0 1753.0 674.0 1794.0 716.0 plane 0
1555.0 641.0 1585.0 666.0 1561.0 706.0 1532.0 682.0 plane 0
1218.0 224.0 1212.0 260.0 1241.0 275.0 1250.0 237.0 plane 0
1257.0 228.0 1238.0 262.0 1280.0 283.0 1296.0 243.0 plane 0
1296.0 223.0 1269.0 260.0 1309.0 280.0 1328.0 245.0 plane 0
1672.0 657.0 1712.0 712.0 1750.0 675.0 1712.0 626.0 plane 0
1682.0 799.0 1649.0 826.0 1674.0 855.0 1708.0 830.0 plane 0
1606.0 761.0 1629.0 733.0 1656.0 767.0 1627.0 796.0 plane 0
1656.0 1284.0 1627.0 1392.0 1645.0 1395.0 1674.0 1291.0 bridge 0
606.0 655.0 623.0 692.0 632.0 685.0 615.0 650.0 ship 0
563.0 665.0 604.0 762.0 648.0 740.0 597.0 643.0 harbor 0
