imagesource:JL
gsd:0.72
2846.0 341.0 2841.0 305.0 3046.0 282.0 3050.0 320.0 bridge 0
2741.0 448.0 2749.0 419.0 2832.0 445.0 2826.0 474.0 bridge 0
3115.0 58.0 3136.0 45.0 3180.0 97.0 3161.0 111.0 bridge 0
3313.0 1482.0 3345.0 1482.0 3345.0 1516.0 3313.0 1516.0 roundabout 1
3222.0 1397.0 3254.0 1397.0 3254.0 1432.0 3222.0 1432.0 roundabout 0
3735.0 1998.0 3759.0 2003.0 3731.0 2185.0 3707.0 2181.0 bridge 0
3779.0 1990.0 3805.0 1995.0 3782.0 2155.0 3755.0 2149.0 bridge 0
3680.0 3259.0 3719.0 3259.0 3719.0 3300.0 3680.0 3300.0 roundabout 0
2652.0 780.0 2756.0 773.0 2758.0 821.0 2654.0 828.0 bridge 0
1464.0 541.0 1680.0 452.0 1745.0 591.0 1524.0 682.0 ground-track-field 0
1370.0 3325.0 1393.0 3325.0 1393.0 3349.0 1370.0 3349.0 roundabout 0
906.0 1167.0 937.0 1167.0 937.0 1199.0 906.0 1199.0 roundabout 0
626.0 386.0 651.0 386.0 651.0 413.0 626.0 413.0 storage-tank 0
