imagesource:JL
gsd:0.72
3223.0 904.0 3206.0 946.0 3163.0 926.0 3180.0 885.0 plane 0
3586.0 1596.0 3599.0 1561.0 3639.0 1574.0 3626.0 1610.0 plane 0
3989.0 3478.0 4024.0 3478.0 4024.0 3521.0 3989.0 3521.0 storage-tank 0
3941.0 3492.0 3984.0 3492.0 3984.0 3542.0 3941.0 3542.0 storage-tank 0
3909.0 3452.0 3944.0 3452.0 3944.0 3492.0 3909.0 3492.0 storage-tank 0
3863.0 3465.0 3905.0 3465.0 3905.0 3507.0 3863.0 3507.0 storage-tank 0
3892.0 3510.0 3934.0 3510.0 3934.0 3559.0 3892.0 3559.0 storage-tank 0
3887.0 2431.0 3870.0 2467.0 3902.0 2485.0 3919.0 2444.0 plane 0
4023.0 2488.0 4010.0 2521.0 4045.0 2537.0 4058.0 2503.0 plane 0
4080.0 2510.0 4044.0 2539.0 4065.0 2575.0 4106.0 2540.0 plane 0
4146.0 2709.0 4121.0 2762.0 4177.0 2796.0 4199.0 2732.0 plane 0
1188.0 103.0 1132.0 115.0 1149.0 167.0 1201.0 152.0 baseball-diamond 0
1180.0 93.0 1131.0 109.0 1113.0 57.0 1169.0 44.0 baseball-diamond 0
972.0 137.0 1041.0 118.0 1022.0 60.0 958.0 73.0 baseball-diamond 0
792.0 255.0 960.0 205.0 931.0 94.0 753.0 153.0 ground-track-field 0
3745.0 3816.0 3728.0 3768.0 3772.0 3752.0 3788.0 3799.0 plane 0
3220.0 428.0 3223.0 463.0 3180.0 465.0 3177.0 429.0 plane 0
3479.0 1452.0 3447.0 1433.0 3470.0 1389.0 3503.0 1409.0 plane 0
3563.0 1500.0 3534.0 1481.0 3555.0 1445.0 3585.0 1462.0 plane 0
3947.0 3434.0 3986.0 3434.0 3986.0 3480.0 3947.0 3480.0 storage-tank 0
3913.0 3386.0 3955.0 3386.0 3955.0 3438.0 3913.0 3438.0 storage-tank 0
3861.0 3404.0 3906.0 3404.0 3906.0 3456.0 3861.0 3456.0 storage-tank 0
3603.0 2576.0 3581.0 2618.0 3620.0 2640.0 3639.0 2594.0 plane 0
3527.0 205.0 3559.0 205.0 3559.0 242.0 3527.0 242.0 storage-tank 0
2937.0 1161.0 2942.0 1209.0 2978.0 1199.0 2971.0 1152.0 plane 0
3175.0 740.0 3135.0 790.0 3186.0 825.0 3223.0 775.0 plane 0
3402.0 1539.0 3365.0 1554.0 3380.0 1594.0 3422.0 1573.0 plane 0
2243.0 1100.0 2224.0 1132.0 2251.0 1147.0 2270.0 1113.0 plane 0
2210.0 1176.0 2206.0 1190.0 2230.0 1201.0 2233.0 1183.0 plane 0
3531.0 1638.0 3536.0 1676.0 3573.0 1668.0 3565.0 1630.0 plane 0
3634.0 2577.0 3668.0 2576.0 3671.0 2616.0 3631.0 2619.0 plane 0
3614.0 3766.0 3629.0 3807.0 3658.0 3793.0 3643.0 3751.0 plane 0
3663.0 2552.0 3676.0 2599.0 3712.0 2588.0 3693.0 2544.0 plane 0
3743.0 2340.0 3731.0 2375.0 3760.0 2389.0 3771.0 2351.0 plane 0
3793.0 2377.0 3776.0 2413.0 3805.0 2427.0 3818.0 2392.0 plane 0
3802.0 2478.0 3781.0 2517.0 3818.0 2540.0 3837.0 2496.0 plane 0
3707.0 2807.0 3635.0 2835.0 3666.0 2906.0 3741.0 2860.0 plane 0
3705.0 2866.0 3664.0 2947.0 3733.0 2978.0 3762.0 2887.0 plane 0
3823.0 2826.0 3847.0 2908.0 3914.0 2883.0 3885.0 2800.0 plane 0
3604.0 1567.0 3595.0 1524.0 3640.0 1516.0 3650.0 1557.0 plane 0
3560.0 1623.0 3586.0 1604.0 3613.0 1637.0 3583.0 1659.0 plane 0
2819.0 2993.0 2831.0 3034.0 2792.0 3042.0 2782.0 3000.0 plane 0
3741.0 1730.0 3713.0 1762.0 3680.0 1726.0 3709.0 1697.0 plane 0
3664.0 2493.0 3666.0 2452.0 3709.0 2454.0 3708.0 2496.0 plane 0
3635.0 2381.0 3642.0 2352.0 3672.0 2359.0 3665.0 2387.0 plane 0
3660.0 2633.0 3688.0 2701.0 3614.0 2727.0 3590.0 2660.0 plane 0
3720.0 2763.0 3699.0 2832.0 3626.0 2806.0 3650.0 2740.0 plane 0
3788.0 2735.0 3741.0 2798.0 3677.0 2747.0 3723.0 2687.0 plane 0
3837.0 2699.0 3795.0 2742.0 3746.0 2694.0 3784.0 2651.0 plane 0
3890.0 2681.0 3834.0 2636.0 3872.0 2587.0 3931.0 2632.0 plane 0
3565.0 2963.0 3531.0 2973.0 3521.0 2932.0 3555.0 2923.0 plane 0
3686.0 3210.0 3633.0 3258.0 3583.0 3200.0 3636.0 3154.0 plane 0
3728.0 3331.0 3696.0 3340.0 3683.0 3301.0 3718.0 3291.0 plane 0
3846.0 3256.0 3861.0 3303.0 3808.0 3320.0 3794.0 3270.0 plane 0
3808.0 3690.0 3776.0 3688.0 3778.0 3642.0 3808.0 3644.0 plane 0
3797.0 3579.0 3758.0 3590.0 3747.0 3550.0 3786.0 3540.0 plane 0
3761.0 3462.0 3729.0 3470.0 3720.0 3430.0 3753.0 3420.0 plane 0
4109.0 2567.0 4121.0 2603.0 4085.0 2623.0 4071.0 2588.0 plane 0
4137.0 2630.0 4137.0 2682.0 4081.0 2678.0 4084.0 2626.0 plane 0
4015.0 2593.0 3993.0 2635.0 3944.0 2607.0 3965.0 2564.0 plane 0
3667.0 2534.0 3681.0 2496.0 3724.0 2514.0 3707.0 2554.0 plane 0
3594.0 2473.0 3607.0 2518.0 3557.0 2531.0 3545.0 2486.0 plane 0
3576.0 2416.0 3585.0 2445.0 3551.0 2457.0 3542.0 2430.0 plane 0
3414.0 1925.0 3424.0 1958.0 3393.0 1967.0 3385.0 1931.0 plane 0
3609.0 1790.0 3569.0 1803.0 3556.0 1759.0 3592.0 1748.0 plane 0
3340.0 1842.0 3308.0 1848.0 3300.0 1808.0 3333.0 1801.0 plane 0
3422.0 1782.0 3386.0 1792.0 3373.0 1745.0 3409.0 1735.0 plane 0
3446.0 1810.0 3409.0 1798.0 3422.0 1751.0 3460.0 1764.0 plane 0
3487.0 1824.0 3448.0 1809.0 3464.0 1767.0 3502.0 1784.0 plane 0
3516.0 1850.0 3482.0 1816.0 3505.0 1787.0 3539.0 1820.0 plane 0
3394.0 1843.0 3405.0 1881.0 3373.0 1888.0 3365.0 1852.0 plane 0
3426.0 1966.0 3435.0 2003.0 3405.0 2010.0 3396.0 1975.0 plane 0
3572.0 2359.0 3564.0 2407.0 3508.0 2396.0 3519.0 2348.0 plane 0
3512.0 1936.0 3501.0 1896.0 3545.0 1884.0 3554.0 1925.0 plane 0
3703.0 1838.0 3687.0 1878.0 3643.0 1853.0 3658.0 1816.0 plane 0
3678.0 1879.0 3660.0 1920.0 3622.0 1897.0 3638.0 1858.0 plane 0
3644.0 1978.0 3618.0 2014.0 3580.0 1978.0 3604.0 1945.0 plane 0
3494.0 2048.0 3503.0 2086.0 3469.0 2092.0 3462.0 2056.0 plane 0
3604.0 2269.0 3591.0 2297.0 3560.0 2277.0 3576.0 2251.0 plane 0
3596.0 2316.0 3575.0 2359.0 3521.0 2326.0 3545.0 2285.0 plane 0
343.0 1092.0 382.0 1264.0 464.0 1239.0 418.0 1062.0 ground-track-field 0
