imagesource:JL
gsd:0.72
2953.0 3098.0 2962.0 3050.0 3007.0 3057.0 3000.0 3106.0 plane 0
3123.0 3340.0 3129.0 3300.0 3163.0 3304.0 3159.0 3346.0 plane 0
2950.0 3287.0 2956.0 3250.0 2993.0 3254.0 2989.0 3295.0 plane 0
3064.0 3436.0 3012.0 3428.0 3020.0 3366.0 3070.0 3373.0 plane 0
3083.0 3637.0 3091.0 3598.0 3125.0 3604.0 3119.0 3644.0 plane 0
2854.0 3874.0 2862.0 3832.0 2905.0 3840.0 2899.0 3883.0 plane 0
2845.0 3932.0 2852.0 3885.0 2895.0 3894.0 2888.0 3939.0 plane 0
2590.0 3508.0 2642.0 3508.0 2642.0 3566.0 2590.0 3566.0 roundabout 0
2722.0 1866.0 2776.0 1866.0 2776.0 1924.0 2722.0 1924.0 roundabout 0
2532.0 1838.0 2590.0 1838.0 2590.0 1895.0 2532.0 1895.0 roundabout 0
2016.0 400.0 2072.0 400.0 2072.0 456.0 2016.0 456.0 roundabout 0
