imagesource:GoogleEarth
gsd:0.106904450938
204.0 1029.0 203.0 1049.0 170.0 1049.0 168.0 1028.0 small-vehicle 0
208.0 985.0 208.0 1006.0 170.0 1004.0 169.0 986.0 small-vehicle 0
33.0 195.0 51.0 195.0 51.0 234.0 33.0 235.0 small-vehicle 0
55.0 202.0 74.0 201.0 76.0 243.0 56.0 244.0 small-vehicle 0
81.0 203.0 98.0 203.0 99.0 244.0 80.0 245.0 small-vehicle 0
29.0 111.0 50.0 110.0 50.0 148.0 30.0 149.0 small-vehicle 0
57.0 111.0 75.0 111.0 76.0 151.0 56.0 151.0 small-vehicle 0
82.0 111.0 101.0 111.0 100.0 150.0 82.0 149.0 small-vehicle 0
369.0 538.0 400.0 538.0 404.0 703.0 373.0 704.0 large-vehicle 0
456.0 532.0 484.0 532.0 482.0 692.0 452.0 692.0 large-vehicle 0
535.0 524.0 565.0 525.0 565.0 687.0 534.0 686.0 large-vehicle 0
566.0 449.0 538.0 447.0 541.0 379.0 567.0 379.0 large-vehicle 0
590.0 445.0 565.0 445.0 567.0 382.0 591.0 383.0 large-vehicle 0
644.0 451.0 614.0 452.0 615.0 373.0 640.0 374.0 large-vehicle 0
679.0 446.0 651.0 449.0 643.0 366.0 673.0 362.0 large-vehicle 0
767.0 434.0 739.0 438.0 732.0 366.0 759.0 365.0 large-vehicle 0
712.0 440.0 682.0 443.0 676.0 366.0 704.0 363.0 large-vehicle 0
761.0 464.0 759.0 436.0 835.0 423.0 839.0 452.0 large-vehicle 0
698.0 557.0 731.0 558.0 729.0 668.0 697.0 666.0 large-vehicle 0
734.0 586.0 760.0 586.0 760.0 686.0 732.0 685.0 large-vehicle 0
763.0 589.0 791.0 587.0 796.0 684.0 769.0 688.0 large-vehicle 0
793.0 608.0 819.0 605.0 827.0 683.0 800.0 687.0 large-vehicle 0
817.0 592.0 845.0 587.0 856.0 675.0 829.0 680.0 large-vehicle 0
842.0 576.0 870.0 572.0 887.0 669.0 856.0 672.0 large-vehicle 0
1012.0 634.0 984.0 639.0 972.0 555.0 1000.0 552.0 large-vehicle 0
10.0 198.0 28.0 197.0 30.0 243.0 11.0 245.0 small-vehicle 0
54.0 249.0 72.0 249.0 72.0 289.0 52.0 291.0 small-vehicle 0
12.0 244.0 29.0 244.0 29.0 285.0 11.0 285.0 small-vehicle 0
938.0 690.0 934.0 668.0 977.0 660.0 982.0 681.0 small-vehicle 0
67.0 954.0 87.0 953.0 89.0 993.0 69.0 995.0 small-vehicle 0
1026.0 651.0 1031.0 672.0 993.0 678.0 988.0 658.0 small-vehicle 0
1022.0 463.0 997.0 470.0 984.0 385.0 1010.0 380.0 large-vehicle 0
1091.0 585.0 1069.0 589.0 1053.0 513.0 1077.0 510.0 large-vehicle 0
182.0 302.0 184.0 319.0 150.0 323.0 148.0 306.0 small-vehicle 0
424.0 209.0 423.0 190.0 464.0 189.0 466.0 208.0 small-vehicle 0
4.0 65.0 26.0 66.0 25.0 111.0 2.0 110.0 small-vehicle 0
190.0 300.0 190.0 283.0 234.0 284.0 233.0 304.0 small-vehicle 0
56.0 778.0 73.0 777.0 74.0 814.0 56.0 815.0 small-vehicle 0
262.0 576.0 263.0 555.0 304.0 555.0 303.0 577.0 small-vehicle 0
80.0 643.0 99.0 641.0 98.0 684.0 79.0 685.0 small-vehicle 0
308.0 608.0 308.0 631.0 269.0 628.0 269.0 608.0 small-vehicle 0
199.0 586.0 199.0 608.0 156.0 608.0 156.0 586.0 small-vehicle 0
30.0 350.0 50.0 350.0 51.0 387.0 29.0 387.0 small-vehicle 0
56.0 347.0 74.0 347.0 77.0 392.0 58.0 392.0 small-vehicle 0
158.0 278.0 158.0 260.0 194.0 260.0 193.0 277.0 small-vehicle 0
191.0 323.0 191.0 303.0 238.0 302.0 238.0 323.0 small-vehicle 0
