imagesource:GoogleEarth
gsd:0.10688770602
1033.0 187.0 1032.0 203.0 989.0 204.0 990.0 186.0 small-vehicle 1
590.0 605.0 569.0 612.0 550.0 556.0 571.0 549.0 small-vehicle 0
363.0 407.0 353.0 388.0 386.0 366.0 397.0 385.0 small-vehicle 0
317.0 436.0 306.0 419.0 340.0 395.0 351.0 413.0 small-vehicle 0
268.0 470.0 254.0 453.0 294.0 426.0 306.0 445.0 small-vehicle 0
201.0 491.0 214.0 510.0 175.0 535.0 163.0 518.0 small-vehicle 0
104.0 584.0 93.0 568.0 128.0 545.0 138.0 563.0 small-vehicle 0
54.0 451.0 35.0 454.0 31.0 416.0 48.0 413.0 small-vehicle 0
39.0 463.0 26.0 476.0 1.0 438.0 12.0 427.0 small-vehicle 0
43.0 531.0 33.0 517.0 66.0 491.0 78.0 509.0 small-vehicle 0
442.0 601.0 463.0 591.0 486.0 651.0 467.0 659.0 small-vehicle 0
467.0 588.0 488.0 580.0 511.0 641.0 491.0 648.0 small-vehicle 0
520.0 562.0 544.0 553.0 563.0 615.0 542.0 624.0 small-vehicle 0
757.0 535.0 740.0 541.0 724.0 503.0 742.0 494.0 small-vehicle 0
1379.0 724.0 1366.0 748.0 1286.0 699.0 1299.0 675.0 large-vehicle 0
979.0 192.0 979.0 208.0 938.0 210.0 937.0 193.0 small-vehicle 0
928.0 193.0 929.0 212.0 891.0 214.0 889.0 197.0 small-vehicle 1
849.0 220.0 848.0 203.0 883.0 200.0 885.0 216.0 small-vehicle 1
1032.0 306.0 1013.0 320.0 946.0 249.0 966.0 231.0 large-vehicle 0
1206.0 836.0 1236.0 833.0 1256.0 992.0 1226.0 991.0 large-vehicle 0
1257.0 954.0 1288.0 950.0 1298.0 1031.0 1266.0 1035.0 large-vehicle 0
1336.0 359.0 1306.0 349.0 1326.0 282.0 1357.0 289.0 large-vehicle 0
1502.0 418.0 1479.0 404.0 1530.0 332.0 1552.0 352.0 large-vehicle 0
1552.0 450.0 1527.0 435.0 1577.0 365.0 1603.0 381.0 large-vehicle 0
1352.0 543.0 1339.0 566.0 1281.0 530.0 1296.0 508.0 large-vehicle 0
1359.0 584.0 1345.0 606.0 1266.0 558.0 1279.0 537.0 large-vehicle 0
402.0 383.0 390.0 364.0 431.0 340.0 442.0 360.0 small-vehicle 0
483.0 244.0 490.0 265.0 453.0 280.0 443.0 260.0 small-vehicle 0
652.0 88.0 641.0 70.0 674.0 48.0 685.0 66.0 small-vehicle 0
930.0 73.0 930.0 47.0 990.0 49.0 989.0 75.0 large-vehicle 0
91.0 262.0 68.0 275.0 32.0 221.0 55.0 206.0 large-vehicle 0
359.0 442.0 375.0 470.0 289.0 521.0 272.0 494.0 large-vehicle 0
444.0 464.0 423.0 476.0 384.0 408.0 408.0 395.0 large-vehicle 0
406.0 464.0 418.0 493.0 285.0 569.0 268.0 546.0 large-vehicle 0
508.0 430.0 522.0 457.0 433.0 504.0 417.0 479.0 large-vehicle 0
465.0 444.0 446.0 457.0 410.0 395.0 430.0 381.0 large-vehicle 0
490.0 438.0 468.0 450.0 430.0 381.0 454.0 367.0 large-vehicle 0
609.0 377.0 623.0 402.0 536.0 464.0 518.0 440.0 large-vehicle 0
667.0 379.0 648.0 398.0 579.0 324.0 600.0 302.0 large-vehicle 0
522.0 319.0 512.0 301.0 570.0 272.0 580.0 295.0 large-vehicle 0
697.0 370.0 677.0 387.0 608.0 312.0 629.0 292.0 large-vehicle 0
819.0 334.0 797.0 349.0 734.0 279.0 753.0 259.0 large-vehicle 0
852.0 324.0 830.0 344.0 764.0 269.0 786.0 249.0 large-vehicle 0
884.0 319.0 863.0 334.0 800.0 264.0 820.0 245.0 large-vehicle 0
919.0 313.0 901.0 327.0 831.0 259.0 852.0 239.0 large-vehicle 0
957.0 306.0 939.0 321.0 867.0 255.0 890.0 235.0 large-vehicle 0
920.0 345.0 930.0 373.0 779.0 438.0 766.0 402.0 large-vehicle 0
666.0 424.0 681.0 455.0 514.0 525.0 500.0 494.0 large-vehicle 0
680.0 383.0 689.0 412.0 592.0 457.0 579.0 429.0 large-vehicle 0
498.0 492.0 510.0 524.0 362.0 579.0 349.0 550.0 large-vehicle 0
365.0 668.0 375.0 697.0 232.0 757.0 219.0 731.0 large-vehicle 0
165.0 708.0 191.0 699.0 213.0 769.0 186.0 777.0 large-vehicle 0
1373.0 655.0 1361.0 679.0 1286.0 638.0 1299.0 614.0 large-vehicle 0
1390.0 795.0 1379.0 817.0 1303.0 772.0 1317.0 750.0 large-vehicle 0
1531.0 1083.0 1534.0 1104.0 1476.0 1106.0 1474.0 1085.0 large-vehicle 0
1391.0 986.0 1372.0 1003.0 1311.0 939.0 1331.0 925.0 large-vehicle 0
1614.0 793.0 1614.0 770.0 1661.0 772.0 1662.0 793.0 small-vehicle 0
1454.0 693.0 1441.0 671.0 1494.0 633.0 1509.0 651.0 small-vehicle 0
606.0 1372.0 615.0 1395.0 547.0 1417.0 539.0 1393.0 large-vehicle 0
632.0 1349.0 648.0 1330.0 694.0 1369.0 678.0 1386.0 small-vehicle 0
663.0 1339.0 677.0 1320.0 723.0 1357.0 711.0 1375.0 small-vehicle 0
694.0 1325.0 704.0 1308.0 752.0 1338.0 741.0 1359.0 small-vehicle 0
835.0 1264.0 851.0 1248.0 892.0 1288.0 877.0 1306.0 small-vehicle 0
890.0 1236.0 908.0 1225.0 943.0 1268.0 925.0 1285.0 small-vehicle 0
1202.0 1301.0 1190.0 1277.0 1265.0 1246.0 1277.0 1270.0 large-vehicle 0
1275.0 1239.0 1264.0 1215.0 1332.0 1183.0 1344.0 1210.0 large-vehicle 0
1384.0 1022.0 1369.0 1042.0 1306.0 975.0 1326.0 959.0 large-vehicle 0
1406.0 902.0 1394.0 925.0 1310.0 875.0 1322.0 854.0 large-vehicle 0
1409.0 1110.0 1386.0 1108.0 1386.0 1044.0 1408.0 1044.0 large-vehicle 0
1455.0 1094.0 1432.0 1093.0 1430.0 1019.0 1451.0 1019.0 large-vehicle 0
1595.0 1079.0 1589.0 1101.0 1520.0 1082.0 1526.0 1059.0 large-vehicle 0
1555.0 1028.0 1556.0 1056.0 1487.0 1055.0 1483.0 1030.0 large-vehicle 0
1550.0 1000.0 1550.0 1028.0 1475.0 1030.0 1474.0 1004.0 large-vehicle 0
1551.0 976.0 1551.0 1003.0 1482.0 1001.0 1482.0 976.0 large-vehicle 0
1544.0 950.0 1543.0 975.0 1467.0 976.0 1466.0 949.0 large-vehicle 0
1337.0 1221.0 1346.0 1242.0 1292.0 1264.0 1283.0 1242.0 small-vehicle 0
1344.0 1244.0 1352.0 1265.0 1295.0 1294.0 1282.0 1272.0 small-vehicle 0
1347.0 1266.0 1364.0 1283.0 1314.0 1325.0 1299.0 1309.0 small-vehicle 0
1754.0 1111.0 1756.0 1132.0 1716.0 1132.0 1715.0 1111.0 small-vehicle 0
1622.0 720.0 1621.0 697.0 1679.0 696.0 1680.0 720.0 small-vehicle 0
1631.0 692.0 1629.0 670.0 1676.0 667.0 1678.0 691.0 small-vehicle 0
1629.0 617.0 1627.0 595.0 1676.0 597.0 1676.0 618.0 small-vehicle 0
1635.0 483.0 1619.0 472.0 1639.0 437.0 1655.0 446.0 small-vehicle 0
1522.0 881.0 1542.0 900.0 1489.0 950.0 1469.0 933.0 large-vehicle 0
1524.0 841.0 1543.0 859.0 1490.0 912.0 1471.0 892.0 large-vehicle 0
1525.0 809.0 1544.0 825.0 1494.0 871.0 1477.0 856.0 large-vehicle 0
1510.0 780.0 1530.0 801.0 1477.0 855.0 1455.0 835.0 large-vehicle 0
1565.0 701.0 1577.0 722.0 1531.0 767.0 1510.0 746.0 large-vehicle 0
1552.0 643.0 1570.0 660.0 1519.0 714.0 1500.0 697.0 large-vehicle 0
1497.0 696.0 1514.0 715.0 1464.0 766.0 1444.0 746.0 large-vehicle 0
1512.0 648.0 1530.0 666.0 1479.0 712.0 1462.0 697.0 large-vehicle 0
1506.0 579.0 1523.0 598.0 1472.0 651.0 1450.0 635.0 large-vehicle 0
1424.0 520.0 1452.0 517.0 1466.0 603.0 1435.0 605.0 large-vehicle 0
1492.0 592.0 1468.0 594.0 1459.0 517.0 1485.0 515.0 large-vehicle 0
1523.0 584.0 1497.0 584.0 1491.0 513.0 1517.0 512.0 large-vehicle 0
1520.0 521.0 1544.0 519.0 1551.0 582.0 1528.0 586.0 large-vehicle 0
1601.0 559.0 1601.0 533.0 1661.0 539.0 1660.0 562.0 large-vehicle 0
1628.0 586.0 1628.0 564.0 1679.0 565.0 1678.0 587.0 small-vehicle 0
1613.0 646.0 1610.0 619.0 1691.0 618.0 1690.0 646.0 large-vehicle 0
1266.0 95.0 1276.0 72.0 1332.0 90.0 1323.0 116.0 large-vehicle 0
375.0 81.0 402.0 70.0 438.0 152.0 412.0 165.0 large-vehicle 0
