imagesource:GoogleEarth
gsd:0.113451612505
2758.0 3108.0 2750.0 3093.0 2781.0 3080.0 2790.0 3094.0 small-vehicle 1
710.0 1899.0 723.0 1880.0 772.0 1906.0 761.0 1930.0 large-vehicle 0
872.0 1177.0 866.0 1195.0 805.0 1171.0 815.0 1151.0 large-vehicle 0
949.0 1517.0 926.0 1510.0 946.0 1457.0 971.0 1464.0 large-vehicle 0
833.0 1586.0 810.0 1577.0 833.0 1524.0 855.0 1535.0 large-vehicle 0
892.0 1667.0 914.0 1675.0 891.0 1725.0 868.0 1718.0 large-vehicle 0
850.0 1644.0 871.0 1655.0 849.0 1710.0 824.0 1699.0 large-vehicle 0
828.0 1636.0 848.0 1646.0 823.0 1699.0 802.0 1690.0 large-vehicle 0
805.0 1626.0 824.0 1637.0 801.0 1691.0 776.0 1677.0 large-vehicle 0
780.0 1806.0 770.0 1832.0 665.0 1787.0 677.0 1759.0 large-vehicle 0
730.0 1848.0 741.0 1831.0 791.0 1853.0 780.0 1873.0 large-vehicle 0
725.0 1878.0 732.0 1858.0 784.0 1879.0 777.0 1900.0 large-vehicle 0
961.0 1113.0 974.0 1124.0 946.0 1153.0 934.0 1141.0 small-vehicle 1
1908.0 151.0 1925.0 148.0 1932.0 183.0 1917.0 187.0 small-vehicle 1
985.0 1121.0 997.0 1134.0 968.0 1159.0 958.0 1147.0 small-vehicle 0
897.0 1067.0 910.0 1080.0 868.0 1120.0 854.0 1107.0 large-vehicle 0
915.0 1077.0 927.0 1091.0 884.0 1130.0 871.0 1117.0 large-vehicle 0
918.0 1288.0 922.0 1269.0 963.0 1279.0 959.0 1298.0 small-vehicle 0
631.0 1909.0 639.0 1891.0 690.0 1911.0 683.0 1930.0 large-vehicle 0
1201.0 1003.0 1174.0 992.0 1207.0 908.0 1236.0 919.0 large-vehicle 0
1166.0 1071.0 1138.0 1059.0 1172.0 992.0 1199.0 1004.0 large-vehicle 0
1139.0 1064.0 1114.0 1054.0 1148.0 979.0 1171.0 988.0 large-vehicle 0
1161.0 1844.0 1181.0 1844.0 1183.0 1898.0 1161.0 1897.0 large-vehicle 0
887.0 1157.0 878.0 1177.0 822.0 1148.0 831.0 1129.0 large-vehicle 0
1918.0 115.0 1932.0 106.0 1949.0 139.0 1935.0 148.0 small-vehicle 1
1919.0 114.0 1931.0 108.0 1948.0 142.0 1935.0 149.0 small-vehicle 1
1934.0 1001.0 1941.0 977.0 1994.0 992.0 1985.0 1017.0 large-vehicle 0
989.0 878.0 982.0 892.0 949.0 876.0 956.0 861.0 small-vehicle 1
999.0 824.0 995.0 840.0 962.0 830.0 966.0 814.0 small-vehicle 1
1035.0 831.0 1040.0 816.0 1077.0 832.0 1072.0 848.0 small-vehicle 1
1024.0 938.0 1041.0 945.0 1028.0 976.0 1012.0 970.0 small-vehicle 0
1105.0 855.0 1121.0 865.0 1091.0 912.0 1072.0 899.0 small-vehicle 0
1096.0 867.0 1081.0 861.0 1092.0 833.0 1108.0 838.0 small-vehicle 0
1049.0 852.0 1065.0 859.0 1052.0 894.0 1033.0 886.0 small-vehicle 0
953.0 853.0 958.0 840.0 992.0 854.0 987.0 870.0 small-vehicle 0
1004.0 930.0 1020.0 935.0 1009.0 967.0 993.0 960.0 small-vehicle 0
987.0 916.0 1003.0 923.0 987.0 963.0 970.0 955.0 small-vehicle 0
1941.0 969.0 1949.0 946.0 2001.0 964.0 1994.0 988.0 large-vehicle 0
2076.0 549.0 2093.0 553.0 2083.0 586.0 2065.0 581.0 small-vehicle 0
1954.0 943.0 1958.0 918.0 2012.0 929.0 2007.0 957.0 large-vehicle 0
1890.0 920.0 1899.0 895.0 1956.0 914.0 1946.0 941.0 large-vehicle 0
1912.0 895.0 1920.0 872.0 1976.0 890.0 1968.0 915.0 large-vehicle 0
1895.0 857.0 1901.0 835.0 1952.0 855.0 1945.0 878.0 large-vehicle 0
1909.0 831.0 1917.0 811.0 1963.0 830.0 1955.0 851.0 large-vehicle 0
1871.0 785.0 1879.0 760.0 1933.0 779.0 1926.0 804.0 large-vehicle 0
1888.0 686.0 1895.0 657.0 1974.0 680.0 1967.0 708.0 large-vehicle 0
1897.0 184.0 1915.0 191.0 1900.0 236.0 1879.0 228.0 large-vehicle 0
1930.0 90.0 1944.0 84.0 1956.0 116.0 1942.0 121.0 small-vehicle 0
2088.0 508.0 2103.0 511.0 2096.0 549.0 2079.0 546.0 small-vehicle 0
1189.0 1837.0 1210.0 1837.0 1212.0 1899.0 1185.0 1898.0 large-vehicle 0
1558.0 1843.0 1557.0 1864.0 1498.0 1863.0 1499.0 1838.0 large-vehicle 0
1475.0 1207.0 1481.0 1187.0 1541.0 1200.0 1536.0 1226.0 large-vehicle 0
1303.0 1210.0 1299.0 1191.0 1339.0 1185.0 1343.0 1202.0 small-vehicle 0
1740.0 1433.0 1756.0 1435.0 1750.0 1472.0 1734.0 1469.0 small-vehicle 1
1837.0 1497.0 1819.0 1494.0 1823.0 1455.0 1841.0 1457.0 small-vehicle 1
1859.0 1499.0 1842.0 1497.0 1844.0 1455.0 1862.0 1458.0 small-vehicle 1
1855.0 1409.0 1873.0 1412.0 1866.0 1452.0 1848.0 1449.0 small-vehicle 1
1407.0 1276.0 1404.0 1292.0 1446.0 1301.0 1449.0 1283.0 small-vehicle 1
1408.0 1249.0 1402.0 1266.0 1366.0 1253.0 1371.0 1237.0 small-vehicle 1
1384.0 1233.0 1366.0 1227.0 1378.0 1193.0 1397.0 1198.0 small-vehicle 1
1243.0 1030.0 1227.0 1021.0 1241.0 985.0 1258.0 991.0 small-vehicle 0
1188.0 1121.0 1203.0 1126.0 1190.0 1160.0 1174.0 1154.0 small-vehicle 0
1270.0 1188.0 1269.0 1171.0 1311.0 1172.0 1312.0 1188.0 small-vehicle 0
1338.0 1162.0 1343.0 1148.0 1377.0 1159.0 1373.0 1173.0 small-vehicle 0
1946.0 1015.0 1970.0 1021.0 1961.0 1075.0 1933.0 1069.0 large-vehicle 0
1460.0 1214.0 1472.0 1225.0 1447.0 1248.0 1436.0 1236.0 small-vehicle 0
1485.0 1220.0 1496.0 1233.0 1470.0 1254.0 1461.0 1241.0 small-vehicle 0
1493.0 1265.0 1482.0 1252.0 1509.0 1228.0 1521.0 1241.0 small-vehicle 0
1544.0 1226.0 1549.0 1210.0 1592.0 1223.0 1587.0 1241.0 small-vehicle 0
1518.0 1272.0 1508.0 1256.0 1533.0 1236.0 1546.0 1251.0 small-vehicle 0
1546.0 1281.0 1533.0 1268.0 1561.0 1243.0 1574.0 1256.0 small-vehicle 0
1572.0 1288.0 1561.0 1273.0 1586.0 1250.0 1600.0 1265.0 small-vehicle 0
1648.0 1259.0 1651.0 1242.0 1699.0 1251.0 1696.0 1268.0 small-vehicle 0
1660.0 1273.0 1680.0 1276.0 1675.0 1315.0 1655.0 1313.0 small-vehicle 0
1715.0 1326.0 1695.0 1320.0 1707.0 1282.0 1725.0 1287.0 small-vehicle 0
1832.0 1411.0 1850.0 1415.0 1843.0 1454.0 1825.0 1450.0 small-vehicle 1
1706.0 1389.0 1723.0 1392.0 1716.0 1427.0 1701.0 1425.0 small-vehicle 1
1685.0 1385.0 1701.0 1387.0 1696.0 1427.0 1678.0 1424.0 small-vehicle 1
1653.0 1423.0 1637.0 1419.0 1644.0 1382.0 1660.0 1385.0 small-vehicle 1
1861.0 983.0 1884.0 989.0 1866.0 1039.0 1841.0 1030.0 large-vehicle 0
1139.0 1853.0 1156.0 1852.0 1159.0 1895.0 1141.0 1896.0 small-vehicle 1
993.0 1679.0 995.0 1664.0 1031.0 1670.0 1030.0 1685.0 small-vehicle 1
1015.0 1579.0 1018.0 1564.0 1050.0 1568.0 1048.0 1584.0 small-vehicle 1
1014.0 1558.0 1017.0 1541.0 1053.0 1546.0 1050.0 1565.0 small-vehicle 1
1080.0 1645.0 1063.0 1645.0 1065.0 1607.0 1081.0 1607.0 small-vehicle 1
1192.0 1323.0 1174.0 1320.0 1179.0 1280.0 1198.0 1283.0 small-vehicle 1
1208.0 1069.0 1221.0 1075.0 1209.0 1110.0 1194.0 1106.0 small-vehicle 1
1228.0 1066.0 1212.0 1060.0 1222.0 1027.0 1238.0 1032.0 small-vehicle 1
1258.0 946.0 1273.0 952.0 1260.0 983.0 1245.0 977.0 small-vehicle 1
1046.0 946.0 1063.0 952.0 1047.0 991.0 1031.0 985.0 small-vehicle 1
1366.0 1861.0 1384.0 1862.0 1381.0 1903.0 1363.0 1901.0 small-vehicle 1
1601.0 1506.0 1619.0 1509.0 1613.0 1549.0 1595.0 1547.0 small-vehicle 1
1642.0 1511.0 1660.0 1512.0 1656.0 1549.0 1639.0 1548.0 small-vehicle 1
1721.0 1559.0 1740.0 1562.0 1734.0 1600.0 1715.0 1597.0 small-vehicle 1
1849.0 1576.0 1829.0 1575.0 1829.0 1535.0 1848.0 1536.0 small-vehicle 1
1789.0 1528.0 1809.0 1530.0 1804.0 1569.0 1785.0 1566.0 small-vehicle 1
1768.0 1522.0 1786.0 1525.0 1782.0 1562.0 1765.0 1560.0 small-vehicle 1
1763.0 1562.0 1781.0 1565.0 1777.0 1604.0 1758.0 1600.0 small-vehicle 1
1793.0 1489.0 1775.0 1486.0 1782.0 1444.0 1800.0 1447.0 small-vehicle 1
1868.0 1455.0 1885.0 1459.0 1878.0 1499.0 1860.0 1495.0 small-vehicle 1
1044.0 948.0 1062.0 955.0 1048.0 988.0 1031.0 981.0 small-vehicle 1
1909.0 152.0 1926.0 150.0 1931.0 183.0 1915.0 186.0 small-vehicle 1
1840.0 1389.0 1837.0 1405.0 1796.0 1398.0 1799.0 1382.0 small-vehicle 0
1626.0 768.0 1646.0 780.0 1621.0 827.0 1600.0 818.0 large-vehicle 0
1775.0 859.0 1799.0 872.0 1777.0 920.0 1753.0 908.0 large-vehicle 0
1744.0 847.0 1770.0 857.0 1746.0 908.0 1723.0 897.0 large-vehicle 0
1705.0 559.0 1733.0 570.0 1699.0 646.0 1672.0 635.0 large-vehicle 0
1644.0 515.0 1636.0 536.0 1578.0 516.0 1584.0 489.0 large-vehicle 0
1528.0 670.0 1540.0 648.0 1590.0 670.0 1579.0 694.0 large-vehicle 0
1539.0 752.0 1561.0 766.0 1530.0 809.0 1509.0 797.0 large-vehicle 0
1388.0 841.0 1406.0 846.0 1390.0 882.0 1375.0 877.0 large-vehicle 0
1402.0 55.0 1407.0 38.0 1448.0 54.0 1442.0 72.0 small-vehicle 0
1501.0 75.0 1495.0 91.0 1459.0 77.0 1465.0 61.0 small-vehicle 0
1548.0 90.0 1542.0 106.0 1502.0 91.0 1508.0 75.0 small-vehicle 0
1623.0 122.0 1639.0 127.0 1629.0 161.0 1611.0 157.0 small-vehicle 0
1556.0 268.0 1539.0 260.0 1551.0 228.0 1568.0 233.0 small-vehicle 0
1619.0 693.0 1644.0 703.0 1613.0 780.0 1586.0 768.0 large-vehicle 0
1930.0 91.0 1944.0 85.0 1956.0 117.0 1942.0 121.0 small-vehicle 0
990.0 875.0 983.0 890.0 948.0 874.0 955.0 858.0 small-vehicle 1
1018.0 345.0 1005.0 372.0 932.0 341.0 942.0 315.0 large-vehicle 0
876.0 720.0 864.0 742.0 800.0 715.0 811.0 689.0 large-vehicle 0
952.0 756.0 943.0 777.0 868.0 746.0 878.0 723.0 large-vehicle 0
1037.0 795.0 1028.0 817.0 957.0 783.0 968.0 758.0 large-vehicle 0
853.0 384.0 871.0 392.0 858.0 430.0 838.0 423.0 small-vehicle 0
929.0 897.0 945.0 904.0 927.0 944.0 911.0 937.0 small-vehicle 0
957.0 916.0 971.0 925.0 953.0 960.0 937.0 951.0 small-vehicle 0
1005.0 928.0 1020.0 935.0 1008.0 968.0 992.0 962.0 small-vehicle 0
953.0 852.0 959.0 838.0 993.0 855.0 987.0 871.0 small-vehicle 0
942.0 893.0 949.0 878.0 991.0 898.0 984.0 913.0 small-vehicle 1
1001.0 822.0 998.0 840.0 960.0 831.0 965.0 813.0 small-vehicle 1
1176.0 986.0 1150.0 975.0 1184.0 890.0 1208.0 900.0 large-vehicle 0
987.0 917.0 1003.0 924.0 987.0 963.0 971.0 955.0 small-vehicle 1
946.0 194.0 920.0 184.0 967.0 46.0 998.0 56.0 large-vehicle 0
1107.0 371.0 1118.0 348.0 1187.0 377.0 1177.0 399.0 large-vehicle 0
1315.0 398.0 1293.0 386.0 1320.0 315.0 1344.0 326.0 large-vehicle 0
1293.0 385.0 1272.0 378.0 1290.0 323.0 1311.0 330.0 large-vehicle 0
1061.0 422.0 1086.0 433.0 1061.0 502.0 1032.0 489.0 large-vehicle 0
1123.0 972.0 1096.0 959.0 1128.0 872.0 1155.0 885.0 large-vehicle 0
1148.0 979.0 1124.0 970.0 1159.0 887.0 1179.0 896.0 large-vehicle 0
1531.0 331.0 1513.0 325.0 1530.0 283.0 1548.0 288.0 small-vehicle 0
1554.0 298.0 1570.0 303.0 1559.0 333.0 1542.0 328.0 small-vehicle 0
1645.0 335.0 1629.0 328.0 1643.0 294.0 1660.0 300.0 small-vehicle 0
1728.0 723.0 1722.0 740.0 1687.0 726.0 1694.0 708.0 small-vehicle 1
1464.0 617.0 1448.0 611.0 1461.0 579.0 1476.0 586.0 small-vehicle 0
1446.0 660.0 1432.0 656.0 1441.0 624.0 1457.0 628.0 small-vehicle 0
1424.0 665.0 1439.0 669.0 1428.0 703.0 1411.0 697.0 small-vehicle 0
1461.0 676.0 1479.0 683.0 1466.0 716.0 1449.0 710.0 small-vehicle 0
1407.0 757.0 1389.0 750.0 1401.0 711.0 1421.0 716.0 small-vehicle 0
1365.0 857.0 1347.0 851.0 1359.0 812.0 1378.0 818.0 small-vehicle 0
1259.0 983.0 1245.0 977.0 1257.0 945.0 1273.0 951.0 small-vehicle 1
1513.0 554.0 1529.0 561.0 1515.0 593.0 1499.0 586.0 small-vehicle 1
1592.0 554.0 1596.0 537.0 1636.0 547.0 1632.0 566.0 small-vehicle 1
1783.0 591.0 1778.0 609.0 1741.0 594.0 1747.0 577.0 small-vehicle 1
1549.0 637.0 1554.0 623.0 1588.0 635.0 1584.0 650.0 small-vehicle 0
1629.0 383.0 1646.0 389.0 1632.0 422.0 1615.0 416.0 small-vehicle 0
1772.0 613.0 1768.0 627.0 1735.0 616.0 1740.0 601.0 small-vehicle 0
1768.0 631.0 1764.0 647.0 1724.0 640.0 1728.0 623.0 small-vehicle 0
1760.0 657.0 1755.0 673.0 1714.0 660.0 1718.0 644.0 small-vehicle 0
1750.0 676.0 1744.0 691.0 1704.0 676.0 1710.0 661.0 small-vehicle 0
1748.0 745.0 1729.0 736.0 1746.0 699.0 1766.0 707.0 small-vehicle 0
1738.0 706.0 1732.0 721.0 1695.0 705.0 1701.0 690.0 small-vehicle 0
1722.0 752.0 1717.0 768.0 1682.0 756.0 1687.0 741.0 small-vehicle 0
1712.0 772.0 1706.0 786.0 1676.0 772.0 1681.0 758.0 small-vehicle 0
1703.0 794.0 1698.0 809.0 1658.0 791.0 1665.0 776.0 small-vehicle 0
1725.0 889.0 1706.0 883.0 1716.0 854.0 1732.0 858.0 small-vehicle 0
1479.0 582.0 1463.0 575.0 1475.0 545.0 1490.0 551.0 small-vehicle 0
1207.0 588.0 1212.0 570.0 1262.0 585.0 1256.0 603.0 small-vehicle 0
1215.0 566.0 1221.0 549.0 1269.0 566.0 1262.0 583.0 small-vehicle 0
1226.0 547.0 1231.0 530.0 1282.0 545.0 1278.0 564.0 small-vehicle 0
1654.0 388.0 1670.0 394.0 1657.0 424.0 1643.0 418.0 small-vehicle 0
1683.0 439.0 1667.0 432.0 1678.0 399.0 1694.0 405.0 small-vehicle 0
1743.0 433.0 1760.0 438.0 1752.0 468.0 1734.0 463.0 small-vehicle 0
1403.0 32.0 1397.0 49.0 1360.0 33.0 1366.0 18.0 small-vehicle 1
1358.0 16.0 1352.0 33.0 1316.0 17.0 1325.0 1.0 small-vehicle 1
1292.0 48.0 1286.0 67.0 1248.0 54.0 1254.0 35.0 small-vehicle 1
1711.0 361.0 1696.0 357.0 1705.0 325.0 1720.0 329.0 small-vehicle 1
1688.0 346.0 1672.0 339.0 1681.0 314.0 1698.0 320.0 small-vehicle 1
1824.0 431.0 1829.0 415.0 1857.0 425.0 1852.0 441.0 small-vehicle 1
1396.0 395.0 1379.0 387.0 1396.0 341.0 1416.0 348.0 small-vehicle 0
1374.0 391.0 1356.0 383.0 1373.0 337.0 1392.0 343.0 small-vehicle 0
1223.0 451.0 1228.0 437.0 1261.0 451.0 1254.0 466.0 small-vehicle 0
1259.0 468.0 1265.0 452.0 1312.0 471.0 1305.0 488.0 small-vehicle 0
1259.0 445.0 1267.0 426.0 1316.0 445.0 1308.0 466.0 small-vehicle 0
1029.0 403.0 1015.0 398.0 1027.0 365.0 1043.0 369.0 small-vehicle 0
1112.0 398.0 1119.0 381.0 1166.0 400.0 1160.0 418.0 small-vehicle 0
1173.0 467.0 1157.0 462.0 1168.0 427.0 1185.0 433.0 small-vehicle 0
1174.0 546.0 1179.0 532.0 1217.0 545.0 1212.0 561.0 small-vehicle 0
1252.0 490.0 1247.0 505.0 1215.0 492.0 1220.0 478.0 small-vehicle 0
1311.0 510.0 1305.0 528.0 1249.0 507.0 1255.0 490.0 small-vehicle 0
1236.0 528.0 1243.0 509.0 1289.0 526.0 1282.0 545.0 small-vehicle 0
1802.0 1346.0 1784.0 1343.0 1789.0 1308.0 1807.0 1310.0 small-vehicle 0
1664.0 1382.0 1681.0 1383.0 1678.0 1422.0 1659.0 1420.0 small-vehicle 0
2254.0 2317.0 2232.0 2312.0 2244.0 2269.0 2265.0 2276.0 small-vehicle 0
616.0 3192.0 611.0 3177.0 645.0 3164.0 651.0 3180.0 small-vehicle 0
332.0 3014.0 349.0 3021.0 331.0 3058.0 314.0 3050.0 small-vehicle 0
338.0 3109.0 354.0 3116.0 342.0 3143.0 326.0 3139.0 small-vehicle 0
282.0 3125.0 299.0 3130.0 285.0 3166.0 269.0 3160.0 small-vehicle 0
302.0 3136.0 319.0 3142.0 303.0 3181.0 286.0 3175.0 small-vehicle 0
336.0 3156.0 353.0 3161.0 343.0 3198.0 326.0 3193.0 small-vehicle 0
477.0 3172.0 493.0 3177.0 480.0 3209.0 464.0 3203.0 small-vehicle 0
213.0 3329.0 196.0 3322.0 209.0 3286.0 227.0 3292.0 small-vehicle 0
230.0 3286.0 213.0 3278.0 228.0 3241.0 244.0 3248.0 small-vehicle 0
252.0 3293.0 236.0 3287.0 249.0 3254.0 265.0 3260.0 small-vehicle 0
564.0 3217.0 557.0 3200.0 592.0 3184.0 600.0 3200.0 small-vehicle 0
662.0 3175.0 656.0 3159.0 692.0 3146.0 698.0 3163.0 small-vehicle 0
409.0 2905.0 426.0 2912.0 407.0 2950.0 391.0 2941.0 small-vehicle 0
732.0 3140.0 736.0 3155.0 703.0 3164.0 699.0 3150.0 small-vehicle 0
749.0 3151.0 745.0 3135.0 779.0 3129.0 783.0 3145.0 small-vehicle 0
761.0 3313.0 779.0 3313.0 782.0 3353.0 762.0 3356.0 small-vehicle 0
799.0 3313.0 816.0 3312.0 820.0 3353.0 801.0 3354.0 small-vehicle 0
824.0 3310.0 843.0 3310.0 843.0 3350.0 825.0 3351.0 small-vehicle 0
826.0 3118.0 828.0 3138.0 792.0 3143.0 790.0 3123.0 small-vehicle 1
1963.0 3276.0 1947.0 3282.0 1925.0 3234.0 1945.0 3226.0 large-vehicle 0
1041.0 3161.0 1023.0 3160.0 1023.0 3125.0 1040.0 3124.0 small-vehicle 1
1042.0 3068.0 1025.0 3068.0 1023.0 3029.0 1041.0 3029.0 small-vehicle 1
1049.0 2915.0 1031.0 2913.0 1033.0 2878.0 1050.0 2880.0 small-vehicle 0
389.0 2992.0 409.0 2999.0 386.0 3049.0 367.0 3040.0 small-vehicle 0
387.0 2895.0 405.0 2901.0 389.0 2938.0 372.0 2931.0 small-vehicle 0
2307.0 2478.0 2299.0 2502.0 2212.0 2477.0 2217.0 2455.0 large-vehicle 0
2861.0 2809.0 2841.0 2819.0 2796.0 2738.0 2819.0 2726.0 large-vehicle 0
2205.0 2552.0 2216.0 2531.0 2266.0 2548.0 2260.0 2570.0 large-vehicle 0
2259.0 2599.0 2252.0 2621.0 2170.0 2595.0 2179.0 2568.0 large-vehicle 0
2259.0 2630.0 2253.0 2652.0 2165.0 2630.0 2172.0 2605.0 large-vehicle 0
2252.0 2654.0 2245.0 2677.0 2159.0 2658.0 2165.0 2630.0 large-vehicle 0
2385.0 2528.0 2380.0 2550.0 2292.0 2531.0 2299.0 2506.0 large-vehicle 0
2355.0 2574.0 2349.0 2598.0 2284.0 2582.0 2290.0 2557.0 large-vehicle 0
2359.0 2607.0 2353.0 2630.0 2264.0 2604.0 2272.0 2580.0 large-vehicle 0
2350.0 2630.0 2344.0 2655.0 2257.0 2632.0 2264.0 2605.0 large-vehicle 0
2916.0 2784.0 2891.0 2797.0 2846.0 2706.0 2876.0 2692.0 large-vehicle 0
2887.0 2797.0 2866.0 2808.0 2819.0 2719.0 2845.0 2708.0 large-vehicle 0
2853.0 2845.0 2842.0 2825.0 2901.0 2792.0 2911.0 2818.0 large-vehicle 0
3024.0 2854.0 3031.0 2873.0 2985.0 2892.0 2979.0 2874.0 large-vehicle 0
2992.0 2926.0 2980.0 2902.0 3079.0 2860.0 3088.0 2886.0 large-vehicle 0
2968.0 2874.0 2956.0 2850.0 3057.0 2805.0 3067.0 2832.0 large-vehicle 0
3003.0 2830.0 2993.0 2808.0 3048.0 2784.0 3059.0 2808.0 large-vehicle 0
2992.0 2809.0 2977.0 2787.0 3038.0 2759.0 3048.0 2783.0 large-vehicle 0
2986.0 2740.0 2964.0 2749.0 2923.0 2661.0 2955.0 2648.0 large-vehicle 0
2962.0 2750.0 2939.0 2762.0 2897.0 2673.0 2921.0 2661.0 large-vehicle 0
3069.0 2837.0 3076.0 2854.0 3034.0 2872.0 3026.0 2855.0 large-vehicle 0
1030.0 2921.0 1045.0 2921.0 1044.0 2958.0 1027.0 2957.0 small-vehicle 0
1028.0 2981.0 1044.0 2982.0 1043.0 3020.0 1026.0 3020.0 small-vehicle 0
1042.0 3122.0 1024.0 3121.0 1022.0 3081.0 1040.0 3082.0 small-vehicle 0
1398.0 1330.0 1374.0 1325.0 1379.0 1281.0 1405.0 1285.0 small-vehicle 1
3059.0 3085.0 3051.0 3066.0 3088.0 3049.0 3097.0 3068.0 small-vehicle 0
3025.0 3141.0 3035.0 3161.0 2987.0 3183.0 2979.0 3164.0 small-vehicle 0
3032.0 3267.0 3026.0 3251.0 3062.0 3238.0 3068.0 3254.0 small-vehicle 0
3081.0 3268.0 3087.0 3284.0 3044.0 3301.0 3038.0 3284.0 small-vehicle 0
3096.0 3284.0 3106.0 3302.0 3059.0 3324.0 3050.0 3306.0 small-vehicle 0
1408.0 2310.0 1405.0 2332.0 1345.0 2329.0 1345.0 2306.0 large-vehicle 0
1378.0 771.0 1394.0 775.0 1383.0 810.0 1367.0 805.0 small-vehicle 1
849.0 1109.0 834.0 1101.0 853.0 1065.0 869.0 1073.0 small-vehicle 1
1487.0 1405.0 1505.0 1409.0 1495.0 1448.0 1476.0 1443.0 small-vehicle 1
1878.0 1414.0 1895.0 1417.0 1887.0 1458.0 1870.0 1453.0 small-vehicle 1
1304.0 1260.0 1306.0 1240.0 1349.0 1245.0 1345.0 1264.0 small-vehicle 1
1924.0 3303.0 1930.0 3321.0 1886.0 3338.0 1878.0 3320.0 small-vehicle 0
1902.0 1375.0 1880.0 1370.0 1892.0 1324.0 1911.0 1329.0 small-vehicle 1
2925.0 3094.0 2918.0 3080.0 2946.0 3064.0 2955.0 3081.0 small-vehicle 1
2825.0 3082.0 2815.0 3064.0 2855.0 3048.0 2862.0 3066.0 small-vehicle 1
2380.0 3165.0 2372.0 3145.0 2413.0 3130.0 2418.0 3151.0 small-vehicle 1
3094.0 2711.0 3111.0 2719.0 3097.0 2753.0 3079.0 2747.0 small-vehicle 1
1554.0 2478.0 1554.0 2498.0 1500.0 2497.0 1501.0 2477.0 small-vehicle 0
1553.0 1440.0 1559.0 1425.0 1591.0 1433.0 1586.0 1448.0 small-vehicle 0
1100.0 1099.0 1107.0 1085.0 1140.0 1101.0 1135.0 1114.0 small-vehicle 1
1126.0 440.0 1127.0 426.0 1156.0 428.0 1156.0 441.0 small-vehicle 1
896.0 440.0 905.0 424.0 938.0 443.0 930.0 459.0 small-vehicle 1
2962.0 3117.0 2957.0 3104.0 2986.0 3092.0 2992.0 3106.0 small-vehicle 0
2967.0 2944.0 2967.0 2961.0 2930.0 2963.0 2930.0 2946.0 small-vehicle 0
3022.0 2938.0 3021.0 2956.0 2983.0 2958.0 2983.0 2940.0 small-vehicle 0
2980.0 2885.0 2985.0 2899.0 2953.0 2911.0 2948.0 2898.0 small-vehicle 0
2267.0 3149.0 2244.0 3159.0 2220.0 3101.0 2242.0 3092.0 large-vehicle 0
1939.0 3277.0 1925.0 3283.0 1912.0 3246.0 1927.0 3240.0 small-vehicle 1
2285.0 3143.0 2272.0 3149.0 2261.0 3119.0 2274.0 3113.0 small-vehicle 1
2342.0 3115.0 2322.0 3125.0 2293.0 3067.0 2314.0 3059.0 large-vehicle 0
2359.0 3106.0 2344.0 3113.0 2316.0 3058.0 2334.0 3050.0 large-vehicle 0
2649.0 3111.0 2656.0 3129.0 2618.0 3144.0 2611.0 3125.0 small-vehicle 1
2654.0 3142.0 2661.0 3157.0 2626.0 3174.0 2619.0 3158.0 small-vehicle 1
2666.0 3171.0 2674.0 3186.0 2639.0 3204.0 2633.0 3189.0 small-vehicle 0
2662.0 3096.0 2646.0 3091.0 2661.0 3057.0 2678.0 3065.0 small-vehicle 0
2698.0 3082.0 2680.0 3076.0 2693.0 3039.0 2710.0 3045.0 small-vehicle 0
2642.0 3018.0 2637.0 3001.0 2674.0 2988.0 2680.0 3004.0 small-vehicle 0
2722.0 3031.0 2738.0 3037.0 2722.0 3070.0 2705.0 3063.0 small-vehicle 0
2747.0 3014.0 2763.0 3020.0 2748.0 3057.0 2733.0 3051.0 small-vehicle 0
2823.0 3036.0 2817.0 3023.0 2852.0 3008.0 2857.0 3024.0 small-vehicle 0
2786.0 3030.0 2780.0 3011.0 2828.0 2993.0 2835.0 3011.0 small-vehicle 0
2940.0 2935.0 2941.0 2916.0 2990.0 2916.0 2989.0 2934.0 small-vehicle 0
3068.0 2838.0 3076.0 2855.0 3033.0 2875.0 3026.0 2856.0 large-vehicle 0
3023.0 2856.0 3031.0 2875.0 2986.0 2894.0 2978.0 2876.0 large-vehicle 0
2210.0 2501.0 2220.0 2480.0 2298.0 2504.0 2291.0 2529.0 large-vehicle 0
2227.0 2450.0 2235.0 2430.0 2288.0 2446.0 2279.0 2472.0 large-vehicle 0
1728.0 1394.0 1744.0 1396.0 1740.0 1436.0 1723.0 1432.0 small-vehicle 0
1384.0 1864.0 1400.0 1865.0 1402.0 1899.0 1385.0 1899.0 small-vehicle 0
1070.0 1740.0 1054.0 1738.0 1056.0 1699.0 1073.0 1700.0 small-vehicle 0
1076.0 1698.0 1060.0 1696.0 1060.0 1661.0 1076.0 1661.0 small-vehicle 0
997.0 1659.0 1000.0 1644.0 1040.0 1652.0 1037.0 1669.0 small-vehicle 0
1001.0 1639.0 1005.0 1622.0 1042.0 1633.0 1038.0 1649.0 small-vehicle 0
1074.0 1562.0 1091.0 1564.0 1085.0 1607.0 1068.0 1606.0 small-vehicle 0
1005.0 1597.0 1008.0 1578.0 1047.0 1584.0 1045.0 1606.0 small-vehicle 0
1170.0 1409.0 1153.0 1406.0 1159.0 1366.0 1176.0 1369.0 small-vehicle 0
1171.0 1328.0 1188.0 1332.0 1181.0 1366.0 1163.0 1362.0 small-vehicle 0
986.0 1119.0 998.0 1133.0 969.0 1160.0 958.0 1146.0 small-vehicle 0
1116.0 1076.0 1123.0 1061.0 1157.0 1078.0 1150.0 1094.0 small-vehicle 1
1615.0 1551.0 1633.0 1553.0 1629.0 1586.0 1612.0 1584.0 small-vehicle 0
606.0 1992.0 605.0 1969.0 667.0 1972.0 664.0 1995.0 large-vehicle 0
659.0 2015.0 660.0 1992.0 723.0 1999.0 722.0 2021.0 large-vehicle 0
824.0 2080.0 833.0 2060.0 886.0 2083.0 874.0 2108.0 large-vehicle 0
836.0 2139.0 844.0 2119.0 901.0 2146.0 892.0 2168.0 large-vehicle 0
817.0 2452.0 797.0 2444.0 818.0 2387.0 839.0 2399.0 large-vehicle 0
806.0 2508.0 825.0 2520.0 805.0 2569.0 783.0 2559.0 large-vehicle 0
771.0 2572.0 800.0 2584.0 764.0 2669.0 732.0 2657.0 large-vehicle 0
1572.0 1545.0 1591.0 1548.0 1585.0 1582.0 1566.0 1579.0 small-vehicle 0
1636.0 1553.0 1653.0 1556.0 1648.0 1589.0 1631.0 1586.0 small-vehicle 0
2230.0 2426.0 2239.0 2404.0 2321.0 2427.0 2312.0 2452.0 large-vehicle 0
1649.0 1464.0 1631.0 1461.0 1635.0 1425.0 1653.0 1427.0 small-vehicle 0
1751.0 1395.0 1766.0 1397.0 1760.0 1432.0 1744.0 1428.0 small-vehicle 0
1771.0 1401.0 1789.0 1404.0 1781.0 1441.0 1763.0 1438.0 small-vehicle 0
1792.0 1404.0 1808.0 1407.0 1802.0 1444.0 1784.0 1439.0 small-vehicle 0
1811.0 1408.0 1828.0 1411.0 1822.0 1447.0 1804.0 1444.0 small-vehicle 0
1815.0 1490.0 1797.0 1486.0 1804.0 1449.0 1822.0 1453.0 small-vehicle 0
1773.0 1477.0 1758.0 1474.0 1762.0 1444.0 1777.0 1446.0 small-vehicle 0
1731.0 1473.0 1714.0 1469.0 1719.0 1437.0 1735.0 1441.0 small-vehicle 0
1710.0 1473.0 1693.0 1470.0 1698.0 1432.0 1715.0 1435.0 small-vehicle 0
1691.0 1471.0 1675.0 1468.0 1678.0 1434.0 1694.0 1436.0 small-vehicle 0
1671.0 1467.0 1654.0 1466.0 1655.0 1427.0 1673.0 1427.0 small-vehicle 0
1675.0 1473.0 1673.0 1489.0 1638.0 1487.0 1639.0 1471.0 small-vehicle 0
1659.0 1557.0 1676.0 1560.0 1669.0 1594.0 1652.0 1591.0 small-vehicle 0
1580.0 1505.0 1599.0 1509.0 1590.0 1545.0 1573.0 1541.0 small-vehicle 0
1623.0 1509.0 1639.0 1511.0 1634.0 1549.0 1617.0 1547.0 small-vehicle 0
1664.0 1514.0 1681.0 1517.0 1678.0 1555.0 1660.0 1552.0 small-vehicle 0
1683.0 1517.0 1701.0 1519.0 1697.0 1559.0 1680.0 1557.0 small-vehicle 0
1706.0 1520.0 1723.0 1522.0 1719.0 1560.0 1703.0 1558.0 small-vehicle 0
1749.0 1522.0 1767.0 1524.0 1762.0 1562.0 1745.0 1559.0 small-vehicle 0
1832.0 1580.0 1849.0 1584.0 1842.0 1619.0 1824.0 1615.0 small-vehicle 0
1800.0 1612.0 1781.0 1610.0 1786.0 1571.0 1805.0 1574.0 small-vehicle 0
1701.0 1561.0 1718.0 1564.0 1712.0 1603.0 1695.0 1600.0 small-vehicle 0
1681.0 1564.0 1697.0 1566.0 1695.0 1595.0 1677.0 1594.0 small-vehicle 0
819.0 2312.0 790.0 2300.0 828.0 2222.0 854.0 2234.0 large-vehicle 0
631.0 1910.0 638.0 1892.0 689.0 1911.0 683.0 1930.0 large-vehicle 0
687.0 2082.0 671.0 2075.0 687.0 2045.0 703.0 2051.0 small-vehicle 0
2150.0 2436.0 2144.0 2459.0 2058.0 2429.0 2066.0 2408.0 large-vehicle 0
1027.0 2198.0 1043.0 2198.0 1040.0 2241.0 1024.0 2240.0 small-vehicle 0
1029.0 2157.0 1045.0 2158.0 1043.0 2190.0 1027.0 2190.0 small-vehicle 0
1038.0 2007.0 1054.0 2008.0 1053.0 2049.0 1036.0 2049.0 small-vehicle 1
1050.0 2095.0 1034.0 2095.0 1033.0 2057.0 1050.0 2057.0 small-vehicle 1
1033.0 2109.0 1049.0 2110.0 1047.0 2149.0 1031.0 2148.0 small-vehicle 1
1286.0 2323.0 1288.0 2303.0 1342.0 2307.0 1340.0 2329.0 large-vehicle 1
1267.0 2489.0 1265.0 2513.0 1178.0 2507.0 1180.0 2481.0 large-vehicle 0
2174.0 2356.0 2166.0 2379.0 2082.0 2354.0 2090.0 2330.0 large-vehicle 0
2164.0 2386.0 2158.0 2406.0 2075.0 2382.0 2082.0 2358.0 large-vehicle 0
2157.0 2411.0 2149.0 2432.0 2066.0 2408.0 2075.0 2381.0 large-vehicle 0
2142.0 2457.0 2134.0 2479.0 2048.0 2454.0 2056.0 2430.0 large-vehicle 0
713.0 2086.0 698.0 2079.0 707.0 2051.0 723.0 2056.0 small-vehicle 0
2135.0 2484.0 2126.0 2508.0 2041.0 2482.0 2050.0 2457.0 large-vehicle 0
2126.0 2510.0 2117.0 2534.0 2033.0 2506.0 2041.0 2481.0 large-vehicle 0
2117.0 2534.0 2108.0 2559.0 2026.0 2529.0 2032.0 2506.0 large-vehicle 0
2109.0 2558.0 2101.0 2580.0 2015.0 2554.0 2025.0 2528.0 large-vehicle 0
2102.0 2582.0 2094.0 2607.0 2010.0 2581.0 2019.0 2555.0 large-vehicle 0
2090.0 2609.0 2082.0 2632.0 2001.0 2603.0 2008.0 2581.0 large-vehicle 0
2075.0 2659.0 2067.0 2683.0 1983.0 2657.0 1993.0 2631.0 large-vehicle 0
2068.0 2684.0 2060.0 2708.0 1974.0 2682.0 1982.0 2658.0 large-vehicle 0
2059.0 2708.0 2050.0 2732.0 1965.0 2708.0 1973.0 2681.0 large-vehicle 0
2264.0 2407.0 2270.0 2388.0 2329.0 2404.0 2321.0 2426.0 large-vehicle 0
1023.0 2252.0 1039.0 2253.0 1036.0 2284.0 1020.0 2282.0 small-vehicle 0
1036.0 2338.0 1018.0 2337.0 1019.0 2300.0 1035.0 2299.0 small-vehicle 0
1028.0 2388.0 1013.0 2387.0 1014.0 2352.0 1031.0 2353.0 small-vehicle 0
1028.0 2428.0 1013.0 2428.0 1012.0 2391.0 1029.0 2390.0 small-vehicle 0
738.0 2095.0 721.0 2089.0 730.0 2059.0 747.0 2063.0 small-vehicle 0
753.0 2111.0 737.0 2103.0 751.0 2071.0 769.0 2077.0 small-vehicle 0
774.0 2125.0 756.0 2118.0 771.0 2080.0 788.0 2086.0 small-vehicle 0
795.0 2129.0 779.0 2121.0 793.0 2084.0 810.0 2091.0 small-vehicle 0
822.0 2095.0 838.0 2101.0 823.0 2135.0 808.0 2129.0 small-vehicle 0
690.0 2210.0 707.0 2216.0 694.0 2248.0 678.0 2243.0 small-vehicle 0
736.0 2225.0 713.0 2219.0 726.0 2172.0 749.0 2179.0 small-vehicle 0
646.0 2372.0 629.0 2364.0 643.0 2324.0 662.0 2331.0 small-vehicle 0
597.0 2348.0 579.0 2340.0 595.0 2303.0 614.0 2311.0 small-vehicle 0
572.0 2340.0 555.0 2331.0 576.0 2287.0 595.0 2295.0 large-vehicle 0
610.0 2195.0 628.0 2198.0 619.0 2238.0 599.0 2234.0 small-vehicle 0
641.0 2242.0 625.0 2234.0 638.0 2200.0 655.0 2206.0 small-vehicle 1
565.0 2781.0 585.0 2786.0 576.0 2827.0 556.0 2823.0 small-vehicle 1
543.0 2853.0 525.0 2847.0 537.0 2805.0 557.0 2810.0 small-vehicle 1
483.0 2825.0 468.0 2819.0 479.0 2787.0 495.0 2792.0 small-vehicle 0
866.0 2753.0 953.0 2753.0 953.0 2822.0 866.0 2822.0 storage-tank 0
330.0 2721.0 309.0 2712.0 326.0 2666.0 349.0 2676.0 small-vehicle 0
1397.0 2484.0 1397.0 2459.0 1477.0 2464.0 1477.0 2491.0 large-vehicle 0
1038.0 2830.0 1053.0 2831.0 1053.0 2868.0 1037.0 2867.0 small-vehicle 0
1038.0 2785.0 1055.0 2785.0 1055.0 2822.0 1039.0 2821.0 small-vehicle 0
1042.0 2743.0 1060.0 2743.0 1058.0 2781.0 1041.0 2781.0 small-vehicle 0
