imagesource:GoogleEarth
gsd:0.113509848154
1176.0 1285.0 1181.0 1299.0 1154.0 1308.0 1148.0 1296.0 small-vehicle 1
904.0 701.0 930.0 688.0 975.0 780.0 949.0 791.0 large-vehicle 0
834.0 690.0 860.0 680.0 895.0 749.0 871.0 764.0 large-vehicle 0
781.0 596.0 806.0 584.0 847.0 667.0 822.0 679.0 large-vehicle 0
802.0 573.0 830.0 560.0 867.0 632.0 842.0 648.0 large-vehicle 0
845.0 655.0 872.0 644.0 911.0 715.0 886.0 729.0 large-vehicle 0
859.0 619.0 885.0 606.0 925.0 683.0 899.0 694.0 large-vehicle 0
852.0 541.0 878.0 528.0 920.0 614.0 893.0 626.0 large-vehicle 0
901.0 630.0 926.0 619.0 957.0 685.0 935.0 697.0 large-vehicle 0
924.0 615.0 952.0 604.0 982.0 674.0 956.0 685.0 large-vehicle 0
986.0 597.0 961.0 611.0 916.0 540.0 945.0 524.0 large-vehicle 0
961.0 608.0 987.0 596.0 1024.0 666.0 1001.0 679.0 large-vehicle 0
217.0 628.0 191.0 639.0 128.0 499.0 158.0 486.0 large-vehicle 0
461.0 555.0 471.0 579.0 421.0 602.0 409.0 580.0 large-vehicle 0
385.0 590.0 394.0 612.0 350.0 633.0 339.0 612.0 large-vehicle 0
634.0 284.0 655.0 276.0 674.0 321.0 651.0 330.0 large-vehicle 0
695.0 313.0 674.0 324.0 655.0 281.0 675.0 271.0 large-vehicle 0
733.0 250.0 754.0 241.0 774.0 289.0 752.0 297.0 large-vehicle 0
1028.0 950.0 1001.0 953.0 995.0 890.0 1021.0 888.0 large-vehicle 0
956.0 391.0 947.0 374.0 981.0 360.0 987.0 378.0 small-vehicle 0
960.0 411.0 951.0 395.0 984.0 379.0 992.0 397.0 small-vehicle 0
945.0 716.0 970.0 706.0 995.0 758.0 970.0 770.0 large-vehicle 0
891.0 734.0 916.0 721.0 950.0 790.0 922.0 803.0 large-vehicle 0
1148.0 1294.0 1156.0 1316.0 1117.0 1330.0 1107.0 1313.0 small-vehicle 0
870.0 761.0 897.0 749.0 929.0 816.0 902.0 828.0 large-vehicle 0
519.0 395.0 494.0 407.0 466.0 343.0 492.0 330.0 large-vehicle 0
450.0 355.0 461.0 384.0 395.0 416.0 381.0 391.0 large-vehicle 0
676.0 439.0 663.0 417.0 724.0 386.0 735.0 412.0 large-vehicle 0
867.0 356.0 879.0 382.0 786.0 428.0 771.0 403.0 large-vehicle 0
580.0 449.0 595.0 479.0 459.0 547.0 442.0 517.0 large-vehicle 0
973.0 1009.0 950.0 1018.0 903.0 922.0 928.0 911.0 large-vehicle 0
999.0 987.0 977.0 999.0 928.0 910.0 953.0 897.0 large-vehicle 0
932.0 1009.0 910.0 1019.0 872.0 950.0 895.0 939.0 large-vehicle 0
678.0 528.0 654.0 538.0 624.0 477.0 646.0 466.0 large-vehicle 0
699.0 518.0 677.0 528.0 647.0 470.0 668.0 459.0 large-vehicle 0
716.0 499.0 695.0 509.0 666.0 458.0 688.0 446.0 large-vehicle 0
737.0 492.0 716.0 501.0 688.0 444.0 708.0 435.0 large-vehicle 0
765.0 482.0 738.0 495.0 707.0 432.0 732.0 419.0 large-vehicle 0
786.0 466.0 765.0 476.0 738.0 424.0 759.0 413.0 large-vehicle 0
769.0 692.0 797.0 681.0 833.0 756.0 806.0 769.0 large-vehicle 0
757.0 732.0 784.0 721.0 815.0 789.0 788.0 800.0 large-vehicle 0
788.0 801.0 764.0 812.0 728.0 741.0 757.0 728.0 large-vehicle 0
809.0 771.0 837.0 758.0 871.0 832.0 844.0 845.0 large-vehicle 0
836.0 757.0 864.0 743.0 900.0 821.0 874.0 833.0 large-vehicle 0
975.0 431.0 966.0 414.0 996.0 401.0 1004.0 418.0 small-vehicle 0
985.0 455.0 976.0 436.0 1008.0 422.0 1015.0 442.0 small-vehicle 0
997.0 517.0 999.0 498.0 1042.0 502.0 1042.0 522.0 small-vehicle 0
613.0 608.0 605.0 592.0 637.0 576.0 645.0 594.0 small-vehicle 0
1008.0 545.0 1011.0 525.0 1054.0 528.0 1055.0 547.0 small-vehicle 0
1071.0 554.0 1072.0 574.0 1026.0 572.0 1026.0 551.0 small-vehicle 0
1052.0 626.0 1052.0 608.0 1094.0 612.0 1094.0 631.0 small-vehicle 0
1245.0 464.0 1245.0 486.0 1198.0 483.0 1198.0 461.0 small-vehicle 0
1256.0 488.0 1255.0 510.0 1205.0 505.0 1205.0 485.0 small-vehicle 0
1250.0 725.0 1231.0 728.0 1223.0 684.0 1242.0 682.0 small-vehicle 0
1225.0 735.0 1205.0 736.0 1202.0 695.0 1219.0 694.0 small-vehicle 0
1205.0 734.0 1187.0 736.0 1183.0 700.0 1200.0 699.0 small-vehicle 0
1190.0 802.0 1170.0 808.0 1157.0 767.0 1174.0 761.0 small-vehicle 0
1021.0 326.0 1027.0 345.0 998.0 358.0 988.0 342.0 small-vehicle 0
730.0 1130.0 732.0 1156.0 627.0 1166.0 624.0 1141.0 large-vehicle 0
1077.0 996.0 1086.0 1024.0 993.0 1061.0 980.0 1038.0 large-vehicle 0
1202.0 970.0 1215.0 1001.0 1077.0 1067.0 1060.0 1041.0 large-vehicle 0
1220.0 414.0 1220.0 434.0 1173.0 431.0 1173.0 410.0 small-vehicle 0
1189.0 349.0 1190.0 374.0 1131.0 371.0 1131.0 351.0 small-vehicle 0
1121.0 901.0 1095.0 912.0 1057.0 819.0 1080.0 810.0 large-vehicle 0
633.0 645.0 626.0 629.0 654.0 613.0 665.0 632.0 small-vehicle 0
674.0 630.0 683.0 650.0 644.0 666.0 637.0 647.0 small-vehicle 0
294.0 654.0 301.0 673.0 259.0 688.0 251.0 672.0 small-vehicle 0
1143.0 77.0 1121.0 87.0 1093.0 27.0 1117.0 17.0 large-vehicle 0
1169.0 297.0 1167.0 324.0 1102.0 319.0 1103.0 293.0 large-vehicle 0
1097.0 916.0 1073.0 926.0 1033.0 831.0 1057.0 819.0 large-vehicle 0
1177.0 323.0 1177.0 344.0 1122.0 343.0 1122.0 323.0 small-vehicle 0
1026.0 735.0 1006.0 725.0 1035.0 673.0 1055.0 686.0 large-vehicle 0
1041.0 768.0 1023.0 755.0 1058.0 706.0 1076.0 722.0 large-vehicle 0
1144.0 191.0 1163.0 183.0 1182.0 226.0 1165.0 236.0 small-vehicle 0
581.0 326.0 592.0 352.0 523.0 383.0 510.0 356.0 large-vehicle 0
