imagesource:GoogleEarth
gsd:0.119388928296
457.0 1206.0 486.0 1202.0 499.0 1259.0 469.0 1266.0 large-vehicle 0
484.0 1203.0 515.0 1197.0 529.0 1254.0 499.0 1261.0 large-vehicle 0
603.0 1052.0 598.0 1030.0 659.0 1012.0 665.0 1037.0 large-vehicle 0
598.0 1023.0 593.0 999.0 649.0 984.0 655.0 1008.0 large-vehicle 0
591.0 993.0 584.0 969.0 650.0 953.0 653.0 978.0 large-vehicle 0
584.0 964.0 578.0 941.0 643.0 927.0 646.0 950.0 large-vehicle 0
576.0 937.0 570.0 912.0 631.0 897.0 637.0 921.0 large-vehicle 0
560.0 878.0 555.0 852.0 619.0 838.0 624.0 862.0 large-vehicle 0
547.0 821.0 544.0 799.0 606.0 784.0 610.0 806.0 large-vehicle 0
542.0 795.0 533.0 771.0 596.0 754.0 602.0 778.0 large-vehicle 0
535.0 764.0 527.0 742.0 592.0 724.0 598.0 748.0 large-vehicle 0
509.0 675.0 503.0 654.0 568.0 637.0 575.0 660.0 large-vehicle 0
504.0 648.0 495.0 624.0 560.0 606.0 566.0 631.0 large-vehicle 0
621.0 560.0 626.0 584.0 561.0 600.0 554.0 575.0 large-vehicle 0
612.0 530.0 618.0 552.0 554.0 569.0 546.0 544.0 large-vehicle 0
487.0 590.0 478.0 566.0 541.0 544.0 547.0 570.0 large-vehicle 0
481.0 560.0 473.0 535.0 534.0 515.0 540.0 542.0 large-vehicle 0
389.0 630.0 395.0 654.0 325.0 671.0 318.0 649.0 large-vehicle 0
384.0 600.0 389.0 624.0 320.0 643.0 311.0 620.0 large-vehicle 0
385.0 564.0 393.0 590.0 311.0 608.0 306.0 584.0 large-vehicle 0
378.0 539.0 383.0 561.0 317.0 575.0 312.0 553.0 large-vehicle 0
612.0 1083.0 606.0 1060.0 666.0 1044.0 671.0 1065.0 large-vehicle 0
656.0 704.0 661.0 729.0 598.0 745.0 591.0 723.0 large-vehicle 0
664.0 737.0 669.0 759.0 606.0 777.0 600.0 755.0 large-vehicle 0
825.0 1112.0 849.0 1105.0 871.0 1164.0 840.0 1171.0 large-vehicle 0
513.0 1193.0 542.0 1186.0 560.0 1247.0 529.0 1254.0 large-vehicle 0
572.0 1177.0 599.0 1169.0 616.0 1232.0 585.0 1239.0 large-vehicle 0
600.0 1172.0 627.0 1165.0 644.0 1224.0 613.0 1232.0 large-vehicle 0
629.0 1165.0 656.0 1155.0 672.0 1216.0 642.0 1223.0 large-vehicle 0
658.0 1155.0 684.0 1149.0 700.0 1208.0 670.0 1218.0 large-vehicle 0
740.0 1137.0 767.0 1130.0 784.0 1188.0 755.0 1196.0 large-vehicle 0
766.0 1127.0 795.0 1119.0 811.0 1179.0 782.0 1188.0 large-vehicle 0
798.0 1121.0 824.0 1112.0 841.0 1171.0 812.0 1178.0 large-vehicle 0
879.0 1097.0 901.0 1092.0 915.0 1150.0 893.0 1155.0 large-vehicle 0
669.0 768.0 675.0 792.0 613.0 806.0 607.0 784.0 large-vehicle 0
907.0 1088.0 928.0 1083.0 944.0 1139.0 921.0 1145.0 large-vehicle 0
729.0 997.0 735.0 1024.0 670.0 1039.0 662.0 1014.0 large-vehicle 0
722.0 968.0 729.0 994.0 658.0 1011.0 649.0 986.0 large-vehicle 0
713.0 936.0 719.0 959.0 655.0 976.0 648.0 952.0 large-vehicle 0
700.0 880.0 705.0 904.0 642.0 920.0 635.0 895.0 large-vehicle 0
688.0 852.0 691.0 876.0 634.0 892.0 626.0 867.0 large-vehicle 0
685.0 822.0 691.0 846.0 629.0 863.0 622.0 839.0 large-vehicle 0
680.0 794.0 685.0 817.0 623.0 835.0 616.0 812.0 large-vehicle 0
343.0 458.0 349.0 481.0 286.0 495.0 280.0 472.0 large-vehicle 0
