imagesource:GoogleEarth
gsd:0.109451344588
2543.0 2481.0 2860.0 2450.0 2899.0 2843.0 2586.0 2873.0 soccer-ball-field 0
725.0 1627.0 732.0 1647.0 691.0 1664.0 683.0 1644.0 small-vehicle 0
788.0 1938.0 784.0 1917.0 830.0 1911.0 833.0 1934.0 small-vehicle 0
777.0 1914.0 774.0 1892.0 821.0 1887.0 823.0 1910.0 small-vehicle 0
770.0 1889.0 766.0 1869.0 810.0 1860.0 814.0 1882.0 small-vehicle 0
538.0 1955.0 534.0 1934.0 573.0 1932.0 576.0 1951.0 small-vehicle 0
647.0 1896.0 668.0 1888.0 677.0 1923.0 658.0 1930.0 small-vehicle 0
774.0 1757.0 782.0 1777.0 749.0 1787.0 742.0 1768.0 small-vehicle 0
592.0 1742.0 611.0 1735.0 629.0 1784.0 613.0 1791.0 small-vehicle 0
759.0 1832.0 753.0 1815.0 789.0 1802.0 795.0 1820.0 small-vehicle 0
770.0 1734.0 777.0 1756.0 743.0 1768.0 733.0 1751.0 small-vehicle 0
762.0 1714.0 770.0 1734.0 734.0 1750.0 723.0 1729.0 small-vehicle 0
756.0 1691.0 764.0 1714.0 727.0 1729.0 717.0 1710.0 small-vehicle 0
747.0 1671.0 754.0 1692.0 719.0 1707.0 708.0 1689.0 small-vehicle 0
735.0 1649.0 743.0 1670.0 705.0 1685.0 694.0 1666.0 small-vehicle 0
465.0 1707.0 484.0 1697.0 503.0 1734.0 484.0 1745.0 small-vehicle 0
3211.0 2614.0 3235.0 2807.0 2919.0 2839.0 2897.0 2646.0 soccer-ball-field 0
477.0 1649.0 497.0 1650.0 494.0 1693.0 474.0 1691.0 small-vehicle 0
546.0 1647.0 568.0 1638.0 583.0 1678.0 564.0 1689.0 small-vehicle 0
831.0 1612.0 837.0 1631.0 800.0 1642.0 793.0 1622.0 small-vehicle 0
710.0 1589.0 720.0 1609.0 683.0 1626.0 671.0 1606.0 small-vehicle 0
700.0 1570.0 710.0 1589.0 674.0 1606.0 663.0 1588.0 small-vehicle 0
820.0 1591.0 827.0 1612.0 789.0 1626.0 778.0 1607.0 small-vehicle 0
814.0 1568.0 821.0 1588.0 780.0 1603.0 771.0 1582.0 small-vehicle 0
807.0 1546.0 813.0 1568.0 771.0 1578.0 763.0 1559.0 small-vehicle 0
691.0 1550.0 700.0 1571.0 666.0 1587.0 655.0 1566.0 small-vehicle 0
680.0 1508.0 688.0 1531.0 648.0 1548.0 637.0 1528.0 small-vehicle 0
781.0 1509.0 788.0 1529.0 753.0 1542.0 743.0 1525.0 small-vehicle 0
777.0 1486.0 786.0 1507.0 746.0 1524.0 736.0 1503.0 small-vehicle 0
768.0 1467.0 778.0 1485.0 739.0 1503.0 729.0 1486.0 small-vehicle 0
791.0 1965.0 785.0 1945.0 823.0 1934.0 829.0 1956.0 small-vehicle 0
972.0 1960.0 968.0 1936.0 1023.0 1931.0 1025.0 1957.0 large-vehicle 0
873.0 1734.0 881.0 1754.0 843.0 1766.0 836.0 1748.0 small-vehicle 0
868.0 1713.0 876.0 1734.0 838.0 1747.0 829.0 1729.0 small-vehicle 0
876.0 2771.0 851.0 2775.0 832.0 2704.0 859.0 2698.0 large-vehicle 0
412.0 2914.0 385.0 2923.0 365.0 2848.0 391.0 2839.0 large-vehicle 0
3114.0 938.0 3134.0 933.0 3144.0 982.0 3125.0 986.0 small-vehicle 0
3201.0 1202.0 3178.0 1207.0 3166.0 1151.0 3188.0 1147.0 small-vehicle 0
3239.0 1365.0 3217.0 1369.0 3205.0 1321.0 3226.0 1317.0 small-vehicle 0
3299.0 1421.0 3321.0 1418.0 3330.0 1462.0 3308.0 1466.0 small-vehicle 0
3348.0 1531.0 3327.0 1534.0 3315.0 1488.0 3338.0 1483.0 small-vehicle 0
3328.0 1537.0 3346.0 1533.0 3357.0 1574.0 3336.0 1578.0 small-vehicle 0
3322.0 1574.0 3301.0 1576.0 3291.0 1535.0 3311.0 1531.0 small-vehicle 0
3265.0 1560.0 3284.0 1557.0 3295.0 1602.0 3276.0 1606.0 small-vehicle 0
3377.0 1658.0 3357.0 1662.0 3344.0 1614.0 3365.0 1610.0 small-vehicle 0
3388.0 1705.0 3369.0 1707.0 3360.0 1665.0 3380.0 1662.0 small-vehicle 0
3323.0 1729.0 3306.0 1734.0 3291.0 1690.0 3311.0 1685.0 small-vehicle 0
3314.0 1767.0 3334.0 1764.0 3344.0 1806.0 3324.0 1809.0 small-vehicle 0
3328.0 1825.0 3347.0 1820.0 3357.0 1863.0 3337.0 1868.0 small-vehicle 0
3450.0 1957.0 3430.0 1955.0 3425.0 1913.0 3447.0 1912.0 small-vehicle 0
3341.0 1875.0 3360.0 1871.0 3368.0 1907.0 3350.0 1911.0 small-vehicle 0
3349.0 1917.0 3368.0 1913.0 3377.0 1951.0 3359.0 1955.0 small-vehicle 0
1575.0 501.0 2431.0 345.0 2785.0 1910.0 1932.0 2067.0 ground-track-field 0
1658.0 1276.0 2669.0 1021.0 2809.0 1593.0 1799.0 1845.0 soccer-ball-field 0
928.0 1681.0 905.0 1684.0 892.0 1631.0 915.0 1626.0 small-vehicle 0
946.0 1758.0 923.0 1763.0 906.0 1698.0 930.0 1692.0 small-vehicle 0
841.0 1630.0 848.0 1650.0 813.0 1662.0 803.0 1643.0 small-vehicle 0
848.0 1648.0 856.0 1668.0 815.0 1684.0 805.0 1666.0 small-vehicle 0
852.0 1671.0 861.0 1690.0 825.0 1704.0 814.0 1686.0 small-vehicle 0
860.0 1692.0 868.0 1711.0 835.0 1724.0 826.0 1706.0 small-vehicle 0
756.0 1448.0 766.0 1468.0 731.0 1484.0 720.0 1465.0 small-vehicle 0
745.0 1426.0 754.0 1447.0 718.0 1463.0 706.0 1444.0 small-vehicle 0
800.0 1429.0 808.0 1450.0 769.0 1464.0 759.0 1446.0 small-vehicle 0
2034.0 286.0 2533.0 189.0 2688.0 985.0 2190.0 1080.0 soccer-ball-field 0
1653.0 4.0 1673.0 6.0 1668.0 51.0 1649.0 48.0 small-vehicle 0
1645.0 53.0 1622.0 54.0 1615.0 8.0 1634.0 5.0 small-vehicle 0
1563.0 70.0 1543.0 72.0 1533.0 26.0 1551.0 24.0 small-vehicle 0
1539.0 72.0 1518.0 74.0 1511.0 29.0 1529.0 26.0 small-vehicle 0
1498.0 69.0 1479.0 74.0 1464.0 32.0 1480.0 26.0 small-vehicle 0
1473.0 76.0 1452.0 79.0 1444.0 35.0 1464.0 33.0 small-vehicle 0
1267.0 69.0 1286.0 65.0 1296.0 108.0 1275.0 113.0 small-vehicle 0
1247.0 114.0 1226.0 117.0 1217.0 73.0 1234.0 69.0 small-vehicle 0
1171.0 81.0 1188.0 91.0 1168.0 128.0 1147.0 118.0 small-vehicle 0
1023.0 266.0 1018.0 247.0 1065.0 240.0 1069.0 261.0 small-vehicle 0
1065.0 134.0 1052.0 116.0 1087.0 97.0 1099.0 116.0 small-vehicle 0
1009.0 127.0 989.0 128.0 982.0 88.0 1003.0 87.0 small-vehicle 0
1776.0 303.0 1945.0 1127.0 1439.0 1230.0 1270.0 406.0 soccer-ball-field 0
877.0 297.0 874.0 280.0 917.0 275.0 919.0 294.0 small-vehicle 0
906.0 140.0 905.0 121.0 946.0 117.0 949.0 139.0 small-vehicle 0
865.0 144.0 867.0 166.0 828.0 170.0 821.0 150.0 small-vehicle 0
802.0 146.0 814.0 163.0 784.0 186.0 771.0 170.0 small-vehicle 0
643.0 208.0 639.0 191.0 674.0 186.0 677.0 204.0 small-vehicle 0
631.0 188.0 636.0 211.0 591.0 216.0 586.0 192.0 small-vehicle 0
453.0 243.0 433.0 241.0 439.0 202.0 459.0 206.0 small-vehicle 0
413.0 238.0 393.0 241.0 386.0 199.0 408.0 194.0 small-vehicle 0
544.0 217.0 523.0 219.0 515.0 171.0 539.0 168.0 small-vehicle 0
56.0 152.0 75.0 156.0 64.0 197.0 44.0 192.0 small-vehicle 0
69.0 105.0 87.0 111.0 77.0 152.0 55.0 146.0 small-vehicle 0
140.0 89.0 121.0 83.0 137.0 40.0 156.0 47.0 small-vehicle 0
67.0 26.0 88.0 23.0 95.0 74.0 75.0 77.0 small-vehicle 0
1260.0 61.0 1240.0 66.0 1232.0 25.0 1249.0 21.0 small-vehicle 0
2110.0 64.0 2103.0 43.0 2150.0 34.0 2155.0 54.0 small-vehicle 0
783.0 1410.0 790.0 1431.0 759.0 1447.0 748.0 1427.0 small-vehicle 0
2163.0 1.0 2166.0 14.0 2129.0 24.0 2123.0 2.0 small-vehicle 0
763.0 1373.0 773.0 1393.0 737.0 1408.0 728.0 1392.0 small-vehicle 0
752.0 1350.0 761.0 1370.0 726.0 1389.0 713.0 1371.0 small-vehicle 0
76.0 1315.0 77.0 1335.0 37.0 1340.0 33.0 1321.0 small-vehicle 0
121.0 1305.0 122.0 1326.0 85.0 1330.0 81.0 1311.0 small-vehicle 0
195.0 1347.0 198.0 1364.0 163.0 1370.0 160.0 1353.0 small-vehicle 0
125.0 1211.0 135.0 1228.0 106.0 1247.0 93.0 1229.0 small-vehicle 0
227.0 1157.0 236.0 1177.0 201.0 1197.0 188.0 1180.0 small-vehicle 0
248.0 1181.0 256.0 1203.0 214.0 1221.0 203.0 1203.0 small-vehicle 0
355.0 1156.0 337.0 1163.0 315.0 1125.0 333.0 1115.0 small-vehicle 0
3069.0 1.0 3090.0 1.0 3102.0 34.0 3083.0 40.0 small-vehicle 0
3084.0 49.0 3107.0 44.0 3118.0 89.0 3098.0 95.0 small-vehicle 0
3444.0 444.0 3433.0 421.0 3484.0 399.0 3491.0 423.0 large-vehicle 0
3465.0 347.0 3472.0 373.0 3421.0 391.0 3411.0 368.0 small-vehicle 0
3411.0 105.0 3431.0 98.0 3444.0 136.0 3427.0 142.0 small-vehicle 0
3422.0 158.0 3403.0 163.0 3388.0 119.0 3408.0 113.0 small-vehicle 0
3198.0 148.0 3180.0 151.0 3173.0 111.0 3192.0 108.0 small-vehicle 0
3153.0 299.0 3131.0 300.0 3128.0 250.0 3147.0 249.0 small-vehicle 0
3207.0 515.0 3186.0 511.0 3193.0 465.0 3214.0 468.0 small-vehicle 0
3198.0 559.0 3178.0 556.0 3185.0 511.0 3207.0 516.0 small-vehicle 0
3174.0 568.0 3196.0 571.0 3190.0 624.0 3167.0 621.0 small-vehicle 0
3451.0 817.0 3444.0 801.0 3482.0 784.0 3490.0 803.0 small-vehicle 0
3410.0 833.0 3402.0 817.0 3441.0 802.0 3447.0 819.0 small-vehicle 0
3397.0 819.0 3403.0 838.0 3365.0 853.0 3356.0 836.0 small-vehicle 0
3379.0 860.0 3386.0 880.0 3351.0 891.0 3343.0 876.0 small-vehicle 0
3176.0 829.0 3155.0 833.0 3142.0 787.0 3163.0 782.0 large-vehicle 0
3130.0 911.0 3107.0 913.0 3100.0 836.0 3124.0 834.0 large-vehicle 0
540.0 1988.0 535.0 1969.0 578.0 1957.0 582.0 1978.0 small-vehicle 0
572.0 2900.0 568.0 2880.0 609.0 2871.0 614.0 2894.0 small-vehicle 0
661.0 2859.0 656.0 2836.0 694.0 2829.0 699.0 2851.0 small-vehicle 0
614.0 2867.0 608.0 2844.0 654.0 2835.0 661.0 2859.0 small-vehicle 0
566.0 2878.0 561.0 2857.0 608.0 2847.0 612.0 2870.0 small-vehicle 0
430.0 3091.0 434.0 3112.0 395.0 3120.0 389.0 3101.0 small-vehicle 0
486.0 3104.0 483.0 3083.0 527.0 3076.0 530.0 3099.0 small-vehicle 0
472.0 3023.0 467.0 3004.0 511.0 2995.0 514.0 3015.0 small-vehicle 0
471.0 3002.0 466.0 2982.0 508.0 2975.0 512.0 2996.0 small-vehicle 0
421.0 3069.0 425.0 3090.0 393.0 3098.0 386.0 3080.0 small-vehicle 0
414.0 3036.0 415.0 3058.0 380.0 3065.0 373.0 3045.0 small-vehicle 0
411.0 3016.0 415.0 3036.0 380.0 3045.0 372.0 3024.0 small-vehicle 0
325.0 2907.0 304.0 2910.0 296.0 2866.0 315.0 2861.0 small-vehicle 0
350.0 2900.0 328.0 2906.0 319.0 2858.0 339.0 2855.0 small-vehicle 0
141.0 2925.0 140.0 2906.0 179.0 2904.0 179.0 2923.0 small-vehicle 0
3450.0 2054.0 3472.0 2049.0 3484.0 2100.0 3463.0 2104.0 small-vehicle 0
3430.0 1961.0 3451.0 1958.0 3458.0 1997.0 3438.0 2002.0 small-vehicle 0
3361.0 1963.0 3379.0 1961.0 3388.0 1998.0 3370.0 2003.0 small-vehicle 0
3360.0 2025.0 3382.0 2022.0 3390.0 2064.0 3369.0 2067.0 small-vehicle 0
3369.0 2069.0 3389.0 2067.0 3398.0 2113.0 3379.0 2114.0 small-vehicle 0
3412.0 2161.0 3432.0 2163.0 3432.0 2202.0 3411.0 2201.0 small-vehicle 0
3477.0 2397.0 3457.0 2399.0 3447.0 2357.0 3467.0 2353.0 small-vehicle 0
3491.0 2492.0 3476.0 2492.0 3467.0 2449.0 3488.0 2446.0 small-vehicle 0
3488.0 2439.0 3467.0 2442.0 3458.0 2401.0 3478.0 2398.0 small-vehicle 0
1926.0 1879.0 2785.0 1666.0 2915.0 2229.0 2056.0 2444.0 soccer-ball-field 0
702.0 2847.0 695.0 2827.0 725.0 2820.0 730.0 2841.0 small-vehicle 0
614.0 2888.0 609.0 2870.0 655.0 2860.0 660.0 2883.0 small-vehicle 0
1596.0 2803.0 1591.0 2780.0 1650.0 2770.0 1654.0 2791.0 small-vehicle 0
664.0 2880.0 659.0 2860.0 706.0 2850.0 711.0 2873.0 small-vehicle 0
3193.0 2417.0 3213.0 2608.0 2899.0 2642.0 2878.0 2447.0 soccer-ball-field 0
3329.0 1984.0 3377.0 2178.0 3070.0 2249.0 3023.0 2061.0 soccer-ball-field 0
3285.0 1794.0 3330.0 1980.0 3024.0 2057.0 2978.0 1868.0 soccer-ball-field 0
3239.0 1603.0 3284.0 1792.0 2979.0 1866.0 2932.0 1679.0 soccer-ball-field 0
3194.0 1414.0 3239.0 1601.0 2933.0 1674.0 2885.0 1489.0 soccer-ball-field 0
3148.0 1222.0 3193.0 1410.0 2885.0 1483.0 2840.0 1295.0 soccer-ball-field 0
3100.0 1029.0 3147.0 1218.0 2841.0 1292.0 2793.0 1104.0 soccer-ball-field 0
3056.0 840.0 3101.0 1025.0 2792.0 1101.0 2746.0 913.0 soccer-ball-field 0
3007.0 650.0 3054.0 836.0 2747.0 910.0 2703.0 721.0 soccer-ball-field 0
3434.0 412.0 3427.0 392.0 3464.0 379.0 3469.0 399.0 small-vehicle 1
2614.0 353.0 2921.0 280.0 3005.0 633.0 2700.0 707.0 soccer-ball-field 0
1273.0 3119.0 1272.0 3100.0 1310.0 3095.0 1312.0 3114.0 small-vehicle 1
493.0 3125.0 486.0 3107.0 525.0 3095.0 531.0 3113.0 small-vehicle 1
1985.0 32.0 1990.0 53.0 1955.0 60.0 1950.0 39.0 small-vehicle 1
534.0 1742.0 534.0 1760.0 491.0 1760.0 491.0 1741.0 small-vehicle 1
520.0 1836.0 542.0 1832.0 550.0 1869.0 530.0 1872.0 small-vehicle 1
26.0 909.0 17.0 892.0 49.0 872.0 58.0 890.0 small-vehicle 1
668.0 165.0 669.0 182.0 639.0 187.0 635.0 172.0 small-vehicle 0
1400.0 2883.0 1395.0 2864.0 1437.0 2855.0 1441.0 2875.0 small-vehicle 0
864.0 2833.0 884.0 2831.0 893.0 2874.0 874.0 2879.0 small-vehicle 0
889.0 2961.0 914.0 2958.0 922.0 3010.0 895.0 3015.0 large-vehicle 0
822.0 3119.0 819.0 3100.0 867.0 3092.0 871.0 3115.0 small-vehicle 0
820.0 3096.0 817.0 3076.0 858.0 3067.0 863.0 3088.0 small-vehicle 0
820.0 3073.0 816.0 3055.0 854.0 3049.0 856.0 3069.0 small-vehicle 0
815.0 3047.0 813.0 3029.0 854.0 3024.0 856.0 3043.0 small-vehicle 0
752.0 2861.0 747.0 2841.0 791.0 2832.0 795.0 2852.0 small-vehicle 0
711.0 2871.0 706.0 2850.0 747.0 2841.0 751.0 2863.0 small-vehicle 0
1591.0 2776.0 1585.0 2758.0 1638.0 2745.0 1643.0 2766.0 small-vehicle 0
591.0 2818.0 586.0 2799.0 626.0 2790.0 631.0 2812.0 small-vehicle 0
753.0 2764.0 750.0 2746.0 795.0 2737.0 799.0 2758.0 small-vehicle 0
708.0 2780.0 702.0 2760.0 745.0 2752.0 749.0 2773.0 small-vehicle 0
664.0 2784.0 658.0 2764.0 699.0 2759.0 702.0 2780.0 small-vehicle 0
619.0 2790.0 614.0 2772.0 656.0 2764.0 660.0 2784.0 small-vehicle 0
580.0 2799.0 575.0 2780.0 611.0 2773.0 616.0 2794.0 small-vehicle 0
756.0 2741.0 750.0 2722.0 791.0 2712.0 796.0 2734.0 small-vehicle 0
710.0 2750.0 703.0 2729.0 743.0 2721.0 746.0 2744.0 small-vehicle 0
667.0 2759.0 663.0 2740.0 704.0 2731.0 708.0 2751.0 small-vehicle 0
625.0 2769.0 620.0 2749.0 662.0 2742.0 665.0 2761.0 small-vehicle 0
579.0 2774.0 575.0 2757.0 616.0 2749.0 620.0 2769.0 small-vehicle 0
541.0 2810.0 537.0 2791.0 575.0 2781.0 580.0 2803.0 small-vehicle 0
557.0 2715.0 561.0 2735.0 515.0 2746.0 507.0 2724.0 small-vehicle 0
322.0 2848.0 315.0 2828.0 371.0 2810.0 377.0 2833.0 small-vehicle 0
755.0 2355.0 776.0 2352.0 786.0 2397.0 767.0 2401.0 small-vehicle 0
831.0 2391.0 853.0 2387.0 861.0 2434.0 843.0 2439.0 small-vehicle 0
812.0 2321.0 835.0 2317.0 847.0 2368.0 827.0 2374.0 small-vehicle 0
803.0 2270.0 825.0 2266.0 833.0 2308.0 814.0 2312.0 small-vehicle 0
791.0 2220.0 812.0 2214.0 822.0 2254.0 801.0 2260.0 small-vehicle 0
688.0 2321.0 695.0 2340.0 653.0 2350.0 648.0 2333.0 small-vehicle 0
643.0 2224.0 623.0 2226.0 616.0 2185.0 637.0 2182.0 small-vehicle 0
714.0 2122.0 733.0 2119.0 741.0 2157.0 723.0 2160.0 small-vehicle 0
692.0 2043.0 711.0 2039.0 720.0 2075.0 701.0 2080.0 small-vehicle 0
828.0 1956.0 834.0 1979.0 796.0 1990.0 786.0 1968.0 small-vehicle 0
551.0 2832.0 550.0 2813.0 588.0 2807.0 591.0 2828.0 small-vehicle 0
634.0 2812.0 628.0 2791.0 670.0 2783.0 674.0 2804.0 small-vehicle 0
1595.0 2749.0 1588.0 2729.0 1636.0 2717.0 1642.0 2739.0 small-vehicle 0
675.0 2805.0 671.0 2784.0 712.0 2778.0 715.0 2798.0 small-vehicle 0
958.0 2123.0 952.0 2101.0 995.0 2093.0 1000.0 2114.0 small-vehicle 0
966.0 2157.0 962.0 2143.0 1000.0 2136.0 1004.0 2153.0 small-vehicle 0
972.0 2182.0 965.0 2160.0 1010.0 2150.0 1015.0 2176.0 small-vehicle 0
882.0 2825.0 862.0 2827.0 853.0 2784.0 872.0 2780.0 small-vehicle 0
777.0 2830.0 774.0 2811.0 822.0 2809.0 824.0 2831.0 small-vehicle 0
732.0 2840.0 729.0 2820.0 774.0 2813.0 779.0 2833.0 small-vehicle 0
779.0 2806.0 774.0 2787.0 813.0 2780.0 817.0 2802.0 small-vehicle 0
732.0 2816.0 726.0 2795.0 774.0 2787.0 778.0 2807.0 small-vehicle 0
687.0 2826.0 681.0 2805.0 727.0 2797.0 732.0 2820.0 small-vehicle 0
646.0 2834.0 642.0 2814.0 682.0 2804.0 688.0 2829.0 small-vehicle 0
600.0 2845.0 597.0 2824.0 643.0 2815.0 645.0 2836.0 small-vehicle 0
763.0 2790.0 759.0 2769.0 795.0 2763.0 801.0 2782.0 small-vehicle 0
719.0 2795.0 716.0 2777.0 757.0 2771.0 762.0 2791.0 small-vehicle 0
530.0 299.0 526.0 269.0 620.0 257.0 625.0 284.0 large-vehicle 0
