imagesource:GoogleEarth
gsd:0.118303682522
447.0 689.0 460.0 709.0 386.0 751.0 374.0 732.0 large-vehicle 0
277.0 470.0 293.0 463.0 308.0 492.0 292.0 499.0 small-vehicle 1
684.0 782.0 700.0 804.0 635.0 849.0 619.0 822.0 large-vehicle 0
699.0 810.0 719.0 837.0 651.0 873.0 636.0 852.0 large-vehicle 0
712.0 839.0 727.0 864.0 663.0 904.0 648.0 878.0 large-vehicle 0
726.0 863.0 740.0 888.0 680.0 927.0 663.0 901.0 large-vehicle 0
743.0 888.0 760.0 914.0 695.0 953.0 679.0 928.0 large-vehicle 0
760.0 914.0 774.0 939.0 712.0 980.0 695.0 954.0 large-vehicle 0
601.0 634.0 617.0 659.0 537.0 703.0 520.0 677.0 large-vehicle 0
604.0 633.0 632.0 618.0 675.0 691.0 645.0 707.0 large-vehicle 0
641.0 630.0 668.0 616.0 715.0 686.0 687.0 702.0 large-vehicle 0
653.0 593.0 681.0 579.0 730.0 652.0 699.0 670.0 large-vehicle 0
597.0 737.0 619.0 721.0 664.0 787.0 638.0 803.0 large-vehicle 0
616.0 723.0 647.0 705.0 694.0 779.0 667.0 795.0 large-vehicle 0
650.0 712.0 678.0 697.0 725.0 768.0 697.0 787.0 large-vehicle 0
693.0 704.0 718.0 693.0 765.0 770.0 737.0 785.0 large-vehicle 0
715.0 688.0 742.0 675.0 791.0 748.0 759.0 764.0 large-vehicle 0
697.0 786.0 728.0 770.0 769.0 849.0 738.0 865.0 large-vehicle 0
741.0 793.0 770.0 777.0 816.0 853.0 789.0 868.0 large-vehicle 0
762.0 766.0 791.0 749.0 838.0 824.0 808.0 840.0 large-vehicle 0
743.0 868.0 772.0 853.0 820.0 928.0 792.0 946.0 large-vehicle 0
808.0 842.0 837.0 828.0 881.0 897.0 851.0 914.0 large-vehicle 0
790.0 870.0 815.0 856.0 862.0 932.0 832.0 947.0 large-vehicle 0
777.0 940.0 792.0 963.0 728.0 1006.0 710.0 979.0 large-vehicle 0
791.0 969.0 805.0 990.0 744.0 1032.0 728.0 1008.0 large-vehicle 0
791.0 951.0 819.0 936.0 866.0 1005.0 838.0 1026.0 large-vehicle 0
852.0 951.0 868.0 938.0 904.0 990.0 886.0 1004.0 large-vehicle 0
627.0 487.0 674.0 561.0 644.0 578.0 598.0 503.0 large-vehicle 0
630.0 552.0 610.0 572.0 543.0 508.0 565.0 484.0 large-vehicle 0
557.0 551.0 583.0 539.0 629.0 610.0 599.0 626.0 large-vehicle 0
287.0 782.0 301.0 808.0 223.0 855.0 208.0 830.0 large-vehicle 0
294.0 459.0 308.0 452.0 325.0 476.0 311.0 484.0 small-vehicle 1
313.0 381.0 296.0 390.0 279.0 355.0 295.0 347.0 small-vehicle 1
309.0 328.0 326.0 322.0 341.0 355.0 323.0 361.0 small-vehicle 1
89.0 456.0 99.0 470.0 68.0 487.0 60.0 474.0 small-vehicle 0
331.0 329.0 345.0 319.0 364.0 349.0 349.0 357.0 small-vehicle 0
295.0 393.0 278.0 401.0 260.0 369.0 275.0 359.0 small-vehicle 0
225.0 389.0 240.0 379.0 259.0 412.0 243.0 422.0 small-vehicle 0
174.0 418.0 190.0 408.0 211.0 441.0 195.0 452.0 small-vehicle 0
185.0 804.0 197.0 828.0 121.0 872.0 106.0 848.0 large-vehicle 0
179.0 768.0 192.0 792.0 114.0 839.0 99.0 815.0 large-vehicle 0
170.0 726.0 189.0 750.0 114.0 807.0 96.0 782.0 large-vehicle 0
267.0 758.0 279.0 780.0 205.0 826.0 191.0 800.0 large-vehicle 0
511.0 565.0 540.0 554.0 574.0 639.0 546.0 650.0 large-vehicle 0
257.0 717.0 272.0 741.0 196.0 788.0 179.0 764.0 large-vehicle 0
245.0 682.0 259.0 706.0 191.0 748.0 175.0 724.0 large-vehicle 0
339.0 664.0 354.0 689.0 277.0 735.0 261.0 711.0 large-vehicle 0
325.0 630.0 340.0 656.0 262.0 704.0 246.0 681.0 large-vehicle 0
423.0 663.0 436.0 688.0 359.0 733.0 345.0 712.0 large-vehicle 0
418.0 615.0 434.0 641.0 359.0 686.0 341.0 661.0 large-vehicle 0
403.0 581.0 417.0 604.0 341.0 653.0 327.0 630.0 large-vehicle 0
500.0 568.0 515.0 593.0 439.0 639.0 424.0 613.0 large-vehicle 0
506.0 608.0 519.0 632.0 440.0 680.0 425.0 655.0 large-vehicle 0
489.0 531.0 504.0 556.0 427.0 605.0 410.0 580.0 large-vehicle 0
529.0 633.0 543.0 659.0 466.0 701.0 451.0 677.0 large-vehicle 0
857.0 921.0 883.0 907.0 930.0 977.0 903.0 995.0 large-vehicle 0
