imagesource:GoogleEarth
gsd:0.120626017444
2039.0 3090.0 2484.0 2808.0 2930.0 3507.0 2486.0 3790.0 soccer-ball-field 0
1176.0 1391.0 1158.0 1385.0 1168.0 1353.0 1186.0 1359.0 small-vehicle 0
1084.0 957.0 1093.0 970.0 1064.0 991.0 1055.0 979.0 small-vehicle 0
1003.0 1047.0 992.0 1037.0 1011.0 1009.0 1024.0 1018.0 small-vehicle 0
1096.0 1259.0 1080.0 1253.0 1090.0 1224.0 1104.0 1229.0 small-vehicle 0
1072.0 1214.0 1087.0 1219.0 1075.0 1254.0 1060.0 1249.0 small-vehicle 0
1146.0 1288.0 1130.0 1281.0 1144.0 1252.0 1160.0 1260.0 small-vehicle 1
1299.0 1230.0 1293.0 1244.0 1260.0 1232.0 1266.0 1217.0 small-vehicle 0
1297.0 1300.0 1311.0 1305.0 1300.0 1333.0 1286.0 1328.0 small-vehicle 0
1268.0 1428.0 1250.0 1422.0 1261.0 1389.0 1278.0 1394.0 small-vehicle 0
1399.0 1466.0 1393.0 1481.0 1359.0 1465.0 1365.0 1451.0 small-vehicle 0
1099.0 1376.0 1115.0 1381.0 1103.0 1419.0 1085.0 1414.0 small-vehicle 0
1229.0 1415.0 1212.0 1407.0 1227.0 1373.0 1243.0 1380.0 small-vehicle 0
1341.0 1504.0 1348.0 1485.0 1387.0 1498.0 1379.0 1518.0 small-vehicle 1
1045.0 1454.0 1061.0 1461.0 1046.0 1498.0 1030.0 1492.0 small-vehicle 0
1143.0 1526.0 1129.0 1521.0 1138.0 1491.0 1152.0 1496.0 small-vehicle 0
1176.0 1544.0 1162.0 1538.0 1173.0 1507.0 1186.0 1512.0 small-vehicle 0
1233.0 1563.0 1218.0 1555.0 1232.0 1524.0 1246.0 1530.0 small-vehicle 0
1255.0 1567.0 1239.0 1559.0 1253.0 1526.0 1269.0 1534.0 small-vehicle 0
1272.0 1578.0 1256.0 1571.0 1269.0 1539.0 1284.0 1545.0 small-vehicle 0
1109.0 1228.0 1124.0 1233.0 1113.0 1267.0 1098.0 1262.0 small-vehicle 1
1603.0 1377.0 1592.0 1389.0 1564.0 1363.0 1574.0 1352.0 small-vehicle 0
1152.0 1872.0 1165.0 1881.0 1147.0 1912.0 1134.0 1904.0 small-vehicle 0
1129.0 1915.0 1142.0 1922.0 1122.0 1957.0 1110.0 1948.0 small-vehicle 0
1347.0 1480.0 1353.0 1464.0 1386.0 1479.0 1381.0 1495.0 small-vehicle 1
1193.0 1509.0 1208.0 1516.0 1197.0 1550.0 1181.0 1544.0 small-vehicle 1
1314.0 1866.0 1326.0 1856.0 1353.0 1883.0 1341.0 1894.0 small-vehicle 0
1005.0 1047.0 992.0 1036.0 1011.0 1010.0 1023.0 1018.0 small-vehicle 0
401.0 203.0 385.0 197.0 394.0 167.0 410.0 171.0 small-vehicle 0
314.0 183.0 325.0 173.0 352.0 198.0 342.0 210.0 small-vehicle 0
276.0 242.0 285.0 228.0 313.0 249.0 304.0 264.0 small-vehicle 0
228.0 952.0 218.0 964.0 188.0 939.0 198.0 926.0 small-vehicle 0
197.0 891.0 186.0 881.0 208.0 855.0 219.0 864.0 small-vehicle 0
228.0 773.0 219.0 786.0 196.0 767.0 205.0 755.0 small-vehicle 1
671.0 879.0 676.0 892.0 645.0 904.0 640.0 891.0 small-vehicle 0
668.0 901.0 672.0 915.0 642.0 926.0 637.0 912.0 small-vehicle 0
1085.0 957.0 1092.0 970.0 1064.0 991.0 1056.0 979.0 small-vehicle 0
1030.0 1019.0 1021.0 1005.0 1047.0 986.0 1055.0 999.0 small-vehicle 0
992.0 1051.0 1007.0 1061.0 987.0 1093.0 972.0 1081.0 small-vehicle 1
1122.0 1524.0 1107.0 1518.0 1118.0 1486.0 1133.0 1491.0 small-vehicle 1
1644.0 2053.0 1586.0 1976.0 1743.0 1857.0 1800.0 1930.0 tennis-court 0
1047.0 987.0 1055.0 999.0 1030.0 1019.0 1022.0 1005.0 small-vehicle 1
994.0 1048.0 1008.0 1058.0 986.0 1091.0 972.0 1082.0 small-vehicle 1
1223.0 1308.0 1208.0 1300.0 1222.0 1268.0 1237.0 1275.0 small-vehicle 1
1242.0 1315.0 1230.0 1308.0 1242.0 1279.0 1255.0 1286.0 small-vehicle 1
1276.0 1292.0 1290.0 1296.0 1282.0 1325.0 1267.0 1319.0 small-vehicle 1
1300.0 1248.0 1295.0 1264.0 1260.0 1252.0 1264.0 1235.0 small-vehicle 1
1215.0 1456.0 1198.0 1447.0 1210.0 1412.0 1227.0 1419.0 small-vehicle 1
1157.0 1431.0 1142.0 1425.0 1154.0 1393.0 1169.0 1400.0 small-vehicle 1
1026.0 1491.0 1010.0 1484.0 1022.0 1451.0 1037.0 1457.0 small-vehicle 1
1278.0 1950.0 1266.0 1960.0 1240.0 1930.0 1252.0 1919.0 small-vehicle 0
1379.0 1743.0 1390.0 1754.0 1363.0 1780.0 1352.0 1768.0 small-vehicle 0
2712.0 3377.0 2788.0 3324.0 2896.0 3499.0 2819.0 3547.0 tennis-court 0
1528.0 3416.0 1979.0 3127.0 2427.0 3829.0 1978.0 4120.0 soccer-ball-field 0
1204.0 2016.0 1193.0 2027.0 1168.0 1998.0 1180.0 1988.0 small-vehicle 1
1173.0 2044.0 1161.0 2053.0 1139.0 2027.0 1150.0 2018.0 small-vehicle 1
1159.0 2060.0 1147.0 2070.0 1127.0 2042.0 1140.0 2032.0 small-vehicle 1
1088.0 2120.0 1078.0 2109.0 1101.0 2085.0 1112.0 2096.0 small-vehicle 1
1307.0 1922.0 1294.0 1935.0 1271.0 1906.0 1283.0 1896.0 small-vehicle 1
1838.0 2822.0 1781.0 2746.0 1941.0 2628.0 1997.0 2702.0 tennis-court 0
2085.0 2639.0 2028.0 2564.0 2185.0 2444.0 2241.0 2519.0 tennis-court 0
2007.0 2536.0 1950.0 2460.0 2109.0 2339.0 2164.0 2414.0 tennis-court 0
1932.0 2435.0 1874.0 2359.0 2033.0 2238.0 2089.0 2315.0 tennis-court 0
1227.0 2321.0 1746.0 2964.0 582.0 4020.0 48.0 3360.0 ground-track-field 0
2402.0 2892.0 2480.0 2840.0 2588.0 3008.0 2508.0 3060.0 tennis-court 0
1277.0 1950.0 1266.0 1961.0 1239.0 1930.0 1252.0 1919.0 small-vehicle 0
2292.0 2962.0 2372.0 2911.0 2480.0 3077.0 2400.0 3131.0 tennis-court 0
2184.0 3030.0 2264.0 2976.0 2371.0 3148.0 2291.0 3199.0 tennis-court 0
2074.0 3096.0 2158.0 3047.0 2261.0 3215.0 2184.0 3265.0 tennis-court 0
2232.0 3343.0 2312.0 3289.0 2417.0 3459.0 2338.0 3511.0 tennis-court 0
2338.0 3272.0 2418.0 3221.0 2526.0 3390.0 2446.0 3443.0 tennis-court 0
2448.0 3201.0 2529.0 3150.0 2636.0 3321.0 2553.0 3374.0 tennis-court 0
2558.0 3132.0 2639.0 3083.0 2744.0 3250.0 2663.0 3301.0 tennis-court 0
2384.0 3585.0 2462.0 3533.0 2569.0 3700.0 2491.0 3755.0 tennis-court 0
2492.0 3514.0 2573.0 3464.0 2679.0 3633.0 2601.0 3684.0 tennis-court 0
2602.0 3446.0 2681.0 3393.0 2788.0 3560.0 2709.0 3615.0 tennis-court 0
1262.0 1960.0 1251.0 1971.0 1229.0 1947.0 1241.0 1938.0 small-vehicle 1
1250.0 1977.0 1237.0 1989.0 1210.0 1958.0 1222.0 1948.0 small-vehicle 0
1364.0 1724.0 1376.0 1736.0 1349.0 1761.0 1338.0 1748.0 small-vehicle 1
1329.0 1748.0 1318.0 1732.0 1352.0 1708.0 1364.0 1722.0 small-vehicle 1
1260.0 1725.0 1273.0 1737.0 1250.0 1760.0 1238.0 1748.0 small-vehicle 1
1395.0 1846.0 1383.0 1856.0 1357.0 1826.0 1369.0 1816.0 small-vehicle 1
1379.0 1855.0 1369.0 1866.0 1347.0 1843.0 1357.0 1832.0 small-vehicle 1
1366.0 1871.0 1354.0 1881.0 1327.0 1853.0 1339.0 1842.0 small-vehicle 1
1337.0 1897.0 1325.0 1908.0 1300.0 1879.0 1311.0 1869.0 small-vehicle 1
1307.0 1923.0 1295.0 1936.0 1271.0 1907.0 1282.0 1895.0 small-vehicle 1
1860.0 1731.0 2292.0 1379.0 2828.0 2015.0 2408.0 2357.0 soccer-ball-field 0
387.0 2313.0 379.0 2330.0 343.0 2309.0 352.0 2294.0 small-vehicle 0
428.0 2428.0 429.0 2412.0 466.0 2414.0 465.0 2430.0 small-vehicle 0
1764.0 2723.0 1706.0 2646.0 1864.0 2526.0 1921.0 2601.0 tennis-court 0
1058.0 2149.0 1045.0 2135.0 1071.0 2110.0 1084.0 2122.0 small-vehicle 0
1686.0 2620.0 1629.0 2546.0 1786.0 2423.0 1844.0 2501.0 tennis-court 0
1552.0 2441.0 1492.0 2364.0 1652.0 2245.0 1710.0 2319.0 tennis-court 0
1473.0 2339.0 1417.0 2262.0 1575.0 2143.0 1630.0 2219.0 tennis-court 0
1397.0 2236.0 1341.0 2162.0 1498.0 2041.0 1554.0 2115.0 tennis-court 0
1797.0 2255.0 1740.0 2181.0 1898.0 2061.0 1955.0 2135.0 tennis-court 0
1721.0 2152.0 1664.0 2077.0 1823.0 1959.0 1877.0 2033.0 tennis-court 0
1128.0 1915.0 1144.0 1922.0 1124.0 1957.0 1110.0 1950.0 small-vehicle 0
1178.0 1983.0 1190.0 1972.0 1214.0 1998.0 1204.0 2009.0 small-vehicle 0
1095.0 2069.0 1105.0 2056.0 1131.0 2080.0 1122.0 2094.0 small-vehicle 0
267.0 56.0 281.0 64.0 264.0 93.0 250.0 84.0 small-vehicle 0
