imagesource:GoogleEarth
gsd:0.113371032129
1077.0 474.0 1062.0 473.0 1063.0 443.0 1078.0 444.0 small-vehicle 0
273.0 667.0 267.0 646.0 324.0 631.0 327.0 655.0 large-vehicle 0
205.0 631.0 201.0 609.0 261.0 596.0 264.0 620.0 large-vehicle 0
381.0 619.0 378.0 599.0 430.0 588.0 434.0 610.0 large-vehicle 0
325.0 633.0 320.0 612.0 374.0 599.0 378.0 621.0 large-vehicle 0
269.0 645.0 263.0 623.0 319.0 609.0 326.0 633.0 large-vehicle 0
211.0 653.0 206.0 633.0 263.0 619.0 268.0 644.0 large-vehicle 0
392.0 670.0 387.0 647.0 440.0 632.0 445.0 659.0 large-vehicle 0
330.0 657.0 323.0 636.0 380.0 622.0 383.0 646.0 large-vehicle 0
216.0 679.0 214.0 656.0 268.0 642.0 273.0 667.0 large-vehicle 0
295.0 434.0 295.0 418.0 335.0 420.0 335.0 436.0 small-vehicle 0
836.0 631.0 857.0 632.0 855.0 693.0 832.0 690.0 large-vehicle 0
660.0 729.0 681.0 732.0 675.0 791.0 652.0 789.0 large-vehicle 0
700.0 799.0 677.0 797.0 687.0 734.0 707.0 736.0 large-vehicle 0
28.0 1005.0 8.0 1001.0 18.0 951.0 37.0 954.0 small-vehicle 0
83.0 997.0 63.0 993.0 74.0 946.0 92.0 950.0 small-vehicle 0
104.0 1024.0 85.0 1021.0 99.0 962.0 117.0 967.0 small-vehicle 0
46.0 434.0 42.0 414.0 103.0 402.0 107.0 421.0 small-vehicle 0
265.0 621.0 261.0 599.0 315.0 585.0 318.0 610.0 large-vehicle 0
320.0 609.0 314.0 586.0 371.0 574.0 376.0 599.0 large-vehicle 0
375.0 598.0 371.0 578.0 426.0 567.0 430.0 590.0 large-vehicle 0
205.0 607.0 202.0 584.0 256.0 572.0 259.0 595.0 large-vehicle 0
999.0 401.0 994.0 426.0 897.0 421.0 898.0 392.0 large-vehicle 0
996.0 430.0 992.0 460.0 889.0 451.0 891.0 421.0 large-vehicle 0
994.0 461.0 992.0 492.0 892.0 481.0 895.0 455.0 large-vehicle 0
992.0 490.0 989.0 521.0 888.0 508.0 891.0 481.0 large-vehicle 0
983.0 523.0 981.0 549.0 876.0 541.0 881.0 512.0 large-vehicle 0
896.0 547.0 894.0 574.0 796.0 570.0 798.0 539.0 large-vehicle 0
883.0 482.0 880.0 508.0 789.0 501.0 793.0 474.0 large-vehicle 0
889.0 452.0 886.0 482.0 787.0 467.0 792.0 441.0 large-vehicle 0
885.0 417.0 881.0 449.0 778.0 439.0 782.0 410.0 large-vehicle 0
703.0 350.0 728.0 351.0 723.0 452.0 694.0 449.0 large-vehicle 0
280.0 567.0 275.0 546.0 328.0 533.0 334.0 557.0 large-vehicle 0
340.0 557.0 336.0 537.0 387.0 525.0 392.0 547.0 large-vehicle 0
374.0 575.0 370.0 555.0 423.0 544.0 425.0 566.0 large-vehicle 0
321.0 583.0 316.0 564.0 369.0 552.0 374.0 577.0 large-vehicle 0
263.0 597.0 258.0 575.0 310.0 562.0 316.0 586.0 large-vehicle 0
217.0 421.0 218.0 439.0 180.0 438.0 180.0 422.0 small-vehicle 0
745.0 803.0 742.0 820.0 704.0 815.0 707.0 799.0 small-vehicle 0
646.0 856.0 664.0 859.0 659.0 890.0 642.0 888.0 small-vehicle 1
1181.0 700.0 1183.0 678.0 1237.0 685.0 1234.0 708.0 large-vehicle 0
1143.0 842.0 1146.0 821.0 1203.0 829.0 1199.0 852.0 large-vehicle 0
1146.0 820.0 1150.0 801.0 1205.0 808.0 1203.0 829.0 large-vehicle 0
1150.0 799.0 1152.0 778.0 1208.0 783.0 1207.0 807.0 large-vehicle 0
1156.0 777.0 1160.0 756.0 1211.0 762.0 1207.0 785.0 large-vehicle 0
1158.0 755.0 1161.0 730.0 1215.0 738.0 1212.0 761.0 large-vehicle 0
1134.0 719.0 1154.0 723.0 1147.0 784.0 1125.0 781.0 large-vehicle 0
1179.0 721.0 1181.0 701.0 1234.0 708.0 1232.0 728.0 large-vehicle 0
1087.0 1052.0 1089.0 1026.0 1159.0 1032.0 1156.0 1060.0 large-vehicle 0
709.0 791.0 710.0 773.0 747.0 774.0 747.0 793.0 small-vehicle 0
1079.0 1019.0 1077.0 997.0 1146.0 997.0 1147.0 1021.0 large-vehicle 0
1096.0 987.0 1094.0 966.0 1164.0 964.0 1165.0 991.0 large-vehicle 0
1066.0 964.0 1064.0 941.0 1133.0 937.0 1135.0 962.0 large-vehicle 0
859.0 663.0 860.0 642.0 906.0 642.0 907.0 663.0 small-vehicle 1
862.0 680.0 862.0 664.0 893.0 663.0 893.0 680.0 small-vehicle 1
814.0 717.0 815.0 692.0 887.0 696.0 885.0 719.0 large-vehicle 1
810.0 762.0 812.0 737.0 877.0 739.0 874.0 764.0 large-vehicle 1
1138.0 865.0 1141.0 845.0 1198.0 851.0 1196.0 875.0 large-vehicle 0
1136.0 885.0 1138.0 865.0 1196.0 874.0 1192.0 894.0 large-vehicle 0
1043.0 824.0 1043.0 803.0 1101.0 803.0 1101.0 825.0 large-vehicle 0
1043.0 845.0 1043.0 825.0 1099.0 824.0 1098.0 848.0 large-vehicle 0
709.0 765.0 711.0 745.0 767.0 748.0 764.0 771.0 small-vehicle 0
717.0 736.0 712.0 714.0 768.0 708.0 771.0 729.0 small-vehicle 0
742.0 359.0 759.0 360.0 756.0 404.0 738.0 402.0 small-vehicle 0
799.0 302.0 816.0 302.0 816.0 339.0 798.0 339.0 small-vehicle 1
700.0 838.0 706.0 817.0 747.0 826.0 742.0 844.0 small-vehicle 1
998.0 363.0 999.0 392.0 897.0 391.0 897.0 361.0 large-vehicle 0
1041.0 936.0 1041.0 913.0 1110.0 913.0 1110.0 939.0 large-vehicle 0
1040.0 913.0 1041.0 891.0 1096.0 892.0 1096.0 914.0 large-vehicle 0
1040.0 892.0 1038.0 869.0 1098.0 867.0 1098.0 892.0 large-vehicle 0
1042.0 868.0 1042.0 844.0 1099.0 846.0 1099.0 870.0 large-vehicle 0
