imagesource:GoogleEarth
gsd:0.106700355723
629.0 1028.0 610.0 1021.0 624.0 980.0 642.0 986.0 small-vehicle 0
622.0 1040.0 615.0 1060.0 552.0 1041.0 560.0 1018.0 small-vehicle 0
488.0 122.0 480.0 148.0 399.0 119.0 410.0 94.0 large-vehicle 0
475.0 152.0 465.0 178.0 383.0 148.0 392.0 123.0 large-vehicle 0
464.0 186.0 453.0 215.0 374.0 182.0 383.0 155.0 large-vehicle 0
451.0 217.0 443.0 244.0 363.0 216.0 373.0 190.0 large-vehicle 0
443.0 256.0 435.0 276.0 350.0 251.0 361.0 226.0 large-vehicle 0
444.0 291.0 437.0 315.0 352.0 289.0 360.0 264.0 large-vehicle 0
345.0 315.0 355.0 292.0 435.0 316.0 426.0 342.0 large-vehicle 0
343.0 245.0 320.0 234.0 339.0 178.0 366.0 186.0 large-vehicle 0
24.0 863.0 36.0 841.0 96.0 863.0 87.0 888.0 large-vehicle 0
313.0 450.0 293.0 442.0 308.0 396.0 331.0 405.0 small-vehicle 0
292.0 439.0 271.0 430.0 284.0 386.0 307.0 394.0 small-vehicle 0
327.0 327.0 306.0 319.0 322.0 260.0 348.0 268.0 large-vehicle 0
373.0 163.0 350.0 154.0 370.0 102.0 392.0 109.0 large-vehicle 0
627.0 227.0 614.0 244.0 561.0 209.0 575.0 189.0 large-vehicle 0
662.0 322.0 655.0 344.0 589.0 323.0 594.0 303.0 large-vehicle 0
828.0 147.0 820.0 168.0 753.0 141.0 759.0 124.0 large-vehicle 0
922.0 181.0 914.0 198.0 975.0 220.0 982.0 201.0 large-vehicle 0
858.0 178.0 864.0 160.0 907.0 178.0 900.0 194.0 small-vehicle 1
101.0 886.0 107.0 867.0 153.0 879.0 148.0 899.0 small-vehicle 0
159.0 898.0 164.0 881.0 203.0 890.0 199.0 908.0 small-vehicle 0
1120.0 421.0 1095.0 413.0 1112.0 337.0 1138.0 342.0 large-vehicle 0
1143.0 342.0 1166.0 347.0 1147.0 427.0 1121.0 416.0 large-vehicle 0
1173.0 349.0 1197.0 355.0 1178.0 431.0 1150.0 424.0 large-vehicle 0
1110.0 706.0 1086.0 695.0 1112.0 605.0 1140.0 613.0 large-vehicle 0
1142.0 714.0 1113.0 707.0 1141.0 613.0 1170.0 622.0 large-vehicle 0
1251.0 465.0 1275.0 476.0 1224.0 628.0 1197.0 619.0 large-vehicle 0
670.0 226.0 676.0 208.0 723.0 223.0 715.0 241.0 small-vehicle 1
493.0 119.0 521.0 127.0 496.0 219.0 462.0 207.0 large-vehicle 0
