imagesource:GoogleEarth
gsd:0.0989132017725
2067.0 342.0 2048.0 336.0 2060.0 300.0 2079.0 306.0 small-vehicle 1
1876.0 877.0 1879.0 851.0 1981.0 864.0 1979.0 889.0 large-vehicle 0
1106.0 622.0 1112.0 597.0 1212.0 615.0 1208.0 639.0 large-vehicle 0
1662.0 761.0 1670.0 735.0 1772.0 760.0 1766.0 788.0 large-vehicle 0
1657.0 797.0 1665.0 771.0 1768.0 794.0 1761.0 819.0 large-vehicle 0
1774.0 789.0 1779.0 763.0 1880.0 783.0 1877.0 807.0 large-vehicle 0
1773.0 826.0 1780.0 799.0 1881.0 819.0 1878.0 845.0 large-vehicle 0
1759.0 855.0 1762.0 830.0 1866.0 847.0 1862.0 871.0 large-vehicle 0
1758.0 895.0 1761.0 869.0 1867.0 879.0 1864.0 906.0 large-vehicle 0
1904.0 817.0 1910.0 790.0 2012.0 810.0 2009.0 836.0 large-vehicle 0
1912.0 853.0 1912.0 827.0 2015.0 837.0 2013.0 862.0 large-vehicle 0
1870.0 908.0 1872.0 882.0 1975.0 892.0 1972.0 918.0 large-vehicle 0
1789.0 223.0 1785.0 240.0 1742.0 230.0 1748.0 211.0 small-vehicle 1
1678.0 234.0 1691.0 210.0 1749.0 232.0 1736.0 257.0 large-vehicle 0
1203.0 37.0 1198.0 55.0 1151.0 45.0 1157.0 26.0 small-vehicle 1
1157.0 21.0 1151.0 43.0 1101.0 28.0 1107.0 9.0 small-vehicle 1
1257.0 55.0 1250.0 74.0 1208.0 62.0 1214.0 43.0 small-vehicle 1
1310.0 74.0 1302.0 94.0 1256.0 76.0 1264.0 58.0 small-vehicle 1
1305.0 56.0 1310.0 38.0 1357.0 49.0 1352.0 69.0 small-vehicle 1
1306.0 95.0 1313.0 74.0 1362.0 89.0 1353.0 110.0 small-vehicle 1
1356.0 72.0 1350.0 86.0 1305.0 72.0 1311.0 57.0 small-vehicle 1
1359.0 87.0 1365.0 70.0 1408.0 85.0 1402.0 102.0 small-vehicle 1
1883.0 246.0 1874.0 269.0 1825.0 252.0 1832.0 229.0 large-vehicle 0
1836.0 253.0 1833.0 276.0 1777.0 270.0 1780.0 243.0 large-vehicle 0
1570.0 57.0 1559.0 81.0 1497.0 57.0 1507.0 33.0 large-vehicle 0
1820.0 106.0 1812.0 137.0 1719.0 103.0 1730.0 74.0 large-vehicle 0
309.0 424.0 299.0 450.0 203.0 404.0 217.0 379.0 large-vehicle 0
299.0 460.0 287.0 490.0 188.0 444.0 203.0 419.0 large-vehicle 0
286.0 495.0 277.0 521.0 179.0 483.0 190.0 456.0 large-vehicle 0
257.0 545.0 242.0 572.0 148.0 524.0 162.0 499.0 large-vehicle 0
583.0 520.0 559.0 501.0 621.0 426.0 641.0 446.0 large-vehicle 0
409.0 668.0 406.0 685.0 361.0 679.0 364.0 660.0 small-vehicle 0
608.0 683.0 627.0 690.0 610.0 730.0 593.0 723.0 small-vehicle 0
659.0 683.0 680.0 686.0 671.0 726.0 649.0 721.0 small-vehicle 0
683.0 693.0 701.0 696.0 692.0 734.0 674.0 730.0 small-vehicle 0
448.0 424.0 455.0 404.0 505.0 425.0 498.0 444.0 small-vehicle 0
911.0 725.0 929.0 731.0 917.0 767.0 898.0 760.0 small-vehicle 0
963.0 731.0 987.0 734.0 976.0 783.0 955.0 779.0 small-vehicle 1
531.0 657.0 552.0 663.0 541.0 708.0 519.0 701.0 small-vehicle 1
554.0 671.0 573.0 675.0 562.0 712.0 544.0 708.0 small-vehicle 1
586.0 721.0 566.0 714.0 580.0 669.0 601.0 675.0 small-vehicle 1
1921.0 176.0 1932.0 152.0 2007.0 181.0 1996.0 211.0 large-vehicle 0
1937.0 182.0 1930.0 208.0 1861.0 183.0 1870.0 157.0 large-vehicle 0
1813.0 166.0 1821.0 144.0 1870.0 164.0 1862.0 183.0 large-vehicle 0
1778.0 129.0 1770.0 156.0 1687.0 125.0 1699.0 96.0 large-vehicle 0
1522.0 146.0 1515.0 164.0 1469.0 150.0 1476.0 133.0 small-vehicle 1
1577.0 164.0 1569.0 184.0 1522.0 166.0 1529.0 148.0 small-vehicle 1
1565.0 74.0 1574.0 57.0 1615.0 73.0 1607.0 91.0 small-vehicle 1
2108.0 930.0 2109.0 904.0 2217.0 914.0 2215.0 940.0 large-vehicle 0
2059.0 348.0 2078.0 352.0 2068.0 395.0 2049.0 392.0 small-vehicle 1
2163.0 281.0 2154.0 298.0 2110.0 280.0 2118.0 264.0 small-vehicle 1
2251.0 304.0 2249.0 324.0 2203.0 314.0 2207.0 294.0 small-vehicle 1
138.0 1080.0 132.0 1102.0 89.0 1089.0 95.0 1067.0 small-vehicle 1
385.0 1106.0 381.0 1126.0 332.0 1118.0 337.0 1095.0 small-vehicle 1
951.0 774.0 929.0 772.0 936.0 741.0 956.0 745.0 small-vehicle 1
834.0 700.0 864.0 700.0 864.0 730.0 834.0 730.0 storage-tank 0
1545.0 140.0 1539.0 155.0 1499.0 140.0 1505.0 125.0 small-vehicle 1
1468.0 16.0 1461.0 35.0 1409.0 19.0 1415.0 0.0 small-vehicle 1
1568.0 11.0 1564.0 30.0 1522.0 17.0 1528.0 1.0 small-vehicle 1
1501.0 105.0 1496.0 121.0 1461.0 111.0 1465.0 94.0 small-vehicle 1
1831.0 219.0 1826.0 237.0 1783.0 223.0 1789.0 205.0 small-vehicle 1
1788.0 204.0 1782.0 222.0 1738.0 209.0 1744.0 190.0 small-vehicle 1
1859.0 127.0 1854.0 144.0 1809.0 129.0 1814.0 113.0 small-vehicle 1
1513.0 15.0 1509.0 31.0 1462.0 18.0 1468.0 1.0 small-vehicle 1
1248.0 33.0 1244.0 50.0 1211.0 41.0 1217.0 24.0 small-vehicle 1
1692.0 103.0 1685.0 124.0 1638.0 109.0 1646.0 88.0 small-vehicle 1
1632.0 187.0 1622.0 207.0 1568.0 186.0 1579.0 166.0 small-vehicle 1
1687.0 210.0 1680.0 231.0 1625.0 209.0 1634.0 189.0 small-vehicle 1
2266.0 431.0 2246.0 427.0 2255.0 390.0 2274.0 393.0 small-vehicle 1
1986.0 912.0 1990.0 886.0 2092.0 902.0 2088.0 926.0 large-vehicle 0
1647.0 68.0 1637.0 86.0 1595.0 65.0 1604.0 48.0 small-vehicle 1
2024.0 861.0 2030.0 838.0 2132.0 860.0 2127.0 886.0 large-vehicle 0
1555.0 124.0 1548.0 141.0 1510.0 124.0 1517.0 107.0 small-vehicle 1
1748.0 212.0 1741.0 229.0 1701.0 215.0 1708.0 199.0 small-vehicle 1
1691.0 85.0 1683.0 103.0 1645.0 89.0 1653.0 71.0 small-vehicle 1
1676.0 73.0 1684.0 56.0 1719.0 70.0 1712.0 89.0 small-vehicle 1
1506.0 31.0 1512.0 17.0 1546.0 32.0 1541.0 46.0 small-vehicle 1
1644.0 87.0 1640.0 104.0 1605.0 92.0 1611.0 78.0 small-vehicle 1
2231.0 154.0 2223.0 121.0 2367.0 97.0 2372.0 130.0 large-vehicle 0
2248.0 110.0 2242.0 80.0 2353.0 60.0 2359.0 91.0 large-vehicle 0
2248.0 78.0 2241.0 49.0 2351.0 24.0 2358.0 56.0 large-vehicle 0
2206.0 42.0 2198.0 16.0 2315.0 1.0 2319.0 26.0 large-vehicle 0
1924.0 81.0 1935.0 54.0 2041.0 87.0 2031.0 116.0 large-vehicle 0
2008.0 217.0 1997.0 242.0 1929.0 214.0 1943.0 188.0 large-vehicle 0
2151.0 836.0 2147.0 861.0 2041.0 840.0 2047.0 812.0 large-vehicle 0
351.0 348.0 340.0 375.0 242.0 328.0 255.0 304.0 large-vehicle 0
