imagesource:GoogleEarth
gsd:0.12436954712
285.0 850.0 274.0 838.0 297.0 819.0 305.0 833.0 small-vehicle 1
327.0 435.0 312.0 418.0 371.0 364.0 389.0 384.0 large-vehicle 0
448.0 624.0 432.0 605.0 492.0 558.0 508.0 580.0 large-vehicle 0
437.0 595.0 423.0 575.0 483.0 527.0 500.0 545.0 large-vehicle 0
420.0 570.0 406.0 550.0 466.0 501.0 481.0 524.0 large-vehicle 0
406.0 546.0 392.0 527.0 450.0 477.0 467.0 499.0 large-vehicle 0
388.0 522.0 374.0 504.0 434.0 457.0 450.0 477.0 large-vehicle 0
372.0 504.0 355.0 484.0 421.0 438.0 433.0 458.0 large-vehicle 0
357.0 484.0 343.0 465.0 403.0 417.0 420.0 441.0 large-vehicle 0
338.0 462.0 322.0 444.0 387.0 396.0 401.0 418.0 large-vehicle 0
285.0 374.0 267.0 355.0 334.0 308.0 346.0 329.0 large-vehicle 0
450.0 876.0 463.0 865.0 487.0 896.0 474.0 906.0 small-vehicle 0
275.0 350.0 260.0 330.0 322.0 282.0 340.0 305.0 large-vehicle 0
254.0 325.0 238.0 306.0 302.0 259.0 317.0 279.0 large-vehicle 0
241.0 299.0 226.0 281.0 287.0 234.0 304.0 257.0 large-vehicle 0
225.0 275.0 210.0 255.0 272.0 210.0 287.0 233.0 large-vehicle 0
177.0 270.0 157.0 283.0 112.0 219.0 130.0 205.0 large-vehicle 0
201.0 252.0 179.0 266.0 135.0 202.0 156.0 188.0 large-vehicle 0
328.0 70.0 343.0 92.0 281.0 134.0 266.0 118.0 large-vehicle 0
367.0 1.0 381.0 19.0 316.0 63.0 300.0 43.0 large-vehicle 0
190.0 584.0 212.0 569.0 255.0 632.0 236.0 647.0 large-vehicle 0
296.0 499.0 311.0 518.0 256.0 569.0 237.0 551.0 large-vehicle 0
279.0 475.0 296.0 494.0 237.0 546.0 217.0 530.0 large-vehicle 0
262.0 453.0 276.0 476.0 216.0 524.0 199.0 506.0 large-vehicle 0
274.0 838.0 282.0 853.0 252.0 875.0 241.0 863.0 small-vehicle 0
269.0 789.0 277.0 803.0 251.0 823.0 240.0 809.0 small-vehicle 0
153.0 799.0 140.0 808.0 116.0 777.0 130.0 768.0 small-vehicle 0
241.0 114.0 258.0 104.0 281.0 141.0 266.0 151.0 small-vehicle 0
434.0 689.0 424.0 675.0 451.0 656.0 460.0 670.0 small-vehicle 0
318.0 522.0 333.0 539.0 294.0 574.0 280.0 562.0 small-vehicle 0
324.0 394.0 314.0 379.0 350.0 357.0 358.0 373.0 small-vehicle 0
118.0 482.0 136.0 471.0 168.0 512.0 151.0 526.0 large-vehicle 0
176.0 445.0 164.0 432.0 187.0 405.0 201.0 418.0 small-vehicle 0
150.0 443.0 137.0 429.0 164.0 404.0 176.0 417.0 small-vehicle 0
65.0 302.0 53.0 312.0 32.0 283.0 45.0 273.0 small-vehicle 0
91.0 300.0 76.0 311.0 51.0 274.0 64.0 265.0 small-vehicle 0
110.0 282.0 96.0 293.0 70.0 260.0 84.0 248.0 small-vehicle 0
134.0 267.0 121.0 276.0 95.0 240.0 110.0 229.0 small-vehicle 0
399.0 1.0 422.0 1.0 439.0 27.0 423.0 38.0 small-vehicle 0
185.0 497.0 174.0 481.0 219.0 452.0 230.0 470.0 large-vehicle 0
182.0 357.0 196.0 377.0 136.0 426.0 118.0 408.0 large-vehicle 0
161.0 8.0 175.0 31.0 112.0 72.0 96.0 55.0 large-vehicle 0
