imagesource:GoogleEarth
gsd:0.106666304917
982.0 637.0 976.0 650.0 943.0 636.0 950.0 622.0 small-vehicle 0
529.0 652.0 556.0 666.0 526.0 741.0 494.0 728.0 large-vehicle 0
406.0 686.0 377.0 674.0 413.0 594.0 441.0 606.0 large-vehicle 0
409.0 550.0 399.0 578.0 315.0 543.0 326.0 518.0 large-vehicle 0
347.0 594.0 368.0 610.0 339.0 655.0 315.0 641.0 large-vehicle 0
306.0 647.0 282.0 638.0 326.0 552.0 350.0 565.0 large-vehicle 0
280.0 637.0 252.0 626.0 293.0 541.0 318.0 552.0 large-vehicle 0
695.0 704.0 717.0 721.0 666.0 796.0 640.0 780.0 large-vehicle 0
743.0 691.0 730.0 715.0 659.0 679.0 675.0 652.0 large-vehicle 0
939.0 604.0 949.0 579.0 1021.0 606.0 1012.0 632.0 large-vehicle 0
1063.0 982.0 1049.0 1009.0 939.0 949.0 952.0 922.0 large-vehicle 0
1687.0 904.0 1679.0 929.0 1579.0 890.0 1589.0 865.0 large-vehicle 0
1672.0 934.0 1664.0 960.0 1564.0 924.0 1571.0 899.0 large-vehicle 0
1314.0 832.0 1324.0 806.0 1408.0 837.0 1399.0 861.0 large-vehicle 0
1225.0 797.0 1238.0 772.0 1321.0 806.0 1312.0 833.0 large-vehicle 0
1138.0 761.0 1151.0 735.0 1235.0 771.0 1224.0 799.0 large-vehicle 0
1201.0 919.0 1227.0 936.0 1185.0 1012.0 1157.0 993.0 large-vehicle 0
470.0 628.0 494.0 641.0 461.0 719.0 435.0 706.0 large-vehicle 0
559.0 651.0 587.0 665.0 548.0 748.0 526.0 739.0 large-vehicle 0
1417.0 802.0 1409.0 818.0 1370.0 800.0 1377.0 785.0 small-vehicle 0
557.0 615.0 544.0 641.0 426.0 586.0 438.0 560.0 large-vehicle 0
999.0 838.0 1027.0 852.0 987.0 936.0 955.0 919.0 large-vehicle 0
973.0 823.0 1001.0 839.0 956.0 921.0 924.0 901.0 large-vehicle 0
941.0 814.0 968.0 833.0 919.0 906.0 894.0 891.0 large-vehicle 0
906.0 791.0 936.0 808.0 896.0 888.0 864.0 876.0 large-vehicle 0
927.0 802.0 941.0 776.0 1026.0 810.0 1015.0 839.0 large-vehicle 0
841.0 761.0 869.0 780.0 819.0 859.0 792.0 840.0 large-vehicle 0
801.0 766.0 828.0 782.0 798.0 834.0 776.0 819.0 large-vehicle 0
752.0 726.0 777.0 742.0 728.0 817.0 700.0 802.0 large-vehicle 0
725.0 712.0 750.0 731.0 699.0 809.0 673.0 792.0 large-vehicle 0
636.0 647.0 663.0 668.0 575.0 804.0 544.0 789.0 large-vehicle 0
906.0 706.0 917.0 681.0 1000.0 717.0 990.0 742.0 large-vehicle 0
896.0 677.0 888.0 701.0 813.0 670.0 824.0 644.0 large-vehicle 0
949.0 620.0 940.0 641.0 890.0 618.0 897.0 597.0 large-vehicle 0
890.0 664.0 901.0 643.0 959.0 666.0 948.0 689.0 large-vehicle 0
754.0 619.0 746.0 643.0 657.0 612.0 666.0 584.0 large-vehicle 0
1168.0 917.0 1193.0 935.0 1148.0 1012.0 1119.0 995.0 large-vehicle 0
1137.0 906.0 1165.0 924.0 1121.0 1000.0 1090.0 982.0 large-vehicle 0
1110.0 892.0 1136.0 909.0 1093.0 988.0 1068.0 972.0 large-vehicle 0
1086.0 874.0 1110.0 892.0 1070.0 974.0 1039.0 956.0 large-vehicle 0
1729.0 960.0 1710.0 952.0 1726.0 913.0 1744.0 920.0 small-vehicle 1
1754.0 964.0 1737.0 953.0 1752.0 919.0 1768.0 926.0 small-vehicle 1
1440.0 878.0 1451.0 865.0 1480.0 890.0 1469.0 903.0 small-vehicle 1
1489.0 865.0 1509.0 866.0 1508.0 904.0 1488.0 904.0 small-vehicle 1
120.0 1188.0 124.0 1173.0 164.0 1182.0 160.0 1199.0 small-vehicle 0
405.0 1191.0 385.0 1183.0 401.0 1141.0 420.0 1149.0 small-vehicle 0
281.0 1226.0 294.0 1211.0 334.0 1241.0 320.0 1257.0 small-vehicle 1
652.0 566.0 635.0 561.0 645.0 521.0 663.0 526.0 small-vehicle 0
364.0 1387.0 372.0 1371.0 405.0 1386.0 397.0 1401.0 small-vehicle 1
1241.0 899.0 1243.0 914.0 1207.0 918.0 1205.0 903.0 small-vehicle 1
1525.0 866.0 1548.0 870.0 1537.0 925.0 1514.0 920.0 small-vehicle 0
1319.0 981.0 1296.0 982.0 1291.0 937.0 1314.0 935.0 small-vehicle 1
1148.0 719.0 1150.0 738.0 1107.0 744.0 1104.0 725.0 small-vehicle 1
1050.0 862.0 1078.0 878.0 1038.0 960.0 1012.0 944.0 large-vehicle 0
1025.0 852.0 1051.0 864.0 1012.0 948.0 984.0 932.0 large-vehicle 0
1016.0 638.0 1027.0 608.0 1114.0 643.0 1103.0 671.0 large-vehicle 0
1043.0 681.0 1032.0 698.0 991.0 670.0 1001.0 653.0 small-vehicle 0
1132.0 681.0 1142.0 652.0 1252.0 698.0 1242.0 724.0 large-vehicle 0
1270.0 731.0 1281.0 703.0 1390.0 742.0 1382.0 769.0 large-vehicle 0
1335.0 853.0 1325.0 877.0 1171.0 822.0 1185.0 795.0 large-vehicle 0
1186.0 792.0 1175.0 821.0 1089.0 786.0 1101.0 759.0 large-vehicle 0
956.0 683.0 964.0 668.0 1005.0 688.0 999.0 703.0 small-vehicle 0
