imagesource:GoogleEarth
gsd:0.124379755153
1409.0 1984.0 1412.0 1998.0 1370.0 2004.0 1370.0 1989.0 small-vehicle 1
782.0 1852.0 775.0 1834.0 812.0 1824.0 818.0 1839.0 small-vehicle 1
464.0 1422.0 478.0 1419.0 490.0 1457.0 476.0 1462.0 small-vehicle 0
463.0 1513.0 457.0 1529.0 421.0 1511.0 427.0 1496.0 small-vehicle 0
558.0 1859.0 645.0 1829.0 705.0 2012.0 618.0 2044.0 tennis-court 0
688.0 1817.0 777.0 1788.0 838.0 1970.0 751.0 2004.0 tennis-court 0
926.0 1320.0 1010.0 1281.0 1088.0 1459.0 1004.0 1497.0 tennis-court 0
788.0 1382.0 871.0 1343.0 949.0 1520.0 866.0 1559.0 tennis-court 0
632.0 1461.0 719.0 1431.0 782.0 1617.0 693.0 1648.0 tennis-court 0
495.0 1510.0 580.0 1480.0 642.0 1666.0 553.0 1693.0 tennis-court 0
344.0 1094.0 435.0 1068.0 488.0 1255.0 397.0 1281.0 tennis-court 0
221.0 1126.0 309.0 1101.0 361.0 1288.0 274.0 1315.0 tennis-court 0
1472.0 824.0 1458.0 829.0 1446.0 795.0 1460.0 791.0 small-vehicle 0
1489.0 864.0 1475.0 870.0 1460.0 836.0 1474.0 830.0 small-vehicle 0
1318.0 935.0 1325.0 949.0 1291.0 964.0 1285.0 948.0 small-vehicle 0
1304.0 900.0 1313.0 914.0 1277.0 933.0 1269.0 916.0 small-vehicle 0
1293.0 883.0 1300.0 898.0 1269.0 909.0 1263.0 895.0 small-vehicle 0
1278.0 847.0 1286.0 862.0 1257.0 874.0 1251.0 859.0 small-vehicle 0
1265.0 811.0 1272.0 826.0 1241.0 839.0 1235.0 824.0 small-vehicle 0
1240.0 756.0 1248.0 774.0 1214.0 787.0 1208.0 771.0 small-vehicle 0
1212.0 674.0 1220.0 690.0 1184.0 702.0 1180.0 688.0 small-vehicle 0
1381.0 598.0 1364.0 602.0 1352.0 570.0 1368.0 564.0 small-vehicle 0
1316.0 480.0 1329.0 475.0 1344.0 508.0 1328.0 514.0 small-vehicle 0
362.0 1363.0 377.0 1359.0 388.0 1392.0 372.0 1396.0 small-vehicle 0
455.0 1381.0 440.0 1384.0 430.0 1350.0 445.0 1347.0 small-vehicle 0
498.0 1323.0 512.0 1319.0 522.0 1349.0 507.0 1353.0 small-vehicle 0
907.0 1229.0 891.0 1233.0 880.0 1206.0 896.0 1200.0 small-vehicle 0
693.0 1901.0 691.0 1883.0 728.0 1880.0 728.0 1896.0 small-vehicle 1
693.0 1775.0 700.0 1790.0 669.0 1803.0 663.0 1790.0 small-vehicle 0
701.0 1799.0 705.0 1814.0 669.0 1823.0 666.0 1806.0 small-vehicle 0
675.0 1845.0 669.0 1829.0 704.0 1818.0 711.0 1834.0 small-vehicle 0
681.0 1866.0 677.0 1850.0 709.0 1841.0 715.0 1855.0 small-vehicle 0
700.0 1926.0 695.0 1911.0 733.0 1898.0 738.0 1913.0 small-vehicle 0
818.0 1849.0 825.0 1863.0 795.0 1878.0 787.0 1862.0 small-vehicle 0
981.0 1636.0 975.0 1619.0 1013.0 1604.0 1020.0 1624.0 small-vehicle 0
861.0 1212.0 877.0 1205.0 887.0 1236.0 872.0 1241.0 small-vehicle 0
840.0 1217.0 858.0 1213.0 868.0 1249.0 852.0 1253.0 small-vehicle 0
505.0 1410.0 522.0 1405.0 535.0 1438.0 518.0 1443.0 small-vehicle 0
819.0 1223.0 834.0 1217.0 846.0 1251.0 829.0 1256.0 small-vehicle 0
780.0 1230.0 798.0 1226.0 804.0 1258.0 787.0 1262.0 small-vehicle 0
753.0 1237.0 770.0 1233.0 779.0 1268.0 762.0 1272.0 small-vehicle 0
711.0 1252.0 727.0 1245.0 739.0 1280.0 724.0 1286.0 small-vehicle 0
777.0 1313.0 784.0 1328.0 753.0 1341.0 746.0 1327.0 small-vehicle 0
693.0 1295.0 677.0 1299.0 667.0 1264.0 684.0 1260.0 small-vehicle 0
674.0 1304.0 657.0 1310.0 644.0 1271.0 661.0 1266.0 small-vehicle 0
651.0 1312.0 635.0 1317.0 624.0 1280.0 638.0 1275.0 small-vehicle 0
603.0 1281.0 619.0 1276.0 631.0 1314.0 613.0 1319.0 small-vehicle 0
1239.0 253.0 1223.0 259.0 1210.0 223.0 1225.0 218.0 small-vehicle 0
1190.0 120.0 1206.0 114.0 1222.0 150.0 1206.0 156.0 small-vehicle 0
1142.0 61.0 1158.0 56.0 1171.0 88.0 1154.0 94.0 small-vehicle 0
321.0 193.0 315.0 176.0 344.0 164.0 351.0 180.0 small-vehicle 1
635.0 57.0 629.0 41.0 666.0 26.0 673.0 42.0 small-vehicle 1
549.0 38.0 543.0 23.0 577.0 9.0 584.0 24.0 small-vehicle 1
510.0 55.0 505.0 37.0 538.0 24.0 547.0 40.0 small-vehicle 1
561.0 92.0 553.0 76.0 584.0 62.0 592.0 79.0 small-vehicle 1
520.0 107.0 514.0 90.0 550.0 76.0 556.0 94.0 small-vehicle 1
382.0 109.0 375.0 91.0 411.0 78.0 418.0 94.0 small-vehicle 1
435.0 145.0 428.0 128.0 465.0 111.0 473.0 129.0 small-vehicle 1
396.0 161.0 388.0 143.0 424.0 129.0 433.0 146.0 small-vehicle 1
358.0 178.0 350.0 161.0 386.0 148.0 393.0 163.0 small-vehicle 1
94.0 64.0 81.0 69.0 64.0 32.0 78.0 27.0 small-vehicle 1
1169.0 579.0 1177.0 594.0 1145.0 608.0 1139.0 593.0 small-vehicle 1
167.0 118.0 151.0 123.0 137.0 86.0 153.0 81.0 small-vehicle 1
131.0 154.0 115.0 159.0 101.0 123.0 116.0 117.0 small-vehicle 1
154.0 212.0 139.0 218.0 125.0 184.0 140.0 179.0 small-vehicle 1
233.0 280.0 216.0 286.0 204.0 253.0 219.0 247.0 small-vehicle 1
266.0 364.0 249.0 368.0 235.0 332.0 253.0 328.0 small-vehicle 1
247.0 319.0 231.0 324.0 218.0 290.0 234.0 285.0 small-vehicle 0
232.0 392.0 213.0 398.0 196.0 350.0 213.0 344.0 small-vehicle 0
327.0 131.0 319.0 116.0 350.0 105.0 356.0 119.0 small-vehicle 0
118.0 33.0 133.0 28.0 143.0 55.0 127.0 61.0 small-vehicle 0
183.0 276.0 165.0 281.0 144.0 233.0 164.0 227.0 large-vehicle 0
1175.0 619.0 1189.0 628.0 1168.0 656.0 1153.0 646.0 small-vehicle 1
1378.0 107.0 1385.0 124.0 1349.0 139.0 1343.0 121.0 small-vehicle 0
1311.0 424.0 1294.0 431.0 1279.0 394.0 1294.0 387.0 small-vehicle 1
1470.0 87.0 1462.0 71.0 1497.0 58.0 1503.0 73.0 small-vehicle 1
1435.0 100.0 1427.0 86.0 1462.0 73.0 1469.0 88.0 small-vehicle 1
1454.0 143.0 1448.0 126.0 1479.0 113.0 1487.0 131.0 small-vehicle 1
1378.0 174.0 1373.0 159.0 1410.0 144.0 1416.0 161.0 small-vehicle 1
1338.0 192.0 1331.0 176.0 1365.0 161.0 1374.0 178.0 small-vehicle 1
1125.0 19.0 1139.0 13.0 1154.0 45.0 1138.0 52.0 small-vehicle 1
1211.0 108.0 1224.0 102.0 1238.0 134.0 1224.0 140.0 small-vehicle 1
1263.0 303.0 1245.0 310.0 1232.0 276.0 1246.0 271.0 small-vehicle 1
1295.0 379.0 1279.0 384.0 1265.0 352.0 1279.0 345.0 small-vehicle 1
1438.0 538.0 1432.0 523.0 1465.0 511.0 1472.0 527.0 small-vehicle 1
1216.0 692.0 1224.0 709.0 1190.0 724.0 1182.0 705.0 small-vehicle 1
1362.0 551.0 1348.0 558.0 1335.0 528.0 1349.0 522.0 small-vehicle 1
1367.0 609.0 1383.0 603.0 1395.0 634.0 1379.0 639.0 small-vehicle 1
1429.0 709.0 1414.0 714.0 1400.0 681.0 1415.0 676.0 small-vehicle 1
1458.0 788.0 1442.0 793.0 1428.0 758.0 1444.0 753.0 small-vehicle 1
1511.0 913.0 1494.0 918.0 1478.0 882.0 1496.0 876.0 small-vehicle 1
1338.0 989.0 1345.0 1005.0 1310.0 1021.0 1302.0 1003.0 small-vehicle 1
1328.0 972.0 1337.0 989.0 1303.0 1003.0 1295.0 987.0 small-vehicle 1
1320.0 954.0 1328.0 971.0 1294.0 982.0 1289.0 966.0 small-vehicle 1
1270.0 830.0 1276.0 847.0 1245.0 858.0 1237.0 842.0 small-vehicle 1
805.0 1804.0 810.0 1820.0 775.0 1830.0 770.0 1814.0 small-vehicle 1
832.0 1304.0 824.0 1290.0 856.0 1276.0 865.0 1291.0 small-vehicle 1
977.0 2252.0 959.0 2260.0 943.0 2227.0 957.0 2218.0 small-vehicle 1
890.0 1280.0 880.0 1266.0 913.0 1252.0 921.0 1266.0 small-vehicle 1
1125.0 1972.0 1131.0 1987.0 1092.0 2000.0 1086.0 1984.0 small-vehicle 1
541.0 2420.0 554.0 2413.0 569.0 2443.0 555.0 2450.0 small-vehicle 1
964.0 2274.0 979.0 2267.0 996.0 2305.0 981.0 2313.0 small-vehicle 1
967.0 2018.0 975.0 2035.0 940.0 2046.0 933.0 2028.0 small-vehicle 1
774.0 2021.0 782.0 2038.0 746.0 2048.0 742.0 2031.0 small-vehicle 1
832.0 2072.0 828.0 2056.0 860.0 2049.0 863.0 2066.0 small-vehicle 1
737.0 2026.0 732.0 2008.0 768.0 2000.0 773.0 2015.0 small-vehicle 1
954.0 2210.0 939.0 2217.0 928.0 2187.0 943.0 2182.0 small-vehicle 0
1004.0 2200.0 989.0 2207.0 974.0 2173.0 989.0 2167.0 small-vehicle 0
991.0 2211.0 1004.0 2205.0 1019.0 2239.0 1004.0 2245.0 small-vehicle 0
942.0 2179.0 926.0 2184.0 911.0 2148.0 928.0 2142.0 small-vehicle 0
984.0 2039.0 991.0 2054.0 958.0 2068.0 952.0 2051.0 small-vehicle 0
839.0 2022.0 833.0 2006.0 867.0 1993.0 875.0 2010.0 small-vehicle 0
699.0 1927.0 694.0 1911.0 730.0 1897.0 737.0 1914.0 small-vehicle 0
757.0 1954.0 762.0 1971.0 727.0 1984.0 721.0 1967.0 small-vehicle 0
868.0 2062.0 865.0 2044.0 902.0 2037.0 905.0 2054.0 small-vehicle 0
818.0 2059.0 825.0 2074.0 792.0 2087.0 785.0 2074.0 small-vehicle 0
715.0 2163.0 709.0 2148.0 743.0 2135.0 749.0 2150.0 small-vehicle 0
667.0 2179.0 662.0 2165.0 694.0 2154.0 701.0 2169.0 small-vehicle 0
163.0 2334.0 159.0 2319.0 193.0 2310.0 197.0 2326.0 small-vehicle 0
242.0 2295.0 247.0 2313.0 211.0 2322.0 207.0 2305.0 small-vehicle 0
1150.0 1989.0 1155.0 2004.0 1125.0 2015.0 1119.0 1998.0 small-vehicle 1
1207.0 2017.0 1207.0 2000.0 1247.0 1999.0 1247.0 2017.0 small-vehicle 1
1436.0 2340.0 1428.0 2325.0 1459.0 2310.0 1467.0 2325.0 small-vehicle 1
604.0 72.0 600.0 58.0 623.0 49.0 628.0 61.0 small-vehicle 1
1459.0 580.0 1457.0 566.0 1482.0 559.0 1484.0 572.0 small-vehicle 1
1284.0 165.0 1278.0 147.0 1314.0 136.0 1319.0 152.0 small-vehicle 0
1291.0 304.0 1306.0 297.0 1318.0 330.0 1303.0 335.0 small-vehicle 0
1176.0 2008.0 1178.0 2023.0 1143.0 2028.0 1140.0 2013.0 small-vehicle 1
1138.0 2016.0 1141.0 2032.0 1105.0 2039.0 1102.0 2022.0 small-vehicle 1
697.0 1885.0 691.0 1870.0 711.0 1861.0 716.0 1875.0 small-vehicle 1
353.0 1887.0 373.0 1951.0 245.0 1992.0 225.0 1930.0 tennis-court 1
397.0 2035.0 416.0 2099.0 282.0 2142.0 260.0 2080.0 tennis-court 1
281.0 133.0 288.0 148.0 253.0 163.0 247.0 148.0 small-vehicle 1
469.0 73.0 463.0 55.0 499.0 42.0 504.0 59.0 small-vehicle 1
1004.0 2256.0 1019.0 2248.0 1037.0 2286.0 1021.0 2293.0 small-vehicle 1
1376.0 1959.0 1377.0 1975.0 1340.0 1979.0 1338.0 1963.0 small-vehicle 0
1308.0 2094.0 1316.0 2111.0 1275.0 2129.0 1267.0 2111.0 small-vehicle 0
1247.0 1929.0 1257.0 1944.0 1231.0 1958.0 1220.0 1944.0 small-vehicle 0
1134.0 1988.0 1129.0 1973.0 1165.0 1965.0 1168.0 1980.0 small-vehicle 0
1036.0 1996.0 1039.0 2014.0 1006.0 2023.0 1001.0 2009.0 small-vehicle 0
1066.0 2346.0 1052.0 2351.0 1040.0 2322.0 1053.0 2315.0 small-vehicle 0
1109.0 2443.0 1095.0 2449.0 1079.0 2414.0 1094.0 2407.0 small-vehicle 0
1037.0 2397.0 1022.0 2402.0 1007.0 2367.0 1022.0 2360.0 small-vehicle 0
1023.0 2408.0 1037.0 2401.0 1053.0 2432.0 1036.0 2438.0 small-vehicle 1
115.0 2277.0 120.0 2293.0 89.0 2301.0 84.0 2284.0 small-vehicle 0
42.0 2314.0 38.0 2295.0 72.0 2288.0 76.0 2305.0 small-vehicle 0
317.0 2042.0 304.0 1992.0 405.0 1957.0 420.0 2008.0 tennis-court 0
563.0 1428.0 546.0 1434.0 534.0 1401.0 550.0 1395.0 small-vehicle 1
448.0 1483.0 440.0 1495.0 413.0 1477.0 422.0 1463.0 small-vehicle 1
451.0 1464.0 437.0 1471.0 419.0 1436.0 434.0 1431.0 small-vehicle 1
366.0 1399.0 351.0 1403.0 341.0 1369.0 357.0 1365.0 small-vehicle 1
411.0 1387.0 393.0 1393.0 382.0 1357.0 399.0 1352.0 small-vehicle 1
435.0 1385.0 416.0 1389.0 406.0 1350.0 425.0 1346.0 small-vehicle 1
447.0 1335.0 465.0 1330.0 474.0 1368.0 457.0 1372.0 small-vehicle 1
497.0 1361.0 479.0 1365.0 469.0 1328.0 487.0 1325.0 small-vehicle 1
469.0 1456.0 452.0 1462.0 439.0 1426.0 455.0 1420.0 small-vehicle 1
484.0 1411.0 503.0 1407.0 513.0 1449.0 496.0 1452.0 small-vehicle 1
582.0 1424.0 565.0 1429.0 554.0 1397.0 570.0 1392.0 small-vehicle 1
437.0 1557.0 442.0 1545.0 479.0 1560.0 474.0 1575.0 small-vehicle 0
615.0 1409.0 599.0 1415.0 586.0 1384.0 601.0 1377.0 small-vehicle 1
589.0 1324.0 573.0 1328.0 564.0 1297.0 580.0 1293.0 small-vehicle 1
581.0 1288.0 599.0 1283.0 610.0 1317.0 593.0 1323.0 small-vehicle 1
636.0 1400.0 621.0 1404.0 612.0 1375.0 625.0 1371.0 small-vehicle 1
653.0 1394.0 638.0 1398.0 631.0 1363.0 646.0 1360.0 small-vehicle 1
687.0 1384.0 670.0 1387.0 663.0 1352.0 678.0 1351.0 small-vehicle 1
707.0 1381.0 692.0 1384.0 682.0 1353.0 697.0 1349.0 small-vehicle 1
726.0 1376.0 711.0 1379.0 699.0 1341.0 716.0 1338.0 small-vehicle 1
731.0 1247.0 748.0 1239.0 761.0 1273.0 743.0 1281.0 small-vehicle 1
486.0 1585.0 478.0 1600.0 452.0 1583.0 459.0 1570.0 small-vehicle 0
510.0 1659.0 503.0 1675.0 471.0 1657.0 477.0 1643.0 small-vehicle 0
427.0 1901.0 515.0 1873.0 571.0 2057.0 485.0 2086.0 tennis-court 0
1354.0 1026.0 1357.0 1042.0 1323.0 1049.0 1320.0 1033.0 small-vehicle 1
1395.0 1851.0 1406.0 1865.0 1375.0 1887.0 1365.0 1873.0 small-vehicle 0
1396.0 1815.0 1407.0 1829.0 1381.0 1853.0 1370.0 1841.0 small-vehicle 0
1247.0 1930.0 1256.0 1945.0 1229.0 1960.0 1221.0 1944.0 small-vehicle 0
1320.0 953.0 1328.0 967.0 1296.0 982.0 1288.0 967.0 small-vehicle 1
1331.0 972.0 1339.0 986.0 1305.0 1002.0 1298.0 987.0 small-vehicle 1
1336.0 989.0 1343.0 1005.0 1309.0 1018.0 1303.0 1003.0 small-vehicle 1
1344.0 1007.0 1350.0 1024.0 1313.0 1035.0 1307.0 1019.0 small-vehicle 1
1358.0 1044.0 1364.0 1058.0 1339.0 1069.0 1333.0 1055.0 small-vehicle 0
944.0 1186.0 948.0 1199.0 914.0 1208.0 909.0 1196.0 small-vehicle 1
1300.0 1075.0 1310.0 1063.0 1338.0 1087.0 1329.0 1099.0 small-vehicle 0
1163.0 1506.0 1157.0 1490.0 1197.0 1474.0 1204.0 1489.0 small-vehicle 0
1102.0 1143.0 1105.0 1158.0 1068.0 1169.0 1063.0 1154.0 small-vehicle 1
1061.0 1155.0 1064.0 1169.0 1029.0 1180.0 1025.0 1164.0 small-vehicle 1
1203.0 1195.0 1290.0 1158.0 1367.0 1338.0 1281.0 1373.0 tennis-court 0
1066.0 1257.0 1149.0 1219.0 1226.0 1397.0 1143.0 1436.0 tennis-court 0
1019.0 1164.0 1024.0 1180.0 992.0 1190.0 986.0 1173.0 small-vehicle 1
952.0 1199.0 948.0 1185.0 978.0 1177.0 982.0 1191.0 small-vehicle 1
84.0 85.0 101.0 79.0 115.0 114.0 100.0 120.0 small-vehicle 0
