imagesource:GoogleEarth
gsd:0.124358157341
758.0 1230.0 755.0 1247.0 720.0 1240.0 723.0 1223.0 small-vehicle 0
847.0 467.0 851.0 448.0 914.0 462.0 909.0 483.0 large-vehicle 0
792.0 757.0 795.0 739.0 859.0 752.0 855.0 771.0 large-vehicle 0
798.0 736.0 803.0 717.0 865.0 730.0 860.0 751.0 large-vehicle 0
860.0 684.0 858.0 700.0 824.0 693.0 827.0 677.0 small-vehicle 0
814.0 534.0 831.0 540.0 819.0 579.0 803.0 572.0 small-vehicle 0
827.0 595.0 830.0 575.0 892.0 588.0 888.0 608.0 large-vehicle 0
831.0 574.0 832.0 553.0 897.0 565.0 894.0 585.0 large-vehicle 0
809.0 504.0 828.0 516.0 798.0 568.0 778.0 556.0 large-vehicle 0
835.0 530.0 837.0 511.0 901.0 525.0 897.0 544.0 large-vehicle 0
840.0 510.0 843.0 490.0 906.0 504.0 901.0 524.0 large-vehicle 0
844.0 486.0 846.0 470.0 910.0 483.0 907.0 501.0 large-vehicle 0
852.0 446.0 857.0 429.0 918.0 442.0 914.0 461.0 large-vehicle 0
768.0 802.0 771.0 786.0 808.0 795.0 804.0 812.0 small-vehicle 0
861.0 408.0 865.0 388.0 926.0 402.0 922.0 422.0 large-vehicle 0
867.0 386.0 869.0 368.0 933.0 382.0 928.0 403.0 large-vehicle 0
714.0 406.0 720.0 388.0 761.0 399.0 757.0 417.0 large-vehicle 0
303.0 162.0 299.0 180.0 266.0 172.0 268.0 157.0 small-vehicle 0
167.0 134.0 163.0 151.0 125.0 143.0 127.0 126.0 small-vehicle 0
54.0 113.0 49.0 132.0 8.0 122.0 12.0 104.0 small-vehicle 0
95.0 793.0 95.0 777.0 137.0 777.0 136.0 795.0 small-vehicle 0
198.0 1015.0 180.0 1013.0 185.0 975.0 201.0 977.0 small-vehicle 0
160.0 968.0 180.0 972.0 175.0 1009.0 155.0 1008.0 small-vehicle 0
137.0 963.0 155.0 965.0 154.0 1006.0 135.0 1006.0 small-vehicle 0
786.0 780.0 790.0 761.0 852.0 773.0 849.0 793.0 large-vehicle 0
755.0 819.0 759.0 803.0 798.0 813.0 795.0 829.0 small-vehicle 0
855.0 666.0 851.0 679.0 824.0 673.0 829.0 659.0 small-vehicle 0
54.0 767.0 70.0 769.0 66.0 805.0 47.0 804.0 small-vehicle 0
629.0 250.0 632.0 232.0 675.0 242.0 671.0 259.0 small-vehicle 0
708.0 517.0 707.0 539.0 650.0 531.0 651.0 510.0 large-vehicle 0
690.0 579.0 691.0 562.0 734.0 571.0 730.0 588.0 small-vehicle 0
679.0 597.0 681.0 581.0 724.0 589.0 721.0 608.0 small-vehicle 0
673.0 614.0 675.0 598.0 717.0 606.0 714.0 624.0 small-vehicle 0
672.0 632.0 675.0 616.0 713.0 624.0 710.0 640.0 small-vehicle 0
665.0 659.0 667.0 641.0 709.0 650.0 706.0 667.0 small-vehicle 0
109.0 727.0 92.0 724.0 98.0 684.0 115.0 686.0 small-vehicle 0
92.0 716.0 73.0 714.0 77.0 677.0 95.0 677.0 small-vehicle 0
72.0 726.0 54.0 724.0 58.0 686.0 77.0 688.0 small-vehicle 0
89.0 828.0 91.0 811.0 129.0 815.0 127.0 831.0 small-vehicle 0
819.0 930.0 817.0 947.0 779.0 940.0 782.0 923.0 small-vehicle 0
87.0 850.0 89.0 831.0 132.0 834.0 129.0 854.0 small-vehicle 0
83.0 889.0 85.0 872.0 126.0 876.0 124.0 893.0 small-vehicle 0
34.0 862.0 16.0 861.0 19.0 822.0 36.0 822.0 small-vehicle 0
280.0 934.0 277.0 952.0 236.0 946.0 237.0 929.0 small-vehicle 0
116.0 965.0 135.0 965.0 135.0 1005.0 117.0 1006.0 small-vehicle 0
47.0 958.0 50.0 941.0 89.0 945.0 84.0 964.0 small-vehicle 0
603.0 863.0 607.0 845.0 649.0 854.0 645.0 872.0 small-vehicle 0
595.0 1110.0 596.0 1088.0 650.0 1099.0 647.0 1121.0 small-vehicle 0
713.0 1145.0 719.0 1127.0 780.0 1142.0 775.0 1162.0 large-vehicle 0
789.0 1456.0 812.0 1455.0 821.0 1516.0 799.0 1520.0 large-vehicle 0
118.0 1513.0 100.0 1511.0 100.0 1472.0 118.0 1472.0 small-vehicle 0
42.0 1498.0 25.0 1495.0 28.0 1465.0 44.0 1465.0 small-vehicle 0
96.0 1603.0 76.0 1602.0 83.0 1556.0 100.0 1558.0 small-vehicle 0
414.0 1425.0 430.0 1430.0 419.0 1466.0 403.0 1460.0 small-vehicle 0
517.0 1286.0 514.0 1269.0 557.0 1268.0 557.0 1284.0 small-vehicle 0
545.0 1036.0 548.0 1021.0 583.0 1029.0 580.0 1043.0 small-vehicle 0
702.0 1485.0 686.0 1481.0 695.0 1444.0 711.0 1450.0 small-vehicle 0
638.0 1439.0 654.0 1442.0 648.0 1477.0 631.0 1475.0 small-vehicle 0
706.0 1185.0 709.0 1163.0 773.0 1175.0 769.0 1197.0 large-vehicle 0
719.0 1127.0 722.0 1108.0 786.0 1118.0 783.0 1139.0 large-vehicle 0
585.0 1127.0 589.0 1111.0 627.0 1121.0 621.0 1140.0 small-vehicle 0
725.0 1106.0 729.0 1084.0 792.0 1095.0 788.0 1116.0 large-vehicle 0
743.0 1068.0 746.0 1047.0 801.0 1058.0 795.0 1079.0 large-vehicle 0
1010.0 1738.0 1023.0 1750.0 999.0 1782.0 984.0 1772.0 small-vehicle 0
974.0 1468.0 959.0 1448.0 1018.0 1410.0 1030.0 1431.0 large-vehicle 0
1070.0 1652.0 1083.0 1664.0 1063.0 1690.0 1049.0 1681.0 small-vehicle 0
1093.0 1668.0 1106.0 1679.0 1086.0 1710.0 1072.0 1699.0 small-vehicle 0
1042.0 1695.0 1056.0 1706.0 1039.0 1729.0 1024.0 1720.0 small-vehicle 0
1137.0 1692.0 1149.0 1702.0 1125.0 1736.0 1112.0 1725.0 small-vehicle 0
1108.0 1730.0 1122.0 1740.0 1104.0 1766.0 1090.0 1756.0 small-vehicle 0
816.0 1462.0 838.0 1458.0 854.0 1519.0 833.0 1527.0 large-vehicle 0
930.0 1466.0 953.0 1472.0 943.0 1526.0 919.0 1522.0 large-vehicle 0
886.0 1442.0 865.0 1437.0 873.0 1376.0 897.0 1380.0 large-vehicle 0
564.0 1150.0 563.0 1131.0 608.0 1135.0 608.0 1154.0 small-vehicle 0
520.0 1160.0 524.0 1139.0 585.0 1153.0 579.0 1174.0 small-vehicle 0
506.0 1200.0 511.0 1181.0 557.0 1192.0 552.0 1213.0 small-vehicle 0
292.0 1360.0 270.0 1353.0 285.0 1293.0 306.0 1297.0 large-vehicle 0
271.0 1355.0 249.0 1350.0 262.0 1291.0 285.0 1295.0 large-vehicle 0
253.0 1338.0 234.0 1334.0 242.0 1291.0 259.0 1295.0 small-vehicle 0
234.0 1330.0 214.0 1326.0 222.0 1289.0 240.0 1292.0 small-vehicle 0
483.0 1344.0 502.0 1348.0 494.0 1384.0 476.0 1380.0 small-vehicle 0
515.0 1394.0 498.0 1388.0 506.0 1347.0 524.0 1351.0 small-vehicle 0
279.0 1400.0 301.0 1407.0 288.0 1467.0 265.0 1460.0 large-vehicle 0
301.0 1405.0 325.0 1410.0 317.0 1472.0 292.0 1468.0 large-vehicle 0
349.0 1410.0 372.0 1416.0 362.0 1477.0 339.0 1475.0 large-vehicle 0
372.0 1405.0 394.0 1410.0 383.0 1471.0 364.0 1467.0 large-vehicle 0
437.0 1423.0 457.0 1429.0 444.0 1481.0 426.0 1475.0 large-vehicle 0
481.0 1427.0 503.0 1433.0 488.0 1495.0 465.0 1490.0 large-vehicle 0
501.0 1441.0 520.0 1445.0 509.0 1491.0 491.0 1486.0 large-vehicle 0
546.0 1425.0 568.0 1430.0 555.0 1495.0 530.0 1491.0 large-vehicle 0
569.0 1430.0 590.0 1434.0 575.0 1500.0 555.0 1495.0 large-vehicle 0
589.0 1439.0 610.0 1442.0 603.0 1506.0 581.0 1505.0 large-vehicle 0
612.0 1446.0 632.0 1450.0 627.0 1508.0 605.0 1505.0 large-vehicle 0
807.0 1416.0 786.0 1410.0 799.0 1358.0 819.0 1361.0 large-vehicle 0
585.0 241.0 587.0 224.0 624.0 232.0 622.0 249.0 small-vehicle 0
