imagesource:GoogleEarth
gsd:0.110895635252
273.0 289.0 293.0 293.0 284.0 335.0 266.0 330.0 small-vehicle 1
572.0 570.0 591.0 575.0 579.0 611.0 562.0 604.0 small-vehicle 0
406.0 610.0 416.0 594.0 445.0 610.0 437.0 625.0 small-vehicle 0
460.0 632.0 464.0 611.0 509.0 622.0 506.0 640.0 small-vehicle 0
430.0 676.0 409.0 670.0 423.0 631.0 443.0 637.0 small-vehicle 0
559.0 636.0 562.0 619.0 608.0 629.0 603.0 647.0 small-vehicle 0
452.0 686.0 432.0 681.0 442.0 641.0 460.0 646.0 small-vehicle 0
517.0 698.0 496.0 693.0 503.0 654.0 525.0 658.0 small-vehicle 0
536.0 704.0 517.0 700.0 527.0 657.0 547.0 662.0 small-vehicle 0
583.0 709.0 563.0 705.0 572.0 664.0 592.0 668.0 small-vehicle 0
626.0 568.0 605.0 561.0 618.0 522.0 638.0 528.0 small-vehicle 0
648.0 573.0 629.0 567.0 642.0 529.0 661.0 534.0 small-vehicle 0
668.0 576.0 649.0 570.0 660.0 535.0 677.0 540.0 small-vehicle 0
689.0 580.0 669.0 575.0 680.0 538.0 698.0 542.0 small-vehicle 0
711.0 585.0 690.0 579.0 701.0 539.0 722.0 543.0 small-vehicle 0
733.0 594.0 714.0 586.0 725.0 546.0 744.0 550.0 small-vehicle 0
750.0 598.0 733.0 592.0 743.0 554.0 761.0 559.0 small-vehicle 0
779.0 603.0 759.0 598.0 765.0 560.0 784.0 565.0 small-vehicle 0
616.0 578.0 637.0 583.0 626.0 624.0 605.0 620.0 small-vehicle 0
638.0 582.0 657.0 586.0 649.0 626.0 628.0 621.0 small-vehicle 0
656.0 590.0 678.0 596.0 670.0 631.0 648.0 626.0 small-vehicle 0
680.0 592.0 700.0 598.0 690.0 636.0 670.0 631.0 small-vehicle 0
700.0 597.0 718.0 603.0 710.0 636.0 692.0 631.0 small-vehicle 0
604.0 619.0 584.0 614.0 590.0 574.0 610.0 577.0 small-vehicle 0
604.0 563.0 583.0 557.0 594.0 514.0 617.0 522.0 small-vehicle 0
946.0 798.0 943.0 775.0 994.0 767.0 996.0 790.0 small-vehicle 1
581.0 559.0 561.0 554.0 574.0 511.0 593.0 516.0 small-vehicle 0
187.0 272.0 206.0 277.0 198.0 315.0 177.0 309.0 small-vehicle 0
229.0 283.0 250.0 289.0 242.0 326.0 223.0 320.0 small-vehicle 0
306.0 340.0 285.0 337.0 294.0 300.0 313.0 305.0 small-vehicle 0
313.0 300.0 334.0 305.0 325.0 347.0 304.0 343.0 small-vehicle 0
336.0 313.0 353.0 316.0 347.0 348.0 330.0 345.0 small-vehicle 0
360.0 310.0 378.0 314.0 372.0 349.0 353.0 346.0 small-vehicle 0
494.0 366.0 498.0 346.0 557.0 360.0 552.0 381.0 small-vehicle 0
489.0 383.0 508.0 389.0 498.0 430.0 475.0 423.0 small-vehicle 0
517.0 391.0 536.0 397.0 529.0 433.0 509.0 430.0 small-vehicle 0
549.0 399.0 568.0 404.0 560.0 444.0 540.0 439.0 small-vehicle 0
568.0 403.0 587.0 406.0 585.0 445.0 562.0 443.0 small-vehicle 0
591.0 406.0 611.0 410.0 602.0 452.0 583.0 447.0 small-vehicle 0
613.0 413.0 635.0 417.0 627.0 457.0 606.0 452.0 small-vehicle 0
646.0 463.0 626.0 458.0 636.0 417.0 656.0 422.0 small-vehicle 0
459.0 483.0 479.0 488.0 469.0 531.0 449.0 526.0 small-vehicle 0
399.0 522.0 416.0 527.0 409.0 564.0 391.0 560.0 small-vehicle 0
443.0 543.0 463.0 547.0 456.0 584.0 434.0 580.0 small-vehicle 0
475.0 544.0 495.0 550.0 486.0 586.0 467.0 581.0 small-vehicle 0
504.0 556.0 522.0 558.0 519.0 592.0 500.0 590.0 small-vehicle 0
540.0 564.0 559.0 570.0 549.0 609.0 530.0 605.0 small-vehicle 0
562.0 554.0 543.0 549.0 554.0 508.0 572.0 514.0 small-vehicle 0
720.0 600.0 739.0 606.0 732.0 644.0 710.0 639.0 small-vehicle 0
740.0 608.0 760.0 614.0 752.0 650.0 734.0 645.0 small-vehicle 0
764.0 610.0 785.0 616.0 777.0 650.0 756.0 646.0 small-vehicle 0
26.0 830.0 4.0 829.0 8.0 789.0 29.0 790.0 small-vehicle 0
873.0 700.0 858.0 716.0 822.0 678.0 841.0 665.0 small-vehicle 0
914.0 636.0 912.0 656.0 868.0 649.0 870.0 630.0 small-vehicle 0
921.0 611.0 919.0 628.0 878.0 622.0 879.0 605.0 small-vehicle 0
920.0 580.0 926.0 599.0 890.0 609.0 882.0 590.0 small-vehicle 0
911.0 553.0 918.0 572.0 884.0 583.0 873.0 567.0 small-vehicle 0
896.0 525.0 908.0 542.0 874.0 563.0 861.0 548.0 small-vehicle 0
858.0 542.0 844.0 528.0 873.0 501.0 887.0 517.0 small-vehicle 0
852.0 482.0 867.0 496.0 844.0 526.0 826.0 515.0 small-vehicle 0
831.0 464.0 849.0 479.0 825.0 512.0 806.0 501.0 small-vehicle 0
803.0 505.0 785.0 494.0 804.0 460.0 820.0 468.0 small-vehicle 0
786.0 489.0 765.0 484.0 775.0 449.0 797.0 456.0 small-vehicle 0
720.0 395.0 735.0 409.0 709.0 437.0 693.0 425.0 small-vehicle 0
1060.0 491.0 1065.0 512.0 1023.0 520.0 1017.0 500.0 small-vehicle 0
1064.0 513.0 1068.0 534.0 1028.0 544.0 1020.0 525.0 small-vehicle 0
1037.0 683.0 1013.0 677.0 1023.0 638.0 1043.0 644.0 small-vehicle 0
1011.0 734.0 1028.0 720.0 1050.0 750.0 1034.0 762.0 small-vehicle 0
65.0 286.0 49.0 279.0 69.0 246.0 86.0 253.0 small-vehicle 1
253.0 288.0 271.0 293.0 262.0 328.0 245.0 325.0 small-vehicle 1
144.0 263.0 162.0 267.0 154.0 304.0 136.0 301.0 small-vehicle 1
114.0 256.0 133.0 255.0 128.0 300.0 110.0 297.0 small-vehicle 1
386.0 825.0 367.0 825.0 367.0 779.0 385.0 780.0 small-vehicle 1
852.0 721.0 837.0 731.0 809.0 693.0 824.0 681.0 small-vehicle 0
832.0 733.0 815.0 742.0 791.0 708.0 806.0 699.0 small-vehicle 0
812.0 742.0 798.0 755.0 767.0 724.0 782.0 712.0 small-vehicle 0
477.0 823.0 456.0 822.0 458.0 781.0 478.0 781.0 small-vehicle 0
46.0 830.0 26.0 828.0 32.0 789.0 52.0 791.0 small-vehicle 0
67.0 832.0 48.0 830.0 51.0 789.0 70.0 790.0 small-vehicle 0
67.0 830.0 69.0 812.0 112.0 812.0 112.0 832.0 small-vehicle 0
120.0 829.0 122.0 811.0 162.0 814.0 159.0 831.0 small-vehicle 0
344.0 751.0 355.0 766.0 318.0 798.0 305.0 782.0 small-vehicle 0
384.0 827.0 364.0 825.0 367.0 779.0 386.0 781.0 small-vehicle 0
411.0 825.0 388.0 825.0 391.0 783.0 412.0 783.0 small-vehicle 0
434.0 824.0 416.0 824.0 415.0 784.0 434.0 784.0 small-vehicle 0
457.0 824.0 436.0 821.0 436.0 778.0 459.0 779.0 small-vehicle 0
479.0 776.0 501.0 777.0 498.0 822.0 475.0 822.0 small-vehicle 0
725.0 725.0 738.0 708.0 777.0 737.0 765.0 753.0 small-vehicle 0
501.0 779.0 522.0 780.0 519.0 821.0 498.0 819.0 small-vehicle 0
521.0 772.0 544.0 774.0 541.0 819.0 518.0 819.0 small-vehicle 0
565.0 818.0 544.0 816.0 547.0 775.0 566.0 777.0 small-vehicle 0
583.0 815.0 565.0 813.0 570.0 773.0 590.0 776.0 small-vehicle 0
607.0 813.0 587.0 813.0 588.0 776.0 608.0 776.0 small-vehicle 0
627.0 815.0 606.0 812.0 610.0 770.0 630.0 772.0 small-vehicle 0
647.0 810.0 626.0 807.0 629.0 771.0 647.0 772.0 small-vehicle 0
673.0 809.0 647.0 809.0 648.0 761.0 672.0 762.0 large-vehicle 0
778.0 777.0 760.0 788.0 728.0 747.0 747.0 737.0 small-vehicle 0
38.0 244.0 57.0 249.0 48.0 280.0 29.0 276.0 small-vehicle 0
