imagesource:GoogleEarth
gsd:0.120750947213
1030.0 665.0 1013.0 666.0 1011.0 625.0 1027.0 624.0 small-vehicle 1
720.0 692.0 700.0 693.0 698.0 656.0 718.0 654.0 small-vehicle 0
962.0 721.0 942.0 721.0 940.0 685.0 958.0 685.0 small-vehicle 0
918.0 685.0 935.0 685.0 938.0 725.0 920.0 726.0 small-vehicle 0
916.0 725.0 897.0 726.0 896.0 692.0 915.0 691.0 small-vehicle 0
874.0 688.0 891.0 688.0 894.0 727.0 877.0 727.0 small-vehicle 0
852.0 687.0 871.0 686.0 872.0 728.0 854.0 728.0 small-vehicle 0
833.0 689.0 851.0 688.0 854.0 717.0 835.0 718.0 small-vehicle 0
810.0 693.0 829.0 693.0 833.0 728.0 814.0 729.0 small-vehicle 0
792.0 690.0 809.0 691.0 811.0 733.0 792.0 732.0 small-vehicle 0
789.0 734.0 769.0 736.0 766.0 694.0 786.0 693.0 small-vehicle 0
768.0 734.0 750.0 736.0 745.0 694.0 763.0 693.0 small-vehicle 0
726.0 693.0 744.0 691.0 747.0 731.0 729.0 733.0 small-vehicle 0
727.0 736.0 706.0 740.0 701.0 696.0 721.0 694.0 small-vehicle 0
683.0 744.0 661.0 743.0 659.0 705.0 679.0 705.0 small-vehicle 0
657.0 694.0 639.0 696.0 634.0 660.0 654.0 658.0 small-vehicle 0
662.0 740.0 641.0 741.0 638.0 703.0 658.0 702.0 small-vehicle 0
620.0 700.0 637.0 700.0 634.0 738.0 617.0 736.0 small-vehicle 0
617.0 702.0 597.0 703.0 592.0 658.0 613.0 656.0 small-vehicle 0
618.0 737.0 599.0 738.0 596.0 703.0 615.0 700.0 small-vehicle 0
599.0 742.0 579.0 744.0 576.0 698.0 596.0 698.0 small-vehicle 0
579.0 746.0 558.0 746.0 557.0 711.0 577.0 709.0 small-vehicle 0
551.0 704.0 533.0 706.0 529.0 667.0 548.0 666.0 small-vehicle 0
699.0 695.0 682.0 696.0 681.0 657.0 699.0 657.0 small-vehicle 0
743.0 690.0 724.0 691.0 723.0 656.0 741.0 656.0 small-vehicle 0
936.0 767.0 956.0 767.0 959.0 808.0 940.0 810.0 small-vehicle 0
746.0 654.0 763.0 654.0 763.0 688.0 746.0 687.0 small-vehicle 0
783.0 604.0 762.0 607.0 759.0 570.0 780.0 568.0 small-vehicle 0
782.0 563.0 802.0 563.0 804.0 604.0 783.0 604.0 small-vehicle 0
824.0 603.0 806.0 601.0 805.0 561.0 823.0 560.0 small-vehicle 0
846.0 598.0 827.0 599.0 826.0 560.0 845.0 560.0 small-vehicle 0
867.0 557.0 888.0 555.0 894.0 596.0 872.0 599.0 small-vehicle 0
889.0 554.0 908.0 554.0 912.0 587.0 894.0 589.0 small-vehicle 0
911.0 552.0 930.0 552.0 932.0 591.0 912.0 592.0 small-vehicle 0
934.0 552.0 956.0 554.0 955.0 594.0 934.0 592.0 small-vehicle 0
957.0 553.0 978.0 551.0 981.0 593.0 962.0 594.0 small-vehicle 0
896.0 594.0 907.0 612.0 875.0 628.0 864.0 612.0 small-vehicle 0
918.0 637.0 913.0 619.0 952.0 610.0 956.0 630.0 small-vehicle 0
981.0 679.0 963.0 679.0 961.0 640.0 980.0 641.0 small-vehicle 0
961.0 681.0 940.0 681.0 940.0 643.0 958.0 643.0 small-vehicle 0
937.0 681.0 918.0 682.0 916.0 637.0 935.0 636.0 small-vehicle 0
916.0 682.0 896.0 682.0 895.0 641.0 913.0 640.0 small-vehicle 0
893.0 683.0 876.0 683.0 875.0 645.0 892.0 645.0 small-vehicle 0
871.0 684.0 854.0 686.0 852.0 648.0 869.0 647.0 small-vehicle 0
851.0 688.0 832.0 687.0 828.0 648.0 847.0 648.0 small-vehicle 0
831.0 690.0 812.0 690.0 807.0 649.0 826.0 647.0 small-vehicle 0
811.0 687.0 790.0 687.0 787.0 648.0 807.0 648.0 small-vehicle 0
789.0 694.0 768.0 693.0 766.0 651.0 786.0 651.0 small-vehicle 0
988.0 808.0 969.0 808.0 967.0 767.0 986.0 767.0 small-vehicle 0
931.0 811.0 912.0 814.0 908.0 771.0 928.0 770.0 small-vehicle 0
115.0 1027.0 100.0 1035.0 75.0 1005.0 88.0 994.0 small-vehicle 0
915.0 901.0 934.0 900.0 938.0 944.0 918.0 946.0 small-vehicle 0
848.0 949.0 829.0 950.0 826.0 911.0 845.0 910.0 small-vehicle 0
819.0 950.0 800.0 952.0 796.0 911.0 815.0 910.0 small-vehicle 0
694.0 956.0 673.0 957.0 671.0 920.0 691.0 919.0 small-vehicle 0
606.0 957.0 587.0 958.0 584.0 922.0 603.0 920.0 small-vehicle 0
224.0 650.0 211.0 662.0 181.0 634.0 193.0 624.0 small-vehicle 0
151.0 681.0 152.0 663.0 194.0 666.0 192.0 686.0 small-vehicle 0
534.0 710.0 551.0 711.0 553.0 744.0 534.0 745.0 small-vehicle 0
463.0 753.0 443.0 753.0 443.0 720.0 461.0 719.0 small-vehicle 0
328.0 764.0 308.0 764.0 306.0 719.0 326.0 719.0 small-vehicle 0
305.0 763.0 285.0 763.0 283.0 724.0 301.0 723.0 small-vehicle 0
220.0 686.0 239.0 686.0 241.0 729.0 223.0 730.0 small-vehicle 0
311.0 780.0 307.0 800.0 267.0 791.0 271.0 770.0 small-vehicle 0
269.0 854.0 252.0 854.0 249.0 816.0 268.0 815.0 small-vehicle 0
348.0 800.0 367.0 800.0 371.0 840.0 352.0 841.0 small-vehicle 0
379.0 801.0 397.0 802.0 398.0 841.0 380.0 841.0 small-vehicle 0
429.0 843.0 410.0 844.0 408.0 798.0 426.0 797.0 small-vehicle 0
459.0 843.0 440.0 843.0 438.0 809.0 456.0 808.0 small-vehicle 0
487.0 842.0 467.0 841.0 467.0 801.0 487.0 800.0 small-vehicle 0
463.0 847.0 481.0 847.0 480.0 888.0 463.0 888.0 small-vehicle 0
431.0 845.0 451.0 844.0 452.0 883.0 433.0 884.0 small-vehicle 0
398.0 849.0 419.0 848.0 424.0 888.0 403.0 888.0 small-vehicle 0
875.0 946.0 856.0 946.0 855.0 910.0 873.0 909.0 small-vehicle 0
776.0 897.0 777.0 877.0 818.0 877.0 816.0 898.0 small-vehicle 0
901.0 811.0 883.0 811.0 879.0 774.0 899.0 773.0 small-vehicle 0
552.0 837.0 573.0 837.0 574.0 878.0 552.0 879.0 small-vehicle 0
871.0 822.0 852.0 820.0 852.0 780.0 871.0 780.0 small-vehicle 0
841.0 821.0 823.0 820.0 823.0 776.0 841.0 777.0 small-vehicle 0
816.0 819.0 833.0 820.0 836.0 861.0 816.0 861.0 small-vehicle 0
912.0 814.0 930.0 812.0 936.0 850.0 919.0 853.0 small-vehicle 0
887.0 816.0 904.0 817.0 903.0 859.0 887.0 860.0 small-vehicle 0
850.0 820.0 866.0 821.0 867.0 857.0 850.0 858.0 small-vehicle 0
813.0 820.0 795.0 821.0 791.0 780.0 809.0 779.0 small-vehicle 0
780.0 817.0 762.0 816.0 762.0 778.0 779.0 778.0 small-vehicle 0
806.0 862.0 788.0 862.0 788.0 830.0 804.0 830.0 small-vehicle 0
775.0 862.0 757.0 863.0 755.0 823.0 774.0 823.0 small-vehicle 0
705.0 781.0 723.0 780.0 724.0 819.0 706.0 820.0 small-vehicle 0
704.0 825.0 723.0 825.0 723.0 862.0 704.0 863.0 small-vehicle 0
700.0 823.0 680.0 826.0 677.0 785.0 696.0 783.0 small-vehicle 0
691.0 867.0 673.0 869.0 672.0 829.0 689.0 828.0 small-vehicle 0
673.0 823.0 654.0 825.0 649.0 786.0 668.0 786.0 small-vehicle 0
645.0 827.0 663.0 827.0 665.0 866.0 647.0 867.0 small-vehicle 0
620.0 785.0 641.0 786.0 642.0 827.0 622.0 827.0 small-vehicle 0
614.0 836.0 633.0 835.0 635.0 871.0 617.0 872.0 small-vehicle 0
612.0 827.0 592.0 829.0 591.0 787.0 609.0 786.0 small-vehicle 0
584.0 835.0 602.0 834.0 604.0 872.0 586.0 872.0 small-vehicle 0
583.0 834.0 565.0 834.0 563.0 795.0 581.0 793.0 small-vehicle 0
739.0 566.0 758.0 566.0 760.0 600.0 740.0 601.0 small-vehicle 0
952.0 502.0 974.0 501.0 976.0 545.0 956.0 545.0 small-vehicle 0
932.0 508.0 949.0 508.0 949.0 546.0 930.0 545.0 small-vehicle 0
808.0 302.0 829.0 300.0 832.0 340.0 811.0 341.0 small-vehicle 0
745.0 300.0 768.0 300.0 769.0 338.0 747.0 340.0 small-vehicle 0
746.0 303.0 723.0 306.0 717.0 262.0 741.0 261.0 small-vehicle 0
699.0 306.0 679.0 307.0 676.0 269.0 697.0 268.0 small-vehicle 0
704.0 348.0 682.0 351.0 680.0 307.0 701.0 307.0 small-vehicle 0
657.0 306.0 636.0 307.0 631.0 263.0 653.0 261.0 small-vehicle 0
574.0 278.0 593.0 278.0 595.0 317.0 574.0 317.0 small-vehicle 0
397.0 327.0 418.0 326.0 420.0 363.0 399.0 363.0 small-vehicle 0
379.0 331.0 357.0 332.0 356.0 292.0 378.0 292.0 small-vehicle 0
279.0 332.0 298.0 331.0 300.0 366.0 280.0 367.0 small-vehicle 0
217.0 298.0 238.0 296.0 240.0 333.0 218.0 334.0 small-vehicle 0
53.0 344.0 53.0 324.0 93.0 327.0 93.0 346.0 small-vehicle 0
54.0 404.0 54.0 385.0 100.0 387.0 98.0 407.0 small-vehicle 0
288.0 464.0 266.0 466.0 265.0 423.0 287.0 422.0 small-vehicle 0
226.0 463.0 207.0 466.0 204.0 430.0 224.0 428.0 small-vehicle 0
363.0 420.0 381.0 419.0 383.0 457.0 364.0 458.0 small-vehicle 0
445.0 460.0 466.0 458.0 469.0 496.0 446.0 498.0 small-vehicle 0
295.0 591.0 274.0 594.0 271.0 549.0 292.0 548.0 small-vehicle 0
49.0 621.0 48.0 603.0 87.0 600.0 87.0 619.0 small-vehicle 0
53.0 665.0 49.0 644.0 86.0 642.0 87.0 661.0 small-vehicle 0
236.0 637.0 216.0 638.0 213.0 596.0 234.0 595.0 small-vehicle 0
257.0 594.0 278.0 594.0 280.0 632.0 258.0 633.0 small-vehicle 0
767.0 303.0 787.0 302.0 791.0 338.0 771.0 339.0 small-vehicle 0
831.0 300.0 853.0 299.0 855.0 343.0 833.0 343.0 small-vehicle 0
906.0 552.0 889.0 553.0 885.0 517.0 904.0 516.0 small-vehicle 0
873.0 298.0 895.0 297.0 900.0 341.0 876.0 342.0 small-vehicle 0
268.0 246.0 268.0 265.0 229.0 267.0 229.0 248.0 small-vehicle 0
51.0 303.0 52.0 288.0 86.0 289.0 83.0 306.0 small-vehicle 0
537.0 180.0 557.0 180.0 561.0 220.0 539.0 221.0 small-vehicle 0
575.0 176.0 594.0 176.0 598.0 212.0 579.0 214.0 small-vehicle 0
618.0 172.0 637.0 171.0 639.0 209.0 620.0 211.0 small-vehicle 0
660.0 170.0 678.0 170.0 683.0 208.0 665.0 210.0 small-vehicle 0
702.0 165.0 720.0 165.0 722.0 203.0 704.0 204.0 small-vehicle 0
721.0 163.0 741.0 163.0 742.0 205.0 724.0 206.0 small-vehicle 0
801.0 159.0 819.0 159.0 822.0 197.0 803.0 197.0 small-vehicle 0
820.0 157.0 841.0 156.0 844.0 197.0 822.0 197.0 small-vehicle 0
841.0 156.0 859.0 156.0 862.0 196.0 844.0 196.0 small-vehicle 0
924.0 195.0 908.0 195.0 906.0 156.0 922.0 155.0 small-vehicle 0
712.0 216.0 715.0 237.0 677.0 240.0 675.0 220.0 small-vehicle 0
936.0 252.0 955.0 252.0 959.0 290.0 939.0 292.0 small-vehicle 0
936.0 294.0 918.0 294.0 915.0 252.0 931.0 252.0 small-vehicle 0
916.0 294.0 895.0 294.0 891.0 253.0 913.0 253.0 small-vehicle 0
872.0 300.0 852.0 300.0 849.0 258.0 868.0 256.0 small-vehicle 0
828.0 301.0 808.0 301.0 807.0 264.0 826.0 265.0 small-vehicle 0
807.0 307.0 789.0 306.0 787.0 264.0 806.0 263.0 small-vehicle 0
943.0 295.0 962.0 294.0 966.0 333.0 947.0 335.0 small-vehicle 0
896.0 297.0 916.0 298.0 921.0 337.0 900.0 337.0 small-vehicle 0
336.0 629.0 315.0 631.0 313.0 590.0 333.0 589.0 small-vehicle 0
472.0 581.0 452.0 582.0 450.0 544.0 471.0 543.0 small-vehicle 0
437.0 622.0 418.0 623.0 414.0 588.0 436.0 586.0 small-vehicle 0
474.0 631.0 474.0 651.0 440.0 653.0 438.0 633.0 small-vehicle 0
837.0 470.0 819.0 470.0 817.0 433.0 836.0 432.0 small-vehicle 0
856.0 431.0 838.0 431.0 837.0 391.0 855.0 390.0 small-vehicle 0
880.0 432.0 861.0 431.0 860.0 393.0 878.0 393.0 small-vehicle 0
902.0 428.0 883.0 428.0 880.0 391.0 899.0 388.0 small-vehicle 0
902.0 389.0 919.0 387.0 923.0 427.0 904.0 427.0 small-vehicle 0
945.0 427.0 925.0 426.0 922.0 388.0 942.0 386.0 small-vehicle 0
969.0 425.0 949.0 424.0 946.0 384.0 966.0 382.0 small-vehicle 0
858.0 470.0 841.0 469.0 840.0 435.0 857.0 435.0 small-vehicle 0
882.0 471.0 864.0 470.0 860.0 434.0 881.0 433.0 small-vehicle 0
904.0 429.0 925.0 427.0 927.0 468.0 905.0 469.0 small-vehicle 0
925.0 427.0 946.0 426.0 946.0 462.0 927.0 463.0 small-vehicle 0
945.0 426.0 964.0 425.0 968.0 464.0 947.0 464.0 small-vehicle 0
893.0 458.0 909.0 466.0 896.0 500.0 877.0 492.0 small-vehicle 0
1050.0 427.0 1031.0 431.0 1026.0 385.0 1045.0 382.0 small-vehicle 0
757.0 565.0 738.0 565.0 737.0 526.0 754.0 526.0 small-vehicle 0
781.0 563.0 761.0 564.0 756.0 526.0 775.0 524.0 small-vehicle 0
778.0 523.0 798.0 523.0 802.0 560.0 782.0 562.0 small-vehicle 0
823.0 559.0 804.0 560.0 801.0 520.0 819.0 518.0 small-vehicle 0
843.0 558.0 826.0 559.0 823.0 523.0 842.0 523.0 small-vehicle 0
864.0 558.0 845.0 557.0 843.0 515.0 863.0 514.0 small-vehicle 0
884.0 555.0 865.0 557.0 862.0 517.0 883.0 516.0 small-vehicle 0
836.0 429.0 817.0 428.0 815.0 391.0 834.0 391.0 small-vehicle 0
777.0 435.0 796.0 436.0 795.0 474.0 776.0 473.0 small-vehicle 0
793.0 430.0 775.0 429.0 772.0 394.0 790.0 392.0 small-vehicle 0
671.0 567.0 654.0 568.0 648.0 526.0 667.0 523.0 small-vehicle 0
484.0 592.0 501.0 592.0 504.0 628.0 485.0 628.0 small-vehicle 0
454.0 586.0 475.0 587.0 476.0 620.0 455.0 620.0 small-vehicle 0
432.0 584.0 414.0 584.0 413.0 543.0 431.0 544.0 small-vehicle 0
606.0 570.0 590.0 571.0 587.0 535.0 606.0 534.0 small-vehicle 0
632.0 564.0 613.0 568.0 605.0 524.0 625.0 520.0 small-vehicle 0
589.0 571.0 608.0 571.0 609.0 611.0 590.0 612.0 small-vehicle 0
631.0 607.0 612.0 608.0 609.0 568.0 627.0 566.0 small-vehicle 0
654.0 568.0 673.0 568.0 673.0 612.0 654.0 612.0 small-vehicle 0
673.0 569.0 693.0 569.0 694.0 609.0 676.0 610.0 small-vehicle 0
714.0 570.0 696.0 570.0 693.0 529.0 712.0 528.0 small-vehicle 0
731.0 436.0 749.0 434.0 755.0 477.0 734.0 478.0 small-vehicle 0
1020.0 321.0 1016.0 299.0 1061.0 295.0 1064.0 316.0 small-vehicle 0
536.0 410.0 556.0 409.0 558.0 450.0 539.0 451.0 small-vehicle 0
623.0 443.0 603.0 446.0 599.0 404.0 617.0 403.0 small-vehicle 0
625.0 442.0 645.0 441.0 647.0 483.0 627.0 485.0 small-vehicle 0
644.0 440.0 625.0 442.0 620.0 400.0 641.0 398.0 small-vehicle 0
666.0 441.0 648.0 441.0 644.0 400.0 664.0 398.0 small-vehicle 0
706.0 440.0 687.0 442.0 685.0 397.0 706.0 396.0 small-vehicle 0
689.0 440.0 706.0 440.0 706.0 472.0 688.0 472.0 small-vehicle 0
732.0 477.0 713.0 477.0 711.0 438.0 728.0 437.0 small-vehicle 0
371.0 847.0 392.0 847.0 393.0 886.0 374.0 887.0 small-vehicle 0
181.0 1109.0 163.0 1119.0 137.0 1082.0 154.0 1071.0 small-vehicle 0
551.0 1684.0 534.0 1697.0 502.0 1664.0 516.0 1650.0 small-vehicle 1
1105.0 1553.0 1104.0 1537.0 1141.0 1536.0 1141.0 1552.0 small-vehicle 0
1255.0 1216.0 1273.0 1220.0 1266.0 1257.0 1247.0 1254.0 small-vehicle 0
1285.0 1271.0 1266.0 1266.0 1274.0 1228.0 1292.0 1231.0 small-vehicle 0
1308.0 1228.0 1323.0 1237.0 1302.0 1268.0 1287.0 1259.0 small-vehicle 0
1328.0 1244.0 1342.0 1256.0 1317.0 1286.0 1302.0 1274.0 small-vehicle 0
1346.0 1260.0 1357.0 1275.0 1331.0 1301.0 1317.0 1288.0 small-vehicle 0
1366.0 1267.0 1379.0 1283.0 1351.0 1311.0 1338.0 1298.0 small-vehicle 0
1243.0 1333.0 1224.0 1331.0 1223.0 1292.0 1242.0 1292.0 small-vehicle 0
1258.0 1340.0 1259.0 1359.0 1224.0 1359.0 1222.0 1340.0 small-vehicle 0
1227.0 1419.0 1225.0 1400.0 1267.0 1398.0 1269.0 1416.0 small-vehicle 0
1273.0 1437.0 1273.0 1456.0 1231.0 1458.0 1230.0 1440.0 small-vehicle 0
1368.0 1345.0 1357.0 1327.0 1391.0 1308.0 1401.0 1327.0 small-vehicle 0
1402.0 1333.0 1409.0 1351.0 1379.0 1362.0 1371.0 1346.0 small-vehicle 0
1413.0 1354.0 1419.0 1374.0 1386.0 1380.0 1379.0 1361.0 small-vehicle 0
1417.0 1384.0 1418.0 1403.0 1382.0 1406.0 1380.0 1385.0 small-vehicle 0
1277.0 1559.0 1277.0 1577.0 1242.0 1577.0 1239.0 1558.0 small-vehicle 0
1277.0 1597.0 1275.0 1618.0 1234.0 1617.0 1234.0 1597.0 small-vehicle 0
1277.0 1655.0 1275.0 1675.0 1241.0 1675.0 1239.0 1655.0 small-vehicle 0
1381.0 1691.0 1374.0 1708.0 1341.0 1694.0 1347.0 1676.0 small-vehicle 0
1335.0 1791.0 1325.0 1806.0 1293.0 1786.0 1303.0 1770.0 small-vehicle 0
1374.0 1908.0 1356.0 1900.0 1372.0 1867.0 1388.0 1874.0 small-vehicle 0
1337.0 1971.0 1320.0 1962.0 1342.0 1923.0 1357.0 1932.0 small-vehicle 0
1156.0 1655.0 1155.0 1637.0 1191.0 1635.0 1191.0 1654.0 small-vehicle 0
1104.0 1534.0 1103.0 1517.0 1140.0 1517.0 1140.0 1534.0 small-vehicle 0
1308.0 2055.0 1308.0 2037.0 1343.0 2038.0 1342.0 2056.0 small-vehicle 0
1143.0 1492.0 1143.0 1476.0 1177.0 1474.0 1178.0 1493.0 small-vehicle 0
1402.0 1265.0 1418.0 1258.0 1436.0 1294.0 1421.0 1300.0 small-vehicle 0
1086.0 1221.0 1084.0 1204.0 1119.0 1202.0 1120.0 1222.0 small-vehicle 0
1126.0 1217.0 1125.0 1201.0 1163.0 1199.0 1164.0 1217.0 small-vehicle 0
1084.0 1239.0 1083.0 1221.0 1121.0 1221.0 1120.0 1241.0 small-vehicle 0
1125.0 1236.0 1123.0 1219.0 1165.0 1217.0 1165.0 1237.0 small-vehicle 0
1087.0 1261.0 1086.0 1241.0 1129.0 1242.0 1128.0 1265.0 small-vehicle 0
1130.0 1261.0 1130.0 1243.0 1164.0 1243.0 1165.0 1262.0 small-vehicle 0
1092.0 1281.0 1091.0 1264.0 1129.0 1265.0 1129.0 1283.0 small-vehicle 0
1133.0 1284.0 1131.0 1266.0 1168.0 1264.0 1168.0 1282.0 small-vehicle 0
1133.0 1307.0 1129.0 1288.0 1171.0 1284.0 1174.0 1304.0 small-vehicle 0
1093.0 1307.0 1091.0 1290.0 1127.0 1288.0 1127.0 1306.0 small-vehicle 0
1171.0 1306.0 1172.0 1327.0 1135.0 1329.0 1132.0 1308.0 small-vehicle 0
1134.0 1347.0 1134.0 1331.0 1169.0 1332.0 1168.0 1350.0 small-vehicle 0
1134.0 1333.0 1135.0 1351.0 1100.0 1352.0 1098.0 1333.0 small-vehicle 0
1134.0 1352.0 1136.0 1372.0 1101.0 1373.0 1098.0 1354.0 small-vehicle 0
1136.0 1368.0 1134.0 1352.0 1168.0 1351.0 1169.0 1369.0 small-vehicle 0
1139.0 1390.0 1134.0 1374.0 1167.0 1369.0 1172.0 1385.0 small-vehicle 0
1099.0 1417.0 1098.0 1399.0 1136.0 1399.0 1136.0 1418.0 small-vehicle 0
1139.0 1411.0 1138.0 1394.0 1178.0 1393.0 1179.0 1413.0 small-vehicle 0
1139.0 1455.0 1139.0 1478.0 1094.0 1476.0 1093.0 1456.0 small-vehicle 0
1142.0 1474.0 1138.0 1455.0 1174.0 1452.0 1176.0 1469.0 small-vehicle 0
1256.0 2088.0 1239.0 2074.0 1266.0 2043.0 1281.0 2055.0 small-vehicle 0
1206.0 2151.0 1191.0 2145.0 1206.0 2115.0 1221.0 2121.0 small-vehicle 0
443.0 1104.0 461.0 1103.0 465.0 1144.0 444.0 1146.0 small-vehicle 0
1561.0 1272.0 1567.0 1290.0 1534.0 1304.0 1524.0 1288.0 small-vehicle 0
1572.0 1318.0 1578.0 1338.0 1546.0 1348.0 1537.0 1331.0 small-vehicle 0
1503.0 1171.0 1485.0 1171.0 1480.0 1127.0 1501.0 1126.0 small-vehicle 0
1525.0 1167.0 1508.0 1167.0 1502.0 1127.0 1521.0 1126.0 small-vehicle 0
1526.0 1124.0 1544.0 1124.0 1544.0 1159.0 1527.0 1158.0 small-vehicle 0
1565.0 1165.0 1548.0 1165.0 1547.0 1128.0 1565.0 1127.0 small-vehicle 0
1581.0 1163.0 1568.0 1162.0 1567.0 1130.0 1581.0 1132.0 small-vehicle 0
1053.0 481.0 1032.0 481.0 1031.0 438.0 1049.0 436.0 small-vehicle 0
998.0 20.0 1000.0 42.0 953.0 45.0 951.0 23.0 small-vehicle 0
1096.0 63.0 1094.0 45.0 1134.0 43.0 1134.0 61.0 small-vehicle 0
337.0 58.0 341.0 74.0 304.0 79.0 299.0 63.0 small-vehicle 0
303.0 116.0 298.0 99.0 340.0 91.0 344.0 110.0 small-vehicle 0
132.0 81.0 133.0 65.0 174.0 68.0 172.0 86.0 small-vehicle 0
68.0 506.0 61.0 524.0 26.0 508.0 33.0 491.0 small-vehicle 0
365.0 1485.0 356.0 1500.0 319.0 1482.0 328.0 1466.0 small-vehicle 0
160.0 2153.0 162.0 2136.0 188.0 2141.0 185.0 2159.0 small-vehicle 0
245.0 2198.0 259.0 2184.0 281.0 2208.0 268.0 2214.0 small-vehicle 0
1019.0 257.0 1017.0 238.0 1054.0 234.0 1056.0 253.0 small-vehicle 0
1026.0 277.0 1023.0 259.0 1060.0 256.0 1062.0 274.0 small-vehicle 0
1472.0 1783.0 1453.0 1775.0 1468.0 1739.0 1487.0 1747.0 small-vehicle 1
1449.0 1788.0 1468.0 1792.0 1457.0 1833.0 1438.0 1828.0 small-vehicle 1
1431.0 1976.0 1414.0 1971.0 1424.0 1934.0 1441.0 1939.0 small-vehicle 1
1566.0 1298.0 1571.0 1316.0 1540.0 1326.0 1531.0 1310.0 small-vehicle 0
1543.0 1419.0 1531.0 1426.0 1509.0 1394.0 1523.0 1385.0 small-vehicle 0
1134.0 2153.0 1118.0 2141.0 1146.0 2111.0 1161.0 2126.0 small-vehicle 0
794.0 1863.0 774.0 1868.0 754.0 1811.0 772.0 1805.0 small-vehicle 0
1133.0 2058.0 1146.0 2072.0 1123.0 2098.0 1108.0 2085.0 small-vehicle 0
1066.0 2134.0 1080.0 2143.0 1062.0 2172.0 1047.0 2163.0 small-vehicle 0
958.0 2146.0 946.0 2160.0 914.0 2130.0 928.0 2116.0 small-vehicle 0
926.0 2117.0 912.0 2126.0 892.0 2096.0 906.0 2087.0 small-vehicle 0
898.0 2076.0 883.0 2083.0 862.0 2049.0 878.0 2041.0 small-vehicle 0
878.0 2038.0 863.0 2046.0 844.0 2012.0 860.0 2004.0 small-vehicle 0
939.0 2169.0 928.0 2183.0 892.0 2151.0 905.0 2138.0 small-vehicle 0
905.0 2138.0 891.0 2151.0 869.0 2119.0 885.0 2110.0 small-vehicle 0
875.0 2105.0 860.0 2111.0 840.0 2077.0 855.0 2069.0 small-vehicle 0
828.0 2012.0 812.0 2017.0 795.0 1980.0 813.0 1975.0 small-vehicle 0
808.0 2055.0 789.0 2061.0 774.0 2023.0 794.0 2016.0 small-vehicle 0
825.0 2132.0 806.0 2133.0 802.0 2094.0 819.0 2093.0 small-vehicle 0
595.0 1915.0 617.0 1912.0 629.0 1982.0 604.0 1985.0 large-vehicle 0
546.0 1921.0 572.0 1917.0 588.0 2024.0 563.0 2029.0 large-vehicle 0
524.0 1930.0 547.0 1927.0 564.0 2029.0 538.0 2032.0 large-vehicle 0
501.0 1952.0 525.0 1949.0 541.0 2034.0 517.0 2039.0 large-vehicle 0
475.0 1958.0 502.0 1954.0 518.0 2047.0 494.0 2050.0 large-vehicle 0
471.0 1888.0 475.0 1913.0 398.0 1927.0 391.0 1904.0 large-vehicle 0
443.0 1867.0 447.0 1891.0 366.0 1907.0 359.0 1886.0 large-vehicle 0
431.0 1841.0 437.0 1867.0 364.0 1884.0 356.0 1860.0 large-vehicle 0
420.0 1785.0 426.0 1812.0 329.0 1839.0 320.0 1816.0 large-vehicle 0
1329.0 1208.0 1335.0 1193.0 1371.0 1215.0 1362.0 1228.0 small-vehicle 0
1262.0 1190.0 1267.0 1173.0 1302.0 1182.0 1296.0 1200.0 small-vehicle 0
1281.0 1154.0 1282.0 1175.0 1241.0 1173.0 1239.0 1154.0 small-vehicle 0
621.0 1133.0 602.0 1134.0 599.0 1095.0 618.0 1093.0 small-vehicle 0
556.0 1100.0 576.0 1101.0 576.0 1136.0 556.0 1136.0 small-vehicle 0
924.0 1113.0 944.0 1112.0 949.0 1155.0 929.0 1157.0 small-vehicle 0
901.0 1117.0 922.0 1117.0 926.0 1153.0 905.0 1155.0 small-vehicle 0
882.0 1119.0 899.0 1118.0 902.0 1157.0 885.0 1158.0 small-vehicle 0
857.0 1122.0 876.0 1122.0 878.0 1164.0 859.0 1164.0 small-vehicle 0
859.0 1162.0 840.0 1162.0 838.0 1125.0 856.0 1124.0 small-vehicle 0
816.0 1124.0 836.0 1124.0 839.0 1167.0 819.0 1168.0 small-vehicle 0
796.0 1126.0 815.0 1125.0 819.0 1165.0 798.0 1167.0 small-vehicle 0
771.0 1129.0 793.0 1128.0 797.0 1166.0 778.0 1168.0 small-vehicle 0
730.0 1127.0 750.0 1128.0 753.0 1167.0 733.0 1169.0 small-vehicle 0
708.0 1130.0 727.0 1130.0 730.0 1167.0 710.0 1168.0 small-vehicle 0
686.0 1131.0 707.0 1129.0 709.0 1167.0 690.0 1168.0 small-vehicle 0
665.0 1131.0 687.0 1130.0 689.0 1168.0 668.0 1169.0 small-vehicle 0
647.0 1133.0 665.0 1133.0 667.0 1166.0 647.0 1167.0 small-vehicle 0
604.0 1136.0 624.0 1135.0 626.0 1175.0 607.0 1175.0 small-vehicle 0
580.0 1136.0 600.0 1135.0 603.0 1176.0 581.0 1176.0 small-vehicle 0
480.0 1260.0 478.0 1242.0 519.0 1240.0 520.0 1259.0 small-vehicle 0
574.0 1254.0 573.0 1236.0 615.0 1233.0 617.0 1251.0 small-vehicle 0
580.0 1276.0 578.0 1256.0 617.0 1254.0 618.0 1272.0 small-vehicle 0
617.0 1291.0 614.0 1275.0 651.0 1273.0 652.0 1288.0 small-vehicle 0
621.0 1314.0 617.0 1297.0 651.0 1293.0 653.0 1309.0 small-vehicle 0
600.0 1135.0 579.0 1136.0 575.0 1094.0 596.0 1093.0 small-vehicle 0
621.0 1088.0 641.0 1088.0 643.0 1129.0 625.0 1130.0 small-vehicle 0
1171.0 1158.0 1173.0 1177.0 1135.0 1177.0 1134.0 1159.0 small-vehicle 0
664.0 1125.0 645.0 1125.0 644.0 1088.0 663.0 1087.0 small-vehicle 0
400.0 1108.0 420.0 1107.0 423.0 1144.0 404.0 1146.0 small-vehicle 0
483.0 1143.0 504.0 1141.0 509.0 1180.0 487.0 1183.0 small-vehicle 0
911.0 989.0 929.0 989.0 931.0 1028.0 913.0 1029.0 small-vehicle 0
850.0 993.0 870.0 993.0 871.0 1030.0 851.0 1030.0 small-vehicle 0
818.0 992.0 837.0 991.0 842.0 1030.0 823.0 1034.0 small-vehicle 0
794.0 995.0 814.0 994.0 818.0 1032.0 798.0 1036.0 small-vehicle 0
739.0 994.0 759.0 996.0 759.0 1032.0 741.0 1033.0 small-vehicle 0
710.0 995.0 730.0 995.0 731.0 1038.0 712.0 1040.0 small-vehicle 0
701.0 1039.0 681.0 1042.0 678.0 1003.0 696.0 1001.0 small-vehicle 0
670.0 1040.0 650.0 1040.0 648.0 1002.0 667.0 1001.0 small-vehicle 0
944.0 1111.0 926.0 1112.0 923.0 1071.0 942.0 1071.0 small-vehicle 0
921.0 1113.0 902.0 1115.0 900.0 1075.0 917.0 1074.0 small-vehicle 0
879.0 1079.0 897.0 1079.0 900.0 1117.0 882.0 1117.0 small-vehicle 0
856.0 1080.0 876.0 1080.0 878.0 1116.0 861.0 1117.0 small-vehicle 0
856.0 1120.0 838.0 1119.0 836.0 1083.0 854.0 1083.0 small-vehicle 0
816.0 1124.0 797.0 1126.0 790.0 1087.0 810.0 1086.0 small-vehicle 0
774.0 1088.0 792.0 1090.0 792.0 1127.0 774.0 1127.0 small-vehicle 0
775.0 1128.0 755.0 1132.0 749.0 1088.0 769.0 1086.0 small-vehicle 0
727.0 1129.0 709.0 1130.0 705.0 1086.0 725.0 1085.0 small-vehicle 0
706.0 1129.0 687.0 1130.0 685.0 1091.0 705.0 1090.0 small-vehicle 0
685.0 1129.0 666.0 1129.0 663.0 1092.0 684.0 1090.0 small-vehicle 0
698.0 1246.0 695.0 1227.0 738.0 1226.0 739.0 1245.0 small-vehicle 0
702.0 1266.0 700.0 1248.0 735.0 1248.0 737.0 1265.0 small-vehicle 0
701.0 1288.0 700.0 1268.0 743.0 1267.0 743.0 1286.0 small-vehicle 0
709.0 1309.0 709.0 1293.0 743.0 1291.0 745.0 1307.0 small-vehicle 0
957.0 1228.0 956.0 1209.0 997.0 1209.0 998.0 1228.0 small-vehicle 0
1006.0 1224.0 1004.0 1208.0 1037.0 1207.0 1038.0 1225.0 small-vehicle 0
999.0 1246.0 997.0 1230.0 1036.0 1228.0 1037.0 1246.0 small-vehicle 0
1000.0 1253.0 1002.0 1273.0 962.0 1276.0 959.0 1255.0 small-vehicle 0
1037.0 1253.0 1037.0 1272.0 1001.0 1273.0 999.0 1252.0 small-vehicle 0
1041.0 1275.0 1043.0 1296.0 1000.0 1295.0 999.0 1275.0 small-vehicle 0
1044.0 1295.0 1044.0 1317.0 1000.0 1316.0 999.0 1295.0 small-vehicle 0
1000.0 1294.0 1002.0 1315.0 960.0 1317.0 957.0 1295.0 small-vehicle 0
956.0 1380.0 936.0 1380.0 937.0 1337.0 957.0 1338.0 small-vehicle 0
1008.0 1399.0 1007.0 1380.0 1044.0 1380.0 1043.0 1400.0 small-vehicle 0
967.0 1400.0 968.0 1381.0 1008.0 1382.0 1008.0 1402.0 small-vehicle 0
964.0 1422.0 964.0 1404.0 1006.0 1404.0 1007.0 1423.0 small-vehicle 0
1045.0 1429.0 1045.0 1448.0 1010.0 1447.0 1010.0 1427.0 small-vehicle 0
972.0 1463.0 970.0 1444.0 1011.0 1444.0 1011.0 1462.0 small-vehicle 0
1053.0 1461.0 1055.0 1483.0 1016.0 1484.0 1014.0 1463.0 small-vehicle 0
1054.0 1515.0 1060.0 1536.0 1022.0 1542.0 1015.0 1523.0 small-vehicle 0
980.0 1562.0 977.0 1545.0 1015.0 1544.0 1016.0 1562.0 small-vehicle 0
1016.0 1582.0 1014.0 1563.0 1053.0 1561.0 1054.0 1579.0 small-vehicle 0
981.0 1606.0 979.0 1586.0 1018.0 1584.0 1021.0 1604.0 small-vehicle 0
771.0 1655.0 761.0 1637.0 801.0 1618.0 811.0 1641.0 small-vehicle 0
995.0 1781.0 992.0 1760.0 1034.0 1760.0 1033.0 1781.0 small-vehicle 0
737.0 1586.0 724.0 1572.0 753.0 1551.0 764.0 1567.0 small-vehicle 0
836.0 1506.0 817.0 1506.0 816.0 1467.0 835.0 1468.0 small-vehicle 0
886.0 1490.0 885.0 1471.0 925.0 1469.0 926.0 1489.0 small-vehicle 0
750.0 1414.0 750.0 1397.0 792.0 1394.0 792.0 1413.0 small-vehicle 0
709.0 1330.0 707.0 1312.0 746.0 1311.0 746.0 1328.0 small-vehicle 0
745.0 1263.0 743.0 1246.0 782.0 1244.0 784.0 1263.0 small-vehicle 0
746.0 1244.0 743.0 1226.0 782.0 1224.0 783.0 1242.0 small-vehicle 0
789.0 1223.0 810.0 1223.0 810.0 1263.0 791.0 1264.0 small-vehicle 0
830.0 1237.0 828.0 1219.0 861.0 1218.0 862.0 1237.0 small-vehicle 0
540.0 1424.0 524.0 1414.0 540.0 1385.0 555.0 1393.0 small-vehicle 0
574.0 1446.0 557.0 1434.0 578.0 1399.0 592.0 1408.0 small-vehicle 0
658.0 1497.0 643.0 1485.0 662.0 1460.0 678.0 1472.0 small-vehicle 0
736.0 1353.0 733.0 1335.0 774.0 1334.0 775.0 1353.0 small-vehicle 0
771.0 1435.0 770.0 1416.0 809.0 1416.0 808.0 1436.0 small-vehicle 0
846.0 1493.0 844.0 1475.0 884.0 1472.0 885.0 1492.0 small-vehicle 0
788.0 1438.0 791.0 1459.0 752.0 1461.0 749.0 1443.0 small-vehicle 0
868.0 1237.0 867.0 1219.0 904.0 1217.0 904.0 1236.0 small-vehicle 0
911.0 1238.0 913.0 1260.0 872.0 1261.0 870.0 1241.0 small-vehicle 0
869.0 1260.0 871.0 1281.0 832.0 1282.0 829.0 1260.0 small-vehicle 0
873.0 1300.0 872.0 1281.0 911.0 1280.0 911.0 1299.0 small-vehicle 0
834.0 1325.0 833.0 1304.0 867.0 1305.0 868.0 1326.0 small-vehicle 0
878.0 1357.0 877.0 1339.0 917.0 1337.0 917.0 1356.0 small-vehicle 0
837.0 1388.0 836.0 1367.0 877.0 1367.0 877.0 1389.0 small-vehicle 0
882.0 1427.0 881.0 1410.0 916.0 1409.0 915.0 1427.0 small-vehicle 0
134.0 205.0 151.0 205.0 152.0 239.0 134.0 241.0 small-vehicle 0
