imagesource:GoogleEarth
gsd:0.124333681605
483.0 1243.0 492.0 1254.0 470.0 1279.0 458.0 1269.0 small-vehicle 0
504.0 1671.0 482.0 1678.0 460.0 1617.0 486.0 1609.0 large-vehicle 0
568.0 535.0 588.0 551.0 543.0 607.0 520.0 592.0 large-vehicle 0
622.0 557.0 647.0 555.0 647.0 605.0 624.0 607.0 large-vehicle 0
351.0 807.0 376.0 812.0 357.0 884.0 333.0 879.0 large-vehicle 0
458.0 1217.0 469.0 1200.0 518.0 1231.0 506.0 1250.0 large-vehicle 0
523.0 1294.0 544.0 1311.0 501.0 1365.0 483.0 1348.0 large-vehicle 0
528.0 1334.0 544.0 1345.0 513.0 1393.0 492.0 1379.0 large-vehicle 0
548.0 1342.0 571.0 1359.0 517.0 1439.0 493.0 1424.0 large-vehicle 0
579.0 1338.0 604.0 1356.0 556.0 1427.0 537.0 1415.0 large-vehicle 0
466.0 1595.0 446.0 1581.0 473.0 1530.0 498.0 1541.0 large-vehicle 0
415.0 1714.0 393.0 1699.0 429.0 1637.0 455.0 1650.0 large-vehicle 0
958.0 780.0 975.0 790.0 956.0 825.0 939.0 816.0 small-vehicle 1
388.0 1709.0 364.0 1694.0 403.0 1631.0 428.0 1647.0 large-vehicle 0
535.0 725.0 511.0 709.0 542.0 667.0 559.0 679.0 large-vehicle 0
1042.0 204.0 1042.0 223.0 997.0 217.0 999.0 195.0 large-vehicle 0
996.0 142.0 995.0 157.0 962.0 150.0 965.0 136.0 small-vehicle 0
619.0 361.0 634.0 373.0 613.0 401.0 597.0 390.0 small-vehicle 0
968.0 89.0 970.0 107.0 936.0 109.0 935.0 92.0 small-vehicle 1
955.0 70.0 950.0 84.0 919.0 79.0 922.0 65.0 small-vehicle 1
1055.0 541.0 1074.0 527.0 1098.0 566.0 1082.0 577.0 small-vehicle 1
1066.0 394.0 1051.0 402.0 1032.0 373.0 1046.0 365.0 small-vehicle 1
626.0 329.0 614.0 347.0 572.0 311.0 588.0 296.0 large-vehicle 0
