imagesource:GoogleEarth
gsd:0.12670049388
1527.0 3455.0 1536.0 3441.0 1563.0 3457.0 1555.0 3471.0 small-vehicle 1
1635.0 2666.0 1648.0 2662.0 1656.0 2690.0 1643.0 2694.0 small-vehicle 0
603.0 3474.0 603.0 3463.0 631.0 3461.0 632.0 3473.0 small-vehicle 0
1721.0 3422.0 1735.0 3422.0 1733.0 3457.0 1718.0 3456.0 small-vehicle 0
1827.0 3394.0 1821.0 3404.0 1797.0 3387.0 1804.0 3377.0 small-vehicle 0
1661.0 3439.0 1654.0 3450.0 1625.0 3432.0 1630.0 3421.0 small-vehicle 0
1637.0 2480.0 1650.0 2476.0 1662.0 2511.0 1649.0 2517.0 small-vehicle 0
1598.0 2581.0 1610.0 2575.0 1623.0 2605.0 1610.0 2611.0 small-vehicle 0
1651.0 2599.0 1635.0 2604.0 1623.0 2573.0 1638.0 2568.0 small-vehicle 1
784.0 3562.0 799.0 3558.0 806.0 3592.0 791.0 3595.0 small-vehicle 0
1626.0 2528.0 1611.0 2531.0 1598.0 2496.0 1615.0 2490.0 small-vehicle 1
1571.0 2546.0 1556.0 2550.0 1544.0 2516.0 1557.0 2509.0 small-vehicle 1
1960.0 3154.0 1963.0 3140.0 1993.0 3146.0 1990.0 3160.0 small-vehicle 0
1850.0 3361.0 1842.0 3372.0 1817.0 3353.0 1826.0 3341.0 small-vehicle 0
240.0 1047.0 254.0 1045.0 260.0 1078.0 245.0 1081.0 small-vehicle 0
275.0 1245.0 287.0 1243.0 290.0 1275.0 278.0 1277.0 small-vehicle 0
325.0 3482.0 307.0 3486.0 293.0 3441.0 310.0 3437.0 large-vehicle 0
981.0 3255.0 987.0 3270.0 954.0 3282.0 949.0 3266.0 small-vehicle 0
1739.0 3451.0 1752.0 3446.0 1763.0 3476.0 1751.0 3479.0 small-vehicle 1
1234.0 2908.0 1319.0 2880.0 1378.0 3062.0 1292.0 3091.0 tennis-court 0
647.0 549.0 1187.0 569.0 1163.0 1366.0 623.0 1350.0 soccer-ball-field 0
1027.0 1743.0 1507.0 1581.0 1760.0 2354.0 1279.0 2510.0 soccer-ball-field 0
598.0 2124.0 540.0 1948.0 954.0 1809.0 1015.0 1984.0 soccer-ball-field 0
770.0 2639.0 712.0 2463.0 1124.0 2325.0 1184.0 2499.0 soccer-ball-field 0
1007.0 2983.0 1092.0 2954.0 1153.0 3133.0 1067.0 3164.0 tennis-court 0
1120.0 2946.0 1205.0 2919.0 1264.0 3097.0 1179.0 3128.0 tennis-court 0
923.0 2722.0 1008.0 2693.0 1067.0 2873.0 982.0 2904.0 tennis-court 0
814.0 2887.0 820.0 2903.0 792.0 2912.0 786.0 2898.0 small-vehicle 0
1033.0 2685.0 1119.0 2657.0 1179.0 2837.0 1094.0 2867.0 tennis-court 0
1148.0 2650.0 1233.0 2623.0 1292.0 2800.0 1206.0 2830.0 tennis-court 0
1538.0 791.0 1628.0 784.0 1644.0 973.0 1555.0 983.0 tennis-court 0
793.0 2736.0 807.0 2732.0 816.0 2767.0 803.0 2772.0 small-vehicle 0
847.0 2854.0 853.0 2870.0 821.0 2881.0 815.0 2865.0 small-vehicle 0
836.0 2918.0 832.0 2905.0 861.0 2897.0 865.0 2908.0 small-vehicle 0
289.0 3290.0 278.0 3278.0 299.0 3260.0 309.0 3271.0 small-vehicle 0
314.0 3318.0 304.0 3308.0 322.0 3292.0 330.0 3301.0 small-vehicle 1
152.0 662.0 136.0 668.0 122.0 627.0 138.0 620.0 small-vehicle 1
2004.0 3008.0 1989.0 3000.0 2009.0 2970.0 2024.0 2981.0 small-vehicle 0
1399.0 3208.0 1385.0 3214.0 1370.0 3176.0 1386.0 3170.0 small-vehicle 1
920.0 3180.0 913.0 3166.0 946.0 3153.0 951.0 3168.0 small-vehicle 1
2030.0 1188.0 2023.0 1202.0 1985.0 1177.0 1994.0 1165.0 small-vehicle 1
1998.0 1327.0 1999.0 1343.0 1962.0 1348.0 1960.0 1333.0 small-vehicle 0
1664.0 2564.0 1679.0 2559.0 1688.0 2589.0 1674.0 2594.0 small-vehicle 0
1668.0 2598.0 1654.0 2602.0 1646.0 2570.0 1659.0 2566.0 small-vehicle 0
1991.0 3103.0 2000.0 3093.0 2026.0 3110.0 2017.0 3122.0 small-vehicle 1
332.0 1392.0 316.0 1393.0 312.0 1349.0 327.0 1346.0 small-vehicle 1
2012.0 3047.0 2021.0 3037.0 2043.0 3054.0 2035.0 3064.0 small-vehicle 1
1932.0 3164.0 1943.0 3151.0 1968.0 3171.0 1959.0 3183.0 small-vehicle 1
1929.0 3253.0 1926.0 3266.0 1897.0 3258.0 1900.0 3245.0 small-vehicle 1
1877.0 3252.0 1872.0 3237.0 1906.0 3227.0 1911.0 3242.0 small-vehicle 1
1810.0 3225.0 1802.0 3238.0 1768.0 3218.0 1777.0 3204.0 small-vehicle 1
1767.0 3284.0 1768.0 3300.0 1736.0 3303.0 1735.0 3289.0 small-vehicle 1
1004.0 3291.0 999.0 3274.0 1033.0 3261.0 1039.0 3278.0 small-vehicle 1
1037.0 3347.0 1025.0 3359.0 1001.0 3331.0 1013.0 3321.0 small-vehicle 1
947.0 3254.0 943.0 3240.0 971.0 3230.0 975.0 3243.0 small-vehicle 1
962.0 3526.0 968.0 3543.0 930.0 3554.0 925.0 3537.0 small-vehicle 1
312.0 3501.0 327.0 3498.0 336.0 3530.0 321.0 3533.0 small-vehicle 1
578.0 3513.0 573.0 3496.0 608.0 3486.0 612.0 3504.0 small-vehicle 1
838.0 3339.0 832.0 3326.0 865.0 3311.0 870.0 3327.0 small-vehicle 1
817.0 3158.0 824.0 3174.0 787.0 3190.0 777.0 3174.0 small-vehicle 1
806.0 3142.0 812.0 3156.0 775.0 3167.0 770.0 3153.0 small-vehicle 1
915.0 3061.0 922.0 3075.0 890.0 3089.0 883.0 3073.0 small-vehicle 1
874.0 3052.0 878.0 3068.0 846.0 3078.0 841.0 3061.0 small-vehicle 1
893.0 2986.0 898.0 3000.0 872.0 3012.0 865.0 2999.0 small-vehicle 1
828.0 2902.0 822.0 2888.0 856.0 2875.0 861.0 2892.0 small-vehicle 1
842.0 2836.0 849.0 2850.0 823.0 2861.0 818.0 2847.0 small-vehicle 1
804.0 2848.0 810.0 2865.0 777.0 2877.0 773.0 2860.0 small-vehicle 1
173.0 1594.0 172.0 1579.0 201.0 1572.0 203.0 1587.0 small-vehicle 1
162.0 1559.0 159.0 1544.0 189.0 1537.0 191.0 1554.0 small-vehicle 1
1240.0 1648.0 535.0 1626.0 566.0 283.0 1273.0 284.0 ground-track-field 0
