imagesource:GoogleEarth
gsd:0.115129274532
135.0 2720.0 112.0 2702.0 165.0 2634.0 188.0 2651.0 large-vehicle 1
81.0 854.0 75.0 870.0 38.0 854.0 46.0 839.0 small-vehicle 0
137.0 715.0 153.0 721.0 140.0 759.0 123.0 753.0 small-vehicle 0
181.0 721.0 198.0 725.0 188.0 761.0 171.0 755.0 small-vehicle 0
199.0 672.0 217.0 680.0 202.0 716.0 185.0 710.0 small-vehicle 0
113.0 657.0 128.0 661.0 118.0 695.0 102.0 691.0 small-vehicle 0
296.0 640.0 291.0 657.0 261.0 648.0 264.0 632.0 small-vehicle 0
292.0 544.0 294.0 560.0 264.0 566.0 261.0 550.0 small-vehicle 0
258.0 547.0 256.0 531.0 286.0 526.0 289.0 542.0 small-vehicle 0
243.0 477.0 238.0 461.0 273.0 455.0 276.0 471.0 small-vehicle 0
108.0 491.0 98.0 503.0 70.0 482.0 78.0 471.0 small-vehicle 0
100.0 401.0 108.0 386.0 142.0 403.0 132.0 417.0 small-vehicle 0
135.0 379.0 117.0 372.0 129.0 340.0 147.0 344.0 small-vehicle 0
403.0 225.0 399.0 239.0 365.0 229.0 369.0 213.0 small-vehicle 0
939.0 216.0 958.0 220.0 951.0 262.0 931.0 258.0 small-vehicle 0
432.0 1339.0 541.0 868.0 1204.0 1016.0 1101.0 1491.0 soccer-ball-field 0
68.0 1299.0 61.0 1313.0 27.0 1299.0 32.0 1285.0 small-vehicle 0
122.0 712.0 117.0 729.0 80.0 716.0 86.0 700.0 small-vehicle 0
23.0 885.0 30.0 872.0 62.0 889.0 57.0 903.0 small-vehicle 0
1357.0 440.0 1334.0 437.0 1340.0 393.0 1362.0 396.0 small-vehicle 0
64.0 915.0 58.0 930.0 25.0 914.0 32.0 899.0 small-vehicle 0
267.0 18.0 286.0 21.0 277.0 62.0 259.0 56.0 small-vehicle 1
247.0 162.0 226.0 153.0 241.0 117.0 259.0 123.0 small-vehicle 1
356.0 22.0 349.0 38.0 311.0 24.0 318.0 7.0 small-vehicle 1
289.0 23.0 305.0 28.0 296.0 71.0 279.0 66.0 small-vehicle 1
458.0 58.0 452.0 73.0 417.0 61.0 423.0 45.0 small-vehicle 1
451.0 77.0 445.0 92.0 416.0 82.0 422.0 66.0 small-vehicle 1
228.0 419.0 218.0 400.0 257.0 375.0 267.0 392.0 small-vehicle 1
267.0 593.0 264.0 576.0 295.0 572.0 297.0 589.0 small-vehicle 1
305.0 618.0 304.0 634.0 263.0 630.0 264.0 613.0 small-vehicle 1
281.0 667.0 278.0 683.0 242.0 673.0 246.0 656.0 small-vehicle 1
170.0 995.0 162.0 1009.0 131.0 997.0 138.0 982.0 small-vehicle 1
154.0 854.0 137.0 849.0 148.0 816.0 164.0 821.0 small-vehicle 1
169.0 813.0 153.0 807.0 164.0 774.0 182.0 780.0 small-vehicle 1
187.0 940.0 187.0 957.0 145.0 953.0 146.0 938.0 small-vehicle 0
117.0 959.0 99.0 950.0 118.0 910.0 136.0 917.0 small-vehicle 0
34.0 1266.0 40.0 1249.0 75.0 1262.0 71.0 1279.0 small-vehicle 0
27.0 1081.0 6.0 1072.0 30.0 1017.0 50.0 1025.0 large-vehicle 1
168.0 994.0 163.0 1008.0 131.0 997.0 137.0 983.0 small-vehicle 1
161.0 1021.0 156.0 1036.0 123.0 1025.0 128.0 1011.0 small-vehicle 1
819.0 2917.0 925.0 2929.0 921.0 2980.0 812.0 2968.0 tennis-court 0
958.0 2934.0 1063.0 2946.0 1058.0 2997.0 950.0 2985.0 tennis-court 0
812.0 2999.0 917.0 3012.0 910.0 3060.0 804.0 3050.0 tennis-court 0
948.0 3015.0 1055.0 3028.0 1048.0 3077.0 944.0 3066.0 tennis-court 0
801.0 3077.0 908.0 3088.0 902.0 3141.0 794.0 3128.0 tennis-court 0
941.0 3090.0 1047.0 3103.0 1041.0 3156.0 933.0 3144.0 tennis-court 0
33.0 2859.0 32.0 2844.0 71.0 2839.0 72.0 2856.0 small-vehicle 0
967.0 2833.0 1075.0 2846.0 1069.0 2897.0 961.0 2886.0 tennis-court 0
115.0 380.0 92.0 371.0 110.0 328.0 129.0 336.0 small-vehicle 0
50.0 1217.0 57.0 1199.0 94.0 1214.0 88.0 1232.0 small-vehicle 1
939.0 2526.0 936.0 2543.0 895.0 2539.0 898.0 2521.0 small-vehicle 0
745.0 2914.0 762.0 2783.0 1150.0 2831.0 1137.0 2962.0 basketball-court 0
832.0 2818.0 937.0 2830.0 932.0 2881.0 826.0 2872.0 tennis-court 0
2367.0 2246.0 2575.0 2213.0 2588.0 2312.0 2379.0 2342.0 tennis-court 0
2432.0 1965.0 2530.0 1951.0 2560.0 2155.0 2462.0 2171.0 tennis-court 0
157.0 1038.0 151.0 1054.0 117.0 1043.0 122.0 1028.0 small-vehicle 1
141.0 1077.0 134.0 1093.0 100.0 1078.0 107.0 1062.0 small-vehicle 1
50.0 1195.0 32.0 1191.0 39.0 1153.0 58.0 1156.0 small-vehicle 1
1.0 1344.0 7.0 1327.0 40.0 1343.0 34.0 1360.0 small-vehicle 1
187.0 2238.0 166.0 2236.0 170.0 2182.0 192.0 2184.0 large-vehicle 0
33.0 2861.0 31.0 2844.0 70.0 2840.0 72.0 2857.0 small-vehicle 0
2321.0 1980.0 2418.0 1967.0 2450.0 2172.0 2352.0 2186.0 tennis-court 0
1455.0 2658.0 1438.0 2654.0 1445.0 2618.0 1461.0 2620.0 small-vehicle 0
1887.0 2549.0 1908.0 2546.0 1915.0 2602.0 1893.0 2604.0 small-vehicle 0
1916.0 2549.0 1937.0 2546.0 1945.0 2595.0 1923.0 2597.0 small-vehicle 0
2099.0 2010.0 2199.0 1995.0 2229.0 2203.0 2129.0 2219.0 tennis-court 0
2210.0 1994.0 2308.0 1981.0 2340.0 2188.0 2240.0 2202.0 tennis-court 0
507.0 967.0 606.0 501.0 1302.0 644.0 1220.0 1130.0 ground-track-field 0
