imagesource:GoogleEarth
gsd:0.569769139736
2143.0 963.0 2138.0 961.0 2143.0 950.0 2147.0 953.0 small-vehicle 1
4672.0 1403.0 4718.0 1462.0 4648.0 1522.0 4602.0 1462.0 plane 0
4618.0 718.0 4574.0 771.0 4507.0 710.0 4552.0 654.0 plane 0
4634.0 635.0 4589.0 685.0 4531.0 625.0 4575.0 576.0 plane 0
4448.0 637.0 4391.0 595.0 4436.0 523.0 4494.0 564.0 plane 0
5277.0 1014.0 5395.0 1056.0 5356.0 1196.0 5235.0 1155.0 plane 0
5002.0 1376.0 4910.0 1294.0 4981.0 1207.0 5072.0 1287.0 plane 0
5131.0 1485.0 5027.0 1404.0 5112.0 1290.0 5215.0 1381.0 plane 0
5003.0 1354.0 5005.0 1425.0 4926.0 1424.0 4921.0 1354.0 plane 0
4495.0 1251.0 4562.0 1235.0 4591.0 1319.0 4521.0 1335.0 plane 0
4193.0 1777.0 4201.0 1848.0 4125.0 1857.0 4116.0 1782.0 plane 0
4361.0 1216.0 4472.0 1217.0 4481.0 1347.0 4369.0 1352.0 plane 0
4275.0 1200.0 4382.0 1271.0 4324.0 1372.0 4215.0 1299.0 plane 0
4220.0 1152.0 4290.0 1248.0 4178.0 1337.0 4105.0 1237.0 plane 0
4154.0 1120.0 4145.0 1196.0 4066.0 1180.0 4076.0 1103.0 plane 0
3804.0 1361.0 3665.0 1304.0 3720.0 1166.0 3860.0 1225.0 plane 0
3936.0 1504.0 3871.0 1448.0 3938.0 1355.0 4009.0 1412.0 plane 0
4395.0 2351.0 4429.0 2336.0 4456.0 2384.0 4423.0 2399.0 plane 0
4428.0 910.0 4383.0 968.0 4317.0 912.0 4362.0 855.0 plane 0
4597.0 1127.0 4645.0 1016.0 4761.0 1072.0 4714.0 1184.0 plane 0
4837.0 829.0 4960.0 799.0 5001.0 941.0 4877.0 974.0 plane 0
5417.0 1748.0 5423.0 1821.0 5336.0 1827.0 5333.0 1750.0 plane 0
935.0 817.0 940.0 818.0 936.0 827.0 932.0 827.0 small-vehicle 1
909.0 792.0 914.0 794.0 910.0 806.0 906.0 803.0 small-vehicle 1
5819.0 368.0 5874.0 419.0 5816.0 492.0 5762.0 442.0 plane 0
5502.0 56.0 5535.0 4.0 5596.0 41.0 5562.0 94.0 plane 0
5362.0 310.0 5394.0 248.0 5450.0 284.0 5418.0 345.0 plane 0
5270.0 382.0 5298.0 316.0 5372.0 354.0 5344.0 419.0 plane 0
5205.0 538.0 5199.0 466.0 5278.0 466.0 5284.0 535.0 plane 0
5337.0 712.0 5275.0 671.0 5314.0 603.0 5378.0 644.0 plane 0
5437.0 786.0 5390.0 741.0 5436.0 687.0 5487.0 732.0 plane 0
5494.0 880.0 5513.0 813.0 5583.0 835.0 5566.0 903.0 plane 0
5434.0 968.0 5475.0 905.0 5534.0 949.0 5493.0 1013.0 plane 0
5381.0 1024.0 5442.0 1011.0 5463.0 1080.0 5401.0 1097.0 plane 0
5885.0 898.0 5876.0 951.0 5820.0 941.0 5829.0 885.0 plane 0
6099.0 1967.0 6061.0 1966.0 6060.0 1888.0 6097.0 1887.0 plane 1
6024.0 1733.0 6029.0 1818.0 5952.0 1821.0 5948.0 1737.0 plane 0
4821.0 1761.0 4835.0 1833.0 4753.0 1849.0 4738.0 1773.0 plane 0
3458.0 2181.0 3454.0 2112.0 3546.0 2112.0 3551.0 2179.0 plane 0
2610.0 2844.0 2628.0 2844.0 2628.0 2865.0 2610.0 2865.0 roundabout 0
2260.0 2481.0 2301.0 2482.0 2302.0 2528.0 2261.0 2529.0 plane 0
2799.0 2464.0 2837.0 2465.0 2838.0 2510.0 2799.0 2509.0 plane 0
2796.0 2527.0 2747.0 2524.0 2747.0 2469.0 2798.0 2471.0 plane 0
2617.0 2499.0 2642.0 2482.0 2666.0 2510.0 2641.0 2530.0 plane 0
2604.0 2541.0 2552.0 2511.0 2580.0 2457.0 2633.0 2485.0 plane 0
2390.0 2480.0 2426.0 2482.0 2426.0 2527.0 2388.0 2524.0 plane 0
2329.0 2509.0 2361.0 2493.0 2383.0 2528.0 2351.0 2545.0 plane 0
2332.0 2489.0 2361.0 2474.0 2377.0 2502.0 2351.0 2517.0 plane 0
2417.0 2442.0 2399.0 2466.0 2375.0 2446.0 2394.0 2422.0 plane 0
3609.0 2704.0 3594.0 2582.0 3729.0 2574.0 3750.0 2695.0 plane 0
2142.0 1810.0 2156.0 1887.0 2078.0 1896.0 2064.0 1820.0 plane 0
2243.0 1620.0 2211.0 1684.0 2148.0 1646.0 2183.0 1585.0 plane 0
2450.0 1737.0 2406.0 1688.0 2460.0 1632.0 2506.0 1683.0 plane 0
2601.0 1518.0 2653.0 1566.0 2603.0 1622.0 2549.0 1574.0 plane 0
2450.0 1366.0 2500.0 1419.0 2447.0 1478.0 2393.0 1426.0 plane 0
1786.0 1821.0 1790.0 1899.0 1712.0 1900.0 1708.0 1820.0 plane 0
1459.0 1580.0 1525.0 1580.0 1529.0 1658.0 1459.0 1659.0 plane 0
3327.0 2373.0 3330.0 2407.0 3306.0 2406.0 3304.0 2372.0 plane 0
2835.0 2469.0 2870.0 2464.0 2879.0 2507.0 2844.0 2511.0 plane 0
2868.0 2475.0 2903.0 2445.0 2944.0 2490.0 2913.0 2522.0 plane 0
2974.0 2523.0 2918.0 2521.0 2913.0 2462.0 2972.0 2460.0 plane 0
3541.0 2800.0 3411.0 2812.0 3396.0 2671.0 3526.0 2662.0 plane 0
3088.0 2756.0 3087.0 2644.0 3227.0 2644.0 3231.0 2764.0 plane 0
3405.0 2639.0 3283.0 2637.0 3281.0 2504.0 3401.0 2509.0 plane 0
3293.0 2647.0 3174.0 2646.0 3167.0 2515.0 3283.0 2517.0 plane 0
3169.0 2637.0 3059.0 2639.0 3047.0 2525.0 3161.0 2522.0 plane 0
3264.0 2471.0 3298.0 2472.0 3300.0 2504.0 3266.0 2503.0 plane 0
3219.0 2451.0 3259.0 2456.0 3257.0 2516.0 3215.0 2511.0 plane 0
3189.0 2464.0 3224.0 2464.0 3227.0 2497.0 3192.0 2499.0 plane 0
3134.0 2454.0 3184.0 2455.0 3189.0 2519.0 3136.0 2520.0 plane 0
3105.0 2456.0 3143.0 2454.0 3146.0 2499.0 3111.0 2501.0 plane 0
3163.0 2848.0 3042.0 2822.0 3097.0 2717.0 3201.0 2767.0 plane 1
3006.0 2458.0 3062.0 2457.0 3064.0 2518.0 3011.0 2520.0 plane 0
3050.0 2448.0 3078.0 2466.0 3060.0 2495.0 3034.0 2476.0 plane 0
3001.0 2465.0 3030.0 2452.0 3047.0 2479.0 3019.0 2493.0 plane 0
2963.0 2479.0 2978.0 2451.0 3015.0 2474.0 3000.0 2504.0 plane 0
905.0 763.0 910.0 765.0 907.0 773.0 902.0 772.0 small-vehicle 1
917.0 758.0 922.0 760.0 919.0 769.0 914.0 767.0 small-vehicle 1
926.0 757.0 931.0 758.0 928.0 766.0 924.0 765.0 small-vehicle 1
986.0 657.0 991.0 659.0 987.0 668.0 983.0 667.0 small-vehicle 1
1063.0 338.0 1067.0 340.0 1064.0 350.0 1059.0 349.0 small-vehicle 1
1055.0 371.0 1060.0 373.0 1057.0 382.0 1052.0 381.0 small-vehicle 1
1041.0 394.0 1047.0 395.0 1043.0 405.0 1038.0 404.0 small-vehicle 1
1009.0 499.0 1014.0 500.0 1011.0 509.0 1007.0 509.0 small-vehicle 1
1039.0 567.0 1035.0 566.0 1037.0 557.0 1041.0 557.0 small-vehicle 1
1028.0 570.0 1025.0 569.0 1028.0 561.0 1031.0 562.0 small-vehicle 1
980.0 562.0 985.0 564.0 981.0 573.0 977.0 570.0 small-vehicle 1
973.0 687.0 978.0 689.0 975.0 696.0 970.0 694.0 small-vehicle 1
927.0 739.0 932.0 740.0 927.0 751.0 922.0 749.0 small-vehicle 1
942.0 699.0 946.0 701.0 943.0 708.0 939.0 707.0 small-vehicle 1
976.0 773.0 973.0 770.0 977.0 762.0 981.0 764.0 small-vehicle 1
968.0 760.0 964.0 758.0 967.0 749.0 970.0 749.0 small-vehicle 1
977.0 890.0 978.0 885.0 988.0 886.0 988.0 890.0 small-vehicle 1
986.0 875.0 990.0 871.0 996.0 878.0 993.0 881.0 small-vehicle 1
992.0 867.0 996.0 865.0 1002.0 871.0 998.0 874.0 small-vehicle 1
965.0 856.0 961.0 854.0 963.0 846.0 967.0 846.0 small-vehicle 1
1120.0 370.0 1115.0 369.0 1119.0 359.0 1123.0 360.0 small-vehicle 1
1031.0 427.0 1035.0 429.0 1032.0 438.0 1028.0 437.0 small-vehicle 1
1034.0 439.0 1038.0 440.0 1036.0 448.0 1032.0 447.0 small-vehicle 1
1137.0 201.0 1143.0 203.0 1139.0 211.0 1134.0 209.0 small-vehicle 1
1776.0 1605.0 1781.0 1608.0 1772.0 1627.0 1767.0 1624.0 large-vehicle 0
1975.0 1170.0 2002.0 1170.0 2002.0 1197.0 1975.0 1197.0 roundabout 0
1890.0 1434.0 1886.0 1431.0 1893.0 1424.0 1895.0 1428.0 small-vehicle 1
1885.0 1432.0 1881.0 1429.0 1885.0 1422.0 1888.0 1424.0 small-vehicle 1
1953.0 1329.0 1959.0 1332.0 1955.0 1340.0 1951.0 1337.0 small-vehicle 1
1972.0 1301.0 1976.0 1304.0 1972.0 1310.0 1968.0 1309.0 small-vehicle 1
1906.0 1249.0 1907.0 1244.0 1915.0 1251.0 1913.0 1255.0 small-vehicle 1
1935.0 1242.0 1940.0 1242.0 1943.0 1257.0 1937.0 1258.0 small-vehicle 1
1933.0 1227.0 1938.0 1227.0 1938.0 1238.0 1934.0 1239.0 small-vehicle 1
1925.0 1248.0 1928.0 1243.0 1936.0 1250.0 1933.0 1254.0 small-vehicle 1
1969.0 1194.0 1976.0 1194.0 1976.0 1206.0 1970.0 1207.0 small-vehicle 1
1946.0 1193.0 1950.0 1196.0 1943.0 1206.0 1938.0 1201.0 small-vehicle 1
1336.0 496.0 1356.0 488.0 1363.0 511.0 1343.0 518.0 swimming-pool 0
1155.0 156.0 1159.0 159.0 1155.0 167.0 1152.0 167.0 small-vehicle 1
1148.0 159.0 1153.0 161.0 1150.0 170.0 1145.0 168.0 small-vehicle 1
964.0 832.0 968.0 834.0 964.0 842.0 961.0 841.0 small-vehicle 1
952.0 812.0 956.0 815.0 952.0 821.0 948.0 820.0 small-vehicle 1
949.0 803.0 953.0 806.0 950.0 813.0 946.0 812.0 small-vehicle 1
447.0 1368.0 449.0 1374.0 440.0 1377.0 438.0 1373.0 small-vehicle 1
797.0 1159.0 801.0 1163.0 794.0 1172.0 790.0 1168.0 small-vehicle 1
759.0 1128.0 763.0 1132.0 757.0 1140.0 752.0 1138.0 small-vehicle 1
835.0 1061.0 839.0 1065.0 834.0 1071.0 830.0 1068.0 small-vehicle 1
836.0 1051.0 840.0 1054.0 834.0 1060.0 831.0 1057.0 small-vehicle 1
794.0 1014.0 798.0 1018.0 793.0 1023.0 789.0 1022.0 small-vehicle 1
808.0 1026.0 812.0 1029.0 807.0 1036.0 804.0 1034.0 small-vehicle 1
791.0 1052.0 795.0 1055.0 791.0 1062.0 787.0 1060.0 small-vehicle 1
814.0 990.0 810.0 986.0 815.0 978.0 819.0 981.0 small-vehicle 1
847.0 1038.0 851.0 1042.0 846.0 1048.0 843.0 1046.0 small-vehicle 1
879.0 1048.0 883.0 1052.0 879.0 1059.0 874.0 1056.0 small-vehicle 1
874.0 986.0 880.0 988.0 875.0 996.0 870.0 994.0 small-vehicle 1
853.0 991.0 858.0 995.0 853.0 1002.0 848.0 999.0 small-vehicle 1
902.0 941.0 907.0 944.0 902.0 952.0 898.0 950.0 small-vehicle 1
923.0 879.0 928.0 882.0 924.0 891.0 920.0 890.0 small-vehicle 1
900.0 853.0 904.0 856.0 898.0 865.0 895.0 861.0 large-vehicle 1
882.0 1147.0 886.0 1149.0 880.0 1158.0 876.0 1155.0 small-vehicle 1
483.0 1307.0 485.0 1312.0 476.0 1317.0 474.0 1313.0 small-vehicle 1
958.0 807.0 962.0 811.0 959.0 817.0 955.0 816.0 small-vehicle 1
587.0 1260.0 591.0 1263.0 583.0 1270.0 580.0 1267.0 small-vehicle 1
949.0 773.0 954.0 776.0 950.0 782.0 945.0 781.0 small-vehicle 1
310.0 2595.0 350.0 2595.0 350.0 2634.0 310.0 2634.0 storage-tank 0
307.0 2542.0 350.0 2542.0 350.0 2583.0 307.0 2583.0 storage-tank 0
144.0 1733.0 179.0 1733.0 179.0 1777.0 144.0 1777.0 storage-tank 0
87.0 1736.0 125.0 1736.0 125.0 1778.0 87.0 1778.0 storage-tank 0
35.0 1741.0 75.0 1741.0 75.0 1778.0 35.0 1778.0 storage-tank 0
403.0 1701.0 468.0 1701.0 468.0 1765.0 403.0 1765.0 storage-tank 0
488.0 1613.0 553.0 1613.0 553.0 1675.0 488.0 1675.0 storage-tank 0
487.0 1521.0 552.0 1521.0 552.0 1588.0 487.0 1588.0 storage-tank 0
553.0 1327.0 555.0 1330.0 546.0 1337.0 543.0 1334.0 small-vehicle 1
144.0 1465.0 143.0 1471.0 132.0 1471.0 132.0 1466.0 small-vehicle 1
124.0 1454.0 125.0 1459.0 116.0 1461.0 115.0 1457.0 small-vehicle 1
103.0 1453.0 104.0 1459.0 93.0 1464.0 91.0 1459.0 small-vehicle 1
213.0 1439.0 214.0 1444.0 204.0 1447.0 204.0 1442.0 small-vehicle 1
225.0 1431.0 226.0 1435.0 217.0 1439.0 216.0 1435.0 small-vehicle 1
1317.0 1585.0 1381.0 1585.0 1385.0 1659.0 1318.0 1659.0 plane 0
