imagesource:GoogleEarth
gsd:0.524523027618
3307.0 2256.0 3299.0 2252.0 3312.0 2222.0 3318.0 2226.0 large-vehicle 1
9232.0 932.0 9170.0 1076.0 9012.0 1018.0 9080.0 868.0 plane 0
9020.0 666.0 9112.0 696.0 9086.0 784.0 8986.0 758.0 plane 0
8768.0 628.0 8812.0 724.0 8710.0 764.0 8670.0 664.0 plane 0
8394.0 1166.0 8340.0 1306.0 8184.0 1242.0 8244.0 1098.0 plane 0
8310.0 1334.0 8246.0 1480.0 8094.0 1414.0 8156.0 1266.0 plane 0
8196.0 1506.0 8158.0 1586.0 8060.0 1542.0 8102.0 1460.0 plane 0
8144.0 1574.0 8152.0 1740.0 7974.0 1740.0 7976.0 1570.0 plane 0
8094.0 1716.0 8176.0 1852.0 8032.0 1938.0 7940.0 1800.0 plane 0
7886.0 2576.0 7956.0 2736.0 7760.0 2808.0 7688.0 2644.0 plane 0
7400.0 2012.0 7458.0 1850.0 7660.0 1930.0 7600.0 2096.0 plane 0
7482.0 1848.0 7544.0 1678.0 7734.0 1742.0 7676.0 1922.0 plane 0
7576.0 1570.0 7646.0 1406.0 7842.0 1474.0 7788.0 1644.0 plane 0
7700.0 1412.0 7736.0 1312.0 7850.0 1356.0 7816.0 1452.0 plane 0
8182.0 882.0 8174.0 972.0 8066.0 962.0 8076.0 874.0 plane 0
7622.0 1252.0 7594.0 1340.0 7490.0 1308.0 7522.0 1210.0 plane 0
7498.0 1520.0 7470.0 1612.0 7364.0 1578.0 7394.0 1478.0 plane 0
7468.0 1640.0 7426.0 1788.0 7228.0 1724.0 7292.0 1562.0 plane 0
7386.0 1802.0 7328.0 1948.0 7160.0 1888.0 7220.0 1732.0 plane 0
7284.0 1948.0 7256.0 2034.0 7160.0 2004.0 7188.0 1914.0 plane 0
7212.0 2146.0 7114.0 2168.0 7100.0 2076.0 7190.0 2050.0 plane 0
7114.0 2188.0 7028.0 2218.0 6988.0 2112.0 7084.0 2076.0 plane 0
7018.0 2228.0 6938.0 2264.0 6880.0 2148.0 6978.0 2106.0 plane 0
6758.0 2624.0 6700.0 2474.0 6870.0 2416.0 6934.0 2566.0 plane 0
7372.0 2770.0 7442.0 2896.0 7302.0 2972.0 7224.0 2834.0 plane 0
6554.0 2834.0 6692.0 2788.0 6760.0 2934.0 6604.0 2992.0 plane 0
6546.0 2392.0 6476.0 2420.0 6430.0 2338.0 6508.0 2302.0 plane 0
9152.0 704.0 9278.0 750.0 9230.0 886.0 9090.0 846.0 plane 0
8964.0 1184.0 8826.0 1134.0 8872.0 990.0 9014.0 1042.0 plane 0
6578.0 1408.0 6738.0 1350.0 6808.0 1506.0 6646.0 1576.0 plane 0
8754.0 1286.0 8894.0 1376.0 8828.0 1508.0 8674.0 1438.0 plane 0
10866.0 4726.0 10822.0 4862.0 10646.0 4822.0 10700.0 4666.0 plane 0
11012.0 4952.0 11056.0 4824.0 11192.0 4876.0 11162.0 4994.0 plane 0
11084.0 4796.0 11132.0 4652.0 11298.0 4714.0 11252.0 4850.0 plane 0
9992.0 1322.0 9922.0 1116.0 10120.0 1056.0 10190.0 1258.0 plane 0
10076.0 1500.0 9920.0 1558.0 9864.0 1414.0 10030.0 1358.0 plane 0
10256.0 1426.0 10096.0 1480.0 10052.0 1322.0 10206.0 1270.0 plane 0
10506.0 1334.0 10346.0 1396.0 10282.0 1236.0 10446.0 1174.0 plane 0
10738.0 1226.0 10606.0 1272.0 10556.0 1130.0 10682.0 1080.0 plane 0
11300.0 1084.0 11396.0 1056.0 11430.0 1162.0 11344.0 1204.0 plane 0
11376.0 988.0 11278.0 1014.0 11224.0 896.0 11324.0 864.0 plane 0
11500.0 932.0 11408.0 962.0 11362.0 852.0 11466.0 816.0 plane 0
11568.0 1036.0 11658.0 1000.0 11688.0 1078.0 11602.0 1114.0 plane 0
11590.0 260.0 11734.0 204.0 11782.0 366.0 11652.0 418.0 plane 0
11178.0 404.0 11332.0 354.0 11410.0 526.0 11254.0 590.0 plane 0
11036.0 496.0 11112.0 462.0 11154.0 534.0 11076.0 574.0 plane 0
10632.0 616.0 10766.0 576.0 10826.0 720.0 10690.0 774.0 plane 0
10452.0 684.0 10574.0 640.0 10642.0 776.0 10504.0 844.0 plane 0
10168.0 790.0 10384.0 708.0 10460.0 890.0 10238.0 974.0 plane 0
9646.0 906.0 9830.0 958.0 9800.0 1164.0 9602.0 1118.0 plane 0
9514.0 862.0 9602.0 888.0 9562.0 1016.0 9464.0 980.0 plane 0
9228.0 1352.0 9094.0 1228.0 9246.0 1096.0 9392.0 1236.0 plane 0
9238.0 1460.0 9244.0 1252.0 9442.0 1260.0 9452.0 1468.0 plane 0
9056.0 1432.0 9160.0 1466.0 9122.0 1572.0 9010.0 1524.0 plane 0
8322.0 1718.0 8388.0 1570.0 8592.0 1642.0 8518.0 1820.0 plane 0
8394.0 1586.0 8418.0 1402.0 8624.0 1412.0 8610.0 1610.0 plane 0
6718.0 1608.0 6804.0 1768.0 6612.0 1852.0 6532.0 1678.0 plane 0
6368.0 1464.0 6536.0 1414.0 6618.0 1608.0 6442.0 1664.0 plane 0
760.0 2415.0 748.0 2486.0 656.0 2470.0 670.0 2398.0 plane 0
242.0 2242.0 237.0 2117.0 353.0 2116.0 366.0 2231.0 plane 0
245.0 1934.0 239.0 1862.0 328.0 1857.0 333.0 1933.0 plane 0
272.0 1851.0 267.0 1780.0 355.0 1778.0 357.0 1846.0 plane 0
266.0 1744.0 261.0 1666.0 353.0 1665.0 359.0 1746.0 plane 0
368.0 1643.0 411.0 1592.0 488.0 1646.0 451.0 1706.0 plane 0
659.0 1885.0 604.0 1922.0 545.0 1853.0 608.0 1811.0 plane 0
966.0 1926.0 935.0 1859.0 1005.0 1829.0 1035.0 1896.0 plane 0
875.0 1830.0 801.0 1810.0 820.0 1733.0 897.0 1749.0 plane 0
892.0 1445.0 962.0 1423.0 992.0 1498.0 925.0 1527.0 plane 0
798.0 1450.0 867.0 1429.0 900.0 1502.0 831.0 1526.0 plane 0
537.0 1501.0 649.0 1467.0 695.0 1576.0 583.0 1619.0 plane 0
151.0 2019.0 81.0 2019.0 80.0 1934.0 153.0 1934.0 plane 0
265.0 1592.0 264.0 1519.0 356.0 1514.0 358.0 1586.0 plane 0
559.0 1078.0 688.0 1080.0 695.0 1214.0 565.0 1217.0 plane 0
225.0 1246.0 238.0 1130.0 356.0 1132.0 352.0 1249.0 plane 0
230.0 1125.0 229.0 1003.0 358.0 998.0 362.0 1126.0 plane 0
221.0 987.0 228.0 869.0 349.0 870.0 347.0 985.0 plane 0
221.0 858.0 225.0 742.0 360.0 738.0 364.0 857.0 plane 0
216.0 733.0 219.0 611.0 354.0 610.0 353.0 731.0 plane 0
727.0 801.0 733.0 871.0 648.0 876.0 647.0 798.0 plane 0
753.0 603.0 731.0 721.0 598.0 689.0 637.0 566.0 plane 0
805.0 505.0 756.0 613.0 635.0 553.0 688.0 460.0 plane 0
344.0 522.0 316.0 454.0 383.0 429.0 412.0 494.0 plane 0
770.0 323.0 704.0 407.0 587.0 320.0 659.0 233.0 plane 0
688.0 34.0 728.0 91.0 669.0 141.0 620.0 70.0 plane 0
614.0 11.0 600.0 81.0 504.0 57.0 526.0 7.0 plane 0
239.0 2107.0 240.0 2036.0 313.0 2034.0 317.0 2106.0 plane 0
236.0 2369.0 243.0 2249.0 366.0 2250.0 369.0 2367.0 plane 0
6154.0 1548.0 6348.0 1482.0 6424.0 1668.0 6222.0 1744.0 plane 0
4278.0 3770.0 4142.0 3818.0 4068.0 3658.0 4224.0 3608.0 plane 0
5960.0 1608.0 6146.0 1548.0 6220.0 1740.0 6046.0 1802.0 plane 0
6220.0 2708.0 6326.0 2730.0 6312.0 2838.0 6200.0 2816.0 plane 0
5782.0 2998.0 5696.0 2816.0 5890.0 2760.0 5964.0 2948.0 plane 0
6036.0 3286.0 6086.0 3368.0 6000.0 3412.0 5950.0 3334.0 plane 0
5684.0 3264.0 5592.0 3298.0 5548.0 3190.0 5642.0 3152.0 plane 0
5562.0 3286.0 5474.0 3320.0 5440.0 3230.0 5528.0 3194.0 plane 0
5360.0 3110.0 5320.0 3020.0 5418.0 2978.0 5458.0 3072.0 plane 0
5096.0 3204.0 5062.0 3112.0 5170.0 3070.0 5210.0 3164.0 plane 0
4850.0 3300.0 4816.0 3200.0 4926.0 3160.0 4968.0 3262.0 plane 0
4578.0 3436.0 4520.0 3268.0 4698.0 3204.0 4766.0 3372.0 plane 0
5274.0 3526.0 5334.0 3692.0 5144.0 3764.0 5084.0 3596.0 plane 0
4734.0 3758.0 4776.0 3842.0 4654.0 3892.0 4616.0 3802.0 plane 0
4702.0 3614.0 4560.0 3674.0 4490.0 3510.0 4638.0 3458.0 plane 0
5444.0 2632.0 5510.0 2792.0 5322.0 2862.0 5260.0 2700.0 plane 0
5744.0 2694.0 5674.0 2550.0 5846.0 2492.0 5912.0 2634.0 plane 0
5268.0 2564.0 5304.0 2656.0 5190.0 2702.0 5150.0 2608.0 plane 0
4870.0 2578.0 4706.0 2644.0 4636.0 2460.0 4806.0 2400.0 plane 0
4710.0 2070.0 4634.0 2108.0 4592.0 2020.0 4676.0 1992.0 plane 0
5072.0 1500.0 5022.0 1640.0 4844.0 1570.0 4904.0 1436.0 plane 0
5308.0 1414.0 5258.0 1558.0 5084.0 1498.0 5148.0 1360.0 plane 0
5352.0 1418.0 5274.0 1446.0 5244.0 1372.0 5324.0 1342.0 plane 0
4288.0 2314.0 4114.0 2368.0 4044.0 2184.0 4228.0 2130.0 plane 0
4492.0 2242.0 4330.0 2290.0 4254.0 2118.0 4440.0 2058.0 plane 0
4420.0 2880.0 4460.0 3002.0 4304.0 3064.0 4258.0 2944.0 plane 0
4454.0 3020.0 4524.0 3178.0 4354.0 3238.0 4290.0 3078.0 plane 0
743.0 2217.0 758.0 2282.0 674.0 2305.0 656.0 2229.0 plane 0
777.0 2498.0 760.0 2571.0 671.0 2550.0 692.0 2485.0 plane 0
3391.0 2287.0 3388.0 2292.0 3355.0 2280.0 3359.0 2274.0 large-vehicle 0
3055.0 2150.0 3061.0 2153.0 3047.0 2184.0 3042.0 2182.0 large-vehicle 0
2321.0 996.0 2319.0 990.0 2334.0 985.0 2336.0 990.0 large-vehicle 0
2557.0 2003.0 2557.0 1996.0 2576.0 1996.0 2577.0 2003.0 large-vehicle 0
2535.0 2003.0 2535.0 1996.0 2554.0 1996.0 2555.0 2003.0 large-vehicle 0
2486.0 2005.0 2486.0 1998.0 2505.0 1997.0 2506.0 2004.0 large-vehicle 0
1732.0 53.0 1740.0 53.0 1741.0 72.0 1733.0 72.0 large-vehicle 0
1839.0 114.0 1839.0 107.0 1875.0 107.0 1874.0 114.0 large-vehicle 0
1844.0 106.0 1841.0 99.0 1876.0 97.0 1876.0 103.0 large-vehicle 0
1825.0 92.0 1823.0 85.0 1844.0 85.0 1843.0 91.0 large-vehicle 0
1098.0 2864.0 1097.0 2856.0 1122.0 2851.0 1123.0 2858.0 large-vehicle 0
1173.0 2982.0 1168.0 2988.0 1138.0 2979.0 1141.0 2970.0 large-vehicle 0
1142.0 2991.0 1134.0 2994.0 1121.0 2965.0 1128.0 2961.0 large-vehicle 0
1047.0 2953.0 1044.0 2945.0 1078.0 2940.0 1079.0 2947.0 large-vehicle 0
1504.0 3231.0 1505.0 3222.0 1536.0 3223.0 1535.0 3230.0 large-vehicle 0
212.0 1761.0 202.0 1759.0 214.0 1727.0 222.0 1730.0 large-vehicle 0
1609.0 792.0 1671.0 792.0 1671.0 849.0 1609.0 849.0 storage-tank 0
1672.0 757.0 1730.0 757.0 1730.0 815.0 1672.0 815.0 storage-tank 0
1612.0 728.0 1671.0 728.0 1671.0 782.0 1612.0 782.0 storage-tank 0
1671.0 690.0 1731.0 690.0 1731.0 747.0 1671.0 747.0 storage-tank 0
1570.0 679.0 1608.0 679.0 1608.0 714.0 1570.0 714.0 storage-tank 0
1610.0 640.0 1659.0 640.0 1659.0 687.0 1610.0 687.0 storage-tank 0
1547.0 649.0 1577.0 649.0 1577.0 677.0 1547.0 677.0 storage-tank 0
1576.0 628.0 1606.0 628.0 1606.0 659.0 1576.0 659.0 storage-tank 0
1561.0 547.0 1616.0 547.0 1616.0 595.0 1561.0 595.0 storage-tank 0
1537.0 496.0 1588.0 496.0 1588.0 545.0 1537.0 545.0 storage-tank 0
1424.0 1690.0 1553.0 1690.0 1553.0 1817.0 1424.0 1817.0 storage-tank 0
3040.0 2144.0 3045.0 2147.0 3033.0 2176.0 3027.0 2172.0 large-vehicle 0
2927.0 1752.0 2931.0 1758.0 2919.0 1769.0 2913.0 1764.0 large-vehicle 0
1576.0 1047.0 1597.0 1047.0 1597.0 1069.0 1576.0 1069.0 storage-tank 0
2916.0 1796.0 2915.0 1788.0 2936.0 1784.0 2937.0 1791.0 large-vehicle 0
3440.0 2353.0 3437.0 2358.0 3419.0 2352.0 3421.0 2345.0 large-vehicle 0
3454.0 2344.0 3450.0 2338.0 3466.0 2327.0 3469.0 2332.0 large-vehicle 0
3508.0 2310.0 3502.0 2306.0 3516.0 2284.0 3521.0 2288.0 large-vehicle 0
3800.0 200.0 3793.0 200.0 3794.0 167.0 3800.0 167.0 large-vehicle 0
3801.0 171.0 3808.0 170.0 3807.0 191.0 3801.0 191.0 large-vehicle 0
3919.0 261.0 3912.0 264.0 3899.0 233.0 3906.0 231.0 large-vehicle 0
3834.0 214.0 3828.0 218.0 3815.0 184.0 3822.0 183.0 large-vehicle 0
3841.0 210.0 3836.0 213.0 3821.0 184.0 3827.0 180.0 large-vehicle 0
3852.0 206.0 3846.0 208.0 3834.0 177.0 3840.0 174.0 large-vehicle 0
3859.0 204.0 3853.0 207.0 3842.0 175.0 3847.0 173.0 large-vehicle 0
3866.0 202.0 3860.0 204.0 3849.0 173.0 3855.0 172.0 large-vehicle 0
3872.0 200.0 3866.0 204.0 3855.0 172.0 3860.0 170.0 large-vehicle 0
3879.0 198.0 3873.0 200.0 3863.0 168.0 3869.0 166.0 large-vehicle 0
3888.0 196.0 3881.0 198.0 3868.0 167.0 3874.0 164.0 large-vehicle 0
3894.0 193.0 3888.0 196.0 3874.0 163.0 3879.0 161.0 large-vehicle 0
3900.0 189.0 3894.0 192.0 3882.0 162.0 3887.0 159.0 large-vehicle 0
3919.0 186.0 3911.0 187.0 3902.0 154.0 3909.0 151.0 large-vehicle 0
2805.0 1700.0 2805.0 1694.0 2826.0 1696.0 2825.0 1702.0 large-vehicle 0
2848.0 1689.0 2842.0 1688.0 2840.0 1668.0 2847.0 1668.0 large-vehicle 0
2835.0 1691.0 2828.0 1691.0 2828.0 1670.0 2835.0 1671.0 large-vehicle 0
2863.0 1667.0 2870.0 1666.0 2871.0 1686.0 2865.0 1687.0 large-vehicle 0
2871.0 1668.0 2877.0 1669.0 2879.0 1688.0 2873.0 1689.0 large-vehicle 0
2878.0 1669.0 2884.0 1669.0 2886.0 1690.0 2880.0 1691.0 large-vehicle 0
2949.0 1795.0 2949.0 1801.0 2929.0 1805.0 2929.0 1799.0 large-vehicle 0
2948.0 1802.0 2950.0 1808.0 2932.0 1811.0 2931.0 1806.0 large-vehicle 0
1606.0 3186.0 1545.0 3197.0 1525.0 3120.0 1592.0 3110.0 plane 0
1474.0 382.0 1494.0 382.0 1494.0 402.0 1474.0 402.0 storage-tank 0
796.0 2597.0 777.0 2662.0 688.0 2629.0 715.0 2567.0 plane 0
2229.0 3074.0 2152.0 3083.0 2132.0 3000.0 2211.0 2989.0 plane 0
1534.0 2802.0 1668.0 2779.0 1702.0 2920.0 1569.0 2947.0 plane 0
2036.0 3110.0 1960.0 3122.0 1944.0 3045.0 2023.0 3031.0 plane 0
1936.0 3135.0 1862.0 3142.0 1843.0 3057.0 1921.0 3044.0 plane 0
1839.0 3150.0 1760.0 3158.0 1745.0 3082.0 1828.0 3072.0 plane 0
1401.0 3283.0 1272.0 3301.0 1250.0 3153.0 1378.0 3138.0 plane 0
1268.0 3307.0 1131.0 3332.0 1102.0 3186.0 1239.0 3163.0 plane 0
1329.0 2846.0 1447.0 2826.0 1480.0 2955.0 1358.0 2977.0 plane 0
1259.0 2888.0 1332.0 2878.0 1349.0 2948.0 1274.0 2961.0 plane 0
1124.0 2877.0 1252.0 2858.0 1279.0 2992.0 1155.0 3014.0 plane 0
872.0 4148.0 788.0 4051.0 906.0 3980.0 975.0 4077.0 plane 0
250.0 3030.0 246.0 2961.0 328.0 2956.0 337.0 3027.0 plane 0
243.0 2952.0 247.0 2879.0 318.0 2880.0 318.0 2950.0 plane 0
246.0 2875.0 241.0 2805.0 324.0 2803.0 331.0 2867.0 plane 0
240.0 2797.0 238.0 2732.0 311.0 2724.0 320.0 2795.0 plane 0
428.0 3864.0 498.0 3861.0 503.0 3944.0 425.0 3950.0 plane 0
273.0 3789.0 276.0 3713.0 353.0 3715.0 361.0 3790.0 plane 0
275.0 3695.0 275.0 3629.0 353.0 3629.0 355.0 3697.0 plane 0
269.0 3618.0 271.0 3527.0 384.0 3524.0 387.0 3617.0 plane 0
275.0 3512.0 275.0 3438.0 366.0 3433.0 375.0 3506.0 plane 0
177.0 3693.0 102.0 3697.0 99.0 3617.0 171.0 3612.0 plane 0
868.0 3055.0 867.0 2984.0 943.0 2982.0 950.0 3057.0 plane 0
443.0 3159.0 408.0 3104.0 480.0 3054.0 523.0 3114.0 plane 0
571.0 2885.0 574.0 2951.0 491.0 2957.0 490.0 2885.0 plane 0
694.0 2737.0 656.0 2781.0 588.0 2736.0 626.0 2689.0 plane 0
809.0 2707.0 782.0 2763.0 697.0 2719.0 729.0 2665.0 plane 0
1697.0 2763.0 1828.0 2747.0 1860.0 2893.0 1727.0 2918.0 plane 0
2317.0 3053.0 2246.0 3068.0 2223.0 2984.0 2301.0 2970.0 plane 0
1345.0 471.0 1376.0 471.0 1376.0 502.0 1345.0 502.0 storage-tank 0
1846.0 2777.0 1918.0 2767.0 1938.0 2856.0 1862.0 2870.0 plane 0
3268.0 3639.0 3328.0 3610.0 3372.0 3675.0 3311.0 3709.0 plane 0
3595.0 3873.0 3522.0 3916.0 3463.0 3834.0 3549.0 3785.0 plane 0
3505.0 3922.0 3421.0 3968.0 3371.0 3883.0 3456.0 3840.0 plane 0
3416.0 3982.0 3330.0 4025.0 3276.0 3934.0 3367.0 3891.0 plane 0
2841.0 3215.0 2905.0 3260.0 2854.0 3331.0 2789.0 3287.0 plane 0
2646.0 4016.0 2701.0 3980.0 2753.0 4043.0 2693.0 4080.0 plane 0
2967.0 4278.0 2865.0 4346.0 2788.0 4243.0 2894.0 4185.0 plane 0
2815.0 4373.0 2712.0 4440.0 2640.0 4326.0 2746.0 4270.0 plane 0
2692.0 4451.0 2593.0 4502.0 2523.0 4392.0 2624.0 4338.0 plane 0
2687.0 4802.0 2717.0 4855.0 2635.0 4894.0 2598.0 4827.0 plane 0
2687.0 4760.0 2714.0 4806.0 2629.0 4845.0 2603.0 4780.0 plane 0
2693.0 4717.0 2716.0 4768.0 2631.0 4801.0 2604.0 4739.0 plane 0
2708.0 4647.0 2714.0 4733.0 2595.0 4738.0 2591.0 4647.0 plane 0
2795.0 4714.0 2726.0 4757.0 2655.0 4663.0 2734.0 4617.0 plane 0
2584.0 4527.0 2475.0 4584.0 2414.0 4480.0 2518.0 4422.0 plane 0
2459.0 4588.0 2358.0 4650.0 2292.0 4545.0 2389.0 4481.0 plane 0
2340.0 4661.0 2229.0 4719.0 2162.0 4611.0 2279.0 4552.0 plane 0
1951.0 4518.0 1990.0 4562.0 1932.0 4620.0 1880.0 4576.0 plane 0
1953.0 4517.0 2038.0 4548.0 2007.0 4649.0 1915.0 4625.0 plane 0
1887.0 4480.0 1952.0 4542.0 1882.0 4605.0 1814.0 4551.0 plane 0
2365.0 2602.0 2487.0 2561.0 2554.0 2692.0 2424.0 2743.0 plane 0
2207.0 2696.0 2274.0 2687.0 2293.0 2766.0 2222.0 2778.0 plane 0
2125.0 2718.0 2192.0 2706.0 2217.0 2792.0 2140.0 2813.0 plane 0
2027.0 2738.0 2097.0 2726.0 2121.0 2813.0 2048.0 2825.0 plane 0
1934.0 2758.0 2009.0 2747.0 2027.0 2831.0 1948.0 2844.0 plane 0
213.0 74.0 206.0 6.0 284.0 5.0 289.0 72.0 plane 0
