imagesource:GoogleEarth
gsd:0.401698962954
9010.0 323.0 9008.0 314.0 9050.0 300.0 9053.0 309.0 large-vehicle 0
1763.0 3055.0 1757.0 3058.0 1753.0 3047.0 1759.0 3044.0 small-vehicle 1
1897.0 3016.0 1893.0 3012.0 1899.0 3001.0 1903.0 3004.0 small-vehicle 1
1896.0 3008.0 1890.0 3004.0 1895.0 2994.0 1899.0 2996.0 small-vehicle 1
1892.0 3000.0 1887.0 2997.0 1891.0 2985.0 1897.0 2989.0 small-vehicle 1
1891.0 2990.0 1884.0 2989.0 1888.0 2978.0 1893.0 2980.0 small-vehicle 1
1857.0 2980.0 1860.0 2975.0 1872.0 2979.0 1870.0 2984.0 small-vehicle 1
1765.0 3058.0 1770.0 3056.0 1775.0 3068.0 1769.0 3069.0 small-vehicle 1
1704.0 3074.0 1710.0 3074.0 1716.0 3088.0 1711.0 3091.0 small-vehicle 1
1825.0 3097.0 1819.0 3099.0 1811.0 3082.0 1817.0 3079.0 small-vehicle 1
1696.0 3080.0 1701.0 3078.0 1705.0 3091.0 1699.0 3092.0 small-vehicle 1
1712.0 3106.0 1719.0 3103.0 1722.0 3114.0 1717.0 3117.0 small-vehicle 1
1618.0 3126.0 1610.0 3124.0 1618.0 3106.0 1623.0 3108.0 small-vehicle 1
1397.0 2777.0 1399.0 2783.0 1388.0 2792.0 1384.0 2786.0 small-vehicle 1
1453.0 2781.0 1457.0 2787.0 1444.0 2794.0 1441.0 2787.0 small-vehicle 1
1478.0 2738.0 1483.0 2744.0 1475.0 2751.0 1470.0 2745.0 small-vehicle 1
1832.0 3094.0 1826.0 3096.0 1817.0 3080.0 1825.0 3078.0 small-vehicle 1
1817.0 3098.0 1809.0 3100.0 1805.0 3086.0 1810.0 3084.0 small-vehicle 1
9018.0 346.0 9013.0 337.0 9053.0 320.0 9057.0 330.0 large-vehicle 0
1873.0 3285.0 1866.0 3288.0 1861.0 3273.0 1865.0 3271.0 small-vehicle 1
1783.0 3413.0 1789.0 3411.0 1797.0 3429.0 1790.0 3432.0 small-vehicle 1
1771.0 3385.0 1773.0 3391.0 1760.0 3395.0 1759.0 3389.0 small-vehicle 1
1761.0 3405.0 1759.0 3399.0 1771.0 3392.0 1773.0 3399.0 small-vehicle 1
1727.0 3291.0 1735.0 3289.0 1740.0 3309.0 1734.0 3312.0 small-vehicle 1
1859.0 3265.0 1851.0 3268.0 1847.0 3252.0 1855.0 3250.0 small-vehicle 1
1851.0 3271.0 1842.0 3275.0 1835.0 3254.0 1843.0 3250.0 small-vehicle 1
1706.0 3242.0 1713.0 3240.0 1719.0 3257.0 1711.0 3259.0 small-vehicle 1
1793.0 3112.0 1788.0 3114.0 1783.0 3094.0 1789.0 3092.0 small-vehicle 1
1692.0 3247.0 1701.0 3246.0 1706.0 3264.0 1697.0 3267.0 small-vehicle 1
1651.0 3176.0 1650.0 3168.0 1674.0 3160.0 1676.0 3168.0 small-vehicle 1
1684.0 3148.0 1693.0 3146.0 1703.0 3166.0 1693.0 3170.0 small-vehicle 1
1627.0 3146.0 1633.0 3146.0 1637.0 3166.0 1629.0 3168.0 small-vehicle 1
1781.0 3112.0 1773.0 3118.0 1766.0 3101.0 1775.0 3099.0 small-vehicle 1
1786.0 3112.0 1780.0 3114.0 1773.0 3097.0 1781.0 3094.0 small-vehicle 1
1472.0 2706.0 1466.0 2702.0 1477.0 2692.0 1482.0 2696.0 small-vehicle 1
1329.0 2842.0 1333.0 2849.0 1321.0 2854.0 1317.0 2848.0 small-vehicle 1
1384.0 2794.0 1389.0 2800.0 1381.0 2806.0 1375.0 2802.0 small-vehicle 1
1572.0 895.0 1572.0 899.0 1559.0 901.0 1559.0 895.0 small-vehicle 1
1833.0 1034.0 1841.0 1034.0 1841.0 1044.0 1835.0 1044.0 small-vehicle 1
1863.0 1032.0 1868.0 1032.0 1869.0 1044.0 1863.0 1045.0 small-vehicle 1
1770.0 889.0 1764.0 885.0 1771.0 873.0 1775.0 874.0 small-vehicle 1
1761.0 885.0 1757.0 885.0 1757.0 873.0 1762.0 872.0 small-vehicle 1
1595.0 898.0 1603.0 899.0 1602.0 911.0 1595.0 911.0 small-vehicle 1
1601.0 897.0 1594.0 897.0 1595.0 884.0 1601.0 884.0 small-vehicle 1
1635.0 938.0 1629.0 938.0 1629.0 925.0 1633.0 924.0 small-vehicle 1
1385.0 2808.0 1389.0 2814.0 1379.0 2817.0 1375.0 2812.0 small-vehicle 1
1641.0 940.0 1635.0 940.0 1634.0 928.0 1638.0 926.0 small-vehicle 1
1655.0 938.0 1647.0 938.0 1647.0 923.0 1654.0 924.0 small-vehicle 1
2793.0 228.0 2792.0 236.0 2776.0 237.0 2776.0 229.0 small-vehicle 1
3016.0 220.0 3023.0 220.0 3023.0 233.0 3017.0 233.0 small-vehicle 1
3043.0 245.0 3035.0 245.0 3033.0 230.0 3042.0 230.0 small-vehicle 1
3042.0 230.0 3033.0 231.0 3033.0 214.0 3041.0 214.0 small-vehicle 1
1485.0 1041.0 1477.0 1036.0 1491.0 1022.0 1498.0 1028.0 small-vehicle 1
1795.0 2523.0 1789.0 2517.0 1800.0 2509.0 1804.0 2515.0 small-vehicle 1
1797.0 2508.0 1793.0 2503.0 1807.0 2493.0 1810.0 2499.0 small-vehicle 1
1831.0 2474.0 1829.0 2469.0 1839.0 2463.0 1842.0 2469.0 small-vehicle 1
1835.0 2519.0 1839.0 2525.0 1829.0 2532.0 1825.0 2528.0 small-vehicle 1
1775.0 2567.0 1779.0 2573.0 1767.0 2580.0 1764.0 2574.0 small-vehicle 1
1647.0 2600.0 1642.0 2595.0 1654.0 2585.0 1659.0 2591.0 small-vehicle 1
1620.0 2605.0 1615.0 2599.0 1625.0 2592.0 1627.0 2598.0 small-vehicle 1
1581.0 2640.0 1578.0 2633.0 1589.0 2627.0 1591.0 2634.0 small-vehicle 1
1630.0 2633.0 1633.0 2639.0 1625.0 2647.0 1620.0 2642.0 small-vehicle 1
1683.0 2613.0 1688.0 2622.0 1673.0 2629.0 1669.0 2623.0 small-vehicle 1
1246.0 2834.0 1243.0 2828.0 1255.0 2822.0 1257.0 2829.0 small-vehicle 1
1063.0 2958.0 1059.0 2951.0 1071.0 2942.0 1074.0 2950.0 small-vehicle 1
1167.0 2926.0 1170.0 2932.0 1161.0 2940.0 1156.0 2935.0 small-vehicle 1
1113.0 2963.0 1117.0 2970.0 1105.0 2976.0 1102.0 2971.0 small-vehicle 1
1209.0 2914.0 1213.0 2922.0 1199.0 2929.0 1196.0 2923.0 small-vehicle 1
1265.0 2869.0 1269.0 2878.0 1257.0 2882.0 1254.0 2876.0 small-vehicle 1
1881.0 3326.0 1886.0 3324.0 1891.0 3337.0 1885.0 3341.0 small-vehicle 1
1873.0 3331.0 1878.0 3328.0 1883.0 3338.0 1877.0 3340.0 small-vehicle 1
1867.0 3345.0 1861.0 3347.0 1856.0 3335.0 1862.0 3334.0 small-vehicle 1
3427.0 621.0 3425.0 615.0 3459.0 593.0 3464.0 601.0 large-vehicle 0
3494.0 1240.0 3491.0 1234.0 3511.0 1227.0 3511.0 1234.0 large-vehicle 0
3501.0 1128.0 3510.0 1129.0 3509.0 1150.0 3501.0 1151.0 large-vehicle 0
3441.0 651.0 3439.0 644.0 3473.0 625.0 3477.0 631.0 large-vehicle 0
3442.0 641.0 3437.0 634.0 3461.0 619.0 3465.0 627.0 large-vehicle 0
3607.0 465.0 3611.0 473.0 3575.0 491.0 3570.0 485.0 large-vehicle 0
3598.0 483.0 3601.0 491.0 3580.0 501.0 3575.0 493.0 large-vehicle 0
3411.0 591.0 3407.0 583.0 3444.0 563.0 3447.0 573.0 large-vehicle 0
741.0 58.0 738.0 62.0 727.0 52.0 731.0 48.0 small-vehicle 1
3403.0 581.0 3400.0 571.0 3438.0 554.0 3442.0 562.0 large-vehicle 0
3399.0 569.0 3395.0 561.0 3432.0 542.0 3437.0 548.0 large-vehicle 0
3393.0 618.0 3397.0 627.0 3369.0 638.0 3366.0 629.0 large-vehicle 0
3403.0 633.0 3407.0 642.0 3376.0 659.0 3372.0 653.0 large-vehicle 0
3417.0 658.0 3421.0 669.0 3387.0 683.0 3382.0 674.0 large-vehicle 0
716.0 18.0 722.0 11.0 734.0 25.0 726.0 30.0 small-vehicle 1
3515.0 1232.0 3511.0 1226.0 3533.0 1217.0 3535.0 1224.0 large-vehicle 0
3518.0 1241.0 3516.0 1236.0 3536.0 1228.0 3538.0 1233.0 large-vehicle 0
3521.0 1248.0 3517.0 1244.0 3540.0 1236.0 3541.0 1242.0 large-vehicle 0
3497.0 1262.0 3495.0 1254.0 3517.0 1243.0 3520.0 1252.0 large-vehicle 0
4048.0 2067.0 4057.0 2062.0 4068.0 2090.0 4059.0 2092.0 large-vehicle 0
4059.0 2062.0 4068.0 2058.0 4075.0 2082.0 4067.0 2084.0 large-vehicle 0
3109.0 2419.0 3117.0 2423.0 3109.0 2439.0 3103.0 2436.0 small-vehicle 0
3256.0 2383.0 3249.0 2379.0 3260.0 2357.0 3267.0 2359.0 small-vehicle 0
3247.0 2356.0 3256.0 2359.0 3240.0 2397.0 3231.0 2393.0 large-vehicle 1
3228.0 2359.0 3235.0 2365.0 3217.0 2399.0 3210.0 2397.0 large-vehicle 1
3275.0 2415.0 3285.0 2413.0 3299.0 2445.0 3291.0 2449.0 large-vehicle 1
3219.0 2437.0 3227.0 2434.0 3242.0 2467.0 3235.0 2471.0 large-vehicle 1
3199.0 2422.0 3202.0 2413.0 3244.0 2422.0 3242.0 2431.0 large-vehicle 1
3165.0 2427.0 3158.0 2423.0 3173.0 2385.0 3181.0 2389.0 large-vehicle 1
3163.0 2385.0 3172.0 2387.0 3155.0 2429.0 3146.0 2425.0 large-vehicle 1
3149.0 2391.0 3158.0 2394.0 3142.0 2433.0 3133.0 2431.0 large-vehicle 1
3140.0 2392.0 3148.0 2395.0 3131.0 2434.0 3122.0 2431.0 large-vehicle 1
710.0 23.0 717.0 16.0 727.0 31.0 720.0 35.0 small-vehicle 1
691.0 536.0 691.0 543.0 680.0 548.0 678.0 542.0 small-vehicle 1
1860.0 3350.0 1856.0 3351.0 1851.0 3339.0 1855.0 3337.0 small-vehicle 1
661.0 3778.0 658.0 3785.0 648.0 3781.0 648.0 3775.0 small-vehicle 1
502.0 3337.0 504.0 3343.0 493.0 3348.0 491.0 3342.0 small-vehicle 1
734.0 3149.0 738.0 3156.0 724.0 3164.0 719.0 3158.0 small-vehicle 1
622.0 3216.0 626.0 3220.0 618.0 3228.0 612.0 3225.0 small-vehicle 1
512.0 3284.0 515.0 3290.0 506.0 3296.0 502.0 3291.0 small-vehicle 1
576.0 3233.0 580.0 3240.0 574.0 3245.0 569.0 3240.0 small-vehicle 1
666.0 3792.0 664.0 3799.0 654.0 3796.0 655.0 3790.0 small-vehicle 1
650.0 3775.0 647.0 3781.0 637.0 3778.0 638.0 3773.0 small-vehicle 1
697.0 550.0 699.0 558.0 689.0 562.0 687.0 556.0 small-vehicle 1
652.0 3790.0 650.0 3797.0 637.0 3793.0 640.0 3785.0 small-vehicle 1
1558.0 3505.0 1566.0 3503.0 1573.0 3524.0 1565.0 3527.0 small-vehicle 1
1634.0 3503.0 1627.0 3506.0 1620.0 3486.0 1627.0 3483.0 small-vehicle 1
1838.0 3356.0 1833.0 3357.0 1828.0 3348.0 1833.0 3346.0 small-vehicle 1
1844.0 3353.0 1839.0 3355.0 1835.0 3345.0 1839.0 3342.0 small-vehicle 1
1853.0 3351.0 1848.0 3353.0 1841.0 3340.0 1846.0 3339.0 small-vehicle 1
417.0 3354.0 420.0 3362.0 409.0 3364.0 406.0 3358.0 small-vehicle 1
385.0 3396.0 388.0 3404.0 376.0 3410.0 373.0 3402.0 small-vehicle 1
286.0 3466.0 290.0 3472.0 278.0 3480.0 276.0 3473.0 small-vehicle 1
394.0 3412.0 398.0 3419.0 386.0 3425.0 382.0 3419.0 small-vehicle 1
209.0 3516.0 212.0 3523.0 200.0 3528.0 197.0 3522.0 small-vehicle 1
130.0 3563.0 132.0 3570.0 122.0 3575.0 118.0 3569.0 small-vehicle 1
676.0 3204.0 672.0 3198.0 684.0 3190.0 687.0 3197.0 small-vehicle 1
1060.0 3002.0 1064.0 3008.0 1054.0 3016.0 1050.0 3012.0 small-vehicle 1
1048.0 3002.0 1051.0 3009.0 1038.0 3015.0 1036.0 3009.0 small-vehicle 1
1009.0 3014.0 1013.0 3020.0 998.0 3027.0 996.0 3022.0 small-vehicle 1
794.0 3102.0 798.0 3108.0 784.0 3116.0 780.0 3112.0 small-vehicle 1
778.0 3166.0 781.0 3172.0 769.0 3178.0 766.0 3173.0 small-vehicle 1
831.0 3122.0 836.0 3129.0 822.0 3138.0 819.0 3131.0 small-vehicle 1
795.0 3165.0 799.0 3173.0 784.0 3182.0 780.0 3175.0 small-vehicle 1
666.0 554.0 668.0 561.0 660.0 565.0 656.0 561.0 small-vehicle 1
664.0 550.0 666.0 555.0 655.0 561.0 653.0 556.0 small-vehicle 1
692.0 615.0 686.0 614.0 691.0 601.0 696.0 603.0 small-vehicle 1
2973.0 291.0 2973.0 285.0 2988.0 282.0 2987.0 288.0 small-vehicle 1
2973.0 304.0 2975.0 296.0 2988.0 294.0 2989.0 300.0 small-vehicle 1
2849.0 374.0 2841.0 374.0 2841.0 358.0 2848.0 358.0 small-vehicle 1
4598.0 3189.0 4596.0 3196.0 4582.0 3191.0 4584.0 3184.0 small-vehicle 1
4756.0 3575.0 4754.0 3566.0 4765.0 3563.0 4766.0 3571.0 small-vehicle 1
4736.0 3563.0 4742.0 3561.0 4746.0 3572.0 4740.0 3573.0 small-vehicle 1
4730.0 3545.0 4736.0 3542.0 4740.0 3555.0 4734.0 3557.0 small-vehicle 1
4726.0 3530.0 4732.0 3528.0 4736.0 3542.0 4732.0 3545.0 small-vehicle 1
4695.0 3508.0 4697.0 3515.0 4686.0 3520.0 4684.0 3513.0 small-vehicle 1
4533.0 3727.0 4530.0 3717.0 4548.0 3713.0 4550.0 3721.0 small-vehicle 1
4669.0 3164.0 4672.0 3174.0 4657.0 3178.0 4652.0 3171.0 small-vehicle 1
4596.0 1064.0 4598.0 1074.0 4582.0 1078.0 4578.0 1070.0 small-vehicle 1
3788.0 1346.0 3784.0 1338.0 3797.0 1331.0 3800.0 1340.0 small-vehicle 1
3744.0 1356.0 3742.0 1348.0 3750.0 1344.0 3754.0 1350.0 small-vehicle 1
4077.0 1240.0 4080.0 1246.0 4067.0 1254.0 4064.0 1248.0 small-vehicle 1
4223.0 1193.0 4226.0 1202.0 4210.0 1210.0 4208.0 1204.0 small-vehicle 1
4320.0 1149.0 4322.0 1156.0 4307.0 1161.0 4306.0 1155.0 small-vehicle 1
4228.0 1146.0 4224.0 1138.0 4241.0 1132.0 4244.0 1140.0 small-vehicle 1
4752.0 3600.0 4749.0 3593.0 4763.0 3587.0 4764.0 3594.0 small-vehicle 1
4732.0 3607.0 4734.0 3615.0 4718.0 3619.0 4718.0 3613.0 small-vehicle 1
4760.0 3627.0 4759.0 3620.0 4769.0 3616.0 4772.0 3623.0 small-vehicle 1
2595.0 2008.0 2591.0 2001.0 2603.0 1993.0 2607.0 1999.0 small-vehicle 1
2564.0 2076.0 2567.0 2081.0 2556.0 2088.0 2553.0 2083.0 small-vehicle 1
2580.0 2085.0 2584.0 2091.0 2572.0 2099.0 2567.0 2093.0 small-vehicle 1
2625.0 2036.0 2629.0 2043.0 2617.0 2051.0 2613.0 2045.0 small-vehicle 1
2666.0 2021.0 2670.0 2027.0 2660.0 2035.0 2655.0 2030.0 small-vehicle 1
2638.0 1993.0 2633.0 1988.0 2643.0 1980.0 2647.0 1985.0 small-vehicle 1
2641.0 1980.0 2637.0 1973.0 2648.0 1965.0 2653.0 1971.0 small-vehicle 1
2703.0 1940.0 2697.0 1933.0 2709.0 1925.0 2713.0 1933.0 small-vehicle 1
2715.0 1945.0 2711.0 1938.0 2723.0 1931.0 2727.0 1937.0 small-vehicle 1
2730.0 1961.0 2734.0 1968.0 2721.0 1975.0 2717.0 1970.0 small-vehicle 1
2715.0 1983.0 2719.0 1990.0 2707.0 1998.0 2702.0 1993.0 small-vehicle 1
2745.0 1919.0 2739.0 1913.0 2753.0 1905.0 2756.0 1910.0 small-vehicle 1
2771.0 1912.0 2765.0 1905.0 2777.0 1897.0 2781.0 1903.0 small-vehicle 1
2783.0 1883.0 2778.0 1879.0 2791.0 1870.0 2793.0 1874.0 small-vehicle 1
4506.0 1083.0 4508.0 1090.0 4494.0 1095.0 4492.0 1089.0 small-vehicle 1
4610.0 1049.0 4612.0 1056.0 4601.0 1060.0 4599.0 1055.0 small-vehicle 1
2833.0 1859.0 2831.0 1853.0 2839.0 1848.0 2844.0 1852.0 small-vehicle 1
5197.0 474.0 5200.0 480.0 5188.0 486.0 5185.0 480.0 small-vehicle 1
5226.0 315.0 5229.0 308.0 5240.0 314.0 5238.0 321.0 small-vehicle 1
5343.0 345.0 5343.0 337.0 5357.0 336.0 5357.0 342.0 small-vehicle 1
5386.0 339.0 5385.0 332.0 5401.0 328.0 5401.0 335.0 small-vehicle 1
5305.0 386.0 5302.0 380.0 5313.0 375.0 5315.0 381.0 small-vehicle 1
5231.0 439.0 5235.0 446.0 5215.0 454.0 5213.0 447.0 small-vehicle 1
5207.0 460.0 5209.0 467.0 5197.0 471.0 5194.0 466.0 small-vehicle 1
4849.0 599.0 4842.0 603.0 4835.0 594.0 4841.0 589.0 small-vehicle 1
4581.0 1025.0 4579.0 1016.0 4597.0 1010.0 4600.0 1019.0 small-vehicle 1
4841.0 611.0 4834.0 614.0 4829.0 600.0 4837.0 597.0 small-vehicle 1
4707.0 666.0 4703.0 658.0 4719.0 651.0 4720.0 660.0 small-vehicle 1
4883.0 720.0 4877.0 720.0 4873.0 707.0 4880.0 705.0 small-vehicle 1
4581.0 804.0 4576.0 798.0 4583.0 790.0 4587.0 792.0 small-vehicle 1
4875.0 808.0 4869.0 804.0 4874.0 796.0 4879.0 798.0 small-vehicle 1
4567.0 880.0 4572.0 876.0 4580.0 890.0 4575.0 893.0 small-vehicle 1
5151.0 278.0 5152.0 272.0 5167.0 276.0 5165.0 281.0 small-vehicle 1
5097.0 270.0 5097.0 264.0 5111.0 264.0 5110.0 270.0 small-vehicle 1
4735.0 390.0 4727.0 392.0 4721.0 379.0 4729.0 376.0 small-vehicle 1
4800.0 356.0 4803.0 350.0 4816.0 352.0 4813.0 358.0 small-vehicle 1
4773.0 341.0 4777.0 336.0 4788.0 342.0 4785.0 348.0 small-vehicle 1
4694.0 301.0 4686.0 304.0 4679.0 290.0 4686.0 286.0 small-vehicle 1
4713.0 252.0 4720.0 248.0 4727.0 266.0 4720.0 268.0 small-vehicle 1
4689.0 180.0 4683.0 183.0 4675.0 169.0 4682.0 166.0 small-vehicle 1
4590.0 90.0 4583.0 94.0 4575.0 80.0 4581.0 75.0 small-vehicle 1
3699.0 681.0 3708.0 675.0 3718.0 693.0 3711.0 699.0 large-vehicle 0
3708.0 677.0 3714.0 671.0 3728.0 690.0 3721.0 695.0 large-vehicle 0
3718.0 670.0 3725.0 666.0 3734.0 682.0 3728.0 686.0 large-vehicle 0
4764.0 959.0 4760.0 948.0 4786.0 940.0 4790.0 949.0 large-vehicle 0
4816.0 995.0 4818.0 1004.0 4776.0 1018.0 4772.0 1010.0 large-vehicle 0
4674.0 1039.0 4678.0 1047.0 4632.0 1062.0 4630.0 1053.0 large-vehicle 0
4602.0 1010.0 4599.0 1000.0 4642.0 986.0 4643.0 996.0 large-vehicle 0
4086.0 1198.0 4081.0 1187.0 4112.0 1172.0 4116.0 1185.0 large-vehicle 0
2838.0 1869.0 2833.0 1865.0 2844.0 1855.0 2848.0 1861.0 small-vehicle 1
2824.0 1865.0 2819.0 1860.0 2830.0 1854.0 2831.0 1857.0 small-vehicle 1
2842.0 376.0 2834.0 376.0 2833.0 360.0 2840.0 359.0 small-vehicle 1
2590.0 727.0 2585.0 733.0 2563.0 726.0 2565.0 720.0 large-vehicle 1
2699.0 618.0 2701.0 626.0 2675.0 632.0 2675.0 623.0 large-vehicle 1
2699.0 626.0 2701.0 634.0 2676.0 639.0 2674.0 632.0 large-vehicle 1
2703.0 636.0 2705.0 644.0 2679.0 649.0 2677.0 641.0 large-vehicle 1
2697.0 647.0 2699.0 654.0 2675.0 660.0 2673.0 654.0 large-vehicle 1
2590.0 712.0 2587.0 718.0 2568.0 705.0 2571.0 700.0 large-vehicle 1
2589.0 718.0 2585.0 725.0 2566.0 715.0 2569.0 708.0 large-vehicle 1
2591.0 740.0 2589.0 748.0 2565.0 740.0 2568.0 732.0 large-vehicle 1
2685.0 734.0 2677.0 736.0 2669.0 708.0 2678.0 705.0 large-vehicle 1
2593.0 756.0 2587.0 762.0 2565.0 749.0 2569.0 743.0 large-vehicle 1
2595.0 762.0 2595.0 770.0 2567.0 769.0 2569.0 761.0 large-vehicle 1
2621.0 761.0 2620.0 769.0 2594.0 768.0 2594.0 761.0 large-vehicle 1
2620.0 770.0 2619.0 777.0 2594.0 776.0 2596.0 768.0 large-vehicle 1
2596.0 770.0 2595.0 779.0 2574.0 778.0 2574.0 770.0 large-vehicle 1
2615.0 787.0 2614.0 795.0 2589.0 794.0 2589.0 787.0 large-vehicle 1
3123.0 717.0 3117.0 719.0 3112.0 704.0 3119.0 702.0 small-vehicle 1
3116.0 720.0 3110.0 722.0 3107.0 710.0 3112.0 708.0 small-vehicle 1
3306.0 500.0 3309.0 510.0 3289.0 518.0 3285.0 512.0 small-vehicle 1
3458.0 368.0 3451.0 369.0 3450.0 356.0 3457.0 357.0 small-vehicle 1
3445.0 371.0 3440.0 375.0 3434.0 362.0 3439.0 358.0 small-vehicle 1
3237.0 219.0 3232.0 220.0 3231.0 209.0 3237.0 208.0 small-vehicle 1
3233.0 247.0 3233.0 252.0 3219.0 254.0 3219.0 249.0 small-vehicle 1
3217.0 280.0 3217.0 274.0 3230.0 272.0 3230.0 277.0 small-vehicle 1
3277.0 321.0 3277.0 316.0 3289.0 315.0 3291.0 320.0 small-vehicle 1
3424.0 289.0 3423.0 296.0 3408.0 296.0 3409.0 290.0 small-vehicle 1
3391.0 250.0 3392.0 256.0 3381.0 257.0 3380.0 252.0 small-vehicle 1
3314.0 242.0 3315.0 248.0 3300.0 248.0 3300.0 244.0 small-vehicle 1
2940.0 383.0 2939.0 376.0 2956.0 374.0 2955.0 381.0 small-vehicle 1
2770.0 420.0 2771.0 412.0 2786.0 415.0 2785.0 423.0 small-vehicle 1
2740.0 392.0 2740.0 399.0 2725.0 399.0 2726.0 394.0 small-vehicle 1
2723.0 394.0 2723.0 400.0 2711.0 400.0 2710.0 396.0 small-vehicle 1
2861.0 398.0 2862.0 405.0 2848.0 406.0 2848.0 400.0 small-vehicle 1
2697.0 740.0 2689.0 742.0 2681.0 716.0 2689.0 714.0 large-vehicle 1
2691.0 758.0 2683.0 759.0 2677.0 735.0 2685.0 734.0 large-vehicle 1
2783.0 1941.0 2788.0 1947.0 2773.0 1953.0 2769.0 1949.0 small-vehicle 1
3400.0 1046.0 3407.0 1042.0 3413.0 1058.0 3406.0 1060.0 small-vehicle 1
3390.0 1238.0 3379.0 1239.0 3375.0 1211.0 3383.0 1209.0 large-vehicle 1
3397.0 1237.0 3388.0 1237.0 3385.0 1209.0 3394.0 1209.0 large-vehicle 1
3246.0 1288.0 3255.0 1288.0 3256.0 1305.0 3249.0 1306.0 small-vehicle 1
3255.0 1287.0 3263.0 1286.0 3262.0 1306.0 3256.0 1306.0 small-vehicle 1
3277.0 1288.0 3283.0 1288.0 3285.0 1302.0 3277.0 1303.0 small-vehicle 1
3399.0 1282.0 3392.0 1284.0 3391.0 1270.0 3397.0 1269.0 small-vehicle 1
3446.0 1015.0 3440.0 1017.0 3435.0 1002.0 3442.0 1000.0 small-vehicle 1
2679.0 753.0 2670.0 754.0 2665.0 732.0 2673.0 730.0 large-vehicle 1
3443.0 1015.0 3448.0 1020.0 3441.0 1030.0 3436.0 1028.0 small-vehicle 1
3387.0 1574.0 3392.0 1584.0 3379.0 1591.0 3373.0 1582.0 small-vehicle 1
3373.0 1595.0 3376.0 1600.0 3365.0 1606.0 3360.0 1603.0 small-vehicle 1
3298.0 1637.0 3294.0 1631.0 3307.0 1621.0 3311.0 1628.0 small-vehicle 1
3286.0 1680.0 3287.0 1687.0 3275.0 1693.0 3272.0 1687.0 small-vehicle 1
3156.0 1709.0 3160.0 1715.0 3147.0 1725.0 3143.0 1718.0 small-vehicle 1
3346.0 1215.0 3346.0 1220.0 3331.0 1220.0 3331.0 1215.0 small-vehicle 1
3345.0 1208.0 3345.0 1214.0 3333.0 1214.0 3331.0 1208.0 small-vehicle 1
3345.0 1200.0 3346.0 1205.0 3331.0 1207.0 3330.0 1202.0 small-vehicle 1
3342.0 1185.0 3344.0 1192.0 3331.0 1194.0 3330.0 1188.0 small-vehicle 1
3274.0 877.0 3280.0 877.0 3284.0 889.0 3278.0 891.0 small-vehicle 1
3279.0 891.0 3285.0 891.0 3288.0 901.0 3281.0 903.0 small-vehicle 1
3293.0 929.0 3287.0 929.0 3285.0 915.0 3291.0 914.0 small-vehicle 1
3287.0 934.0 3294.0 932.0 3297.0 944.0 3293.0 945.0 small-vehicle 1
3343.0 1170.0 3342.0 1177.0 3329.0 1179.0 3329.0 1171.0 small-vehicle 1
3253.0 1151.0 3245.0 1147.0 3256.0 1123.0 3263.0 1125.0 large-vehicle 0
3247.0 1139.0 3239.0 1137.0 3251.0 1108.0 3258.0 1111.0 large-vehicle 0
3139.0 1095.0 3137.0 1089.0 3166.0 1086.0 3167.0 1093.0 large-vehicle 1
3045.0 1103.0 3044.0 1093.0 3085.0 1091.0 3087.0 1099.0 large-vehicle 1
3325.0 402.0 3335.0 399.0 3346.0 422.0 3339.0 425.0 large-vehicle 1
3378.0 337.0 3379.0 346.0 3333.0 350.0 3334.0 341.0 large-vehicle 1
2591.0 690.0 2586.0 697.0 2566.0 682.0 2571.0 676.0 large-vehicle 1
2674.0 730.0 2665.0 732.0 2659.0 706.0 2668.0 704.0 large-vehicle 1
2598.0 2688.0 2609.0 2685.0 2623.0 2727.0 2615.0 2730.0 large-vehicle 1
2550.0 2721.0 2553.0 2729.0 2513.0 2744.0 2510.0 2735.0 large-vehicle 1
3107.0 2404.0 3115.0 2409.0 3094.0 2447.0 3087.0 2443.0 large-vehicle 1
11306.0 1100.0 11402.0 1072.0 11436.0 1174.0 11338.0 1200.0 plane 0
11084.0 4796.0 11132.0 4652.0 11298.0 4714.0 11252.0 4850.0 plane 0
11012.0 4952.0 11056.0 4824.0 11192.0 4876.0 11162.0 4994.0 plane 0
10866.0 4726.0 10822.0 4862.0 10646.0 4822.0 10700.0 4666.0 plane 0
10786.0 4922.0 10738.0 5006.0 10542.0 5006.0 10606.0 4868.0 plane 1
11476.0 4964.0 11540.0 4934.0 11568.0 5000.0 11494.0 5008.0 plane 1
11366.0 984.0 11274.0 1012.0 11232.0 908.0 11330.0 876.0 plane 0
7206.0 2146.0 7112.0 2171.0 7093.0 2081.0 7185.0 2060.0 plane 0
7382.0 1799.0 7327.0 1944.0 7179.0 1886.0 7241.0 1747.0 plane 0
4697.0 2074.0 4627.0 2100.0 4604.0 2027.0 4674.0 2000.0 plane 0
10164.0 797.0 10370.0 734.0 10434.0 900.0 10224.0 967.0 plane 0
10457.0 687.0 10574.0 654.0 10627.0 790.0 10510.0 834.0 plane 0
6547.0 2834.0 6690.0 2787.0 6754.0 2944.0 6610.0 2990.0 plane 0
7455.0 1646.0 7393.0 1789.0 7253.0 1723.0 7316.0 1585.0 plane 0
7485.0 1833.0 7548.0 1687.0 7711.0 1753.0 7657.0 1904.0 plane 0
9992.0 1322.0 9922.0 1116.0 10120.0 1056.0 10190.0 1258.0 plane 0
10076.0 1500.0 9920.0 1558.0 9864.0 1414.0 10030.0 1358.0 plane 0
10256.0 1426.0 10096.0 1480.0 10052.0 1322.0 10206.0 1270.0 plane 0
10506.0 1334.0 10346.0 1396.0 10282.0 1236.0 10446.0 1174.0 plane 0
10738.0 1226.0 10606.0 1272.0 10556.0 1130.0 10682.0 1080.0 plane 0
11500.0 932.0 11408.0 962.0 11362.0 852.0 11466.0 816.0 plane 0
11568.0 1036.0 11658.0 1000.0 11688.0 1078.0 11602.0 1114.0 plane 0
11590.0 260.0 11734.0 204.0 11782.0 366.0 11652.0 418.0 plane 0
11178.0 404.0 11332.0 354.0 11410.0 526.0 11254.0 590.0 plane 0
11036.0 496.0 11112.0 462.0 11154.0 534.0 11076.0 574.0 plane 0
10632.0 616.0 10766.0 576.0 10826.0 720.0 10690.0 774.0 plane 0
9646.0 906.0 9830.0 958.0 9800.0 1164.0 9602.0 1118.0 plane 0
9514.0 862.0 9602.0 888.0 9562.0 1016.0 9464.0 980.0 plane 0
9228.0 1352.0 9094.0 1228.0 9246.0 1096.0 9392.0 1236.0 plane 0
9238.0 1460.0 9244.0 1252.0 9442.0 1260.0 9452.0 1468.0 plane 0
9056.0 1432.0 9160.0 1466.0 9122.0 1572.0 9010.0 1524.0 plane 0
8322.0 1718.0 8388.0 1570.0 8592.0 1642.0 8518.0 1820.0 plane 0
7400.0 2005.0 7468.0 1851.0 7647.0 1927.0 7583.0 2086.0 plane 0
4536.0 2773.0 4614.0 2746.0 4637.0 2825.0 4561.0 2847.0 storage-tank 0
8754.0 1286.0 8894.0 1376.0 8828.0 1508.0 8674.0 1438.0 plane 0
953.0 3014.0 947.0 3006.0 988.0 2982.0 992.0 2989.0 large-vehicle 0
1191.0 3474.0 1197.0 3466.0 1234.0 3484.0 1232.0 3492.0 large-vehicle 0
1201.0 3414.0 1206.0 3405.0 1247.0 3422.0 1244.0 3430.0 large-vehicle 0
1178.0 3420.0 1182.0 3413.0 1203.0 3422.0 1200.0 3430.0 large-vehicle 0
1134.0 3436.0 1136.0 3430.0 1176.0 3447.0 1173.0 3454.0 large-vehicle 0
1117.0 3440.0 1120.0 3434.0 1158.0 3450.0 1156.0 3457.0 large-vehicle 0
1101.0 3451.0 1104.0 3443.0 1142.0 3460.0 1139.0 3467.0 large-vehicle 0
397.0 3961.0 404.0 3959.0 411.0 3973.0 404.0 3976.0 small-vehicle 1
4571.0 2878.0 4642.0 2853.0 4663.0 2922.0 4590.0 2944.0 storage-tank 0
808.0 3759.0 810.0 3765.0 799.0 3769.0 796.0 3763.0 small-vehicle 1
688.0 3630.0 682.0 3633.0 676.0 3621.0 682.0 3618.0 small-vehicle 1
672.0 3635.0 664.0 3637.0 662.0 3626.0 668.0 3624.0 small-vehicle 1
657.0 3642.0 650.0 3645.0 645.0 3630.0 650.0 3628.0 small-vehicle 1
645.0 3645.0 640.0 3649.0 636.0 3635.0 642.0 3632.0 small-vehicle 1
624.0 3639.0 628.0 3637.0 633.0 3648.0 629.0 3651.0 small-vehicle 1
1159.0 3488.0 1162.0 3479.0 1202.0 3498.0 1199.0 3505.0 large-vehicle 0
1132.0 3495.0 1134.0 3488.0 1175.0 3506.0 1173.0 3513.0 large-vehicle 0
1118.0 3506.0 1122.0 3498.0 1160.0 3516.0 1156.0 3524.0 large-vehicle 0
1100.0 3506.0 1104.0 3501.0 1142.0 3518.0 1140.0 3526.0 large-vehicle 0
1090.0 3515.0 1094.0 3506.0 1132.0 3524.0 1129.0 3530.0 large-vehicle 0
990.0 3504.0 993.0 3512.0 961.0 3524.0 958.0 3518.0 large-vehicle 0
241.0 3448.0 236.0 3441.0 273.0 3418.0 278.0 3427.0 large-vehicle 0
401.0 3350.0 395.0 3342.0 430.0 3320.0 436.0 3330.0 large-vehicle 0
5060.0 2794.0 5145.0 2758.0 5168.0 2846.0 5086.0 2874.0 storage-tank 0
5017.0 2684.0 5101.0 2654.0 5126.0 2740.0 5044.0 2766.0 storage-tank 0
4985.0 2585.0 5065.0 2550.0 5094.0 2634.0 5015.0 2670.0 storage-tank 0
4844.0 2781.0 4938.0 2742.0 4977.0 2838.0 4883.0 2872.0 storage-tank 0
4807.0 2658.0 4900.0 2622.0 4932.0 2712.0 4840.0 2743.0 storage-tank 0
4739.0 2840.0 4822.0 2806.0 4850.0 2893.0 4772.0 2925.0 storage-tank 0
4680.0 2712.0 4776.0 2678.0 4806.0 2769.0 4717.0 2798.0 storage-tank 0
4607.0 2702.0 4655.0 2688.0 4667.0 2740.0 4624.0 2755.0 storage-tank 0
4606.0 2969.0 4676.0 2945.0 4699.0 3018.0 4628.0 3040.0 storage-tank 0
8394.0 1586.0 8418.0 1402.0 8624.0 1412.0 8610.0 1610.0 plane 0
8964.0 1184.0 8826.0 1134.0 8872.0 990.0 9014.0 1042.0 plane 0
620.0 3692.0 624.0 3689.0 630.0 3702.0 625.0 3704.0 small-vehicle 1
5308.0 1414.0 5258.0 1558.0 5084.0 1498.0 5148.0 1360.0 plane 0
4036.0 3196.0 4080.0 3304.0 3950.0 3364.0 3896.0 3258.0 plane 0
4454.0 3020.0 4524.0 3178.0 4354.0 3238.0 4290.0 3078.0 plane 0
4420.0 2880.0 4460.0 3002.0 4304.0 3064.0 4258.0 2944.0 plane 0
4492.0 2242.0 4330.0 2290.0 4254.0 2118.0 4440.0 2058.0 plane 0
4288.0 2314.0 4114.0 2368.0 4044.0 2184.0 4228.0 2130.0 plane 0
5352.0 1418.0 5274.0 1446.0 5244.0 1372.0 5324.0 1342.0 plane 0
5072.0 1500.0 5022.0 1640.0 4844.0 1570.0 4904.0 1436.0 plane 0
4578.0 3436.0 4520.0 3268.0 4698.0 3204.0 4766.0 3372.0 plane 0
4870.0 2578.0 4706.0 2644.0 4636.0 2460.0 4806.0 2400.0 plane 0
5268.0 2564.0 5304.0 2656.0 5190.0 2702.0 5150.0 2608.0 plane 0
5744.0 2694.0 5674.0 2550.0 5846.0 2492.0 5912.0 2634.0 plane 0
5444.0 2632.0 5510.0 2792.0 5322.0 2862.0 5260.0 2700.0 plane 0
4702.0 3614.0 4560.0 3674.0 4490.0 3510.0 4638.0 3458.0 plane 0
4734.0 3758.0 4776.0 3842.0 4654.0 3892.0 4616.0 3802.0 plane 0
4278.0 3770.0 4142.0 3818.0 4068.0 3658.0 4224.0 3608.0 plane 0
3824.0 3666.0 3790.0 3580.0 3884.0 3542.0 3926.0 3632.0 plane 0
3944.0 3898.0 3788.0 3946.0 3734.0 3782.0 3894.0 3736.0 plane 0
3742.0 3970.0 3592.0 4012.0 3544.0 3854.0 3700.0 3808.0 plane 0
3518.0 4728.0 3558.0 4826.0 3446.0 4870.0 3406.0 4776.0 plane 0
3246.0 4604.0 3158.0 4636.0 3116.0 4544.0 3206.0 4502.0 plane 0
3196.0 4220.0 3320.0 4134.0 3442.0 4274.0 3312.0 4366.0 plane 0
2740.0 4346.0 2666.0 4366.0 2630.0 4276.0 2708.0 4246.0 plane 0
3544.0 3528.0 3488.0 3376.0 3636.0 3326.0 3698.0 3474.0 plane 0
3278.0 3246.0 3348.0 3426.0 3162.0 3482.0 3094.0 3314.0 plane 0
2760.0 3654.0 2736.0 3556.0 2848.0 3520.0 2888.0 3616.0 plane 0
2180.0 4558.0 2092.0 4586.0 2050.0 4492.0 2148.0 4458.0 plane 0
1778.0 4814.0 1594.0 4740.0 1666.0 4558.0 1846.0 4636.0 plane 0
1342.0 3998.0 1550.0 3926.0 1628.0 4126.0 1434.0 4190.0 plane 0
662.0 4246.0 836.0 4188.0 902.0 4352.0 726.0 4420.0 plane 0
322.0 4110.0 476.0 4058.0 536.0 4208.0 376.0 4276.0 plane 0
98.0 4198.0 254.0 4144.0 318.0 4296.0 154.0 4366.0 plane 0
5274.0 3526.0 5334.0 3692.0 5144.0 3764.0 5084.0 3596.0 plane 0
4850.0 3300.0 4816.0 3200.0 4926.0 3160.0 4968.0 3262.0 plane 0
9232.0 932.0 9170.0 1076.0 9012.0 1018.0 9080.0 868.0 plane 0
8094.0 1716.0 8176.0 1852.0 8032.0 1938.0 7940.0 1800.0 plane 0
7498.0 1520.0 7470.0 1612.0 7364.0 1578.0 7394.0 1478.0 plane 0
7622.0 1252.0 7594.0 1340.0 7490.0 1308.0 7522.0 1210.0 plane 0
8182.0 882.0 8174.0 972.0 8066.0 962.0 8076.0 874.0 plane 0
7700.0 1412.0 7736.0 1312.0 7850.0 1356.0 7816.0 1452.0 plane 0
7576.0 1570.0 7646.0 1406.0 7842.0 1474.0 7788.0 1644.0 plane 0
7886.0 2576.0 7956.0 2736.0 7760.0 2808.0 7688.0 2644.0 plane 0
8144.0 1574.0 8152.0 1740.0 7974.0 1740.0 7976.0 1570.0 plane 0
5096.0 3204.0 5062.0 3112.0 5170.0 3070.0 5210.0 3164.0 plane 0
8196.0 1506.0 8158.0 1586.0 8060.0 1542.0 8102.0 1460.0 plane 0
8310.0 1334.0 8246.0 1480.0 8094.0 1414.0 8156.0 1266.0 plane 0
8394.0 1166.0 8340.0 1306.0 8184.0 1242.0 8244.0 1098.0 plane 0
8768.0 628.0 8812.0 724.0 8710.0 764.0 8670.0 664.0 plane 0
9020.0 666.0 9112.0 696.0 9086.0 784.0 8986.0 758.0 plane 0
9152.0 704.0 9278.0 750.0 9230.0 886.0 9090.0 846.0 plane 0
7284.0 1948.0 7256.0 2034.0 7160.0 2004.0 7188.0 1914.0 plane 0
7114.0 2188.0 7028.0 2218.0 6988.0 2112.0 7084.0 2076.0 plane 0
7018.0 2228.0 6938.0 2264.0 6880.0 2148.0 6978.0 2106.0 plane 0
6758.0 2624.0 6700.0 2474.0 6870.0 2416.0 6934.0 2566.0 plane 0
7372.0 2770.0 7442.0 2896.0 7302.0 2972.0 7224.0 2834.0 plane 0
6546.0 2392.0 6476.0 2420.0 6430.0 2338.0 6508.0 2302.0 plane 0
6718.0 1608.0 6804.0 1768.0 6612.0 1852.0 6532.0 1678.0 plane 0
6578.0 1408.0 6738.0 1350.0 6808.0 1506.0 6646.0 1576.0 plane 0
6368.0 1464.0 6536.0 1414.0 6618.0 1608.0 6442.0 1664.0 plane 0
6154.0 1548.0 6348.0 1482.0 6424.0 1668.0 6222.0 1744.0 plane 0
5960.0 1608.0 6146.0 1548.0 6220.0 1740.0 6046.0 1802.0 plane 0
6220.0 2708.0 6326.0 2730.0 6312.0 2838.0 6200.0 2816.0 plane 0
5782.0 2998.0 5696.0 2816.0 5890.0 2760.0 5964.0 2948.0 plane 0
6036.0 3286.0 6086.0 3368.0 6000.0 3412.0 5950.0 3334.0 plane 0
5684.0 3264.0 5592.0 3298.0 5548.0 3190.0 5642.0 3152.0 plane 0
5562.0 3286.0 5474.0 3320.0 5440.0 3230.0 5528.0 3194.0 plane 0
5360.0 3110.0 5320.0 3020.0 5418.0 2978.0 5458.0 3072.0 plane 0
603.0 3699.0 610.0 3696.0 614.0 3710.0 607.0 3712.0 small-vehicle 1
652.0 3683.0 656.0 3680.0 664.0 3691.0 658.0 3693.0 small-vehicle 1
3092.0 2411.0 3099.0 2414.0 3083.0 2452.0 3074.0 2449.0 large-vehicle 1
2916.0 394.0 2915.0 402.0 2899.0 402.0 2899.0 395.0 small-vehicle 1
2831.0 501.0 2827.0 493.0 2839.0 486.0 2842.0 492.0 small-vehicle 1
2991.0 522.0 2983.0 523.0 2983.0 501.0 2991.0 502.0 small-vehicle 1
3014.0 494.0 3021.0 491.0 3024.0 508.0 3017.0 510.0 small-vehicle 1
3037.0 526.0 3036.0 519.0 3055.0 515.0 3056.0 522.0 small-vehicle 1
3088.0 498.0 3097.0 495.0 3104.0 515.0 3095.0 518.0 small-vehicle 1
2831.0 389.0 2829.0 380.0 2849.0 381.0 2848.0 388.0 small-vehicle 1
2833.0 501.0 2842.0 500.0 2845.0 526.0 2837.0 526.0 large-vehicle 0
2943.0 782.0 2951.0 782.0 2953.0 802.0 2947.0 802.0 small-vehicle 0
2836.0 528.0 2844.0 527.0 2849.0 548.0 2840.0 550.0 large-vehicle 0
2887.0 766.0 2889.0 757.0 2931.0 762.0 2931.0 770.0 large-vehicle 0
2730.0 784.0 2738.0 783.0 2741.0 822.0 2732.0 823.0 large-vehicle 0
3006.0 754.0 3004.0 746.0 3023.0 743.0 3024.0 752.0 small-vehicle 0
3024.0 782.0 3035.0 781.0 3039.0 800.0 3029.0 802.0 small-vehicle 0
2985.0 775.0 2995.0 775.0 2997.0 796.0 2989.0 796.0 small-vehicle 0
2691.0 505.0 2683.0 507.0 2678.0 491.0 2685.0 490.0 small-vehicle 1
2680.0 509.0 2671.0 511.0 2668.0 495.0 2676.0 493.0 small-vehicle 1
2599.0 441.0 2593.0 442.0 2590.0 426.0 2597.0 425.0 small-vehicle 1
2883.0 384.0 2882.0 377.0 2899.0 377.0 2899.0 384.0 small-vehicle 1
2979.0 361.0 2978.0 354.0 2991.0 354.0 2991.0 360.0 small-vehicle 1
2976.0 333.0 2975.0 326.0 2991.0 326.0 2991.0 332.0 small-vehicle 1
3002.0 344.0 3009.0 344.0 3011.0 362.0 3004.0 362.0 small-vehicle 1
2999.0 388.0 2999.0 396.0 2975.0 398.0 2975.0 390.0 large-vehicle 0
2835.0 400.0 2833.0 408.0 2807.0 409.0 2808.0 402.0 large-vehicle 0
2653.0 405.0 2653.0 395.0 2677.0 394.0 2677.0 404.0 large-vehicle 0
1475.0 860.0 1479.0 867.0 1464.0 878.0 1457.0 873.0 large-vehicle 0
1519.0 2665.0 1513.0 2657.0 1551.0 2634.0 1554.0 2643.0 large-vehicle 0
2187.0 3134.0 2182.0 3140.0 2147.0 3115.0 2153.0 3110.0 large-vehicle 0
2182.0 3119.0 2175.0 3126.0 2140.0 3098.0 2144.0 3092.0 large-vehicle 0
2134.0 3082.0 2141.0 3076.0 2175.0 3102.0 2169.0 3107.0 large-vehicle 0
2171.0 3088.0 2165.0 3095.0 2126.0 3064.0 2133.0 3058.0 large-vehicle 0
2122.0 3048.0 2129.0 3042.0 2163.0 3069.0 2159.0 3076.0 large-vehicle 0
2976.0 774.0 2985.0 774.0 2990.0 799.0 2980.0 800.0 small-vehicle 0
2943.0 798.0 2935.0 800.0 2932.0 780.0 2939.0 778.0 small-vehicle 0
2111.0 3020.0 2117.0 3012.0 2152.0 3038.0 2145.0 3046.0 large-vehicle 0
2835.0 2539.0 2832.0 2547.0 2791.0 2529.0 2794.0 2522.0 large-vehicle 1
2717.0 2585.0 2714.0 2593.0 2673.0 2574.0 2675.0 2566.0 large-vehicle 1
2705.0 2595.0 2703.0 2602.0 2661.0 2583.0 2664.0 2575.0 large-vehicle 1
2667.0 2600.0 2663.0 2608.0 2621.0 2588.0 2625.0 2580.0 large-vehicle 1
2607.0 2594.0 2611.0 2585.0 2649.0 2602.0 2645.0 2611.0 large-vehicle 1
2789.0 2555.0 2783.0 2564.0 2743.0 2545.0 2747.0 2537.0 large-vehicle 1
2815.0 2550.0 2813.0 2558.0 2765.0 2536.0 2769.0 2527.0 large-vehicle 1
2755.0 2520.0 2752.0 2512.0 2792.0 2499.0 2793.0 2507.0 large-vehicle 1
2913.0 801.0 2905.0 803.0 2901.0 780.0 2911.0 780.0 small-vehicle 0
2941.0 2462.0 2949.0 2465.0 2931.0 2503.0 2924.0 2500.0 large-vehicle 1
2951.0 2457.0 2960.0 2460.0 2943.0 2503.0 2935.0 2498.0 large-vehicle 1
2977.0 2449.0 2985.0 2452.0 2967.0 2494.0 2958.0 2490.0 large-vehicle 1
3006.0 2441.0 3014.0 2445.0 3001.0 2485.0 2991.0 2482.0 large-vehicle 1
3026.0 2471.0 3017.0 2468.0 3034.0 2430.0 3041.0 2434.0 large-vehicle 1
3059.0 2462.0 3049.0 2457.0 3069.0 2420.0 3075.0 2422.0 large-vehicle 1
2671.0 2527.0 2675.0 2537.0 2633.0 2550.0 2631.0 2542.0 large-vehicle 1
2583.0 2572.0 2579.0 2563.0 2615.0 2546.0 2619.0 2556.0 large-vehicle 1
2525.0 2592.0 2521.0 2584.0 2561.0 2568.0 2564.0 2577.0 large-vehicle 1
2497.0 2591.0 2500.0 2601.0 2463.0 2617.0 2459.0 2609.0 large-vehicle 1
2447.0 2613.0 2451.0 2621.0 2413.0 2638.0 2409.0 2631.0 large-vehicle 1
3039.0 1128.0 3037.0 1120.0 3077.0 1115.0 3079.0 1123.0 large-vehicle 1
3019.0 1103.0 3009.0 1103.0 3005.0 1061.0 3017.0 1061.0 large-vehicle 1
2755.0 1143.0 2757.0 1153.0 2728.0 1155.0 2726.0 1149.0 large-vehicle 1
2609.0 1082.0 2617.0 1082.0 2617.0 1098.0 2610.0 1099.0 small-vehicle 0
2541.0 1161.0 2541.0 1153.0 2565.0 1153.0 2566.0 1160.0 small-vehicle 0
2843.0 1135.0 2842.0 1144.0 2823.0 1145.0 2823.0 1137.0 small-vehicle 0
2865.0 1135.0 2864.0 1143.0 2847.0 1145.0 2847.0 1138.0 small-vehicle 0
2906.0 1138.0 2905.0 1131.0 2921.0 1132.0 2921.0 1139.0 small-vehicle 0
2984.0 1133.0 2983.0 1126.0 3000.0 1125.0 3001.0 1132.0 small-vehicle 0
2821.0 744.0 2812.0 746.0 2807.0 727.0 2817.0 726.0 small-vehicle 0
2883.0 782.0 2892.0 782.0 2893.0 802.0 2885.0 804.0 small-vehicle 0
2894.0 781.0 2904.0 782.0 2904.0 804.0 2895.0 804.0 small-vehicle 0
2119.0 3034.0 2125.0 3029.0 2160.0 3056.0 2156.0 3061.0 large-vehicle 0
2107.0 3004.0 2113.0 2998.0 2145.0 3022.0 2139.0 3030.0 large-vehicle 0
640.0 3687.0 646.0 3684.0 653.0 3695.0 648.0 3699.0 small-vehicle 1
2131.0 3394.0 2139.0 3399.0 2119.0 3435.0 2112.0 3431.0 large-vehicle 0
1601.0 3401.0 1598.0 3394.0 1637.0 3381.0 1639.0 3389.0 large-vehicle 0
1687.0 3303.0 1678.0 3307.0 1668.0 3283.0 1676.0 3280.0 large-vehicle 0
1791.0 3400.0 1801.0 3395.0 1813.0 3430.0 1803.0 3434.0 large-vehicle 0
2153.0 3524.0 2145.0 3521.0 2161.0 3479.0 2170.0 3483.0 large-vehicle 0
2147.0 3509.0 2139.0 3506.0 2157.0 3465.0 2165.0 3469.0 large-vehicle 0
2155.0 3449.0 2162.0 3453.0 2144.0 3491.0 2135.0 3487.0 large-vehicle 0
2119.0 3421.0 2111.0 3417.0 2128.0 3379.0 2136.0 3384.0 large-vehicle 0
2205.0 3274.0 2208.0 3283.0 2165.0 3299.0 2164.0 3289.0 large-vehicle 0
2111.0 3413.0 2104.0 3408.0 2124.0 3373.0 2131.0 3376.0 large-vehicle 0
2108.0 3404.0 2100.0 3401.0 2119.0 3355.0 2126.0 3359.0 large-vehicle 0
2116.0 3341.0 2126.0 3346.0 2103.0 3391.0 2095.0 3387.0 large-vehicle 0
2111.0 3337.0 2118.0 3341.0 2099.0 3377.0 2092.0 3375.0 large-vehicle 0
2095.0 3370.0 2085.0 3365.0 2105.0 3325.0 2113.0 3329.0 large-vehicle 0
2085.0 3331.0 2076.0 3327.0 2095.0 3289.0 2103.0 3293.0 large-vehicle 0
1560.0 3437.0 1557.0 3429.0 1598.0 3413.0 1600.0 3421.0 large-vehicle 0
1519.0 3543.0 1510.0 3545.0 1497.0 3513.0 1506.0 3509.0 large-vehicle 0
1458.0 3475.0 1455.0 3467.0 1493.0 3452.0 1496.0 3461.0 large-vehicle 0
1388.0 3496.0 1399.0 3492.0 1415.0 3532.0 1405.0 3536.0 large-vehicle 0
1381.0 3535.0 1383.0 3544.0 1343.0 3556.0 1341.0 3547.0 large-vehicle 0
1551.0 3696.0 1553.0 3704.0 1536.0 3711.0 1534.0 3703.0 small-vehicle 1
744.0 4204.0 736.0 4208.0 732.0 4195.0 739.0 4191.0 small-vehicle 1
760.0 4180.0 753.0 4183.0 748.0 4169.0 756.0 4167.0 small-vehicle 1
406.0 3955.0 414.0 3953.0 418.0 3970.0 410.0 3971.0 small-vehicle 1
322.0 3915.0 312.0 3918.0 307.0 3902.0 315.0 3899.0 small-vehicle 1
363.0 3899.0 356.0 3901.0 348.0 3884.0 355.0 3881.0 small-vehicle 1
382.0 3893.0 374.0 3896.0 368.0 3879.0 376.0 3876.0 small-vehicle 1
423.0 3880.0 414.0 3884.0 407.0 3867.0 416.0 3863.0 small-vehicle 1
700.0 3818.0 704.0 3821.0 699.0 3830.0 694.0 3828.0 small-vehicle 1
695.0 3803.0 700.0 3807.0 693.0 3817.0 686.0 3813.0 small-vehicle 1
684.0 3784.0 688.0 3787.0 683.0 3799.0 678.0 3796.0 small-vehicle 1
632.0 3690.0 637.0 3687.0 642.0 3699.0 637.0 3702.0 small-vehicle 1
2081.0 3318.0 2072.0 3312.0 2093.0 3273.0 2101.0 3278.0 large-vehicle 0
2208.0 3283.0 2211.0 3293.0 2171.0 3307.0 2166.0 3299.0 large-vehicle 0
2104.0 2989.0 2108.0 2983.0 2143.0 3008.0 2137.0 3016.0 large-vehicle 0
2055.0 2990.0 2047.0 2989.0 2056.0 2945.0 2065.0 2947.0 large-vehicle 0
2096.0 3056.0 2104.0 3058.0 2097.0 3100.0 2087.0 3098.0 large-vehicle 0
2091.0 3089.0 2081.0 3086.0 2088.0 3046.0 2098.0 3048.0 large-vehicle 0
2079.0 3000.0 2087.0 3003.0 2078.0 3051.0 2071.0 3050.0 large-vehicle 0
2073.0 3035.0 2065.0 3033.0 2073.0 2991.0 2081.0 2993.0 large-vehicle 0
2067.0 3025.0 2059.0 3023.0 2065.0 2978.0 2075.0 2980.0 large-vehicle 0
2062.0 2998.0 2055.0 2998.0 2059.0 2971.0 2067.0 2973.0 large-vehicle 0
2050.0 2926.0 2059.0 2930.0 2050.0 2971.0 2041.0 2970.0 large-vehicle 0
2211.0 3291.0 2214.0 3299.0 2173.0 3316.0 2172.0 3308.0 large-vehicle 0
2045.0 2909.0 2054.0 2910.0 2045.0 2953.0 2035.0 2952.0 large-vehicle 0
2039.0 2896.0 2047.0 2898.0 2039.0 2940.0 2031.0 2939.0 large-vehicle 0
2070.0 2896.0 2075.0 2888.0 2110.0 2916.0 2105.0 2922.0 large-vehicle 0
2073.0 2910.0 2079.0 2902.0 2112.0 2930.0 2107.0 2936.0 large-vehicle 0
2116.0 2944.0 2111.0 2951.0 2078.0 2923.0 2082.0 2918.0 large-vehicle 0
2126.0 2960.0 2118.0 2968.0 2083.0 2939.0 2090.0 2932.0 large-vehicle 0
1675.0 3070.0 1671.0 3060.0 1726.0 3028.0 1731.0 3038.0 large-vehicle 0
1813.0 2983.0 1808.0 2976.0 1845.0 2953.0 1849.0 2961.0 large-vehicle 0
1996.0 3034.0 1991.0 3042.0 1952.0 3018.0 1957.0 3012.0 large-vehicle 0
1763.0 3305.0 1755.0 3307.0 1746.0 3276.0 1753.0 3273.0 large-vehicle 0
1778.0 3299.0 1770.0 3304.0 1756.0 3272.0 1764.0 3268.0 large-vehicle 0
1653.0 3212.0 1647.0 3215.0 1631.0 3175.0 1638.0 3172.0 large-vehicle 0
2111.0 3130.0 2100.0 3128.0 2107.0 3085.0 2116.0 3088.0 large-vehicle 0
2237.0 3667.0 2232.0 3673.0 2211.0 3665.0 2214.0 3657.0 large-vehicle 0
2227.0 3673.0 2225.0 3681.0 2183.0 3661.0 2188.0 3653.0 large-vehicle 0
2217.0 3677.0 2213.0 3685.0 2175.0 3667.0 2178.0 3659.0 large-vehicle 0
2205.0 3682.0 2199.0 3689.0 2161.0 3669.0 2164.0 3661.0 large-vehicle 0
2182.0 3691.0 2179.0 3699.0 2136.0 3679.0 2139.0 3672.0 large-vehicle 0
2048.0 3739.0 2051.0 3747.0 2009.0 3762.0 2007.0 3755.0 large-vehicle 0
2035.0 3807.0 2031.0 3799.0 2071.0 3785.0 2073.0 3793.0 large-vehicle 0
2203.0 3782.0 2212.0 3779.0 2218.0 3801.0 2209.0 3804.0 large-vehicle 0
2211.0 3777.0 2219.0 3775.0 2227.0 3795.0 2220.0 3797.0 large-vehicle 0
2209.0 3748.0 2218.0 3745.0 2233.0 3784.0 2225.0 3787.0 large-vehicle 0
4603.0 920.0 4605.0 913.0 4619.0 917.0 4616.0 923.0 small-vehicle 1
4874.0 922.0 4870.0 914.0 4886.0 908.0 4889.0 916.0 small-vehicle 1
4815.0 962.0 4813.0 955.0 4827.0 949.0 4829.0 955.0 small-vehicle 1
7403.0 726.0 7405.0 733.0 7388.0 736.0 7387.0 731.0 small-vehicle 1
7325.0 780.0 7324.0 786.0 7311.0 786.0 7310.0 780.0 small-vehicle 1
7309.0 780.0 7309.0 785.0 7294.0 784.0 7294.0 780.0 small-vehicle 1
7352.0 784.0 7352.0 792.0 7338.0 790.0 7336.0 783.0 small-vehicle 1
7339.0 784.0 7337.0 791.0 7324.0 789.0 7324.0 783.0 small-vehicle 1
7322.0 785.0 7321.0 792.0 7313.0 790.0 7313.0 782.0 small-vehicle 1
7313.0 791.0 7300.0 790.0 7299.0 786.0 7299.0 790.0 small-vehicle 1
7303.0 730.0 7303.0 737.0 7287.0 738.0 7287.0 731.0 small-vehicle 1
6651.0 532.0 6657.0 532.0 6659.0 543.0 6655.0 544.0 small-vehicle 1
7159.0 716.0 7155.0 722.0 7142.0 715.0 7147.0 710.0 small-vehicle 1
7187.0 754.0 7182.0 759.0 7171.0 752.0 7173.0 746.0 small-vehicle 1
7457.0 782.0 7454.0 778.0 7468.0 774.0 7468.0 780.0 small-vehicle 1
7240.0 324.0 7238.0 320.0 7253.0 316.0 7255.0 321.0 small-vehicle 1
6863.0 316.0 6873.0 312.0 6876.0 327.0 6869.0 329.0 small-vehicle 1
6839.0 184.0 6845.0 184.0 6845.0 200.0 6839.0 200.0 small-vehicle 1
7337.0 778.0 7337.0 784.0 7323.0 786.0 7323.0 780.0 small-vehicle 1
7352.0 778.0 7352.0 784.0 7339.0 784.0 7339.0 780.0 small-vehicle 1
7282.0 775.0 7282.0 782.0 7267.0 781.0 7267.0 775.0 small-vehicle 1
7263.0 767.0 7263.0 775.0 7251.0 772.0 7251.0 766.0 small-vehicle 1
7278.0 768.0 7277.0 776.0 7263.0 775.0 7262.0 769.0 small-vehicle 1
7290.0 772.0 7288.0 776.0 7277.0 774.0 7277.0 770.0 small-vehicle 1
7305.0 772.0 7305.0 779.0 7291.0 778.0 7291.0 772.0 small-vehicle 1
7318.0 772.0 7319.0 779.0 7305.0 778.0 7305.0 774.0 small-vehicle 1
7333.0 772.0 7333.0 777.0 7320.0 779.0 7319.0 772.0 small-vehicle 1
7347.0 772.0 7347.0 778.0 7336.0 778.0 7333.0 775.0 small-vehicle 1
7251.0 760.0 7250.0 766.0 7237.0 762.0 7238.0 758.0 small-vehicle 1
7265.0 762.0 7265.0 768.0 7253.0 766.0 7254.0 761.0 small-vehicle 1
7280.0 764.0 7280.0 770.0 7265.0 768.0 7265.0 762.0 small-vehicle 1
7293.0 765.0 7293.0 772.0 7280.0 769.0 7281.0 763.0 small-vehicle 1
7311.0 767.0 7309.0 773.0 7293.0 770.0 7294.0 764.0 small-vehicle 1
7325.0 766.0 7325.0 773.0 7311.0 772.0 7309.0 765.0 small-vehicle 1
7338.0 766.0 7338.0 774.0 7327.0 773.0 7327.0 766.0 small-vehicle 1
6473.0 454.0 6471.0 446.0 6487.0 442.0 6487.0 448.0 small-vehicle 1
6656.0 524.0 6662.0 523.0 6665.0 537.0 6659.0 540.0 small-vehicle 1
6899.0 609.0 6905.0 604.0 6913.0 616.0 6909.0 620.0 small-vehicle 1
7984.0 524.0 7987.0 530.0 7977.0 535.0 7975.0 531.0 small-vehicle 1
7106.0 292.0 7107.0 300.0 7097.0 302.0 7095.0 295.0 small-vehicle 1
7919.0 525.0 7921.0 532.0 7909.0 535.0 7906.0 528.0 small-vehicle 1
7926.0 528.0 7929.0 533.0 7917.0 538.0 7917.0 533.0 small-vehicle 1
8000.0 500.0 8000.0 508.0 7991.0 511.0 7987.0 507.0 small-vehicle 1
7983.0 498.0 7985.0 504.0 7974.0 508.0 7973.0 503.0 small-vehicle 1
8001.0 519.0 8003.0 526.0 7993.0 530.0 7990.0 525.0 small-vehicle 1
8056.0 480.0 8057.0 488.0 8044.0 493.0 8042.0 487.0 small-vehicle 1
6663.0 520.0 6669.0 519.0 6669.0 534.0 6664.0 535.0 small-vehicle 1
8092.0 484.0 8099.0 486.0 8093.0 494.0 8087.0 493.0 small-vehicle 1
8069.0 504.0 8073.0 510.0 8063.0 514.0 8061.0 509.0 small-vehicle 1
7474.0 637.0 7467.0 635.0 7472.0 622.0 7477.0 624.0 small-vehicle 1
7379.0 857.0 7372.0 861.0 7361.0 848.0 7365.0 844.0 small-vehicle 1
7555.0 712.0 7561.0 711.0 7566.0 723.0 7560.0 725.0 small-vehicle 1
7509.0 730.0 7516.0 729.0 7521.0 739.0 7516.0 741.0 small-vehicle 1
7102.0 282.0 7103.0 290.0 7091.0 294.0 7087.0 286.0 small-vehicle 1
7248.0 260.0 7251.0 266.0 7236.0 271.0 7234.0 266.0 small-vehicle 1
7202.0 223.0 7199.0 216.0 7213.0 212.0 7214.0 219.0 small-vehicle 1
7445.0 204.0 7445.0 210.0 7434.0 215.0 7432.0 209.0 small-vehicle 1
7451.0 192.0 7452.0 198.0 7435.0 203.0 7434.0 198.0 small-vehicle 1
7511.0 165.0 7513.0 171.0 7503.0 176.0 7499.0 170.0 small-vehicle 1
7703.0 85.0 7701.0 78.0 7717.0 73.0 7717.0 80.0 small-vehicle 1
7656.0 91.0 7655.0 78.0 7699.0 68.0 7701.0 79.0 large-vehicle 0
6747.0 356.0 6743.0 346.0 6786.0 332.0 6789.0 341.0 large-vehicle 0
6733.0 526.0 6730.0 530.0 6720.0 522.0 6723.0 518.0 small-vehicle 1
6722.0 534.0 6716.0 537.0 6705.0 529.0 6709.0 523.0 small-vehicle 1
7047.0 318.0 7048.0 326.0 7033.0 331.0 7031.0 324.0 small-vehicle 1
7266.0 241.0 7267.0 248.0 7251.0 253.0 7250.0 248.0 small-vehicle 1
6747.0 472.0 6754.0 469.0 6756.0 482.0 6750.0 484.0 small-vehicle 1
6713.0 492.0 6720.0 491.0 6721.0 502.0 6715.0 504.0 small-vehicle 1
6682.0 510.0 6688.0 508.0 6689.0 522.0 6683.0 524.0 small-vehicle 1
6675.0 513.0 6680.0 513.0 6680.0 528.0 6675.0 528.0 small-vehicle 1
6868.0 571.0 6865.0 564.0 6881.0 560.0 6882.0 566.0 small-vehicle 1
6889.0 614.0 6894.0 610.0 6905.0 620.0 6901.0 624.0 small-vehicle 1
7583.0 732.0 7585.0 739.0 7573.0 741.0 7571.0 735.0 small-vehicle 1
7336.0 751.0 7336.0 759.0 7321.0 758.0 7321.0 752.0 small-vehicle 1
7364.0 773.0 7365.0 781.0 7353.0 783.0 7351.0 778.0 small-vehicle 1
7367.0 780.0 7368.0 787.0 7352.0 789.0 7351.0 783.0 small-vehicle 1
7367.0 788.0 7367.0 795.0 7357.0 794.0 7354.0 788.0 small-vehicle 1
7355.0 790.0 7354.0 795.0 7341.0 797.0 7340.0 792.0 small-vehicle 1
7339.0 789.0 7339.0 795.0 7328.0 795.0 7327.0 792.0 small-vehicle 1
7325.0 791.0 7328.0 796.0 7317.0 801.0 7314.0 797.0 small-vehicle 1
7322.0 751.0 7321.0 759.0 7309.0 760.0 7309.0 753.0 small-vehicle 1
7173.0 723.0 7168.0 728.0 7155.0 723.0 7160.0 717.0 small-vehicle 1
7309.0 754.0 7309.0 759.0 7295.0 758.0 7295.0 754.0 small-vehicle 1
7294.0 752.0 7293.0 758.0 7279.0 757.0 7280.0 751.0 small-vehicle 1
7279.0 751.0 7277.0 757.0 7263.0 755.0 7265.0 749.0 small-vehicle 1
7264.0 749.0 7263.0 756.0 7250.0 753.0 7251.0 747.0 small-vehicle 1
7251.0 747.0 7251.0 753.0 7236.0 751.0 7238.0 744.0 small-vehicle 1
7237.0 743.0 7237.0 749.0 7223.0 747.0 7223.0 743.0 small-vehicle 1
7360.0 771.0 7360.0 775.0 7349.0 777.0 7347.0 773.0 small-vehicle 1
7354.0 765.0 7353.0 771.0 7339.0 771.0 7339.0 767.0 small-vehicle 1
7352.0 758.0 7351.0 765.0 7339.0 765.0 7337.0 759.0 small-vehicle 1
7349.0 753.0 7349.0 758.0 7338.0 759.0 7338.0 753.0 small-vehicle 1
7361.0 751.0 7362.0 757.0 7351.0 757.0 7350.0 753.0 small-vehicle 1
7365.0 755.0 7363.0 761.0 7351.0 763.0 7351.0 757.0 small-vehicle 1
7367.0 761.0 7367.0 767.0 7354.0 769.0 7353.0 765.0 small-vehicle 1
7373.0 765.0 7373.0 772.0 7362.0 775.0 7360.0 769.0 small-vehicle 1
7378.0 771.0 7377.0 778.0 7365.0 781.0 7364.0 775.0 small-vehicle 1
7381.0 778.0 7381.0 784.0 7369.0 787.0 7368.0 781.0 small-vehicle 1
7381.0 783.0 7382.0 790.0 7370.0 793.0 7367.0 789.0 small-vehicle 1
7369.0 794.0 7369.0 801.0 7355.0 801.0 7355.0 796.0 small-vehicle 1
7385.0 792.0 7385.0 797.0 7372.0 800.0 7370.0 796.0 small-vehicle 1
7379.0 801.0 7379.0 808.0 7366.0 809.0 7365.0 803.0 small-vehicle 1
7211.0 737.0 7210.0 744.0 7197.0 741.0 7198.0 736.0 small-vehicle 1
7105.0 777.0 7099.0 779.0 7099.0 767.0 7104.0 768.0 small-vehicle 1
7115.0 787.0 7111.0 785.0 7114.0 774.0 7119.0 775.0 small-vehicle 1
7188.0 730.0 7184.0 738.0 7173.0 733.0 7175.0 727.0 small-vehicle 1
7052.0 733.0 7058.0 735.0 7051.0 749.0 7046.0 747.0 small-vehicle 1
6884.0 617.0 6887.0 614.0 6899.0 624.0 6895.0 628.0 small-vehicle 1
6835.0 661.0 6841.0 658.0 6851.0 668.0 6846.0 671.0 small-vehicle 1
6788.0 700.0 6790.0 695.0 6802.0 706.0 6797.0 710.0 small-vehicle 1
6791.0 696.0 6795.0 692.0 6806.0 703.0 6803.0 706.0 small-vehicle 1
6797.0 692.0 6801.0 689.0 6811.0 698.0 6807.0 702.0 small-vehicle 1
6801.0 687.0 6805.0 684.0 6817.0 694.0 6813.0 697.0 small-vehicle 1
6805.0 682.0 6811.0 677.0 6821.0 690.0 6817.0 693.0 small-vehicle 1
6831.0 665.0 6835.0 660.0 6847.0 672.0 6842.0 674.0 small-vehicle 1
6841.0 655.0 6845.0 652.0 6855.0 662.0 6850.0 666.0 small-vehicle 1
7065.0 759.0 7069.0 763.0 7063.0 777.0 7058.0 775.0 small-vehicle 1
6853.0 646.0 6859.0 642.0 6867.0 654.0 6862.0 658.0 small-vehicle 1
6859.0 641.0 6862.0 637.0 6873.0 648.0 6868.0 651.0 small-vehicle 1
6862.0 638.0 6866.0 633.0 6879.0 645.0 6874.0 648.0 small-vehicle 1
6869.0 632.0 6874.0 629.0 6884.0 639.0 6879.0 644.0 small-vehicle 1
6873.0 628.0 6879.0 625.0 6889.0 636.0 6885.0 640.0 small-vehicle 1
6879.0 624.0 6882.0 619.0 6894.0 632.0 6891.0 635.0 small-vehicle 1
6795.0 715.0 6791.0 720.0 6779.0 707.0 6783.0 703.0 small-vehicle 1
6771.0 716.0 6774.0 713.0 6784.0 723.0 6779.0 726.0 small-vehicle 1
6756.0 727.0 6763.0 722.0 6772.0 734.0 6767.0 738.0 small-vehicle 1
6768.0 740.0 6761.0 743.0 6752.0 734.0 6757.0 729.0 small-vehicle 1
6735.0 771.0 6738.0 776.0 6729.0 785.0 6725.0 781.0 small-vehicle 1
6720.0 784.0 6715.0 778.0 6734.0 763.0 6737.0 767.0 small-vehicle 1
6741.0 795.0 6735.0 793.0 6740.0 779.0 6747.0 781.0 small-vehicle 1
7470.0 856.0 7473.0 863.0 7463.0 868.0 7459.0 863.0 small-vehicle 1
7453.0 885.0 7450.0 877.0 7465.0 872.0 7469.0 879.0 small-vehicle 1
7234.0 752.0 7231.0 757.0 7220.0 753.0 7221.0 749.0 small-vehicle 1
7249.0 753.0 7247.0 759.0 7234.0 755.0 7237.0 751.0 small-vehicle 1
7263.0 757.0 7263.0 762.0 7249.0 759.0 7250.0 755.0 small-vehicle 1
7280.0 757.0 7279.0 762.0 7264.0 762.0 7263.0 757.0 small-vehicle 1
7293.0 759.0 7292.0 765.0 7282.0 763.0 7281.0 759.0 small-vehicle 1
7310.0 759.0 7307.0 766.0 7294.0 765.0 7294.0 759.0 small-vehicle 1
7322.0 759.0 7323.0 765.0 7309.0 765.0 7309.0 761.0 small-vehicle 1
7337.0 759.0 7337.0 767.0 7323.0 765.0 7323.0 761.0 small-vehicle 1
7527.0 751.0 7527.0 757.0 7514.0 763.0 7512.0 757.0 small-vehicle 1
7642.0 682.0 7649.0 679.0 7652.0 690.0 7646.0 692.0 small-vehicle 1
6637.0 984.0 6629.0 988.0 6625.0 976.0 6629.0 974.0 small-vehicle 1
1611.0 1020.0 1610.0 1026.0 1596.0 1026.0 1596.0 1022.0 small-vehicle 1
1528.0 3473.0 1525.0 3467.0 1537.0 3462.0 1538.0 3468.0 small-vehicle 1
1273.0 3543.0 1275.0 3549.0 1261.0 3554.0 1260.0 3549.0 small-vehicle 1
1280.0 3560.0 1277.0 3554.0 1291.0 3551.0 1291.0 3557.0 small-vehicle 1
1533.0 3313.0 1535.0 3319.0 1525.0 3323.0 1523.0 3317.0 small-vehicle 1
1521.0 3313.0 1518.0 3306.0 1529.0 3303.0 1530.0 3309.0 small-vehicle 1
1598.0 1020.0 1597.0 1026.0 1583.0 1024.0 1583.0 1018.0 small-vehicle 1
1637.0 1013.0 1637.0 1020.0 1623.0 1020.0 1622.0 1014.0 small-vehicle 1
1890.0 1032.0 1897.0 1031.0 1896.0 1044.0 1891.0 1044.0 small-vehicle 1
1604.0 1047.0 1596.0 1046.0 1597.0 1034.0 1603.0 1034.0 small-vehicle 1
1605.0 1034.0 1611.0 1034.0 1610.0 1046.0 1605.0 1046.0 small-vehicle 1
1624.0 1035.0 1630.0 1035.0 1629.0 1047.0 1624.0 1048.0 small-vehicle 1
1617.0 1034.0 1624.0 1036.0 1622.0 1045.0 1617.0 1045.0 small-vehicle 1
1655.0 924.0 1655.0 918.0 1668.0 918.0 1668.0 923.0 small-vehicle 1
1907.0 1030.0 1913.0 1031.0 1913.0 1043.0 1907.0 1042.0 small-vehicle 1
1589.0 3463.0 1586.0 3456.0 1599.0 3451.0 1601.0 3458.0 small-vehicle 1
1647.0 3435.0 1646.0 3429.0 1657.0 3424.0 1659.0 3429.0 small-vehicle 1
1638.0 3415.0 1640.0 3421.0 1630.0 3425.0 1627.0 3420.0 small-vehicle 1
1642.0 3319.0 1643.0 3326.0 1625.0 3335.0 1621.0 3329.0 small-vehicle 1
1647.0 3354.0 1640.0 3354.0 1642.0 3342.0 1647.0 3342.0 small-vehicle 1
1666.0 3368.0 1671.0 3372.0 1665.0 3379.0 1659.0 3377.0 small-vehicle 1
1648.0 3850.0 1653.0 3858.0 1640.0 3863.0 1636.0 3856.0 small-vehicle 1
1266.0 3974.0 1274.0 3971.0 1279.0 3987.0 1273.0 3990.0 small-vehicle 1
1259.0 3978.0 1265.0 3976.0 1273.0 3995.0 1265.0 3997.0 small-vehicle 1
1245.0 3990.0 1249.0 3986.0 1259.0 3992.0 1255.0 3996.0 small-vehicle 1
1263.0 3998.0 1265.0 4005.0 1252.0 4010.0 1249.0 4004.0 small-vehicle 1
677.0 3853.0 677.0 3858.0 662.0 3858.0 663.0 3852.0 small-vehicle 1
678.0 3860.0 676.0 3866.0 666.0 3865.0 666.0 3860.0 small-vehicle 1
648.0 3859.0 653.0 3862.0 646.0 3874.0 641.0 3871.0 small-vehicle 1
644.0 3846.0 648.0 3849.0 640.0 3860.0 636.0 3857.0 small-vehicle 1
641.0 3838.0 645.0 3842.0 640.0 3851.0 635.0 3849.0 small-vehicle 1
639.0 3832.0 644.0 3836.0 638.0 3844.0 632.0 3842.0 small-vehicle 1
1917.0 1032.0 1922.0 1033.0 1922.0 1045.0 1917.0 1045.0 small-vehicle 1
1923.0 1031.0 1929.0 1031.0 1929.0 1044.0 1923.0 1046.0 small-vehicle 1
634.0 3820.0 638.0 3825.0 630.0 3832.0 626.0 3827.0 small-vehicle 1
5951.0 205.0 5954.0 212.0 5943.0 216.0 5940.0 210.0 small-vehicle 1
5038.0 1192.0 5035.0 1186.0 5047.0 1180.0 5049.0 1185.0 small-vehicle 1
5544.0 306.0 5542.0 298.0 5552.0 295.0 5554.0 302.0 small-vehicle 1
5774.0 216.0 5770.0 209.0 5788.0 205.0 5790.0 212.0 small-vehicle 1
5790.0 204.0 5786.0 198.0 5798.0 192.0 5800.0 198.0 small-vehicle 1
5692.0 274.0 5693.0 282.0 5680.0 286.0 5678.0 281.0 small-vehicle 1
5816.0 246.0 5818.0 252.0 5807.0 256.0 5803.0 250.0 small-vehicle 1
6162.0 152.0 6164.0 160.0 6154.0 163.0 6151.0 156.0 small-vehicle 1
1929.0 1032.0 1936.0 1034.0 1935.0 1045.0 1929.0 1045.0 small-vehicle 1
6294.0 497.0 6290.0 491.0 6304.0 487.0 6305.0 495.0 small-vehicle 1
6342.0 492.0 6340.0 485.0 6357.0 480.0 6357.0 487.0 small-vehicle 1
6724.0 368.0 6724.0 360.0 6734.0 358.0 6736.0 364.0 small-vehicle 1
6712.0 368.0 6710.0 362.0 6723.0 360.0 6724.0 365.0 small-vehicle 1
6714.0 381.0 6711.0 376.0 6722.0 372.0 6724.0 378.0 small-vehicle 1
6587.0 443.0 6588.0 450.0 6574.0 453.0 6572.0 448.0 small-vehicle 1
5039.0 1308.0 5034.0 1309.0 5029.0 1298.0 5035.0 1296.0 small-vehicle 1
5045.0 1288.0 5051.0 1288.0 5055.0 1302.0 5049.0 1303.0 small-vehicle 1
5142.0 1270.0 5136.0 1272.0 5134.0 1258.0 5139.0 1258.0 small-vehicle 1
5166.0 1259.0 5160.0 1260.0 5155.0 1247.0 5159.0 1246.0 small-vehicle 1
5173.0 1268.0 5167.0 1271.0 5163.0 1260.0 5167.0 1258.0 small-vehicle 1
3669.0 672.0 3673.0 678.0 3659.0 688.0 3656.0 684.0 small-vehicle 1
3667.0 666.0 3669.0 671.0 3653.0 684.0 3649.0 679.0 small-vehicle 1
3507.0 344.0 3511.0 344.0 3510.0 357.0 3507.0 357.0 small-vehicle 1
3501.0 346.0 3505.0 346.0 3503.0 358.0 3498.0 358.0 small-vehicle 1
3495.0 349.0 3500.0 348.0 3498.0 359.0 3495.0 360.0 small-vehicle 1
3487.0 348.0 3493.0 348.0 3493.0 358.0 3489.0 359.0 small-vehicle 1
3481.0 350.0 3486.0 350.0 3486.0 360.0 3483.0 360.0 small-vehicle 1
3475.0 352.0 3481.0 352.0 3481.0 360.0 3476.0 360.0 small-vehicle 1
3470.0 354.0 3475.0 354.0 3476.0 364.0 3471.0 364.0 small-vehicle 1
2629.0 805.0 2639.0 805.0 2639.0 823.0 2629.0 824.0 small-vehicle 1
2610.0 803.0 2609.0 811.0 2594.0 811.0 2593.0 803.0 small-vehicle 1
2886.0 730.0 2878.0 732.0 2875.0 713.0 2884.0 713.0 small-vehicle 1
636.0 3826.0 642.0 3828.0 634.0 3840.0 628.0 3837.0 small-vehicle 1
632.0 3811.0 638.0 3815.0 630.0 3824.0 626.0 3820.0 small-vehicle 1
7701.0 737.0 7695.0 739.0 7690.0 730.0 7694.0 727.0 small-vehicle 1
7677.0 791.0 7683.0 789.0 7684.0 801.0 7679.0 802.0 small-vehicle 1
7715.0 775.0 7709.0 777.0 7703.0 765.0 7708.0 763.0 small-vehicle 1
7702.0 781.0 7695.0 783.0 7691.0 769.0 7697.0 767.0 small-vehicle 1
7598.0 818.0 7606.0 815.0 7611.0 827.0 7606.0 831.0 small-vehicle 1
7657.0 813.0 7650.0 815.0 7645.0 803.0 7649.0 800.0 small-vehicle 1
7657.0 798.0 7663.0 795.0 7667.0 807.0 7661.0 809.0 small-vehicle 1
7664.0 795.0 7669.0 793.0 7673.0 805.0 7669.0 806.0 small-vehicle 1
7684.0 787.0 7690.0 785.0 7693.0 800.0 7687.0 801.0 small-vehicle 1
8494.0 2082.0 8492.0 2075.0 8507.0 2070.0 8508.0 2077.0 small-vehicle 1
7689.0 783.0 7684.0 785.0 7678.0 775.0 7682.0 773.0 small-vehicle 1
7904.0 2277.0 7901.0 2268.0 7931.0 2256.0 7933.0 2266.0 large-vehicle 0
8601.0 2018.0 8598.0 2008.0 8620.0 2000.0 8623.0 2008.0 large-vehicle 0
8468.0 2087.0 8469.0 2093.0 8458.0 2098.0 8455.0 2093.0 small-vehicle 1
8569.0 2051.0 8577.0 2050.0 8580.0 2066.0 8574.0 2066.0 small-vehicle 1
8524.0 2070.0 8522.0 2064.0 8537.0 2058.0 8538.0 2065.0 small-vehicle 1
7719.0 772.0 7713.0 774.0 7711.0 764.0 7715.0 761.0 small-vehicle 1
7736.0 780.0 7731.0 783.0 7729.0 773.0 7733.0 771.0 small-vehicle 1
7733.0 770.0 7727.0 771.0 7724.0 761.0 7729.0 759.0 small-vehicle 1
7673.0 763.0 7666.0 765.0 7663.0 753.0 7669.0 752.0 small-vehicle 1
7645.0 746.0 7651.0 744.0 7655.0 755.0 7649.0 755.0 small-vehicle 1
7629.0 764.0 7637.0 761.0 7641.0 772.0 7633.0 774.0 small-vehicle 1
7687.0 713.0 7689.0 720.0 7675.0 725.0 7672.0 720.0 small-vehicle 1
7657.0 679.0 7663.0 677.0 7667.0 687.0 7661.0 691.0 small-vehicle 1
7668.0 749.0 7661.0 751.0 7658.0 739.0 7662.0 738.0 small-vehicle 1
7675.0 747.0 7669.0 749.0 7665.0 739.0 7671.0 737.0 small-vehicle 1
7685.0 745.0 7680.0 747.0 7677.0 737.0 7681.0 734.0 small-vehicle 1
7691.0 740.0 7686.0 743.0 7682.0 733.0 7687.0 730.0 small-vehicle 1
7698.0 755.0 7691.0 757.0 7687.0 744.0 7693.0 741.0 small-vehicle 1
7710.0 747.0 7705.0 749.0 7700.0 741.0 7705.0 737.0 small-vehicle 1
7722.0 745.0 7717.0 746.0 7714.0 735.0 7720.0 734.0 small-vehicle 1
7720.0 731.0 7713.0 733.0 7709.0 725.0 7715.0 722.0 small-vehicle 1
7707.0 735.0 7699.0 736.0 7696.0 727.0 7703.0 724.0 small-vehicle 1
8529.0 2078.0 8527.0 2073.0 8539.0 2067.0 8540.0 2072.0 small-vehicle 1
8540.0 1379.0 8537.0 1371.0 8551.0 1367.0 8553.0 1374.0 small-vehicle 1
630.0 3804.0 633.0 3808.0 626.0 3816.0 622.0 3813.0 small-vehicle 1
10448.0 192.0 10439.0 188.0 10443.0 177.0 10450.0 179.0 small-vehicle 1
10187.0 304.0 10194.0 304.0 10194.0 319.0 10187.0 319.0 small-vehicle 1
10195.0 306.0 10200.0 305.0 10201.0 315.0 10197.0 315.0 small-vehicle 1
10352.0 225.0 10355.0 231.0 10343.0 237.0 10342.0 232.0 small-vehicle 1
10336.0 186.0 10339.0 194.0 10328.0 198.0 10325.0 193.0 small-vehicle 1
10335.0 174.0 10337.0 181.0 10324.0 186.0 10321.0 179.0 small-vehicle 1
10461.0 174.0 10455.0 169.0 10465.0 159.0 10469.0 164.0 small-vehicle 1
843.0 98.0 848.0 98.0 849.0 108.0 844.0 110.0 small-vehicle 1
8577.0 1384.0 8583.0 1382.0 8592.0 1399.0 8587.0 1401.0 small-vehicle 1
721.0 95.0 716.0 99.0 708.0 89.0 714.0 83.0 small-vehicle 1
838.0 203.0 842.0 209.0 832.0 214.0 829.0 209.0 small-vehicle 1
845.0 215.0 848.0 219.0 841.0 225.0 837.0 222.0 small-vehicle 1
618.0 3784.0 623.0 3788.0 618.0 3798.0 614.0 3796.0 small-vehicle 1
623.0 3792.0 627.0 3796.0 620.0 3805.0 616.0 3801.0 small-vehicle 1
627.0 3798.0 632.0 3802.0 623.0 3811.0 620.0 3808.0 small-vehicle 1
10161.0 308.0 10168.0 307.0 10169.0 319.0 10165.0 321.0 small-vehicle 1
10154.0 309.0 10161.0 309.0 10163.0 321.0 10156.0 323.0 small-vehicle 1
10121.0 315.0 10128.0 315.0 10129.0 329.0 10123.0 329.0 small-vehicle 1
10114.0 312.0 10121.0 312.0 10121.0 328.0 10117.0 328.0 small-vehicle 1
10105.0 316.0 10111.0 315.0 10116.0 329.0 10110.0 332.0 small-vehicle 1
10009.0 360.0 10007.0 354.0 10021.0 353.0 10021.0 359.0 small-vehicle 1
10023.0 399.0 10022.0 391.0 10035.0 390.0 10036.0 396.0 small-vehicle 1
10290.0 1276.0 10295.0 1272.0 10302.0 1284.0 10295.0 1286.0 small-vehicle 1
10217.0 1256.0 10217.0 1250.0 10231.0 1252.0 10230.0 1257.0 small-vehicle 1
10263.0 1239.0 10268.0 1236.0 10273.0 1248.0 10267.0 1250.0 small-vehicle 1
9935.0 1577.0 9935.0 1569.0 9947.0 1568.0 9948.0 1574.0 small-vehicle 1
10253.0 1452.0 10251.0 1445.0 10264.0 1442.0 10265.0 1449.0 small-vehicle 1
10176.0 1426.0 10178.0 1420.0 10194.0 1426.0 10192.0 1431.0 small-vehicle 1
10192.0 1450.0 10198.0 1447.0 10205.0 1459.0 10199.0 1463.0 small-vehicle 1
8711.0 1339.0 8707.0 1343.0 8698.0 1339.0 8701.0 1333.0 small-vehicle 1
8721.0 1336.0 8716.0 1341.0 8705.0 1335.0 8709.0 1330.0 small-vehicle 1
8560.0 1393.0 8566.0 1391.0 8571.0 1401.0 8565.0 1403.0 small-vehicle 1
6631.0 972.0 6623.0 974.0 6621.0 963.0 6627.0 960.0 small-vehicle 1
6639.0 998.0 6633.0 1000.0 6629.0 990.0 6635.0 988.0 small-vehicle 1
4964.0 941.0 4965.0 947.0 4952.0 950.0 4950.0 944.0 small-vehicle 1
5651.0 737.0 5653.0 747.0 5608.0 761.0 5604.0 752.0 large-vehicle 0
4603.0 3708.0 4600.0 3700.0 4624.0 3693.0 4625.0 3701.0 small-vehicle 1
4288.0 3825.0 4291.0 3833.0 4279.0 3839.0 4275.0 3832.0 small-vehicle 1
4260.0 3837.0 4263.0 3845.0 4253.0 3850.0 4249.0 3843.0 small-vehicle 1
5934.0 2562.0 5928.0 2563.0 5924.0 2553.0 5930.0 2551.0 small-vehicle 1
5899.0 2441.0 5892.0 2440.0 5892.0 2429.0 5897.0 2429.0 small-vehicle 1
5954.0 2639.0 5944.0 2639.0 5940.0 2606.0 5950.0 2605.0 large-vehicle 0
5954.0 600.0 5952.0 591.0 5989.0 580.0 5991.0 588.0 large-vehicle 0
6046.0 561.0 6044.0 553.0 6057.0 549.0 6058.0 557.0 small-vehicle 1
5909.0 603.0 5906.0 595.0 5948.0 583.0 5952.0 591.0 large-vehicle 0
5787.0 640.0 5785.0 631.0 5821.0 621.0 5822.0 631.0 large-vehicle 0
5627.0 734.0 5630.0 743.0 5590.0 755.0 5586.0 747.0 large-vehicle 0
6188.0 761.0 6182.0 765.0 6176.0 753.0 6182.0 750.0 small-vehicle 1
6140.0 542.0 6138.0 537.0 6152.0 533.0 6153.0 539.0 small-vehicle 1
6114.0 539.0 6111.0 533.0 6124.0 530.0 6126.0 537.0 small-vehicle 1
5012.0 2408.0 5009.0 2402.0 5022.0 2396.0 5023.0 2400.0 small-vehicle 1
4947.0 2173.0 4950.0 2181.0 4935.0 2186.0 4933.0 2179.0 small-vehicle 1
5005.0 2163.0 5007.0 2170.0 4994.0 2174.0 4991.0 2167.0 small-vehicle 1
5069.0 2109.0 5070.0 2115.0 5059.0 2118.0 5056.0 2113.0 small-vehicle 1
5062.0 2101.0 5065.0 2107.0 5055.0 2111.0 5053.0 2107.0 small-vehicle 1
4997.0 2099.0 4993.0 2093.0 5005.0 2088.0 5006.0 2095.0 small-vehicle 1
4981.0 2091.0 4983.0 2097.0 4969.0 2103.0 4965.0 2098.0 small-vehicle 1
4915.0 2097.0 4913.0 2091.0 4923.0 2086.0 4925.0 2091.0 small-vehicle 1
4895.0 2011.0 4897.0 2017.0 4885.0 2022.0 4883.0 2017.0 small-vehicle 1
4883.0 2016.0 4884.0 2023.0 4871.0 2027.0 4869.0 2021.0 small-vehicle 1
4877.0 2005.0 4874.0 1999.0 4889.0 1994.0 4890.0 1999.0 small-vehicle 1
4872.0 1995.0 4874.0 2000.0 4863.0 2004.0 4862.0 1999.0 small-vehicle 1
4869.0 1987.0 4872.0 1993.0 4858.0 1999.0 4857.0 1993.0 small-vehicle 1
4871.0 1987.0 4869.0 1981.0 4882.0 1977.0 4883.0 1982.0 small-vehicle 1
4766.0 1730.0 4777.0 1730.0 4775.0 1778.0 4764.0 1778.0 large-vehicle 0
4761.0 1783.0 4769.0 1781.0 4783.0 1823.0 4777.0 1826.0 large-vehicle 0
4773.0 1721.0 4763.0 1726.0 4749.0 1685.0 4758.0 1682.0 large-vehicle 0
6032.0 587.0 6030.0 579.0 6044.0 575.0 6045.0 583.0 small-vehicle 1
5864.0 629.0 5863.0 621.0 5878.0 615.0 5880.0 623.0 small-vehicle 1
4745.0 1829.0 4743.0 1823.0 4755.0 1819.0 4757.0 1823.0 small-vehicle 1
6443.0 670.0 6437.0 673.0 6431.0 663.0 6434.0 660.0 small-vehicle 1
6405.0 671.0 6400.0 672.0 6394.0 661.0 6400.0 659.0 small-vehicle 1
6412.0 669.0 6407.0 669.0 6402.0 659.0 6408.0 657.0 small-vehicle 1
6438.0 660.0 6431.0 661.0 6426.0 651.0 6431.0 648.0 small-vehicle 1
6430.0 662.0 6424.0 663.0 6422.0 651.0 6428.0 649.0 small-vehicle 1
6425.0 663.0 6419.0 665.0 6414.0 654.0 6420.0 651.0 small-vehicle 1
6420.0 665.0 6413.0 667.0 6408.0 655.0 6414.0 653.0 small-vehicle 1
6432.0 673.0 6426.0 676.0 6422.0 665.0 6426.0 664.0 small-vehicle 1
5598.0 735.0 5600.0 743.0 5581.0 748.0 5579.0 741.0 small-vehicle 1
6424.0 675.0 6418.0 677.0 6415.0 667.0 6419.0 665.0 small-vehicle 1
6404.0 685.0 6399.0 687.0 6395.0 675.0 6400.0 673.0 small-vehicle 1
6440.0 700.0 6436.0 702.0 6431.0 691.0 6436.0 689.0 small-vehicle 1
6435.0 700.0 6430.0 704.0 6424.0 696.0 6430.0 692.0 small-vehicle 1
6418.0 709.0 6412.0 709.0 6408.0 698.0 6414.0 695.0 small-vehicle 1
6413.0 708.0 6408.0 711.0 6404.0 701.0 6408.0 699.0 small-vehicle 1
6371.0 698.0 6364.0 700.0 6362.0 687.0 6369.0 685.0 small-vehicle 1
6366.0 699.0 6360.0 701.0 6356.0 691.0 6360.0 689.0 small-vehicle 1
6242.0 741.0 6235.0 745.0 6232.0 731.0 6236.0 729.0 small-vehicle 1
6398.0 675.0 6394.0 676.0 6390.0 664.0 6396.0 662.0 small-vehicle 1
6387.0 677.0 6382.0 678.0 6379.0 669.0 6382.0 667.0 small-vehicle 1
6393.0 688.0 6387.0 689.0 6382.0 679.0 6388.0 677.0 small-vehicle 1
6381.0 692.0 6374.0 693.0 6374.0 682.0 6379.0 680.0 small-vehicle 1
6378.0 680.0 6372.0 681.0 6368.0 671.0 6372.0 669.0 small-vehicle 1
6383.0 649.0 6377.0 650.0 6374.0 641.0 6380.0 639.0 small-vehicle 1
6385.0 635.0 6392.0 633.0 6394.0 644.0 6389.0 647.0 small-vehicle 1
6400.0 645.0 6394.0 646.0 6392.0 637.0 6396.0 635.0 small-vehicle 1
6406.0 642.0 6400.0 643.0 6396.0 630.0 6402.0 629.0 small-vehicle 1
6416.0 637.0 6410.0 640.0 6405.0 627.0 6412.0 624.0 small-vehicle 1
6423.0 637.0 6418.0 637.0 6413.0 627.0 6418.0 625.0 small-vehicle 1
6428.0 635.0 6424.0 637.0 6419.0 625.0 6424.0 623.0 small-vehicle 1
6435.0 630.0 6429.0 633.0 6424.0 623.0 6430.0 620.0 small-vehicle 1
6440.0 627.0 6436.0 630.0 6430.0 618.0 6436.0 617.0 small-vehicle 1
4747.0 1835.0 4745.0 1831.0 4757.0 1825.0 4759.0 1829.0 small-vehicle 1
4338.0 1692.0 4340.0 1699.0 4328.0 1703.0 4325.0 1699.0 small-vehicle 1
6327.0 703.0 6331.0 700.0 6337.0 709.0 6330.0 712.0 small-vehicle 1
4589.0 1135.0 4588.0 1129.0 4598.0 1124.0 4600.0 1129.0 small-vehicle 1
4699.0 1099.0 4705.0 1099.0 4711.0 1109.0 4705.0 1113.0 small-vehicle 1
4705.0 1113.0 4699.0 1115.0 4695.0 1102.0 4699.0 1101.0 small-vehicle 1
4697.0 1114.0 4692.0 1116.0 4689.0 1107.0 4693.0 1104.0 small-vehicle 1
4689.0 1119.0 4681.0 1121.0 4678.0 1109.0 4682.0 1107.0 small-vehicle 1
4637.0 1109.0 4640.0 1114.0 4629.0 1119.0 4627.0 1115.0 small-vehicle 1
4601.0 1121.0 4600.0 1116.0 4609.0 1113.0 4611.0 1119.0 small-vehicle 1
4551.0 1143.0 4550.0 1136.0 4560.0 1131.0 4562.0 1137.0 small-vehicle 1
4599.0 1151.0 4595.0 1146.0 4605.0 1141.0 4607.0 1147.0 small-vehicle 1
4987.0 1039.0 4995.0 1039.0 4999.0 1047.0 4992.0 1049.0 small-vehicle 1
4991.0 1049.0 4999.0 1049.0 5001.0 1060.0 4995.0 1061.0 small-vehicle 1
5009.0 1093.0 5015.0 1090.0 5019.0 1103.0 5014.0 1105.0 small-vehicle 1
4567.0 1147.0 4564.0 1141.0 4577.0 1137.0 4578.0 1145.0 small-vehicle 1
4569.0 1154.0 4566.0 1149.0 4577.0 1144.0 4580.0 1150.0 small-vehicle 1
4573.0 1159.0 4571.0 1154.0 4582.0 1151.0 4584.0 1155.0 small-vehicle 1
4707.0 1098.0 4713.0 1097.0 4715.0 1108.0 4710.0 1110.0 small-vehicle 1
4711.0 1097.0 4717.0 1096.0 4720.0 1104.0 4716.0 1107.0 small-vehicle 1
4717.0 1094.0 4723.0 1093.0 4726.0 1102.0 4723.0 1104.0 small-vehicle 1
4723.0 1092.0 4728.0 1090.0 4731.0 1102.0 4728.0 1103.0 small-vehicle 1
4729.0 1089.0 4734.0 1087.0 4737.0 1097.0 4733.0 1099.0 small-vehicle 1
4733.0 1089.0 4737.0 1086.0 4743.0 1096.0 4737.0 1097.0 small-vehicle 1
4740.0 1083.0 4745.0 1082.0 4747.0 1094.0 4743.0 1095.0 small-vehicle 1
4749.0 1079.0 4755.0 1079.0 4759.0 1089.0 4755.0 1091.0 small-vehicle 1
4763.0 1077.0 4768.0 1077.0 4771.0 1088.0 4766.0 1089.0 small-vehicle 1
5068.0 1090.0 5063.0 1092.0 5057.0 1081.0 5062.0 1079.0 small-vehicle 1
5217.0 826.0 5215.0 820.0 5229.0 813.0 5231.0 821.0 small-vehicle 1
5069.0 735.0 5073.0 740.0 5063.0 745.0 5059.0 742.0 small-vehicle 1
5385.0 797.0 5387.0 805.0 5371.0 809.0 5369.0 803.0 small-vehicle 1
5178.0 883.0 5178.0 891.0 5138.0 903.0 5135.0 896.0 large-vehicle 0
5061.0 955.0 5069.0 952.0 5073.0 967.0 5068.0 969.0 small-vehicle 1
5038.0 932.0 5047.0 929.0 5052.0 943.0 5045.0 946.0 small-vehicle 1
5017.0 910.0 5025.0 908.0 5030.0 921.0 5025.0 925.0 small-vehicle 1
4595.0 1147.0 4591.0 1141.0 4601.0 1137.0 4603.0 1143.0 small-vehicle 1
4529.0 1155.0 4527.0 1151.0 4537.0 1146.0 4539.0 1152.0 small-vehicle 1
4324.0 1697.0 4325.0 1705.0 4316.0 1708.0 4314.0 1702.0 small-vehicle 1
5243.0 845.0 5244.0 853.0 5231.0 855.0 5229.0 848.0 small-vehicle 1
4654.0 1331.0 4653.0 1327.0 4663.0 1323.0 4665.0 1329.0 small-vehicle 1
4661.0 1309.0 4663.0 1315.0 4650.0 1321.0 4648.0 1315.0 small-vehicle 1
4656.0 1299.0 4659.0 1303.0 4645.0 1309.0 4643.0 1305.0 small-vehicle 1
4649.0 1271.0 4652.0 1276.0 4639.0 1281.0 4637.0 1275.0 small-vehicle 1
4609.0 1286.0 4611.0 1293.0 4601.0 1296.0 4599.0 1291.0 small-vehicle 1
5285.0 849.0 5287.0 857.0 5274.0 859.0 5271.0 854.0 small-vehicle 1
5195.0 866.0 5198.0 873.0 5185.0 881.0 5182.0 875.0 small-vehicle 1
4537.0 1174.0 4534.0 1168.0 4543.0 1164.0 4545.0 1169.0 small-vehicle 1
5169.0 1067.0 5191.0 1067.0 5191.0 1085.0 5169.0 1085.0 storage-tank 0
5170.0 1087.0 5192.0 1087.0 5192.0 1105.0 5170.0 1105.0 storage-tank 0
5183.0 1103.0 5203.0 1103.0 5203.0 1122.0 5183.0 1122.0 storage-tank 0
4736.0 1800.0 4733.0 1794.0 4746.0 1788.0 4749.0 1794.0 small-vehicle 1
4279.0 1721.0 4276.0 1715.0 4289.0 1709.0 4291.0 1715.0 small-vehicle 1
4292.0 1717.0 4290.0 1711.0 4303.0 1705.0 4304.0 1712.0 small-vehicle 1
4655.0 1339.0 4654.0 1333.0 4667.0 1327.0 4669.0 1334.0 small-vehicle 1
4687.0 1286.0 4687.0 1294.0 4677.0 1295.0 4676.0 1288.0 small-vehicle 1
4686.0 1281.0 4687.0 1285.0 4676.0 1291.0 4675.0 1285.0 small-vehicle 1
4692.0 1299.0 4693.0 1304.0 4683.0 1308.0 4681.0 1303.0 small-vehicle 1
4697.0 1318.0 4700.0 1323.0 4688.0 1327.0 4687.0 1322.0 small-vehicle 1
4705.0 1389.0 4703.0 1381.0 4717.0 1379.0 4718.0 1385.0 small-vehicle 1
4466.0 1256.0 4459.0 1257.0 4455.0 1244.0 4460.0 1243.0 small-vehicle 1
4474.0 1278.0 4469.0 1280.0 4466.0 1269.0 4471.0 1267.0 small-vehicle 1
4486.0 1276.0 4479.0 1277.0 4475.0 1267.0 4481.0 1264.0 small-vehicle 1
4509.0 1302.0 4511.0 1307.0 4499.0 1313.0 4497.0 1307.0 small-vehicle 1
4507.0 1297.0 4509.0 1302.0 4497.0 1306.0 4495.0 1301.0 small-vehicle 1
4513.0 1315.0 4514.0 1321.0 4504.0 1325.0 4502.0 1319.0 small-vehicle 1
4980.0 1160.0 4986.0 1159.0 4987.0 1172.0 4981.0 1173.0 small-vehicle 1
4983.0 1159.0 4990.0 1155.0 4995.0 1167.0 4991.0 1170.0 small-vehicle 1
4451.0 1177.0 4450.0 1171.0 4461.0 1168.0 4462.0 1173.0 small-vehicle 1
4521.0 1172.0 4518.0 1167.0 4528.0 1161.0 4529.0 1168.0 small-vehicle 1
4517.0 1165.0 4515.0 1160.0 4527.0 1157.0 4529.0 1163.0 small-vehicle 1
6391.0 706.0 6396.0 705.0 6402.0 717.0 6398.0 718.0 small-vehicle 1
6337.0 695.0 6330.0 698.0 6324.0 685.0 6329.0 683.0 small-vehicle 1
6645.0 1013.0 6637.0 1014.0 6634.0 1004.0 6641.0 1002.0 small-vehicle 1
6312.0 1172.0 6307.0 1174.0 6303.0 1164.0 6307.0 1162.0 small-vehicle 1
6338.0 1208.0 6334.0 1208.0 6328.0 1198.0 6334.0 1195.0 small-vehicle 1
6354.0 1203.0 6349.0 1205.0 6343.0 1192.0 6348.0 1190.0 small-vehicle 1
6330.0 1135.0 6332.0 1128.0 6342.0 1130.0 6342.0 1136.0 small-vehicle 1
6326.0 1146.0 6326.0 1142.0 6340.0 1143.0 6340.0 1148.0 small-vehicle 1
6326.0 1160.0 6326.0 1154.0 6338.0 1156.0 6338.0 1160.0 small-vehicle 1
6320.0 1169.0 6316.0 1170.0 6308.0 1160.0 6312.0 1158.0 small-vehicle 1
6308.0 1175.0 6302.0 1176.0 6298.0 1166.0 6303.0 1164.0 small-vehicle 1
5796.0 1759.0 5798.0 1765.0 5786.0 1769.0 5785.0 1764.0 small-vehicle 1
6303.0 1178.0 6296.0 1180.0 6292.0 1168.0 6297.0 1166.0 small-vehicle 1
6186.0 1524.0 6192.0 1522.0 6196.0 1534.0 6190.0 1537.0 small-vehicle 1
6193.0 1521.0 6198.0 1520.0 6203.0 1532.0 6198.0 1536.0 small-vehicle 1
6214.0 1532.0 6208.0 1535.0 6200.0 1521.0 6208.0 1519.0 small-vehicle 1
6286.0 1521.0 6291.0 1516.0 6300.0 1527.0 6296.0 1530.0 small-vehicle 1
5778.0 1729.0 5776.0 1721.0 5791.0 1717.0 5792.0 1724.0 small-vehicle 1
6282.0 1108.0 6282.0 1102.0 6292.0 1103.0 6292.0 1109.0 small-vehicle 1
6280.0 1101.0 6281.0 1096.0 6293.0 1098.0 6292.0 1104.0 small-vehicle 1
6248.0 1138.0 6248.0 1134.0 6262.0 1134.0 6260.0 1140.0 small-vehicle 1
6244.0 1158.0 6245.0 1153.0 6257.0 1153.0 6256.0 1159.0 small-vehicle 1
6232.0 1168.0 6233.0 1162.0 6246.0 1163.0 6244.0 1169.0 small-vehicle 1
6271.0 1189.0 6265.0 1192.0 6260.0 1181.0 6266.0 1180.0 small-vehicle 1
6258.0 1194.0 6252.0 1196.0 6248.0 1184.0 6253.0 1182.0 small-vehicle 1
6252.0 1197.0 6247.0 1198.0 6242.0 1187.0 6248.0 1185.0 small-vehicle 1
6248.0 1198.0 6242.0 1200.0 6237.0 1188.0 6241.0 1186.0 small-vehicle 1
6149.0 1244.0 6155.0 1242.0 6160.0 1253.0 6154.0 1255.0 small-vehicle 1
6154.0 1240.0 6160.0 1238.0 6162.0 1252.0 6158.0 1254.0 small-vehicle 1
6167.0 1238.0 6174.0 1236.0 6177.0 1246.0 6173.0 1248.0 small-vehicle 1
6162.0 1239.0 6166.0 1237.0 6172.0 1247.0 6168.0 1249.0 small-vehicle 1
6193.0 1206.0 6197.0 1202.0 6200.0 1214.0 6198.0 1216.0 small-vehicle 1
6207.0 1199.0 6214.0 1196.0 6217.0 1210.0 6212.0 1212.0 small-vehicle 1
6224.0 1191.0 6232.0 1190.0 6234.0 1202.0 6231.0 1204.0 small-vehicle 1
6219.0 1198.0 6226.0 1194.0 6230.0 1204.0 6226.0 1206.0 small-vehicle 1
5792.0 1752.0 5794.0 1759.0 5782.0 1763.0 5780.0 1758.0 small-vehicle 1
5763.0 1854.0 5766.0 1860.0 5754.0 1864.0 5753.0 1860.0 small-vehicle 1
6364.0 1166.0 6364.0 1172.0 6350.0 1170.0 6350.0 1165.0 small-vehicle 1
6769.0 767.0 6777.0 768.0 6770.0 793.0 6763.0 791.0 large-vehicle 0
7082.0 2007.0 7074.0 2007.0 7077.0 1976.0 7085.0 1976.0 large-vehicle 0
6983.0 1083.0 6993.0 1080.0 7001.0 1105.0 6993.0 1108.0 large-vehicle 0
6831.0 731.0 6839.0 732.0 6833.0 760.0 6826.0 758.0 large-vehicle 0
6809.0 750.0 6816.0 752.0 6809.0 774.0 6802.0 774.0 large-vehicle 0
6799.0 751.0 6807.0 754.0 6799.0 776.0 6793.0 774.0 large-vehicle 0
6779.0 764.0 6786.0 765.0 6781.0 788.0 6775.0 788.0 large-vehicle 0
7349.0 883.0 7353.0 876.0 7368.0 884.0 7365.0 890.0 small-vehicle 1
5765.0 1860.0 5766.0 1868.0 5755.0 1872.0 5754.0 1867.0 small-vehicle 1
7301.0 823.0 7303.0 815.0 7321.0 820.0 7319.0 826.0 small-vehicle 1
6641.0 1180.0 6639.0 1172.0 6653.0 1168.0 6654.0 1174.0 small-vehicle 1
6598.0 1024.0 6595.0 1019.0 6601.0 1012.0 6605.0 1017.0 small-vehicle 1
6689.0 1015.0 6691.0 1022.0 6680.0 1028.0 6677.0 1022.0 small-vehicle 1
6676.0 1020.0 6677.0 1028.0 6667.0 1032.0 6664.0 1026.0 small-vehicle 1
6647.0 1021.0 6641.0 1025.0 6635.0 1016.0 6643.0 1012.0 small-vehicle 1
7170.0 1936.0 7179.0 1936.0 7178.0 1960.0 7168.0 1961.0 large-vehicle 0
7173.0 1984.0 7181.0 1986.0 7175.0 2012.0 7167.0 2011.0 large-vehicle 0
7116.0 2064.0 7123.0 2068.0 7117.0 2090.0 7109.0 2088.0 large-vehicle 0
7121.0 2054.0 7121.0 2060.0 7095.0 2061.0 7094.0 2054.0 large-vehicle 0
7045.0 2056.0 7040.0 2048.0 7066.0 2034.0 7070.0 2041.0 large-vehicle 0
6813.0 2381.0 6811.0 2374.0 6835.0 2363.0 6837.0 2371.0 large-vehicle 0
7480.0 2425.0 7483.0 2433.0 7453.0 2441.0 7451.0 2433.0 large-vehicle 0
7531.0 2407.0 7534.0 2415.0 7502.0 2425.0 7498.0 2417.0 large-vehicle 0
6158.0 3152.0 6158.0 3158.0 6148.0 3162.0 6146.0 3155.0 small-vehicle 1
6134.0 3160.0 6136.0 3166.0 6122.0 3172.0 6120.0 3168.0 small-vehicle 1
6096.0 3180.0 6098.0 3186.0 6086.0 3190.0 6082.0 3184.0 small-vehicle 1
6114.0 3168.0 6118.0 3175.0 6102.0 3182.0 6099.0 3176.0 small-vehicle 1
5796.0 1936.0 5798.0 1943.0 5782.0 1947.0 5780.0 1942.0 small-vehicle 1
5793.0 1930.0 5795.0 1936.0 5782.0 1941.0 5780.0 1936.0 small-vehicle 1
5788.0 1918.0 5790.0 1926.0 5776.0 1931.0 5774.0 1926.0 small-vehicle 1
5776.0 1891.0 5777.0 1898.0 5766.0 1902.0 5764.0 1895.0 small-vehicle 1
5774.0 1885.0 5774.0 1890.0 5764.0 1896.0 5762.0 1890.0 small-vehicle 1
6364.0 1174.0 6362.0 1178.0 6350.0 1175.0 6350.0 1172.0 small-vehicle 1
6319.0 1186.0 6324.0 1189.0 6315.0 1199.0 6311.0 1196.0 small-vehicle 1
6455.0 693.0 6462.0 692.0 6464.0 703.0 6458.0 705.0 small-vehicle 1
6352.0 732.0 6358.0 730.0 6364.0 741.0 6358.0 743.0 small-vehicle 1
5890.0 815.0 5891.0 807.0 5911.0 808.0 5910.0 815.0 small-vehicle 1
6224.0 766.0 6228.0 763.0 6235.0 773.0 6230.0 777.0 small-vehicle 1
6248.0 729.0 6254.0 727.0 6258.0 737.0 6253.0 739.0 small-vehicle 1
6289.0 757.0 6294.0 755.0 6298.0 765.0 6294.0 768.0 small-vehicle 1
6334.0 738.0 6338.0 737.0 6347.0 747.0 6341.0 749.0 small-vehicle 1
6340.0 731.0 6348.0 731.0 6351.0 745.0 6346.0 746.0 small-vehicle 1
6420.0 737.0 6427.0 733.0 6434.0 747.0 6428.0 749.0 small-vehicle 1
6323.0 802.0 6328.0 799.0 6333.0 809.0 6328.0 812.0 small-vehicle 1
6412.0 740.0 6419.0 738.0 6422.0 751.0 6417.0 753.0 small-vehicle 1
6414.0 781.0 6408.0 783.0 6404.0 773.0 6410.0 769.0 small-vehicle 1
6421.0 777.0 6414.0 779.0 6411.0 771.0 6416.0 768.0 small-vehicle 1
6396.0 789.0 6404.0 785.0 6407.0 797.0 6402.0 799.0 small-vehicle 1
6372.0 783.0 6378.0 782.0 6382.0 792.0 6376.0 796.0 small-vehicle 1
6382.0 779.0 6386.0 777.0 6391.0 789.0 6387.0 791.0 small-vehicle 1
6182.0 791.0 6175.0 795.0 6168.0 782.0 6174.0 779.0 small-vehicle 1
5849.0 667.0 5850.0 676.0 5836.0 679.0 5836.0 671.0 small-vehicle 1
6183.0 565.0 6184.0 574.0 6169.0 578.0 6168.0 569.0 small-vehicle 1
6256.0 695.0 6250.0 699.0 6244.0 685.0 6250.0 682.0 small-vehicle 1
6400.0 727.0 6394.0 727.0 6392.0 716.0 6397.0 715.0 small-vehicle 1
6428.0 719.0 6422.0 719.0 6420.0 709.0 6425.0 708.0 small-vehicle 1
6443.0 740.0 6438.0 743.0 6430.0 731.0 6436.0 727.0 small-vehicle 1
6454.0 739.0 6446.0 741.0 6442.0 729.0 6448.0 726.0 small-vehicle 1
6460.0 736.0 6452.0 741.0 6448.0 728.0 6452.0 725.0 small-vehicle 1
6466.0 735.0 6458.0 739.0 6454.0 723.0 6461.0 722.0 small-vehicle 1
6470.0 732.0 6464.0 735.0 6460.0 725.0 6466.0 721.0 small-vehicle 1
6476.0 731.0 6470.0 733.0 6467.0 722.0 6472.0 719.0 small-vehicle 1
6498.0 716.0 6501.0 721.0 6490.0 726.0 6487.0 723.0 small-vehicle 1
6498.0 711.0 6499.0 717.0 6488.0 722.0 6486.0 717.0 small-vehicle 1
6494.0 705.0 6495.0 711.0 6485.0 714.0 6482.0 709.0 small-vehicle 1
6490.0 698.0 6492.0 705.0 6480.0 711.0 6476.0 708.0 small-vehicle 1
6461.0 691.0 6468.0 690.0 6472.0 701.0 6467.0 703.0 small-vehicle 1
6387.0 778.0 6391.0 775.0 6396.0 786.0 6392.0 789.0 small-vehicle 1
6274.0 833.0 6279.0 829.0 6285.0 841.0 6280.0 845.0 small-vehicle 1
6287.0 1148.0 6288.0 1142.0 6302.0 1142.0 6300.0 1148.0 small-vehicle 1
6360.0 1110.0 6364.0 1112.0 6358.0 1122.0 6353.0 1120.0 small-vehicle 1
6334.0 1098.0 6335.0 1103.0 6323.0 1104.0 6324.0 1098.0 small-vehicle 1
6309.0 1096.0 6308.0 1101.0 6294.0 1100.0 6294.0 1094.0 small-vehicle 1
6308.0 1112.0 6307.0 1119.0 6289.0 1118.0 6290.0 1112.0 small-vehicle 1
6290.0 1128.0 6289.0 1134.0 6278.0 1134.0 6278.0 1128.0 small-vehicle 1
6285.0 1153.0 6285.0 1148.0 6296.0 1148.0 6296.0 1153.0 small-vehicle 1
6356.0 1105.0 6360.0 1109.0 6352.0 1116.0 6348.0 1115.0 small-vehicle 1
6360.0 1110.0 6360.0 1106.0 6375.0 1106.0 6374.0 1110.0 small-vehicle 1
6210.0 843.0 6215.0 840.0 6220.0 853.0 6215.0 855.0 small-vehicle 1
6359.0 1132.0 6360.0 1124.0 6372.0 1124.0 6370.0 1130.0 small-vehicle 1
6356.0 1139.0 6358.0 1134.0 6369.0 1136.0 6368.0 1140.0 small-vehicle 1
6357.0 1146.0 6357.0 1140.0 6368.0 1142.0 6368.0 1147.0 small-vehicle 1
6355.0 1154.0 6355.0 1150.0 6366.0 1149.0 6366.0 1155.0 small-vehicle 1
6368.0 1137.0 6368.0 1132.0 6380.0 1132.0 6380.0 1137.0 small-vehicle 1
6384.0 1076.0 6388.0 1080.0 6382.0 1090.0 6376.0 1087.0 small-vehicle 1
6325.0 1078.0 6329.0 1082.0 6323.0 1089.0 6320.0 1089.0 small-vehicle 1
6345.0 1098.0 6348.0 1103.0 6342.0 1111.0 6338.0 1108.0 small-vehicle 1
6249.0 1120.0 6250.0 1117.0 6263.0 1120.0 6262.0 1123.0 small-vehicle 1
6252.0 1110.0 6253.0 1104.0 6268.0 1106.0 6266.0 1111.0 small-vehicle 1
6254.0 1104.0 6254.0 1099.0 6268.0 1100.0 6266.0 1104.0 small-vehicle 1
6274.0 1036.0 6278.0 1043.0 6270.0 1052.0 6266.0 1048.0 small-vehicle 1
6266.0 1028.0 6271.0 1032.0 6264.0 1042.0 6260.0 1040.0 small-vehicle 1
6236.0 1030.0 6242.0 1028.0 6247.0 1039.0 6242.0 1042.0 small-vehicle 1
6244.0 1027.0 6249.0 1026.0 6253.0 1040.0 6250.0 1041.0 small-vehicle 1
6304.0 1026.0 6298.0 1024.0 6307.0 1012.0 6313.0 1015.0 small-vehicle 1
6461.0 763.0 6458.0 764.0 6452.0 754.0 6456.0 751.0 small-vehicle 1
6480.0 759.0 6474.0 760.0 6470.0 749.0 6474.0 748.0 small-vehicle 1
6445.0 770.0 6440.0 772.0 6436.0 763.0 6441.0 759.0 small-vehicle 1
6418.0 793.0 6414.0 795.0 6408.0 786.0 6413.0 783.0 small-vehicle 1
6426.0 779.0 6431.0 777.0 6435.0 787.0 6431.0 789.0 small-vehicle 1
6430.0 777.0 6435.0 775.0 6440.0 784.0 6436.0 787.0 small-vehicle 1
6426.0 765.0 6432.0 763.0 6435.0 774.0 6430.0 777.0 small-vehicle 1
282.0 2788.0 330.0 2884.0 230.0 2930.0 178.0 2840.0 plane 0
