imagesource:GoogleEarth
gsd:0.512183948351
481.0 288.0 476.0 288.0 476.0 279.0 481.0 279.0 small-vehicle 1
170.0 46.0 171.0 40.0 180.0 41.0 179.0 46.0 small-vehicle 1
115.0 74.0 116.0 79.0 104.0 81.0 104.0 76.0 small-vehicle 1
96.0 69.0 96.0 74.0 85.0 74.0 85.0 69.0 small-vehicle 1
90.0 54.0 91.0 48.0 102.0 48.0 102.0 53.0 small-vehicle 1
84.0 63.0 83.0 57.0 93.0 56.0 93.0 61.0 small-vehicle 1
58.0 77.0 57.0 72.0 67.0 71.0 67.0 75.0 small-vehicle 1
21.0 83.0 20.0 78.0 31.0 77.0 31.0 82.0 small-vehicle 1
429.0 234.0 451.0 231.0 456.0 280.0 433.0 281.0 tennis-court 0
292.0 336.0 314.0 334.0 318.0 382.0 295.0 383.0 tennis-court 0
373.0 238.0 395.0 236.0 398.0 284.0 377.0 286.0 tennis-court 0
402.0 236.0 424.0 235.0 428.0 282.0 406.0 284.0 tennis-court 0
344.0 240.0 366.0 238.0 370.0 286.0 346.0 287.0 tennis-court 0
316.0 242.0 338.0 240.0 341.0 287.0 318.0 289.0 tennis-court 0
287.0 245.0 310.0 243.0 312.0 290.0 289.0 291.0 tennis-court 0
279.0 456.0 348.0 452.0 352.0 522.0 283.0 524.0 baseball-diamond 0
476.0 678.0 588.0 624.0 682.0 818.0 571.0 870.0 soccer-ball-field 1
350.0 528.0 374.0 648.0 586.0 609.0 562.0 488.0 soccer-ball-field 1
545.0 427.0 546.0 488.0 488.0 487.0 488.0 426.0 baseball-diamond 0
152.0 54.0 152.0 51.0 159.0 50.0 159.0 55.0 small-vehicle 1
158.0 63.0 157.0 68.0 147.0 69.0 147.0 64.0 small-vehicle 1
221.0 771.0 215.0 773.0 210.0 760.0 216.0 758.0 small-vehicle 1
164.0 69.0 164.0 73.0 154.0 75.0 153.0 70.0 small-vehicle 1
204.0 726.0 209.0 725.0 212.0 733.0 208.0 735.0 small-vehicle 1
441.0 432.0 436.0 433.0 435.0 422.0 440.0 421.0 small-vehicle 1
78.0 313.0 82.0 313.0 82.0 321.0 78.0 321.0 small-vehicle 1
470.0 358.0 464.0 358.0 463.0 348.0 469.0 347.0 small-vehicle 1
374.0 359.0 374.0 353.0 385.0 354.0 385.0 359.0 small-vehicle 1
374.0 351.0 374.0 347.0 385.0 347.0 385.0 351.0 small-vehicle 1
417.0 321.0 422.0 320.0 422.0 331.0 417.0 331.0 small-vehicle 1
412.0 321.0 416.0 321.0 416.0 330.0 413.0 331.0 small-vehicle 1
404.0 322.0 409.0 321.0 411.0 333.0 406.0 334.0 small-vehicle 1
399.0 324.0 403.0 323.0 405.0 334.0 400.0 334.0 small-vehicle 1
69.0 234.0 64.0 234.0 65.0 224.0 69.0 224.0 small-vehicle 1
77.0 213.0 81.0 213.0 82.0 222.0 78.0 222.0 small-vehicle 1
382.0 27.0 381.0 21.0 392.0 20.0 392.0 25.0 small-vehicle 1
339.0 26.0 340.0 31.0 328.0 33.0 327.0 27.0 small-vehicle 1
266.0 34.0 266.0 40.0 256.0 41.0 255.0 36.0 small-vehicle 1
70.0 191.0 66.0 191.0 66.0 178.0 70.0 178.0 small-vehicle 1
71.0 140.0 66.0 141.0 66.0 128.0 71.0 128.0 small-vehicle 1
320.0 335.0 343.0 333.0 346.0 379.0 324.0 381.0 tennis-court 0
