imagesource:GoogleEarth
gsd:0.276005842997
524.0 458.0 523.0 449.0 542.0 447.0 543.0 456.0 small-vehicle 0
219.0 53.0 214.0 46.0 233.0 33.0 239.0 40.0 small-vehicle 0
179.0 231.0 223.0 231.0 224.0 321.0 179.0 321.0 tennis-court 0
233.0 231.0 276.0 231.0 276.0 320.0 233.0 320.0 tennis-court 0
285.0 231.0 329.0 231.0 330.0 321.0 286.0 321.0 tennis-court 0
339.0 231.0 381.0 230.0 382.0 320.0 339.0 320.0 tennis-court 0
404.0 231.0 448.0 231.0 450.0 320.0 405.0 320.0 tennis-court 0
457.0 229.0 501.0 231.0 502.0 320.0 459.0 321.0 tennis-court 0
189.0 376.0 234.0 377.0 233.0 467.0 190.0 467.0 tennis-court 0
278.0 378.0 322.0 378.0 321.0 466.0 277.0 467.0 tennis-court 0
331.0 378.0 374.0 378.0 374.0 466.0 330.0 466.0 tennis-court 0
276.0 513.0 320.0 513.0 321.0 601.0 277.0 601.0 tennis-court 0
330.0 513.0 373.0 513.0 373.0 602.0 330.0 603.0 tennis-court 0
464.0 539.0 464.0 516.0 506.0 516.0 506.0 539.0 tennis-court 0
466.0 567.0 464.0 545.0 506.0 546.0 507.0 567.0 tennis-court 0
96.0 20.0 88.0 19.0 89.0 4.0 97.0 4.0 small-vehicle 0
136.0 123.0 129.0 123.0 127.0 107.0 135.0 106.0 small-vehicle 0
522.0 436.0 523.0 426.0 542.0 428.0 541.0 436.0 small-vehicle 0
130.0 142.0 124.0 146.0 116.0 134.0 122.0 130.0 small-vehicle 1
55.0 37.0 56.0 28.0 72.0 31.0 72.0 38.0 small-vehicle 0
95.0 38.0 88.0 39.0 88.0 21.0 95.0 21.0 small-vehicle 0
109.0 29.0 99.0 29.0 99.0 9.0 107.0 10.0 small-vehicle 0
99.0 30.0 106.0 30.0 107.0 45.0 100.0 44.0 small-vehicle 0
95.0 57.0 86.0 57.0 86.0 40.0 95.0 41.0 small-vehicle 0
61.0 58.0 60.0 50.0 78.0 49.0 78.0 57.0 small-vehicle 0
106.0 108.0 97.0 107.0 98.0 86.0 107.0 86.0 small-vehicle 0
107.0 85.0 98.0 85.0 99.0 65.0 107.0 65.0 small-vehicle 0
105.0 63.0 98.0 63.0 99.0 46.0 106.0 47.0 small-vehicle 0
107.0 112.0 114.0 112.0 115.0 125.0 108.0 125.0 small-vehicle 1
105.0 123.0 97.0 122.0 98.0 108.0 105.0 108.0 small-vehicle 1
81.0 75.0 83.0 82.0 66.0 85.0 64.0 78.0 small-vehicle 1
608.0 381.0 608.0 372.0 629.0 372.0 629.0 380.0 small-vehicle 0
125.0 232.0 170.0 232.0 169.0 321.0 124.0 321.0 tennis-court 0
