imagesource:GoogleEarth
gsd:0.271068389988
656.0 93.0 658.0 102.0 637.0 108.0 634.0 99.0 small-vehicle 1
534.0 123.0 531.0 114.0 548.0 109.0 551.0 118.0 small-vehicle 0
596.0 18.0 593.0 10.0 608.0 4.0 611.0 11.0 small-vehicle 0
603.0 35.0 599.0 26.0 620.0 18.0 624.0 27.0 small-vehicle 0
623.0 27.0 625.0 37.0 610.0 42.0 606.0 33.0 small-vehicle 0
628.0 45.0 631.0 52.0 617.0 59.0 613.0 53.0 small-vehicle 0
566.0 63.0 558.0 63.0 555.0 45.0 563.0 43.0 small-vehicle 0
557.0 65.0 549.0 67.0 546.0 47.0 554.0 46.0 small-vehicle 0
523.0 50.0 535.0 46.0 542.0 71.0 531.0 74.0 small-vehicle 0
536.0 51.0 543.0 49.0 549.0 68.0 542.0 70.0 small-vehicle 0
506.0 59.0 516.0 57.0 521.0 75.0 512.0 78.0 small-vehicle 0
497.0 63.0 507.0 60.0 511.0 78.0 501.0 81.0 small-vehicle 0
561.0 66.0 570.0 63.0 577.0 84.0 567.0 87.0 small-vehicle 0
551.0 70.0 559.0 68.0 565.0 84.0 557.0 87.0 small-vehicle 0
539.0 74.0 548.0 70.0 554.0 88.0 545.0 92.0 small-vehicle 0
539.0 132.0 535.0 122.0 552.0 117.0 555.0 126.0 small-vehicle 0
549.0 21.0 539.0 23.0 536.0 3.0 545.0 1.0 small-vehicle 0
550.0 136.0 547.0 128.0 565.0 122.0 568.0 131.0 small-vehicle 0
596.0 129.0 591.0 120.0 609.0 111.0 614.0 120.0 small-vehicle 0
601.0 138.0 596.0 129.0 614.0 120.0 619.0 129.0 small-vehicle 0
538.0 150.0 536.0 140.0 553.0 135.0 557.0 144.0 small-vehicle 0
542.0 160.0 539.0 150.0 557.0 145.0 560.0 154.0 small-vehicle 0
549.0 178.0 545.0 169.0 564.0 163.0 567.0 172.0 small-vehicle 0
611.0 164.0 615.0 174.0 595.0 183.0 590.0 173.0 small-vehicle 0
604.0 148.0 600.0 140.0 618.0 129.0 623.0 139.0 small-vehicle 0
608.0 155.0 603.0 146.0 622.0 139.0 625.0 147.0 small-vehicle 0
612.0 163.0 608.0 154.0 624.0 146.0 629.0 155.0 small-vehicle 0
617.0 171.0 613.0 161.0 630.0 154.0 634.0 164.0 small-vehicle 0
552.0 187.0 548.0 177.0 567.0 171.0 570.0 181.0 small-vehicle 0
552.0 207.0 550.0 196.0 571.0 193.0 573.0 203.0 small-vehicle 0
558.0 19.0 549.0 22.0 544.0 2.0 553.0 0.0 small-vehicle 0
539.0 25.0 532.0 28.0 526.0 8.0 534.0 5.0 small-vehicle 0
607.0 197.0 603.0 189.0 620.0 182.0 624.0 190.0 small-vehicle 0
308.0 27.0 299.0 29.0 295.0 12.0 304.0 10.0 small-vehicle 0
201.0 115.0 243.0 103.0 265.0 191.0 225.0 202.0 tennis-court 0
254.0 100.0 294.0 89.0 318.0 177.0 275.0 188.0 tennis-court 0
329.0 81.0 369.0 70.0 393.0 156.0 353.0 167.0 tennis-court 0
382.0 67.0 423.0 55.0 446.0 143.0 406.0 153.0 tennis-court 0
433.0 52.0 474.0 42.0 496.0 129.0 457.0 140.0 tennis-court 0
188.0 280.0 230.0 267.0 254.0 356.0 212.0 366.0 tennis-court 0
240.0 266.0 282.0 254.0 306.0 341.0 265.0 352.0 tennis-court 0
293.0 251.0 334.0 240.0 358.0 326.0 318.0 338.0 tennis-court 0
224.0 47.0 216.0 50.0 210.0 30.0 219.0 28.0 small-vehicle 0
241.0 42.0 232.0 44.0 228.0 25.0 236.0 23.0 small-vehicle 0
251.0 40.0 242.0 42.0 237.0 23.0 246.0 21.0 small-vehicle 0
282.0 35.0 272.0 37.0 266.0 20.0 276.0 16.0 small-vehicle 0
291.0 30.0 282.0 34.0 275.0 16.0 285.0 13.0 small-vehicle 0
320.0 24.0 312.0 26.0 307.0 8.0 315.0 6.0 small-vehicle 0
528.0 30.0 520.0 31.0 516.0 13.0 524.0 11.0 small-vehicle 0
82.0 141.0 73.0 143.0 69.0 123.0 78.0 121.0 small-vehicle 0
80.0 168.0 90.0 165.0 96.0 188.0 86.0 190.0 small-vehicle 0
86.0 193.0 95.0 190.0 100.0 209.0 92.0 212.0 small-vehicle 0
76.0 195.0 85.0 192.0 91.0 211.0 82.0 213.0 small-vehicle 0
62.0 179.0 70.0 177.0 75.0 194.0 68.0 196.0 small-vehicle 0
57.0 199.0 66.0 195.0 72.0 213.0 63.0 216.0 small-vehicle 0
48.0 203.0 57.0 200.0 63.0 219.0 54.0 221.0 small-vehicle 0
26.0 187.0 35.0 184.0 40.0 205.0 31.0 208.0 small-vehicle 0
16.0 189.0 26.0 185.0 30.0 203.0 20.0 205.0 small-vehicle 0
6.0 189.0 15.0 187.0 19.0 205.0 10.0 207.0 small-vehicle 0
19.0 234.0 10.0 237.0 4.0 213.0 13.0 210.0 small-vehicle 0
509.0 31.0 500.0 34.0 495.0 15.0 503.0 11.0 small-vehicle 0
517.0 33.0 508.0 33.0 507.0 10.0 516.0 10.0 small-vehicle 0
563.0 221.0 559.0 209.0 581.0 204.0 584.0 215.0 small-vehicle 0
580.0 238.0 577.0 228.0 593.0 223.0 597.0 233.0 small-vehicle 0
666.0 116.0 669.0 126.0 653.0 133.0 649.0 123.0 small-vehicle 1
686.0 381.0 683.0 371.0 703.0 368.0 706.0 378.0 small-vehicle 0
654.0 348.0 651.0 338.0 672.0 330.0 675.0 340.0 small-vehicle 0
652.0 335.0 648.0 323.0 669.0 319.0 672.0 329.0 small-vehicle 0
671.0 323.0 669.0 315.0 690.0 311.0 692.0 319.0 small-vehicle 0
668.0 315.0 665.0 307.0 687.0 301.0 689.0 310.0 small-vehicle 0
649.0 322.0 646.0 312.0 665.0 306.0 667.0 317.0 small-vehicle 0
674.0 334.0 671.0 323.0 695.0 318.0 696.0 330.0 small-vehicle 0
693.0 328.0 695.0 337.0 677.0 342.0 674.0 333.0 small-vehicle 0
697.0 338.0 698.0 347.0 678.0 352.0 675.0 343.0 small-vehicle 0
681.0 362.0 678.0 352.0 698.0 348.0 700.0 358.0 small-vehicle 0
661.0 361.0 658.0 350.0 675.0 345.0 678.0 355.0 small-vehicle 0
663.0 370.0 660.0 361.0 677.0 357.0 680.0 365.0 small-vehicle 0
682.0 372.0 680.0 362.0 700.0 358.0 703.0 368.0 small-vehicle 0
666.0 385.0 661.0 375.0 678.0 368.0 683.0 377.0 small-vehicle 0
687.0 390.0 684.0 381.0 703.0 376.0 706.0 386.0 small-vehicle 0
610.0 352.0 608.0 342.0 628.0 337.0 630.0 347.0 small-vehicle 0
689.0 400.0 686.0 390.0 706.0 387.0 709.0 397.0 small-vehicle 0
691.0 410.0 689.0 399.0 708.0 396.0 710.0 405.0 small-vehicle 0
692.0 417.0 690.0 408.0 708.0 406.0 710.0 415.0 small-vehicle 0
632.0 52.0 636.0 60.0 621.0 69.0 616.0 61.0 small-vehicle 0
586.0 265.0 582.0 257.0 599.0 251.0 602.0 260.0 small-vehicle 1
219.0 510.0 216.0 520.0 188.0 512.0 192.0 502.0 small-vehicle 1
675.0 451.0 673.0 443.0 692.0 438.0 694.0 447.0 small-vehicle 1
694.0 180.0 699.0 186.0 683.0 194.0 680.0 187.0 small-vehicle 1
687.0 162.0 691.0 169.0 675.0 178.0 672.0 171.0 small-vehicle 1
681.0 152.0 685.0 160.0 672.0 168.0 667.0 161.0 small-vehicle 1
677.0 143.0 680.0 149.0 664.0 158.0 661.0 153.0 small-vehicle 1
674.0 134.0 678.0 141.0 659.0 151.0 656.0 144.0 small-vehicle 1
671.0 126.0 674.0 134.0 655.0 143.0 651.0 136.0 small-vehicle 1
614.0 360.0 611.0 351.0 631.0 344.0 635.0 354.0 small-vehicle 0
608.0 343.0 604.0 334.0 623.0 327.0 626.0 337.0 small-vehicle 0
582.0 249.0 579.0 238.0 600.0 234.0 603.0 244.0 small-vehicle 0
642.0 229.0 644.0 238.0 627.0 244.0 623.0 235.0 small-vehicle 0
606.0 261.0 608.0 272.0 591.0 276.0 589.0 265.0 small-vehicle 0
504.0 338.0 514.0 335.0 520.0 359.0 510.0 361.0 small-vehicle 0
497.0 363.0 507.0 359.0 517.0 380.0 507.0 384.0 small-vehicle 0
552.0 399.0 550.0 388.0 573.0 383.0 576.0 393.0 small-vehicle 0
569.0 370.0 572.0 380.0 550.0 387.0 547.0 376.0 small-vehicle 0
580.0 411.0 582.0 422.0 561.0 428.0 558.0 417.0 small-vehicle 0
619.0 181.0 615.0 171.0 634.0 164.0 638.0 173.0 small-vehicle 0
625.0 189.0 621.0 180.0 637.0 172.0 641.0 181.0 small-vehicle 0
630.0 198.0 625.0 189.0 644.0 181.0 648.0 190.0 small-vehicle 0
649.0 190.0 652.0 199.0 632.0 206.0 628.0 198.0 small-vehicle 0
652.0 199.0 655.0 208.0 637.0 216.0 632.0 207.0 small-vehicle 0
657.0 207.0 661.0 217.0 640.0 225.0 634.0 216.0 small-vehicle 0
637.0 220.0 639.0 229.0 621.0 236.0 617.0 226.0 small-vehicle 0
647.0 234.0 642.0 225.0 661.0 217.0 665.0 226.0 small-vehicle 0
606.0 332.0 602.0 322.0 620.0 314.0 624.0 324.0 small-vehicle 0
648.0 243.0 644.0 233.0 663.0 227.0 667.0 236.0 small-vehicle 0
651.0 250.0 647.0 241.0 666.0 235.0 669.0 244.0 small-vehicle 0
654.0 259.0 651.0 250.0 671.0 244.0 674.0 254.0 small-vehicle 0
656.0 270.0 653.0 259.0 672.0 255.0 676.0 265.0 small-vehicle 0
646.0 239.0 648.0 250.0 629.0 255.0 625.0 244.0 small-vehicle 0
650.0 248.0 652.0 258.0 635.0 264.0 631.0 254.0 small-vehicle 0
651.0 260.0 653.0 269.0 638.0 275.0 634.0 266.0 small-vehicle 0
654.0 270.0 656.0 279.0 640.0 285.0 636.0 275.0 small-vehicle 0
660.0 280.0 656.0 270.0 680.0 263.0 684.0 274.0 small-vehicle 0
662.0 289.0 659.0 279.0 680.0 273.0 683.0 285.0 small-vehicle 0
642.0 298.0 640.0 288.0 657.0 286.0 659.0 296.0 small-vehicle 0
667.0 306.0 664.0 296.0 684.0 292.0 687.0 302.0 small-vehicle 0
647.0 310.0 644.0 299.0 662.0 297.0 664.0 307.0 small-vehicle 0
148.0 129.0 190.0 117.0 211.0 207.0 172.0 218.0 tennis-court 0
