imagesource:GoogleEarth
gsd:0.267197668142
401.0 291.0 446.0 294.0 441.0 386.0 396.0 383.0 tennis-court 0
334.0 287.0 377.0 290.0 370.0 381.0 327.0 379.0 tennis-court 0
266.0 283.0 309.0 286.0 303.0 377.0 259.0 375.0 tennis-court 0
196.0 280.0 242.0 282.0 236.0 375.0 191.0 371.0 tennis-court 0
536.0 111.0 580.0 112.0 580.0 205.0 535.0 203.0 tennis-court 0
466.0 111.0 511.0 112.0 511.0 202.0 466.0 203.0 tennis-court 0
398.0 109.0 442.0 110.0 441.0 202.0 397.0 202.0 tennis-court 0
331.0 107.0 374.0 109.0 373.0 202.0 331.0 201.0 tennis-court 0
