imagesource:GoogleEarth
gsd:0.286053132981
248.0 615.0 288.0 616.0 286.0 701.0 244.0 700.0 tennis-court 0
183.0 612.0 224.0 613.0 221.0 701.0 181.0 699.0 tennis-court 0
249.0 486.0 292.0 488.0 289.0 574.0 248.0 572.0 tennis-court 0
186.0 485.0 228.0 486.0 225.0 572.0 184.0 571.0 tennis-court 0
264.0 338.0 305.0 339.0 301.0 427.0 261.0 424.0 tennis-court 0
199.0 337.0 240.0 339.0 238.0 425.0 197.0 422.0 tennis-court 0
268.0 211.0 308.0 213.0 306.0 298.0 264.0 296.0 tennis-court 0
203.0 209.0 244.0 211.0 241.0 296.0 200.0 294.0 tennis-court 0
