imagesource:GoogleEarth
gsd:0.264010077823
1188.0 362.0 1181.0 366.0 1172.0 352.0 1179.0 348.0 small-vehicle 1
596.0 117.0 607.0 117.0 606.0 137.0 595.0 136.0 small-vehicle 0
289.0 9.0 299.0 9.0 298.0 31.0 288.0 31.0 small-vehicle 0
167.0 102.0 179.0 102.0 179.0 125.0 167.0 124.0 small-vehicle 0
151.0 100.0 162.0 100.0 161.0 125.0 151.0 125.0 small-vehicle 0
329.0 107.0 338.0 106.0 337.0 128.0 328.0 128.0 small-vehicle 0
342.0 51.0 351.0 51.0 351.0 70.0 341.0 70.0 small-vehicle 0
310.0 8.0 318.0 8.0 317.0 29.0 309.0 28.0 small-vehicle 0
482.0 59.0 493.0 59.0 492.0 79.0 482.0 78.0 small-vehicle 0
504.0 58.0 514.0 59.0 513.0 76.0 504.0 76.0 small-vehicle 0
527.0 59.0 536.0 59.0 536.0 77.0 526.0 77.0 small-vehicle 0
566.0 116.0 576.0 116.0 575.0 136.0 566.0 136.0 small-vehicle 0
608.0 115.0 617.0 115.0 615.0 137.0 607.0 137.0 small-vehicle 0
225.0 71.0 215.0 71.0 216.0 48.0 225.0 49.0 small-vehicle 0
628.0 137.0 619.0 138.0 619.0 118.0 628.0 117.0 small-vehicle 0
587.0 57.0 597.0 58.0 597.0 77.0 586.0 76.0 small-vehicle 0
599.0 60.0 608.0 60.0 607.0 78.0 598.0 77.0 small-vehicle 0
626.0 87.0 614.0 86.0 615.0 61.0 626.0 61.0 small-vehicle 0
628.0 62.0 639.0 62.0 637.0 84.0 627.0 84.0 small-vehicle 0
641.0 62.0 650.0 62.0 649.0 84.0 640.0 83.0 small-vehicle 0
650.0 63.0 658.0 63.0 659.0 81.0 650.0 81.0 small-vehicle 0
660.0 63.0 670.0 62.0 670.0 82.0 660.0 81.0 small-vehicle 0
671.0 62.0 679.0 62.0 679.0 80.0 671.0 80.0 small-vehicle 0
679.0 63.0 689.0 64.0 689.0 81.0 679.0 81.0 small-vehicle 0
268.0 6.0 278.0 7.0 278.0 31.0 267.0 31.0 small-vehicle 0
205.0 71.0 196.0 70.0 196.0 47.0 205.0 47.0 small-vehicle 0
1149.0 304.0 1158.0 301.0 1166.0 319.0 1158.0 323.0 small-vehicle 1
408.0 382.0 453.0 383.0 451.0 475.0 406.0 474.0 tennis-court 0
144.0 227.0 190.0 228.0 187.0 322.0 141.0 321.0 tennis-court 0
221.0 229.0 266.0 231.0 264.0 323.0 219.0 322.0 tennis-court 0
276.0 231.0 321.0 232.0 320.0 325.0 275.0 323.0 tennis-court 0
356.0 231.0 400.0 233.0 398.0 327.0 354.0 325.0 tennis-court 0
411.0 234.0 456.0 236.0 456.0 328.0 411.0 328.0 tennis-court 0
83.0 372.0 130.0 374.0 126.0 468.0 81.0 466.0 tennis-court 0
141.0 375.0 186.0 376.0 181.0 470.0 137.0 467.0 tennis-court 0
219.0 376.0 266.0 378.0 261.0 471.0 216.0 470.0 tennis-court 0
276.0 378.0 321.0 380.0 316.0 472.0 272.0 471.0 tennis-court 0
352.0 379.0 396.0 380.0 394.0 474.0 349.0 474.0 tennis-court 0
544.0 325.0 628.0 295.0 667.0 405.0 588.0 433.0 swimming-pool 0
194.0 68.0 185.0 68.0 185.0 49.0 194.0 48.0 small-vehicle 0
809.0 231.0 852.0 214.0 886.0 303.0 844.0 320.0 tennis-court 0
862.0 213.0 903.0 196.0 938.0 284.0 896.0 301.0 tennis-court 0
937.0 185.0 977.0 168.0 1011.0 256.0 970.0 273.0 tennis-court 0
987.0 166.0 1029.0 149.0 1063.0 238.0 1020.0 253.0 tennis-court 0
867.0 384.0 909.0 368.0 941.0 456.0 899.0 472.0 tennis-court 0
919.0 365.0 960.0 350.0 992.0 437.0 951.0 451.0 tennis-court 0
993.0 337.0 1034.0 321.0 1067.0 408.0 1027.0 425.0 tennis-court 0
1044.0 319.0 1088.0 302.0 1119.0 389.0 1077.0 406.0 tennis-court 0
719.0 406.0 762.0 390.0 794.0 476.0 752.0 493.0 tennis-court 0
772.0 386.0 815.0 371.0 846.0 459.0 802.0 474.0 tennis-court 0
689.0 64.0 699.0 64.0 700.0 84.0 690.0 84.0 small-vehicle 0
701.0 64.0 711.0 65.0 711.0 85.0 701.0 85.0 small-vehicle 0
714.0 65.0 722.0 65.0 722.0 84.0 713.0 84.0 small-vehicle 0
1177.0 276.0 1182.0 284.0 1166.0 296.0 1161.0 288.0 small-vehicle 0
1148.0 165.0 1143.0 158.0 1159.0 145.0 1165.0 153.0 small-vehicle 0
1161.0 156.0 1166.0 164.0 1153.0 174.0 1147.0 166.0 small-vehicle 0
1167.0 165.0 1172.0 172.0 1157.0 183.0 1152.0 176.0 small-vehicle 0
1173.0 173.0 1178.0 180.0 1162.0 192.0 1156.0 185.0 small-vehicle 0
1178.0 182.0 1183.0 191.0 1167.0 201.0 1161.0 193.0 small-vehicle 0
1183.0 190.0 1188.0 198.0 1173.0 210.0 1166.0 202.0 small-vehicle 0
1188.0 200.0 1193.0 209.0 1174.0 222.0 1168.0 214.0 small-vehicle 0
1122.0 237.0 1116.0 229.0 1132.0 218.0 1138.0 226.0 small-vehicle 0
1147.0 269.0 1142.0 262.0 1157.0 251.0 1162.0 258.0 small-vehicle 0
1158.0 289.0 1152.0 282.0 1166.0 269.0 1173.0 276.0 small-vehicle 0
1220.0 262.0 1226.0 271.0 1209.0 280.0 1204.0 271.0 small-vehicle 0
724.0 67.0 732.0 67.0 732.0 85.0 723.0 85.0 small-vehicle 0
1177.0 294.0 1187.0 288.0 1197.0 306.0 1188.0 311.0 small-vehicle 0
1167.0 298.0 1177.0 292.0 1186.0 310.0 1177.0 316.0 small-vehicle 0
349.0 11.0 358.0 10.0 357.0 29.0 348.0 29.0 small-vehicle 1
889.0 68.0 900.0 68.0 899.0 90.0 889.0 90.0 small-vehicle 1
787.0 66.0 795.0 67.0 795.0 85.0 785.0 85.0 small-vehicle 1
775.0 64.0 783.0 64.0 783.0 81.0 775.0 81.0 small-vehicle 1
465.0 57.0 474.0 54.0 480.0 75.0 470.0 78.0 small-vehicle 1
1102.0 224.0 1096.0 216.0 1114.0 201.0 1120.0 210.0 small-vehicle 1
1127.0 244.0 1123.0 238.0 1138.0 228.0 1143.0 235.0 small-vehicle 1
1159.0 303.0 1165.0 298.0 1174.0 312.0 1168.0 316.0 small-vehicle 1
936.0 146.0 927.0 146.0 927.0 127.0 937.0 128.0 small-vehicle 0
904.0 145.0 895.0 145.0 896.0 123.0 905.0 124.0 small-vehicle 0
887.0 122.0 896.0 122.0 895.0 144.0 886.0 143.0 small-vehicle 0
875.0 125.0 885.0 125.0 885.0 145.0 875.0 145.0 small-vehicle 0
732.0 69.0 741.0 69.0 741.0 87.0 732.0 87.0 small-vehicle 0
751.0 87.0 742.0 88.0 742.0 69.0 751.0 70.0 small-vehicle 0
764.0 85.0 753.0 86.0 752.0 68.0 763.0 68.0 small-vehicle 0
652.0 114.0 663.0 115.0 662.0 139.0 651.0 139.0 small-vehicle 0
664.0 114.0 674.0 115.0 672.0 139.0 663.0 139.0 small-vehicle 0
675.0 116.0 685.0 116.0 683.0 140.0 673.0 139.0 small-vehicle 0
685.0 119.0 695.0 119.0 694.0 140.0 684.0 140.0 small-vehicle 0
695.0 120.0 706.0 119.0 705.0 140.0 694.0 141.0 small-vehicle 0
705.0 122.0 715.0 122.0 715.0 141.0 706.0 140.0 small-vehicle 0
716.0 121.0 727.0 121.0 726.0 141.0 715.0 140.0 small-vehicle 0
727.0 120.0 738.0 120.0 737.0 141.0 727.0 141.0 small-vehicle 0
740.0 120.0 750.0 120.0 749.0 142.0 739.0 141.0 small-vehicle 0
795.0 65.0 806.0 65.0 805.0 86.0 795.0 86.0 small-vehicle 0
806.0 65.0 816.0 65.0 816.0 85.0 806.0 84.0 small-vehicle 0
828.0 67.0 838.0 66.0 837.0 87.0 827.0 87.0 small-vehicle 0
839.0 67.0 849.0 67.0 849.0 87.0 839.0 87.0 small-vehicle 0
850.0 68.0 860.0 68.0 858.0 88.0 849.0 88.0 small-vehicle 0
859.0 71.0 871.0 72.0 870.0 92.0 858.0 91.0 small-vehicle 0
869.0 69.0 880.0 70.0 879.0 89.0 869.0 89.0 small-vehicle 0
855.0 123.0 865.0 124.0 864.0 144.0 853.0 144.0 small-vehicle 0
864.0 124.0 875.0 125.0 874.0 145.0 864.0 145.0 small-vehicle 0
86.0 226.0 134.0 227.0 132.0 321.0 86.0 319.0 tennis-court 0
