imagesource:GoogleEarth
gsd:0.268220076812
877.0 93.0 866.0 91.0 871.0 70.0 881.0 72.0 small-vehicle 1
146.0 542.0 139.0 549.0 114.0 516.0 121.0 509.0 large-vehicle 0
104.0 534.0 96.0 540.0 72.0 508.0 79.0 502.0 large-vehicle 0
545.0 423.0 537.0 430.0 510.0 398.0 518.0 391.0 large-vehicle 0
528.0 423.0 521.0 430.0 491.0 396.0 498.0 389.0 large-vehicle 1
512.0 426.0 505.0 433.0 477.0 398.0 484.0 392.0 large-vehicle 1
511.0 492.0 503.0 498.0 475.0 463.0 483.0 456.0 large-vehicle 1
495.0 493.0 487.0 499.0 457.0 464.0 465.0 458.0 large-vehicle 1
474.0 423.0 467.0 429.0 437.0 394.0 445.0 388.0 large-vehicle 1
479.0 497.0 472.0 503.0 444.0 468.0 452.0 463.0 large-vehicle 1
435.0 418.0 428.0 425.0 401.0 389.0 408.0 383.0 large-vehicle 1
418.0 418.0 410.0 425.0 382.0 389.0 389.0 383.0 large-vehicle 1
441.0 489.0 434.0 496.0 403.0 462.0 410.0 454.0 large-vehicle 1
422.0 488.0 415.0 495.0 386.0 460.0 393.0 454.0 large-vehicle 1
405.0 486.0 398.0 494.0 366.0 459.0 374.0 452.0 large-vehicle 1
349.0 483.0 342.0 490.0 313.0 454.0 320.0 448.0 large-vehicle 1
329.0 481.0 322.0 488.0 293.0 452.0 300.0 445.0 large-vehicle 1
312.0 483.0 304.0 490.0 276.0 455.0 283.0 448.0 large-vehicle 1
290.0 478.0 283.0 484.0 254.0 450.0 262.0 443.0 large-vehicle 1
233.0 473.0 226.0 480.0 197.0 445.0 204.0 438.0 large-vehicle 1
191.0 463.0 182.0 469.0 154.0 434.0 163.0 427.0 large-vehicle 1
127.0 538.0 119.0 545.0 94.0 513.0 101.0 507.0 large-vehicle 0
164.0 542.0 158.0 548.0 131.0 516.0 138.0 510.0 large-vehicle 0
158.0 468.0 149.0 474.0 122.0 438.0 129.0 433.0 large-vehicle 1
182.0 540.0 174.0 549.0 149.0 516.0 156.0 510.0 large-vehicle 0
524.0 569.0 517.0 576.0 488.0 542.0 495.0 536.0 large-vehicle 1
486.0 564.0 479.0 571.0 450.0 537.0 457.0 531.0 large-vehicle 1
445.0 561.0 438.0 568.0 410.0 533.0 417.0 527.0 large-vehicle 1
430.0 563.0 424.0 569.0 395.0 533.0 402.0 528.0 large-vehicle 1
392.0 561.0 385.0 566.0 361.0 535.0 368.0 530.0 large-vehicle 0
373.0 558.0 366.0 564.0 336.0 530.0 343.0 524.0 large-vehicle 1
351.0 618.0 343.0 625.0 316.0 589.0 323.0 582.0 large-vehicle 1
321.0 626.0 313.0 634.0 288.0 603.0 296.0 596.0 large-vehicle 0
274.0 611.0 266.0 618.0 241.0 586.0 249.0 580.0 large-vehicle 0
202.0 612.0 194.0 618.0 171.0 586.0 178.0 580.0 large-vehicle 0
183.0 610.0 176.0 617.0 153.0 584.0 160.0 578.0 large-vehicle 0
165.0 609.0 159.0 616.0 133.0 584.0 141.0 578.0 large-vehicle 0
148.0 609.0 141.0 616.0 116.0 584.0 123.0 578.0 large-vehicle 0
131.0 611.0 124.0 618.0 98.0 587.0 104.0 581.0 large-vehicle 0
111.0 611.0 104.0 617.0 81.0 585.0 88.0 578.0 large-vehicle 0
95.0 612.0 88.0 618.0 63.0 587.0 70.0 580.0 large-vehicle 0
79.0 612.0 72.0 618.0 46.0 587.0 54.0 580.0 large-vehicle 0
237.0 545.0 230.0 552.0 200.0 517.0 207.0 511.0 large-vehicle 1
222.0 549.0 215.0 556.0 187.0 525.0 194.0 518.0 large-vehicle 0
174.0 465.0 165.0 471.0 138.0 435.0 146.0 429.0 large-vehicle 1
376.0 410.0 369.0 416.0 340.0 382.0 347.0 375.0 large-vehicle 1
765.0 133.0 776.0 134.0 773.0 153.0 763.0 152.0 small-vehicle 1
310.0 331.0 302.0 338.0 275.0 304.0 282.0 298.0 large-vehicle 0
255.0 328.0 248.0 335.0 219.0 299.0 226.0 293.0 large-vehicle 1
235.0 327.0 227.0 333.0 200.0 295.0 208.0 289.0 large-vehicle 1
220.0 332.0 213.0 337.0 185.0 300.0 193.0 295.0 large-vehicle 1
200.0 328.0 192.0 333.0 165.0 297.0 173.0 291.0 large-vehicle 1
566.0 281.0 557.0 287.0 534.0 255.0 543.0 248.0 large-vehicle 0
547.0 277.0 539.0 283.0 514.0 252.0 522.0 246.0 large-vehicle 0
533.0 281.0 526.0 287.0 502.0 259.0 511.0 253.0 large-vehicle 0
494.0 275.0 486.0 283.0 459.0 252.0 467.0 244.0 large-vehicle 0
474.0 272.0 466.0 279.0 439.0 248.0 448.0 241.0 large-vehicle 0
453.0 268.0 445.0 276.0 417.0 245.0 426.0 238.0 large-vehicle 0
441.0 278.0 433.0 285.0 407.0 253.0 415.0 246.0 large-vehicle 0
420.0 272.0 413.0 280.0 385.0 249.0 393.0 241.0 large-vehicle 0
401.0 271.0 393.0 277.0 368.0 245.0 376.0 239.0 large-vehicle 0
361.0 268.0 354.0 275.0 331.0 243.0 338.0 237.0 large-vehicle 0
340.0 262.0 333.0 268.0 312.0 241.0 319.0 234.0 large-vehicle 0
308.0 265.0 301.0 272.0 271.0 238.0 278.0 231.0 large-vehicle 1
275.0 249.0 267.0 255.0 254.0 236.0 262.0 230.0 small-vehicle 0
259.0 250.0 252.0 256.0 237.0 236.0 245.0 230.0 small-vehicle 0
241.0 250.0 233.0 256.0 222.0 238.0 229.0 232.0 small-vehicle 0
294.0 333.0 286.0 340.0 258.0 306.0 266.0 300.0 large-vehicle 0
352.0 339.0 343.0 347.0 316.0 313.0 325.0 307.0 large-vehicle 0
361.0 413.0 353.0 420.0 324.0 385.0 331.0 379.0 large-vehicle 1
371.0 342.0 363.0 348.0 335.0 315.0 343.0 308.0 large-vehicle 0
347.0 416.0 339.0 423.0 310.0 388.0 317.0 382.0 large-vehicle 1
318.0 404.0 311.0 411.0 282.0 377.0 289.0 370.0 large-vehicle 1
302.0 405.0 295.0 413.0 266.0 377.0 273.0 371.0 large-vehicle 1
287.0 408.0 280.0 415.0 250.0 381.0 258.0 374.0 large-vehicle 1
268.0 404.0 260.0 411.0 229.0 377.0 237.0 370.0 large-vehicle 1
251.0 404.0 244.0 411.0 213.0 376.0 220.0 369.0 large-vehicle 1
230.0 401.0 222.0 407.0 193.0 373.0 200.0 366.0 large-vehicle 1
183.0 388.0 175.0 394.0 147.0 359.0 155.0 353.0 large-vehicle 1
165.0 388.0 156.0 394.0 128.0 360.0 136.0 354.0 large-vehicle 1
556.0 349.0 548.0 356.0 519.0 321.0 527.0 315.0 large-vehicle 1
544.0 358.0 537.0 364.0 506.0 329.0 514.0 323.0 large-vehicle 1
529.0 360.0 521.0 366.0 491.0 332.0 499.0 325.0 large-vehicle 1
505.0 354.0 499.0 361.0 468.0 328.0 476.0 321.0 large-vehicle 1
483.0 348.0 476.0 355.0 446.0 320.0 454.0 314.0 large-vehicle 1
467.0 349.0 460.0 355.0 431.0 321.0 437.0 314.0 large-vehicle 1
449.0 348.0 441.0 355.0 412.0 322.0 419.0 315.0 large-vehicle 1
429.0 345.0 422.0 352.0 393.0 321.0 400.0 314.0 large-vehicle 0
413.0 347.0 405.0 354.0 377.0 322.0 385.0 314.0 large-vehicle 0
391.0 342.0 383.0 349.0 354.0 316.0 361.0 309.0 large-vehicle 0
581.0 577.0 574.0 583.0 544.0 549.0 551.0 543.0 large-vehicle 1
597.0 575.0 590.0 582.0 561.0 547.0 568.0 540.0 large-vehicle 1
617.0 577.0 609.0 583.0 582.0 548.0 588.0 542.0 large-vehicle 1
260.0 617.0 252.0 623.0 229.0 591.0 236.0 586.0 large-vehicle 0
295.0 685.0 288.0 691.0 264.0 659.0 272.0 653.0 large-vehicle 0
277.0 686.0 268.0 691.0 248.0 657.0 255.0 652.0 large-vehicle 0
258.0 683.0 251.0 689.0 227.0 657.0 234.0 651.0 large-vehicle 0
240.0 683.0 233.0 689.0 208.0 657.0 215.0 652.0 large-vehicle 0
221.0 682.0 214.0 688.0 190.0 655.0 198.0 650.0 large-vehicle 0
202.0 680.0 194.0 686.0 172.0 654.0 179.0 649.0 large-vehicle 0
185.0 680.0 178.0 686.0 154.0 653.0 161.0 648.0 large-vehicle 0
168.0 679.0 160.0 686.0 135.0 653.0 143.0 648.0 large-vehicle 0
148.0 679.0 142.0 685.0 117.0 653.0 125.0 647.0 large-vehicle 0
135.0 684.0 128.0 691.0 103.0 658.0 111.0 653.0 large-vehicle 0
119.0 684.0 110.0 692.0 85.0 659.0 93.0 654.0 large-vehicle 0
102.0 686.0 94.0 692.0 69.0 660.0 77.0 654.0 large-vehicle 0
842.0 305.0 835.0 312.0 806.0 275.0 813.0 269.0 large-vehicle 1
823.0 308.0 817.0 315.0 790.0 285.0 797.0 278.0 large-vehicle 0
806.0 308.0 800.0 314.0 773.0 284.0 780.0 278.0 large-vehicle 0
783.0 304.0 776.0 310.0 750.0 279.0 758.0 273.0 large-vehicle 0
763.0 302.0 757.0 308.0 731.0 278.0 737.0 272.0 large-vehicle 0
745.0 303.0 737.0 309.0 713.0 278.0 720.0 271.0 large-vehicle 0
727.0 301.0 720.0 307.0 693.0 276.0 701.0 270.0 large-vehicle 0
326.0 702.0 318.0 707.0 298.0 679.0 307.0 673.0 large-vehicle 0
223.0 614.0 215.0 620.0 192.0 586.0 199.0 582.0 large-vehicle 0
639.0 583.0 632.0 589.0 604.0 554.0 611.0 549.0 large-vehicle 1
240.0 613.0 233.0 619.0 208.0 586.0 215.0 580.0 large-vehicle 0
747.0 133.0 755.0 134.0 755.0 154.0 744.0 153.0 small-vehicle 1
724.0 130.0 733.0 131.0 731.0 151.0 724.0 151.0 small-vehicle 1
715.0 128.0 723.0 131.0 720.0 151.0 712.0 149.0 small-vehicle 1
704.0 128.0 714.0 130.0 710.0 148.0 701.0 145.0 small-vehicle 1
693.0 128.0 704.0 131.0 700.0 149.0 690.0 147.0 small-vehicle 1
571.0 116.0 580.0 112.0 588.0 130.0 580.0 132.0 small-vehicle 1
664.0 654.0 657.0 660.0 628.0 625.0 635.0 619.0 large-vehicle 1
641.0 715.0 634.0 722.0 605.0 688.0 612.0 682.0 large-vehicle 1
610.0 718.0 603.0 724.0 574.0 689.0 581.0 683.0 large-vehicle 1
592.0 718.0 585.0 724.0 555.0 692.0 561.0 685.0 large-vehicle 1
583.0 643.0 577.0 650.0 547.0 616.0 554.0 609.0 large-vehicle 1
508.0 637.0 501.0 643.0 472.0 608.0 479.0 602.0 large-vehicle 1
500.0 712.0 492.0 718.0 464.0 682.0 472.0 676.0 large-vehicle 1
476.0 706.0 468.0 712.0 445.0 681.0 453.0 676.0 large-vehicle 0
463.0 712.0 455.0 718.0 428.0 682.0 436.0 676.0 large-vehicle 1
440.0 705.0 432.0 711.0 409.0 681.0 416.0 675.0 large-vehicle 0
401.0 700.0 393.0 706.0 372.0 679.0 380.0 673.0 large-vehicle 0
360.0 696.0 351.0 702.0 332.0 673.0 339.0 668.0 large-vehicle 0
340.0 700.0 333.0 704.0 315.0 674.0 322.0 669.0 large-vehicle 0
708.0 302.0 700.0 308.0 675.0 277.0 683.0 270.0 large-vehicle 0
684.0 293.0 678.0 299.0 651.0 266.0 658.0 260.0 large-vehicle 0
668.0 292.0 661.0 298.0 634.0 267.0 642.0 262.0 large-vehicle 0
653.0 296.0 646.0 303.0 619.0 272.0 627.0 266.0 large-vehicle 0
659.0 434.0 651.0 441.0 626.0 408.0 633.0 402.0 large-vehicle 0
643.0 434.0 635.0 441.0 608.0 408.0 616.0 402.0 large-vehicle 0
628.0 437.0 621.0 443.0 594.0 412.0 601.0 405.0 large-vehicle 0
840.0 525.0 833.0 531.0 804.0 496.0 812.0 489.0 large-vehicle 1
822.0 525.0 815.0 531.0 786.0 497.0 793.0 491.0 large-vehicle 1
804.0 523.0 798.0 530.0 767.0 497.0 773.0 490.0 large-vehicle 1
789.0 527.0 782.0 534.0 753.0 500.0 760.0 494.0 large-vehicle 1
727.0 514.0 720.0 520.0 690.0 487.0 696.0 481.0 large-vehicle 1
707.0 511.0 701.0 518.0 670.0 485.0 677.0 479.0 large-vehicle 1
690.0 512.0 684.0 519.0 653.0 485.0 660.0 480.0 large-vehicle 1
673.0 514.0 667.0 521.0 636.0 486.0 644.0 480.0 large-vehicle 1
654.0 514.0 647.0 519.0 619.0 484.0 626.0 478.0 large-vehicle 1
633.0 509.0 625.0 515.0 596.0 481.0 603.0 475.0 large-vehicle 1
617.0 509.0 610.0 516.0 578.0 483.0 585.0 477.0 large-vehicle 1
793.0 593.0 787.0 600.0 757.0 565.0 764.0 559.0 large-vehicle 1
753.0 588.0 747.0 595.0 717.0 562.0 724.0 556.0 large-vehicle 1
739.0 593.0 733.0 600.0 701.0 566.0 708.0 559.0 large-vehicle 1
709.0 597.0 702.0 604.0 671.0 570.0 679.0 563.0 large-vehicle 1
664.0 587.0 657.0 594.0 627.0 558.0 635.0 552.0 large-vehicle 1
704.0 448.0 697.0 454.0 669.0 423.0 677.0 417.0 large-vehicle 0
726.0 452.0 719.0 458.0 690.0 423.0 697.0 417.0 large-vehicle 1
746.0 453.0 739.0 460.0 710.0 425.0 717.0 419.0 large-vehicle 1
755.0 378.0 748.0 385.0 719.0 352.0 726.0 345.0 large-vehicle 1
637.0 302.0 628.0 307.0 605.0 276.0 612.0 270.0 large-vehicle 0
906.0 388.0 899.0 395.0 871.0 361.0 877.0 355.0 large-vehicle 1
888.0 389.0 882.0 395.0 853.0 360.0 860.0 354.0 large-vehicle 1
873.0 390.0 866.0 397.0 837.0 361.0 844.0 355.0 large-vehicle 1
850.0 387.0 842.0 393.0 814.0 357.0 822.0 350.0 large-vehicle 1
831.0 383.0 825.0 390.0 793.0 358.0 800.0 351.0 large-vehicle 1
816.0 387.0 809.0 395.0 778.0 361.0 785.0 355.0 large-vehicle 1
772.0 374.0 765.0 381.0 734.0 348.0 743.0 341.0 large-vehicle 1
739.0 380.0 732.0 387.0 702.0 352.0 709.0 347.0 large-vehicle 1
778.0 451.0 771.0 458.0 742.0 423.0 749.0 417.0 large-vehicle 1
719.0 378.0 713.0 384.0 683.0 349.0 690.0 343.0 large-vehicle 1
704.0 379.0 696.0 386.0 667.0 351.0 674.0 345.0 large-vehicle 1
680.0 372.0 672.0 379.0 642.0 344.0 650.0 338.0 large-vehicle 1
658.0 368.0 651.0 373.0 621.0 340.0 628.0 334.0 large-vehicle 1
636.0 364.0 630.0 369.0 599.0 336.0 606.0 329.0 large-vehicle 1
618.0 364.0 611.0 370.0 581.0 336.0 589.0 331.0 large-vehicle 1
819.0 455.0 813.0 462.0 780.0 430.0 787.0 424.0 large-vehicle 1
801.0 456.0 794.0 463.0 763.0 430.0 770.0 424.0 large-vehicle 1
319.0 159.0 326.0 167.0 297.0 192.0 290.0 185.0 large-vehicle 0
