imagesource:GoogleEarth
gsd:0.273995346911
53.0 782.0 63.0 784.0 56.0 804.0 46.0 800.0 small-vehicle 1
841.0 451.0 883.0 434.0 916.0 518.0 876.0 535.0 tennis-court 0
262.0 126.0 304.0 108.0 336.0 192.0 295.0 208.0 tennis-court 0
262.0 271.0 305.0 254.0 336.0 336.0 295.0 353.0 tennis-court 0
312.0 250.0 352.0 234.0 386.0 318.0 345.0 334.0 tennis-court 0
335.0 97.0 376.0 81.0 409.0 164.0 368.0 180.0 tennis-court 0
385.0 77.0 426.0 61.0 459.0 144.0 418.0 161.0 tennis-court 0
457.0 48.0 499.0 32.0 532.0 116.0 491.0 133.0 tennis-court 0
507.0 28.0 548.0 12.0 581.0 96.0 542.0 113.0 tennis-court 0
384.0 223.0 425.0 205.0 458.0 290.0 418.0 307.0 tennis-court 0
434.0 202.0 476.0 185.0 509.0 269.0 468.0 287.0 tennis-court 0
508.0 173.0 547.0 158.0 581.0 241.0 539.0 258.0 tennis-court 0
556.0 154.0 597.0 138.0 631.0 221.0 590.0 238.0 tennis-court 0
373.0 420.0 414.0 404.0 448.0 485.0 407.0 502.0 tennis-court 0
422.0 400.0 466.0 382.0 498.0 466.0 456.0 483.0 tennis-court 0
496.0 371.0 537.0 355.0 570.0 438.0 530.0 454.0 tennis-court 0
546.0 351.0 588.0 334.0 620.0 418.0 580.0 434.0 tennis-court 0
596.0 331.0 638.0 314.0 670.0 398.0 629.0 416.0 tennis-court 0
596.0 476.0 636.0 460.0 669.0 543.0 628.0 560.0 tennis-court 0
529.0 500.0 568.0 484.0 602.0 567.0 563.0 584.0 tennis-court 0
628.0 125.0 671.0 110.0 703.0 192.0 662.0 208.0 tennis-court 0
679.0 106.0 720.0 89.0 753.0 173.0 712.0 190.0 tennis-court 0
751.0 77.0 792.0 62.0 826.0 145.0 785.0 161.0 tennis-court 0
801.0 58.0 841.0 42.0 875.0 125.0 835.0 141.0 tennis-court 0
645.0 456.0 687.0 439.0 719.0 525.0 679.0 540.0 tennis-court 0
742.0 491.0 783.0 474.0 815.0 557.0 776.0 574.0 tennis-court 0
792.0 471.0 833.0 455.0 865.0 538.0 825.0 554.0 tennis-court 0
213.0 146.0 254.0 129.0 286.0 211.0 246.0 228.0 tennis-court 0
