imagesource:GoogleEarth
gsd:0.267732092108
21.0 432.0 29.0 432.0 30.0 452.0 21.0 451.0 small-vehicle 0
688.0 259.0 729.0 242.0 765.0 327.0 724.0 343.0 tennis-court 0
638.0 278.0 678.0 261.0 714.0 347.0 673.0 364.0 tennis-court 0
599.0 147.0 642.0 129.0 675.0 214.0 633.0 232.0 tennis-court 0
544.0 260.0 586.0 243.0 621.0 328.0 580.0 345.0 tennis-court 0
493.0 281.0 535.0 262.0 571.0 348.0 530.0 366.0 tennis-court 0
399.0 261.0 440.0 243.0 475.0 329.0 435.0 347.0 tennis-court 0
347.0 282.0 390.0 265.0 425.0 349.0 383.0 367.0 tennis-court 0
514.0 124.0 555.0 104.0 592.0 189.0 551.0 208.0 tennis-court 0
218.0 260.0 259.0 242.0 294.0 328.0 252.0 345.0 tennis-court 0
168.0 279.0 208.0 262.0 243.0 348.0 203.0 365.0 tennis-court 0
72.0 258.0 113.0 241.0 148.0 326.0 108.0 344.0 tennis-court 0
21.0 279.0 63.0 262.0 97.0 347.0 58.0 364.0 tennis-court 0
