imagesource:GoogleEarth
gsd:0.279247866272
181.0 795.0 173.0 797.0 169.0 785.0 175.0 783.0 small-vehicle 1
636.0 676.0 633.0 667.0 649.0 661.0 653.0 670.0 small-vehicle 1
641.0 590.0 645.0 600.0 629.0 607.0 624.0 598.0 small-vehicle 1
619.0 588.0 622.0 596.0 607.0 603.0 603.0 595.0 small-vehicle 1
692.0 578.0 695.0 585.0 682.0 593.0 679.0 586.0 small-vehicle 1
683.0 559.0 687.0 568.0 670.0 575.0 666.0 567.0 small-vehicle 1
636.0 526.0 644.0 523.0 651.0 539.0 644.0 542.0 small-vehicle 1
624.0 527.0 631.0 523.0 638.0 541.0 631.0 544.0 small-vehicle 1
614.0 532.0 622.0 529.0 629.0 545.0 622.0 548.0 small-vehicle 1
570.0 551.0 576.0 548.0 584.0 564.0 578.0 568.0 small-vehicle 1
561.0 554.0 568.0 551.0 574.0 567.0 568.0 569.0 small-vehicle 1
551.0 558.0 558.0 555.0 566.0 572.0 559.0 575.0 small-vehicle 1
532.0 564.0 541.0 561.0 547.0 578.0 540.0 581.0 small-vehicle 1
526.0 568.0 532.0 567.0 539.0 581.0 533.0 584.0 small-vehicle 1
498.0 582.0 505.0 578.0 512.0 596.0 505.0 599.0 small-vehicle 1
503.0 598.0 495.0 601.0 487.0 585.0 495.0 582.0 small-vehicle 1
471.0 592.0 477.0 590.0 484.0 607.0 478.0 609.0 small-vehicle 1
482.0 655.0 478.0 647.0 493.0 641.0 497.0 649.0 small-vehicle 1
500.0 779.0 504.0 787.0 487.0 794.0 483.0 786.0 small-vehicle 1
481.0 787.0 484.0 794.0 469.0 801.0 466.0 795.0 small-vehicle 1
463.0 793.0 459.0 784.0 475.0 778.0 479.0 787.0 small-vehicle 1
362.0 782.0 365.0 790.0 349.0 797.0 346.0 789.0 small-vehicle 1
411.0 783.0 407.0 775.0 423.0 769.0 426.0 777.0 small-vehicle 1
471.0 759.0 473.0 765.0 457.0 772.0 454.0 765.0 small-vehicle 1
466.0 749.0 468.0 755.0 453.0 763.0 450.0 756.0 small-vehicle 1
449.0 756.0 445.0 748.0 461.0 742.0 463.0 749.0 small-vehicle 1
458.0 733.0 461.0 740.0 446.0 747.0 442.0 741.0 small-vehicle 1
448.0 713.0 451.0 720.0 437.0 727.0 433.0 719.0 small-vehicle 1
444.0 705.0 447.0 713.0 433.0 719.0 430.0 712.0 small-vehicle 1
659.0 677.0 655.0 669.0 670.0 661.0 673.0 668.0 small-vehicle 1
638.0 633.0 641.0 640.0 627.0 647.0 623.0 640.0 small-vehicle 1
467.0 749.0 464.0 740.0 479.0 733.0 483.0 741.0 small-vehicle 1
617.0 632.0 613.0 624.0 630.0 616.0 634.0 625.0 small-vehicle 1
598.0 713.0 602.0 722.0 586.0 728.0 582.0 720.0 small-vehicle 1
593.0 705.0 597.0 713.0 582.0 721.0 578.0 713.0 small-vehicle 1
576.0 712.0 572.0 703.0 589.0 696.0 592.0 703.0 small-vehicle 1
569.0 705.0 566.0 696.0 587.0 688.0 590.0 696.0 small-vehicle 1
562.0 676.0 558.0 669.0 575.0 661.0 578.0 668.0 small-vehicle 1
557.0 667.0 554.0 659.0 572.0 652.0 575.0 660.0 small-vehicle 1
557.0 656.0 553.0 649.0 569.0 641.0 572.0 649.0 small-vehicle 1
573.0 650.0 570.0 643.0 589.0 635.0 591.0 642.0 small-vehicle 1
582.0 625.0 586.0 632.0 571.0 640.0 566.0 634.0 small-vehicle 1
579.0 616.0 582.0 624.0 568.0 631.0 564.0 624.0 small-vehicle 1
562.0 624.0 564.0 632.0 549.0 638.0 546.0 630.0 small-vehicle 1
544.0 627.0 541.0 619.0 556.0 613.0 559.0 622.0 small-vehicle 1
507.0 657.0 502.0 648.0 519.0 641.0 521.0 650.0 small-vehicle 1
502.0 658.0 506.0 667.0 493.0 674.0 489.0 667.0 small-vehicle 1
326.0 654.0 334.0 650.0 343.0 671.0 333.0 674.0 small-vehicle 1
611.0 795.0 606.0 786.0 626.0 776.0 630.0 787.0 small-vehicle 1
646.0 769.0 651.0 779.0 629.0 788.0 625.0 779.0 small-vehicle 1
624.0 769.0 620.0 761.0 637.0 752.0 641.0 761.0 small-vehicle 1
617.0 749.0 614.0 742.0 630.0 733.0 634.0 741.0 small-vehicle 1
607.0 732.0 602.0 724.0 623.0 715.0 627.0 723.0 small-vehicle 1
601.0 714.0 596.0 707.0 614.0 697.0 618.0 706.0 small-vehicle 1
597.0 704.0 593.0 695.0 609.0 687.0 613.0 697.0 small-vehicle 1
585.0 677.0 580.0 668.0 598.0 662.0 602.0 670.0 small-vehicle 1
594.0 653.0 597.0 661.0 581.0 668.0 578.0 659.0 small-vehicle 1
594.0 641.0 598.0 651.0 578.0 659.0 573.0 651.0 small-vehicle 1
564.0 620.0 560.0 612.0 574.0 606.0 577.0 613.0 small-vehicle 1
632.0 614.0 628.0 608.0 644.0 601.0 646.0 608.0 small-vehicle 1
482.0 784.0 479.0 777.0 495.0 770.0 498.0 778.0 small-vehicle 1
464.0 739.0 460.0 731.0 477.0 723.0 480.0 732.0 small-vehicle 1
606.0 733.0 608.0 741.0 593.0 747.0 590.0 740.0 small-vehicle 1
183.0 767.0 191.0 765.0 198.0 784.0 191.0 786.0 small-vehicle 1
372.0 637.0 378.0 634.0 385.0 650.0 378.0 652.0 small-vehicle 1
452.0 600.0 460.0 597.0 466.0 613.0 459.0 617.0 small-vehicle 1
443.0 604.0 450.0 600.0 457.0 618.0 451.0 621.0 small-vehicle 1
434.0 608.0 442.0 605.0 449.0 622.0 441.0 625.0 small-vehicle 1
379.0 631.0 387.0 628.0 395.0 646.0 387.0 649.0 small-vehicle 1
363.0 642.0 370.0 640.0 376.0 654.0 370.0 657.0 small-vehicle 1
316.0 659.0 323.0 656.0 331.0 672.0 324.0 676.0 small-vehicle 1
275.0 675.0 285.0 671.0 292.0 687.0 284.0 690.0 small-vehicle 1
178.0 718.0 186.0 714.0 195.0 733.0 187.0 737.0 small-vehicle 1
93.0 772.0 101.0 769.0 109.0 790.0 102.0 793.0 small-vehicle 1
186.0 206.0 182.0 198.0 202.0 190.0 204.0 199.0 small-vehicle 1
146.0 161.0 142.0 154.0 157.0 145.0 160.0 152.0 small-vehicle 1
367.0 55.0 365.0 48.0 380.0 41.0 383.0 49.0 small-vehicle 1
59.0 22.0 65.0 38.0 27.0 52.0 22.0 37.0 swimming-pool 0
483.0 381.0 521.0 364.0 556.0 445.0 516.0 463.0 tennis-court 0
428.0 404.0 469.0 384.0 503.0 468.0 463.0 485.0 tennis-court 0
366.0 431.0 406.0 413.0 441.0 494.0 402.0 511.0 tennis-court 0
314.0 452.0 354.0 435.0 388.0 516.0 350.0 534.0 tennis-court 0
251.0 480.0 292.0 461.0 327.0 542.0 287.0 560.0 tennis-court 0
201.0 501.0 240.0 484.0 274.0 564.0 234.0 581.0 tennis-court 0
415.0 226.0 454.0 208.0 489.0 289.0 449.0 306.0 tennis-court 0
364.0 248.0 402.0 231.0 436.0 312.0 399.0 329.0 tennis-court 0
301.0 273.0 339.0 256.0 374.0 340.0 336.0 356.0 tennis-court 0
248.0 295.0 287.0 278.0 322.0 359.0 283.0 377.0 tennis-court 0
185.0 323.0 226.0 306.0 259.0 387.0 221.0 404.0 tennis-court 0
133.0 346.0 172.0 328.0 207.0 409.0 170.0 426.0 tennis-court 0
71.0 371.0 110.0 354.0 145.0 436.0 106.0 452.0 tennis-court 0
192.0 764.0 200.0 762.0 207.0 781.0 199.0 784.0 small-vehicle 1
188.0 787.0 180.0 790.0 174.0 772.0 181.0 769.0 small-vehicle 1
460.0 730.0 456.0 722.0 471.0 715.0 474.0 724.0 small-vehicle 1
241.0 757.0 236.0 749.0 253.0 742.0 256.0 751.0 small-vehicle 1
464.0 698.0 467.0 706.0 453.0 713.0 448.0 705.0 small-vehicle 1
448.0 701.0 446.0 695.0 459.0 690.0 462.0 696.0 small-vehicle 1
444.0 696.0 447.0 702.0 433.0 710.0 429.0 703.0 small-vehicle 1
381.0 763.0 377.0 756.0 393.0 749.0 396.0 757.0 small-vehicle 1
401.0 766.0 404.0 773.0 390.0 779.0 386.0 773.0 small-vehicle 1
415.0 749.0 418.0 757.0 403.0 763.0 400.0 756.0 small-vehicle 1
406.0 732.0 409.0 740.0 394.0 747.0 391.0 739.0 small-vehicle 1
385.0 729.0 388.0 737.0 374.0 743.0 371.0 735.0 small-vehicle 1
383.0 720.0 386.0 728.0 370.0 735.0 367.0 728.0 small-vehicle 1
402.0 722.0 405.0 730.0 391.0 737.0 387.0 729.0 small-vehicle 1
389.0 728.0 385.0 722.0 401.0 714.0 403.0 721.0 small-vehicle 1
384.0 719.0 381.0 712.0 396.0 704.0 399.0 712.0 small-vehicle 1
379.0 712.0 382.0 719.0 366.0 727.0 362.0 719.0 small-vehicle 1
361.0 718.0 358.0 710.0 375.0 703.0 378.0 711.0 small-vehicle 1
393.0 682.0 397.0 692.0 378.0 699.0 374.0 690.0 small-vehicle 1
356.0 711.0 352.0 701.0 372.0 692.0 376.0 702.0 small-vehicle 1
337.0 782.0 340.0 790.0 327.0 798.0 323.0 790.0 small-vehicle 1
357.0 775.0 359.0 782.0 343.0 788.0 340.0 781.0 small-vehicle 1
354.0 767.0 357.0 775.0 340.0 781.0 337.0 772.0 small-vehicle 1
350.0 756.0 353.0 764.0 339.0 770.0 335.0 763.0 small-vehicle 1
323.0 745.0 326.0 753.0 310.0 760.0 307.0 752.0 small-vehicle 1
328.0 710.0 331.0 719.0 316.0 726.0 313.0 718.0 small-vehicle 1
311.0 718.0 314.0 726.0 299.0 734.0 295.0 725.0 small-vehicle 1
274.0 745.0 277.0 753.0 264.0 760.0 260.0 752.0 small-vehicle 1
251.0 784.0 248.0 777.0 265.0 771.0 268.0 778.0 small-vehicle 1
282.0 764.0 285.0 771.0 271.0 777.0 268.0 770.0 small-vehicle 1
271.0 737.0 274.0 744.0 260.0 751.0 257.0 743.0 small-vehicle 1
590.0 740.0 586.0 732.0 602.0 724.0 605.0 733.0 small-vehicle 1
608.0 742.0 610.0 750.0 596.0 756.0 592.0 748.0 small-vehicle 1
173.0 798.0 164.0 802.0 158.0 789.0 167.0 784.0 small-vehicle 1
489.0 752.0 492.0 759.0 476.0 765.0 473.0 758.0 small-vehicle 0
469.0 707.0 472.0 714.0 454.0 722.0 451.0 714.0 small-vehicle 0
445.0 693.0 443.0 686.0 460.0 679.0 462.0 687.0 small-vehicle 0
457.0 669.0 460.0 677.0 442.0 684.0 439.0 677.0 small-vehicle 0
438.0 675.0 435.0 667.0 451.0 661.0 452.0 670.0 small-vehicle 0
499.0 650.0 502.0 656.0 484.0 665.0 482.0 657.0 small-vehicle 0
508.0 669.0 510.0 676.0 496.0 683.0 492.0 677.0 small-vehicle 0
508.0 678.0 512.0 684.0 496.0 693.0 493.0 686.0 small-vehicle 0
514.0 688.0 517.0 695.0 499.0 703.0 496.0 696.0 small-vehicle 0
517.0 696.0 519.0 703.0 504.0 710.0 501.0 703.0 small-vehicle 0
689.0 571.0 692.0 577.0 676.0 586.0 672.0 578.0 small-vehicle 0
678.0 552.0 681.0 559.0 666.0 567.0 663.0 560.0 small-vehicle 0
675.0 542.0 678.0 550.0 662.0 559.0 659.0 550.0 small-vehicle 0
671.0 533.0 674.0 541.0 658.0 548.0 655.0 540.0 small-vehicle 0
510.0 667.0 506.0 661.0 521.0 652.0 524.0 658.0 small-vehicle 0
502.0 648.0 498.0 640.0 513.0 634.0 516.0 641.0 small-vehicle 0
531.0 680.0 535.0 687.0 519.0 694.0 516.0 687.0 small-vehicle 0
537.0 688.0 539.0 695.0 524.0 702.0 522.0 696.0 small-vehicle 0
527.0 713.0 524.0 705.0 540.0 698.0 544.0 706.0 small-vehicle 0
552.0 726.0 555.0 733.0 539.0 738.0 537.0 732.0 small-vehicle 0
558.0 745.0 560.0 751.0 545.0 759.0 542.0 752.0 small-vehicle 0
564.0 751.0 567.0 759.0 550.0 766.0 547.0 760.0 small-vehicle 0
525.0 714.0 529.0 721.0 513.0 730.0 510.0 722.0 small-vehicle 0
530.0 722.0 534.0 730.0 516.0 737.0 513.0 730.0 small-vehicle 0
536.0 742.0 539.0 750.0 524.0 756.0 521.0 748.0 small-vehicle 0
527.0 765.0 524.0 758.0 538.0 753.0 541.0 759.0 small-vehicle 1
543.0 758.0 547.0 766.0 528.0 776.0 524.0 768.0 small-vehicle 0
547.0 770.0 550.0 777.0 534.0 784.0 531.0 777.0 small-vehicle 0
471.0 757.0 468.0 751.0 485.0 743.0 488.0 750.0 small-vehicle 0
490.0 760.0 494.0 768.0 479.0 775.0 475.0 767.0 small-vehicle 0
572.0 767.0 576.0 776.0 557.0 785.0 553.0 777.0 small-vehicle 0
461.0 782.0 457.0 777.0 473.0 769.0 476.0 776.0 small-vehicle 0
255.0 794.0 252.0 787.0 268.0 780.0 271.0 788.0 small-vehicle 0
246.0 768.0 243.0 759.0 261.0 752.0 263.0 760.0 small-vehicle 0
248.0 776.0 245.0 770.0 263.0 762.0 266.0 769.0 small-vehicle 0
289.0 784.0 292.0 791.0 278.0 796.0 275.0 790.0 small-vehicle 1
286.0 773.0 290.0 780.0 274.0 786.0 270.0 779.0 small-vehicle 0
278.0 754.0 281.0 762.0 266.0 770.0 263.0 762.0 small-vehicle 0
315.0 729.0 317.0 737.0 302.0 743.0 298.0 736.0 small-vehicle 0
328.0 755.0 331.0 762.0 313.0 769.0 311.0 763.0 small-vehicle 0
331.0 764.0 334.0 771.0 319.0 777.0 317.0 770.0 small-vehicle 0
334.0 775.0 337.0 781.0 322.0 788.0 319.0 781.0 small-vehicle 0
347.0 747.0 349.0 755.0 333.0 762.0 330.0 755.0 small-vehicle 0
343.0 738.0 346.0 747.0 330.0 753.0 327.0 744.0 small-vehicle 0
326.0 743.0 323.0 737.0 340.0 729.0 342.0 737.0 small-vehicle 0
321.0 735.0 319.0 727.0 335.0 720.0 337.0 728.0 small-vehicle 0
408.0 785.0 411.0 791.0 397.0 799.0 392.0 793.0 small-vehicle 0
418.0 800.0 413.0 794.0 429.0 787.0 431.0 793.0 small-vehicle 0
416.0 791.0 412.0 784.0 426.0 779.0 428.0 786.0 small-vehicle 1
405.0 775.0 410.0 782.0 393.0 790.0 390.0 783.0 small-vehicle 0
406.0 773.0 404.0 764.0 423.0 761.0 425.0 769.0 small-vehicle 0
396.0 757.0 400.0 765.0 384.0 772.0 380.0 765.0 small-vehicle 0
389.0 739.0 392.0 747.0 376.0 754.0 372.0 747.0 small-vehicle 0
398.0 756.0 395.0 749.0 409.0 744.0 411.0 750.0 small-vehicle 1
380.0 711.0 377.0 704.0 395.0 696.0 397.0 703.0 small-vehicle 0
418.0 683.0 415.0 675.0 430.0 669.0 433.0 676.0 small-vehicle 0
424.0 693.0 419.0 684.0 437.0 678.0 439.0 686.0 small-vehicle 0
441.0 686.0 444.0 694.0 427.0 702.0 424.0 694.0 small-vehicle 0
453.0 725.0 456.0 731.0 444.0 738.0 440.0 731.0 small-vehicle 1
551.0 778.0 554.0 784.0 539.0 791.0 537.0 784.0 small-vehicle 0
626.0 788.0 629.0 796.0 616.0 802.0 613.0 795.0 small-vehicle 1
614.0 749.0 618.0 759.0 602.0 767.0 598.0 757.0 small-vehicle 1
505.0 579.0 512.0 576.0 521.0 593.0 515.0 596.0 small-vehicle 0
425.0 612.0 432.0 609.0 441.0 626.0 434.0 630.0 small-vehicle 0
463.0 598.0 468.0 596.0 475.0 610.0 469.0 613.0 small-vehicle 0
417.0 620.0 424.0 616.0 431.0 632.0 424.0 636.0 small-vehicle 0
407.0 622.0 415.0 618.0 421.0 635.0 414.0 638.0 small-vehicle 0
398.0 625.0 405.0 621.0 412.0 638.0 405.0 640.0 small-vehicle 0
389.0 630.0 396.0 626.0 404.0 643.0 397.0 646.0 small-vehicle 0
352.0 643.0 361.0 639.0 370.0 659.0 361.0 662.0 small-vehicle 0
343.0 648.0 350.0 644.0 360.0 663.0 353.0 667.0 small-vehicle 0
335.0 652.0 343.0 648.0 349.0 666.0 343.0 670.0 small-vehicle 0
307.0 662.0 315.0 659.0 322.0 678.0 315.0 681.0 small-vehicle 0
299.0 667.0 306.0 664.0 314.0 681.0 307.0 685.0 small-vehicle 0
289.0 669.0 296.0 666.0 304.0 686.0 297.0 689.0 small-vehicle 0
267.0 721.0 271.0 715.0 285.0 723.0 282.0 730.0 small-vehicle 0
194.0 750.0 197.0 742.0 211.0 750.0 208.0 756.0 small-vehicle 0
196.0 707.0 206.0 704.0 213.0 725.0 205.0 728.0 small-vehicle 0
186.0 712.0 196.0 708.0 204.0 729.0 195.0 733.0 small-vehicle 0
556.0 787.0 559.0 796.0 544.0 801.0 540.0 793.0 small-vehicle 1
561.0 795.0 557.0 787.0 573.0 781.0 576.0 790.0 small-vehicle 1
552.0 775.0 548.0 767.0 562.0 760.0 566.0 768.0 small-vehicle 1
556.0 730.0 560.0 739.0 541.0 749.0 537.0 740.0 small-vehicle 1
530.0 722.0 526.0 715.0 543.0 707.0 546.0 715.0 small-vehicle 1
548.0 715.0 552.0 723.0 536.0 730.0 532.0 722.0 small-vehicle 1
520.0 747.0 517.0 739.0 533.0 733.0 535.0 741.0 small-vehicle 1
522.0 705.0 525.0 714.0 509.0 719.0 506.0 711.0 small-vehicle 1
527.0 671.0 530.0 679.0 515.0 686.0 511.0 679.0 small-vehicle 1
527.0 660.0 530.0 668.0 514.0 676.0 509.0 669.0 small-vehicle 1
620.0 768.0 624.0 776.0 607.0 784.0 604.0 776.0 small-vehicle 1
480.0 592.0 488.0 588.0 494.0 604.0 488.0 607.0 small-vehicle 0
515.0 575.0 523.0 571.0 531.0 587.0 524.0 591.0 small-vehicle 0
633.0 795.0 630.0 788.0 647.0 781.0 649.0 787.0 small-vehicle 0
543.0 564.0 552.0 560.0 560.0 578.0 552.0 581.0 small-vehicle 0
618.0 760.0 620.0 767.0 605.0 774.0 601.0 767.0 small-vehicle 0
625.0 777.0 622.0 769.0 640.0 762.0 643.0 770.0 small-vehicle 0
633.0 743.0 635.0 749.0 623.0 756.0 619.0 750.0 small-vehicle 1
613.0 738.0 609.0 731.0 626.0 723.0 630.0 731.0 small-vehicle 0
602.0 722.0 600.0 714.0 619.0 706.0 622.0 714.0 small-vehicle 0
590.0 694.0 587.0 687.0 606.0 680.0 609.0 688.0 small-vehicle 0
589.0 686.0 586.0 679.0 601.0 672.0 604.0 680.0 small-vehicle 0
571.0 692.0 568.0 686.0 584.0 679.0 587.0 686.0 small-vehicle 0
580.0 669.0 583.0 676.0 568.0 683.0 564.0 677.0 small-vehicle 0
564.0 633.0 568.0 640.0 552.0 647.0 549.0 640.0 small-vehicle 0
622.0 598.0 625.0 605.0 609.0 612.0 607.0 606.0 small-vehicle 0
613.0 622.0 610.0 614.0 626.0 607.0 629.0 615.0 small-vehicle 0
634.0 625.0 637.0 631.0 621.0 639.0 618.0 634.0 small-vehicle 0
641.0 643.0 645.0 650.0 628.0 657.0 625.0 651.0 small-vehicle 0
645.0 652.0 648.0 659.0 631.0 667.0 627.0 660.0 small-vehicle 0
653.0 670.0 655.0 678.0 637.0 686.0 635.0 679.0 small-vehicle 0
654.0 669.0 651.0 661.0 667.0 653.0 670.0 661.0 small-vehicle 0
649.0 661.0 645.0 653.0 663.0 646.0 665.0 654.0 small-vehicle 0
661.0 633.0 665.0 640.0 648.0 650.0 643.0 643.0 small-vehicle 0
656.0 626.0 659.0 633.0 644.0 640.0 641.0 633.0 small-vehicle 0
655.0 617.0 657.0 625.0 639.0 632.0 638.0 625.0 small-vehicle 0
636.0 623.0 632.0 616.0 648.0 609.0 650.0 616.0 small-vehicle 0
637.0 580.0 640.0 590.0 624.0 596.0 620.0 588.0 small-vehicle 0
604.0 536.0 612.0 533.0 620.0 550.0 612.0 554.0 small-vehicle 0
596.0 540.0 604.0 535.0 612.0 553.0 605.0 557.0 small-vehicle 0
588.0 546.0 597.0 542.0 605.0 559.0 598.0 562.0 small-vehicle 0
578.0 548.0 586.0 543.0 596.0 561.0 588.0 566.0 small-vehicle 0
20.0 392.0 59.0 376.0 93.0 456.0 56.0 474.0 tennis-court 0
