imagesource:GoogleEarth
gsd:0.141646710609
800.0 142.0 820.0 142.0 821.0 183.0 800.0 183.0 small-vehicle 0
196.0 886.0 213.0 897.0 165.0 962.0 150.0 949.0 large-vehicle 0
157.0 714.0 156.0 735.0 98.0 733.0 99.0 712.0 large-vehicle 0
172.0 742.0 171.0 762.0 108.0 761.0 109.0 741.0 large-vehicle 0
194.0 769.0 193.0 789.0 114.0 789.0 114.0 769.0 large-vehicle 0
193.0 811.0 191.0 830.0 107.0 825.0 107.0 805.0 large-vehicle 0
207.0 837.0 205.0 855.0 115.0 851.0 116.0 833.0 large-vehicle 0
165.0 884.0 182.0 899.0 127.0 967.0 110.0 951.0 large-vehicle 0
286.0 898.0 303.0 912.0 247.0 983.0 231.0 971.0 large-vehicle 0
352.0 721.0 342.0 741.0 276.0 698.0 285.0 681.0 large-vehicle 0
311.0 914.0 330.0 925.0 290.0 986.0 272.0 976.0 large-vehicle 0
478.0 502.0 501.0 501.0 502.0 578.0 480.0 579.0 large-vehicle 0
536.0 591.0 535.0 613.0 456.0 609.0 458.0 588.0 large-vehicle 0
523.0 719.0 522.0 738.0 445.0 739.0 445.0 719.0 large-vehicle 0
447.0 805.0 447.0 783.0 527.0 784.0 525.0 804.0 large-vehicle 0
520.0 820.0 519.0 840.0 436.0 838.0 437.0 818.0 large-vehicle 0
181.0 679.0 176.0 700.0 118.0 688.0 122.0 668.0 large-vehicle 0
358.0 691.0 347.0 709.0 286.0 673.0 298.0 654.0 large-vehicle 0
736.0 347.0 735.0 330.0 777.0 327.0 779.0 344.0 small-vehicle 0
382.0 480.0 373.0 500.0 315.0 475.0 323.0 455.0 large-vehicle 0
200.0 359.0 198.0 380.0 121.0 374.0 121.0 353.0 large-vehicle 0
393.0 384.0 388.0 402.0 315.0 377.0 321.0 358.0 large-vehicle 0
390.0 411.0 384.0 432.0 306.0 404.0 311.0 384.0 large-vehicle 0
188.0 427.0 185.0 448.0 116.0 440.0 117.0 420.0 large-vehicle 0
185.0 457.0 182.0 476.0 128.0 469.0 131.0 451.0 large-vehicle 0
183.0 485.0 182.0 505.0 125.0 504.0 126.0 484.0 large-vehicle 0
379.0 525.0 368.0 542.0 310.0 505.0 321.0 488.0 large-vehicle 0
341.0 647.0 330.0 665.0 295.0 644.0 304.0 626.0 large-vehicle 0
386.0 585.0 377.0 604.0 299.0 561.0 308.0 543.0 large-vehicle 0
196.0 526.0 192.0 546.0 120.0 535.0 123.0 516.0 large-vehicle 0
199.0 565.0 194.0 583.0 133.0 571.0 137.0 552.0 large-vehicle 0
364.0 626.0 354.0 643.0 278.0 596.0 288.0 580.0 large-vehicle 0
184.0 588.0 180.0 608.0 119.0 598.0 123.0 576.0 large-vehicle 0
198.0 622.0 195.0 644.0 128.0 634.0 131.0 611.0 large-vehicle 0
671.0 920.0 671.0 938.0 590.0 934.0 590.0 916.0 large-vehicle 0
670.0 947.0 669.0 969.0 581.0 965.0 580.0 944.0 large-vehicle 0
662.0 996.0 661.0 1018.0 584.0 1015.0 583.0 994.0 large-vehicle 0
823.0 999.0 823.0 1016.0 784.0 1013.0 785.0 996.0 small-vehicle 0
844.0 922.0 836.0 905.0 871.0 892.0 877.0 909.0 small-vehicle 0
829.0 894.0 829.0 910.0 790.0 908.0 790.0 890.0 small-vehicle 0
828.0 916.0 826.0 931.0 791.0 927.0 792.0 912.0 small-vehicle 0
796.0 948.0 797.0 931.0 830.0 933.0 830.0 950.0 small-vehicle 0
846.0 976.0 838.0 959.0 881.0 942.0 889.0 960.0 small-vehicle 0
824.0 979.0 823.0 994.0 787.0 992.0 788.0 977.0 small-vehicle 0
828.0 1021.0 827.0 1041.0 783.0 1037.0 783.0 1018.0 small-vehicle 0
634.0 1025.0 632.0 1046.0 558.0 1041.0 558.0 1020.0 large-vehicle 0
779.0 1056.0 780.0 1038.0 825.0 1045.0 822.0 1060.0 small-vehicle 0
825.0 1065.0 826.0 1081.0 781.0 1079.0 781.0 1061.0 small-vehicle 0
779.0 1129.0 778.0 1111.0 826.0 1113.0 827.0 1129.0 small-vehicle 0
503.0 475.0 499.0 489.0 466.0 482.0 469.0 468.0 small-vehicle 0
671.0 900.0 670.0 916.0 624.0 916.0 624.0 896.0 small-vehicle 0
422.0 1118.0 413.0 1129.0 388.0 1114.0 396.0 1103.0 small-vehicle 0
830.0 872.0 829.0 888.0 797.0 885.0 798.0 870.0 small-vehicle 0
815.0 546.0 818.0 530.0 861.0 537.0 860.0 552.0 small-vehicle 0
861.0 394.0 860.0 377.0 902.0 378.0 903.0 395.0 small-vehicle 0
785.0 378.0 783.0 358.0 826.0 359.0 826.0 377.0 small-vehicle 0
461.0 439.0 463.0 421.0 505.0 426.0 504.0 442.0 small-vehicle 0
568.0 972.0 551.0 971.0 554.0 930.0 570.0 931.0 small-vehicle 0
190.0 1228.0 190.0 1244.0 154.0 1242.0 154.0 1225.0 small-vehicle 0
368.0 189.0 342.0 188.0 345.0 126.0 370.0 127.0 small-vehicle 0
338.0 176.0 319.0 175.0 321.0 129.0 339.0 130.0 small-vehicle 0
426.0 222.0 398.0 224.0 400.0 140.0 426.0 140.0 large-vehicle 0
607.0 1127.0 607.0 1148.0 547.0 1146.0 546.0 1126.0 large-vehicle 0
611.0 1103.0 608.0 1122.0 555.0 1114.0 557.0 1095.0 large-vehicle 0
717.0 1105.0 716.0 1125.0 629.0 1119.0 630.0 1100.0 large-vehicle 0
622.0 1076.0 621.0 1096.0 554.0 1091.0 555.0 1070.0 large-vehicle 0
629.0 1053.0 628.0 1068.0 585.0 1066.0 584.0 1052.0 large-vehicle 0
707.0 1047.0 707.0 1068.0 642.0 1069.0 641.0 1048.0 large-vehicle 0
703.0 1023.0 703.0 1044.0 646.0 1045.0 644.0 1023.0 large-vehicle 0
221.0 282.0 220.0 304.0 148.0 304.0 147.0 283.0 large-vehicle 0
