imagesource:GoogleEarth
gsd:0.145998643234
116.0 1721.0 102.0 1736.0 41.0 1669.0 56.0 1654.0 large-vehicle 0
133.0 682.0 116.0 698.0 53.0 632.0 69.0 617.0 large-vehicle 0
429.0 714.0 415.0 728.0 361.0 669.0 374.0 655.0 large-vehicle 0
358.0 708.0 342.0 724.0 290.0 666.0 303.0 653.0 large-vehicle 0
206.0 793.0 191.0 810.0 126.0 743.0 140.0 728.0 large-vehicle 0
136.0 759.0 119.0 775.0 57.0 708.0 70.0 694.0 large-vehicle 0
134.0 724.0 120.0 737.0 55.0 672.0 68.0 657.0 large-vehicle 0
211.0 765.0 195.0 780.0 130.0 713.0 145.0 697.0 large-vehicle 0
205.0 685.0 189.0 700.0 125.0 633.0 141.0 618.0 large-vehicle 0
425.0 781.0 410.0 794.0 357.0 735.0 373.0 721.0 large-vehicle 0
207.0 655.0 192.0 671.0 128.0 601.0 143.0 588.0 large-vehicle 0
570.0 621.0 584.0 637.0 520.0 693.0 506.0 678.0 large-vehicle 0
560.0 594.0 575.0 609.0 514.0 667.0 498.0 651.0 large-vehicle 0
558.0 560.0 573.0 575.0 511.0 633.0 496.0 619.0 large-vehicle 0
554.0 528.0 569.0 545.0 506.0 599.0 491.0 582.0 large-vehicle 0
561.0 487.0 576.0 504.0 513.0 560.0 496.0 542.0 large-vehicle 0
428.0 743.0 413.0 760.0 358.0 701.0 373.0 686.0 large-vehicle 0
356.0 742.0 343.0 758.0 287.0 702.0 299.0 687.0 large-vehicle 0
574.0 406.0 588.0 423.0 524.0 479.0 509.0 463.0 large-vehicle 0
132.0 834.0 115.0 850.0 54.0 783.0 70.0 769.0 large-vehicle 0
207.0 950.0 189.0 966.0 127.0 897.0 145.0 882.0 large-vehicle 0
134.0 906.0 117.0 922.0 54.0 856.0 71.0 841.0 large-vehicle 0
134.0 872.0 118.0 889.0 57.0 822.0 72.0 808.0 large-vehicle 0
424.0 883.0 410.0 897.0 355.0 841.0 371.0 826.0 large-vehicle 0
359.0 885.0 344.0 899.0 284.0 839.0 300.0 825.0 large-vehicle 0
199.0 866.0 183.0 882.0 120.0 814.0 135.0 801.0 large-vehicle 0
129.0 794.0 113.0 810.0 49.0 743.0 64.0 728.0 large-vehicle 0
357.0 779.0 341.0 794.0 287.0 737.0 302.0 721.0 large-vehicle 0
205.0 833.0 189.0 849.0 128.0 779.0 144.0 766.0 large-vehicle 0
358.0 815.0 341.0 831.0 287.0 774.0 302.0 759.0 large-vehicle 0
566.0 728.0 580.0 742.0 518.0 801.0 504.0 786.0 large-vehicle 0
557.0 706.0 571.0 721.0 507.0 776.0 491.0 761.0 large-vehicle 0
558.0 665.0 573.0 683.0 507.0 736.0 494.0 721.0 large-vehicle 0
426.0 815.0 410.0 829.0 355.0 771.0 370.0 757.0 large-vehicle 0
562.0 451.0 578.0 467.0 515.0 526.0 498.0 510.0 large-vehicle 0
562.0 379.0 577.0 395.0 514.0 454.0 500.0 438.0 large-vehicle 0
359.0 959.0 342.0 975.0 285.0 913.0 300.0 899.0 large-vehicle 0
443.0 441.0 427.0 456.0 367.0 390.0 383.0 376.0 large-vehicle 0
218.0 516.0 201.0 531.0 140.0 463.0 155.0 451.0 large-vehicle 0
131.0 499.0 112.0 516.0 49.0 449.0 65.0 435.0 large-vehicle 0
133.0 469.0 117.0 487.0 53.0 421.0 68.0 407.0 large-vehicle 0
143.0 438.0 129.0 455.0 64.0 390.0 79.0 376.0 large-vehicle 0
205.0 470.0 191.0 486.0 127.0 418.0 141.0 404.0 large-vehicle 0
209.0 438.0 193.0 453.0 129.0 385.0 144.0 370.0 large-vehicle 0
366.0 431.0 351.0 446.0 289.0 378.0 303.0 366.0 large-vehicle 0
365.0 463.0 349.0 480.0 287.0 415.0 302.0 400.0 large-vehicle 0
556.0 310.0 573.0 325.0 514.0 386.0 496.0 372.0 large-vehicle 0
563.0 271.0 578.0 287.0 513.0 344.0 498.0 328.0 large-vehicle 0
572.0 226.0 587.0 244.0 527.0 300.0 510.0 283.0 large-vehicle 0
582.0 184.0 596.0 200.0 537.0 258.0 521.0 242.0 large-vehicle 0
366.0 392.0 352.0 408.0 289.0 342.0 304.0 329.0 large-vehicle 0
373.0 361.0 356.0 376.0 292.0 309.0 306.0 295.0 large-vehicle 0
215.0 555.0 198.0 571.0 137.0 500.0 152.0 487.0 large-vehicle 0
436.0 471.0 422.0 485.0 362.0 419.0 375.0 407.0 large-vehicle 0
565.0 341.0 581.0 356.0 521.0 416.0 504.0 402.0 large-vehicle 0
197.0 571.0 182.0 586.0 121.0 520.0 134.0 506.0 large-vehicle 0
358.0 671.0 344.0 686.0 291.0 630.0 305.0 614.0 large-vehicle 0
427.0 637.0 411.0 652.0 358.0 592.0 372.0 577.0 large-vehicle 0
357.0 630.0 342.0 647.0 287.0 591.0 301.0 576.0 large-vehicle 0
130.0 612.0 113.0 627.0 53.0 561.0 69.0 546.0 large-vehicle 0
132.0 573.0 118.0 589.0 54.0 522.0 69.0 508.0 large-vehicle 0
139.0 543.0 123.0 560.0 59.0 493.0 75.0 481.0 large-vehicle 0
360.0 602.0 346.0 617.0 290.0 560.0 303.0 546.0 large-vehicle 0
436.0 505.0 421.0 521.0 362.0 453.0 376.0 440.0 large-vehicle 0
358.0 561.0 343.0 577.0 288.0 519.0 303.0 504.0 large-vehicle 0
362.0 531.0 347.0 546.0 292.0 490.0 307.0 474.0 large-vehicle 0
429.0 603.0 414.0 617.0 361.0 559.0 374.0 546.0 large-vehicle 0
429.0 566.0 414.0 582.0 360.0 524.0 373.0 510.0 large-vehicle 0
364.0 496.0 349.0 512.0 291.0 456.0 306.0 440.0 large-vehicle 0
435.0 538.0 420.0 553.0 362.0 487.0 375.0 474.0 large-vehicle 0
355.0 919.0 338.0 936.0 284.0 875.0 299.0 859.0 large-vehicle 0
566.0 837.0 581.0 855.0 519.0 912.0 502.0 895.0 large-vehicle 0
191.0 1756.0 178.0 1773.0 115.0 1703.0 128.0 1690.0 large-vehicle 0
423.0 1470.0 407.0 1484.0 348.0 1414.0 365.0 1401.0 large-vehicle 0
124.0 1397.0 107.0 1412.0 46.0 1345.0 61.0 1331.0 large-vehicle 0
125.0 1360.0 108.0 1377.0 45.0 1308.0 61.0 1294.0 large-vehicle 0
124.0 1328.0 107.0 1346.0 46.0 1277.0 61.0 1263.0 large-vehicle 0
124.0 1293.0 109.0 1311.0 46.0 1244.0 63.0 1229.0 large-vehicle 0
192.0 1397.0 177.0 1415.0 113.0 1347.0 130.0 1331.0 large-vehicle 0
354.0 1390.0 341.0 1406.0 276.0 1338.0 291.0 1324.0 large-vehicle 0
421.0 1386.0 406.0 1402.0 342.0 1338.0 359.0 1323.0 large-vehicle 0
198.0 1472.0 183.0 1491.0 119.0 1424.0 136.0 1407.0 large-vehicle 0
428.0 1428.0 411.0 1446.0 350.0 1379.0 365.0 1364.0 large-vehicle 0
555.0 1376.0 572.0 1391.0 511.0 1451.0 495.0 1435.0 large-vehicle 0
550.0 1347.0 565.0 1361.0 504.0 1419.0 488.0 1403.0 large-vehicle 0
557.0 1303.0 573.0 1315.0 515.0 1376.0 500.0 1361.0 large-vehicle 0
554.0 1273.0 569.0 1287.0 508.0 1347.0 491.0 1332.0 large-vehicle 0
356.0 1357.0 341.0 1375.0 277.0 1305.0 293.0 1289.0 large-vehicle 0
193.0 1435.0 177.0 1452.0 115.0 1383.0 131.0 1369.0 large-vehicle 0
119.0 1427.0 103.0 1444.0 41.0 1377.0 58.0 1362.0 large-vehicle 0
196.0 1333.0 180.0 1350.0 116.0 1282.0 133.0 1267.0 large-vehicle 0
560.0 1549.0 575.0 1567.0 526.0 1611.0 511.0 1596.0 large-vehicle 0
190.0 1710.0 174.0 1725.0 111.0 1656.0 127.0 1642.0 large-vehicle 0
121.0 1681.0 103.0 1696.0 41.0 1629.0 57.0 1613.0 large-vehicle 0
120.0 1636.0 103.0 1652.0 41.0 1583.0 57.0 1570.0 large-vehicle 0
188.0 1674.0 171.0 1690.0 110.0 1621.0 125.0 1606.0 large-vehicle 0
193.0 1642.0 178.0 1660.0 115.0 1592.0 131.0 1578.0 large-vehicle 0
120.0 1601.0 102.0 1618.0 40.0 1550.0 57.0 1536.0 large-vehicle 0
546.0 1527.0 562.0 1546.0 499.0 1601.0 481.0 1585.0 large-vehicle 0
119.0 1460.0 101.0 1477.0 41.0 1413.0 56.0 1399.0 large-vehicle 0
120.0 1568.0 103.0 1584.0 41.0 1517.0 59.0 1501.0 large-vehicle 0
191.0 1573.0 174.0 1589.0 113.0 1522.0 128.0 1509.0 large-vehicle 0
119.0 1533.0 104.0 1547.0 41.0 1482.0 57.0 1468.0 large-vehicle 0
120.0 1497.0 102.0 1515.0 38.0 1446.0 56.0 1431.0 large-vehicle 0
193.0 1535.0 175.0 1553.0 113.0 1487.0 131.0 1472.0 large-vehicle 0
194.0 1501.0 176.0 1518.0 111.0 1455.0 126.0 1438.0 large-vehicle 0
351.0 1318.0 333.0 1334.0 275.0 1265.0 290.0 1250.0 large-vehicle 0
119.0 1252.0 103.0 1268.0 38.0 1201.0 56.0 1187.0 large-vehicle 0
566.0 870.0 582.0 887.0 520.0 945.0 504.0 929.0 large-vehicle 0
553.0 1024.0 568.0 1042.0 505.0 1097.0 490.0 1081.0 large-vehicle 0
129.0 1011.0 114.0 1025.0 52.0 957.0 69.0 943.0 large-vehicle 0
201.0 1051.0 186.0 1066.0 124.0 998.0 138.0 985.0 large-vehicle 0
351.0 1095.0 336.0 1110.0 280.0 1051.0 294.0 1038.0 large-vehicle 0
360.0 1070.0 344.0 1084.0 285.0 1022.0 301.0 1009.0 large-vehicle 0
562.0 1088.0 577.0 1104.0 514.0 1160.0 498.0 1146.0 large-vehicle 0
551.0 1064.0 566.0 1080.0 503.0 1135.0 488.0 1119.0 large-vehicle 0
422.0 1100.0 407.0 1116.0 350.0 1052.0 365.0 1038.0 large-vehicle 0
201.0 1084.0 185.0 1101.0 123.0 1032.0 141.0 1019.0 large-vehicle 0
353.0 1025.0 337.0 1043.0 279.0 983.0 293.0 967.0 large-vehicle 0
200.0 1011.0 183.0 1026.0 121.0 959.0 136.0 945.0 large-vehicle 0
128.0 973.0 112.0 988.0 50.0 922.0 66.0 908.0 large-vehicle 0
202.0 980.0 186.0 994.0 124.0 928.0 139.0 913.0 large-vehicle 0
556.0 951.0 573.0 966.0 513.0 1026.0 496.0 1011.0 large-vehicle 0
551.0 922.0 565.0 939.0 502.0 993.0 486.0 977.0 large-vehicle 0
127.0 1042.0 111.0 1058.0 50.0 991.0 64.0 977.0 large-vehicle 0
352.0 1132.0 336.0 1149.0 278.0 1086.0 294.0 1072.0 large-vehicle 0
199.0 1298.0 184.0 1313.0 119.0 1247.0 135.0 1234.0 large-vehicle 0
201.0 1154.0 184.0 1170.0 123.0 1104.0 139.0 1089.0 large-vehicle 0
199.0 1258.0 181.0 1275.0 123.0 1206.0 138.0 1191.0 large-vehicle 0
128.0 1227.0 111.0 1243.0 49.0 1174.0 66.0 1160.0 large-vehicle 0
128.0 1181.0 112.0 1197.0 50.0 1131.0 66.0 1117.0 large-vehicle 0
204.0 1225.0 186.0 1242.0 123.0 1174.0 141.0 1159.0 large-vehicle 0
125.0 1145.0 108.0 1159.0 45.0 1094.0 63.0 1078.0 large-vehicle 0
198.0 1187.0 181.0 1203.0 121.0 1137.0 138.0 1122.0 large-vehicle 0
126.0 1110.0 110.0 1127.0 48.0 1060.0 63.0 1046.0 large-vehicle 0
420.0 1168.0 404.0 1184.0 347.0 1121.0 363.0 1108.0 large-vehicle 0
127.0 1079.0 110.0 1094.0 50.0 1026.0 65.0 1013.0 large-vehicle 0
200.0 1119.0 184.0 1135.0 122.0 1068.0 139.0 1053.0 large-vehicle 0
346.0 1200.0 331.0 1216.0 272.0 1155.0 286.0 1140.0 large-vehicle 0
351.0 1166.0 336.0 1182.0 278.0 1122.0 292.0 1109.0 large-vehicle 0
563.0 1157.0 581.0 1173.0 518.0 1232.0 503.0 1216.0 large-vehicle 0
556.0 1133.0 569.0 1149.0 505.0 1207.0 489.0 1190.0 large-vehicle 0
371.0 322.0 355.0 341.0 289.0 271.0 306.0 256.0 large-vehicle 0
