imagesource:GoogleEarth
gsd:0.13125701851
393.0 179.0 386.0 167.0 407.0 155.0 412.0 168.0 small-vehicle 1
72.0 533.0 58.0 543.0 42.0 514.0 55.0 505.0 small-vehicle 0
220.0 85.0 208.0 65.0 281.0 20.0 291.0 37.0 large-vehicle 0
235.0 106.0 221.0 90.0 293.0 41.0 304.0 58.0 large-vehicle 0
250.0 127.0 237.0 110.0 309.0 61.0 320.0 79.0 large-vehicle 0
265.0 149.0 251.0 130.0 323.0 83.0 335.0 100.0 large-vehicle 0
274.0 169.0 263.0 151.0 337.0 105.0 347.0 123.0 large-vehicle 0
296.0 224.0 277.0 236.0 231.0 162.0 248.0 151.0 large-vehicle 0
288.0 192.0 275.0 174.0 348.0 129.0 359.0 146.0 large-vehicle 0
304.0 213.0 290.0 196.0 364.0 148.0 375.0 164.0 large-vehicle 0
313.0 236.0 301.0 217.0 375.0 170.0 385.0 189.0 large-vehicle 0
326.0 260.0 312.0 241.0 382.0 191.0 394.0 209.0 large-vehicle 0
83.0 159.0 93.0 177.0 17.0 225.0 8.0 206.0 large-vehicle 0
94.0 181.0 103.0 196.0 30.0 244.0 20.0 227.0 large-vehicle 0
115.0 197.0 127.0 216.0 55.0 264.0 44.0 247.0 large-vehicle 0
127.0 220.0 140.0 236.0 72.0 287.0 58.0 273.0 large-vehicle 0
141.0 242.0 153.0 258.0 81.0 308.0 70.0 290.0 large-vehicle 0
154.0 261.0 166.0 278.0 95.0 328.0 85.0 311.0 large-vehicle 0
169.0 284.0 181.0 301.0 110.0 351.0 99.0 333.0 large-vehicle 0
185.0 304.0 196.0 322.0 125.0 372.0 114.0 354.0 large-vehicle 0
202.0 324.0 213.0 341.0 142.0 392.0 131.0 375.0 large-vehicle 0
205.0 353.0 217.0 372.0 145.0 423.0 132.0 402.0 large-vehicle 0
218.0 376.0 229.0 395.0 159.0 444.0 147.0 428.0 large-vehicle 0
231.0 395.0 245.0 411.0 173.0 466.0 161.0 448.0 large-vehicle 0
243.0 422.0 255.0 440.0 187.0 492.0 175.0 475.0 large-vehicle 0
373.0 271.0 360.0 260.0 386.0 234.0 397.0 244.0 small-vehicle 0
50.0 543.0 36.0 552.0 22.0 518.0 36.0 510.0 small-vehicle 0
154.0 205.0 139.0 218.0 88.0 147.0 107.0 135.0 large-vehicle 0
