imagesource:GoogleEarth
gsd:0.560465468057
1119.0 890.0 1132.0 890.0 1133.0 904.0 1118.0 904.0 swimming-pool 1
137.0 2014.0 143.0 2013.0 144.0 2026.0 138.0 2027.0 ship 1
45.0 2026.0 52.0 2025.0 54.0 2039.0 46.0 2040.0 ship 1
53.0 2025.0 60.0 2025.0 59.0 2037.0 53.0 2037.0 ship 1
61.0 2024.0 66.0 2023.0 68.0 2037.0 62.0 2038.0 ship 1
67.0 2024.0 73.0 2023.0 75.0 2035.0 69.0 2036.0 ship 1
75.0 2023.0 80.0 2022.0 82.0 2034.0 77.0 2035.0 ship 1
81.0 2023.0 86.0 2021.0 88.0 2034.0 82.0 2035.0 ship 1
88.0 2021.0 95.0 2020.0 96.0 2033.0 89.0 2033.0 ship 1
123.0 2030.0 118.0 2030.0 117.0 2017.0 122.0 2017.0 ship 1
130.0 2014.0 136.0 2014.0 137.0 2028.0 131.0 2028.0 ship 1
144.0 2013.0 150.0 2013.0 151.0 2025.0 145.0 2026.0 ship 1
462.0 2203.0 462.0 2210.0 442.0 2212.0 441.0 2204.0 ship 0
157.0 2025.0 152.0 2025.0 152.0 2012.0 156.0 2011.0 ship 1
180.0 2009.0 185.0 2008.0 187.0 2021.0 181.0 2021.0 ship 1
178.0 1987.0 184.0 1987.0 184.0 2005.0 178.0 2004.0 ship 0
168.0 1989.0 175.0 1988.0 177.0 2006.0 170.0 2007.0 ship 0
145.0 1992.0 152.0 1991.0 153.0 2009.0 147.0 2009.0 ship 0
138.0 1993.0 145.0 1992.0 147.0 2010.0 140.0 2011.0 ship 0
139.0 2010.0 132.0 2011.0 130.0 1994.0 136.0 1994.0 ship 0
124.0 2013.0 118.0 2014.0 116.0 1996.0 122.0 1996.0 ship 0
116.0 2014.0 110.0 2015.0 108.0 1998.0 114.0 1997.0 ship 0
504.0 2235.0 503.0 2228.0 517.0 2228.0 517.0 2234.0 ship 1
488.0 2235.0 488.0 2229.0 499.0 2229.0 500.0 2235.0 ship 1
484.0 2243.0 484.0 2236.0 501.0 2238.0 500.0 2244.0 ship 0
520.0 2236.0 520.0 2242.0 504.0 2244.0 503.0 2237.0 ship 0
424.0 2222.0 424.0 2215.0 441.0 2214.0 441.0 2221.0 ship 0
460.0 2214.0 461.0 2220.0 444.0 2222.0 443.0 2216.0 ship 0
425.0 2232.0 424.0 2224.0 442.0 2223.0 443.0 2231.0 ship 0
464.0 2223.0 465.0 2231.0 445.0 2232.0 444.0 2224.0 ship 0
462.0 2233.0 463.0 2241.0 445.0 2241.0 444.0 2234.0 ship 0
425.0 2251.0 425.0 2244.0 440.0 2243.0 440.0 2250.0 ship 0
463.0 2243.0 464.0 2250.0 445.0 2252.0 443.0 2244.0 ship 0
461.0 2253.0 461.0 2260.0 445.0 2261.0 444.0 2254.0 ship 0
425.0 2261.0 425.0 2253.0 442.0 2253.0 442.0 2261.0 ship 0
462.0 2263.0 462.0 2270.0 444.0 2270.0 444.0 2263.0 ship 0
440.0 2263.0 440.0 2272.0 426.0 2273.0 425.0 2264.0 ship 1
449.0 2280.0 449.0 2273.0 463.0 2273.0 463.0 2280.0 ship 1
497.0 2282.0 497.0 2289.0 485.0 2289.0 485.0 2282.0 ship 1
488.0 2273.0 488.0 2265.0 500.0 2264.0 501.0 2272.0 ship 1
520.0 2264.0 520.0 2270.0 503.0 2271.0 502.0 2265.0 ship 0
519.0 2254.0 519.0 2261.0 504.0 2263.0 503.0 2256.0 ship 0
487.0 2263.0 487.0 2256.0 501.0 2257.0 501.0 2263.0 ship 1
484.0 2254.0 483.0 2247.0 501.0 2245.0 502.0 2252.0 ship 0
504.0 2253.0 504.0 2246.0 517.0 2245.0 518.0 2252.0 ship 1
108.0 2015.0 102.0 2015.0 101.0 1999.0 108.0 1998.0 ship 0
87.0 2017.0 80.0 2018.0 80.0 2003.0 86.0 2003.0 ship 0
179.0 2041.0 185.0 2041.0 186.0 2056.0 180.0 2056.0 ship 0
171.0 2423.0 165.0 2423.0 165.0 2407.0 172.0 2407.0 ship 0
131.0 2456.0 124.0 2456.0 125.0 2441.0 131.0 2441.0 ship 0
138.0 2456.0 133.0 2456.0 134.0 2444.0 138.0 2444.0 ship 1
147.0 2457.0 141.0 2456.0 143.0 2443.0 149.0 2443.0 ship 1
155.0 2458.0 149.0 2457.0 150.0 2444.0 155.0 2444.0 ship 1
163.0 2457.0 158.0 2457.0 158.0 2442.0 163.0 2442.0 ship 0
172.0 2458.0 166.0 2458.0 167.0 2444.0 173.0 2444.0 ship 1
182.0 2442.0 189.0 2442.0 188.0 2458.0 182.0 2458.0 ship 0
192.0 2442.0 198.0 2443.0 197.0 2459.0 191.0 2458.0 ship 0
200.0 2445.0 206.0 2445.0 204.0 2459.0 199.0 2458.0 ship 1
214.0 2459.0 208.0 2459.0 208.0 2446.0 214.0 2446.0 ship 1
230.0 2459.0 224.0 2459.0 225.0 2445.0 230.0 2445.0 ship 1
234.0 2442.0 239.0 2442.0 238.0 2460.0 233.0 2460.0 ship 0
226.0 2481.0 219.0 2480.0 221.0 2462.0 227.0 2462.0 ship 0
127.0 2477.0 121.0 2477.0 123.0 2458.0 128.0 2458.0 ship 0
136.0 2480.0 129.0 2479.0 131.0 2462.0 138.0 2463.0 ship 0
147.0 2478.0 141.0 2478.0 141.0 2461.0 147.0 2461.0 ship 0
159.0 2518.0 151.0 2518.0 152.0 2500.0 159.0 2500.0 ship 0
161.0 2503.0 168.0 2503.0 167.0 2519.0 161.0 2519.0 ship 0
168.0 2503.0 175.0 2503.0 175.0 2519.0 168.0 2519.0 ship 0
114.0 2409.0 120.0 2409.0 119.0 2425.0 113.0 2424.0 ship 0
193.0 2423.0 186.0 2423.0 186.0 2407.0 192.0 2407.0 ship 0
158.0 2065.0 158.0 2058.0 175.0 2056.0 175.0 2063.0 ship 0
200.0 2423.0 193.0 2423.0 194.0 2407.0 199.0 2407.0 ship 0
111.0 2047.0 119.0 2046.0 119.0 2062.0 111.0 2062.0 ship 0
131.0 2061.0 125.0 2061.0 124.0 2046.0 130.0 2045.0 ship 0
132.0 2045.0 138.0 2045.0 138.0 2058.0 133.0 2058.0 ship 1
151.0 2057.0 146.0 2057.0 145.0 2045.0 150.0 2044.0 ship 1
156.0 2057.0 151.0 2057.0 151.0 2044.0 155.0 2044.0 ship 1
165.0 2056.0 159.0 2056.0 158.0 2046.0 163.0 2045.0 ship 1
91.0 2064.0 86.0 2064.0 86.0 2050.0 91.0 2050.0 ship 1
161.0 2193.0 169.0 2192.0 169.0 2208.0 161.0 2208.0 ship 0
154.0 2209.0 147.0 2209.0 147.0 2195.0 153.0 2194.0 ship 1
134.0 2215.0 127.0 2215.0 127.0 2201.0 133.0 2200.0 ship 1
194.0 2207.0 202.0 2206.0 204.0 2223.0 196.0 2224.0 ship 0
212.0 2203.0 206.0 2202.0 207.0 2191.0 212.0 2191.0 ship 1
180.0 2315.0 188.0 2314.0 190.0 2332.0 183.0 2332.0 ship 0
203.0 2327.0 198.0 2328.0 195.0 2315.0 201.0 2313.0 ship 1
184.0 2342.0 192.0 2341.0 192.0 2355.0 185.0 2356.0 ship 1
192.0 2388.0 199.0 2388.0 199.0 2405.0 192.0 2405.0 ship 0
206.0 2404.0 200.0 2404.0 200.0 2386.0 205.0 2386.0 ship 0
211.0 2385.0 217.0 2386.0 216.0 2404.0 210.0 2403.0 ship 0
221.0 2407.0 227.0 2407.0 228.0 2422.0 222.0 2422.0 ship 0
424.0 2214.0 423.0 2205.0 441.0 2203.0 442.0 2211.0 ship 0
462.0 2194.0 462.0 2201.0 442.0 2201.0 441.0 2195.0 ship 0
186.0 2501.0 194.0 2501.0 193.0 2519.0 186.0 2519.0 ship 0
329.0 1780.0 322.0 1779.0 326.0 1759.0 333.0 1759.0 ship 0
572.0 1453.0 578.0 1453.0 577.0 1466.0 572.0 1466.0 ship 1
584.0 1467.0 578.0 1467.0 579.0 1453.0 585.0 1453.0 ship 1
585.0 1453.0 592.0 1453.0 591.0 1465.0 585.0 1465.0 ship 1
593.0 1454.0 599.0 1454.0 598.0 1465.0 592.0 1465.0 ship 1
455.0 1513.0 446.0 1510.0 457.0 1487.0 465.0 1491.0 ship 0
388.0 1599.0 382.0 1601.0 377.0 1586.0 383.0 1584.0 ship 0
365.0 1665.0 358.0 1669.0 343.0 1647.0 349.0 1642.0 ship 0
402.0 1680.0 396.0 1675.0 409.0 1658.0 414.0 1663.0 ship 0
314.0 1696.0 307.0 1696.0 308.0 1683.0 313.0 1683.0 ship 1
354.0 1887.0 363.0 1886.0 365.0 1905.0 356.0 1907.0 ship 0
440.0 2194.0 440.0 2203.0 424.0 2203.0 423.0 2195.0 ship 0
357.0 1911.0 351.0 1911.0 349.0 1895.0 354.0 1894.0 ship 0
366.0 1884.0 376.0 1883.0 378.0 1904.0 368.0 1904.0 ship 0
394.0 1994.0 387.0 1997.0 381.0 1980.0 387.0 1977.0 ship 0
376.0 1963.0 384.0 1961.0 387.0 1976.0 379.0 1978.0 ship 0
370.0 1970.0 377.0 1968.0 381.0 1985.0 374.0 1987.0 ship 0
371.0 2103.0 370.0 2094.0 395.0 2093.0 396.0 2101.0 ship 0
394.0 2105.0 393.0 2112.0 373.0 2112.0 373.0 2105.0 ship 0
341.0 2123.0 341.0 2112.0 370.0 2113.0 369.0 2123.0 ship 0
395.0 2115.0 395.0 2123.0 372.0 2122.0 373.0 2114.0 ship 0
557.0 1452.0 564.0 1452.0 565.0 1465.0 558.0 1466.0 ship 1
544.0 1452.0 550.0 1452.0 550.0 1465.0 544.0 1465.0 ship 1
540.0 1468.0 534.0 1468.0 534.0 1450.0 540.0 1450.0 ship 0
525.0 1451.0 532.0 1451.0 532.0 1467.0 526.0 1467.0 ship 0
502.0 1077.0 505.0 1072.0 518.0 1079.0 515.0 1084.0 ship 1
509.0 1064.0 511.0 1058.0 524.0 1066.0 521.0 1071.0 ship 0
549.0 1120.0 552.0 1114.0 569.0 1123.0 565.0 1130.0 ship 0
556.0 1105.0 559.0 1099.0 575.0 1107.0 572.0 1114.0 ship 0
576.0 1118.0 579.0 1110.0 598.0 1120.0 594.0 1127.0 ship 0
583.0 1112.0 585.0 1106.0 598.0 1112.0 596.0 1118.0 ship 1
549.0 1358.0 558.0 1359.0 557.0 1383.0 548.0 1383.0 ship 0
559.0 1359.0 568.0 1360.0 566.0 1383.0 558.0 1383.0 ship 0
569.0 1358.0 578.0 1359.0 578.0 1383.0 569.0 1383.0 ship 0
580.0 1359.0 589.0 1360.0 588.0 1383.0 580.0 1383.0 ship 0
599.0 1384.0 591.0 1384.0 593.0 1361.0 601.0 1362.0 ship 0
555.0 1407.0 547.0 1406.0 549.0 1384.0 556.0 1384.0 ship 0
565.0 1406.0 557.0 1405.0 558.0 1384.0 566.0 1385.0 ship 0
577.0 1406.0 570.0 1406.0 571.0 1384.0 578.0 1384.0 ship 0
587.0 1410.0 579.0 1410.0 579.0 1385.0 588.0 1386.0 ship 0
509.0 1431.0 515.0 1431.0 514.0 1448.0 508.0 1448.0 ship 0
525.0 1432.0 532.0 1432.0 532.0 1448.0 525.0 1448.0 ship 0
540.0 1449.0 534.0 1449.0 535.0 1433.0 541.0 1434.0 ship 0
507.0 1450.0 515.0 1450.0 514.0 1467.0 507.0 1467.0 ship 0
454.0 2094.0 455.0 2103.0 426.0 2104.0 426.0 2094.0 ship 0
439.0 2107.0 439.0 2115.0 422.0 2114.0 421.0 2106.0 ship 0
421.0 2125.0 421.0 2118.0 437.0 2117.0 437.0 2124.0 ship 0
396.0 2256.0 395.0 2264.0 375.0 2264.0 376.0 2256.0 ship 0
399.0 2267.0 399.0 2275.0 375.0 2275.0 375.0 2267.0 ship 0
396.0 2278.0 396.0 2284.0 375.0 2284.0 375.0 2278.0 ship 0
349.0 2277.0 349.0 2268.0 373.0 2267.0 373.0 2276.0 ship 0
346.0 2287.0 346.0 2277.0 373.0 2278.0 373.0 2287.0 ship 0
372.0 2288.0 372.0 2300.0 348.0 2300.0 347.0 2288.0 ship 0
438.0 2126.0 439.0 2134.0 422.0 2134.0 421.0 2126.0 ship 0
460.0 2125.0 461.0 2131.0 443.0 2133.0 442.0 2126.0 ship 0
421.0 2145.0 421.0 2137.0 439.0 2136.0 439.0 2144.0 ship 0
461.0 2134.0 461.0 2144.0 442.0 2144.0 441.0 2135.0 ship 0
421.0 2153.0 421.0 2145.0 440.0 2145.0 440.0 2152.0 ship 0
461.0 2145.0 461.0 2152.0 442.0 2152.0 441.0 2146.0 ship 0
421.0 2164.0 420.0 2156.0 439.0 2155.0 440.0 2163.0 ship 0
462.0 2155.0 462.0 2163.0 443.0 2164.0 442.0 2156.0 ship 0
424.0 2174.0 424.0 2166.0 440.0 2166.0 440.0 2173.0 ship 0
461.0 2166.0 462.0 2172.0 443.0 2173.0 442.0 2166.0 ship 0
425.0 2182.0 425.0 2175.0 440.0 2175.0 440.0 2182.0 ship 0
462.0 2175.0 462.0 2182.0 442.0 2182.0 441.0 2175.0 ship 0
421.0 2194.0 421.0 2185.0 441.0 2185.0 441.0 2193.0 ship 0
463.0 2185.0 462.0 2192.0 443.0 2192.0 442.0 2184.0 ship 0
373.0 2256.0 373.0 2266.0 349.0 2267.0 348.0 2257.0 ship 0
398.0 2245.0 398.0 2253.0 375.0 2254.0 374.0 2246.0 ship 0
393.0 2126.0 394.0 2134.0 374.0 2133.0 374.0 2125.0 ship 0
371.0 2246.0 371.0 2255.0 345.0 2254.0 345.0 2246.0 ship 0
344.0 2134.0 344.0 2124.0 369.0 2124.0 369.0 2134.0 ship 0
370.0 2137.0 369.0 2145.0 338.0 2146.0 338.0 2137.0 ship 0
375.0 2144.0 374.0 2136.0 394.0 2137.0 394.0 2144.0 ship 0
376.0 2156.0 375.0 2147.0 395.0 2146.0 396.0 2154.0 ship 0
369.0 2147.0 369.0 2156.0 348.0 2156.0 347.0 2148.0 ship 0
369.0 2158.0 369.0 2167.0 347.0 2166.0 347.0 2156.0 ship 0
394.0 2158.0 394.0 2167.0 374.0 2167.0 373.0 2159.0 ship 0
371.0 2169.0 370.0 2178.0 344.0 2179.0 344.0 2169.0 ship 0
397.0 2169.0 397.0 2177.0 374.0 2177.0 374.0 2169.0 ship 0
396.0 2180.0 396.0 2188.0 374.0 2187.0 374.0 2180.0 ship 0
371.0 2180.0 370.0 2189.0 344.0 2189.0 344.0 2180.0 ship 0
371.0 2191.0 370.0 2199.0 346.0 2200.0 346.0 2190.0 ship 0
371.0 2202.0 371.0 2210.0 346.0 2211.0 346.0 2202.0 ship 0
398.0 2202.0 399.0 2211.0 375.0 2211.0 374.0 2203.0 ship 0
399.0 2213.0 398.0 2222.0 375.0 2222.0 374.0 2213.0 ship 0
344.0 2221.0 344.0 2212.0 371.0 2213.0 371.0 2222.0 ship 0
371.0 2224.0 371.0 2233.0 348.0 2232.0 348.0 2223.0 ship 0
396.0 2224.0 395.0 2232.0 374.0 2233.0 374.0 2224.0 ship 0
345.0 2244.0 345.0 2235.0 371.0 2235.0 372.0 2243.0 ship 0
177.0 2503.0 186.0 2503.0 186.0 2520.0 178.0 2520.0 ship 0
194.0 2504.0 201.0 2504.0 201.0 2521.0 194.0 2521.0 ship 0
496.0 1090.0 499.0 1084.0 511.0 1091.0 509.0 1097.0 ship 1
595.0 1316.0 586.0 1316.0 586.0 1297.0 594.0 1297.0 ship 0
701.0 1404.0 695.0 1403.0 696.0 1392.0 701.0 1392.0 ship 1
702.0 1391.0 709.0 1392.0 708.0 1405.0 702.0 1405.0 ship 1
709.0 1392.0 717.0 1392.0 715.0 1406.0 708.0 1405.0 ship 1
717.0 1393.0 724.0 1394.0 722.0 1405.0 716.0 1404.0 ship 1
738.0 1394.0 744.0 1394.0 744.0 1405.0 738.0 1405.0 ship 1
716.0 1389.0 710.0 1388.0 711.0 1376.0 716.0 1376.0 ship 1
723.0 1389.0 716.0 1389.0 716.0 1375.0 724.0 1375.0 ship 1
730.0 1390.0 725.0 1390.0 725.0 1376.0 730.0 1376.0 ship 1
737.0 1390.0 731.0 1390.0 732.0 1377.0 737.0 1377.0 ship 1
595.0 1300.0 604.0 1300.0 602.0 1316.0 595.0 1316.0 ship 0
852.0 2118.0 858.0 2112.0 870.0 2123.0 866.0 2130.0 ship 0
592.0 1333.0 586.0 1332.0 587.0 1319.0 593.0 1319.0 ship 1
601.0 1335.0 594.0 1335.0 594.0 1318.0 601.0 1318.0 ship 0
611.0 1337.0 605.0 1337.0 605.0 1320.0 611.0 1320.0 ship 0
612.0 1317.0 606.0 1316.0 607.0 1300.0 613.0 1300.0 ship 0
656.0 1337.0 657.0 1305.0 763.0 1309.0 761.0 1340.0 ship 0
693.0 1203.0 684.0 1202.0 687.0 1181.0 696.0 1182.0 ship 0
620.0 920.0 653.0 928.0 608.0 1088.0 573.0 1077.0 ship 0
706.0 1108.0 699.0 1105.0 707.0 1088.0 714.0 1092.0 ship 0
714.0 1041.0 706.0 1042.0 704.0 1025.0 711.0 1024.0 ship 0
679.0 1391.0 685.0 1391.0 686.0 1404.0 680.0 1404.0 ship 1
671.0 1391.0 678.0 1391.0 677.0 1405.0 670.0 1405.0 ship 1
664.0 1389.0 671.0 1390.0 669.0 1404.0 662.0 1403.0 ship 1
697.0 1374.0 704.0 1375.0 703.0 1390.0 696.0 1390.0 ship 0
606.0 1467.0 600.0 1467.0 600.0 1452.0 606.0 1452.0 ship 0
608.0 1454.0 614.0 1454.0 613.0 1466.0 607.0 1466.0 ship 1
615.0 1454.0 621.0 1454.0 620.0 1465.0 614.0 1465.0 ship 1
665.0 1434.0 672.0 1434.0 671.0 1452.0 664.0 1452.0 ship 0
680.0 1453.0 675.0 1453.0 674.0 1439.0 679.0 1438.0 ship 1
683.0 1439.0 689.0 1440.0 687.0 1453.0 682.0 1452.0 ship 1
618.0 1411.0 608.0 1411.0 609.0 1386.0 618.0 1386.0 ship 0
626.0 1407.0 618.0 1407.0 620.0 1388.0 627.0 1388.0 ship 0
606.0 1405.0 599.0 1405.0 600.0 1387.0 607.0 1387.0 ship 0
653.0 1407.0 645.0 1407.0 646.0 1387.0 653.0 1388.0 ship 0
662.0 1407.0 654.0 1406.0 655.0 1388.0 662.0 1389.0 ship 0
619.0 1384.0 610.0 1383.0 611.0 1362.0 620.0 1361.0 ship 0
647.0 1387.0 638.0 1386.0 639.0 1365.0 646.0 1364.0 ship 0
649.0 1368.0 656.0 1368.0 655.0 1386.0 648.0 1386.0 ship 0
661.0 1386.0 655.0 1386.0 657.0 1372.0 662.0 1372.0 ship 1
664.0 1372.0 671.0 1373.0 670.0 1388.0 663.0 1387.0 ship 0
672.0 1372.0 679.0 1372.0 679.0 1387.0 672.0 1387.0 ship 0
688.0 1387.0 681.0 1388.0 681.0 1371.0 687.0 1371.0 ship 0
696.0 1389.0 689.0 1389.0 690.0 1374.0 696.0 1374.0 ship 0
741.0 1013.0 734.0 1012.0 736.0 994.0 742.0 995.0 ship 0
624.0 901.0 628.0 891.0 649.0 898.0 647.0 908.0 ship 0
606.0 889.0 610.0 883.0 623.0 890.0 621.0 897.0 ship 1
616.0 490.0 619.0 499.0 593.0 509.0 589.0 500.0 ship 0
683.0 494.0 674.0 496.0 670.0 476.0 678.0 474.0 ship 0
681.0 477.0 689.0 475.0 693.0 498.0 685.0 500.0 ship 0
699.0 489.0 693.0 490.0 690.0 471.0 696.0 470.0 ship 0
709.0 486.0 703.0 488.0 696.0 468.0 702.0 466.0 ship 0
717.0 484.0 710.0 485.0 705.0 464.0 712.0 462.0 ship 0
727.0 481.0 720.0 483.0 713.0 463.0 720.0 461.0 ship 0
658.0 477.0 656.0 469.0 676.0 464.0 678.0 471.0 ship 0
694.0 450.0 701.0 448.0 705.0 464.0 699.0 466.0 ship 0
705.0 447.0 711.0 446.0 713.0 462.0 708.0 463.0 ship 0
608.0 468.0 611.0 475.0 584.0 488.0 581.0 481.0 ship 0
601.0 460.0 603.0 467.0 582.0 476.0 579.0 469.0 ship 0
653.0 468.0 650.0 459.0 673.0 454.0 675.0 462.0 ship 0
652.0 457.0 650.0 450.0 670.0 445.0 672.0 452.0 ship 0
689.0 437.0 691.0 442.0 675.0 449.0 672.0 444.0 ship 0
576.0 465.0 572.0 456.0 599.0 446.0 602.0 455.0 ship 0
594.0 423.0 597.0 433.0 573.0 442.0 569.0 433.0 ship 0
651.0 447.0 649.0 440.0 667.0 435.0 669.0 443.0 ship 0
685.0 430.0 687.0 435.0 672.0 442.0 669.0 437.0 ship 0
664.0 428.0 666.0 434.0 649.0 439.0 647.0 432.0 ship 0
610.0 480.0 613.0 487.0 588.0 498.0 584.0 490.0 ship 0
597.0 520.0 594.0 510.0 619.0 501.0 622.0 512.0 ship 0
569.0 877.0 571.0 870.0 585.0 873.0 583.0 879.0 ship 1
627.0 512.0 630.0 521.0 596.0 534.0 592.0 524.0 ship 0
636.0 872.0 639.0 865.0 656.0 870.0 653.0 878.0 ship 0
661.0 860.0 660.0 867.0 637.0 863.0 639.0 855.0 ship 0
650.0 836.0 642.0 834.0 648.0 810.0 655.0 813.0 ship 0
630.0 828.0 623.0 826.0 629.0 809.0 635.0 811.0 ship 0
618.0 806.0 625.0 807.0 620.0 828.0 614.0 827.0 ship 0
609.0 806.0 615.0 808.0 612.0 825.0 606.0 824.0 ship 0
570.0 795.0 578.0 797.0 574.0 812.0 567.0 811.0 ship 0
627.0 778.0 619.0 775.0 626.0 757.0 634.0 760.0 ship 0
647.0 763.0 653.0 765.0 648.0 781.0 642.0 779.0 ship 0
609.0 768.0 603.0 766.0 608.0 751.0 613.0 752.0 ship 0
669.0 693.0 669.0 702.0 645.0 705.0 644.0 695.0 ship 0
639.0 655.0 639.0 647.0 656.0 646.0 656.0 653.0 ship 0
637.0 644.0 637.0 635.0 657.0 636.0 656.0 645.0 ship 0
635.0 625.0 634.0 617.0 656.0 615.0 657.0 623.0 ship 0
635.0 614.0 634.0 607.0 656.0 605.0 657.0 612.0 ship 0
604.0 622.0 604.0 630.0 590.0 630.0 589.0 623.0 ship 1
634.0 604.0 634.0 595.0 657.0 597.0 656.0 605.0 ship 0
631.0 585.0 632.0 575.0 658.0 575.0 657.0 584.0 ship 0
633.0 574.0 631.0 567.0 649.0 564.0 650.0 571.0 ship 0
849.0 2112.0 850.0 2105.0 867.0 2108.0 866.0 2115.0 ship 0
582.0 2115.0 574.0 2112.0 579.0 2093.0 586.0 2095.0 ship 0
209.0 2520.0 202.0 2520.0 202.0 2505.0 209.0 2504.0 ship 0
322.0 432.0 314.0 436.0 303.0 415.0 311.0 411.0 ship 0
482.0 2134.0 481.0 2127.0 497.0 2126.0 497.0 2133.0 ship 0
513.0 2116.0 513.0 2122.0 500.0 2124.0 498.0 2117.0 ship 1
495.0 2115.0 495.0 2120.0 483.0 2121.0 482.0 2116.0 ship 1
495.0 2107.0 496.0 2114.0 479.0 2115.0 479.0 2108.0 ship 0
513.0 2104.0 514.0 2110.0 498.0 2113.0 496.0 2107.0 ship 0
515.0 2095.0 516.0 2103.0 495.0 2103.0 494.0 2095.0 ship 0
408.0 459.0 412.0 469.0 390.0 480.0 385.0 471.0 ship 0
408.0 482.0 405.0 475.0 419.0 469.0 422.0 476.0 ship 0
446.0 424.0 441.0 427.0 435.0 414.0 441.0 411.0 ship 1
368.0 431.0 365.0 425.0 375.0 420.0 378.0 426.0 ship 1
591.0 2121.0 583.0 2119.0 589.0 2095.0 598.0 2097.0 ship 0
380.0 425.0 377.0 420.0 391.0 412.0 394.0 418.0 ship 0
556.0 1066.0 554.0 1072.0 537.0 1068.0 538.0 1062.0 ship 0
557.0 1052.0 557.0 1058.0 540.0 1056.0 540.0 1050.0 ship 0
520.0 1057.0 522.0 1050.0 537.0 1055.0 535.0 1062.0 ship 0
525.0 1044.0 527.0 1036.0 541.0 1039.0 539.0 1047.0 ship 1
559.0 1045.0 558.0 1051.0 542.0 1049.0 542.0 1043.0 ship 0
544.0 1039.0 546.0 1032.0 558.0 1035.0 557.0 1042.0 ship 1
563.0 1028.0 561.0 1035.0 547.0 1032.0 548.0 1025.0 ship 1
566.0 1021.0 565.0 1027.0 548.0 1024.0 549.0 1017.0 ship 0
513.0 2125.0 513.0 2132.0 498.0 2133.0 498.0 2125.0 ship 0
515.0 2135.0 516.0 2141.0 500.0 2142.0 498.0 2136.0 ship 0
481.0 2143.0 480.0 2135.0 497.0 2135.0 497.0 2143.0 ship 0
497.0 2146.0 497.0 2153.0 481.0 2152.0 480.0 2146.0 ship 0
211.0 2502.0 218.0 2503.0 218.0 2520.0 210.0 2519.0 ship 0
233.0 2522.0 227.0 2522.0 226.0 2504.0 233.0 2504.0 ship 0
241.0 2522.0 235.0 2521.0 236.0 2507.0 242.0 2507.0 ship 1
250.0 2522.0 245.0 2521.0 245.0 2506.0 250.0 2507.0 ship 0
500.0 2219.0 500.0 2227.0 485.0 2226.0 485.0 2219.0 ship 0
506.0 2226.0 505.0 2219.0 518.0 2219.0 518.0 2226.0 ship 1
518.0 2208.0 518.0 2214.0 502.0 2215.0 501.0 2209.0 ship 0
499.0 2209.0 499.0 2216.0 483.0 2216.0 482.0 2209.0 ship 0
502.0 2207.0 502.0 2200.0 519.0 2200.0 519.0 2207.0 ship 0
502.0 2198.0 502.0 2191.0 516.0 2191.0 516.0 2197.0 ship 1
483.0 2198.0 482.0 2191.0 501.0 2191.0 500.0 2198.0 ship 0
484.0 2189.0 484.0 2182.0 499.0 2182.0 499.0 2189.0 ship 0
516.0 2181.0 516.0 2187.0 501.0 2188.0 500.0 2182.0 ship 0
517.0 2172.0 518.0 2179.0 502.0 2180.0 501.0 2174.0 ship 0
483.0 2179.0 482.0 2172.0 499.0 2172.0 499.0 2179.0 ship 0
517.0 2161.0 518.0 2168.0 502.0 2170.0 500.0 2163.0 ship 0
497.0 2164.0 497.0 2171.0 484.0 2172.0 483.0 2164.0 ship 1
497.0 2155.0 497.0 2162.0 481.0 2162.0 481.0 2155.0 ship 0
501.0 2152.0 501.0 2146.0 514.0 2146.0 514.0 2152.0 ship 1
552.0 1017.0 551.0 1010.0 565.0 1011.0 565.0 1017.0 ship 1
544.0 1024.0 542.0 1030.0 530.0 1027.0 532.0 1021.0 ship 1
530.0 1020.0 531.0 1014.0 546.0 1016.0 544.0 1023.0 ship 0
656.0 2192.0 648.0 2192.0 648.0 2166.0 656.0 2166.0 ship 0
670.0 2163.0 680.0 2163.0 678.0 2193.0 669.0 2193.0 ship 0
682.0 2165.0 692.0 2165.0 689.0 2194.0 680.0 2194.0 ship 0
692.0 2171.0 700.0 2171.0 700.0 2193.0 692.0 2193.0 ship 0
710.0 2192.0 704.0 2192.0 704.0 2175.0 710.0 2175.0 ship 0
738.0 2130.0 744.0 2131.0 741.0 2142.0 736.0 2140.0 ship 1
771.0 2143.0 775.0 2135.0 793.0 2146.0 788.0 2153.0 ship 0
726.0 2140.0 720.0 2139.0 723.0 2122.0 729.0 2123.0 ship 0
718.0 2141.0 711.0 2139.0 714.0 2120.0 721.0 2121.0 ship 0
708.0 2137.0 704.0 2136.0 706.0 2120.0 710.0 2120.0 ship 0
697.0 2137.0 690.0 2135.0 694.0 2117.0 700.0 2119.0 ship 0
689.0 2133.0 682.0 2132.0 684.0 2115.0 690.0 2115.0 ship 0
679.0 2132.0 672.0 2132.0 673.0 2114.0 679.0 2114.0 ship 0
669.0 2133.0 662.0 2132.0 665.0 2112.0 672.0 2113.0 ship 0
658.0 2130.0 651.0 2129.0 654.0 2111.0 661.0 2111.0 ship 0
648.0 2127.0 643.0 2126.0 646.0 2109.0 651.0 2109.0 ship 0
639.0 2130.0 631.0 2128.0 636.0 2106.0 644.0 2107.0 ship 0
631.0 2128.0 621.0 2125.0 627.0 2104.0 635.0 2106.0 ship 0
620.0 2123.0 612.0 2121.0 617.0 2103.0 625.0 2104.0 ship 0
601.0 2123.0 592.0 2121.0 598.0 2097.0 607.0 2099.0 ship 0
660.0 2169.0 668.0 2170.0 667.0 2192.0 659.0 2192.0 ship 0
638.0 2171.0 645.0 2171.0 645.0 2192.0 637.0 2191.0 ship 0
533.0 885.0 548.0 888.0 507.0 1052.0 495.0 1048.0 ship 0
634.0 2191.0 625.0 2191.0 626.0 2168.0 634.0 2168.0 ship 0
535.0 2131.0 562.0 2130.0 564.0 2278.0 539.0 2279.0 ship 0
709.0 2298.0 713.0 2287.0 739.0 2294.0 737.0 2304.0 ship 0
741.0 2274.0 746.0 2265.0 766.0 2275.0 761.0 2283.0 ship 0
774.0 2255.0 770.0 2245.0 792.0 2236.0 795.0 2246.0 ship 0
592.0 2280.0 583.0 2280.0 585.0 2256.0 594.0 2257.0 ship 0
595.0 2255.0 604.0 2255.0 604.0 2280.0 594.0 2280.0 ship 0
605.0 2254.0 615.0 2253.0 614.0 2280.0 605.0 2280.0 ship 0
616.0 2252.0 626.0 2251.0 625.0 2280.0 615.0 2280.0 ship 0
633.0 2275.0 627.0 2274.0 629.0 2256.0 636.0 2257.0 ship 0
639.0 2258.0 647.0 2259.0 646.0 2280.0 637.0 2279.0 ship 0
660.0 2260.0 668.0 2260.0 666.0 2277.0 659.0 2276.0 ship 0
679.0 2222.0 667.0 2221.0 668.0 2195.0 679.0 2195.0 ship 0
647.0 2195.0 656.0 2195.0 656.0 2220.0 646.0 2219.0 ship 0
644.0 2218.0 635.0 2217.0 636.0 2195.0 644.0 2195.0 ship 0
633.0 2216.0 625.0 2216.0 626.0 2195.0 634.0 2195.0 ship 0
623.0 2216.0 615.0 2216.0 615.0 2194.0 623.0 2193.0 ship 0
611.0 2218.0 602.0 2217.0 603.0 2194.0 612.0 2194.0 ship 0
592.0 2164.0 602.0 2164.0 601.0 2191.0 591.0 2190.0 ship 0
603.0 2161.0 615.0 2161.0 613.0 2191.0 602.0 2191.0 ship 0
500.0 1085.0 503.0 1078.0 515.0 1086.0 512.0 1092.0 ship 1
528.0 1105.0 526.0 1110.0 510.0 1103.0 513.0 1097.0 ship 0
976.0 912.0 976.0 922.0 960.0 922.0 960.0 912.0 swimming-pool 1
129.0 1737.0 120.0 1736.0 121.0 1707.0 131.0 1707.0 ship 0
67.0 1653.0 73.0 1654.0 71.0 1667.0 66.0 1667.0 ship 1
56.0 1629.0 65.0 1630.0 65.0 1650.0 57.0 1650.0 ship 0
27.0 1627.0 36.0 1627.0 36.0 1649.0 27.0 1649.0 ship 0
11.0 1626.0 19.0 1626.0 18.0 1647.0 10.0 1647.0 ship 0
61.0 1731.0 51.0 1730.0 52.0 1705.0 62.0 1705.0 ship 0
72.0 1707.0 81.0 1707.0 79.0 1732.0 70.0 1732.0 ship 0
90.0 1732.0 80.0 1731.0 82.0 1707.0 91.0 1707.0 ship 0
110.0 1732.0 101.0 1731.0 102.0 1707.0 110.0 1707.0 ship 0
119.0 1738.0 110.0 1738.0 112.0 1708.0 121.0 1708.0 ship 0
142.0 1731.0 133.0 1730.0 133.0 1698.0 142.0 1699.0 ship 0
309.0 1266.0 318.0 1266.0 317.0 1288.0 309.0 1288.0 ship 0
24.0 1728.0 14.0 1728.0 14.0 1706.0 24.0 1705.0 ship 0
33.0 1731.0 24.0 1730.0 25.0 1706.0 34.0 1706.0 ship 0
42.0 1729.0 33.0 1729.0 33.0 1705.0 42.0 1705.0 ship 0
149.0 1875.0 150.0 1883.0 132.0 1885.0 131.0 1877.0 ship 0
173.0 1861.0 173.0 1870.0 154.0 1872.0 152.0 1863.0 ship 0
154.0 1883.0 153.0 1875.0 172.0 1873.0 173.0 1881.0 ship 0
156.0 1893.0 155.0 1884.0 173.0 1883.0 175.0 1891.0 ship 0
151.0 1883.0 152.0 1890.0 135.0 1893.0 134.0 1886.0 ship 0
134.0 1903.0 133.0 1894.0 151.0 1892.0 152.0 1901.0 ship 0
73.0 1653.0 78.0 1653.0 77.0 1666.0 73.0 1666.0 ship 1
65.0 1628.0 73.0 1628.0 74.0 1649.0 66.0 1649.0 ship 0
80.0 1653.0 85.0 1653.0 84.0 1668.0 79.0 1667.0 ship 0
86.0 1652.0 92.0 1652.0 92.0 1664.0 86.0 1665.0 ship 1
278.0 1538.0 269.0 1537.0 271.0 1511.0 280.0 1512.0 ship 0
134.0 1548.0 144.0 1548.0 143.0 1580.0 134.0 1580.0 ship 0
147.0 1564.0 158.0 1564.0 158.0 1601.0 147.0 1601.0 ship 0
113.0 1553.0 125.0 1553.0 123.0 1581.0 112.0 1580.0 ship 0
103.0 1557.0 111.0 1556.0 112.0 1579.0 104.0 1579.0 ship 0
84.0 1606.0 75.0 1606.0 76.0 1583.0 85.0 1583.0 ship 0
56.0 1602.0 49.0 1602.0 49.0 1583.0 56.0 1583.0 ship 0
101.0 1601.0 94.0 1600.0 95.0 1583.0 102.0 1584.0 ship 0
142.0 1666.0 133.0 1666.0 134.0 1631.0 143.0 1631.0 ship 0
106.0 1583.0 113.0 1583.0 113.0 1599.0 106.0 1600.0 ship 0
113.0 1584.0 120.0 1584.0 120.0 1599.0 113.0 1598.0 ship 0
127.0 1583.0 133.0 1583.0 133.0 1595.0 127.0 1595.0 ship 1
138.0 1583.0 145.0 1584.0 144.0 1598.0 137.0 1598.0 ship 1
93.0 1604.0 87.0 1604.0 87.0 1584.0 93.0 1585.0 ship 0
122.0 1625.0 132.0 1626.0 131.0 1649.0 122.0 1649.0 ship 0
117.0 1652.0 123.0 1653.0 124.0 1669.0 117.0 1669.0 ship 0
120.0 1647.0 114.0 1648.0 113.0 1629.0 119.0 1628.0 ship 0
108.0 1649.0 103.0 1649.0 103.0 1631.0 109.0 1631.0 ship 0
101.0 1650.0 95.0 1649.0 95.0 1632.0 101.0 1632.0 ship 0
177.0 1892.0 178.0 1900.0 157.0 1903.0 156.0 1895.0 ship 0
158.0 1913.0 157.0 1906.0 176.0 1901.0 178.0 1908.0 ship 0
136.0 1912.0 135.0 1903.0 153.0 1901.0 154.0 1909.0 ship 0
228.0 2359.0 219.0 2359.0 216.0 2332.0 225.0 2331.0 ship 0
114.0 2432.0 125.0 2432.0 124.0 2457.0 114.0 2457.0 ship 0
119.0 2479.0 111.0 2479.0 111.0 2458.0 120.0 2458.0 ship 0
250.0 2478.0 241.0 2478.0 242.0 2451.0 251.0 2452.0 ship 0
129.0 2108.0 139.0 2106.0 141.0 2129.0 131.0 2130.0 ship 0
142.0 2110.0 152.0 2109.0 154.0 2128.0 144.0 2129.0 ship 0
151.0 2108.0 159.0 2108.0 161.0 2128.0 153.0 2129.0 ship 0
159.0 2106.0 167.0 2105.0 168.0 2126.0 161.0 2127.0 ship 0
175.0 2101.0 183.0 2101.0 183.0 2118.0 176.0 2118.0 ship 0
128.0 2131.0 129.0 2140.0 110.0 2144.0 107.0 2136.0 ship 0
98.0 2113.0 108.0 2113.0 108.0 2134.0 99.0 2134.0 ship 0
169.0 2229.0 161.0 2229.0 159.0 2210.0 166.0 2209.0 ship 0
206.0 2353.0 198.0 2354.0 197.0 2335.0 205.0 2334.0 ship 0
175.0 2359.0 167.0 2360.0 165.0 2338.0 173.0 2337.0 ship 0
207.0 2483.0 199.0 2482.0 200.0 2461.0 208.0 2461.0 ship 0
217.0 2483.0 210.0 2483.0 212.0 2462.0 219.0 2462.0 ship 0
230.0 2463.0 238.0 2464.0 238.0 2484.0 229.0 2484.0 ship 0
197.0 2480.0 189.0 2480.0 190.0 2461.0 198.0 2462.0 ship 0
188.0 2477.0 180.0 2477.0 180.0 2460.0 187.0 2460.0 ship 0
177.0 2478.0 171.0 2479.0 171.0 2461.0 177.0 2461.0 ship 0
241.0 2414.0 231.0 2414.0 231.0 2389.0 240.0 2389.0 ship 0
218.0 2360.0 209.0 2360.0 206.0 2334.0 216.0 2333.0 ship 0
138.0 1920.0 137.0 1912.0 154.0 1910.0 156.0 1917.0 ship 0
224.0 2301.0 235.0 2300.0 238.0 2327.0 227.0 2328.0 ship 0
179.0 1912.0 180.0 1920.0 159.0 1922.0 158.0 1914.0 ship 0
135.0 1929.0 134.0 1920.0 155.0 1919.0 156.0 1926.0 ship 0
180.0 1922.0 181.0 1930.0 160.0 1933.0 158.0 1925.0 ship 0
141.0 1946.0 139.0 1936.0 158.0 1934.0 160.0 1943.0 ship 0
164.0 1943.0 162.0 1934.0 181.0 1931.0 182.0 1940.0 ship 0
159.0 1944.0 160.0 1953.0 143.0 1954.0 142.0 1946.0 ship 0
149.0 1957.0 156.0 1956.0 157.0 1971.0 150.0 1972.0 ship 0
157.0 1955.0 164.0 1954.0 165.0 1971.0 158.0 1971.0 ship 0
165.0 1954.0 171.0 1954.0 171.0 1971.0 165.0 1971.0 ship 0
172.0 1954.0 179.0 1954.0 179.0 1969.0 172.0 1969.0 ship 0
191.0 1969.0 183.0 1970.0 182.0 1951.0 190.0 1950.0 ship 0
113.0 2169.0 112.0 2162.0 128.0 2160.0 129.0 2168.0 ship 0
181.0 2161.0 179.0 2154.0 195.0 2149.0 197.0 2157.0 ship 0
220.0 2169.0 209.0 2169.0 206.0 2144.0 217.0 2143.0 ship 0
185.0 1985.0 195.0 1985.0 197.0 2008.0 187.0 2009.0 ship 0
214.0 2191.0 224.0 2190.0 225.0 2220.0 215.0 2220.0 ship 0
83.0 2197.0 96.0 2195.0 98.0 2220.0 86.0 2222.0 ship 0
201.0 2303.0 209.0 2303.0 211.0 2328.0 203.0 2329.0 ship 0
212.0 2303.0 221.0 2303.0 224.0 2327.0 214.0 2328.0 ship 0
241.0 1520.0 234.0 1518.0 238.0 1498.0 245.0 1500.0 ship 0
301.0 1266.0 309.0 1266.0 309.0 1287.0 301.0 1287.0 ship 0
156.0 2481.0 148.0 2480.0 150.0 2460.0 157.0 2460.0 ship 0
364.0 1775.0 370.0 1761.0 438.0 1786.0 432.0 1800.0 harbor 0
679.0 1222.0 681.0 1174.0 784.0 1182.0 784.0 1227.0 harbor 0
680.0 1287.0 681.0 1235.0 776.0 1242.0 773.0 1293.0 harbor 0
590.0 1339.0 589.0 1295.0 770.0 1309.0 770.0 1349.0 harbor 0
547.0 1409.0 546.0 1356.0 758.0 1373.0 752.0 1419.0 harbor 0
505.0 1468.0 507.0 1427.0 747.0 1437.0 747.0 1476.0 harbor 0
164.0 1552.0 162.0 1602.0 21.0 1608.0 21.0 1560.0 harbor 0
144.0 1625.0 143.0 1671.0 1.0 1673.0 1.0 1620.0 harbor 0
146.0 1682.0 146.0 1732.0 1.0 1730.0 3.0 1681.0 harbor 0
401.0 1679.0 419.0 1654.0 480.0 1694.0 466.0 1718.0 harbor 0
355.0 1839.0 357.0 1814.0 436.0 1821.0 436.0 1843.0 harbor 0
299.0 1290.0 291.0 1289.0 292.0 1268.0 300.0 1268.0 ship 0
130.0 1864.0 172.0 1856.0 184.0 1950.0 139.0 1957.0 harbor 0
185.0 1943.0 190.0 1968.0 20.0 1988.0 18.0 1965.0 harbor 0
195.0 1984.0 200.0 2022.0 32.0 2045.0 28.0 2008.0 harbor 0
361.0 1922.0 353.0 1882.0 437.0 1869.0 444.0 1907.0 harbor 0
385.0 1999.0 372.0 1959.0 454.0 1932.0 466.0 1972.0 harbor 0
187.0 2039.0 190.0 2080.0 36.0 2093.0 30.0 2053.0 harbor 0
187.0 2096.0 191.0 2127.0 77.0 2145.0 71.0 2116.0 harbor 0
219.0 2141.0 222.0 2173.0 83.0 2190.0 80.0 2160.0 harbor 0
226.0 2189.0 227.0 2222.0 97.0 2238.0 92.0 2203.0 harbor 0
317.0 1288.0 264.0 1289.0 262.0 1132.0 317.0 1132.0 harbor 0
384.0 1312.0 334.0 1313.0 334.0 1131.0 378.0 1126.0 harbor 0
461.0 1305.0 404.0 1306.0 400.0 1145.0 449.0 1142.0 harbor 0
512.0 1293.0 476.0 1273.0 564.0 1085.0 603.0 1107.0 harbor 0
717.0 438.0 736.0 479.0 668.0 509.0 650.0 468.0 harbor 0
798.0 451.0 750.0 482.0 665.0 336.0 721.0 311.0 harbor 0
849.0 422.0 802.0 442.0 735.0 302.0 780.0 279.0 harbor 0
906.0 387.0 858.0 412.0 796.0 275.0 850.0 252.0 harbor 0
925.0 348.0 908.0 356.0 836.0 186.0 852.0 176.0 harbor 0
983.0 330.0 947.0 346.0 864.0 172.0 898.0 154.0 harbor 0
1031.0 295.0 997.0 312.0 922.0 156.0 959.0 138.0 harbor 0
1101.0 260.0 1060.0 282.0 978.0 131.0 1020.0 109.0 harbor 0
1147.0 227.0 1125.0 245.0 1038.0 104.0 1059.0 92.0 harbor 0
626.0 552.0 656.0 551.0 659.0 663.0 633.0 665.0 harbor 0
671.0 672.0 672.0 712.0 555.0 709.0 555.0 668.0 harbor 0
670.0 743.0 656.0 789.0 574.0 764.0 585.0 721.0 harbor 0
677.0 820.0 673.0 846.0 560.0 812.0 569.0 785.0 harbor 0
649.0 908.0 600.0 895.0 620.0 830.0 667.0 845.0 harbor 0
590.0 878.0 550.0 864.0 565.0 812.0 604.0 823.0 harbor 0
509.0 1052.0 486.0 1049.0 527.0 879.0 551.0 884.0 harbor 0
557.0 919.0 592.0 927.0 554.0 1076.0 519.0 1066.0 harbor 0
618.0 917.0 656.0 927.0 610.0 1092.0 570.0 1081.0 harbor 0
494.0 1172.0 459.0 1155.0 510.0 1058.0 543.0 1075.0 harbor 0
340.0 2090.0 398.0 2089.0 398.0 2309.0 344.0 2311.0 harbor 0
418.0 2095.0 460.0 2092.0 464.0 2288.0 421.0 2288.0 harbor 0
478.0 2097.0 516.0 2094.0 520.0 2290.0 488.0 2292.0 harbor 0
333.0 928.0 324.0 928.0 322.0 908.0 331.0 908.0 ship 0
323.0 948.0 330.0 952.0 322.0 969.0 315.0 965.0 ship 0
333.0 985.0 327.0 990.0 314.0 974.0 319.0 969.0 ship 0
324.0 1002.0 331.0 1005.0 325.0 1022.0 317.0 1019.0 ship 0
309.0 1152.0 310.0 1158.0 293.0 1160.0 292.0 1154.0 ship 0
314.0 1171.0 315.0 1178.0 293.0 1180.0 292.0 1173.0 ship 0
264.0 1188.0 264.0 1178.0 288.0 1178.0 288.0 1187.0 ship 0
312.0 1180.0 312.0 1188.0 294.0 1188.0 293.0 1181.0 ship 0
314.0 1188.0 314.0 1197.0 293.0 1198.0 292.0 1190.0 ship 0
264.0 1209.0 263.0 1199.0 288.0 1200.0 288.0 1209.0 ship 0
311.0 1202.0 310.0 1208.0 294.0 1207.0 295.0 1201.0 ship 0
314.0 1208.0 315.0 1216.0 294.0 1217.0 292.0 1209.0 ship 0
311.0 1218.0 311.0 1226.0 293.0 1227.0 293.0 1219.0 ship 0
313.0 1227.0 313.0 1235.0 295.0 1235.0 293.0 1228.0 ship 0
271.0 1243.0 270.0 1236.0 289.0 1234.0 289.0 1242.0 ship 0
315.0 1236.0 315.0 1244.0 294.0 1245.0 294.0 1236.0 ship 0
268.0 1253.0 267.0 1243.0 288.0 1243.0 289.0 1251.0 ship 0
313.0 1246.0 313.0 1253.0 295.0 1254.0 294.0 1247.0 ship 0
295.0 1263.0 295.0 1255.0 315.0 1256.0 315.0 1263.0 ship 0
289.0 1290.0 281.0 1290.0 280.0 1267.0 289.0 1267.0 ship 0
314.0 967.0 306.0 963.0 313.0 946.0 320.0 950.0 ship 0
323.0 926.0 316.0 926.0 315.0 907.0 323.0 907.0 ship 0
534.0 2129.0 564.0 2126.0 567.0 2285.0 538.0 2289.0 harbor 0
34.0 901.0 43.0 901.0 43.0 919.0 34.0 920.0 ship 0
540.0 2106.0 548.0 2077.0 750.0 2120.0 747.0 2150.0 harbor 0
591.0 2218.0 588.0 2162.0 717.0 2171.0 716.0 2224.0 harbor 0
584.0 2283.0 581.0 2251.0 680.0 2253.0 681.0 2285.0 harbor 0
241.0 2303.0 245.0 2352.0 166.0 2360.0 163.0 2312.0 harbor 0
243.0 2387.0 241.0 2426.0 109.0 2425.0 107.0 2389.0 harbor 0
253.0 2444.0 251.0 2488.0 108.0 2482.0 106.0 2438.0 harbor 0
274.0 2506.0 272.0 2556.0 126.0 2546.0 125.0 2495.0 harbor 0
192.0 1333.0 193.0 1346.0 115.0 1345.0 115.0 1333.0 harbor 0
189.0 1262.0 191.0 1279.0 104.0 1287.0 101.0 1269.0 harbor 0
129.0 1162.0 141.0 1182.0 54.0 1219.0 45.0 1196.0 harbor 0
840.0 987.0 848.0 952.0 909.0 970.0 902.0 1003.0 harbor 0
832.0 896.0 830.0 867.0 932.0 862.0 933.0 889.0 harbor 0
783.0 872.0 779.0 843.0 910.0 818.0 920.0 845.0 harbor 0
753.0 778.0 782.0 757.0 824.0 825.0 794.0 846.0 harbor 0
611.0 672.0 584.0 673.0 576.0 596.0 601.0 593.0 harbor 0
967.0 500.0 983.0 492.0 1013.0 545.0 1001.0 555.0 harbor 0
698.0 466.0 656.0 477.0 624.0 355.0 663.0 344.0 harbor 0
6.0 755.0 16.0 753.0 19.0 773.0 9.0 775.0 ship 0
16.0 757.0 23.0 755.0 28.0 773.0 22.0 775.0 ship 0
167.0 2480.0 161.0 2479.0 162.0 2460.0 168.0 2460.0 ship 0
139.0 2543.0 131.0 2541.0 134.0 2520.0 142.0 2521.0 ship 0
493.0 1097.0 497.0 1091.0 508.0 1097.0 505.0 1103.0 ship 1
404.0 1242.0 403.0 1234.0 424.0 1232.0 425.0 1241.0 ship 0
402.0 1193.0 401.0 1186.0 423.0 1185.0 423.0 1193.0 ship 0
452.0 1178.0 452.0 1186.0 426.0 1189.0 425.0 1180.0 ship 0
453.0 1189.0 453.0 1198.0 427.0 1198.0 426.0 1190.0 ship 0
457.0 1197.0 458.0 1208.0 428.0 1209.0 426.0 1199.0 ship 0
403.0 1212.0 402.0 1203.0 423.0 1203.0 424.0 1212.0 ship 0
453.0 1209.0 453.0 1217.0 427.0 1218.0 426.0 1209.0 ship 0
455.0 1218.0 456.0 1228.0 427.0 1230.0 426.0 1220.0 ship 0
403.0 1233.0 402.0 1223.0 423.0 1222.0 423.0 1232.0 ship 0
455.0 1230.0 455.0 1238.0 427.0 1239.0 426.0 1230.0 ship 0
457.0 1239.0 457.0 1249.0 427.0 1250.0 426.0 1240.0 ship 0
356.0 984.0 349.0 988.0 339.0 973.0 345.0 969.0 ship 0
403.0 1251.0 403.0 1243.0 424.0 1243.0 424.0 1251.0 ship 0
457.0 1248.0 457.0 1258.0 428.0 1258.0 428.0 1249.0 ship 0
406.0 1270.0 406.0 1262.0 424.0 1262.0 424.0 1269.0 ship 0
454.0 1260.0 454.0 1269.0 428.0 1269.0 427.0 1259.0 ship 0
455.0 1268.0 455.0 1278.0 428.0 1280.0 427.0 1270.0 ship 0
378.0 1247.0 378.0 1254.0 358.0 1256.0 357.0 1249.0 ship 0
337.0 1259.0 338.0 1251.0 355.0 1252.0 355.0 1260.0 ship 0
381.0 1258.0 381.0 1264.0 359.0 1265.0 359.0 1258.0 ship 0
335.0 1268.0 335.0 1259.0 358.0 1260.0 357.0 1269.0 ship 0
401.0 1183.0 400.0 1174.0 422.0 1175.0 422.0 1183.0 ship 0
402.0 1174.0 402.0 1167.0 421.0 1166.0 421.0 1174.0 ship 0
338.0 1243.0 337.0 1235.0 355.0 1236.0 356.0 1243.0 ship 0
337.0 1235.0 337.0 1226.0 357.0 1227.0 356.0 1235.0 ship 0
366.0 1031.0 361.0 1036.0 349.0 1022.0 353.0 1018.0 ship 0
376.0 1029.0 371.0 1033.0 359.0 1020.0 364.0 1015.0 ship 0
516.0 1088.0 520.0 1081.0 536.0 1090.0 532.0 1097.0 ship 0
335.0 1158.0 334.0 1149.0 353.0 1150.0 352.0 1158.0 ship 0
377.0 1152.0 377.0 1159.0 357.0 1160.0 356.0 1153.0 ship 0
377.0 1161.0 377.0 1169.0 357.0 1170.0 356.0 1161.0 ship 0
335.0 1167.0 335.0 1158.0 353.0 1158.0 353.0 1167.0 ship 0
399.0 1165.0 399.0 1155.0 422.0 1155.0 422.0 1165.0 ship 0
380.0 1171.0 381.0 1180.0 357.0 1180.0 357.0 1171.0 ship 0
335.0 1175.0 335.0 1167.0 354.0 1167.0 353.0 1175.0 ship 0
338.0 1191.0 338.0 1185.0 353.0 1184.0 353.0 1190.0 ship 0
379.0 1190.0 379.0 1197.0 358.0 1197.0 358.0 1190.0 ship 0
335.0 1200.0 335.0 1193.0 354.0 1193.0 355.0 1201.0 ship 0
353.0 1200.0 353.0 1207.0 337.0 1207.0 336.0 1201.0 ship 0
380.0 1199.0 380.0 1207.0 358.0 1208.0 357.0 1200.0 ship 0
380.0 1209.0 380.0 1217.0 358.0 1217.0 358.0 1209.0 ship 0
380.0 1218.0 381.0 1226.0 357.0 1226.0 357.0 1218.0 ship 0
337.0 1226.0 337.0 1217.0 356.0 1217.0 356.0 1225.0 ship 0
380.0 1228.0 380.0 1235.0 359.0 1236.0 359.0 1228.0 ship 0
382.0 1265.0 382.0 1274.0 359.0 1275.0 359.0 1266.0 ship 0
337.0 1276.0 337.0 1268.0 356.0 1268.0 356.0 1276.0 ship 0
383.0 1277.0 382.0 1283.0 360.0 1283.0 360.0 1277.0 ship 0
520.0 1181.0 524.0 1174.0 539.0 1184.0 535.0 1191.0 ship 0
546.0 1176.0 550.0 1168.0 569.0 1178.0 565.0 1185.0 ship 0
551.0 1169.0 554.0 1160.0 573.0 1169.0 569.0 1177.0 ship 0
529.0 1167.0 533.0 1161.0 547.0 1169.0 544.0 1175.0 ship 0
558.0 1151.0 563.0 1143.0 581.0 1154.0 577.0 1162.0 ship 0
545.0 1138.0 548.0 1131.0 561.0 1137.0 558.0 1144.0 ship 1
567.0 1135.0 571.0 1127.0 589.0 1137.0 585.0 1145.0 ship 0
497.0 1167.0 495.0 1174.0 477.0 1167.0 480.0 1160.0 ship 0
502.0 1158.0 499.0 1164.0 484.0 1158.0 487.0 1151.0 ship 0
479.0 1144.0 484.0 1147.0 479.0 1160.0 473.0 1157.0 ship 1
506.0 1150.0 503.0 1156.0 487.0 1149.0 490.0 1142.0 ship 0
489.0 1137.0 487.0 1142.0 474.0 1137.0 477.0 1132.0 ship 1
492.0 1130.0 489.0 1135.0 477.0 1129.0 480.0 1123.0 ship 1
480.0 1123.0 483.0 1117.0 495.0 1123.0 493.0 1129.0 ship 1
496.0 1133.0 500.0 1127.0 513.0 1135.0 509.0 1141.0 ship 0
519.0 1129.0 516.0 1135.0 500.0 1127.0 503.0 1121.0 ship 0
503.0 1118.0 506.0 1112.0 521.0 1120.0 518.0 1125.0 ship 0
499.0 1117.0 496.0 1123.0 484.0 1117.0 486.0 1111.0 ship 1
487.0 1110.0 490.0 1105.0 502.0 1111.0 500.0 1116.0 ship 1
489.0 1105.0 493.0 1098.0 506.0 1105.0 503.0 1111.0 ship 1
542.0 1184.0 546.0 1176.0 564.0 1187.0 560.0 1195.0 ship 0
535.0 1200.0 538.0 1193.0 555.0 1202.0 551.0 1209.0 ship 0
344.0 1311.0 336.0 1311.0 336.0 1289.0 344.0 1289.0 ship 0
512.0 1197.0 515.0 1190.0 532.0 1199.0 529.0 1206.0 ship 0
347.0 1288.0 356.0 1288.0 355.0 1313.0 345.0 1312.0 ship 0
366.0 1312.0 356.0 1313.0 356.0 1289.0 365.0 1289.0 ship 0
373.0 1312.0 366.0 1312.0 365.0 1287.0 373.0 1287.0 ship 0
375.0 1287.0 384.0 1287.0 384.0 1310.0 375.0 1310.0 ship 0
417.0 1306.0 409.0 1306.0 408.0 1284.0 416.0 1284.0 ship 0
420.0 1283.0 427.0 1282.0 428.0 1304.0 420.0 1304.0 ship 0
437.0 1306.0 429.0 1306.0 430.0 1281.0 437.0 1281.0 ship 0
440.0 1284.0 448.0 1284.0 450.0 1306.0 442.0 1306.0 ship 0
461.0 1305.0 454.0 1305.0 451.0 1280.0 459.0 1279.0 ship 0
501.0 1291.0 493.0 1286.0 506.0 1261.0 514.0 1266.0 ship 0
515.0 1266.0 523.0 1271.0 511.0 1292.0 505.0 1288.0 ship 0
493.0 1282.0 485.0 1278.0 496.0 1257.0 503.0 1260.0 ship 0
507.0 1259.0 511.0 1252.0 528.0 1261.0 524.0 1269.0 ship 0
531.0 1253.0 528.0 1259.0 510.0 1250.0 513.0 1243.0 ship 0
495.0 1235.0 498.0 1229.0 512.0 1237.0 509.0 1243.0 ship 0
498.0 1226.0 501.0 1220.0 517.0 1230.0 514.0 1236.0 ship 0
519.0 1233.0 522.0 1227.0 536.0 1235.0 534.0 1241.0 ship 0
506.0 1212.0 510.0 1205.0 524.0 1214.0 521.0 1221.0 ship 0
548.0 1210.0 545.0 1217.0 530.0 1209.0 533.0 1203.0 ship 0
346.0 984.0 341.0 990.0 325.0 972.0 332.0 967.0 ship 0
376.0 986.0 370.0 988.0 362.0 970.0 369.0 968.0 ship 0
160.0 2521.0 169.0 2521.0 167.0 2541.0 158.0 2540.0 ship 0
416.0 292.0 409.0 291.0 410.0 270.0 418.0 271.0 ship 0
483.0 211.0 479.0 220.0 459.0 211.0 463.0 202.0 ship 0
395.0 212.0 398.0 222.0 378.0 230.0 374.0 220.0 ship 0
506.0 187.0 506.0 176.0 526.0 177.0 526.0 189.0 ship 0
536.0 225.0 544.0 220.0 554.0 240.0 546.0 243.0 ship 0
548.0 221.0 555.0 215.0 567.0 237.0 560.0 241.0 ship 0
576.0 231.0 568.0 236.0 556.0 213.0 565.0 209.0 ship 0
575.0 205.0 584.0 200.0 594.0 222.0 585.0 227.0 ship 0
455.0 279.0 446.0 279.0 447.0 254.0 455.0 254.0 ship 0
533.0 263.0 529.0 270.0 510.0 257.0 515.0 250.0 ship 0
438.0 326.0 450.0 326.0 448.0 357.0 437.0 357.0 ship 0
365.0 952.0 372.0 955.0 366.0 971.0 359.0 969.0 ship 0
563.0 377.0 566.0 384.0 548.0 390.0 545.0 383.0 ship 0
567.0 384.0 570.0 392.0 551.0 399.0 548.0 392.0 ship 0
523.0 404.0 520.0 397.0 541.0 388.0 543.0 396.0 ship 0
545.0 398.0 550.0 406.0 530.0 416.0 526.0 408.0 ship 0
535.0 421.0 532.0 415.0 550.0 406.0 553.0 413.0 ship 0
584.0 403.0 587.0 410.0 561.0 421.0 557.0 414.0 ship 0
532.0 435.0 528.0 425.0 554.0 417.0 557.0 426.0 ship 0
584.0 415.0 587.0 424.0 564.0 433.0 560.0 425.0 ship 0
541.0 443.0 538.0 434.0 557.0 427.0 561.0 436.0 ship 0
472.0 222.0 467.0 230.0 446.0 217.0 452.0 209.0 ship 0
432.0 206.0 439.0 209.0 432.0 229.0 425.0 226.0 ship 0
420.0 192.0 415.0 199.0 397.0 189.0 402.0 181.0 ship 0
432.0 185.0 426.0 194.0 400.0 179.0 406.0 169.0 ship 0
144.0 2521.0 152.0 2522.0 151.0 2543.0 143.0 2542.0 ship 0
169.0 2521.0 175.0 2521.0 174.0 2540.0 168.0 2540.0 ship 0
185.0 2543.0 177.0 2543.0 178.0 2520.0 186.0 2520.0 ship 0
194.0 2545.0 185.0 2545.0 187.0 2522.0 196.0 2523.0 ship 0
195.0 2523.0 205.0 2523.0 204.0 2546.0 194.0 2546.0 ship 0
206.0 2524.0 215.0 2524.0 214.0 2546.0 205.0 2546.0 ship 0
217.0 2524.0 225.0 2524.0 224.0 2550.0 215.0 2550.0 ship 0
226.0 2524.0 236.0 2525.0 234.0 2549.0 225.0 2549.0 ship 0
244.0 2549.0 236.0 2549.0 237.0 2524.0 245.0 2525.0 ship 0
248.0 2525.0 257.0 2526.0 256.0 2550.0 247.0 2550.0 ship 0
268.0 2543.0 259.0 2543.0 261.0 2510.0 271.0 2511.0 ship 0
508.0 70.0 514.0 80.0 490.0 95.0 484.0 85.0 ship 0
472.0 106.0 482.0 109.0 478.0 130.0 468.0 128.0 ship 0
408.0 148.0 412.0 156.0 389.0 168.0 385.0 159.0 ship 0
381.0 176.0 390.0 180.0 380.0 204.0 371.0 200.0 ship 0
477.0 165.0 471.0 174.0 449.0 159.0 455.0 150.0 ship 0
466.0 171.0 461.0 179.0 437.0 162.0 442.0 153.0 ship 0
454.0 177.0 448.0 184.0 429.0 170.0 435.0 162.0 ship 0
439.0 179.0 436.0 187.0 418.0 175.0 422.0 168.0 ship 0
542.0 452.0 539.0 445.0 561.0 436.0 563.0 444.0 ship 0
546.0 463.0 543.0 453.0 564.0 447.0 567.0 456.0 ship 0
547.0 473.0 543.0 462.0 566.0 455.0 570.0 466.0 ship 0
358.0 776.0 362.0 767.0 382.0 778.0 377.0 786.0 ship 0
404.0 814.0 398.0 819.0 384.0 802.0 390.0 797.0 ship 0
399.0 836.0 392.0 835.0 396.0 818.0 402.0 819.0 ship 0
408.0 834.0 403.0 831.0 409.0 816.0 414.0 819.0 ship 0
438.0 828.0 432.0 824.0 441.0 811.0 447.0 816.0 ship 0
592.0 858.0 590.0 864.0 573.0 860.0 575.0 853.0 ship 0
388.0 856.0 394.0 852.0 405.0 871.0 399.0 874.0 ship 0
426.0 890.0 420.0 886.0 431.0 872.0 436.0 877.0 ship 0
532.0 894.0 534.0 886.0 552.0 889.0 551.0 897.0 ship 0
531.0 903.0 532.0 896.0 546.0 899.0 546.0 905.0 ship 1
571.0 923.0 571.0 916.0 586.0 919.0 585.0 926.0 ship 0
571.0 934.0 573.0 926.0 589.0 929.0 588.0 937.0 ship 0
586.0 939.0 585.0 946.0 569.0 943.0 570.0 935.0 ship 0
341.0 930.0 334.0 929.0 334.0 907.0 341.0 907.0 ship 0
353.0 929.0 345.0 929.0 343.0 906.0 350.0 905.0 ship 0
362.0 928.0 354.0 928.0 352.0 901.0 360.0 900.0 ship 0
374.0 925.0 366.0 926.0 363.0 902.0 371.0 901.0 ship 0
405.0 914.0 408.0 905.0 426.0 909.0 424.0 919.0 ship 0
402.0 924.0 404.0 915.0 425.0 921.0 423.0 930.0 ship 0
333.0 947.0 342.0 950.0 335.0 970.0 327.0 968.0 ship 0
444.0 804.0 438.0 810.0 424.0 793.0 430.0 788.0 ship 0
375.0 770.0 380.0 763.0 392.0 776.0 387.0 782.0 ship 0
561.0 500.0 558.0 492.0 577.0 485.0 580.0 493.0 ship 0
386.0 764.0 393.0 759.0 403.0 778.0 396.0 782.0 ship 0
564.0 510.0 561.0 501.0 581.0 493.0 585.0 502.0 ship 0
568.0 520.0 566.0 511.0 586.0 504.0 589.0 512.0 ship 0
589.0 512.0 592.0 521.0 570.0 530.0 567.0 521.0 ship 0
591.0 524.0 593.0 531.0 575.0 539.0 572.0 533.0 ship 0
535.0 674.0 536.0 667.0 549.0 671.0 548.0 677.0 ship 1
431.0 699.0 427.0 695.0 437.0 685.0 441.0 690.0 ship 1
440.0 697.0 436.0 692.0 446.0 685.0 449.0 690.0 ship 1
439.0 705.0 436.0 700.0 447.0 693.0 451.0 698.0 ship 1
437.0 713.0 434.0 707.0 446.0 701.0 449.0 707.0 ship 1
437.0 718.0 435.0 713.0 446.0 709.0 448.0 714.0 ship 1
417.0 721.0 411.0 723.0 407.0 706.0 413.0 705.0 ship 0
410.0 722.0 402.0 724.0 398.0 707.0 405.0 705.0 ship 0
400.0 725.0 395.0 726.0 391.0 708.0 397.0 707.0 ship 0
395.0 726.0 387.0 727.0 383.0 709.0 390.0 707.0 ship 0
383.0 729.0 376.0 730.0 370.0 713.0 376.0 710.0 ship 0
353.0 732.0 347.0 732.0 347.0 715.0 353.0 715.0 ship 0
416.0 752.0 411.0 757.0 395.0 742.0 401.0 737.0 ship 0
412.0 760.0 409.0 765.0 396.0 756.0 400.0 750.0 ship 0
396.0 764.0 402.0 759.0 413.0 775.0 407.0 778.0 ship 0
682.0 424.0 685.0 429.0 670.0 436.0 667.0 431.0 ship 0
681.0 410.0 683.0 417.0 667.0 423.0 664.0 417.0 ship 0
680.0 402.0 682.0 410.0 663.0 416.0 660.0 409.0 ship 0
777.0 2136.0 779.0 2132.0 787.0 2137.0 785.0 2141.0 small-vehicle 1
770.0 2176.0 768.0 2179.0 760.0 2175.0 762.0 2172.0 small-vehicle 1
776.0 2171.0 775.0 2176.0 764.0 2172.0 766.0 2167.0 small-vehicle 1
778.0 2169.0 775.0 2172.0 769.0 2167.0 772.0 2164.0 small-vehicle 1
769.0 2162.0 772.0 2158.0 780.0 2163.0 778.0 2167.0 small-vehicle 1
786.0 2156.0 785.0 2160.0 776.0 2158.0 777.0 2154.0 small-vehicle 1
773.0 2149.0 776.0 2146.0 784.0 2150.0 782.0 2153.0 small-vehicle 1
790.0 2121.0 789.0 2125.0 781.0 2123.0 781.0 2119.0 small-vehicle 1
791.0 2127.0 790.0 2130.0 780.0 2127.0 781.0 2124.0 small-vehicle 1
789.0 2132.0 786.0 2135.0 777.0 2131.0 780.0 2128.0 small-vehicle 1
680.0 2197.0 683.0 2197.0 684.0 2205.0 680.0 2205.0 ship 1
550.0 2140.0 551.0 2135.0 564.0 2135.0 563.0 2139.0 ship 1
679.0 2209.0 683.0 2209.0 683.0 2217.0 680.0 2217.0 ship 1
813.0 2013.0 814.0 2009.0 825.0 2012.0 824.0 2015.0 small-vehicle 1
380.0 1775.0 377.0 1779.0 365.0 1775.0 367.0 1770.0 ship 1
754.0 1464.0 755.0 1459.0 765.0 1458.0 764.0 1463.0 small-vehicle 1
853.0 1422.0 854.0 1427.0 845.0 1429.0 844.0 1424.0 small-vehicle 1
754.0 1453.0 754.0 1449.0 762.0 1448.0 763.0 1451.0 small-vehicle 1
760.0 1415.0 761.0 1410.0 772.0 1411.0 771.0 1416.0 small-vehicle 1
761.0 1406.0 761.0 1402.0 772.0 1404.0 771.0 1409.0 small-vehicle 1
775.0 1378.0 775.0 1383.0 765.0 1383.0 765.0 1379.0 small-vehicle 1
768.0 2181.0 767.0 2184.0 759.0 2180.0 760.0 2178.0 small-vehicle 1
767.0 2185.0 765.0 2189.0 755.0 2184.0 757.0 2180.0 small-vehicle 1
762.0 2191.0 759.0 2194.0 750.0 2189.0 752.0 2184.0 small-vehicle 1
757.0 2196.0 755.0 2199.0 747.0 2194.0 750.0 2192.0 small-vehicle 1
479.0 2104.0 479.0 2098.0 491.0 2097.0 491.0 2103.0 ship 1
442.0 2275.0 442.0 2280.0 429.0 2280.0 429.0 2275.0 ship 1
454.0 2285.0 454.0 2281.0 461.0 2281.0 461.0 2285.0 ship 1
442.0 2317.0 440.0 2313.0 449.0 2310.0 450.0 2314.0 small-vehicle 1
465.0 2317.0 467.0 2320.0 461.0 2324.0 459.0 2320.0 small-vehicle 1
457.0 2301.0 460.0 2297.0 467.0 2304.0 464.0 2308.0 small-vehicle 1
465.0 2302.0 468.0 2297.0 475.0 2304.0 473.0 2307.0 small-vehicle 1
491.0 2306.0 488.0 2309.0 481.0 2299.0 485.0 2296.0 small-vehicle 1
490.0 2332.0 485.0 2329.0 492.0 2320.0 496.0 2323.0 small-vehicle 1
498.0 2322.0 502.0 2325.0 495.0 2333.0 492.0 2330.0 small-vehicle 1
500.0 2338.0 497.0 2335.0 505.0 2324.0 508.0 2328.0 small-vehicle 1
511.0 2301.0 515.0 2300.0 516.0 2312.0 512.0 2312.0 small-vehicle 1
621.0 2344.0 621.0 2341.0 628.0 2340.0 629.0 2344.0 small-vehicle 1
613.0 2290.0 618.0 2290.0 618.0 2299.0 614.0 2299.0 small-vehicle 1
673.0 2290.0 678.0 2290.0 678.0 2301.0 673.0 2300.0 small-vehicle 1
716.0 2339.0 715.0 2343.0 708.0 2341.0 709.0 2337.0 small-vehicle 1
718.0 2317.0 719.0 2312.0 728.0 2315.0 727.0 2319.0 small-vehicle 1
722.0 2311.0 723.0 2306.0 731.0 2310.0 729.0 2314.0 small-vehicle 1
730.0 2276.0 728.0 2280.0 719.0 2274.0 722.0 2270.0 small-vehicle 1
796.0 1358.0 797.0 1352.0 809.0 1352.0 808.0 1358.0 small-vehicle 1
832.0 1370.0 832.0 1374.0 823.0 1374.0 823.0 1369.0 small-vehicle 1
777.0 1367.0 777.0 1371.0 767.0 1371.0 768.0 1366.0 small-vehicle 1
788.0 708.0 790.0 703.0 806.0 709.0 803.0 714.0 ship 1
642.0 688.0 636.0 689.0 637.0 679.0 642.0 679.0 ship 1
640.0 724.0 641.0 715.0 664.0 716.0 662.0 725.0 ship 0
641.0 712.0 641.0 728.0 613.0 727.0 614.0 711.0 ship 0
638.0 694.0 639.0 710.0 583.0 709.0 583.0 693.0 ship 0
601.0 595.0 602.0 601.0 588.0 601.0 588.0 597.0 ship 1
586.0 609.0 585.0 604.0 600.0 603.0 601.0 608.0 ship 1
600.0 610.0 600.0 615.0 588.0 616.0 587.0 611.0 ship 1
587.0 623.0 587.0 618.0 598.0 617.0 599.0 621.0 ship 1
658.0 655.0 659.0 661.0 638.0 663.0 638.0 656.0 ship 1
567.0 482.0 567.0 488.0 555.0 493.0 553.0 486.0 ship 1
659.0 395.0 657.0 389.0 670.0 387.0 671.0 392.0 ship 1
666.0 373.0 668.0 378.0 656.0 382.0 655.0 377.0 ship 1
664.0 366.0 665.0 372.0 654.0 376.0 652.0 372.0 ship 1
635.0 381.0 634.0 374.0 647.0 371.0 649.0 378.0 ship 1
681.0 333.0 683.0 337.0 674.0 342.0 672.0 339.0 ship 1
686.0 355.0 684.0 352.0 692.0 345.0 694.0 349.0 ship 1
690.0 364.0 687.0 359.0 699.0 352.0 701.0 357.0 ship 1
775.0 432.0 777.0 437.0 767.0 441.0 764.0 436.0 ship 1
762.0 433.0 760.0 428.0 773.0 422.0 774.0 426.0 ship 1
803.0 696.0 800.0 704.0 779.0 697.0 783.0 689.0 ship 1
613.0 760.0 616.0 762.0 614.0 770.0 610.0 769.0 ship 1
779.0 1360.0 778.0 1365.0 767.0 1365.0 767.0 1360.0 small-vehicle 1
595.0 749.0 600.0 750.0 598.0 761.0 593.0 760.0 ship 1
780.0 1355.0 780.0 1360.0 768.0 1359.0 769.0 1355.0 small-vehicle 1
770.0 1343.0 771.0 1339.0 780.0 1340.0 779.0 1344.0 small-vehicle 1
773.0 1334.0 772.0 1330.0 782.0 1330.0 782.0 1335.0 small-vehicle 1
782.0 1322.0 786.0 1320.0 791.0 1325.0 788.0 1328.0 small-vehicle 1
826.0 1320.0 826.0 1315.0 837.0 1314.0 837.0 1319.0 small-vehicle 1
823.0 1309.0 823.0 1305.0 832.0 1304.0 832.0 1307.0 small-vehicle 1
845.0 1255.0 845.0 1260.0 834.0 1262.0 834.0 1257.0 small-vehicle 1
712.0 1249.0 712.0 1254.0 701.0 1254.0 701.0 1250.0 ship 1
856.0 1147.0 857.0 1152.0 841.0 1153.0 842.0 1147.0 ship 1
705.0 1281.0 705.0 1276.0 717.0 1276.0 717.0 1281.0 ship 1
453.0 1149.0 457.0 1150.0 458.0 1158.0 454.0 1158.0 ship 1
781.0 789.0 778.0 792.0 768.0 782.0 773.0 778.0 ship 1
781.0 780.0 778.0 776.0 786.0 769.0 788.0 774.0 ship 1
791.0 799.0 788.0 795.0 796.0 788.0 798.0 793.0 ship 1
884.0 823.0 885.0 827.0 875.0 831.0 875.0 826.0 ship 1
799.0 817.0 802.0 821.0 791.0 830.0 787.0 825.0 ship 1
827.0 807.0 832.0 805.0 838.0 815.0 833.0 818.0 ship 1
650.0 927.0 648.0 932.0 634.0 929.0 636.0 922.0 ship 1
619.0 922.0 621.0 917.0 632.0 920.0 631.0 925.0 ship 1
551.0 2134.0 551.0 2129.0 561.0 2127.0 562.0 2134.0 ship 1
551.0 2149.0 551.0 2143.0 564.0 2142.0 564.0 2148.0 ship 1
755.0 421.0 753.0 417.0 763.0 412.0 765.0 416.0 ship 1
129.0 2408.0 134.0 2408.0 134.0 2420.0 129.0 2420.0 ship 1
207.0 2406.0 213.0 2406.0 213.0 2417.0 208.0 2417.0 ship 1
178.0 2411.0 183.0 2411.0 183.0 2419.0 178.0 2419.0 ship 1
180.0 2398.0 181.0 2404.0 171.0 2405.0 170.0 2399.0 ship 1
156.0 2405.0 150.0 2405.0 148.0 2393.0 153.0 2393.0 ship 1
133.0 2405.0 129.0 2405.0 128.0 2393.0 134.0 2393.0 ship 1
131.0 2373.0 132.0 2369.0 141.0 2369.0 141.0 2373.0 ship 1
126.0 2403.0 121.0 2404.0 121.0 2392.0 126.0 2392.0 ship 1
120.0 2402.0 115.0 2402.0 115.0 2392.0 120.0 2392.0 ship 1
122.0 2408.0 127.0 2408.0 126.0 2421.0 121.0 2421.0 ship 1
135.0 2408.0 141.0 2408.0 141.0 2420.0 135.0 2420.0 ship 1
552.0 2154.0 552.0 2149.0 564.0 2149.0 564.0 2154.0 ship 1
149.0 2409.0 155.0 2409.0 154.0 2419.0 149.0 2419.0 ship 1
157.0 2407.0 163.0 2408.0 163.0 2422.0 156.0 2422.0 ship 1
58.0 2424.0 50.0 2424.0 49.0 2408.0 56.0 2407.0 ship 1
51.0 2423.0 44.0 2423.0 41.0 2408.0 48.0 2408.0 ship 1
53.0 2429.0 61.0 2427.0 66.0 2444.0 59.0 2446.0 ship 1
58.0 2445.0 52.0 2451.0 40.0 2436.0 46.0 2431.0 ship 1
62.0 2457.0 58.0 2463.0 41.0 2452.0 45.0 2444.0 ship 1
64.0 2476.0 62.0 2481.0 47.0 2473.0 49.0 2467.0 ship 1
66.0 2483.0 63.0 2489.0 46.0 2482.0 48.0 2475.0 ship 1
215.0 2406.0 220.0 2406.0 220.0 2419.0 215.0 2419.0 ship 1
224.0 2405.0 219.0 2405.0 219.0 2392.0 224.0 2392.0 ship 1
289.0 2310.0 296.0 2310.0 297.0 2321.0 289.0 2323.0 ship 1
234.0 2341.0 229.0 2342.0 228.0 2331.0 233.0 2331.0 ship 1
40.0 2318.0 40.0 2322.0 33.0 2322.0 34.0 2318.0 small-vehicle 1
84.0 2339.0 83.0 2334.0 92.0 2333.0 93.0 2336.0 small-vehicle 1
138.0 2298.0 138.0 2302.0 129.0 2302.0 130.0 2297.0 small-vehicle 1
123.0 2296.0 123.0 2302.0 111.0 2301.0 111.0 2296.0 small-vehicle 1
104.0 2289.0 103.0 2294.0 92.0 2294.0 93.0 2288.0 small-vehicle 1
103.0 2394.0 98.0 2395.0 98.0 2384.0 103.0 2384.0 small-vehicle 1
91.0 2415.0 96.0 2417.0 93.0 2430.0 88.0 2429.0 small-vehicle 1
91.0 2447.0 90.0 2442.0 99.0 2441.0 99.0 2445.0 small-vehicle 1
89.0 2454.0 89.0 2449.0 100.0 2448.0 100.0 2454.0 small-vehicle 1
90.0 2463.0 91.0 2459.0 100.0 2460.0 99.0 2463.0 small-vehicle 1
91.0 2472.0 91.0 2468.0 99.0 2467.0 99.0 2472.0 small-vehicle 1
88.0 2477.0 89.0 2473.0 98.0 2473.0 97.0 2477.0 small-vehicle 1
90.0 2484.0 90.0 2481.0 99.0 2481.0 99.0 2484.0 small-vehicle 1
89.0 2491.0 90.0 2486.0 101.0 2487.0 100.0 2491.0 small-vehicle 1
90.0 2495.0 90.0 2491.0 99.0 2492.0 98.0 2495.0 small-vehicle 1
90.0 2501.0 90.0 2498.0 99.0 2498.0 99.0 2501.0 small-vehicle 1
90.0 2507.0 90.0 2504.0 98.0 2504.0 97.0 2508.0 small-vehicle 1
76.0 2511.0 76.0 2515.0 63.0 2515.0 64.0 2510.0 small-vehicle 1
72.0 2431.0 79.0 2429.0 83.0 2446.0 76.0 2447.0 small-vehicle 1
66.0 2488.0 63.0 2495.0 47.0 2490.0 50.0 2483.0 ship 1
17.0 2481.0 18.0 2486.0 4.0 2487.0 4.0 2480.0 ship 1
19.0 2487.0 20.0 2492.0 3.0 2493.0 4.0 2487.0 ship 1
536.0 2176.0 536.0 2172.0 550.0 2171.0 549.0 2177.0 ship 1
548.0 2150.0 548.0 2155.0 536.0 2155.0 536.0 2150.0 ship 1
535.0 2147.0 535.0 2142.0 548.0 2143.0 548.0 2148.0 ship 1
547.0 2136.0 547.0 2142.0 533.0 2142.0 533.0 2136.0 ship 1
535.0 2133.0 535.0 2127.0 549.0 2128.0 548.0 2134.0 ship 1
554.0 2275.0 554.0 2270.0 566.0 2269.0 567.0 2274.0 ship 1
554.0 2268.0 553.0 2262.0 566.0 2262.0 566.0 2267.0 ship 1
550.0 2276.0 551.0 2281.0 542.0 2282.0 541.0 2277.0 ship 1
554.0 2262.0 553.0 2256.0 566.0 2255.0 566.0 2261.0 ship 1
554.0 2254.0 553.0 2248.0 566.0 2248.0 566.0 2253.0 ship 1
553.0 2246.0 553.0 2240.0 565.0 2241.0 565.0 2247.0 ship 1
553.0 2239.0 553.0 2234.0 565.0 2234.0 564.0 2239.0 ship 1
553.0 2233.0 553.0 2227.0 565.0 2226.0 565.0 2233.0 ship 1
566.0 2206.0 566.0 2211.0 553.0 2211.0 552.0 2206.0 ship 1
552.0 2204.0 552.0 2199.0 564.0 2199.0 564.0 2204.0 ship 1
552.0 2197.0 553.0 2192.0 565.0 2191.0 565.0 2196.0 ship 1
551.0 2190.0 552.0 2184.0 564.0 2185.0 564.0 2190.0 ship 1
552.0 2176.0 552.0 2170.0 564.0 2171.0 564.0 2176.0 ship 1
551.0 2169.0 550.0 2164.0 564.0 2164.0 564.0 2169.0 ship 1
551.0 2162.0 550.0 2157.0 564.0 2155.0 563.0 2161.0 ship 1
537.0 2170.0 537.0 2163.0 549.0 2163.0 548.0 2170.0 ship 1
536.0 2183.0 537.0 2177.0 549.0 2178.0 549.0 2182.0 ship 1
19.0 2493.0 19.0 2498.0 3.0 2497.0 3.0 2492.0 ship 1
536.0 2190.0 536.0 2185.0 548.0 2185.0 548.0 2190.0 ship 1
225.0 2521.0 219.0 2521.0 218.0 2509.0 224.0 2508.0 ship 1
679.0 2243.0 687.0 2245.0 683.0 2266.0 674.0 2265.0 ship 1
675.0 2279.0 670.0 2279.0 670.0 2266.0 674.0 2266.0 ship 1
582.0 2280.0 577.0 2280.0 577.0 2268.0 582.0 2268.0 ship 1
745.0 2267.0 746.0 2262.0 758.0 2263.0 758.0 2269.0 ship 1
802.0 2323.0 812.0 2304.0 838.0 2315.0 828.0 2335.0 swimming-pool 0
686.0 2197.0 691.0 2197.0 690.0 2210.0 684.0 2209.0 ship 1
362.0 2300.0 362.0 2304.0 351.0 2305.0 351.0 2300.0 ship 1
551.0 2269.0 551.0 2274.0 539.0 2275.0 539.0 2269.0 ship 1
551.0 2263.0 551.0 2269.0 538.0 2268.0 538.0 2262.0 ship 1
551.0 2256.0 551.0 2261.0 538.0 2261.0 538.0 2256.0 ship 1
550.0 2248.0 551.0 2255.0 537.0 2254.0 538.0 2248.0 ship 1
549.0 2242.0 550.0 2247.0 538.0 2247.0 538.0 2242.0 ship 1
550.0 2234.0 550.0 2241.0 538.0 2240.0 539.0 2234.0 ship 1
550.0 2227.0 550.0 2232.0 538.0 2233.0 537.0 2228.0 ship 1
550.0 2213.0 550.0 2218.0 537.0 2220.0 537.0 2215.0 ship 1
534.0 2212.0 534.0 2207.0 550.0 2206.0 549.0 2213.0 ship 1
548.0 2199.0 549.0 2205.0 536.0 2206.0 537.0 2199.0 ship 1
549.0 2192.0 549.0 2197.0 536.0 2197.0 536.0 2193.0 ship 1
769.0 417.0 772.0 421.0 759.0 427.0 756.0 423.0 ship 1
753.0 414.0 750.0 409.0 762.0 403.0 765.0 409.0 ship 1
673.0 390.0 676.0 397.0 660.0 404.0 657.0 397.0 ship 0
1029.0 1770.0 1027.0 1766.0 1038.0 1763.0 1039.0 1767.0 small-vehicle 1
1024.0 1202.0 1017.0 1203.0 1014.0 1186.0 1021.0 1186.0 ship 1
919.0 1219.0 925.0 1219.0 926.0 1229.0 921.0 1229.0 small-vehicle 1
925.0 1221.0 928.0 1220.0 931.0 1228.0 927.0 1229.0 small-vehicle 1
955.0 1365.0 955.0 1369.0 949.0 1370.0 947.0 1366.0 small-vehicle 1
966.0 1362.0 967.0 1367.0 957.0 1368.0 957.0 1364.0 small-vehicle 1
968.0 1365.0 968.0 1361.0 976.0 1361.0 977.0 1365.0 small-vehicle 1
1022.0 1335.0 1024.0 1338.0 1021.0 1344.0 1018.0 1343.0 small-vehicle 1
1036.0 1448.0 1039.0 1450.0 1036.0 1457.0 1032.0 1456.0 small-vehicle 1
982.0 1575.0 982.0 1571.0 991.0 1569.0 991.0 1573.0 small-vehicle 1
1077.0 1982.0 1073.0 1981.0 1077.0 1972.0 1080.0 1974.0 small-vehicle 1
944.0 810.0 950.0 808.0 954.0 826.0 948.0 827.0 ship 1
1048.0 2022.0 1053.0 2021.0 1055.0 2029.0 1052.0 2030.0 small-vehicle 1
1019.0 2023.0 1014.0 2019.0 1021.0 2011.0 1024.0 2014.0 small-vehicle 1
1016.0 2090.0 1012.0 2090.0 1011.0 2081.0 1015.0 2081.0 small-vehicle 1
1001.0 2144.0 1000.0 2141.0 1009.0 2138.0 1010.0 2142.0 small-vehicle 1
989.0 2304.0 989.0 2308.0 980.0 2309.0 980.0 2305.0 small-vehicle 1
988.0 2311.0 988.0 2316.0 977.0 2316.0 977.0 2312.0 small-vehicle 1
977.0 2322.0 977.0 2318.0 987.0 2319.0 986.0 2323.0 small-vehicle 1
977.0 2340.0 977.0 2335.0 986.0 2336.0 985.0 2340.0 small-vehicle 1
979.0 2344.0 979.0 2340.0 988.0 2340.0 987.0 2345.0 small-vehicle 1
1129.0 1172.0 1129.0 1168.0 1137.0 1166.0 1137.0 1170.0 small-vehicle 1
1120.0 1175.0 1119.0 1170.0 1128.0 1169.0 1128.0 1173.0 small-vehicle 1
1115.0 1109.0 1116.0 1114.0 1106.0 1116.0 1105.0 1112.0 small-vehicle 1
1029.0 1011.0 1033.0 1011.0 1035.0 1021.0 1030.0 1022.0 small-vehicle 1
957.0 813.0 961.0 810.0 965.0 820.0 960.0 821.0 ship 1
961.0 810.0 966.0 809.0 971.0 819.0 966.0 821.0 ship 1
969.0 809.0 973.0 808.0 978.0 818.0 972.0 820.0 ship 1
1111.0 666.0 1116.0 674.0 1098.0 686.0 1092.0 677.0 swimming-pool 0
1118.0 712.0 1129.0 707.0 1136.0 730.0 1126.0 734.0 swimming-pool 0
991.0 833.0 992.0 845.0 971.0 848.0 970.0 836.0 swimming-pool 0
1068.0 784.0 1069.0 789.0 1061.0 792.0 1059.0 788.0 small-vehicle 1
841.0 655.0 845.0 654.0 848.0 664.0 844.0 665.0 small-vehicle 1
1088.0 829.0 1089.0 824.0 1100.0 824.0 1100.0 829.0 small-vehicle 1
1089.0 846.0 1089.0 842.0 1098.0 841.0 1098.0 845.0 small-vehicle 1
1078.0 847.0 1077.0 843.0 1086.0 842.0 1086.0 845.0 small-vehicle 1
1080.0 847.0 1080.0 852.0 1069.0 852.0 1070.0 848.0 small-vehicle 1
1058.0 891.0 1054.0 890.0 1055.0 881.0 1059.0 881.0 small-vehicle 1
1090.0 902.0 1091.0 906.0 1081.0 907.0 1081.0 903.0 small-vehicle 1
1081.0 903.0 1081.0 907.0 1073.0 908.0 1072.0 903.0 small-vehicle 1
1109.0 930.0 1111.0 933.0 1101.0 937.0 1101.0 933.0 small-vehicle 1
1084.0 944.0 1085.0 947.0 1075.0 948.0 1075.0 944.0 small-vehicle 1
1016.0 926.0 1015.0 922.0 1026.0 922.0 1025.0 926.0 small-vehicle 1
1019.0 1006.0 1024.0 1004.0 1025.0 1015.0 1021.0 1015.0 small-vehicle 1
977.0 2351.0 977.0 2347.0 987.0 2347.0 986.0 2351.0 small-vehicle 1
978.0 2356.0 978.0 2352.0 987.0 2353.0 987.0 2357.0 small-vehicle 1
977.0 2364.0 977.0 2360.0 987.0 2360.0 987.0 2364.0 small-vehicle 1
1038.0 2379.0 1037.0 2384.0 1026.0 2380.0 1027.0 2376.0 small-vehicle 1
1034.0 2396.0 1033.0 2399.0 1025.0 2398.0 1025.0 2394.0 small-vehicle 1
1033.0 2400.0 1032.0 2405.0 1023.0 2402.0 1025.0 2398.0 small-vehicle 1
1033.0 2406.0 1032.0 2411.0 1022.0 2409.0 1025.0 2404.0 small-vehicle 1
1033.0 2415.0 1032.0 2419.0 1021.0 2416.0 1023.0 2413.0 small-vehicle 1
1028.0 2420.0 1028.0 2424.0 1017.0 2422.0 1018.0 2418.0 small-vehicle 1
1028.0 2426.0 1026.0 2430.0 1016.0 2427.0 1017.0 2422.0 small-vehicle 1
1057.0 2409.0 1056.0 2413.0 1046.0 2410.0 1048.0 2406.0 small-vehicle 1
1057.0 2415.0 1056.0 2419.0 1045.0 2416.0 1047.0 2411.0 small-vehicle 1
1054.0 2419.0 1053.0 2423.0 1044.0 2421.0 1045.0 2417.0 small-vehicle 1
1054.0 2425.0 1054.0 2429.0 1045.0 2429.0 1045.0 2425.0 small-vehicle 1
1055.0 2428.0 1055.0 2433.0 1047.0 2433.0 1047.0 2429.0 small-vehicle 1
1050.0 2328.0 1049.0 2333.0 1040.0 2330.0 1042.0 2326.0 small-vehicle 1
1049.0 2334.0 1048.0 2338.0 1040.0 2337.0 1041.0 2333.0 small-vehicle 1
1047.0 2341.0 1046.0 2344.0 1036.0 2341.0 1038.0 2337.0 small-vehicle 1
984.0 1844.0 994.0 1844.0 994.0 1871.0 984.0 1871.0 swimming-pool 1
993.0 1785.0 1003.0 1784.0 1007.0 1803.0 996.0 1805.0 swimming-pool 1
977.0 1685.0 986.0 1684.0 990.0 1704.0 981.0 1704.0 swimming-pool 0
1071.0 1550.0 1073.0 1559.0 1053.0 1561.0 1052.0 1552.0 swimming-pool 1
1128.0 1541.0 1129.0 1552.0 1108.0 1554.0 1107.0 1544.0 swimming-pool 1
1039.0 2386.0 1037.0 2390.0 1028.0 2387.0 1029.0 2383.0 small-vehicle 1
1040.0 2374.0 1039.0 2377.0 1031.0 2375.0 1032.0 2371.0 small-vehicle 1
975.0 2373.0 975.0 2369.0 985.0 2369.0 984.0 2373.0 small-vehicle 1
1000.0 2381.0 1000.0 2376.0 1008.0 2377.0 1008.0 2381.0 small-vehicle 1
1000.0 2364.0 1000.0 2359.0 1009.0 2360.0 1008.0 2364.0 small-vehicle 1
1001.0 2354.0 1002.0 2350.0 1012.0 2350.0 1011.0 2355.0 small-vehicle 1
1002.0 2348.0 1003.0 2343.0 1012.0 2344.0 1011.0 2349.0 small-vehicle 1
1004.0 2342.0 1005.0 2337.0 1016.0 2338.0 1016.0 2343.0 small-vehicle 1
1007.0 2338.0 1007.0 2333.0 1016.0 2332.0 1017.0 2336.0 small-vehicle 1
1044.0 2313.0 1044.0 2308.0 1055.0 2308.0 1054.0 2313.0 small-vehicle 1
1044.0 2319.0 1046.0 2314.0 1054.0 2317.0 1054.0 2320.0 small-vehicle 1
1043.0 2324.0 1045.0 2320.0 1052.0 2322.0 1051.0 2326.0 small-vehicle 1
967.0 2397.0 967.0 2393.0 977.0 2393.0 977.0 2398.0 small-vehicle 1
969.0 2403.0 970.0 2399.0 978.0 2399.0 979.0 2404.0 small-vehicle 1
968.0 2409.0 969.0 2405.0 979.0 2406.0 978.0 2409.0 small-vehicle 1
970.0 2417.0 970.0 2412.0 979.0 2410.0 979.0 2416.0 small-vehicle 1
989.0 2432.0 990.0 2428.0 998.0 2428.0 998.0 2432.0 small-vehicle 1
990.0 2424.0 991.0 2419.0 999.0 2420.0 999.0 2425.0 small-vehicle 1
994.0 2413.0 994.0 2409.0 1004.0 2410.0 1004.0 2414.0 small-vehicle 1
993.0 2408.0 994.0 2405.0 1002.0 2404.0 1002.0 2408.0 small-vehicle 1
992.0 2400.0 994.0 2396.0 1003.0 2397.0 1003.0 2401.0 small-vehicle 1
995.0 2396.0 994.0 2392.0 1002.0 2392.0 1002.0 2396.0 small-vehicle 1
993.0 2389.0 995.0 2385.0 1003.0 2387.0 1001.0 2391.0 small-vehicle 1
951.0 809.0 955.0 808.0 959.0 822.0 955.0 823.0 ship 1
930.0 817.0 936.0 816.0 937.0 827.0 931.0 828.0 ship 1
756.0 399.0 760.0 402.0 749.0 409.0 746.0 405.0 ship 1
657.0 181.0 663.0 179.0 671.0 195.0 665.0 198.0 ship 1
810.0 293.0 808.0 288.0 821.0 282.0 822.0 287.0 ship 1
808.0 283.0 805.0 278.0 818.0 273.0 819.0 278.0 ship 1
844.0 201.0 842.0 195.0 853.0 191.0 855.0 196.0 ship 1
851.0 212.0 849.0 207.0 858.0 203.0 860.0 207.0 ship 1
897.0 203.0 899.0 209.0 887.0 213.0 885.0 208.0 ship 1
894.0 286.0 896.0 291.0 889.0 295.0 885.0 291.0 ship 1
886.0 175.0 890.0 172.0 895.0 182.0 891.0 185.0 ship 1
640.0 197.0 643.0 198.0 637.0 212.0 632.0 210.0 ship 1
641.0 204.0 646.0 207.0 640.0 223.0 635.0 221.0 ship 1
708.0 188.0 711.0 193.0 694.0 202.0 691.0 197.0 ship 1
928.0 807.0 932.0 811.0 920.0 823.0 915.0 819.0 ship 1
650.0 233.0 654.0 231.0 658.0 241.0 653.0 243.0 small-vehicle 1
644.0 302.0 646.0 306.0 638.0 309.0 636.0 306.0 small-vehicle 1
636.0 340.0 632.0 341.0 629.0 333.0 634.0 332.0 small-vehicle 1
632.0 344.0 628.0 345.0 626.0 337.0 630.0 335.0 small-vehicle 1
628.0 345.0 624.0 347.0 619.0 336.0 623.0 334.0 small-vehicle 1
745.0 291.0 742.0 292.0 737.0 284.0 740.0 282.0 small-vehicle 1
751.0 290.0 747.0 292.0 742.0 284.0 745.0 281.0 small-vehicle 1
724.0 275.0 719.0 276.0 715.0 266.0 720.0 265.0 small-vehicle 1
728.0 270.0 724.0 271.0 721.0 264.0 724.0 262.0 small-vehicle 1
822.0 288.0 825.0 293.0 812.0 300.0 810.0 295.0 ship 1
827.0 297.0 830.0 303.0 817.0 310.0 814.0 304.0 ship 1
835.0 314.0 836.0 320.0 825.0 324.0 824.0 319.0 ship 1
832.0 341.0 829.0 335.0 842.0 329.0 845.0 335.0 ship 1
756.0 391.0 758.0 395.0 748.0 402.0 745.0 397.0 ship 1
748.0 380.0 751.0 385.0 736.0 392.0 734.0 386.0 ship 1
745.0 374.0 747.0 379.0 732.0 386.0 730.0 382.0 ship 1
729.0 377.0 727.0 372.0 740.0 367.0 742.0 372.0 ship 1
738.0 361.0 740.0 366.0 728.0 371.0 725.0 366.0 ship 1
723.0 361.0 721.0 356.0 733.0 351.0 735.0 357.0 ship 1
730.0 342.0 732.0 347.0 719.0 354.0 715.0 349.0 ship 1
715.0 348.0 713.0 343.0 725.0 337.0 727.0 343.0 ship 1
708.0 339.0 706.0 333.0 720.0 327.0 722.0 334.0 ship 1
711.0 330.0 707.0 326.0 718.0 319.0 720.0 323.0 ship 1
728.0 307.0 733.0 304.0 737.0 317.0 732.0 318.0 ship 1
734.0 305.0 738.0 303.0 741.0 315.0 736.0 315.0 ship 1
739.0 302.0 745.0 299.0 749.0 310.0 743.0 313.0 ship 1
745.0 300.0 750.0 297.0 755.0 308.0 750.0 310.0 ship 1
757.0 304.0 761.0 301.0 765.0 312.0 761.0 313.0 ship 1
785.0 308.0 787.0 312.0 774.0 318.0 772.0 314.0 ship 1
779.0 293.0 783.0 297.0 777.0 302.0 774.0 299.0 ship 1
781.0 339.0 779.0 333.0 792.0 326.0 795.0 332.0 ship 1
852.0 303.0 855.0 308.0 845.0 315.0 842.0 310.0 ship 1
723.0 251.0 723.0 247.0 731.0 246.0 731.0 250.0 small-vehicle 1
699.0 260.0 703.0 259.0 707.0 269.0 704.0 270.0 small-vehicle 1
724.0 236.0 727.0 232.0 733.0 240.0 730.0 242.0 small-vehicle 1
1049.0 49.0 1044.0 52.0 1040.0 43.0 1045.0 42.0 small-vehicle 1
1068.0 78.0 1064.0 80.0 1060.0 71.0 1064.0 69.0 small-vehicle 1
1042.0 85.0 1038.0 87.0 1033.0 77.0 1037.0 76.0 small-vehicle 1
959.0 98.0 960.0 103.0 949.0 106.0 948.0 101.0 small-vehicle 1
960.0 104.0 961.0 108.0 953.0 113.0 950.0 108.0 small-vehicle 1
949.0 129.0 945.0 130.0 939.0 121.0 943.0 119.0 small-vehicle 1
922.0 138.0 918.0 139.0 915.0 131.0 920.0 129.0 small-vehicle 1
928.0 135.0 925.0 138.0 920.0 130.0 923.0 129.0 small-vehicle 1
932.0 134.0 928.0 135.0 924.0 128.0 927.0 127.0 small-vehicle 1
1093.0 254.0 1096.0 257.0 1086.0 265.0 1083.0 261.0 ship 1
1004.0 285.0 1002.0 282.0 1009.0 277.0 1011.0 281.0 ship 1
947.0 296.0 945.0 293.0 952.0 288.0 954.0 291.0 ship 1
932.0 303.0 930.0 299.0 938.0 296.0 939.0 300.0 ship 1
1059.0 266.0 1057.0 260.0 1067.0 255.0 1070.0 260.0 ship 1
1063.0 276.0 1060.0 271.0 1071.0 265.0 1073.0 270.0 ship 1
828.0 302.0 832.0 306.0 821.0 317.0 817.0 313.0 ship 1
671.0 491.0 665.0 493.0 661.0 481.0 668.0 480.0 ship 1
959.0 780.0 958.0 773.0 972.0 770.0 973.0 777.0 ship 1
951.0 785.0 952.0 779.0 966.0 779.0 966.0 784.0 ship 1
898.0 793.0 901.0 797.0 892.0 804.0 888.0 801.0 ship 1
1041.0 53.0 1036.0 54.0 1034.0 45.0 1037.0 44.0 small-vehicle 1
1039.0 42.0 1036.0 43.0 1034.0 35.0 1037.0 34.0 small-vehicle 1
726.0 231.0 729.0 228.0 735.0 233.0 733.0 236.0 small-vehicle 1
1035.0 43.0 1032.0 45.0 1028.0 36.0 1031.0 34.0 small-vehicle 1
734.0 228.0 735.0 224.0 742.0 230.0 739.0 232.0 small-vehicle 1
665.0 232.0 670.0 230.0 674.0 241.0 670.0 242.0 small-vehicle 1
674.0 234.0 677.0 233.0 679.0 240.0 677.0 241.0 small-vehicle 1
786.0 257.0 788.0 254.0 796.0 258.0 793.0 261.0 small-vehicle 1
777.0 219.0 779.0 223.0 770.0 227.0 768.0 222.0 small-vehicle 1
771.0 34.0 772.0 27.0 787.0 31.0 786.0 36.0 ship 1
595.0 75.0 590.0 79.0 580.0 66.0 587.0 63.0 ship 1
575.0 81.0 570.0 87.0 555.0 74.0 559.0 68.0 ship 1
657.0 145.0 651.0 144.0 655.0 125.0 660.0 127.0 ship 1
663.0 147.0 656.0 145.0 662.0 130.0 667.0 133.0 ship 1
737.0 165.0 731.0 167.0 725.0 153.0 730.0 151.0 ship 1
773.0 39.0 774.0 34.0 785.0 37.0 783.0 41.0 ship 1
797.0 90.0 799.0 85.0 811.0 90.0 809.0 94.0 ship 1
799.0 97.0 801.0 92.0 812.0 96.0 810.0 101.0 ship 1
533.0 231.0 536.0 230.0 542.0 239.0 539.0 240.0 small-vehicle 1
570.0 199.0 568.0 196.0 576.0 192.0 576.0 195.0 small-vehicle 1
568.0 193.0 566.0 190.0 573.0 186.0 575.0 190.0 small-vehicle 1
953.0 88.0 946.0 89.0 945.0 75.0 951.0 75.0 small-vehicle 1
1029.0 44.0 1025.0 46.0 1021.0 37.0 1025.0 35.0 small-vehicle 1
38.0 2311.0 37.0 2315.0 28.0 2315.0 28.0 2312.0 small-vehicle 1
38.0 2304.0 38.0 2308.0 28.0 2307.0 28.0 2303.0 small-vehicle 1
61.0 2188.0 56.0 2190.0 52.0 2181.0 56.0 2179.0 small-vehicle 1
958.0 227.0 955.0 221.0 968.0 215.0 970.0 221.0 ship 1
892.0 272.0 896.0 278.0 881.0 287.0 878.0 280.0 ship 0
877.0 278.0 875.0 271.0 890.0 266.0 892.0 274.0 ship 0
1004.0 296.0 1007.0 303.0 997.0 309.0 993.0 302.0 ship 1
1002.0 288.0 1005.0 293.0 992.0 301.0 989.0 296.0 ship 0
988.0 292.0 986.0 286.0 999.0 282.0 1001.0 287.0 ship 1
990.0 266.0 993.0 271.0 982.0 279.0 978.0 275.0 ship 1
975.0 265.0 971.0 258.0 985.0 252.0 988.0 259.0 ship 0
971.0 255.0 970.0 246.0 983.0 245.0 984.0 252.0 ship 1
961.0 234.0 958.0 228.0 972.0 222.0 974.0 228.0 ship 0
1070.0 379.0 1064.0 378.0 1066.0 361.0 1071.0 362.0 ship 0
992.0 351.0 983.0 355.0 975.0 334.0 984.0 330.0 ship 0
979.0 511.0 974.0 516.0 965.0 504.0 970.0 500.0 ship 0
845.0 965.0 838.0 964.0 840.0 950.0 845.0 951.0 ship 1
826.0 875.0 836.0 874.0 835.0 893.0 827.0 893.0 ship 0
871.0 2100.0 869.0 2095.0 882.0 2090.0 884.0 2095.0 ship 1
870.0 2097.0 864.0 2094.0 873.0 2081.0 879.0 2085.0 ship 0
664.0 1323.0 671.0 1323.0 669.0 1336.0 663.0 1336.0 ship 1
662.0 1339.0 656.0 1339.0 657.0 1323.0 663.0 1323.0 ship 0
663.0 1319.0 657.0 1319.0 658.0 1304.0 663.0 1304.0 ship 0
677.0 1319.0 671.0 1318.0 672.0 1303.0 676.0 1303.0 ship 0
892.0 308.0 890.0 303.0 902.0 297.0 904.0 303.0 ship 1
897.0 318.0 895.0 313.0 908.0 309.0 909.0 314.0 ship 1
901.0 333.0 898.0 325.0 912.0 320.0 914.0 328.0 ship 1
906.0 345.0 904.0 339.0 917.0 335.0 919.0 340.0 ship 1
956.0 344.0 962.0 340.0 972.0 364.0 966.0 367.0 ship 0
962.0 363.0 955.0 366.0 945.0 347.0 952.0 343.0 ship 0
937.0 226.0 941.0 235.0 922.0 244.0 918.0 235.0 ship 0
858.0 280.0 856.0 291.0 826.0 287.0 827.0 276.0 ship 0
844.0 254.0 848.0 264.0 824.0 275.0 819.0 267.0 ship 0
831.0 296.0 833.0 288.0 853.0 292.0 851.0 301.0 ship 0
861.0 305.0 866.0 314.0 847.0 325.0 841.0 316.0 ship 0
866.0 314.0 870.0 323.0 849.0 332.0 846.0 324.0 ship 0
885.0 358.0 888.0 365.0 871.0 374.0 867.0 366.0 ship 0
880.0 350.0 883.0 358.0 866.0 367.0 862.0 358.0 ship 0
864.0 357.0 860.0 350.0 876.0 343.0 879.0 349.0 ship 0
872.0 335.0 875.0 341.0 859.0 349.0 856.0 344.0 ship 0
867.0 325.0 870.0 331.0 854.0 339.0 851.0 333.0 ship 0
864.0 368.0 866.0 374.0 850.0 382.0 847.0 377.0 ship 0
849.0 373.0 846.0 367.0 861.0 361.0 863.0 367.0 ship 0
856.0 351.0 859.0 358.0 844.0 366.0 840.0 360.0 ship 0
851.0 344.0 854.0 351.0 839.0 359.0 835.0 353.0 ship 0
847.0 334.0 851.0 340.0 839.0 349.0 834.0 344.0 ship 0
827.0 334.0 822.0 327.0 838.0 319.0 841.0 326.0 ship 0
686.0 1319.0 679.0 1319.0 679.0 1304.0 685.0 1303.0 ship 0
694.0 1321.0 687.0 1321.0 687.0 1306.0 693.0 1306.0 ship 0
679.0 1322.0 685.0 1322.0 685.0 1334.0 679.0 1334.0 ship 1
587.0 1030.0 589.0 1023.0 604.0 1029.0 602.0 1035.0 ship 0
608.0 1024.0 610.0 1017.0 627.0 1023.0 626.0 1029.0 ship 0
629.0 1010.0 628.0 1016.0 611.0 1012.0 612.0 1006.0 ship 0
609.0 1004.0 608.0 1010.0 595.0 1007.0 596.0 1002.0 ship 1
611.0 998.0 610.0 1003.0 596.0 1001.0 598.0 995.0 ship 1
614.0 1005.0 615.0 998.0 633.0 1002.0 632.0 1009.0 ship 0
616.0 997.0 618.0 989.0 634.0 992.0 633.0 1000.0 ship 0
638.0 985.0 636.0 991.0 617.0 987.0 619.0 981.0 ship 0
614.0 986.0 613.0 991.0 601.0 989.0 602.0 985.0 ship 1
615.0 981.0 614.0 987.0 603.0 985.0 604.0 980.0 ship 1
622.0 977.0 624.0 972.0 638.0 977.0 636.0 983.0 ship 1
641.0 969.0 639.0 976.0 622.0 972.0 624.0 965.0 ship 0
606.0 973.0 608.0 967.0 620.0 971.0 618.0 977.0 ship 1
622.0 963.0 621.0 969.0 608.0 966.0 609.0 960.0 ship 1
625.0 961.0 627.0 955.0 643.0 959.0 642.0 965.0 ship 0
623.0 952.0 621.0 957.0 612.0 954.0 614.0 949.0 ship 1
624.0 947.0 624.0 952.0 612.0 949.0 614.0 944.0 ship 1
627.0 940.0 626.0 946.0 612.0 944.0 613.0 938.0 ship 1
650.0 942.0 648.0 949.0 629.0 945.0 631.0 937.0 ship 0
532.0 1011.0 535.0 1004.0 549.0 1010.0 548.0 1016.0 ship 0
590.0 1024.0 591.0 1018.0 605.0 1019.0 605.0 1025.0 ship 1
630.0 1030.0 630.0 1037.0 605.0 1034.0 606.0 1026.0 ship 0
688.0 1322.0 693.0 1322.0 693.0 1335.0 688.0 1335.0 ship 1
626.0 1042.0 625.0 1049.0 603.0 1044.0 605.0 1037.0 ship 0
695.0 1325.0 700.0 1325.0 700.0 1336.0 694.0 1336.0 ship 1
707.0 1337.0 701.0 1337.0 702.0 1323.0 707.0 1323.0 ship 1
716.0 1325.0 722.0 1325.0 722.0 1338.0 716.0 1338.0 ship 1
723.0 1325.0 728.0 1325.0 728.0 1337.0 722.0 1337.0 ship 1
741.0 1338.0 736.0 1338.0 736.0 1326.0 740.0 1326.0 ship 1
701.0 1321.0 695.0 1321.0 695.0 1305.0 700.0 1306.0 ship 0
707.0 1322.0 702.0 1322.0 703.0 1306.0 707.0 1306.0 ship 0
716.0 1322.0 710.0 1321.0 709.0 1306.0 715.0 1306.0 ship 0
723.0 1322.0 718.0 1322.0 718.0 1307.0 723.0 1307.0 ship 0
739.0 1323.0 732.0 1323.0 733.0 1308.0 739.0 1308.0 ship 0
745.0 1323.0 740.0 1323.0 741.0 1309.0 745.0 1309.0 ship 1
754.0 1324.0 748.0 1323.0 747.0 1310.0 753.0 1311.0 ship 1
692.0 1253.0 685.0 1253.0 686.0 1238.0 693.0 1238.0 ship 0
588.0 1079.0 592.0 1069.0 615.0 1081.0 611.0 1090.0 ship 0
590.0 1063.0 589.0 1069.0 576.0 1066.0 577.0 1060.0 ship 1
621.0 1073.0 618.0 1081.0 596.0 1072.0 601.0 1063.0 ship 0
596.0 1051.0 595.0 1057.0 581.0 1054.0 582.0 1048.0 ship 1
626.0 1049.0 624.0 1057.0 603.0 1054.0 603.0 1046.0 ship 0
599.0 1039.0 598.0 1045.0 585.0 1042.0 586.0 1036.0 ship 1
964.0 339.0 973.0 335.0 984.0 360.0 975.0 364.0 ship 0
923.0 299.0 918.0 289.0 938.0 282.0 941.0 292.0 ship 0
65.0 2189.0 62.0 2190.0 58.0 2182.0 61.0 2181.0 small-vehicle 1
791.0 313.0 793.0 319.0 777.0 328.0 773.0 321.0 ship 0
769.0 444.0 775.0 440.0 784.0 460.0 778.0 462.0 ship 0
776.0 439.0 784.0 433.0 796.0 452.0 788.0 458.0 ship 0
753.0 459.0 760.0 456.0 766.0 470.0 759.0 473.0 ship 0
742.0 463.0 748.0 459.0 756.0 472.0 750.0 477.0 ship 0
739.0 453.0 736.0 448.0 749.0 440.0 752.0 446.0 ship 0
702.0 322.0 716.0 315.0 779.0 432.0 765.0 441.0 ship 0
731.0 320.0 725.0 308.0 751.0 296.0 756.0 308.0 ship 0
765.0 312.0 768.0 319.0 756.0 324.0 753.0 318.0 ship 1
768.0 319.0 771.0 325.0 760.0 330.0 757.0 324.0 ship 1
766.0 329.0 770.0 333.0 763.0 343.0 758.0 340.0 ship 1
958.0 271.0 963.0 281.0 944.0 291.0 939.0 281.0 ship 0
772.0 334.0 776.0 338.0 768.0 351.0 762.0 348.0 ship 0
800.0 332.0 802.0 339.0 786.0 347.0 782.0 341.0 ship 0
780.0 349.0 786.0 352.0 777.0 367.0 772.0 364.0 ship 0
781.0 363.0 787.0 366.0 777.0 381.0 771.0 378.0 ship 0
797.0 385.0 803.0 388.0 794.0 403.0 788.0 401.0 ship 0
798.0 420.0 793.0 417.0 803.0 399.0 809.0 403.0 ship 0
799.0 420.0 806.0 417.0 816.0 440.0 809.0 443.0 ship 0
807.0 415.0 815.0 411.0 824.0 430.0 816.0 435.0 ship 0
816.0 411.0 824.0 406.0 834.0 426.0 825.0 431.0 ship 0
751.0 437.0 760.0 433.0 770.0 454.0 762.0 459.0 ship 0
911.0 105.0 904.0 105.0 902.0 87.0 909.0 86.0 ship 0
935.0 99.0 927.0 101.0 924.0 84.0 932.0 83.0 ship 0
803.0 18.0 800.0 9.0 823.0 3.0 825.0 12.0 ship 0
646.0 430.0 642.0 422.0 660.0 415.0 663.0 423.0 ship 0
642.0 421.0 639.0 413.0 658.0 407.0 661.0 414.0 ship 0
639.0 411.0 636.0 403.0 655.0 396.0 658.0 404.0 ship 0
626.0 394.0 623.0 385.0 650.0 378.0 653.0 386.0 ship 0
666.0 357.0 668.0 365.0 650.0 372.0 647.0 365.0 ship 0
694.0 381.0 689.0 373.0 705.0 364.0 710.0 372.0 ship 0
698.0 387.0 695.0 380.0 709.0 372.0 713.0 378.0 ship 0
711.0 407.0 707.0 401.0 721.0 392.0 725.0 398.0 ship 0
712.0 415.0 709.0 409.0 726.0 399.0 730.0 406.0 ship 0
718.0 421.0 716.0 414.0 730.0 407.0 733.0 414.0 ship 0
724.0 426.0 721.0 420.0 733.0 414.0 736.0 420.0 ship 1
725.0 436.0 720.0 428.0 737.0 419.0 741.0 426.0 ship 0
743.0 427.0 745.0 432.0 731.0 440.0 728.0 436.0 ship 0
636.0 182.0 641.0 189.0 619.0 203.0 614.0 196.0 ship 0
630.0 170.0 633.0 177.0 612.0 187.0 608.0 180.0 ship 0
626.0 163.0 628.0 171.0 607.0 179.0 604.0 172.0 ship 0
619.0 151.0 621.0 161.0 596.0 165.0 594.0 156.0 ship 0
767.0 23.0 769.0 14.0 788.0 18.0 787.0 27.0 ship 0
807.0 28.0 804.0 19.0 825.0 12.0 828.0 22.0 ship 0
825.0 406.0 833.0 402.0 843.0 421.0 835.0 426.0 ship 0
830.0 390.0 834.0 401.0 815.0 409.0 810.0 401.0 ship 0
824.0 384.0 827.0 390.0 809.0 400.0 807.0 393.0 ship 0
974.0 170.0 978.0 178.0 959.0 187.0 955.0 179.0 ship 0
991.0 217.0 994.0 222.0 980.0 232.0 977.0 228.0 ship 0
997.0 234.0 1000.0 239.0 987.0 248.0 983.0 242.0 ship 0
1099.0 194.0 1096.0 189.0 1110.0 180.0 1113.0 185.0 ship 0
1115.0 188.0 1118.0 193.0 1105.0 203.0 1102.0 197.0 ship 0
1115.0 222.0 1111.0 215.0 1126.0 205.0 1130.0 213.0 ship 0
1075.0 212.0 1079.0 220.0 1059.0 231.0 1055.0 223.0 ship 0
1037.0 242.0 1034.0 234.0 1052.0 227.0 1056.0 234.0 ship 0
1065.0 249.0 1066.0 255.0 1054.0 260.0 1051.0 256.0 ship 1
1091.0 242.0 1096.0 249.0 1076.0 260.0 1072.0 253.0 ship 0
1109.0 286.0 1100.0 291.0 1088.0 268.0 1097.0 263.0 ship 0
1095.0 261.0 1104.0 256.0 1114.0 277.0 1106.0 282.0 ship 0
1121.0 249.0 1129.0 245.0 1138.0 265.0 1130.0 269.0 ship 0
1147.0 257.0 1139.0 262.0 1128.0 242.0 1135.0 237.0 ship 0
1069.0 278.0 1078.0 273.0 1088.0 295.0 1078.0 300.0 ship 0
1048.0 285.0 1060.0 280.0 1070.0 307.0 1059.0 311.0 ship 0
1010.0 247.0 1013.0 254.0 993.0 263.0 990.0 256.0 ship 0
1013.0 304.0 1024.0 300.0 1035.0 323.0 1024.0 327.0 ship 0
1004.0 310.0 1011.0 305.0 1021.0 327.0 1013.0 331.0 ship 0
994.0 313.0 1005.0 308.0 1014.0 332.0 1004.0 336.0 ship 0
966.0 198.0 964.0 191.0 979.0 187.0 981.0 194.0 ship 0
934.0 156.0 941.0 153.0 947.0 167.0 941.0 170.0 ship 0
820.0 374.0 822.0 381.0 805.0 389.0 802.0 383.0 ship 0
893.0 128.0 904.0 124.0 910.0 144.0 899.0 148.0 ship 0
813.0 368.0 817.0 374.0 802.0 384.0 798.0 378.0 ship 0
811.0 354.0 814.0 360.0 796.0 371.0 792.0 366.0 ship 0
806.0 346.0 809.0 355.0 792.0 363.0 788.0 356.0 ship 0
853.0 386.0 860.0 383.0 871.0 404.0 864.0 408.0 ship 0
864.0 383.0 871.0 379.0 880.0 398.0 874.0 401.0 ship 0
873.0 377.0 881.0 372.0 891.0 394.0 883.0 398.0 ship 0
905.0 357.0 915.0 352.0 925.0 375.0 915.0 380.0 ship 0
934.0 370.0 925.0 376.0 914.0 351.0 924.0 346.0 ship 0
1040.0 117.0 1034.0 104.0 1057.0 94.0 1062.0 106.0 ship 0
994.0 150.0 991.0 143.0 1004.0 137.0 1007.0 145.0 ship 1
1031.0 139.0 1037.0 146.0 1018.0 158.0 1013.0 150.0 ship 0
1002.0 174.0 999.0 168.0 1015.0 159.0 1019.0 166.0 ship 0
1006.0 183.0 1003.0 176.0 1019.0 168.0 1023.0 174.0 ship 0
1038.0 157.0 1041.0 163.0 1026.0 172.0 1022.0 166.0 ship 0
1051.0 167.0 1055.0 175.0 1035.0 188.0 1030.0 181.0 ship 0
1082.0 160.0 1078.0 154.0 1092.0 146.0 1094.0 152.0 ship 0
1085.0 173.0 1080.0 165.0 1097.0 154.0 1101.0 162.0 ship 0
1059.0 182.0 1064.0 189.0 1043.0 201.0 1038.0 194.0 ship 0
1025.0 212.0 1020.0 203.0 1034.0 195.0 1040.0 203.0 ship 0
556.0 1000.0 558.0 994.0 572.0 998.0 570.0 1004.0 ship 1
555.0 977.0 555.0 981.0 542.0 982.0 542.0 977.0 ship 1
558.0 972.0 557.0 977.0 544.0 973.0 545.0 968.0 ship 1
505.0 1020.0 506.0 1014.0 516.0 1016.0 515.0 1021.0 ship 1
518.0 955.0 520.0 950.0 530.0 951.0 529.0 956.0 ship 1
515.0 967.0 517.0 963.0 529.0 964.0 528.0 970.0 ship 1
513.0 975.0 515.0 969.0 527.0 972.0 525.0 977.0 ship 1
512.0 979.0 514.0 975.0 525.0 978.0 524.0 982.0 ship 1
511.0 985.0 513.0 981.0 522.0 984.0 521.0 988.0 ship 1
508.0 992.0 511.0 987.0 521.0 991.0 520.0 996.0 ship 1
507.0 999.0 509.0 994.0 520.0 997.0 518.0 1002.0 ship 1
507.0 1007.0 508.0 1001.0 519.0 1003.0 518.0 1008.0 ship 1
505.0 1012.0 506.0 1007.0 517.0 1009.0 516.0 1014.0 ship 1
502.0 1024.0 504.0 1020.0 514.0 1023.0 513.0 1027.0 ship 1
559.0 963.0 557.0 969.0 543.0 966.0 545.0 960.0 ship 1
501.0 1032.0 503.0 1027.0 512.0 1030.0 511.0 1034.0 ship 1
498.0 1037.0 500.0 1033.0 511.0 1036.0 510.0 1040.0 ship 1
499.0 1043.0 501.0 1040.0 509.0 1042.0 507.0 1045.0 ship 1
496.0 1049.0 497.0 1044.0 507.0 1046.0 506.0 1050.0 ship 1
630.0 928.0 629.0 933.0 617.0 930.0 619.0 925.0 ship 1
578.0 1089.0 576.0 1095.0 564.0 1090.0 568.0 1085.0 ship 1
300.0 1077.0 312.0 1076.0 313.0 1099.0 301.0 1100.0 swimming-pool 0
288.0 1221.0 287.0 1227.0 276.0 1226.0 276.0 1221.0 ship 1
423.0 1255.0 424.0 1260.0 408.0 1261.0 407.0 1256.0 ship 1
521.0 943.0 523.0 937.0 533.0 939.0 532.0 943.0 ship 1
526.0 927.0 527.0 923.0 536.0 924.0 535.0 928.0 ship 1
550.0 886.0 551.0 881.0 563.0 884.0 562.0 889.0 ship 1
528.0 912.0 530.0 907.0 542.0 911.0 540.0 915.0 ship 1
420.0 1675.0 423.0 1671.0 430.0 1676.0 428.0 1679.0 ship 1
50.0 1665.0 45.0 1666.0 45.0 1654.0 50.0 1654.0 ship 1
37.0 1666.0 32.0 1666.0 31.0 1655.0 37.0 1655.0 ship 1
9.0 1685.0 13.0 1685.0 15.0 1702.0 9.0 1702.0 ship 0
22.0 1687.0 28.0 1687.0 28.0 1702.0 22.0 1702.0 ship 0
34.0 1703.0 29.0 1703.0 29.0 1692.0 34.0 1692.0 ship 1
41.0 1703.0 36.0 1703.0 36.0 1692.0 41.0 1691.0 ship 1
47.0 1703.0 42.0 1703.0 41.0 1687.0 47.0 1687.0 ship 0
60.0 1703.0 55.0 1703.0 55.0 1690.0 61.0 1690.0 ship 1
489.0 359.0 494.0 370.0 471.0 379.0 466.0 368.0 swimming-pool 0
384.0 401.0 391.0 414.0 336.0 442.0 328.0 428.0 harbor 0
557.0 549.0 563.0 557.0 502.0 595.0 497.0 587.0 harbor 0
550.0 563.0 547.0 558.0 556.0 551.0 560.0 556.0 ship 1
555.0 567.0 552.0 564.0 562.0 558.0 564.0 561.0 ship 1
580.0 593.0 576.0 595.0 570.0 583.0 575.0 581.0 ship 1
461.0 696.0 461.0 700.0 449.0 701.0 450.0 697.0 small-vehicle 1
440.0 745.0 442.0 740.0 451.0 743.0 449.0 748.0 small-vehicle 1
440.0 738.0 438.0 742.0 430.0 739.0 431.0 735.0 small-vehicle 1
58.0 848.0 59.0 884.0 22.0 885.0 22.0 849.0 harbor 0
266.0 1273.0 267.0 1266.0 277.0 1266.0 277.0 1272.0 ship 1
266.0 1263.0 266.0 1259.0 279.0 1260.0 279.0 1264.0 ship 1
616.0 1301.0 623.0 1301.0 622.0 1315.0 615.0 1315.0 ship 1
130.0 2059.0 132.0 2064.0 121.0 2069.0 118.0 2064.0 ship 1
82.0 2070.0 82.0 2066.0 96.0 2065.0 96.0 2070.0 ship 1
91.0 2087.0 92.0 2084.0 104.0 2083.0 104.0 2086.0 ship 1
124.0 2075.0 124.0 2079.0 111.0 2079.0 112.0 2076.0 ship 1
76.0 2068.0 77.0 2073.0 67.0 2073.0 67.0 2068.0 ship 1
121.0 2131.0 115.0 2130.0 116.0 2119.0 122.0 2120.0 ship 1
121.0 2108.0 128.0 2108.0 130.0 2131.0 122.0 2132.0 ship 1
99.0 2128.0 93.0 2128.0 94.0 2116.0 98.0 2116.0 ship 1
1.0 1982.0 1.0 1978.0 11.0 1976.0 11.0 1980.0 small-vehicle 1
11.0 1994.0 11.0 1998.0 2.0 2000.0 2.0 1996.0 small-vehicle 1
11.0 2006.0 10.0 2010.0 1.0 2008.0 2.0 2003.0 small-vehicle 1
26.0 2078.0 22.0 2081.0 15.0 2071.0 19.0 2068.0 small-vehicle 1
67.0 2120.0 67.0 2124.0 58.0 2126.0 58.0 2122.0 small-vehicle 1
44.0 2134.0 39.0 2135.0 37.0 2125.0 41.0 2123.0 small-vehicle 1
50.0 2229.0 47.0 2231.0 40.0 2225.0 43.0 2221.0 small-vehicle 1
35.0 2230.0 31.0 2233.0 25.0 2224.0 28.0 2221.0 small-vehicle 1
27.0 2232.0 22.0 2234.0 15.0 2222.0 19.0 2220.0 small-vehicle 1
95.0 2174.0 101.0 2173.0 101.0 2185.0 95.0 2185.0 ship 1
102.0 2173.0 107.0 2173.0 108.0 2183.0 103.0 2184.0 ship 1
114.0 2173.0 120.0 2172.0 121.0 2183.0 116.0 2184.0 ship 1
100.0 2068.0 100.0 2065.0 112.0 2063.0 112.0 2068.0 ship 1
141.0 2059.0 142.0 2066.0 132.0 2066.0 131.0 2061.0 ship 1
38.0 1589.0 41.0 1588.0 42.0 1600.0 38.0 1600.0 ship 1
147.0 2083.0 146.0 2078.0 158.0 2077.0 158.0 2082.0 ship 1
116.0 1668.0 109.0 1668.0 109.0 1653.0 115.0 1653.0 ship 1
112.0 1702.0 108.0 1702.0 108.0 1692.0 113.0 1692.0 ship 1
107.0 1703.0 103.0 1704.0 100.0 1691.0 105.0 1690.0 ship 1
99.0 1704.0 95.0 1704.0 95.0 1691.0 99.0 1691.0 ship 1
89.0 1689.0 94.0 1689.0 93.0 1703.0 88.0 1702.0 ship 1
561.0 1884.0 562.0 1877.0 578.0 1877.0 578.0 1883.0 ship 1
30.0 1809.0 32.0 1813.0 22.0 1817.0 21.0 1813.0 ship 1
35.0 1812.0 37.0 1818.0 25.0 1824.0 22.0 1819.0 ship 1
358.0 1909.0 363.0 1908.0 366.0 1918.0 361.0 1919.0 ship 1
498.0 1858.0 498.0 1854.0 507.0 1852.0 508.0 1856.0 small-vehicle 1
509.0 1944.0 509.0 1939.0 519.0 1938.0 519.0 1942.0 small-vehicle 1
508.0 1962.0 509.0 1970.0 492.0 1971.0 491.0 1963.0 swimming-pool 0
91.0 1969.0 95.0 1969.0 96.0 1977.0 92.0 1978.0 ship 1
65.0 2007.0 71.0 2007.0 72.0 2018.0 67.0 2019.0 ship 1
64.0 2019.0 59.0 2020.0 58.0 2008.0 63.0 2008.0 ship 1
40.0 2026.0 46.0 2025.0 46.0 2039.0 41.0 2039.0 ship 1
86.0 2064.0 81.0 2065.0 79.0 2051.0 84.0 2051.0 ship 1
78.0 2065.0 73.0 2065.0 72.0 2054.0 77.0 2054.0 ship 1
169.0 2053.0 164.0 2053.0 165.0 2044.0 169.0 2044.0 ship 1
23.0 1563.0 17.0 1561.0 21.0 1543.0 27.0 1546.0 ship 0
188.0 1342.0 183.0 1341.0 183.0 1330.0 187.0 1330.0 ship 1
180.0 1343.0 175.0 1343.0 174.0 1330.0 179.0 1330.0 ship 1
609.0 142.0 611.0 147.0 594.0 151.0 592.0 146.0 ship 1
578.0 235.0 581.0 239.0 573.0 245.0 569.0 242.0 small-vehicle 1
35.0 307.0 48.0 302.0 54.0 315.0 41.0 321.0 swimming-pool 1
412.0 360.0 413.0 364.0 403.0 367.0 402.0 362.0 ship 1
414.0 366.0 415.0 370.0 406.0 373.0 405.0 369.0 ship 1
424.0 373.0 427.0 379.0 413.0 385.0 410.0 379.0 ship 1
430.0 386.0 432.0 391.0 420.0 397.0 417.0 392.0 ship 1
432.0 393.0 434.0 398.0 425.0 401.0 423.0 397.0 ship 1
425.0 409.0 423.0 403.0 434.0 398.0 435.0 403.0 ship 1
425.0 416.0 423.0 411.0 436.0 404.0 438.0 409.0 ship 1
452.0 423.0 457.0 422.0 459.0 430.0 455.0 432.0 ship 1
457.0 418.0 462.0 417.0 466.0 428.0 462.0 430.0 ship 1
472.0 428.0 467.0 430.0 462.0 417.0 467.0 414.0 ship 1
477.0 425.0 473.0 426.0 468.0 416.0 473.0 414.0 ship 1
481.0 412.0 484.0 410.0 488.0 418.0 484.0 420.0 ship 1
486.0 408.0 491.0 406.0 495.0 417.0 489.0 420.0 ship 1
493.0 407.0 498.0 405.0 502.0 416.0 497.0 418.0 ship 1
518.0 344.0 516.0 339.0 528.0 336.0 528.0 341.0 small-vehicle 1
520.0 351.0 519.0 347.0 527.0 343.0 528.0 346.0 small-vehicle 1
522.0 355.0 521.0 351.0 530.0 348.0 531.0 351.0 small-vehicle 1
616.0 161.0 618.0 167.0 602.0 171.0 600.0 167.0 ship 1
407.0 199.0 404.0 205.0 392.0 199.0 394.0 193.0 ship 1
569.0 363.0 565.0 364.0 561.0 356.0 565.0 355.0 small-vehicle 1
392.0 207.0 388.0 213.0 375.0 205.0 379.0 199.0 ship 1
563.0 948.0 562.0 954.0 550.0 951.0 552.0 946.0 ship 1
568.0 923.0 567.0 929.0 556.0 928.0 556.0 922.0 ship 1
793.0 858.0 794.0 864.0 780.0 866.0 779.0 860.0 ship 1
809.0 851.0 811.0 857.0 797.0 862.0 795.0 856.0 ship 1
828.0 851.0 829.0 857.0 815.0 857.0 815.0 851.0 ship 1
768.0 799.0 762.0 804.0 753.0 791.0 759.0 788.0 ship 0
771.0 790.0 765.0 795.0 756.0 782.0 762.0 778.0 ship 0
783.0 762.0 786.0 766.0 775.0 776.0 771.0 772.0 ship 1
757.0 785.0 753.0 789.0 745.0 780.0 749.0 775.0 ship 1
797.0 812.0 799.0 816.0 787.0 825.0 784.0 820.0 ship 0
792.0 806.0 795.0 812.0 785.0 818.0 781.0 813.0 ship 1
787.0 800.0 791.0 805.0 781.0 813.0 777.0 808.0 ship 1
780.0 794.0 782.0 798.0 772.0 807.0 769.0 803.0 ship 1
823.0 806.0 817.0 810.0 810.0 800.0 815.0 796.0 ship 1
773.0 1001.0 769.0 997.0 776.0 986.0 780.0 990.0 ship 1
15.0 31.0 13.0 27.0 20.0 24.0 21.0 27.0 small-vehicle 1
88.0 43.0 92.0 41.0 97.0 52.0 93.0 53.0 small-vehicle 1
16.0 49.0 20.0 46.0 26.0 54.0 22.0 57.0 small-vehicle 1
609.0 136.0 609.0 142.0 591.0 143.0 591.0 136.0 ship 1
476.0 352.0 472.0 354.0 468.0 345.0 472.0 343.0 small-vehicle 1
576.0 364.0 573.0 365.0 568.0 355.0 572.0 353.0 small-vehicle 1
425.0 1147.0 426.0 1143.0 437.0 1143.0 436.0 1148.0 ship 1
69.0 898.0 69.0 902.0 57.0 903.0 57.0 899.0 ship 1
419.0 933.0 419.0 937.0 410.0 937.0 410.0 933.0 small-vehicle 1
416.0 1042.0 412.0 1043.0 409.0 1033.0 414.0 1032.0 small-vehicle 1
458.0 1050.0 460.0 1047.0 469.0 1050.0 468.0 1053.0 small-vehicle 1
453.0 1004.0 457.0 1004.0 456.0 1013.0 452.0 1014.0 small-vehicle 1
451.0 1012.0 447.0 1012.0 448.0 1003.0 451.0 1003.0 small-vehicle 1
446.0 1010.0 442.0 1009.0 443.0 999.0 447.0 999.0 small-vehicle 1
439.0 1006.0 436.0 1005.0 436.0 996.0 440.0 996.0 small-vehicle 1
425.0 1000.0 420.0 1001.0 418.0 989.0 423.0 988.0 small-vehicle 1
486.0 1007.0 485.0 1011.0 475.0 1008.0 477.0 1004.0 small-vehicle 1
341.0 1095.0 337.0 1095.0 337.0 1084.0 341.0 1085.0 small-vehicle 1
348.0 1092.0 344.0 1093.0 343.0 1083.0 347.0 1083.0 small-vehicle 1
372.0 1095.0 368.0 1095.0 367.0 1084.0 371.0 1084.0 small-vehicle 1
402.0 1078.0 407.0 1078.0 407.0 1091.0 402.0 1091.0 small-vehicle 1
408.0 1081.0 413.0 1080.0 414.0 1091.0 409.0 1091.0 small-vehicle 1
413.0 1079.0 417.0 1078.0 419.0 1088.0 415.0 1089.0 small-vehicle 1
312.0 1144.0 312.0 1149.0 293.0 1151.0 293.0 1146.0 ship 0
140.0 1182.0 135.0 1184.0 128.0 1172.0 133.0 1169.0 ship 1
264.0 1161.0 264.0 1156.0 277.0 1155.0 276.0 1160.0 ship 1
338.0 1149.0 338.0 1144.0 349.0 1144.0 350.0 1148.0 ship 1
54.0 921.0 48.0 922.0 46.0 904.0 52.0 903.0 ship 0
493.0 695.0 491.0 687.0 506.0 683.0 509.0 691.0 ship 1
581.0 362.0 577.0 363.0 573.0 354.0 578.0 352.0 small-vehicle 1
364.0 731.0 358.0 732.0 356.0 715.0 362.0 715.0 ship 1
587.0 360.0 582.0 363.0 579.0 351.0 583.0 350.0 small-vehicle 1
592.0 354.0 588.0 356.0 584.0 347.0 588.0 345.0 small-vehicle 1
136.0 327.0 139.0 329.0 136.0 339.0 132.0 337.0 small-vehicle 1
108.0 386.0 113.0 381.0 120.0 391.0 115.0 395.0 small-vehicle 1
182.0 409.0 184.0 414.0 174.0 419.0 172.0 416.0 small-vehicle 1
161.0 373.0 163.0 377.0 155.0 384.0 153.0 381.0 small-vehicle 1
226.0 454.0 221.0 456.0 218.0 448.0 221.0 446.0 small-vehicle 1
56.0 437.0 60.0 434.0 67.0 442.0 64.0 445.0 small-vehicle 1
328.0 494.0 331.0 495.0 325.0 505.0 322.0 503.0 small-vehicle 1
353.0 550.0 357.0 549.0 361.0 558.0 357.0 560.0 small-vehicle 1
40.0 498.0 49.0 491.0 56.0 501.0 47.0 507.0 swimming-pool 1
97.0 477.0 108.0 470.0 117.0 482.0 105.0 490.0 swimming-pool 0
130.0 478.0 124.0 470.0 139.0 458.0 145.0 467.0 swimming-pool 0
349.0 499.0 360.0 497.0 362.0 507.0 352.0 510.0 swimming-pool 1
101.0 630.0 106.0 627.0 113.0 637.0 109.0 639.0 small-vehicle 1
320.0 591.0 318.0 586.0 327.0 582.0 329.0 588.0 small-vehicle 1
253.0 644.0 255.0 649.0 241.0 659.0 238.0 656.0 ship 1
335.0 503.0 340.0 499.0 349.0 511.0 344.0 515.0 ship 1
372.0 729.0 366.0 730.0 363.0 715.0 369.0 714.0 ship 1
632.0 523.0 575.0 545.0 514.0 394.0 574.0 371.0 harbor 0
