imagesource:GoogleEarth
gsd:0.138395197388
588.0 396.0 593.0 409.0 558.0 419.0 555.0 405.0 small-vehicle 1
326.0 792.0 316.0 774.0 387.0 740.0 395.0 758.0 large-vehicle 0
184.0 711.0 166.0 725.0 124.0 652.0 140.0 641.0 large-vehicle 0
189.0 681.0 171.0 691.0 131.0 620.0 146.0 608.0 large-vehicle 0
198.0 643.0 179.0 656.0 136.0 586.0 153.0 575.0 large-vehicle 0
202.0 606.0 185.0 618.0 139.0 541.0 156.0 531.0 large-vehicle 0
247.0 756.0 240.0 737.0 311.0 708.0 318.0 727.0 large-vehicle 0
254.0 727.0 246.0 708.0 315.0 678.0 322.0 697.0 large-vehicle 0
455.0 752.0 474.0 741.0 516.0 804.0 499.0 817.0 large-vehicle 0
168.0 777.0 150.0 790.0 108.0 720.0 126.0 709.0 large-vehicle 0
462.0 718.0 478.0 707.0 520.0 768.0 502.0 780.0 large-vehicle 0
470.0 687.0 486.0 677.0 527.0 740.0 511.0 749.0 large-vehicle 0
332.0 763.0 322.0 741.0 391.0 709.0 401.0 729.0 large-vehicle 0
337.0 734.0 327.0 714.0 398.0 679.0 406.0 699.0 large-vehicle 0
344.0 705.0 335.0 684.0 404.0 651.0 414.0 670.0 large-vehicle 0
260.0 697.0 252.0 676.0 321.0 650.0 329.0 668.0 large-vehicle 0
176.0 746.0 158.0 758.0 114.0 683.0 132.0 673.0 large-vehicle 0
242.0 784.0 233.0 764.0 304.0 736.0 311.0 756.0 large-vehicle 0
274.0 638.0 266.0 618.0 337.0 587.0 345.0 606.0 large-vehicle 0
231.0 845.0 223.0 823.0 293.0 795.0 301.0 816.0 large-vehicle 0
143.0 916.0 126.0 929.0 79.0 857.0 94.0 845.0 large-vehicle 0
147.0 878.0 131.0 893.0 84.0 818.0 99.0 807.0 large-vehicle 0
155.0 844.0 136.0 856.0 95.0 784.0 112.0 774.0 large-vehicle 0
161.0 811.0 143.0 821.0 97.0 747.0 116.0 736.0 large-vehicle 0
222.0 903.0 212.0 882.0 284.0 851.0 292.0 870.0 large-vehicle 0
225.0 875.0 215.0 856.0 285.0 826.0 293.0 846.0 large-vehicle 0
303.0 908.0 292.0 889.0 361.0 853.0 371.0 873.0 large-vehicle 0
236.0 814.0 228.0 793.0 298.0 766.0 306.0 786.0 large-vehicle 0
309.0 878.0 298.0 861.0 368.0 826.0 377.0 844.0 large-vehicle 0
314.0 852.0 304.0 833.0 371.0 798.0 381.0 816.0 large-vehicle 0
432.0 855.0 451.0 843.0 491.0 906.0 473.0 916.0 large-vehicle 0
439.0 821.0 457.0 808.0 501.0 869.0 484.0 880.0 large-vehicle 0
448.0 785.0 466.0 773.0 504.0 837.0 487.0 846.0 large-vehicle 0
319.0 820.0 310.0 802.0 379.0 768.0 387.0 788.0 large-vehicle 0
266.0 668.0 257.0 647.0 331.0 620.0 338.0 640.0 large-vehicle 0
279.0 610.0 269.0 590.0 339.0 560.0 346.0 578.0 large-vehicle 0
297.0 938.0 285.0 919.0 354.0 883.0 364.0 903.0 large-vehicle 0
520.0 408.0 507.0 389.0 581.0 341.0 591.0 359.0 large-vehicle 0
297.0 520.0 289.0 500.0 360.0 471.0 367.0 491.0 large-vehicle 0
367.0 439.0 374.0 458.0 303.0 485.0 296.0 466.0 large-vehicle 0
280.0 442.0 295.0 451.0 266.0 519.0 249.0 512.0 large-vehicle 0
231.0 480.0 215.0 489.0 172.0 418.0 189.0 409.0 large-vehicle 0
237.0 442.0 218.0 455.0 176.0 382.0 195.0 373.0 large-vehicle 0
255.0 377.0 236.0 387.0 198.0 316.0 215.0 306.0 large-vehicle 0
485.0 401.0 473.0 386.0 529.0 341.0 541.0 358.0 large-vehicle 0
291.0 550.0 282.0 530.0 354.0 501.0 361.0 520.0 large-vehicle 0
454.0 392.0 439.0 376.0 501.0 330.0 511.0 347.0 large-vehicle 0
414.0 386.0 401.0 368.0 465.0 326.0 475.0 342.0 large-vehicle 0
381.0 382.0 370.0 362.0 438.0 313.0 449.0 330.0 large-vehicle 0
341.0 375.0 329.0 357.0 399.0 309.0 410.0 326.0 large-vehicle 0
314.0 367.0 292.0 362.0 308.0 279.0 327.0 283.0 large-vehicle 0
292.0 353.0 273.0 350.0 287.0 268.0 306.0 271.0 large-vehicle 0
380.0 526.0 371.0 506.0 441.0 474.0 449.0 494.0 large-vehicle 0
226.0 506.0 208.0 520.0 157.0 449.0 176.0 436.0 large-vehicle 0
409.0 623.0 419.0 641.0 351.0 676.0 341.0 657.0 large-vehicle 0
501.0 526.0 516.0 512.0 567.0 563.0 554.0 578.0 large-vehicle 0
414.0 595.0 423.0 612.0 356.0 648.0 346.0 631.0 large-vehicle 0
362.0 617.0 352.0 599.0 421.0 562.0 430.0 581.0 large-vehicle 0
475.0 651.0 493.0 640.0 533.0 703.0 516.0 715.0 large-vehicle 0
480.0 619.0 498.0 607.0 541.0 670.0 523.0 681.0 large-vehicle 0
486.0 580.0 503.0 569.0 542.0 633.0 524.0 643.0 large-vehicle 0
494.0 552.0 511.0 541.0 552.0 603.0 534.0 614.0 large-vehicle 0
506.0 497.0 520.0 480.0 580.0 527.0 567.0 540.0 large-vehicle 0
219.0 539.0 201.0 552.0 152.0 478.0 170.0 467.0 large-vehicle 0
508.0 472.0 521.0 455.0 583.0 500.0 572.0 518.0 large-vehicle 0
519.0 445.0 531.0 428.0 589.0 471.0 578.0 487.0 large-vehicle 0
371.0 586.0 360.0 567.0 431.0 533.0 439.0 551.0 large-vehicle 0
373.0 556.0 364.0 538.0 434.0 504.0 441.0 524.0 large-vehicle 0
285.0 577.0 279.0 557.0 349.0 530.0 356.0 548.0 large-vehicle 0
211.0 576.0 194.0 586.0 151.0 516.0 166.0 505.0 large-vehicle 0
211.0 931.0 205.0 911.0 279.0 885.0 284.0 903.0 large-vehicle 0
417.0 921.0 436.0 909.0 477.0 972.0 461.0 984.0 large-vehicle 0
382.0 1615.0 384.0 1601.0 418.0 1607.0 416.0 1621.0 small-vehicle 0
481.0 1136.0 483.0 1119.0 523.0 1126.0 519.0 1142.0 small-vehicle 0
451.0 1264.0 454.0 1248.0 490.0 1256.0 486.0 1270.0 small-vehicle 0
459.0 1241.0 463.0 1224.0 502.0 1232.0 499.0 1249.0 small-vehicle 0
473.0 1220.0 476.0 1204.0 504.0 1211.0 500.0 1226.0 small-vehicle 0
474.0 1199.0 475.0 1184.0 508.0 1188.0 504.0 1204.0 small-vehicle 0
470.0 1175.0 472.0 1159.0 506.0 1166.0 504.0 1181.0 small-vehicle 0
477.0 1156.0 479.0 1142.0 514.0 1148.0 511.0 1161.0 small-vehicle 0
520.0 1110.0 516.0 1123.0 485.0 1112.0 490.0 1099.0 small-vehicle 0
444.0 1309.0 446.0 1293.0 482.0 1301.0 479.0 1316.0 small-vehicle 0
489.0 1097.0 492.0 1081.0 530.0 1089.0 527.0 1104.0 small-vehicle 0
494.0 1076.0 496.0 1062.0 534.0 1068.0 530.0 1083.0 small-vehicle 0
502.0 1054.0 505.0 1038.0 540.0 1045.0 537.0 1060.0 small-vehicle 0
559.0 932.0 558.0 945.0 523.0 943.0 525.0 930.0 small-vehicle 0
302.0 1355.0 321.0 1361.0 306.0 1436.0 284.0 1432.0 large-vehicle 0
271.0 1350.0 293.0 1354.0 277.0 1431.0 255.0 1425.0 large-vehicle 0
440.0 1284.0 448.0 1267.0 493.0 1286.0 487.0 1301.0 small-vehicle 0
436.0 1324.0 442.0 1307.0 479.0 1321.0 473.0 1337.0 small-vehicle 0
151.0 1316.0 172.0 1319.0 156.0 1408.0 135.0 1401.0 large-vehicle 0
398.0 1508.0 401.0 1493.0 437.0 1502.0 433.0 1516.0 small-vehicle 0
383.0 1593.0 385.0 1579.0 416.0 1585.0 414.0 1598.0 small-vehicle 0
385.0 1564.0 389.0 1551.0 423.0 1561.0 419.0 1573.0 small-vehicle 0
330.0 1571.0 331.0 1555.0 375.0 1562.0 373.0 1576.0 small-vehicle 0
388.0 1549.0 392.0 1529.0 429.0 1540.0 425.0 1558.0 small-vehicle 0
331.0 1529.0 336.0 1511.0 381.0 1525.0 376.0 1541.0 small-vehicle 0
391.0 1525.0 395.0 1510.0 430.0 1522.0 427.0 1537.0 small-vehicle 0
334.0 1502.0 340.0 1484.0 385.0 1502.0 380.0 1516.0 small-vehicle 0
403.0 1254.0 423.0 1257.0 416.0 1293.0 396.0 1290.0 small-vehicle 0
309.0 1508.0 292.0 1504.0 300.0 1463.0 317.0 1465.0 small-vehicle 0
348.0 1478.0 352.0 1464.0 390.0 1477.0 386.0 1491.0 small-vehicle 0
401.0 1491.0 405.0 1475.0 442.0 1483.0 438.0 1499.0 small-vehicle 0
404.0 1470.0 407.0 1454.0 442.0 1464.0 438.0 1479.0 small-vehicle 0
352.0 1461.0 354.0 1446.0 396.0 1454.0 392.0 1470.0 small-vehicle 0
356.0 1442.0 359.0 1428.0 399.0 1437.0 397.0 1450.0 small-vehicle 0
255.0 1332.0 277.0 1337.0 255.0 1424.0 233.0 1419.0 large-vehicle 0
91.0 1305.0 85.0 1326.0 14.0 1302.0 19.0 1283.0 large-vehicle 0
411.0 954.0 427.0 941.0 467.0 1006.0 452.0 1019.0 large-vehicle 0
205.0 961.0 196.0 942.0 269.0 914.0 275.0 933.0 large-vehicle 0
119.0 999.0 115.0 1020.0 54.0 1006.0 57.0 985.0 large-vehicle 0
123.0 972.0 107.0 984.0 65.0 921.0 82.0 909.0 large-vehicle 0
137.0 949.0 117.0 963.0 69.0 890.0 86.0 879.0 large-vehicle 0
143.0 1026.0 123.0 1022.0 140.0 947.0 158.0 951.0 large-vehicle 0
195.0 1022.0 185.0 1003.0 256.0 973.0 263.0 993.0 large-vehicle 0
200.0 990.0 191.0 970.0 265.0 944.0 271.0 963.0 large-vehicle 0
341.0 941.0 352.0 962.0 283.0 995.0 275.0 974.0 large-vehicle 0
332.0 1002.0 343.0 1020.0 268.0 1053.0 260.0 1034.0 large-vehicle 0
350.0 911.0 360.0 930.0 291.0 966.0 282.0 945.0 large-vehicle 0
411.0 1161.0 431.0 1169.0 406.0 1249.0 387.0 1241.0 large-vehicle 0
401.0 1087.0 419.0 1082.0 443.0 1161.0 421.0 1166.0 large-vehicle 0
412.0 1045.0 432.0 1038.0 453.0 1109.0 434.0 1116.0 large-vehicle 0
390.0 1008.0 410.0 1012.0 397.0 1098.0 374.0 1093.0 large-vehicle 0
406.0 992.0 422.0 981.0 464.0 1041.0 448.0 1056.0 large-vehicle 0
189.0 1056.0 181.0 1036.0 251.0 1009.0 258.0 1028.0 large-vehicle 0
337.0 970.0 346.0 989.0 275.0 1022.0 265.0 1004.0 large-vehicle 0
112.0 1263.0 132.0 1268.0 106.0 1346.0 86.0 1339.0 large-vehicle 0
276.0 1193.0 296.0 1192.0 293.0 1268.0 274.0 1267.0 large-vehicle 0
97.0 1282.0 90.0 1301.0 19.0 1276.0 25.0 1257.0 large-vehicle 0
106.0 1259.0 99.0 1278.0 16.0 1251.0 22.0 1232.0 large-vehicle 0
112.0 1231.0 107.0 1252.0 33.0 1232.0 37.0 1213.0 large-vehicle 0
122.0 1184.0 116.0 1204.0 43.0 1182.0 49.0 1163.0 large-vehicle 0
129.0 1158.0 125.0 1179.0 49.0 1159.0 53.0 1140.0 large-vehicle 0
280.0 1164.0 295.0 1151.0 339.0 1210.0 326.0 1224.0 large-vehicle 0
252.0 1166.0 274.0 1166.0 273.0 1255.0 251.0 1256.0 large-vehicle 0
324.0 1028.0 335.0 1047.0 266.0 1081.0 254.0 1061.0 large-vehicle 0
221.0 1138.0 242.0 1136.0 249.0 1211.0 228.0 1214.0 large-vehicle 0
221.0 1164.0 199.0 1169.0 191.0 1090.0 210.0 1087.0 large-vehicle 0
109.0 1115.0 87.0 1108.0 113.0 1029.0 133.0 1036.0 large-vehicle 0
330.0 1103.0 339.0 1123.0 260.0 1161.0 251.0 1142.0 large-vehicle 0
311.0 1087.0 321.0 1106.0 251.0 1141.0 241.0 1120.0 large-vehicle 0
318.0 1060.0 327.0 1077.0 256.0 1110.0 246.0 1091.0 large-vehicle 0
265.0 341.0 245.0 354.0 205.0 290.0 223.0 277.0 large-vehicle 0
