imagesource:GoogleEarth
gsd:0.124382505778
598.0 420.0 580.0 415.0 591.0 376.0 609.0 381.0 small-vehicle 0
258.0 135.0 256.0 158.0 190.0 151.0 193.0 128.0 small-vehicle 0
390.0 283.0 403.0 261.0 479.0 306.0 469.0 326.0 large-vehicle 0
382.0 304.0 391.0 286.0 462.0 327.0 453.0 344.0 large-vehicle 0
355.0 319.0 367.0 301.0 447.0 348.0 437.0 366.0 large-vehicle 0
343.0 342.0 352.0 322.0 436.0 369.0 426.0 388.0 large-vehicle 0
327.0 361.0 338.0 341.0 421.0 387.0 412.0 406.0 large-vehicle 0
76.0 383.0 79.0 361.0 181.0 371.0 179.0 394.0 large-vehicle 0
318.0 384.0 328.0 366.0 408.0 410.0 399.0 426.0 large-vehicle 0
307.0 406.0 318.0 386.0 396.0 431.0 386.0 451.0 large-vehicle 0
293.0 427.0 303.0 406.0 384.0 452.0 375.0 471.0 large-vehicle 0
282.0 448.0 291.0 426.0 373.0 472.0 364.0 492.0 large-vehicle 0
269.0 468.0 278.0 447.0 359.0 493.0 351.0 512.0 large-vehicle 0
255.0 491.0 266.0 468.0 349.0 515.0 338.0 536.0 large-vehicle 0
242.0 513.0 253.0 490.0 334.0 536.0 322.0 557.0 large-vehicle 0
132.0 482.0 131.0 507.0 51.0 497.0 52.0 474.0 large-vehicle 0
194.0 5.0 211.0 13.0 193.0 53.0 176.0 45.0 small-vehicle 0
201.0 58.0 217.0 65.0 202.0 105.0 186.0 98.0 small-vehicle 0
196.0 181.0 193.0 197.0 150.0 189.0 155.0 172.0 small-vehicle 0
16.0 325.0 0.0 317.0 17.0 279.0 33.0 286.0 small-vehicle 0
484.0 199.0 496.0 178.0 546.0 207.0 534.0 227.0 small-vehicle 0
504.0 159.0 520.0 139.0 565.0 168.0 553.0 189.0 small-vehicle 0
414.0 97.0 388.0 87.0 413.0 28.0 437.0 38.0 small-vehicle 0
384.0 86.0 362.0 80.0 385.0 23.0 407.0 30.0 small-vehicle 0
361.0 80.0 338.0 73.0 362.0 13.0 385.0 19.0 small-vehicle 0
334.0 72.0 315.0 66.0 340.0 9.0 358.0 15.0 small-vehicle 0
312.0 65.0 290.0 59.0 313.0 1.0 334.0 7.0 small-vehicle 0
427.0 218.0 439.0 197.0 516.0 244.0 503.0 266.0 large-vehicle 0
