imagesource:GoogleEarth
gsd:0.262472250825
983.0 83.0 975.0 75.0 989.0 58.0 997.0 63.0 small-vehicle 1
460.0 842.0 450.0 836.0 478.0 797.0 488.0 805.0 large-vehicle 0
483.0 856.0 473.0 849.0 501.0 813.0 510.0 821.0 large-vehicle 0
402.0 874.0 391.0 867.0 420.0 830.0 429.0 837.0 large-vehicle 0
412.0 883.0 402.0 876.0 430.0 839.0 440.0 846.0 large-vehicle 0
424.0 891.0 414.0 884.0 441.0 846.0 451.0 854.0 large-vehicle 0
434.0 898.0 424.0 891.0 452.0 853.0 461.0 860.0 large-vehicle 0
446.0 906.0 435.0 899.0 464.0 861.0 473.0 868.0 large-vehicle 0
386.0 940.0 375.0 933.0 403.0 897.0 412.0 903.0 large-vehicle 0
396.0 949.0 387.0 943.0 414.0 905.0 422.0 912.0 large-vehicle 0
407.0 957.0 397.0 951.0 425.0 913.0 434.0 920.0 large-vehicle 0
729.0 342.0 720.0 336.0 749.0 298.0 758.0 304.0 large-vehicle 0
742.0 349.0 731.0 342.0 759.0 306.0 769.0 312.0 large-vehicle 0
754.0 358.0 743.0 351.0 771.0 313.0 781.0 321.0 large-vehicle 0
763.0 366.0 755.0 360.0 781.0 323.0 790.0 329.0 large-vehicle 0
776.0 374.0 766.0 367.0 792.0 331.0 802.0 338.0 large-vehicle 0
786.0 384.0 776.0 376.0 804.0 339.0 814.0 346.0 large-vehicle 0
240.0 37.0 231.0 32.0 241.0 14.0 250.0 19.0 small-vehicle 0
204.0 39.0 211.0 43.0 204.0 59.0 196.0 56.0 small-vehicle 0
472.0 850.0 461.0 842.0 490.0 806.0 499.0 814.0 large-vehicle 0
450.0 834.0 439.0 827.0 467.0 790.0 477.0 797.0 large-vehicle 0
120.0 652.0 111.0 643.0 134.0 618.0 142.0 628.0 small-vehicle 0
440.0 825.0 429.0 819.0 457.0 781.0 465.0 788.0 large-vehicle 0
492.0 710.0 482.0 703.0 512.0 665.0 521.0 672.0 large-vehicle 0
504.0 717.0 494.0 710.0 524.0 673.0 532.0 679.0 large-vehicle 0
515.0 724.0 505.0 718.0 533.0 680.0 542.0 687.0 large-vehicle 0
526.0 733.0 515.0 725.0 543.0 688.0 553.0 694.0 large-vehicle 0
538.0 742.0 526.0 734.0 555.0 696.0 564.0 703.0 large-vehicle 0
547.0 750.0 538.0 744.0 565.0 705.0 574.0 711.0 large-vehicle 0
560.0 757.0 548.0 750.0 575.0 712.0 585.0 719.0 large-vehicle 0
432.0 743.0 422.0 736.0 450.0 698.0 460.0 705.0 large-vehicle 0
444.0 750.0 434.0 742.0 462.0 704.0 472.0 712.0 large-vehicle 0
454.0 758.0 444.0 751.0 471.0 713.0 482.0 721.0 large-vehicle 0
466.0 767.0 455.0 760.0 483.0 722.0 492.0 729.0 large-vehicle 0
477.0 775.0 467.0 768.0 494.0 730.0 504.0 737.0 large-vehicle 0
487.0 782.0 478.0 776.0 505.0 739.0 514.0 745.0 large-vehicle 0
498.0 792.0 488.0 786.0 516.0 747.0 525.0 754.0 large-vehicle 0
511.0 800.0 499.0 794.0 525.0 754.0 535.0 762.0 large-vehicle 0
417.0 809.0 407.0 801.0 434.0 765.0 443.0 771.0 large-vehicle 0
429.0 817.0 419.0 810.0 445.0 772.0 454.0 778.0 large-vehicle 0
194.0 56.0 201.0 59.0 195.0 76.0 188.0 74.0 small-vehicle 0
217.0 78.0 209.0 74.0 219.0 56.0 227.0 61.0 small-vehicle 0
262.0 80.0 267.0 69.0 286.0 80.0 281.0 90.0 small-vehicle 0
201.0 92.0 208.0 96.0 199.0 112.0 192.0 109.0 small-vehicle 0
218.0 375.0 223.0 366.0 237.0 377.0 232.0 384.0 small-vehicle 0
228.0 362.0 228.0 352.0 247.0 355.0 246.0 364.0 small-vehicle 0
245.0 367.0 251.0 359.0 264.0 370.0 258.0 377.0 small-vehicle 0
292.0 363.0 286.0 370.0 273.0 358.0 279.0 350.0 small-vehicle 0
286.0 342.0 292.0 334.0 303.0 345.0 297.0 352.0 small-vehicle 0
319.0 358.0 313.0 364.0 301.0 353.0 307.0 347.0 small-vehicle 0
293.0 365.0 299.0 356.0 313.0 368.0 309.0 376.0 small-vehicle 0
288.0 373.0 293.0 364.0 308.0 375.0 303.0 382.0 small-vehicle 0
296.0 389.0 289.0 396.0 275.0 383.0 281.0 376.0 small-vehicle 0
191.0 392.0 199.0 399.0 188.0 414.0 179.0 408.0 small-vehicle 0
279.0 474.0 270.0 468.0 284.0 452.0 292.0 459.0 small-vehicle 0
297.0 452.0 288.0 446.0 301.0 430.0 309.0 436.0 small-vehicle 0
242.0 521.0 234.0 514.0 249.0 498.0 256.0 505.0 small-vehicle 0
257.0 529.0 250.0 523.0 263.0 507.0 270.0 513.0 small-vehicle 0
240.0 542.0 247.0 549.0 232.0 563.0 224.0 556.0 small-vehicle 0
214.0 555.0 207.0 549.0 221.0 534.0 227.0 540.0 small-vehicle 0
181.0 599.0 172.0 592.0 187.0 575.0 194.0 582.0 small-vehicle 0
203.0 360.0 209.0 353.0 221.0 364.0 215.0 371.0 small-vehicle 0
202.0 351.0 197.0 357.0 183.0 347.0 188.0 340.0 small-vehicle 0
181.0 362.0 174.0 369.0 163.0 358.0 168.0 351.0 small-vehicle 0
100.0 251.0 92.0 246.0 100.0 230.0 108.0 234.0 small-vehicle 0
158.0 122.0 166.0 126.0 158.0 144.0 150.0 141.0 small-vehicle 0
172.0 163.0 164.0 158.0 174.0 141.0 182.0 146.0 small-vehicle 0
135.0 186.0 127.0 182.0 138.0 163.0 146.0 168.0 small-vehicle 0
122.0 206.0 115.0 202.0 126.0 186.0 133.0 191.0 small-vehicle 0
132.0 222.0 139.0 226.0 133.0 238.0 126.0 235.0 small-vehicle 1
108.0 232.0 101.0 228.0 111.0 210.0 119.0 215.0 small-vehicle 0
123.0 257.0 114.0 254.0 124.0 236.0 131.0 240.0 small-vehicle 0
90.0 249.0 99.0 253.0 89.0 272.0 80.0 267.0 small-vehicle 0
53.0 381.0 45.0 377.0 56.0 358.0 63.0 362.0 small-vehicle 0
75.0 292.0 66.0 289.0 76.0 270.0 84.0 274.0 small-vehicle 0
126.0 304.0 132.0 297.0 145.0 309.0 139.0 315.0 small-vehicle 0
130.0 325.0 123.0 331.0 112.0 320.0 118.0 313.0 small-vehicle 0
149.0 321.0 154.0 314.0 167.0 325.0 162.0 332.0 small-vehicle 0
165.0 335.0 172.0 327.0 184.0 337.0 178.0 345.0 small-vehicle 0
160.0 348.0 154.0 355.0 142.0 344.0 147.0 336.0 small-vehicle 0
47.0 363.0 38.0 358.0 48.0 340.0 56.0 344.0 small-vehicle 0
482.0 700.0 471.0 693.0 501.0 655.0 509.0 663.0 large-vehicle 0
469.0 693.0 460.0 686.0 489.0 648.0 498.0 655.0 large-vehicle 0
417.0 652.0 405.0 645.0 436.0 605.0 446.0 613.0 large-vehicle 0
340.0 1222.0 346.0 1232.0 307.0 1257.0 300.0 1246.0 large-vehicle 0
251.0 902.0 242.0 913.0 209.0 881.0 217.0 871.0 large-vehicle 0
216.0 908.0 209.0 921.0 172.0 891.0 180.0 881.0 large-vehicle 0
283.0 975.0 273.0 984.0 243.0 949.0 252.0 941.0 large-vehicle 0
324.0 1008.0 316.0 1019.0 281.0 986.0 290.0 976.0 large-vehicle 0
392.0 950.0 385.0 961.0 345.0 933.0 352.0 923.0 large-vehicle 0
368.0 873.0 379.0 879.0 352.0 917.0 341.0 910.0 large-vehicle 0
381.0 879.0 390.0 886.0 363.0 923.0 353.0 917.0 large-vehicle 0
394.0 889.0 401.0 895.0 374.0 933.0 365.0 925.0 large-vehicle 0
169.0 1198.0 169.0 1210.0 123.0 1206.0 122.0 1195.0 large-vehicle 0
218.0 1200.0 217.0 1212.0 170.0 1208.0 171.0 1196.0 large-vehicle 0
221.0 1185.0 221.0 1197.0 174.0 1194.0 173.0 1182.0 large-vehicle 0
267.0 1177.0 270.0 1189.0 224.0 1197.0 221.0 1185.0 large-vehicle 0
269.0 1192.0 271.0 1204.0 227.0 1214.0 223.0 1203.0 large-vehicle 0
315.0 1164.0 318.0 1178.0 273.0 1188.0 270.0 1177.0 large-vehicle 0
319.0 1178.0 323.0 1190.0 279.0 1203.0 274.0 1191.0 large-vehicle 0
324.0 1193.0 326.0 1203.0 282.0 1215.0 279.0 1204.0 large-vehicle 0
336.0 1199.0 341.0 1209.0 300.0 1230.0 294.0 1220.0 large-vehicle 0
224.0 897.0 216.0 908.0 180.0 877.0 190.0 867.0 large-vehicle 0
289.0 806.0 298.0 814.0 268.0 851.0 258.0 843.0 large-vehicle 0
256.0 777.0 265.0 785.0 237.0 821.0 227.0 814.0 large-vehicle 0
214.0 667.0 205.0 659.0 233.0 623.0 241.0 630.0 large-vehicle 0
368.0 561.0 358.0 553.0 387.0 515.0 396.0 523.0 large-vehicle 0
264.0 574.0 255.0 566.0 284.0 530.0 292.0 537.0 large-vehicle 0
276.0 581.0 265.0 574.0 294.0 537.0 303.0 545.0 large-vehicle 0
333.0 608.0 324.0 601.0 354.0 563.0 363.0 571.0 large-vehicle 0
245.0 626.0 235.0 618.0 262.0 580.0 271.0 586.0 large-vehicle 0
234.0 616.0 224.0 609.0 251.0 572.0 260.0 579.0 large-vehicle 0
203.0 659.0 194.0 653.0 222.0 615.0 231.0 623.0 large-vehicle 0
322.0 734.0 312.0 727.0 340.0 689.0 349.0 696.0 large-vehicle 0
243.0 770.0 253.0 778.0 225.0 814.0 215.0 807.0 large-vehicle 0
263.0 766.0 252.0 759.0 282.0 722.0 290.0 728.0 large-vehicle 0
339.0 824.0 330.0 817.0 358.0 778.0 366.0 787.0 large-vehicle 0
210.0 696.0 205.0 706.0 163.0 682.0 168.0 672.0 large-vehicle 0
204.0 707.0 199.0 717.0 157.0 694.0 163.0 683.0 large-vehicle 0
193.0 724.0 186.0 732.0 148.0 702.0 155.0 694.0 large-vehicle 0
183.0 732.0 176.0 744.0 138.0 718.0 144.0 707.0 large-vehicle 0
175.0 744.0 168.0 754.0 130.0 728.0 137.0 717.0 large-vehicle 0
341.0 1207.0 347.0 1220.0 307.0 1241.0 301.0 1230.0 large-vehicle 0
357.0 1213.0 368.0 1221.0 339.0 1257.0 328.0 1251.0 large-vehicle 0
532.0 659.0 522.0 651.0 552.0 613.0 561.0 620.0 large-vehicle 0
267.0 1224.0 265.0 1237.0 219.0 1231.0 220.0 1219.0 large-vehicle 0
660.0 279.0 653.0 290.0 619.0 261.0 625.0 251.0 large-vehicle 0
654.0 291.0 647.0 302.0 610.0 273.0 616.0 264.0 large-vehicle 0
644.0 304.0 638.0 312.0 603.0 281.0 610.0 273.0 large-vehicle 0
574.0 293.0 571.0 306.0 528.0 291.0 531.0 279.0 large-vehicle 0
568.0 308.0 566.0 318.0 522.0 305.0 525.0 294.0 large-vehicle 0
619.0 339.0 611.0 348.0 574.0 319.0 580.0 309.0 large-vehicle 0
627.0 325.0 620.0 336.0 583.0 306.0 590.0 297.0 large-vehicle 0
708.0 322.0 699.0 315.0 726.0 279.0 736.0 285.0 large-vehicle 0
721.0 332.0 710.0 325.0 736.0 286.0 747.0 294.0 large-vehicle 0
444.0 594.0 434.0 587.0 462.0 549.0 472.0 557.0 large-vehicle 0
455.0 603.0 444.0 596.0 474.0 557.0 484.0 565.0 large-vehicle 0
465.0 611.0 455.0 604.0 484.0 566.0 493.0 574.0 large-vehicle 0
477.0 618.0 466.0 611.0 495.0 574.0 504.0 581.0 large-vehicle 0
487.0 627.0 476.0 619.0 506.0 582.0 515.0 589.0 large-vehicle 0
498.0 634.0 488.0 627.0 517.0 588.0 526.0 595.0 large-vehicle 0
510.0 642.0 498.0 633.0 530.0 596.0 538.0 604.0 large-vehicle 0
521.0 651.0 510.0 642.0 541.0 607.0 550.0 614.0 large-vehicle 0
671.0 270.0 664.0 280.0 628.0 252.0 634.0 241.0 large-vehicle 0
679.0 260.0 673.0 270.0 636.0 240.0 643.0 230.0 large-vehicle 0
631.0 224.0 627.0 237.0 584.0 222.0 587.0 211.0 large-vehicle 0
253.0 1251.0 265.0 1251.0 259.0 1299.0 247.0 1297.0 large-vehicle 0
219.0 1219.0 218.0 1232.0 171.0 1225.0 172.0 1213.0 large-vehicle 0
169.0 1211.0 168.0 1223.0 122.0 1220.0 121.0 1207.0 large-vehicle 0
166.0 1224.0 164.0 1237.0 116.0 1231.0 118.0 1219.0 large-vehicle 0
213.0 1235.0 211.0 1244.0 165.0 1239.0 167.0 1226.0 large-vehicle 0
264.0 1237.0 263.0 1248.0 216.0 1243.0 216.0 1232.0 large-vehicle 0
281.0 1250.0 292.0 1252.0 283.0 1298.0 273.0 1295.0 large-vehicle 0
266.0 1253.0 276.0 1254.0 271.0 1300.0 261.0 1299.0 large-vehicle 0
238.0 1248.0 250.0 1250.0 243.0 1296.0 231.0 1295.0 large-vehicle 0
137.0 1238.0 149.0 1240.0 144.0 1286.0 130.0 1284.0 large-vehicle 0
225.0 1248.0 237.0 1249.0 231.0 1294.0 219.0 1293.0 large-vehicle 0
213.0 1246.0 224.0 1246.0 219.0 1293.0 207.0 1292.0 large-vehicle 0
201.0 1245.0 213.0 1246.0 208.0 1292.0 196.0 1292.0 large-vehicle 0
189.0 1243.0 202.0 1246.0 195.0 1292.0 182.0 1289.0 large-vehicle 0
174.0 1243.0 187.0 1244.0 180.0 1291.0 170.0 1290.0 large-vehicle 0
161.0 1243.0 174.0 1243.0 169.0 1290.0 156.0 1289.0 large-vehicle 0
151.0 1239.0 163.0 1240.0 157.0 1288.0 145.0 1287.0 large-vehicle 0
157.0 619.0 149.0 616.0 155.0 597.0 163.0 598.0 small-vehicle 0
112.0 690.0 102.0 682.0 120.0 662.0 129.0 671.0 small-vehicle 0
819.0 18.0 813.0 24.0 798.0 16.0 803.0 8.0 small-vehicle 1
1010.0 112.0 1018.0 118.0 1004.0 139.0 995.0 134.0 small-vehicle 0
969.0 457.0 976.0 463.0 964.0 478.0 958.0 473.0 small-vehicle 0
1006.0 521.0 1012.0 513.0 1031.0 527.0 1025.0 536.0 small-vehicle 0
994.0 525.0 1001.0 516.0 1019.0 532.0 1012.0 540.0 small-vehicle 0
961.0 559.0 953.0 552.0 968.0 537.0 975.0 545.0 small-vehicle 0
938.0 592.0 930.0 587.0 941.0 570.0 949.0 576.0 small-vehicle 0
954.0 609.0 948.0 616.0 933.0 603.0 940.0 596.0 small-vehicle 0
960.0 629.0 951.0 626.0 960.0 607.0 968.0 611.0 small-vehicle 0
918.0 745.0 910.0 752.0 892.0 732.0 900.0 725.0 small-vehicle 0
946.0 703.0 951.0 691.0 975.0 702.0 970.0 714.0 small-vehicle 0
910.0 754.0 919.0 742.0 939.0 762.0 930.0 772.0 small-vehicle 0
910.0 902.0 917.0 892.0 947.0 911.0 941.0 921.0 small-vehicle 0
895.0 893.0 905.0 897.0 895.0 921.0 885.0 917.0 small-vehicle 0
901.0 907.0 911.0 910.0 903.0 931.0 894.0 927.0 small-vehicle 0
922.0 917.0 931.0 922.0 922.0 938.0 913.0 933.0 small-vehicle 0
931.0 921.0 939.0 923.0 931.0 943.0 923.0 940.0 small-vehicle 0
941.0 926.0 952.0 929.0 943.0 953.0 933.0 951.0 small-vehicle 0
950.0 929.0 955.0 920.0 972.0 932.0 967.0 940.0 small-vehicle 0
1018.0 119.0 1025.0 124.0 1013.0 145.0 1004.0 139.0 small-vehicle 0
900.0 59.0 906.0 50.0 922.0 63.0 918.0 71.0 small-vehicle 0
91.0 833.0 85.0 841.0 72.0 831.0 77.0 823.0 small-vehicle 0
943.0 67.0 933.0 60.0 948.0 40.0 957.0 48.0 small-vehicle 0
795.0 506.0 787.0 500.0 799.0 481.0 808.0 487.0 small-vehicle 0
857.0 424.0 849.0 418.0 861.0 402.0 869.0 408.0 small-vehicle 0
775.0 762.0 774.0 749.0 808.0 746.0 809.0 758.0 small-vehicle 0
819.0 753.0 815.0 743.0 833.0 734.0 838.0 743.0 small-vehicle 0
834.0 737.0 826.0 731.0 838.0 715.0 844.0 720.0 small-vehicle 0
861.0 784.0 855.0 792.0 839.0 779.0 846.0 772.0 small-vehicle 0
852.0 752.0 857.0 744.0 872.0 757.0 867.0 764.0 small-vehicle 0
847.0 761.0 853.0 753.0 867.0 764.0 863.0 772.0 small-vehicle 0
845.0 772.0 851.0 763.0 866.0 774.0 861.0 783.0 small-vehicle 0
874.0 826.0 864.0 820.0 876.0 804.0 885.0 811.0 small-vehicle 0
868.0 587.0 875.0 579.0 889.0 592.0 883.0 599.0 small-vehicle 0
977.0 260.0 967.0 254.0 982.0 235.0 991.0 243.0 small-vehicle 0
997.0 230.0 989.0 224.0 1003.0 204.0 1011.0 211.0 small-vehicle 0
1012.0 211.0 1004.0 204.0 1022.0 184.0 1030.0 192.0 small-vehicle 0
948.0 106.0 956.0 96.0 980.0 114.0 974.0 124.0 small-vehicle 0
956.0 97.0 962.0 88.0 981.0 102.0 976.0 110.0 small-vehicle 0
962.0 88.0 967.0 81.0 985.0 95.0 980.0 102.0 small-vehicle 0
822.0 1173.0 829.0 1165.0 845.0 1181.0 839.0 1188.0 small-vehicle 0
991.0 595.0 983.0 590.0 996.0 572.0 1002.0 577.0 small-vehicle 0
984.0 587.0 977.0 580.0 991.0 566.0 998.0 573.0 small-vehicle 0
976.0 556.0 983.0 546.0 1007.0 566.0 1000.0 574.0 small-vehicle 0
841.0 904.0 833.0 901.0 840.0 885.0 848.0 888.0 small-vehicle 1
824.0 874.0 829.0 878.0 820.0 891.0 814.0 886.0 small-vehicle 1
890.0 839.0 886.0 845.0 868.0 834.0 873.0 828.0 small-vehicle 1
982.0 816.0 988.0 808.0 1016.0 826.0 1011.0 834.0 large-vehicle 0
933.0 746.0 944.0 740.0 962.0 768.0 950.0 775.0 large-vehicle 0
839.0 699.0 844.0 703.0 836.0 716.0 830.0 713.0 small-vehicle 1
851.0 701.0 842.0 697.0 856.0 676.0 863.0 681.0 small-vehicle 1
863.0 673.0 855.0 671.0 862.0 652.0 870.0 655.0 small-vehicle 1
614.0 677.0 621.0 683.0 609.0 698.0 602.0 693.0 small-vehicle 1
999.0 622.0 994.0 628.0 979.0 616.0 984.0 610.0 small-vehicle 1
1009.0 606.0 1003.0 600.0 1015.0 587.0 1021.0 592.0 small-vehicle 1
986.0 534.0 992.0 528.0 1006.0 540.0 1000.0 545.0 small-vehicle 1
1017.0 498.0 1023.0 491.0 1037.0 504.0 1031.0 510.0 small-vehicle 1
1005.0 471.0 998.0 466.0 1012.0 449.0 1019.0 454.0 small-vehicle 1
907.0 403.0 913.0 408.0 901.0 422.0 894.0 417.0 small-vehicle 1
953.0 342.0 960.0 348.0 946.0 365.0 938.0 359.0 small-vehicle 1
862.0 179.0 853.0 173.0 865.0 154.0 873.0 160.0 small-vehicle 1
944.0 966.0 948.0 958.0 970.0 967.0 966.0 975.0 small-vehicle 1
917.0 1155.0 922.0 1148.0 936.0 1157.0 931.0 1163.0 small-vehicle 1
646.0 1181.0 638.0 1185.0 630.0 1166.0 639.0 1163.0 small-vehicle 1
987.0 633.0 979.0 637.0 968.0 617.0 976.0 613.0 small-vehicle 0
986.0 550.0 992.0 540.0 1017.0 560.0 1011.0 569.0 small-vehicle 0
972.0 583.0 967.0 576.0 984.0 561.0 989.0 568.0 small-vehicle 0
965.0 574.0 960.0 569.0 975.0 556.0 979.0 563.0 small-vehicle 0
961.0 599.0 956.0 605.0 942.0 593.0 947.0 587.0 small-vehicle 0
1001.0 601.0 993.0 594.0 1005.0 578.0 1011.0 585.0 small-vehicle 0
1006.0 579.0 1012.0 570.0 1037.0 590.0 1031.0 598.0 small-vehicle 0
1015.0 573.0 1021.0 564.0 1041.0 579.0 1035.0 589.0 small-vehicle 0
875.0 577.0 880.0 569.0 894.0 580.0 890.0 588.0 small-vehicle 0
694.0 1211.0 686.0 1212.0 687.0 1194.0 694.0 1193.0 small-vehicle 1
883.0 571.0 886.0 564.0 900.0 572.0 896.0 579.0 small-vehicle 0
928.0 609.0 919.0 603.0 929.0 588.0 938.0 593.0 small-vehicle 0
918.0 858.0 908.0 851.0 923.0 833.0 931.0 840.0 small-vehicle 0
1017.0 166.0 1012.0 172.0 998.0 161.0 1003.0 154.0 small-vehicle 0
501.0 51.0 496.0 57.0 479.0 46.0 484.0 39.0 small-vehicle 1
497.0 57.0 502.0 52.0 517.0 63.0 512.0 68.0 small-vehicle 1
6.0 1019.0 1.0 1014.0 12.0 998.0 18.0 1004.0 small-vehicle 1
779.0 529.0 771.0 523.0 786.0 501.0 794.0 509.0 small-vehicle 0
793.0 562.0 784.0 555.0 800.0 535.0 808.0 542.0 small-vehicle 0
758.0 535.0 768.0 544.0 753.0 563.0 743.0 557.0 small-vehicle 0
195.0 968.0 204.0 962.0 212.0 976.0 204.0 983.0 small-vehicle 0
120.0 1133.0 121.0 1121.0 140.0 1123.0 139.0 1134.0 small-vehicle 0
118.0 1018.0 128.0 1014.0 135.0 1031.0 126.0 1035.0 small-vehicle 0
128.0 1012.0 136.0 1008.0 144.0 1026.0 137.0 1030.0 small-vehicle 0
137.0 1008.0 145.0 1003.0 153.0 1019.0 145.0 1024.0 small-vehicle 0
152.0 1002.0 160.0 995.0 172.0 1012.0 163.0 1018.0 small-vehicle 0
154.0 1022.0 163.0 1016.0 173.0 1031.0 164.0 1037.0 small-vehicle 0
126.0 1045.0 133.0 1037.0 146.0 1048.0 138.0 1055.0 small-vehicle 0
163.0 1069.0 171.0 1063.0 182.0 1081.0 175.0 1087.0 small-vehicle 0
197.0 1045.0 207.0 1040.0 218.0 1059.0 209.0 1066.0 small-vehicle 0
206.0 1039.0 215.0 1034.0 225.0 1050.0 217.0 1056.0 small-vehicle 0
225.0 1055.0 234.0 1048.0 245.0 1064.0 236.0 1070.0 small-vehicle 0
246.0 1045.0 255.0 1037.0 266.0 1054.0 258.0 1061.0 small-vehicle 0
216.0 1033.0 223.0 1027.0 232.0 1041.0 225.0 1047.0 small-vehicle 0
246.0 1020.0 254.0 1015.0 263.0 1032.0 254.0 1036.0 small-vehicle 0
166.0 990.0 174.0 984.0 184.0 1000.0 177.0 1005.0 small-vehicle 0
177.0 986.0 184.0 979.0 194.0 994.0 187.0 999.0 small-vehicle 0
209.0 986.0 217.0 980.0 227.0 995.0 220.0 1001.0 small-vehicle 0
75.0 1050.0 83.0 1057.0 72.0 1071.0 64.0 1067.0 small-vehicle 0
70.0 1040.0 77.0 1045.0 65.0 1060.0 58.0 1055.0 small-vehicle 0
18.0 1037.0 9.0 1032.0 24.0 1009.0 33.0 1015.0 small-vehicle 0
164.0 914.0 171.0 906.0 182.0 918.0 176.0 925.0 small-vehicle 0
104.0 827.0 109.0 819.0 123.0 830.0 119.0 837.0 small-vehicle 0
76.0 842.0 83.0 849.0 69.0 866.0 61.0 859.0 small-vehicle 0
34.0 877.0 38.0 865.0 57.0 873.0 52.0 884.0 small-vehicle 0
56.0 898.0 49.0 892.0 65.0 877.0 71.0 885.0 small-vehicle 0
98.0 889.0 91.0 883.0 102.0 869.0 109.0 875.0 small-vehicle 0
146.0 931.0 152.0 922.0 170.0 938.0 164.0 946.0 small-vehicle 0
157.0 925.0 163.0 918.0 176.0 930.0 170.0 937.0 small-vehicle 0
133.0 906.0 126.0 899.0 137.0 885.0 145.0 892.0 small-vehicle 0
25.0 973.0 18.0 966.0 31.0 951.0 39.0 959.0 small-vehicle 0
135.0 945.0 141.0 937.0 155.0 948.0 150.0 956.0 small-vehicle 0
129.0 951.0 135.0 945.0 148.0 957.0 141.0 964.0 small-vehicle 0
113.0 964.0 118.0 955.0 132.0 965.0 127.0 973.0 small-vehicle 0
66.0 1003.0 59.0 997.0 70.0 981.0 79.0 987.0 small-vehicle 0
57.0 994.0 50.0 989.0 61.0 974.0 69.0 980.0 small-vehicle 0
49.0 988.0 42.0 982.0 54.0 967.0 62.0 973.0 small-vehicle 0
42.0 983.0 33.0 976.0 44.0 961.0 53.0 966.0 small-vehicle 0
186.0 976.0 193.0 970.0 205.0 983.0 198.0 990.0 small-vehicle 0
203.0 957.0 213.0 951.0 223.0 968.0 214.0 974.0 small-vehicle 0
733.0 586.0 726.0 580.0 737.0 565.0 745.0 571.0 small-vehicle 0
215.0 950.0 223.0 945.0 232.0 962.0 224.0 966.0 small-vehicle 0
796.0 46.0 792.0 55.0 773.0 46.0 777.0 36.0 small-vehicle 0
772.0 35.0 763.0 34.0 764.0 17.0 771.0 17.0 small-vehicle 0
809.0 31.0 805.0 37.0 790.0 27.0 795.0 20.0 small-vehicle 0
836.0 139.0 829.0 148.0 813.0 134.0 819.0 125.0 small-vehicle 0
848.0 121.0 841.0 130.0 823.0 117.0 829.0 108.0 small-vehicle 0
806.0 290.0 798.0 283.0 812.0 267.0 820.0 273.0 small-vehicle 0
819.0 296.0 811.0 290.0 824.0 273.0 831.0 279.0 small-vehicle 0
839.0 278.0 845.0 283.0 833.0 299.0 826.0 295.0 small-vehicle 0
842.0 308.0 834.0 302.0 848.0 285.0 855.0 292.0 small-vehicle 0
859.0 310.0 851.0 303.0 863.0 290.0 871.0 297.0 small-vehicle 0
865.0 322.0 856.0 317.0 870.0 296.0 879.0 301.0 small-vehicle 0
839.0 449.0 829.0 442.0 845.0 422.0 855.0 429.0 small-vehicle 0
660.0 667.0 668.0 673.0 654.0 691.0 646.0 685.0 small-vehicle 0
655.0 716.0 647.0 709.0 666.0 689.0 673.0 695.0 small-vehicle 0
673.0 667.0 665.0 660.0 681.0 640.0 690.0 648.0 small-vehicle 0
705.0 610.0 715.0 616.0 700.0 635.0 691.0 629.0 small-vehicle 0
718.0 611.0 709.0 604.0 725.0 582.0 734.0 589.0 small-vehicle 0
759.0 100.0 755.0 108.0 739.0 96.0 745.0 88.0 small-vehicle 0
708.0 51.0 700.0 58.0 688.0 45.0 695.0 38.0 small-vehicle 0
600.0 726.0 606.0 717.0 625.0 732.0 619.0 740.0 small-vehicle 0
497.0 181.0 489.0 174.0 502.0 158.0 510.0 164.0 small-vehicle 0
203.0 1129.0 213.0 1129.0 211.0 1149.0 201.0 1149.0 small-vehicle 0
213.0 1130.0 221.0 1126.0 228.0 1143.0 220.0 1148.0 small-vehicle 0
250.0 1139.0 242.0 1146.0 231.0 1131.0 239.0 1124.0 small-vehicle 0
474.0 30.0 468.0 37.0 454.0 26.0 460.0 18.0 small-vehicle 0
470.0 10.0 476.0 2.0 491.0 14.0 484.0 21.0 small-vehicle 0
502.0 36.0 507.0 27.0 523.0 38.0 517.0 45.0 small-vehicle 0
492.0 164.0 484.0 157.0 497.0 141.0 505.0 148.0 small-vehicle 0
524.0 135.0 530.0 141.0 519.0 157.0 511.0 151.0 small-vehicle 0
608.0 571.0 616.0 578.0 605.0 592.0 597.0 586.0 small-vehicle 0
326.0 165.0 334.0 171.0 321.0 190.0 312.0 186.0 small-vehicle 0
457.0 238.0 448.0 233.0 461.0 217.0 468.0 222.0 small-vehicle 0
426.0 283.0 417.0 278.0 432.0 258.0 439.0 265.0 small-vehicle 0
398.0 323.0 391.0 317.0 406.0 300.0 413.0 306.0 small-vehicle 0
379.0 349.0 372.0 344.0 384.0 327.0 391.0 333.0 small-vehicle 0
348.0 384.0 341.0 377.0 355.0 360.0 362.0 367.0 small-vehicle 0
325.0 417.0 316.0 412.0 330.0 395.0 338.0 401.0 small-vehicle 0
344.0 541.0 334.0 534.0 362.0 495.0 371.0 503.0 large-vehicle 0
