imagesource:GoogleEarth
gsd:0.270567678673
975.0 146.0 983.0 147.0 980.0 163.0 971.0 162.0 small-vehicle 0
626.0 1865.0 636.0 1871.0 620.0 1901.0 610.0 1896.0 ship 0
538.0 1970.0 526.0 1963.0 545.0 1929.0 558.0 1935.0 ship 0
556.0 1977.0 544.0 1971.0 560.0 1942.0 572.0 1948.0 ship 0
572.0 1987.0 561.0 1981.0 577.0 1950.0 588.0 1956.0 ship 0
485.0 1965.0 498.0 1972.0 485.0 1997.0 471.0 1989.0 ship 0
502.0 1971.0 511.0 1975.0 497.0 2003.0 487.0 1999.0 ship 0
518.0 1979.0 532.0 1986.0 513.0 2021.0 500.0 2013.0 ship 0
527.0 2028.0 515.0 2021.0 535.0 1984.0 547.0 1992.0 ship 0
574.0 1998.0 578.0 1987.0 596.0 1997.0 591.0 2005.0 ship 0
588.0 1993.0 578.0 1988.0 592.0 1963.0 601.0 1967.0 ship 0
547.0 2036.0 534.0 2030.0 553.0 1994.0 564.0 2001.0 ship 0
562.0 2040.0 551.0 2035.0 565.0 2003.0 576.0 2008.0 ship 0
583.0 2016.0 597.0 2021.0 580.0 2056.0 567.0 2049.0 ship 0
617.0 2013.0 608.0 2009.0 624.0 1980.0 634.0 1984.0 ship 0
637.0 2027.0 627.0 2022.0 641.0 1990.0 652.0 1995.0 ship 0
653.0 1999.0 665.0 2004.0 654.0 2033.0 641.0 2028.0 ship 0
518.0 1964.0 508.0 1959.0 527.0 1926.0 538.0 1931.0 ship 0
509.0 1953.0 499.0 1948.0 516.0 1918.0 525.0 1923.0 ship 0
454.0 1948.0 464.0 1953.0 447.0 1982.0 436.0 1976.0 ship 0
777.0 1921.0 764.0 1915.0 777.0 1882.0 791.0 1889.0 ship 0
671.0 1888.0 680.0 1892.0 669.0 1919.0 660.0 1915.0 ship 0
710.0 1888.0 696.0 1882.0 715.0 1843.0 727.0 1851.0 ship 0
725.0 1892.0 714.0 1887.0 730.0 1857.0 740.0 1862.0 ship 0
689.0 1893.0 702.0 1898.0 687.0 1931.0 674.0 1924.0 ship 0
741.0 1907.0 729.0 1901.0 748.0 1863.0 760.0 1870.0 ship 0
757.0 1911.0 747.0 1906.0 762.0 1874.0 771.0 1878.0 ship 0
737.0 1921.0 750.0 1925.0 735.0 1958.0 723.0 1953.0 ship 0
488.0 1942.0 476.0 1933.0 494.0 1906.0 506.0 1914.0 ship 0
790.0 1932.0 779.0 1925.0 796.0 1892.0 807.0 1897.0 ship 0
756.0 1966.0 745.0 1960.0 757.0 1930.0 769.0 1934.0 ship 0
805.0 1936.0 796.0 1928.0 817.0 1900.0 827.0 1908.0 ship 0
826.0 1950.0 814.0 1945.0 829.0 1908.0 842.0 1915.0 ship 0
810.0 1953.0 822.0 1959.0 806.0 1994.0 793.0 1988.0 ship 0
456.0 1926.0 443.0 1920.0 460.0 1889.0 471.0 1894.0 ship 0
617.0 2039.0 629.0 2044.0 612.0 2074.0 599.0 2067.0 ship 0
662.0 2064.0 672.0 2072.0 657.0 2096.0 646.0 2089.0 ship 0
683.0 2056.0 670.0 2047.0 692.0 2013.0 704.0 2021.0 ship 0
606.0 2192.0 596.0 2187.0 611.0 2160.0 621.0 2165.0 ship 0
567.0 2134.0 577.0 2141.0 561.0 2167.0 552.0 2161.0 ship 0
577.0 2173.0 565.0 2168.0 584.0 2135.0 595.0 2142.0 ship 0
539.0 2176.0 553.0 2181.0 538.0 2210.0 525.0 2204.0 ship 0
551.0 2188.0 565.0 2193.0 550.0 2224.0 537.0 2218.0 ship 0
574.0 2196.0 584.0 2204.0 568.0 2230.0 556.0 2223.0 ship 0
584.0 2205.0 595.0 2210.0 582.0 2238.0 572.0 2233.0 ship 0
629.0 2203.0 619.0 2199.0 631.0 2174.0 641.0 2178.0 ship 0
502.0 2156.0 516.0 2159.0 506.0 2194.0 493.0 2190.0 ship 0
604.0 2214.0 617.0 2219.0 599.0 2253.0 587.0 2248.0 ship 0
639.0 2214.0 629.0 2208.0 646.0 2181.0 655.0 2187.0 ship 0
657.0 2223.0 646.0 2217.0 664.0 2189.0 673.0 2197.0 ship 0
637.0 2236.0 647.0 2243.0 629.0 2268.0 620.0 2262.0 ship 0
654.0 2277.0 640.0 2267.0 677.0 2212.0 691.0 2221.0 ship 0
279.0 2163.0 272.0 2176.0 248.0 2160.0 255.0 2148.0 ship 0
521.0 2164.0 535.0 2171.0 517.0 2203.0 504.0 2195.0 ship 0
491.0 2148.0 501.0 2156.0 486.0 2185.0 474.0 2178.0 ship 0
707.0 2032.0 717.0 2037.0 703.0 2064.0 693.0 2058.0 ship 0
452.0 2066.0 463.0 2072.0 447.0 2105.0 435.0 2100.0 ship 0
681.0 2070.0 692.0 2076.0 680.0 2109.0 668.0 2104.0 ship 0
694.0 2084.0 703.0 2089.0 695.0 2109.0 686.0 2105.0 ship 0
712.0 2070.0 704.0 2064.0 722.0 2034.0 731.0 2041.0 ship 0
711.0 2119.0 702.0 2112.0 718.0 2084.0 727.0 2090.0 ship 0
734.0 2127.0 720.0 2121.0 754.0 2059.0 767.0 2066.0 ship 0
436.0 2084.0 428.0 2076.0 446.0 2055.0 454.0 2063.0 ship 0
466.0 2112.0 453.0 2107.0 468.0 2075.0 480.0 2080.0 ship 0
476.0 2137.0 488.0 2142.0 471.0 2175.0 461.0 2170.0 ship 0
477.0 2122.0 466.0 2114.0 486.0 2081.0 498.0 2089.0 ship 0
497.0 2100.0 509.0 2105.0 497.0 2131.0 485.0 2125.0 ship 0
514.0 2104.0 525.0 2111.0 513.0 2134.0 501.0 2129.0 ship 0
528.0 2146.0 520.0 2137.0 538.0 2120.0 544.0 2128.0 ship 0
443.0 2123.0 453.0 2127.0 441.0 2158.0 429.0 2154.0 ship 0
453.0 2130.0 466.0 2135.0 453.0 2166.0 441.0 2162.0 ship 0
658.0 1875.0 670.0 1880.0 655.0 1913.0 643.0 1907.0 ship 0
693.0 1877.0 683.0 1872.0 698.0 1838.0 710.0 1843.0 ship 0
664.0 1173.0 679.0 1178.0 662.0 1219.0 648.0 1213.0 ship 0
676.0 1871.0 665.0 1866.0 682.0 1834.0 692.0 1841.0 ship 0
653.0 1442.0 666.0 1450.0 648.0 1487.0 633.0 1481.0 ship 0
673.0 1386.0 689.0 1393.0 672.0 1436.0 656.0 1428.0 ship 0
700.0 1401.0 712.0 1408.0 696.0 1445.0 682.0 1439.0 ship 0
714.0 1452.0 703.0 1449.0 716.0 1407.0 728.0 1410.0 ship 0
677.0 1448.0 692.0 1454.0 672.0 1501.0 657.0 1494.0 ship 0
692.0 1460.0 706.0 1465.0 693.0 1503.0 679.0 1497.0 ship 0
742.0 1457.0 731.0 1450.0 745.0 1424.0 755.0 1429.0 ship 0
779.0 1497.0 791.0 1501.0 779.0 1538.0 767.0 1533.0 ship 0
821.0 1498.0 808.0 1491.0 827.0 1451.0 840.0 1456.0 ship 0
805.0 1548.0 793.0 1543.0 810.0 1504.0 823.0 1511.0 ship 0
460.0 1549.0 448.0 1544.0 465.0 1509.0 475.0 1514.0 ship 0
435.0 1563.0 453.0 1568.0 440.0 1608.0 421.0 1603.0 ship 0
455.0 1615.0 442.0 1611.0 463.0 1570.0 477.0 1577.0 ship 0
534.0 1593.0 522.0 1587.0 538.0 1549.0 552.0 1556.0 ship 0
514.0 1602.0 525.0 1606.0 513.0 1636.0 504.0 1633.0 ship 0
633.0 1432.0 649.0 1438.0 631.0 1480.0 616.0 1473.0 ship 0
609.0 1463.0 595.0 1456.0 613.0 1416.0 626.0 1423.0 ship 0
631.0 1408.0 618.0 1401.0 636.0 1367.0 647.0 1373.0 ship 0
764.0 1272.0 775.0 1276.0 761.0 1316.0 749.0 1310.0 ship 0
703.0 1234.0 690.0 1228.0 704.0 1186.0 717.0 1190.0 ship 0
660.0 1279.0 644.0 1273.0 661.0 1225.0 676.0 1231.0 ship 0
716.0 1237.0 703.0 1231.0 723.0 1197.0 735.0 1205.0 ship 0
685.0 1238.0 697.0 1242.0 680.0 1287.0 669.0 1281.0 ship 0
702.0 1247.0 716.0 1252.0 698.0 1301.0 681.0 1294.0 ship 0
724.0 1295.0 711.0 1292.0 724.0 1251.0 738.0 1255.0 ship 0
803.0 1220.0 820.0 1227.0 801.0 1273.0 784.0 1265.0 ship 0
591.0 1415.0 606.0 1423.0 586.0 1470.0 569.0 1463.0 ship 0
820.0 1283.0 806.0 1276.0 823.0 1231.0 838.0 1235.0 ship 0
779.0 1321.0 766.0 1314.0 781.0 1276.0 794.0 1281.0 ship 0
501.0 1357.0 487.0 1349.0 503.0 1312.0 519.0 1319.0 ship 0
462.0 1405.0 443.0 1397.0 464.0 1354.0 484.0 1364.0 ship 0
587.0 1393.0 575.0 1387.0 589.0 1358.0 600.0 1364.0 ship 0
552.0 1403.0 566.0 1409.0 554.0 1432.0 541.0 1426.0 ship 0
565.0 1557.0 576.0 1561.0 562.0 1594.0 551.0 1589.0 ship 0
581.0 1556.0 598.0 1564.0 578.0 1613.0 560.0 1607.0 ship 0
552.0 1616.0 570.0 1622.0 552.0 1665.0 535.0 1658.0 ship 0
560.0 1809.0 548.0 1803.0 565.0 1775.0 575.0 1782.0 ship 0
445.0 1769.0 456.0 1773.0 439.0 1809.0 428.0 1804.0 ship 0
460.0 1783.0 471.0 1788.0 456.0 1817.0 445.0 1811.0 ship 0
514.0 1783.0 504.0 1778.0 519.0 1745.0 529.0 1751.0 ship 0
493.0 1797.0 503.0 1802.0 487.0 1833.0 477.0 1828.0 ship 0
507.0 1805.0 517.0 1810.0 505.0 1837.0 495.0 1833.0 ship 0
546.0 1800.0 536.0 1795.0 552.0 1760.0 561.0 1764.0 ship 0
529.0 1810.0 540.0 1818.0 519.0 1850.0 506.0 1842.0 ship 0
481.0 1766.0 470.0 1763.0 484.0 1730.0 495.0 1735.0 ship 0
580.0 1815.0 569.0 1807.0 584.0 1781.0 597.0 1789.0 ship 0
595.0 1827.0 581.0 1822.0 601.0 1784.0 614.0 1790.0 ship 0
559.0 1831.0 570.0 1837.0 554.0 1865.0 543.0 1859.0 ship 0
573.0 1834.0 587.0 1839.0 572.0 1876.0 558.0 1872.0 ship 0
592.0 1847.0 603.0 1851.0 590.0 1881.0 579.0 1877.0 ship 0
643.0 1850.0 634.0 1843.0 653.0 1817.0 662.0 1823.0 ship 0
493.0 1778.0 481.0 1771.0 502.0 1737.0 513.0 1745.0 ship 0
465.0 1756.0 455.0 1752.0 468.0 1725.0 477.0 1729.0 ship 0
590.0 1684.0 574.0 1678.0 595.0 1633.0 610.0 1640.0 ship 0
789.0 1711.0 778.0 1706.0 797.0 1665.0 806.0 1670.0 ship 0
631.0 1693.0 615.0 1687.0 634.0 1649.0 648.0 1656.0 ship 0
674.0 1657.0 659.0 1649.0 679.0 1607.0 693.0 1614.0 ship 0
697.0 1619.0 710.0 1625.0 690.0 1664.0 676.0 1657.0 ship 0
712.0 1676.0 699.0 1669.0 718.0 1628.0 730.0 1635.0 ship 0
731.0 1684.0 717.0 1679.0 730.0 1641.0 743.0 1645.0 ship 0
694.0 1681.0 706.0 1685.0 690.0 1723.0 678.0 1717.0 ship 0
806.0 1715.0 795.0 1709.0 813.0 1671.0 824.0 1676.0 ship 0
451.0 1716.0 465.0 1723.0 448.0 1756.0 433.0 1750.0 ship 0
827.0 1725.0 816.0 1720.0 833.0 1682.0 843.0 1688.0 ship 0
822.0 1749.0 831.0 1753.0 819.0 1784.0 810.0 1780.0 ship 0
809.0 1736.0 821.0 1743.0 801.0 1779.0 790.0 1772.0 ship 0
782.0 1764.0 770.0 1758.0 789.0 1723.0 800.0 1729.0 ship 0
764.0 1713.0 783.0 1724.0 764.0 1762.0 745.0 1753.0 ship 0
748.0 1705.0 761.0 1710.0 741.0 1751.0 729.0 1745.0 ship 0
238.0 2138.0 231.0 2151.0 202.0 2135.0 210.0 2121.0 ship 0
200.0 2112.0 193.0 2126.0 159.0 2107.0 168.0 2093.0 ship 0
151.0 2079.0 143.0 2095.0 102.0 2071.0 113.0 2056.0 ship 0
43.0 2034.0 54.0 2017.0 98.0 2048.0 89.0 2063.0 ship 0
160.0 1634.0 161.0 1622.0 195.0 1629.0 194.0 1639.0 ship 0
163.0 1625.0 164.0 1611.0 202.0 1615.0 201.0 1627.0 ship 0
53.0 1597.0 61.0 1586.0 89.0 1610.0 83.0 1619.0 ship 0
167.0 1613.0 168.0 1597.0 205.0 1600.0 204.0 1616.0 ship 0
176.0 1599.0 173.0 1586.0 210.0 1581.0 211.0 1594.0 ship 0
65.0 1582.0 74.0 1573.0 98.0 1601.0 90.0 1610.0 ship 0
71.0 1567.0 79.0 1560.0 103.0 1587.0 96.0 1594.0 ship 0
82.0 1555.0 95.0 1548.0 110.0 1576.0 99.0 1583.0 ship 0
90.0 1532.0 102.0 1526.0 123.0 1568.0 111.0 1575.0 ship 0
98.0 1522.0 110.0 1515.0 134.0 1550.0 121.0 1559.0 ship 0
185.0 1585.0 183.0 1571.0 223.0 1566.0 225.0 1579.0 ship 0
107.0 1510.0 121.0 1503.0 142.0 1536.0 129.0 1544.0 ship 0
167.0 1541.0 157.0 1534.0 175.0 1501.0 188.0 1508.0 ship 0
181.0 1551.0 167.0 1543.0 190.0 1503.0 203.0 1511.0 ship 0
421.0 1567.0 432.0 1573.0 419.0 1596.0 409.0 1590.0 ship 0
41.0 1611.0 50.0 1598.0 91.0 1625.0 83.0 1638.0 ship 0
154.0 1647.0 155.0 1635.0 189.0 1639.0 186.0 1651.0 ship 0
167.0 1665.0 174.0 1650.0 216.0 1672.0 210.0 1686.0 ship 0
349.0 1699.0 338.0 1693.0 354.0 1662.0 365.0 1668.0 ship 0
261.0 1710.0 252.0 1706.0 260.0 1681.0 269.0 1685.0 ship 0
426.0 1743.0 417.0 1737.0 431.0 1709.0 441.0 1715.0 ship 0
415.0 1735.0 404.0 1730.0 420.0 1696.0 430.0 1701.0 ship 0
399.0 1724.0 387.0 1719.0 400.0 1694.0 411.0 1700.0 ship 0
381.0 1718.0 372.0 1713.0 389.0 1679.0 399.0 1685.0 ship 0
364.0 1675.0 375.0 1680.0 362.0 1710.0 352.0 1705.0 ship 0
328.0 1693.0 316.0 1685.0 335.0 1652.0 346.0 1659.0 ship 0
32.0 1627.0 38.0 1613.0 78.0 1636.0 72.0 1649.0 ship 0
267.0 1605.0 277.0 1609.0 268.0 1631.0 257.0 1626.0 ship 0
290.0 1633.0 297.0 1638.0 285.0 1665.0 276.0 1660.0 ship 0
231.0 1709.0 215.0 1701.0 237.0 1658.0 253.0 1668.0 ship 0
151.0 1703.0 161.0 1686.0 197.0 1707.0 191.0 1724.0 ship 0
22.0 1660.0 27.0 1645.0 70.0 1663.0 64.0 1678.0 ship 0
26.0 1643.0 32.0 1629.0 68.0 1647.0 62.0 1660.0 ship 0
344.0 1530.0 354.0 1535.0 345.0 1555.0 335.0 1550.0 ship 0
302.0 1539.0 318.0 1547.0 297.0 1590.0 282.0 1582.0 ship 0
423.0 1538.0 407.0 1532.0 425.0 1491.0 439.0 1498.0 ship 0
773.0 2065.0 721.0 2140.0 149.0 1823.0 193.0 1738.0 harbor 0
257.0 788.0 268.0 791.0 259.0 829.0 248.0 826.0 ship 0
192.0 754.0 196.0 769.0 159.0 781.0 155.0 765.0 ship 0
192.0 729.0 198.0 745.0 161.0 759.0 155.0 745.0 ship 0
167.0 734.0 164.0 718.0 205.0 707.0 208.0 722.0 ship 0
410.0 644.0 405.0 661.0 355.0 644.0 361.0 625.0 ship 0
700.0 2198.0 649.0 2280.0 84.0 1952.0 134.0 1868.0 harbor 0
849.0 1915.0 808.0 1998.0 223.0 1700.0 272.0 1607.0 harbor 0
434.0 753.0 438.0 765.0 411.0 772.0 408.0 760.0 ship 0
951.0 1736.0 903.0 1828.0 307.0 1542.0 353.0 1444.0 harbor 0
1041.0 1539.0 989.0 1641.0 384.0 1374.0 423.0 1274.0 harbor 0
1104.0 1342.0 1065.0 1443.0 453.0 1193.0 490.0 1087.0 harbor 0
1177.0 1157.0 1139.0 1257.0 512.0 1037.0 553.0 921.0 harbor 0
1243.0 958.0 1201.0 1069.0 579.0 861.0 617.0 750.0 harbor 0
1293.0 723.0 1262.0 840.0 612.0 641.0 652.0 512.0 harbor 0
441.0 741.0 444.0 751.0 419.0 757.0 416.0 746.0 ship 0
430.0 768.0 433.0 777.0 410.0 784.0 406.0 774.0 ship 0
347.0 1486.0 335.0 1480.0 355.0 1441.0 368.0 1446.0 ship 0
292.0 1080.0 286.0 1067.0 326.0 1057.0 329.0 1070.0 ship 0
393.0 1381.0 379.0 1375.0 398.0 1329.0 413.0 1336.0 ship 0
256.0 1171.0 251.0 1153.0 290.0 1146.0 295.0 1161.0 ship 0
262.0 1153.0 258.0 1139.0 299.0 1131.0 300.0 1145.0 ship 0
265.0 1138.0 260.0 1122.0 300.0 1111.0 305.0 1127.0 ship 0
251.0 1124.0 246.0 1107.0 299.0 1090.0 305.0 1107.0 ship 0
268.0 1098.0 265.0 1083.0 310.0 1075.0 312.0 1091.0 ship 0
210.0 1046.0 230.0 1038.0 258.0 1099.0 240.0 1109.0 ship 0
336.0 967.0 331.0 954.0 365.0 940.0 370.0 952.0 ship 0
303.0 1062.0 299.0 1048.0 329.0 1041.0 333.0 1052.0 ship 0
305.0 1048.0 301.0 1034.0 337.0 1024.0 341.0 1037.0 ship 0
309.0 1035.0 303.0 1021.0 340.0 1005.0 347.0 1018.0 ship 0
319.0 1014.0 314.0 998.0 348.0 989.0 352.0 1005.0 ship 0
352.0 974.0 356.0 986.0 326.0 997.0 321.0 985.0 ship 0
330.0 983.0 325.0 967.0 364.0 956.0 369.0 971.0 ship 0
274.0 1690.0 285.0 1694.0 273.0 1719.0 263.0 1713.0 ship 0
328.0 1712.0 339.0 1716.0 326.0 1744.0 316.0 1739.0 ship 0
343.0 1717.0 354.0 1722.0 339.0 1754.0 328.0 1750.0 ship 0
3.0 1906.0 9.0 1890.0 40.0 1911.0 34.0 1923.0 ship 0
337.0 2036.0 326.0 2030.0 341.0 2004.0 349.0 2009.0 ship 0
317.0 2023.0 308.0 2016.0 324.0 1993.0 333.0 2000.0 ship 0
261.0 1955.0 275.0 1960.0 258.0 1994.0 244.0 1988.0 ship 0
221.0 1974.0 209.0 1967.0 228.0 1933.0 241.0 1941.0 ship 0
214.0 1926.0 226.0 1934.0 208.0 1966.0 195.0 1959.0 ship 0
4.0 1923.0 12.0 1911.0 34.0 1928.0 26.0 1939.0 ship 0
8.0 1891.0 16.0 1878.0 48.0 1898.0 42.0 1911.0 ship 0
382.0 2064.0 370.0 2059.0 389.0 2027.0 399.0 2034.0 ship 0
17.0 1881.0 25.0 1868.0 59.0 1890.0 53.0 1901.0 ship 0
179.0 1940.0 168.0 1933.0 183.0 1909.0 194.0 1916.0 ship 0
165.0 1899.0 174.0 1904.0 162.0 1926.0 151.0 1919.0 ship 0
124.0 1872.0 135.0 1877.0 120.0 1906.0 110.0 1901.0 ship 0
154.0 1887.0 165.0 1894.0 148.0 1921.0 137.0 1914.0 ship 0
436.0 1937.0 444.0 1943.0 427.0 1971.0 420.0 1966.0 ship 0
369.0 2059.0 358.0 2053.0 374.0 2024.0 383.0 2030.0 ship 0
413.0 2077.0 405.0 2069.0 424.0 2047.0 434.0 2056.0 ship 0
390.0 1910.0 401.0 1917.0 383.0 1946.0 373.0 1938.0 ship 0
262.0 2023.0 273.0 2029.0 259.0 2051.0 249.0 2045.0 ship 0
411.0 2102.0 424.0 2110.0 405.0 2140.0 394.0 2132.0 ship 0
390.0 2092.0 402.0 2096.0 392.0 2126.0 380.0 2121.0 ship 0
378.0 2084.0 389.0 2087.0 379.0 2117.0 368.0 2114.0 ship 0
364.0 2072.0 374.0 2077.0 357.0 2108.0 348.0 2102.0 ship 0
327.0 2059.0 338.0 2064.0 324.0 2090.0 314.0 2085.0 ship 0
299.0 2037.0 308.0 2042.0 292.0 2071.0 282.0 2064.0 ship 0
254.0 2006.0 266.0 2016.0 247.0 2044.0 235.0 2036.0 ship 0
118.0 1969.0 108.0 1963.0 126.0 1935.0 136.0 1942.0 ship 0
233.0 2003.0 243.0 2009.0 231.0 2036.0 221.0 2030.0 ship 0
223.0 1996.0 233.0 2004.0 215.0 2028.0 205.0 2021.0 ship 0
198.0 1986.0 207.0 1988.0 197.0 2014.0 187.0 2010.0 ship 0
185.0 1974.0 198.0 1978.0 184.0 2008.0 173.0 2002.0 ship 0
165.0 1968.0 176.0 1973.0 164.0 1996.0 153.0 1991.0 ship 0
137.0 1946.0 145.0 1949.0 135.0 1976.0 127.0 1973.0 ship 0
404.0 1918.0 417.0 1924.0 400.0 1954.0 388.0 1947.0 ship 0
368.0 1904.0 378.0 1909.0 368.0 1930.0 357.0 1924.0 ship 0
365.0 1735.0 374.0 1739.0 361.0 1763.0 353.0 1759.0 ship 0
84.0 1744.0 94.0 1736.0 117.0 1770.0 106.0 1777.0 ship 0
40.0 1817.0 54.0 1807.0 80.0 1843.0 69.0 1855.0 ship 0
67.0 1791.0 76.0 1785.0 94.0 1810.0 85.0 1817.0 ship 0
71.0 1772.0 81.0 1765.0 102.0 1799.0 92.0 1805.0 ship 0
77.0 1759.0 88.0 1752.0 108.0 1785.0 98.0 1791.0 ship 0
6.0 1702.0 5.0 1687.0 47.0 1687.0 46.0 1702.0 ship 0
14.0 1687.0 13.0 1672.0 56.0 1673.0 55.0 1687.0 ship 0
88.0 1727.0 97.0 1719.0 126.0 1757.0 115.0 1763.0 ship 0
429.0 1769.0 439.0 1776.0 425.0 1797.0 415.0 1790.0 ship 0
93.0 1709.0 106.0 1701.0 138.0 1738.0 125.0 1747.0 ship 0
109.0 1704.0 123.0 1695.0 143.0 1725.0 132.0 1735.0 ship 0
144.0 1718.0 151.0 1703.0 192.0 1724.0 186.0 1739.0 ship 0
409.0 1752.0 419.0 1758.0 402.0 1787.0 393.0 1782.0 ship 0
395.0 1746.0 406.0 1752.0 390.0 1779.0 381.0 1772.0 ship 0
376.0 1741.0 386.0 1747.0 374.0 1771.0 364.0 1766.0 ship 0
219.0 1754.0 233.0 1762.0 213.0 1799.0 199.0 1791.0 ship 0
256.0 1820.0 247.0 1813.0 267.0 1789.0 276.0 1798.0 ship 0
356.0 1895.0 366.0 1898.0 354.0 1927.0 345.0 1923.0 ship 0
163.0 1800.0 176.0 1806.0 158.0 1840.0 144.0 1832.0 ship 0
335.0 1911.0 324.0 1905.0 343.0 1878.0 353.0 1886.0 ship 0
324.0 1879.0 334.0 1885.0 318.0 1912.0 308.0 1906.0 ship 0
292.0 1861.0 304.0 1866.0 290.0 1895.0 280.0 1888.0 ship 0
389.0 1890.0 379.0 1881.0 398.0 1852.0 410.0 1860.0 ship 0
379.0 1880.0 370.0 1876.0 381.0 1848.0 390.0 1851.0 ship 0
41.0 1843.0 50.0 1833.0 74.0 1858.0 65.0 1866.0 ship 0
191.0 1803.0 205.0 1808.0 191.0 1840.0 177.0 1833.0 ship 0
280.0 1829.0 269.0 1824.0 286.0 1792.0 297.0 1798.0 ship 0
204.0 1841.0 196.0 1835.0 213.0 1809.0 222.0 1814.0 ship 0
238.0 1830.0 253.0 1835.0 241.0 1867.0 225.0 1860.0 ship 0
349.0 1829.0 361.0 1836.0 342.0 1868.0 330.0 1861.0 ship 0
325.0 1857.0 317.0 1851.0 335.0 1818.0 344.0 1823.0 ship 0
314.0 1850.0 300.0 1843.0 317.0 1813.0 330.0 1820.0 ship 0
294.0 1836.0 282.0 1829.0 301.0 1801.0 310.0 1808.0 ship 0
678.0 1213.0 668.0 1209.0 681.0 1182.0 690.0 1186.0 ship 0
603.0 1219.0 616.0 1223.0 604.0 1250.0 593.0 1243.0 ship 0
1004.0 170.0 1006.0 161.0 1028.0 167.0 1026.0 175.0 small-vehicle 0
375.0 877.0 379.0 867.0 396.0 875.0 392.0 883.0 small-vehicle 0
492.0 521.0 498.0 523.0 493.0 540.0 487.0 538.0 small-vehicle 0
858.0 249.0 849.0 249.0 848.0 229.0 858.0 230.0 small-vehicle 0
852.0 119.0 862.0 123.0 856.0 141.0 846.0 139.0 small-vehicle 0
836.0 138.0 824.0 135.0 835.0 102.0 842.0 104.0 small-vehicle 0
826.0 125.0 819.0 123.0 823.0 104.0 830.0 106.0 small-vehicle 0
814.0 97.0 823.0 101.0 819.0 121.0 809.0 119.0 small-vehicle 0
759.0 124.0 750.0 120.0 759.0 98.0 766.0 101.0 small-vehicle 0
787.0 128.0 779.0 126.0 783.0 109.0 792.0 111.0 small-vehicle 0
815.0 238.0 805.0 236.0 810.0 217.0 819.0 220.0 small-vehicle 0
690.0 211.0 681.0 207.0 686.0 188.0 694.0 190.0 small-vehicle 0
671.0 200.0 663.0 197.0 667.0 178.0 676.0 181.0 small-vehicle 0
776.0 110.0 767.0 107.0 773.0 85.0 782.0 88.0 small-vehicle 0
799.0 131.0 789.0 130.0 795.0 111.0 804.0 114.0 small-vehicle 1
798.0 91.0 806.0 93.0 802.0 111.0 794.0 110.0 small-vehicle 1
857.0 191.0 860.0 181.0 878.0 187.0 876.0 195.0 small-vehicle 1
482.0 536.0 474.0 532.0 480.0 515.0 487.0 517.0 small-vehicle 0
473.0 532.0 463.0 531.0 469.0 510.0 478.0 513.0 small-vehicle 0
461.0 530.0 453.0 527.0 460.0 508.0 468.0 511.0 small-vehicle 1
461.0 848.0 457.0 856.0 438.0 847.0 444.0 838.0 small-vehicle 1
380.0 858.0 382.0 851.0 400.0 856.0 398.0 863.0 small-vehicle 0
283.0 836.0 271.0 833.0 278.0 812.0 286.0 816.0 small-vehicle 0
59.0 775.0 67.0 779.0 60.0 797.0 51.0 794.0 small-vehicle 0
404.0 791.0 408.0 784.0 427.0 790.0 425.0 797.0 small-vehicle 0
411.0 829.0 409.0 838.0 390.0 830.0 394.0 822.0 small-vehicle 1
450.0 862.0 446.0 870.0 429.0 863.0 432.0 855.0 small-vehicle 1
338.0 481.0 328.0 478.0 336.0 456.0 346.0 461.0 small-vehicle 1
604.0 533.0 593.0 529.0 600.0 512.0 609.0 516.0 small-vehicle 1
416.0 491.0 424.0 495.0 420.0 513.0 410.0 509.0 small-vehicle 1
429.0 517.0 420.0 514.0 427.0 493.0 438.0 498.0 small-vehicle 1
442.0 523.0 434.0 519.0 442.0 501.0 449.0 506.0 small-vehicle 1
451.0 525.0 444.0 522.0 449.0 506.0 457.0 508.0 small-vehicle 1
486.0 495.0 475.0 489.0 485.0 467.0 495.0 473.0 small-vehicle 1
507.0 500.0 497.0 496.0 506.0 477.0 515.0 482.0 small-vehicle 1
659.0 169.0 667.0 171.0 661.0 188.0 653.0 187.0 small-vehicle 1
603.0 148.0 594.0 144.0 604.0 126.0 612.0 129.0 small-vehicle 1
581.0 131.0 575.0 134.0 562.0 114.0 569.0 110.0 small-vehicle 1
860.0 1310.0 875.0 1316.0 857.0 1355.0 843.0 1348.0 ship 0
1064.0 1382.0 1084.0 1390.0 1064.0 1441.0 1046.0 1435.0 ship 0
1040.0 1386.0 1055.0 1391.0 1045.0 1428.0 1030.0 1422.0 ship 0
999.0 1373.0 1014.0 1380.0 1000.0 1413.0 985.0 1407.0 ship 0
962.0 1351.0 977.0 1358.0 960.0 1395.0 945.0 1389.0 ship 0
920.0 1332.0 937.0 1338.0 919.0 1381.0 904.0 1375.0 ship 0
878.0 1327.0 895.0 1332.0 877.0 1373.0 863.0 1366.0 ship 0
843.0 1306.0 854.0 1311.0 841.0 1344.0 828.0 1338.0 ship 0
928.0 1536.0 916.0 1531.0 930.0 1500.0 941.0 1505.0 ship 0
1085.0 1381.0 1070.0 1375.0 1086.0 1334.0 1098.0 1340.0 ship 0
1062.0 1372.0 1050.0 1366.0 1068.0 1329.0 1079.0 1335.0 ship 0
1035.0 1323.0 1056.0 1329.0 1040.0 1372.0 1022.0 1365.0 ship 0
998.0 1308.0 1012.0 1316.0 993.0 1353.0 978.0 1346.0 ship 0
978.0 1298.0 996.0 1305.0 979.0 1346.0 962.0 1339.0 ship 0
942.0 1322.0 930.0 1318.0 941.0 1285.0 955.0 1289.0 ship 0
865.0 1522.0 851.0 1515.0 869.0 1476.0 882.0 1483.0 ship 0
1004.0 1614.0 988.0 1607.0 1018.0 1543.0 1034.0 1551.0 ship 0
427.0 388.0 420.0 408.0 365.0 385.0 372.0 364.0 ship 0
856.0 1798.0 846.0 1791.0 865.0 1762.0 875.0 1770.0 ship 0
1263.0 776.0 1279.0 781.0 1261.0 836.0 1245.0 830.0 ship 0
1276.0 771.0 1263.0 765.0 1277.0 717.0 1293.0 721.0 ship 0
1291.0 537.0 1286.0 550.0 1253.0 537.0 1258.0 524.0 ship 0
1239.0 470.0 1244.0 449.0 1298.0 464.0 1295.0 484.0 ship 0
914.0 1801.0 898.0 1794.0 923.0 1738.0 940.0 1744.0 ship 0
888.0 1772.0 900.0 1777.0 883.0 1811.0 871.0 1805.0 ship 0
843.0 1795.0 830.0 1788.0 845.0 1755.0 859.0 1760.0 ship 0
974.0 1586.0 987.0 1589.0 976.0 1620.0 965.0 1616.0 ship 0
913.0 1716.0 925.0 1724.0 900.0 1766.0 888.0 1758.0 ship 0
881.0 1751.0 872.0 1744.0 891.0 1713.0 902.0 1721.0 ship 0
864.0 1744.0 850.0 1737.0 876.0 1692.0 892.0 1699.0 ship 0
845.0 1734.0 832.0 1726.0 851.0 1690.0 866.0 1697.0 ship 0
904.0 1593.0 890.0 1587.0 908.0 1552.0 922.0 1559.0 ship 0
931.0 1566.0 946.0 1573.0 928.0 1610.0 914.0 1602.0 ship 0
421.0 820.0 418.0 829.0 395.0 819.0 398.0 811.0 small-vehicle 0
369.0 1063.0 374.0 1055.0 390.0 1065.0 386.0 1071.0 small-vehicle 0
623.0 1197.0 612.0 1193.0 626.0 1159.0 637.0 1164.0 ship 0
364.0 1074.0 368.0 1066.0 385.0 1072.0 382.0 1080.0 small-vehicle 0
68.0 1706.0 74.0 1697.0 90.0 1706.0 85.0 1715.0 small-vehicle 1
83.0 1725.0 78.0 1732.0 62.0 1722.0 66.0 1715.0 small-vehicle 1
35.0 1773.0 39.0 1765.0 53.0 1774.0 50.0 1781.0 small-vehicle 1
52.0 1786.0 48.0 1793.0 31.0 1783.0 35.0 1775.0 small-vehicle 1
64.0 1712.0 69.0 1705.0 83.0 1714.0 80.0 1721.0 small-vehicle 0
77.0 1735.0 74.0 1743.0 58.0 1735.0 61.0 1728.0 small-vehicle 0
73.0 1746.0 70.0 1754.0 50.0 1746.0 53.0 1738.0 small-vehicle 0
67.0 1757.0 64.0 1765.0 47.0 1755.0 51.0 1748.0 small-vehicle 0
62.0 1767.0 57.0 1773.0 41.0 1763.0 45.0 1755.0 small-vehicle 0
42.0 1791.0 40.0 1798.0 25.0 1792.0 28.0 1785.0 small-vehicle 0
38.0 1800.0 34.0 1807.0 18.0 1795.0 22.0 1787.0 small-vehicle 0
144.0 1678.0 148.0 1671.0 162.0 1679.0 158.0 1686.0 small-vehicle 0
119.0 1657.0 117.0 1664.0 98.0 1659.0 101.0 1650.0 small-vehicle 0
125.0 1648.0 121.0 1655.0 106.0 1647.0 108.0 1639.0 small-vehicle 0
167.0 1652.0 166.0 1659.0 148.0 1654.0 150.0 1647.0 small-vehicle 0
75.0 1696.0 81.0 1687.0 96.0 1695.0 91.0 1704.0 small-vehicle 1
84.0 1688.0 88.0 1680.0 105.0 1690.0 100.0 1697.0 small-vehicle 1
84.0 1677.0 88.0 1667.0 109.0 1678.0 104.0 1687.0 small-vehicle 1
51.0 1851.0 46.0 1855.0 35.0 1840.0 40.0 1837.0 small-vehicle 1
1214.0 244.0 1204.0 242.0 1209.0 218.0 1219.0 221.0 small-vehicle 0
618.0 1652.0 625.0 1655.0 619.0 1670.0 611.0 1667.0 ship 0
941.0 1761.0 934.0 1757.0 940.0 1743.0 947.0 1747.0 ship 0
933.0 1780.0 926.0 1776.0 933.0 1758.0 942.0 1763.0 ship 0
78.0 1980.0 71.0 1975.0 77.0 1962.0 85.0 1967.0 ship 1
68.0 1815.0 72.0 1808.0 87.0 1816.0 83.0 1822.0 small-vehicle 1
43.0 1857.0 39.0 1863.0 24.0 1853.0 29.0 1846.0 small-vehicle 1
91.0 1668.0 95.0 1658.0 111.0 1665.0 107.0 1675.0 small-vehicle 1
35.0 1702.0 35.0 1714.0 1.0 1712.0 1.0 1701.0 ship 0
181.0 1560.0 185.0 1567.0 168.0 1574.0 164.0 1567.0 small-vehicle 1
134.0 1591.0 140.0 1582.0 157.0 1593.0 151.0 1601.0 small-vehicle 1
131.0 1610.0 134.0 1605.0 144.0 1612.0 139.0 1617.0 small-vehicle 1
107.0 1634.0 113.0 1626.0 130.0 1639.0 124.0 1646.0 small-vehicle 1
124.0 1697.0 129.0 1687.0 147.0 1697.0 142.0 1707.0 small-vehicle 1
115.0 1627.0 119.0 1621.0 133.0 1630.0 128.0 1636.0 small-vehicle 0
142.0 1621.0 137.0 1629.0 122.0 1619.0 125.0 1611.0 small-vehicle 0
126.0 1600.0 130.0 1593.0 146.0 1603.0 143.0 1611.0 small-vehicle 0
413.0 1120.0 410.0 1129.0 394.0 1121.0 398.0 1112.0 small-vehicle 1
335.0 1139.0 339.0 1130.0 358.0 1137.0 355.0 1144.0 small-vehicle 1
345.0 1118.0 350.0 1110.0 367.0 1117.0 364.0 1125.0 small-vehicle 1
324.0 1176.0 328.0 1167.0 346.0 1175.0 341.0 1183.0 small-vehicle 1
397.0 1162.0 393.0 1172.0 375.0 1164.0 379.0 1155.0 small-vehicle 1
378.0 1153.0 382.0 1144.0 400.0 1151.0 396.0 1160.0 small-vehicle 1
408.0 1132.0 404.0 1141.0 384.0 1131.0 389.0 1122.0 small-vehicle 1
354.0 1090.0 359.0 1080.0 376.0 1087.0 372.0 1096.0 small-vehicle 1
318.0 1196.0 322.0 1187.0 340.0 1194.0 335.0 1204.0 small-vehicle 1
360.0 1080.0 364.0 1073.0 380.0 1079.0 378.0 1087.0 small-vehicle 1
331.0 1159.0 334.0 1151.0 350.0 1157.0 347.0 1164.0 small-vehicle 0
335.0 1147.0 337.0 1141.0 355.0 1148.0 353.0 1155.0 small-vehicle 0
340.0 1129.0 343.0 1121.0 363.0 1128.0 360.0 1136.0 small-vehicle 0
374.0 1100.0 370.0 1108.0 351.0 1100.0 354.0 1093.0 small-vehicle 0
211.0 1181.0 209.0 1189.0 192.0 1184.0 196.0 1176.0 small-vehicle 0
57.0 1125.0 60.0 1117.0 78.0 1125.0 74.0 1133.0 small-vehicle 1
373.0 1206.0 379.0 1195.0 398.0 1204.0 393.0 1215.0 small-vehicle 1
163.0 1586.0 159.0 1593.0 143.0 1582.0 147.0 1575.0 small-vehicle 0
178.0 1421.0 184.0 1426.0 176.0 1442.0 169.0 1438.0 small-vehicle 0
169.0 1576.0 164.0 1584.0 145.0 1572.0 149.0 1565.0 small-vehicle 0
122.0 1507.0 126.0 1503.0 138.0 1516.0 133.0 1521.0 small-vehicle 0
209.0 1547.0 202.0 1542.0 213.0 1526.0 220.0 1531.0 small-vehicle 0
145.0 1503.0 139.0 1498.0 148.0 1484.0 154.0 1489.0 small-vehicle 0
157.0 1483.0 150.0 1479.0 156.0 1464.0 163.0 1468.0 small-vehicle 0
168.0 1439.0 174.0 1443.0 167.0 1458.0 160.0 1454.0 small-vehicle 0
184.0 1470.0 193.0 1475.0 182.0 1491.0 175.0 1487.0 small-vehicle 0
245.0 1292.0 236.0 1288.0 243.0 1268.0 253.0 1272.0 small-vehicle 0
195.0 1450.0 202.0 1454.0 195.0 1472.0 186.0 1468.0 small-vehicle 0
209.0 1422.0 217.0 1424.0 207.0 1450.0 199.0 1446.0 small-vehicle 0
190.0 1420.0 181.0 1416.0 191.0 1397.0 199.0 1403.0 small-vehicle 0
224.0 1393.0 232.0 1397.0 225.0 1416.0 215.0 1412.0 small-vehicle 0
206.0 1364.0 211.0 1367.0 207.0 1382.0 200.0 1380.0 small-vehicle 0
427.0 1280.0 416.0 1277.0 428.0 1247.0 439.0 1253.0 ship 0
920.0 1320.0 900.0 1315.0 919.0 1268.0 937.0 1274.0 ship 0
880.0 1252.0 894.0 1258.0 881.0 1298.0 866.0 1292.0 ship 0
859.0 1252.0 875.0 1259.0 861.0 1296.0 845.0 1290.0 ship 0
837.0 1286.0 822.0 1281.0 839.0 1239.0 853.0 1245.0 ship 0
629.0 795.0 640.0 800.0 631.0 819.0 621.0 813.0 ship 0
636.0 766.0 648.0 771.0 639.0 796.0 627.0 791.0 ship 0
653.0 821.0 634.0 815.0 652.0 764.0 671.0 771.0 ship 0
692.0 836.0 679.0 832.0 692.0 788.0 705.0 793.0 ship 0
719.0 846.0 707.0 842.0 713.0 807.0 726.0 810.0 ship 0
734.0 852.0 720.0 847.0 733.0 807.0 746.0 810.0 ship 0
827.0 823.0 844.0 830.0 827.0 886.0 807.0 879.0 ship 0
805.0 878.0 789.0 872.0 805.0 814.0 822.0 820.0 ship 0
782.0 807.0 801.0 812.0 781.0 872.0 763.0 864.0 ship 0
818.0 900.0 831.0 904.0 819.0 942.0 807.0 936.0 ship 0
796.0 927.0 783.0 922.0 794.0 888.0 807.0 893.0 ship 0
756.0 916.0 742.0 909.0 755.0 870.0 771.0 875.0 ship 0
718.0 862.0 732.0 867.0 716.0 914.0 700.0 907.0 ship 0
694.0 908.0 678.0 901.0 699.0 855.0 714.0 862.0 ship 0
674.0 847.0 691.0 853.0 672.0 898.0 657.0 891.0 ship 0
609.0 762.0 626.0 770.0 609.0 814.0 592.0 807.0 ship 0
749.0 633.0 762.0 638.0 747.0 683.0 733.0 678.0 ship 0
788.0 705.0 769.0 698.0 789.0 637.0 807.0 643.0 ship 0
677.0 479.0 657.0 473.0 677.0 411.0 697.0 416.0 ship 0
878.0 524.0 863.0 517.0 882.0 469.0 898.0 475.0 ship 0
859.0 527.0 839.0 520.0 860.0 461.0 879.0 468.0 ship 0
1102.0 503.0 1095.0 523.0 1028.0 502.0 1034.0 484.0 ship 0
1006.0 476.0 1001.0 494.0 942.0 479.0 949.0 458.0 ship 0
713.0 337.0 698.0 332.0 709.0 294.0 724.0 297.0 ship 0
714.0 415.0 719.0 394.0 770.0 410.0 766.0 427.0 ship 0
845.0 432.0 839.0 451.0 781.0 432.0 788.0 412.0 ship 0
829.0 718.0 810.0 711.0 832.0 648.0 849.0 654.0 ship 0
755.0 474.0 742.0 469.0 753.0 435.0 766.0 438.0 ship 0
775.0 499.0 759.0 493.0 776.0 442.0 791.0 447.0 ship 0
823.0 500.0 809.0 496.0 819.0 452.0 832.0 455.0 ship 0
652.0 502.0 671.0 509.0 651.0 568.0 633.0 561.0 ship 0
743.0 560.0 759.0 566.0 746.0 616.0 728.0 610.0 ship 0
767.0 614.0 751.0 608.0 766.0 562.0 782.0 568.0 ship 0
463.0 862.0 463.0 841.0 516.0 841.0 517.0 861.0 ship 0
462.0 882.0 460.0 864.0 512.0 862.0 513.0 878.0 ship 0
453.0 900.0 451.0 882.0 508.0 879.0 508.0 898.0 ship 0
801.0 1124.0 788.0 1120.0 802.0 1079.0 813.0 1085.0 ship 0
762.0 1057.0 747.0 1051.0 766.0 1006.0 781.0 1012.0 ship 0
781.0 1064.0 768.0 1057.0 789.0 1010.0 802.0 1017.0 ship 0
743.0 1069.0 758.0 1074.0 748.0 1107.0 734.0 1101.0 ship 0
802.0 1069.0 792.0 1064.0 811.0 1018.0 819.0 1022.0 ship 0
819.0 1074.0 806.0 1070.0 820.0 1031.0 832.0 1036.0 ship 0
782.0 1084.0 797.0 1090.0 783.0 1127.0 768.0 1119.0 ship 0
821.0 1097.0 835.0 1105.0 820.0 1139.0 805.0 1131.0 ship 0
725.0 1058.0 739.0 1064.0 722.0 1105.0 708.0 1099.0 ship 0
492.0 1070.0 513.0 1079.0 496.0 1126.0 474.0 1118.0 ship 0
455.0 1224.0 437.0 1219.0 459.0 1166.0 477.0 1174.0 ship 0
483.0 1173.0 497.0 1179.0 485.0 1206.0 472.0 1202.0 ship 0
564.0 1128.0 579.0 1135.0 562.0 1179.0 546.0 1172.0 ship 0
525.0 1185.0 537.0 1192.0 524.0 1222.0 509.0 1216.0 ship 0
564.0 1240.0 548.0 1235.0 565.0 1185.0 581.0 1191.0 ship 0
739.0 1051.0 726.0 1046.0 745.0 1002.0 759.0 1009.0 ship 0
707.0 1051.0 720.0 1055.0 705.0 1096.0 693.0 1091.0 ship 0
447.0 920.0 448.0 901.0 498.0 904.0 497.0 923.0 ship 0
592.0 938.0 608.0 943.0 592.0 996.0 576.0 991.0 ship 0
434.0 938.0 437.0 919.0 493.0 927.0 492.0 946.0 ship 0
420.0 960.0 421.0 941.0 480.0 946.0 478.0 966.0 ship 0
420.0 983.0 421.0 964.0 473.0 968.0 472.0 988.0 ship 0
518.0 1005.0 532.0 1010.0 518.0 1048.0 503.0 1043.0 ship 0
406.0 999.0 408.0 984.0 461.0 992.0 457.0 1007.0 ship 0
556.0 963.0 537.0 954.0 558.0 899.0 579.0 907.0 ship 0
626.0 961.0 640.0 966.0 628.0 1010.0 612.0 1004.0 ship 0
685.0 1044.0 698.0 1051.0 682.0 1088.0 670.0 1082.0 ship 0
646.0 1011.0 635.0 1005.0 651.0 970.0 661.0 976.0 ship 0
666.0 1013.0 655.0 1010.0 665.0 975.0 676.0 978.0 ship 0
605.0 1021.0 620.0 1024.0 608.0 1054.0 594.0 1050.0 ship 0
647.0 1028.0 664.0 1035.0 646.0 1079.0 628.0 1073.0 ship 0
705.0 1014.0 695.0 1010.0 705.0 985.0 714.0 988.0 ship 0
725.0 1038.0 711.0 1031.0 731.0 990.0 744.0 996.0 ship 0
924.0 535.0 906.0 529.0 922.0 480.0 941.0 487.0 ship 0
1052.0 568.0 1036.0 561.0 1052.0 516.0 1069.0 523.0 ship 0
1094.0 569.0 1084.0 564.0 1097.0 532.0 1106.0 537.0 ship 0
1061.0 971.0 1079.0 978.0 1062.0 1023.0 1045.0 1017.0 ship 0
898.0 1102.0 884.0 1098.0 893.0 1058.0 907.0 1062.0 ship 0
1219.0 973.0 1242.0 982.0 1215.0 1057.0 1193.0 1046.0 ship 0
1180.0 1019.0 1198.0 1025.0 1181.0 1062.0 1166.0 1055.0 ship 0
1144.0 1000.0 1156.0 1006.0 1141.0 1048.0 1128.0 1042.0 ship 0
1121.0 994.0 1136.0 999.0 1119.0 1045.0 1103.0 1039.0 ship 0
1100.0 1042.0 1082.0 1037.0 1097.0 981.0 1115.0 988.0 ship 0
1031.0 979.0 1048.0 983.0 1037.0 1017.0 1022.0 1012.0 ship 0
936.0 1116.0 922.0 1110.0 935.0 1071.0 951.0 1076.0 ship 0
997.0 1002.0 985.0 999.0 999.0 952.0 1012.0 956.0 ship 0
979.0 993.0 966.0 989.0 979.0 945.0 991.0 948.0 ship 0
935.0 935.0 954.0 939.0 941.0 991.0 922.0 984.0 ship 0
916.0 973.0 900.0 970.0 916.0 924.0 932.0 929.0 ship 0
897.0 967.0 881.0 962.0 894.0 921.0 911.0 925.0 ship 0
1204.0 1001.0 1188.0 995.0 1203.0 949.0 1219.0 954.0 ship 0
919.0 1111.0 905.0 1105.0 916.0 1065.0 930.0 1069.0 ship 0
958.0 1087.0 968.0 1093.0 954.0 1127.0 943.0 1122.0 ship 0
1157.0 992.0 1141.0 984.0 1161.0 932.0 1178.0 937.0 ship 0
987.0 1157.0 1006.0 1161.0 996.0 1208.0 977.0 1203.0 ship 0
1148.0 1153.0 1161.0 1158.0 1151.0 1192.0 1137.0 1187.0 ship 0
1112.0 1177.0 1100.0 1174.0 1115.0 1139.0 1124.0 1143.0 ship 0
1093.0 1132.0 1107.0 1139.0 1090.0 1179.0 1074.0 1173.0 ship 0
1065.0 1190.0 1079.0 1195.0 1067.0 1228.0 1054.0 1224.0 ship 0
1052.0 1224.0 1039.0 1221.0 1050.0 1175.0 1065.0 1179.0 ship 0
1027.0 1218.0 1011.0 1212.0 1032.0 1165.0 1047.0 1173.0 ship 0
973.0 1148.0 989.0 1154.0 979.0 1187.0 965.0 1183.0 ship 0
1008.0 1100.0 1028.0 1107.0 1012.0 1151.0 993.0 1145.0 ship 0
951.0 1142.0 970.0 1147.0 954.0 1196.0 935.0 1188.0 ship 0
914.0 1131.0 928.0 1136.0 917.0 1173.0 903.0 1169.0 ship 0
896.0 1128.0 908.0 1132.0 897.0 1164.0 885.0 1160.0 ship 0
878.0 1113.0 890.0 1118.0 876.0 1159.0 864.0 1155.0 ship 0
857.0 1152.0 844.0 1146.0 856.0 1105.0 871.0 1108.0 ship 0
838.0 1101.0 852.0 1105.0 838.0 1149.0 822.0 1144.0 ship 0
1180.0 1000.0 1164.0 996.0 1177.0 944.0 1195.0 947.0 ship 0
1133.0 982.0 1121.0 979.0 1139.0 922.0 1151.0 927.0 ship 0
1118.0 542.0 1133.0 546.0 1120.0 587.0 1105.0 581.0 ship 0
903.0 729.0 891.0 725.0 905.0 676.0 917.0 680.0 ship 0
1148.0 730.0 1130.0 723.0 1145.0 678.0 1163.0 685.0 ship 0
1036.0 774.0 1018.0 769.0 1036.0 708.0 1055.0 715.0 ship 0
1014.0 762.0 1000.0 758.0 1016.0 701.0 1033.0 708.0 ship 0
995.0 752.0 976.0 746.0 991.0 698.0 1009.0 702.0 ship 0
972.0 752.0 954.0 746.0 970.0 692.0 989.0 699.0 ship 0
926.0 736.0 908.0 731.0 927.0 675.0 944.0 682.0 ship 0
884.0 721.0 868.0 716.0 883.0 663.0 900.0 668.0 ship 0
1076.0 796.0 1059.0 792.0 1083.0 720.0 1102.0 727.0 ship 0
933.0 613.0 952.0 619.0 935.0 670.0 916.0 664.0 ship 0
888.0 606.0 903.0 612.0 892.0 653.0 876.0 648.0 ship 0
847.0 641.0 831.0 633.0 847.0 590.0 863.0 596.0 ship 0
1194.0 535.0 1190.0 551.0 1137.0 534.0 1142.0 517.0 ship 0
1206.0 618.0 1188.0 612.0 1202.0 562.0 1218.0 568.0 ship 0
1139.0 602.0 1121.0 596.0 1138.0 542.0 1155.0 550.0 ship 0
1059.0 784.0 1040.0 778.0 1056.0 712.0 1075.0 716.0 ship 0
1123.0 798.0 1109.0 792.0 1121.0 745.0 1137.0 749.0 ship 0
1116.0 978.0 1102.0 974.0 1114.0 922.0 1129.0 926.0 ship 0
955.0 922.0 940.0 917.0 957.0 869.0 971.0 874.0 ship 0
1085.0 969.0 1074.0 965.0 1090.0 915.0 1102.0 918.0 ship 0
1070.0 897.0 1093.0 904.0 1071.0 967.0 1050.0 958.0 ship 0
1040.0 943.0 1030.0 941.0 1041.0 909.0 1050.0 912.0 ship 0
1023.0 947.0 1007.0 940.0 1027.0 887.0 1043.0 895.0 ship 0
1000.0 885.0 1016.0 888.0 1003.0 942.0 988.0 938.0 ship 0
978.0 871.0 1001.0 878.0 979.0 936.0 957.0 930.0 ship 0
936.0 856.0 956.0 862.0 937.0 923.0 917.0 916.0 ship 0
1170.0 807.0 1151.0 799.0 1169.0 747.0 1186.0 752.0 ship 0
916.0 912.0 895.0 907.0 910.0 846.0 932.0 851.0 ship 0
872.0 962.0 860.0 959.0 878.0 910.0 890.0 916.0 ship 0
860.0 947.0 848.0 941.0 863.0 908.0 872.0 912.0 ship 0
830.0 903.0 851.0 910.0 835.0 955.0 814.0 948.0 ship 0
867.0 844.0 888.0 851.0 871.0 899.0 853.0 893.0 ship 0
1215.0 822.0 1196.0 814.0 1211.0 757.0 1232.0 765.0 ship 0
1298.0 554.0 1275.0 641.0 663.0 472.0 688.0 369.0 harbor 0
