imagesource:GoogleEarth
gsd:0.240001985697
423.0 84.0 417.0 89.0 405.0 73.0 413.0 69.0 small-vehicle 1
59.0 478.0 50.0 476.0 56.0 459.0 63.0 461.0 small-vehicle 0
188.0 24.0 196.0 29.0 186.0 49.0 178.0 43.0 small-vehicle 0
243.0 47.0 251.0 50.0 243.0 68.0 235.0 65.0 small-vehicle 0
163.0 449.0 169.0 436.0 192.0 450.0 187.0 461.0 small-vehicle 0
215.0 461.0 222.0 449.0 240.0 464.0 234.0 473.0 small-vehicle 0
26.0 465.0 15.0 461.0 25.0 441.0 35.0 445.0 small-vehicle 0
35.0 470.0 27.0 467.0 34.0 448.0 41.0 451.0 small-vehicle 0
48.0 475.0 38.0 472.0 46.0 453.0 54.0 456.0 small-vehicle 0
89.0 477.0 85.0 486.0 66.0 475.0 71.0 466.0 small-vehicle 0
656.0 286.0 663.0 278.0 715.0 321.0 709.0 330.0 large-vehicle 0
92.0 468.0 87.0 477.0 71.0 465.0 76.0 456.0 small-vehicle 0
99.0 460.0 93.0 468.0 76.0 455.0 81.0 447.0 small-vehicle 0
104.0 448.0 100.0 457.0 82.0 449.0 85.0 440.0 small-vehicle 0
135.0 470.0 125.0 464.0 135.0 445.0 144.0 450.0 small-vehicle 0
143.0 474.0 135.0 469.0 144.0 450.0 152.0 455.0 small-vehicle 0
153.0 480.0 144.0 475.0 152.0 457.0 161.0 462.0 small-vehicle 0
159.0 486.0 151.0 481.0 163.0 461.0 171.0 466.0 small-vehicle 0
170.0 36.0 161.0 31.0 169.0 15.0 177.0 19.0 small-vehicle 0
607.0 338.0 617.0 346.0 576.0 393.0 566.0 385.0 large-vehicle 0
341.0 273.0 347.0 269.0 361.0 284.0 354.0 289.0 small-vehicle 1
420.0 550.0 411.0 542.0 451.0 493.0 460.0 500.0 large-vehicle 0
301.0 443.0 293.0 452.0 240.0 408.0 248.0 398.0 large-vehicle 0
291.0 460.0 283.0 469.0 230.0 421.0 238.0 413.0 large-vehicle 0
264.0 524.0 273.0 533.0 229.0 585.0 220.0 577.0 large-vehicle 0
340.0 480.0 331.0 471.0 371.0 423.0 381.0 432.0 large-vehicle 0
375.0 510.0 365.0 501.0 406.0 453.0 416.0 461.0 large-vehicle 0
388.0 519.0 378.0 511.0 418.0 462.0 427.0 471.0 large-vehicle 0
399.0 529.0 389.0 521.0 429.0 472.0 439.0 481.0 large-vehicle 0
456.0 579.0 445.0 571.0 486.0 523.0 496.0 531.0 large-vehicle 0
562.0 298.0 571.0 306.0 530.0 354.0 520.0 346.0 large-vehicle 0
340.0 571.0 350.0 580.0 305.0 633.0 295.0 625.0 large-vehicle 0
401.0 633.0 412.0 643.0 368.0 694.0 358.0 686.0 large-vehicle 0
455.0 277.0 446.0 268.0 493.0 218.0 501.0 226.0 large-vehicle 0
495.0 240.0 504.0 248.0 462.0 295.0 453.0 288.0 large-vehicle 0
516.0 259.0 526.0 267.0 485.0 315.0 476.0 306.0 large-vehicle 0
527.0 268.0 537.0 276.0 497.0 325.0 488.0 317.0 large-vehicle 0
563.0 258.0 574.0 265.0 539.0 323.0 529.0 316.0 large-vehicle 0
170.0 490.0 162.0 485.0 174.0 463.0 181.0 468.0 small-vehicle 0
179.0 495.0 169.0 490.0 180.0 469.0 188.0 473.0 small-vehicle 0
189.0 498.0 180.0 493.0 191.0 475.0 199.0 479.0 small-vehicle 0
530.0 39.0 539.0 35.0 547.0 54.0 538.0 58.0 small-vehicle 0
139.0 710.0 129.0 702.0 145.0 686.0 153.0 693.0 small-vehicle 0
260.0 775.0 251.0 781.0 238.0 761.0 246.0 756.0 small-vehicle 0
276.0 790.0 269.0 797.0 257.0 779.0 265.0 773.0 small-vehicle 0
501.0 52.0 511.0 48.0 520.0 69.0 510.0 74.0 small-vehicle 0
475.0 39.0 484.0 35.0 490.0 53.0 483.0 58.0 small-vehicle 0
520.0 39.0 512.0 43.0 503.0 24.0 511.0 21.0 small-vehicle 0
521.0 43.0 530.0 40.0 537.0 62.0 528.0 65.0 small-vehicle 0
582.0 76.0 580.0 87.0 559.0 82.0 560.0 72.0 small-vehicle 0
199.0 504.0 190.0 498.0 199.0 478.0 209.0 483.0 small-vehicle 0
579.0 64.0 578.0 73.0 563.0 71.0 564.0 62.0 small-vehicle 0
386.0 224.0 394.0 216.0 408.0 231.0 402.0 238.0 small-vehicle 0
382.0 233.0 389.0 225.0 401.0 238.0 395.0 246.0 small-vehicle 0
594.0 89.0 594.0 98.0 574.0 96.0 575.0 87.0 small-vehicle 0
285.0 342.0 291.0 337.0 304.0 351.0 298.0 356.0 small-vehicle 0
370.0 247.0 376.0 243.0 387.0 257.0 381.0 260.0 small-vehicle 0
363.0 255.0 368.0 250.0 380.0 262.0 375.0 267.0 small-vehicle 1
93.0 691.0 85.0 679.0 113.0 657.0 121.0 667.0 small-vehicle 0
69.0 647.0 60.0 645.0 66.0 625.0 74.0 626.0 small-vehicle 0
32.0 615.0 21.0 611.0 28.0 593.0 38.0 597.0 small-vehicle 0
56.0 499.0 50.0 510.0 33.0 501.0 39.0 490.0 small-vehicle 0
207.0 509.0 198.0 503.0 209.0 481.0 217.0 486.0 small-vehicle 0
217.0 513.0 208.0 508.0 217.0 489.0 225.0 494.0 small-vehicle 0
227.0 518.0 219.0 514.0 228.0 492.0 235.0 496.0 small-vehicle 0
236.0 524.0 226.0 519.0 236.0 497.0 245.0 502.0 small-vehicle 0
197.0 538.0 206.0 541.0 201.0 560.0 192.0 557.0 small-vehicle 0
186.0 536.0 195.0 539.0 188.0 559.0 181.0 556.0 small-vehicle 0
177.0 531.0 185.0 533.0 179.0 551.0 172.0 549.0 small-vehicle 0
166.0 530.0 175.0 534.0 169.0 550.0 161.0 548.0 small-vehicle 0
159.0 524.0 167.0 526.0 160.0 545.0 151.0 542.0 small-vehicle 0
148.0 520.0 157.0 523.0 150.0 539.0 142.0 536.0 small-vehicle 0
138.0 513.0 148.0 516.0 141.0 536.0 132.0 534.0 small-vehicle 0
128.0 514.0 137.0 518.0 130.0 536.0 121.0 532.0 small-vehicle 0
118.0 511.0 127.0 515.0 121.0 531.0 111.0 528.0 small-vehicle 0
109.0 506.0 117.0 509.0 110.0 527.0 102.0 524.0 small-vehicle 0
100.0 499.0 109.0 504.0 101.0 523.0 91.0 519.0 small-vehicle 0
324.0 266.0 312.0 256.0 363.0 209.0 372.0 220.0 large-vehicle 0
