imagesource:GoogleEarth
gsd:0.268817894978
594.0 457.0 590.0 451.0 607.0 438.0 611.0 446.0 small-vehicle 0
595.0 275.0 600.0 283.0 574.0 300.0 569.0 292.0 large-vehicle 0
331.0 371.0 335.0 362.0 374.0 376.0 371.0 384.0 large-vehicle 0
322.0 378.0 326.0 370.0 364.0 386.0 359.0 395.0 large-vehicle 0
307.0 382.0 311.0 375.0 349.0 393.0 344.0 402.0 large-vehicle 0
299.0 392.0 304.0 384.0 336.0 404.0 332.0 412.0 large-vehicle 0
284.0 394.0 289.0 387.0 323.0 409.0 318.0 418.0 large-vehicle 0
275.0 402.0 279.0 394.0 313.0 419.0 308.0 426.0 large-vehicle 0
260.0 410.0 265.0 402.0 299.0 424.0 295.0 432.0 large-vehicle 0
249.0 419.0 254.0 412.0 288.0 432.0 282.0 441.0 large-vehicle 0
234.0 426.0 239.0 419.0 269.0 436.0 265.0 444.0 large-vehicle 0
607.0 295.0 612.0 304.0 587.0 321.0 582.0 313.0 large-vehicle 0
164.0 417.0 167.0 424.0 148.0 435.0 144.0 428.0 small-vehicle 0
619.0 316.0 626.0 324.0 598.0 343.0 592.0 334.0 large-vehicle 0
651.0 367.0 656.0 377.0 630.0 392.0 625.0 384.0 large-vehicle 0
657.0 378.0 661.0 386.0 634.0 404.0 629.0 396.0 large-vehicle 0
223.0 434.0 227.0 427.0 259.0 442.0 256.0 451.0 large-vehicle 0
404.0 272.0 412.0 268.0 433.0 301.0 426.0 305.0 large-vehicle 0
309.0 330.0 317.0 325.0 338.0 359.0 330.0 364.0 large-vehicle 0
261.0 353.0 269.0 349.0 291.0 382.0 284.0 388.0 large-vehicle 0
244.0 367.0 251.0 362.0 272.0 394.0 264.0 399.0 large-vehicle 0
221.0 379.0 229.0 374.0 252.0 407.0 245.0 413.0 large-vehicle 0
342.0 363.0 347.0 355.0 385.0 366.0 382.0 376.0 large-vehicle 0
359.0 357.0 362.0 348.0 396.0 359.0 393.0 368.0 large-vehicle 0
372.0 350.0 375.0 341.0 409.0 349.0 407.0 359.0 large-vehicle 0
76.0 562.0 83.0 557.0 101.0 582.0 92.0 589.0 large-vehicle 0
216.0 632.0 208.0 639.0 188.0 605.0 195.0 600.0 large-vehicle 0
206.0 642.0 199.0 645.0 182.0 617.0 189.0 612.0 large-vehicle 0
187.0 652.0 179.0 659.0 159.0 627.0 166.0 621.0 large-vehicle 0
176.0 660.0 168.0 664.0 149.0 632.0 157.0 626.0 large-vehicle 0
137.0 639.0 145.0 632.0 165.0 667.0 156.0 672.0 large-vehicle 0
436.0 472.0 443.0 468.0 461.0 498.0 454.0 502.0 large-vehicle 0
424.0 478.0 430.0 473.0 449.0 501.0 441.0 507.0 large-vehicle 0
365.0 496.0 359.0 488.0 394.0 467.0 399.0 474.0 large-vehicle 0
363.0 482.0 358.0 474.0 387.0 454.0 393.0 462.0 large-vehicle 0
568.0 385.0 576.0 381.0 594.0 415.0 586.0 420.0 large-vehicle 0
566.0 400.0 570.0 407.0 538.0 428.0 533.0 420.0 large-vehicle 0
559.0 385.0 565.0 394.0 534.0 415.0 528.0 407.0 large-vehicle 0
473.0 400.0 479.0 408.0 447.0 430.0 439.0 422.0 large-vehicle 0
189.0 484.0 195.0 480.0 220.0 515.0 213.0 521.0 large-vehicle 0
159.0 504.0 165.0 500.0 188.0 535.0 180.0 540.0 large-vehicle 0
151.0 513.0 159.0 509.0 179.0 543.0 171.0 549.0 large-vehicle 0
127.0 525.0 135.0 521.0 158.0 552.0 149.0 559.0 large-vehicle 0
96.0 545.0 104.0 539.0 127.0 574.0 118.0 580.0 large-vehicle 0
82.0 548.0 91.0 543.0 109.0 571.0 101.0 576.0 large-vehicle 0
233.0 372.0 240.0 366.0 260.0 400.0 252.0 406.0 large-vehicle 0
208.0 385.0 215.0 379.0 239.0 412.0 231.0 419.0 large-vehicle 0
199.0 392.0 207.0 388.0 228.0 421.0 219.0 426.0 large-vehicle 0
124.0 352.0 129.0 361.0 93.0 385.0 86.0 377.0 large-vehicle 0
339.0 193.0 346.0 189.0 368.0 221.0 359.0 226.0 large-vehicle 0
329.0 202.0 337.0 196.0 359.0 229.0 351.0 233.0 large-vehicle 0
319.0 206.0 328.0 201.0 348.0 234.0 339.0 239.0 large-vehicle 0
309.0 212.0 317.0 207.0 339.0 242.0 329.0 248.0 large-vehicle 0
298.0 222.0 307.0 217.0 329.0 248.0 322.0 255.0 large-vehicle 0
288.0 227.0 297.0 222.0 319.0 255.0 310.0 262.0 large-vehicle 0
278.0 233.0 287.0 227.0 309.0 262.0 301.0 268.0 large-vehicle 0
266.0 238.0 274.0 232.0 298.0 268.0 289.0 274.0 large-vehicle 0
257.0 242.0 264.0 238.0 288.0 274.0 279.0 280.0 large-vehicle 0
248.0 251.0 257.0 246.0 278.0 279.0 269.0 284.0 large-vehicle 0
235.0 254.0 243.0 249.0 266.0 283.0 257.0 289.0 large-vehicle 0
223.0 261.0 232.0 255.0 255.0 289.0 245.0 296.0 large-vehicle 0
214.0 267.0 222.0 262.0 243.0 295.0 234.0 302.0 large-vehicle 0
205.0 274.0 214.0 269.0 234.0 303.0 226.0 308.0 large-vehicle 0
194.0 280.0 202.0 274.0 224.0 307.0 216.0 313.0 large-vehicle 0
184.0 289.0 192.0 281.0 212.0 311.0 202.0 316.0 large-vehicle 0
172.0 291.0 180.0 286.0 203.0 319.0 195.0 325.0 large-vehicle 0
152.0 304.0 160.0 299.0 183.0 331.0 174.0 337.0 large-vehicle 0
163.0 297.0 170.0 293.0 189.0 322.0 181.0 325.0 large-vehicle 0
137.0 359.0 142.0 367.0 105.0 392.0 100.0 385.0 large-vehicle 0
179.0 343.0 181.0 334.0 220.0 339.0 219.0 350.0 large-vehicle 0
188.0 400.0 197.0 393.0 220.0 428.0 210.0 434.0 large-vehicle 0
253.0 302.0 253.0 294.0 293.0 294.0 293.0 303.0 large-vehicle 0
645.0 356.0 650.0 365.0 619.0 384.0 613.0 377.0 large-vehicle 0
639.0 346.0 645.0 355.0 619.0 372.0 612.0 364.0 large-vehicle 0
633.0 336.0 639.0 345.0 610.0 362.0 603.0 354.0 large-vehicle 0
626.0 324.0 631.0 332.0 604.0 351.0 599.0 343.0 large-vehicle 0
613.0 304.0 619.0 312.0 593.0 333.0 586.0 326.0 large-vehicle 0
600.0 283.0 608.0 291.0 577.0 314.0 570.0 306.0 large-vehicle 0
575.0 242.0 582.0 251.0 549.0 273.0 543.0 263.0 large-vehicle 0
569.0 230.0 576.0 238.0 545.0 262.0 538.0 253.0 large-vehicle 0
536.0 179.0 541.0 186.0 515.0 205.0 509.0 196.0 large-vehicle 0
532.0 163.0 539.0 174.0 506.0 197.0 499.0 188.0 large-vehicle 0
527.0 154.0 530.0 163.0 500.0 184.0 494.0 178.0 large-vehicle 0
518.0 144.0 525.0 152.0 495.0 175.0 488.0 166.0 large-vehicle 0
510.0 134.0 517.0 144.0 484.0 167.0 478.0 159.0 large-vehicle 0
507.0 125.0 512.0 132.0 489.0 151.0 482.0 143.0 large-vehicle 0
500.0 115.0 507.0 122.0 482.0 140.0 477.0 133.0 large-vehicle 0
497.0 104.0 501.0 113.0 477.0 131.0 470.0 122.0 large-vehicle 0
491.0 92.0 497.0 102.0 470.0 118.0 465.0 111.0 large-vehicle 0
343.0 255.0 341.0 245.0 379.0 239.0 381.0 249.0 large-vehicle 0
279.0 292.0 279.0 282.0 320.0 284.0 321.0 293.0 large-vehicle 0
228.0 628.0 219.0 633.0 200.0 601.0 208.0 595.0 large-vehicle 0
249.0 618.0 241.0 622.0 225.0 593.0 233.0 590.0 large-vehicle 0
261.0 612.0 252.0 615.0 233.0 582.0 239.0 577.0 large-vehicle 0
619.0 130.0 626.0 142.0 609.0 152.0 602.0 140.0 small-vehicle 0
565.0 150.0 575.0 156.0 562.0 178.0 553.0 172.0 small-vehicle 0
556.0 167.0 547.0 161.0 562.0 137.0 571.0 144.0 small-vehicle 0
550.0 157.0 539.0 152.0 555.0 128.0 565.0 135.0 small-vehicle 0
544.0 147.0 534.0 141.0 548.0 118.0 558.0 125.0 small-vehicle 0
538.0 137.0 528.0 130.0 542.0 109.0 552.0 116.0 small-vehicle 0
630.0 94.0 636.0 105.0 616.0 118.0 608.0 108.0 small-vehicle 0
624.0 81.0 630.0 93.0 606.0 106.0 599.0 94.0 small-vehicle 0
617.0 73.0 622.0 83.0 603.0 96.0 595.0 86.0 small-vehicle 0
609.0 62.0 616.0 74.0 594.0 86.0 586.0 75.0 small-vehicle 0
533.0 101.0 538.0 112.0 520.0 122.0 513.0 112.0 small-vehicle 0
418.0 138.0 425.0 133.0 445.0 163.0 438.0 167.0 large-vehicle 0
408.0 144.0 415.0 139.0 437.0 174.0 429.0 177.0 large-vehicle 0
396.0 150.0 404.0 145.0 426.0 180.0 418.0 185.0 large-vehicle 0
387.0 155.0 394.0 151.0 415.0 186.0 409.0 190.0 large-vehicle 0
377.0 162.0 384.0 158.0 407.0 194.0 399.0 198.0 large-vehicle 0
371.0 175.0 378.0 170.0 401.0 206.0 393.0 211.0 large-vehicle 0
238.0 625.0 231.0 629.0 213.0 600.0 221.0 595.0 large-vehicle 0
197.0 649.0 189.0 654.0 169.0 620.0 177.0 615.0 large-vehicle 0
177.0 490.0 185.0 485.0 209.0 521.0 201.0 526.0 large-vehicle 0
566.0 187.0 557.0 181.0 576.0 156.0 584.0 164.0 small-vehicle 0
635.0 109.0 642.0 119.0 623.0 131.0 616.0 121.0 small-vehicle 0
138.0 518.0 145.0 513.0 164.0 540.0 155.0 545.0 large-vehicle 0
643.0 118.0 648.0 128.0 631.0 141.0 624.0 132.0 small-vehicle 0
124.0 337.0 128.0 344.0 110.0 356.0 105.0 348.0 small-vehicle 0
665.0 416.0 660.0 409.0 678.0 398.0 681.0 404.0 small-vehicle 1
683.0 276.0 672.0 273.0 676.0 244.0 687.0 247.0 small-vehicle 0
648.0 288.0 654.0 300.0 633.0 313.0 624.0 301.0 small-vehicle 0
637.0 279.0 642.0 289.0 627.0 300.0 620.0 292.0 small-vehicle 0
634.0 268.0 641.0 278.0 623.0 290.0 616.0 281.0 small-vehicle 0
631.0 257.0 639.0 267.0 618.0 280.0 611.0 271.0 small-vehicle 0
624.0 248.0 628.0 257.0 608.0 269.0 603.0 259.0 small-vehicle 0
619.0 237.0 625.0 245.0 606.0 257.0 602.0 248.0 small-vehicle 0
604.0 246.0 594.0 241.0 611.0 214.0 621.0 221.0 small-vehicle 0
595.0 234.0 586.0 228.0 603.0 204.0 612.0 211.0 small-vehicle 0
588.0 220.0 579.0 214.0 593.0 191.0 602.0 197.0 small-vehicle 0
580.0 207.0 571.0 200.0 584.0 183.0 593.0 189.0 small-vehicle 0
574.0 194.0 566.0 190.0 577.0 174.0 584.0 179.0 small-vehicle 0
672.0 211.0 666.0 202.0 684.0 189.0 689.0 198.0 small-vehicle 0
680.0 178.0 686.0 188.0 667.0 200.0 661.0 191.0 small-vehicle 0
658.0 182.0 649.0 175.0 668.0 156.0 675.0 165.0 small-vehicle 0
658.0 145.0 663.0 155.0 645.0 168.0 638.0 158.0 small-vehicle 0
652.0 132.0 657.0 142.0 641.0 152.0 634.0 144.0 small-vehicle 0
166.0 497.0 175.0 492.0 197.0 526.0 189.0 533.0 large-vehicle 0
115.0 530.0 123.0 525.0 147.0 559.0 139.0 565.0 large-vehicle 0
271.0 605.0 263.0 609.0 243.0 578.0 250.0 572.0 large-vehicle 0
392.0 278.0 398.0 273.0 418.0 300.0 410.0 305.0 large-vehicle 0
370.0 290.0 377.0 286.0 401.0 318.0 394.0 323.0 large-vehicle 0
360.0 296.0 366.0 292.0 390.0 325.0 381.0 331.0 large-vehicle 0
339.0 308.0 345.0 303.0 366.0 339.0 359.0 344.0 large-vehicle 0
329.0 314.0 336.0 308.0 359.0 345.0 351.0 350.0 large-vehicle 0
318.0 322.0 326.0 316.0 349.0 349.0 341.0 355.0 large-vehicle 0
297.0 334.0 305.0 329.0 326.0 366.0 318.0 370.0 large-vehicle 0
285.0 339.0 293.0 333.0 314.0 370.0 306.0 374.0 large-vehicle 0
403.0 318.0 404.0 310.0 444.0 313.0 444.0 322.0 large-vehicle 0
546.0 442.0 541.0 435.0 573.0 412.0 578.0 421.0 large-vehicle 0
125.0 644.0 134.0 639.0 152.0 672.0 144.0 676.0 large-vehicle 0
266.0 543.0 274.0 538.0 297.0 576.0 289.0 581.0 large-vehicle 0
296.0 281.0 296.0 272.0 333.0 271.0 333.0 281.0 large-vehicle 0
234.0 312.0 235.0 304.0 270.0 307.0 271.0 316.0 large-vehicle 0
214.0 322.0 216.0 314.0 252.0 318.0 252.0 327.0 large-vehicle 0
193.0 335.0 194.0 326.0 235.0 329.0 235.0 338.0 large-vehicle 0
161.0 349.0 164.0 340.0 203.0 350.0 199.0 360.0 large-vehicle 0
322.0 269.0 321.0 257.0 362.0 257.0 362.0 268.0 large-vehicle 0
257.0 550.0 264.0 545.0 285.0 578.0 279.0 582.0 large-vehicle 0
282.0 599.0 274.0 602.0 255.0 571.0 262.0 566.0 large-vehicle 0
381.0 282.0 388.0 279.0 406.0 306.0 398.0 311.0 large-vehicle 0
413.0 263.0 420.0 259.0 438.0 286.0 432.0 290.0 large-vehicle 0
105.0 536.0 112.0 531.0 136.0 566.0 128.0 572.0 large-vehicle 0
428.0 260.0 435.0 256.0 451.0 284.0 444.0 288.0 large-vehicle 0
211.0 442.0 214.0 434.0 251.0 451.0 248.0 460.0 large-vehicle 0
467.0 387.0 473.0 396.0 443.0 417.0 437.0 407.0 large-vehicle 0
452.0 454.0 460.0 450.0 480.0 479.0 472.0 484.0 large-vehicle 0
444.0 465.0 453.0 460.0 472.0 490.0 464.0 495.0 large-vehicle 0
407.0 493.0 413.0 488.0 429.0 510.0 421.0 514.0 large-vehicle 0
415.0 485.0 422.0 480.0 437.0 502.0 430.0 507.0 large-vehicle 0
396.0 497.0 405.0 491.0 418.0 511.0 409.0 516.0 large-vehicle 0
390.0 508.0 398.0 504.0 410.0 524.0 401.0 529.0 large-vehicle 0
469.0 453.0 476.0 449.0 491.0 470.0 483.0 476.0 large-vehicle 0
584.0 253.0 589.0 263.0 557.0 283.0 550.0 275.0 large-vehicle 0
590.0 263.0 595.0 271.0 562.0 294.0 556.0 285.0 large-vehicle 0
476.0 416.0 480.0 424.0 452.0 441.0 446.0 434.0 large-vehicle 0
451.0 366.0 456.0 374.0 422.0 396.0 416.0 387.0 large-vehicle 0
446.0 353.0 453.0 361.0 424.0 379.0 418.0 371.0 large-vehicle 0
460.0 377.0 465.0 386.0 431.0 408.0 426.0 398.0 large-vehicle 0
346.0 471.0 341.0 463.0 375.0 441.0 380.0 451.0 large-vehicle 0
384.0 339.0 387.0 330.0 426.0 339.0 425.0 348.0 large-vehicle 1
396.0 329.0 397.0 320.0 441.0 325.0 440.0 335.0 large-vehicle 0
434.0 308.0 435.0 299.0 470.0 300.0 470.0 309.0 large-vehicle 0
141.0 311.0 148.0 305.0 169.0 334.0 162.0 340.0 large-vehicle 0
