imagesource:GoogleEarth
gsd:0.229908179796
814.0 640.0 815.0 649.0 798.0 651.0 796.0 643.0 small-vehicle 0
231.0 577.0 240.0 571.0 264.0 616.0 254.0 621.0 large-vehicle 0
264.0 574.0 272.0 568.0 297.0 613.0 287.0 619.0 large-vehicle 0
281.0 574.0 289.0 568.0 314.0 612.0 304.0 619.0 large-vehicle 0
296.0 571.0 305.0 566.0 330.0 609.0 320.0 615.0 large-vehicle 0
328.0 569.0 338.0 564.0 362.0 607.0 350.0 615.0 large-vehicle 0
378.0 608.0 369.0 613.0 346.0 569.0 355.0 563.0 large-vehicle 0
395.0 605.0 385.0 613.0 361.0 566.0 371.0 560.0 large-vehicle 0
429.0 604.0 419.0 610.0 394.0 566.0 404.0 559.0 large-vehicle 0
446.0 603.0 435.0 609.0 413.0 564.0 422.0 558.0 large-vehicle 0
254.0 541.0 244.0 546.0 223.0 499.0 233.0 495.0 large-vehicle 0
319.0 536.0 309.0 541.0 286.0 496.0 296.0 490.0 large-vehicle 0
334.0 535.0 324.0 540.0 302.0 494.0 312.0 489.0 large-vehicle 0
365.0 534.0 355.0 539.0 332.0 489.0 342.0 483.0 large-vehicle 0
429.0 530.0 418.0 535.0 397.0 485.0 408.0 479.0 large-vehicle 0
542.0 521.0 531.0 527.0 510.0 478.0 519.0 473.0 large-vehicle 0
559.0 523.0 549.0 526.0 525.0 476.0 535.0 471.0 large-vehicle 0
574.0 521.0 564.0 526.0 545.0 479.0 555.0 474.0 large-vehicle 0
625.0 520.0 613.0 525.0 592.0 478.0 603.0 472.0 large-vehicle 0
641.0 518.0 628.0 522.0 607.0 476.0 618.0 470.0 large-vehicle 0
522.0 160.0 514.0 168.0 484.0 121.0 492.0 115.0 large-vehicle 0
539.0 159.0 528.0 166.0 502.0 119.0 510.0 113.0 large-vehicle 0
576.0 156.0 566.0 163.0 536.0 118.0 545.0 111.0 large-vehicle 0
596.0 155.0 587.0 163.0 555.0 115.0 564.0 109.0 large-vehicle 0
615.0 155.0 605.0 161.0 575.0 115.0 583.0 108.0 large-vehicle 0
672.0 155.0 659.0 162.0 629.0 114.0 639.0 106.0 large-vehicle 0
692.0 154.0 681.0 159.0 651.0 113.0 659.0 107.0 large-vehicle 0
711.0 153.0 700.0 159.0 671.0 113.0 679.0 106.0 large-vehicle 0
731.0 153.0 720.0 158.0 688.0 113.0 698.0 105.0 large-vehicle 0
247.0 576.0 255.0 571.0 280.0 615.0 270.0 621.0 large-vehicle 0
557.0 715.0 548.0 708.0 596.0 648.0 605.0 655.0 large-vehicle 0
790.0 153.0 779.0 161.0 745.0 112.0 756.0 104.0 large-vehicle 0
518.0 720.0 509.0 713.0 554.0 650.0 564.0 658.0 large-vehicle 0
166.0 428.0 166.0 440.0 116.0 444.0 115.0 432.0 large-vehicle 0
98.0 439.0 99.0 450.0 44.0 452.0 44.0 442.0 large-vehicle 0
97.0 453.0 96.0 465.0 47.0 469.0 46.0 458.0 large-vehicle 0
104.0 470.0 104.0 483.0 52.0 487.0 53.0 474.0 large-vehicle 0
104.0 487.0 105.0 498.0 50.0 501.0 50.0 491.0 large-vehicle 0
105.0 505.0 105.0 518.0 50.0 519.0 50.0 509.0 large-vehicle 0
103.0 526.0 104.0 539.0 55.0 540.0 54.0 529.0 large-vehicle 0
106.0 545.0 106.0 557.0 51.0 561.0 51.0 550.0 large-vehicle 0
101.0 641.0 101.0 630.0 152.0 627.0 153.0 639.0 large-vehicle 0
78.0 659.0 78.0 649.0 154.0 643.0 155.0 654.0 large-vehicle 0
80.0 675.0 79.0 663.0 155.0 659.0 155.0 670.0 large-vehicle 0
80.0 691.0 80.0 681.0 155.0 675.0 156.0 686.0 large-vehicle 0
104.0 706.0 104.0 695.0 155.0 691.0 156.0 704.0 large-vehicle 0
80.0 721.0 80.0 711.0 157.0 706.0 158.0 716.0 large-vehicle 0
106.0 754.0 107.0 743.0 159.0 739.0 159.0 750.0 large-vehicle 0
279.0 741.0 271.0 734.0 316.0 673.0 324.0 680.0 large-vehicle 0
299.0 740.0 291.0 733.0 334.0 671.0 343.0 678.0 large-vehicle 0
319.0 739.0 310.0 731.0 353.0 669.0 362.0 676.0 large-vehicle 0
338.0 737.0 330.0 731.0 373.0 668.0 382.0 675.0 large-vehicle 0
360.0 733.0 352.0 728.0 394.0 664.0 403.0 671.0 large-vehicle 0
379.0 731.0 371.0 724.0 414.0 663.0 423.0 670.0 large-vehicle 0
397.0 731.0 387.0 724.0 433.0 661.0 443.0 669.0 large-vehicle 0
416.0 729.0 408.0 722.0 453.0 660.0 463.0 668.0 large-vehicle 0
437.0 728.0 428.0 719.0 473.0 658.0 483.0 665.0 large-vehicle 0
457.0 727.0 448.0 720.0 492.0 656.0 501.0 664.0 large-vehicle 0
478.0 722.0 470.0 715.0 513.0 654.0 521.0 660.0 large-vehicle 0
498.0 722.0 488.0 714.0 532.0 653.0 541.0 659.0 large-vehicle 0
749.0 149.0 738.0 155.0 708.0 111.0 717.0 104.0 large-vehicle 0
813.0 151.0 801.0 159.0 768.0 111.0 777.0 105.0 large-vehicle 0
921.0 239.0 912.0 240.0 909.0 218.0 919.0 218.0 small-vehicle 0
346.0 189.0 346.0 177.0 365.0 177.0 366.0 188.0 small-vehicle 0
316.0 126.0 327.0 125.0 326.0 145.0 316.0 145.0 small-vehicle 0
326.0 125.0 338.0 124.0 338.0 145.0 326.0 145.0 small-vehicle 0
337.0 124.0 347.0 124.0 348.0 144.0 338.0 145.0 small-vehicle 0
421.0 136.0 420.0 125.0 441.0 125.0 441.0 135.0 small-vehicle 0
445.0 134.0 444.0 124.0 464.0 124.0 464.0 133.0 small-vehicle 0
419.0 151.0 419.0 139.0 439.0 139.0 440.0 150.0 small-vehicle 0
420.0 163.0 419.0 151.0 440.0 152.0 440.0 162.0 small-vehicle 0
445.0 160.0 444.0 149.0 466.0 150.0 465.0 160.0 small-vehicle 0
446.0 162.0 445.0 173.0 422.0 173.0 422.0 162.0 small-vehicle 0
447.0 182.0 447.0 170.0 469.0 173.0 468.0 182.0 small-vehicle 0
426.0 195.0 426.0 184.0 444.0 185.0 444.0 194.0 small-vehicle 0
426.0 207.0 425.0 195.0 446.0 194.0 445.0 205.0 small-vehicle 0
449.0 204.0 448.0 194.0 466.0 193.0 466.0 203.0 small-vehicle 0
453.0 215.0 452.0 204.0 471.0 203.0 471.0 214.0 small-vehicle 0
447.0 207.0 447.0 218.0 425.0 219.0 425.0 209.0 small-vehicle 0
451.0 226.0 450.0 215.0 466.0 216.0 466.0 226.0 small-vehicle 0
452.0 227.0 451.0 237.0 428.0 236.0 429.0 224.0 small-vehicle 0
450.0 249.0 450.0 237.0 470.0 234.0 471.0 246.0 small-vehicle 0
536.0 256.0 526.0 256.0 524.0 235.0 533.0 235.0 small-vehicle 0
568.0 258.0 559.0 258.0 559.0 238.0 568.0 239.0 small-vehicle 0
601.0 255.0 590.0 255.0 587.0 233.0 597.0 233.0 small-vehicle 0
183.0 323.0 183.0 313.0 204.0 313.0 205.0 322.0 small-vehicle 0
57.0 321.0 58.0 331.0 30.0 331.0 28.0 322.0 small-vehicle 0
80.0 322.0 80.0 330.0 62.0 330.0 62.0 323.0 small-vehicle 1
790.0 85.0 790.0 76.0 806.0 75.0 807.0 83.0 small-vehicle 1
885.0 219.0 894.0 219.0 895.0 236.0 886.0 238.0 small-vehicle 1
895.0 218.0 903.0 217.0 905.0 236.0 897.0 237.0 small-vehicle 0
393.0 155.0 393.0 164.0 375.0 165.0 375.0 156.0 small-vehicle 0
347.0 201.0 347.0 190.0 369.0 190.0 369.0 201.0 small-vehicle 0
831.0 150.0 820.0 158.0 786.0 110.0 796.0 103.0 large-vehicle 0
352.0 211.0 352.0 200.0 370.0 201.0 369.0 210.0 small-vehicle 0
850.0 148.0 840.0 155.0 806.0 109.0 816.0 102.0 large-vehicle 0
894.0 149.0 884.0 156.0 848.0 109.0 856.0 102.0 large-vehicle 0
183.0 135.0 191.0 127.0 203.0 141.0 196.0 148.0 small-vehicle 0
200.0 134.0 208.0 128.0 217.0 140.0 210.0 145.0 small-vehicle 0
213.0 135.0 222.0 128.0 232.0 144.0 225.0 150.0 small-vehicle 0
224.0 133.0 233.0 126.0 248.0 144.0 239.0 152.0 small-vehicle 0
241.0 257.0 255.0 256.0 256.0 280.0 243.0 280.0 small-vehicle 0
254.0 256.0 267.0 257.0 267.0 280.0 255.0 280.0 small-vehicle 0
267.0 256.0 278.0 256.0 277.0 275.0 268.0 275.0 small-vehicle 0
279.0 255.0 289.0 255.0 287.0 275.0 279.0 274.0 small-vehicle 0
288.0 255.0 299.0 255.0 300.0 275.0 288.0 275.0 small-vehicle 0
299.0 256.0 302.0 245.0 321.0 254.0 318.0 263.0 small-vehicle 0
297.0 233.0 302.0 222.0 320.0 232.0 315.0 241.0 small-vehicle 0
108.0 601.0 95.0 605.0 87.0 572.0 102.0 574.0 small-vehicle 0
119.0 601.0 108.0 604.0 101.0 572.0 112.0 570.0 small-vehicle 0
131.0 602.0 118.0 604.0 112.0 568.0 124.0 566.0 small-vehicle 0
141.0 601.0 129.0 602.0 126.0 568.0 138.0 567.0 small-vehicle 0
152.0 601.0 142.0 601.0 139.0 569.0 151.0 568.0 small-vehicle 0
380.0 263.0 379.0 251.0 399.0 252.0 398.0 263.0 small-vehicle 0
445.0 249.0 445.0 259.0 425.0 260.0 425.0 250.0 small-vehicle 0
397.0 241.0 397.0 251.0 378.0 251.0 378.0 241.0 small-vehicle 0
369.0 233.0 369.0 244.0 351.0 245.0 350.0 234.0 small-vehicle 0
349.0 233.0 349.0 223.0 368.0 222.0 368.0 233.0 small-vehicle 0
349.0 223.0 349.0 212.0 368.0 212.0 368.0 222.0 small-vehicle 0
378.0 230.0 377.0 218.0 399.0 218.0 399.0 229.0 small-vehicle 0
378.0 218.0 378.0 209.0 398.0 209.0 398.0 218.0 small-vehicle 0
376.0 208.0 375.0 198.0 395.0 198.0 395.0 207.0 small-vehicle 0
165.0 379.0 166.0 390.0 116.0 391.0 116.0 380.0 large-vehicle 0
