imagesource:GoogleEarth
gsd:0.11640571934
1004.0 1102.0 1023.0 1097.0 1033.0 1137.0 1017.0 1141.0 small-vehicle 0
813.0 499.0 805.0 479.0 903.0 449.0 911.0 469.0 large-vehicle 0
789.0 419.0 780.0 399.0 879.0 366.0 886.0 387.0 large-vehicle 0
797.0 445.0 789.0 425.0 887.0 392.0 893.0 413.0 large-vehicle 0
1073.0 251.0 1080.0 271.0 984.0 301.0 977.0 279.0 large-vehicle 0
1079.0 279.0 1087.0 299.0 993.0 328.0 985.0 309.0 large-vehicle 0
1086.0 307.0 1091.0 326.0 1001.0 355.0 994.0 334.0 large-vehicle 0
1093.0 331.0 1100.0 353.0 1007.0 381.0 1000.0 359.0 large-vehicle 0
1103.0 359.0 1109.0 379.0 1015.0 407.0 1010.0 385.0 large-vehicle 0
1111.0 382.0 1118.0 403.0 1025.0 433.0 1017.0 414.0 large-vehicle 0
805.0 471.0 797.0 452.0 895.0 418.0 901.0 438.0 large-vehicle 0
1115.0 410.0 1123.0 431.0 1031.0 459.0 1023.0 438.0 large-vehicle 0
821.0 526.0 813.0 504.0 911.0 475.0 918.0 495.0 large-vehicle 0
1013.0 1144.0 999.0 1150.0 986.0 1115.0 1000.0 1109.0 small-vehicle 0
1131.0 435.0 1138.0 455.0 1040.0 485.0 1033.0 464.0 large-vehicle 0
836.0 581.0 829.0 559.0 927.0 529.0 934.0 549.0 large-vehicle 0
1145.0 487.0 1152.0 507.0 1056.0 535.0 1049.0 516.0 large-vehicle 0
846.0 606.0 839.0 586.0 938.0 556.0 945.0 576.0 large-vehicle 0
855.0 633.0 847.0 614.0 947.0 583.0 953.0 602.0 large-vehicle 0
863.0 659.0 857.0 639.0 956.0 611.0 961.0 633.0 large-vehicle 0
1135.0 545.0 1143.0 564.0 1065.0 593.0 1057.0 571.0 large-vehicle 0
1146.0 572.0 1152.0 591.0 1077.0 616.0 1069.0 596.0 large-vehicle 0
1166.0 595.0 1172.0 615.0 1086.0 640.0 1079.0 620.0 large-vehicle 0
1184.0 619.0 1190.0 640.0 1095.0 667.0 1088.0 647.0 large-vehicle 0
783.0 388.0 777.0 369.0 872.0 341.0 878.0 359.0 large-vehicle 0
626.0 1004.0 619.0 985.0 720.0 953.0 726.0 975.0 large-vehicle 0
620.0 979.0 612.0 959.0 712.0 930.0 719.0 952.0 large-vehicle 0
612.0 952.0 605.0 932.0 703.0 904.0 709.0 925.0 large-vehicle 0
240.0 547.0 245.0 568.0 149.0 599.0 142.0 578.0 large-vehicle 0
247.0 574.0 254.0 595.0 156.0 627.0 150.0 602.0 large-vehicle 0
257.0 598.0 263.0 619.0 167.0 651.0 158.0 631.0 large-vehicle 0
390.0 1063.0 396.0 1084.0 299.0 1112.0 291.0 1091.0 large-vehicle 0
397.0 1088.0 402.0 1109.0 307.0 1136.0 299.0 1116.0 large-vehicle 0
534.0 616.0 514.0 623.0 483.0 527.0 505.0 519.0 large-vehicle 0
563.0 609.0 542.0 617.0 511.0 519.0 531.0 512.0 large-vehicle 0
525.0 660.0 518.0 641.0 616.0 613.0 622.0 632.0 large-vehicle 0
534.0 690.0 527.0 668.0 622.0 636.0 630.0 657.0 large-vehicle 0
821.0 561.0 827.0 581.0 730.0 609.0 722.0 588.0 large-vehicle 0
828.0 587.0 836.0 607.0 737.0 634.0 729.0 613.0 large-vehicle 0
836.0 615.0 843.0 637.0 746.0 661.0 737.0 639.0 large-vehicle 0
541.0 713.0 533.0 693.0 631.0 663.0 638.0 684.0 large-vehicle 0
549.0 742.0 542.0 720.0 639.0 691.0 644.0 710.0 large-vehicle 0
556.0 767.0 549.0 746.0 648.0 718.0 654.0 738.0 large-vehicle 0
564.0 793.0 557.0 774.0 655.0 746.0 661.0 764.0 large-vehicle 0
571.0 818.0 564.0 798.0 663.0 771.0 670.0 790.0 large-vehicle 0
581.0 846.0 573.0 827.0 672.0 798.0 678.0 818.0 large-vehicle 0
588.0 871.0 580.0 851.0 679.0 824.0 685.0 843.0 large-vehicle 0
595.0 898.0 588.0 878.0 689.0 850.0 694.0 870.0 large-vehicle 0
603.0 927.0 596.0 905.0 695.0 875.0 701.0 896.0 large-vehicle 0
1193.0 644.0 1199.0 665.0 1103.0 695.0 1096.0 672.0 large-vehicle 0
1200.0 670.0 1206.0 691.0 1109.0 718.0 1104.0 698.0 large-vehicle 0
1210.0 691.0 1216.0 713.0 1118.0 743.0 1111.0 722.0 large-vehicle 0
806.0 35.0 798.0 14.0 833.0 5.0 839.0 23.0 small-vehicle 0
681.0 173.0 684.0 190.0 651.0 197.0 647.0 180.0 small-vehicle 0
146.0 575.0 138.0 556.0 177.0 541.0 182.0 561.0 small-vehicle 0
632.0 433.0 627.0 419.0 658.0 407.0 663.0 424.0 small-vehicle 0
669.0 468.0 674.0 486.0 641.0 497.0 635.0 479.0 small-vehicle 0
675.0 490.0 681.0 504.0 647.0 517.0 641.0 501.0 small-vehicle 0
603.0 592.0 587.0 597.0 575.0 556.0 591.0 553.0 small-vehicle 0
220.0 1289.0 217.0 1273.0 248.0 1267.0 250.0 1283.0 small-vehicle 0
353.0 1274.0 333.0 1279.0 318.0 1235.0 338.0 1228.0 small-vehicle 0
373.0 1258.0 356.0 1265.0 343.0 1230.0 359.0 1225.0 small-vehicle 0
437.0 1233.0 430.0 1246.0 391.0 1222.0 399.0 1208.0 small-vehicle 0
477.0 1228.0 474.0 1216.0 503.0 1207.0 507.0 1219.0 small-vehicle 0
425.0 1288.0 409.0 1292.0 404.0 1257.0 420.0 1255.0 small-vehicle 0
481.0 1265.0 498.0 1261.0 509.0 1296.0 491.0 1300.0 small-vehicle 0
502.0 1261.0 519.0 1257.0 527.0 1289.0 512.0 1294.0 small-vehicle 0
549.0 1284.0 535.0 1289.0 522.0 1254.0 537.0 1249.0 small-vehicle 1
573.0 1277.0 558.0 1284.0 547.0 1253.0 562.0 1247.0 small-vehicle 1
562.0 1239.0 578.0 1235.0 588.0 1266.0 573.0 1270.0 small-vehicle 1
607.0 1265.0 593.0 1271.0 580.0 1237.0 595.0 1232.0 small-vehicle 1
911.0 1072.0 906.0 1061.0 939.0 1051.0 942.0 1063.0 small-vehicle 1
965.0 1058.0 962.0 1045.0 993.0 1038.0 996.0 1051.0 small-vehicle 1
992.0 1146.0 976.0 1150.0 964.0 1114.0 981.0 1109.0 small-vehicle 0
643.0 183.0 646.0 200.0 612.0 209.0 607.0 191.0 small-vehicle 0
536.0 119.0 531.0 98.0 566.0 89.0 571.0 108.0 small-vehicle 0
1215.0 720.0 1222.0 740.0 1125.0 768.0 1119.0 748.0 large-vehicle 0
514.0 196.0 519.0 214.0 484.0 222.0 478.0 204.0 small-vehicle 0
1222.0 745.0 1228.0 765.0 1131.0 793.0 1125.0 773.0 large-vehicle 0
1230.0 766.0 1235.0 786.0 1141.0 818.0 1134.0 797.0 large-vehicle 0
1009.0 797.0 1015.0 818.0 920.0 846.0 912.0 824.0 large-vehicle 0
1126.0 850.0 1112.0 866.0 1039.0 795.0 1054.0 779.0 large-vehicle 0
903.0 837.0 910.0 859.0 814.0 887.0 806.0 867.0 large-vehicle 0
1017.0 825.0 1023.0 845.0 927.0 875.0 921.0 854.0 large-vehicle 0
911.0 865.0 919.0 886.0 823.0 914.0 815.0 894.0 large-vehicle 0
921.0 890.0 927.0 911.0 828.0 939.0 822.0 920.0 large-vehicle 0
1026.0 852.0 1033.0 873.0 936.0 902.0 928.0 882.0 large-vehicle 0
1034.0 880.0 1041.0 900.0 944.0 928.0 936.0 907.0 large-vehicle 0
929.0 916.0 934.0 935.0 835.0 966.0 829.0 946.0 large-vehicle 0
1045.0 907.0 1050.0 926.0 973.0 950.0 967.0 931.0 large-vehicle 0
1233.0 794.0 1241.0 814.0 1147.0 846.0 1140.0 826.0 large-vehicle 0
1239.0 821.0 1246.0 841.0 1153.0 868.0 1146.0 848.0 large-vehicle 0
1231.0 850.0 1237.0 868.0 1162.0 893.0 1155.0 873.0 large-vehicle 0
963.0 994.0 970.0 1014.0 872.0 1044.0 866.0 1025.0 large-vehicle 0
115.0 313.0 119.0 329.0 85.0 340.0 80.0 324.0 small-vehicle 0
63.0 303.0 66.0 320.0 40.0 325.0 36.0 311.0 small-vehicle 0
206.0 257.0 210.0 276.0 173.0 286.0 166.0 267.0 small-vehicle 0
332.0 252.0 328.0 233.0 364.0 226.0 367.0 243.0 small-vehicle 0
396.0 215.0 392.0 197.0 426.0 191.0 429.0 208.0 small-vehicle 0
226.0 501.0 233.0 523.0 134.0 549.0 129.0 527.0 large-vehicle 0
