imagesource:GoogleEarth
gsd:0.126449581826
521.0 411.0 522.0 391.0 558.0 392.0 557.0 411.0 small-vehicle 0
216.0 655.0 233.0 663.0 196.0 745.0 179.0 736.0 large-vehicle 0
294.0 576.0 292.0 598.0 200.0 595.0 201.0 574.0 large-vehicle 0
406.0 592.0 404.0 614.0 309.0 607.0 310.0 585.0 large-vehicle 0
292.0 602.0 291.0 624.0 194.0 621.0 195.0 601.0 large-vehicle 0
416.0 620.0 412.0 643.0 312.0 632.0 314.0 610.0 large-vehicle 0
293.0 628.0 293.0 649.0 195.0 647.0 195.0 627.0 large-vehicle 0
406.0 650.0 404.0 671.0 321.0 660.0 325.0 639.0 large-vehicle 0
544.0 615.0 543.0 637.0 446.0 632.0 446.0 610.0 large-vehicle 0
558.0 652.0 556.0 674.0 457.0 664.0 459.0 643.0 large-vehicle 0
248.0 653.0 266.0 660.0 227.0 753.0 208.0 744.0 large-vehicle 0
528.0 436.0 529.0 417.0 562.0 418.0 562.0 436.0 small-vehicle 0
271.0 656.0 292.0 665.0 253.0 758.0 234.0 750.0 large-vehicle 0
294.0 676.0 310.0 683.0 280.0 760.0 264.0 753.0 large-vehicle 0
326.0 668.0 344.0 676.0 308.0 768.0 291.0 760.0 large-vehicle 0
350.0 678.0 370.0 686.0 333.0 773.0 314.0 763.0 large-vehicle 0
375.0 682.0 397.0 691.0 360.0 778.0 339.0 769.0 large-vehicle 0
405.0 685.0 423.0 693.0 386.0 782.0 368.0 774.0 large-vehicle 0
426.0 703.0 446.0 710.0 413.0 787.0 394.0 778.0 large-vehicle 0
454.0 706.0 472.0 715.0 439.0 792.0 422.0 783.0 large-vehicle 0
241.0 540.0 219.0 546.0 198.0 445.0 218.0 438.0 large-vehicle 0
265.0 520.0 242.0 526.0 223.0 430.0 245.0 425.0 large-vehicle 0
294.0 532.0 274.0 536.0 255.0 437.0 274.0 432.0 large-vehicle 0
324.0 542.0 303.0 548.0 282.0 447.0 303.0 442.0 large-vehicle 0
553.0 141.0 531.0 145.0 516.0 44.0 536.0 40.0 large-vehicle 0
580.0 136.0 557.0 138.0 545.0 44.0 565.0 40.0 large-vehicle 0
603.0 137.0 581.0 139.0 574.0 46.0 594.0 42.0 large-vehicle 0
628.0 133.0 606.0 136.0 598.0 44.0 618.0 41.0 large-vehicle 0
729.0 566.0 707.0 561.0 727.0 467.0 749.0 472.0 large-vehicle 0
700.0 561.0 680.0 555.0 702.0 455.0 722.0 461.0 large-vehicle 0
625.0 556.0 602.0 562.0 588.0 469.0 610.0 464.0 large-vehicle 0
597.0 561.0 576.0 565.0 557.0 467.0 577.0 464.0 large-vehicle 0
569.0 553.0 548.0 557.0 528.0 464.0 550.0 460.0 large-vehicle 0
542.0 548.0 520.0 553.0 504.0 463.0 523.0 459.0 large-vehicle 0
512.0 550.0 489.0 554.0 476.0 460.0 495.0 457.0 large-vehicle 0
486.0 548.0 465.0 554.0 446.0 460.0 465.0 455.0 large-vehicle 0
460.0 549.0 436.0 554.0 418.0 459.0 438.0 454.0 large-vehicle 0
431.0 542.0 410.0 548.0 391.0 455.0 411.0 452.0 large-vehicle 0
404.0 546.0 381.0 553.0 363.0 454.0 385.0 450.0 large-vehicle 0
377.0 540.0 355.0 545.0 337.0 451.0 356.0 447.0 large-vehicle 0
350.0 537.0 329.0 541.0 311.0 449.0 334.0 444.0 large-vehicle 0
485.0 698.0 504.0 706.0 466.0 797.0 447.0 788.0 large-vehicle 0
509.0 706.0 528.0 715.0 491.0 801.0 472.0 792.0 large-vehicle 0
539.0 709.0 558.0 718.0 519.0 807.0 499.0 797.0 large-vehicle 0
328.0 1236.0 307.0 1236.0 308.0 1138.0 330.0 1138.0 large-vehicle 0
588.0 1285.0 567.0 1280.0 581.0 1211.0 602.0 1215.0 large-vehicle 0
537.0 1372.0 519.0 1368.0 532.0 1300.0 551.0 1303.0 large-vehicle 0
566.0 1393.0 542.0 1387.0 563.0 1288.0 583.0 1293.0 large-vehicle 0
320.0 1436.0 298.0 1433.0 315.0 1342.0 335.0 1345.0 large-vehicle 0
215.0 1412.0 192.0 1408.0 214.0 1311.0 233.0 1316.0 large-vehicle 0
186.0 1406.0 167.0 1402.0 186.0 1308.0 207.0 1314.0 large-vehicle 0
159.0 1406.0 134.0 1400.0 156.0 1301.0 183.0 1307.0 large-vehicle 0
517.0 1467.0 497.0 1462.0 511.0 1391.0 531.0 1395.0 large-vehicle 0
506.0 1388.0 486.0 1384.0 498.0 1326.0 518.0 1330.0 large-vehicle 0
491.0 1464.0 471.0 1459.0 483.0 1397.0 503.0 1400.0 large-vehicle 0
547.0 1466.0 525.0 1461.0 537.0 1395.0 559.0 1400.0 large-vehicle 0
356.0 1167.0 374.0 1168.0 374.0 1209.0 355.0 1208.0 small-vehicle 0
101.0 1368.0 83.0 1361.0 95.0 1330.0 111.0 1336.0 small-vehicle 0
262.0 1397.0 245.0 1392.0 256.0 1355.0 272.0 1359.0 small-vehicle 0
283.0 1418.0 265.0 1413.0 280.0 1376.0 296.0 1381.0 small-vehicle 0
381.0 1414.0 363.0 1409.0 375.0 1370.0 391.0 1375.0 small-vehicle 0
549.0 924.0 531.0 924.0 534.0 890.0 550.0 891.0 small-vehicle 0
600.0 1206.0 581.0 1202.0 596.0 1133.0 613.0 1137.0 large-vehicle 0
304.0 1222.0 281.0 1222.0 279.0 1131.0 300.0 1130.0 large-vehicle 0
566.0 718.0 582.0 725.0 546.0 811.0 526.0 802.0 large-vehicle 0
276.0 1222.0 254.0 1224.0 253.0 1132.0 274.0 1129.0 large-vehicle 0
594.0 718.0 612.0 726.0 574.0 820.0 555.0 811.0 large-vehicle 0
223.0 889.0 201.0 893.0 188.0 793.0 208.0 789.0 large-vehicle 0
249.0 886.0 230.0 890.0 214.0 793.0 232.0 791.0 large-vehicle 0
277.0 891.0 255.0 896.0 240.0 804.0 258.0 801.0 large-vehicle 0
302.0 902.0 282.0 904.0 267.0 806.0 288.0 804.0 large-vehicle 0
331.0 902.0 308.0 904.0 298.0 816.0 317.0 813.0 large-vehicle 0
359.0 909.0 338.0 910.0 323.0 821.0 343.0 817.0 large-vehicle 0
386.0 920.0 364.0 922.0 352.0 825.0 371.0 822.0 large-vehicle 0
414.0 924.0 393.0 927.0 379.0 831.0 399.0 828.0 large-vehicle 0
443.0 926.0 420.0 931.0 406.0 833.0 427.0 830.0 large-vehicle 0
469.0 928.0 449.0 931.0 436.0 834.0 456.0 834.0 large-vehicle 0
501.0 936.0 479.0 941.0 465.0 851.0 483.0 846.0 large-vehicle 0
525.0 943.0 505.0 947.0 491.0 852.0 510.0 850.0 large-vehicle 0
590.0 952.0 572.0 948.0 585.0 886.0 604.0 891.0 large-vehicle 0
226.0 1101.0 206.0 1090.0 248.0 1008.0 267.0 1017.0 large-vehicle 0
277.0 1119.0 258.0 1112.0 298.0 1022.0 316.0 1032.0 large-vehicle 0
302.0 1124.0 281.0 1116.0 324.0 1027.0 345.0 1036.0 large-vehicle 0
526.0 146.0 503.0 149.0 485.0 47.0 508.0 43.0 large-vehicle 0
