imagesource:GoogleEarth
gsd:0.121731147683
15.0 1293.0 106.0 1293.0 106.0 1388.0 15.0 1388.0 roundabout 0
821.0 679.0 810.0 696.0 692.0 610.0 703.0 592.0 large-vehicle 0
570.0 912.0 587.0 925.0 531.0 1004.0 511.0 989.0 large-vehicle 0
530.0 429.0 520.0 409.0 609.0 370.0 617.0 390.0 large-vehicle 0
604.0 446.0 595.0 426.0 680.0 383.0 689.0 403.0 large-vehicle 0
654.0 593.0 643.0 611.0 525.0 524.0 536.0 507.0 large-vehicle 0
696.0 588.0 686.0 605.0 566.0 517.0 577.0 502.0 large-vehicle 0
789.0 579.0 777.0 597.0 660.0 511.0 671.0 495.0 large-vehicle 0
836.0 576.0 824.0 593.0 704.0 508.0 714.0 491.0 large-vehicle 0
878.0 571.0 867.0 588.0 748.0 502.0 758.0 486.0 large-vehicle 0
917.0 567.0 908.0 584.0 790.0 496.0 801.0 480.0 large-vehicle 0
775.0 683.0 763.0 701.0 647.0 612.0 657.0 598.0 large-vehicle 0
528.0 881.0 546.0 895.0 490.0 973.0 472.0 960.0 large-vehicle 0
761.0 711.0 750.0 725.0 635.0 641.0 646.0 624.0 large-vehicle 0
867.0 677.0 856.0 694.0 738.0 608.0 750.0 591.0 large-vehicle 0
915.0 674.0 903.0 690.0 786.0 606.0 798.0 590.0 large-vehicle 0
556.0 690.0 567.0 675.0 685.0 761.0 673.0 777.0 large-vehicle 0
596.0 754.0 607.0 735.0 724.0 825.0 713.0 840.0 large-vehicle 0
676.0 781.0 688.0 763.0 806.0 848.0 795.0 866.0 large-vehicle 0
722.0 845.0 733.0 828.0 848.0 916.0 836.0 931.0 large-vehicle 0
806.0 878.0 816.0 861.0 936.0 946.0 924.0 962.0 large-vehicle 0
590.0 929.0 607.0 941.0 552.0 1019.0 534.0 1007.0 large-vehicle 0
548.0 897.0 565.0 910.0 511.0 989.0 492.0 976.0 large-vehicle 0
507.0 866.0 524.0 878.0 466.0 956.0 447.0 944.0 large-vehicle 0
1082.0 681.0 1073.0 660.0 1118.0 642.0 1127.0 662.0 small-vehicle 0
294.0 711.0 311.0 724.0 252.0 803.0 236.0 790.0 large-vehicle 0
349.0 574.0 359.0 556.0 477.0 644.0 466.0 661.0 large-vehicle 0
329.0 596.0 340.0 578.0 459.0 664.0 446.0 681.0 large-vehicle 0
132.0 572.0 151.0 585.0 94.0 666.0 76.0 651.0 large-vehicle 0
176.0 603.0 192.0 616.0 136.0 696.0 119.0 683.0 large-vehicle 0
196.0 619.0 215.0 632.0 157.0 711.0 141.0 698.0 large-vehicle 0
217.0 636.0 237.0 647.0 177.0 726.0 161.0 712.0 large-vehicle 0
230.0 665.0 246.0 678.0 190.0 755.0 171.0 741.0 large-vehicle 0
254.0 679.0 269.0 690.0 212.0 770.0 196.0 756.0 large-vehicle 0
274.0 696.0 291.0 707.0 231.0 786.0 216.0 772.0 large-vehicle 0
315.0 727.0 333.0 740.0 275.0 817.0 257.0 805.0 large-vehicle 0
485.0 850.0 504.0 865.0 447.0 942.0 429.0 929.0 large-vehicle 0
335.0 741.0 354.0 756.0 297.0 835.0 280.0 821.0 large-vehicle 0
357.0 756.0 376.0 767.0 318.0 847.0 300.0 833.0 large-vehicle 0
378.0 771.0 397.0 786.0 339.0 864.0 321.0 851.0 large-vehicle 0
400.0 788.0 418.0 802.0 361.0 879.0 343.0 866.0 large-vehicle 0
422.0 804.0 438.0 816.0 381.0 895.0 364.0 882.0 large-vehicle 0
443.0 818.0 460.0 832.0 403.0 911.0 386.0 897.0 large-vehicle 0
431.0 601.0 444.0 582.0 562.0 670.0 548.0 690.0 large-vehicle 0
469.0 665.0 480.0 646.0 599.0 732.0 587.0 747.0 large-vehicle 0
465.0 834.0 482.0 847.0 426.0 926.0 408.0 912.0 large-vehicle 0
611.0 944.0 628.0 957.0 571.0 1035.0 555.0 1021.0 large-vehicle 0
634.0 961.0 651.0 973.0 595.0 1051.0 577.0 1037.0 large-vehicle 0
654.0 974.0 672.0 988.0 614.0 1065.0 596.0 1054.0 large-vehicle 0
837.0 497.0 831.0 477.0 868.0 465.0 876.0 481.0 small-vehicle 0
217.0 91.0 228.0 75.0 258.0 97.0 249.0 112.0 small-vehicle 0
202.0 105.0 214.0 89.0 242.0 114.0 234.0 129.0 small-vehicle 0
190.0 123.0 201.0 107.0 231.0 129.0 219.0 145.0 small-vehicle 0
164.0 401.0 173.0 380.0 204.0 394.0 197.0 414.0 small-vehicle 0
213.0 418.0 221.0 399.0 256.0 413.0 250.0 431.0 small-vehicle 0
78.0 536.0 62.0 523.0 85.0 496.0 99.0 508.0 small-vehicle 0
96.0 542.0 81.0 531.0 105.0 502.0 119.0 513.0 small-vehicle 0
117.0 558.0 101.0 549.0 121.0 519.0 135.0 529.0 small-vehicle 0
133.0 570.0 115.0 559.0 138.0 528.0 154.0 539.0 small-vehicle 0
855.0 514.0 848.0 496.0 886.0 479.0 891.0 496.0 small-vehicle 0
676.0 989.0 695.0 1002.0 636.0 1080.0 619.0 1067.0 large-vehicle 0
876.0 528.0 870.0 510.0 907.0 495.0 914.0 513.0 small-vehicle 0
902.0 546.0 889.0 527.0 928.0 505.0 936.0 521.0 small-vehicle 0
918.0 561.0 911.0 542.0 945.0 526.0 954.0 544.0 small-vehicle 0
936.0 578.0 928.0 561.0 959.0 547.0 968.0 562.0 small-vehicle 0
960.0 590.0 951.0 572.0 983.0 554.0 995.0 572.0 small-vehicle 0
979.0 603.0 972.0 584.0 1004.0 573.0 1013.0 590.0 small-vehicle 0
1021.0 633.0 1011.0 616.0 1044.0 600.0 1052.0 616.0 small-vehicle 0
1035.0 655.0 1026.0 635.0 1064.0 618.0 1073.0 635.0 small-vehicle 0
1060.0 665.0 1053.0 644.0 1093.0 631.0 1098.0 649.0 small-vehicle 0
229.0 74.0 239.0 58.0 267.0 78.0 258.0 93.0 small-vehicle 0
250.0 41.0 261.0 25.0 287.0 48.0 276.0 61.0 small-vehicle 0
167.0 54.0 156.0 68.0 126.0 46.0 138.0 32.0 small-vehicle 0
150.0 65.0 138.0 80.0 115.0 61.0 125.0 47.0 small-vehicle 0
697.0 1004.0 715.0 1019.0 657.0 1097.0 640.0 1083.0 large-vehicle 0
716.0 1020.0 736.0 1033.0 678.0 1111.0 661.0 1098.0 large-vehicle 0
740.0 1036.0 756.0 1048.0 698.0 1128.0 681.0 1114.0 large-vehicle 0
722.0 1142.0 706.0 1130.0 763.0 1051.0 780.0 1064.0 large-vehicle 0
783.0 1067.0 799.0 1080.0 743.0 1159.0 726.0 1146.0 large-vehicle 0
804.0 1083.0 822.0 1096.0 763.0 1176.0 746.0 1163.0 large-vehicle 0
826.0 1098.0 844.0 1111.0 786.0 1191.0 766.0 1178.0 large-vehicle 0
846.0 1115.0 862.0 1128.0 806.0 1206.0 788.0 1194.0 large-vehicle 0
867.0 1131.0 884.0 1143.0 829.0 1222.0 811.0 1210.0 large-vehicle 0
958.0 667.0 946.0 684.0 828.0 598.0 840.0 580.0 large-vehicle 0
999.0 663.0 986.0 680.0 871.0 591.0 883.0 576.0 large-vehicle 0
1045.0 662.0 1032.0 679.0 917.0 591.0 928.0 573.0 large-vehicle 0
991.0 766.0 977.0 783.0 857.0 698.0 871.0 680.0 large-vehicle 0
1036.0 764.0 1025.0 783.0 907.0 692.0 921.0 674.0 large-vehicle 0
1075.0 758.0 1064.0 778.0 950.0 686.0 963.0 667.0 large-vehicle 0
1120.0 754.0 1102.0 776.0 992.0 685.0 1009.0 664.0 large-vehicle 0
1003.0 921.0 990.0 941.0 913.0 881.0 925.0 865.0 large-vehicle 0
129.0 101.0 118.0 116.0 85.0 88.0 98.0 74.0 small-vehicle 0
135.0 81.0 126.0 93.0 99.0 73.0 110.0 60.0 small-vehicle 0
275.0 447.0 282.0 424.0 373.0 459.0 365.0 480.0 large-vehicle 0
