imagesource:GoogleEarth
gsd:0.126479906914
835.0 1353.0 818.0 1346.0 832.0 1311.0 848.0 1317.0 small-vehicle 0
250.0 917.0 262.0 934.0 190.0 991.0 177.0 976.0 large-vehicle 0
485.0 761.0 499.0 776.0 400.0 876.0 386.0 860.0 large-vehicle 0
137.0 779.0 150.0 795.0 80.0 852.0 68.0 837.0 large-vehicle 0
169.0 819.0 182.0 835.0 111.0 894.0 96.0 876.0 large-vehicle 0
188.0 835.0 203.0 853.0 130.0 911.0 117.0 893.0 large-vehicle 0
202.0 858.0 215.0 875.0 144.0 931.0 132.0 916.0 large-vehicle 0
217.0 879.0 231.0 896.0 157.0 952.0 146.0 936.0 large-vehicle 0
264.0 938.0 278.0 953.0 207.0 1011.0 196.0 996.0 large-vehicle 0
453.0 718.0 466.0 732.0 369.0 831.0 354.0 818.0 large-vehicle 0
282.0 955.0 296.0 972.0 225.0 1029.0 211.0 1014.0 large-vehicle 0
310.0 985.0 325.0 1002.0 254.0 1062.0 241.0 1046.0 large-vehicle 0
327.0 1006.0 341.0 1024.0 270.0 1082.0 254.0 1066.0 large-vehicle 0
344.0 1026.0 357.0 1044.0 283.0 1101.0 270.0 1084.0 large-vehicle 0
356.0 1049.0 371.0 1067.0 299.0 1126.0 285.0 1109.0 large-vehicle 0
501.0 786.0 515.0 801.0 417.0 900.0 402.0 887.0 large-vehicle 0
466.0 738.0 482.0 754.0 384.0 854.0 370.0 839.0 large-vehicle 0
437.0 695.0 449.0 708.0 353.0 807.0 337.0 794.0 large-vehicle 0
535.0 829.0 549.0 845.0 451.0 944.0 437.0 929.0 large-vehicle 0
487.0 509.0 469.0 497.0 522.0 432.0 538.0 445.0 large-vehicle 0
357.0 336.0 339.0 324.0 389.0 257.0 403.0 267.0 large-vehicle 0
373.0 352.0 356.0 340.0 407.0 275.0 421.0 286.0 large-vehicle 0
401.0 392.0 383.0 377.0 436.0 313.0 451.0 327.0 large-vehicle 0
442.0 450.0 426.0 438.0 478.0 374.0 493.0 386.0 large-vehicle 0
455.0 470.0 441.0 458.0 495.0 394.0 507.0 406.0 large-vehicle 0
471.0 492.0 451.0 479.0 505.0 414.0 521.0 426.0 large-vehicle 0
507.0 557.0 490.0 544.0 551.0 470.0 568.0 484.0 large-vehicle 0
421.0 673.0 435.0 688.0 335.0 786.0 320.0 771.0 large-vehicle 0
299.0 520.0 315.0 536.0 256.0 594.0 243.0 581.0 large-vehicle 0
312.0 551.0 326.0 564.0 267.0 621.0 254.0 608.0 large-vehicle 0
331.0 570.0 345.0 582.0 286.0 641.0 274.0 628.0 large-vehicle 0
383.0 630.0 401.0 644.0 301.0 744.0 287.0 730.0 large-vehicle 0
133.0 683.0 153.0 692.0 111.0 782.0 91.0 774.0 large-vehicle 0
401.0 655.0 415.0 669.0 316.0 768.0 303.0 752.0 large-vehicle 0
520.0 806.0 532.0 822.0 434.0 920.0 420.0 906.0 large-vehicle 0
551.0 850.0 566.0 863.0 471.0 965.0 456.0 951.0 large-vehicle 0
956.0 795.0 943.0 807.0 920.0 776.0 935.0 766.0 small-vehicle 0
521.0 280.0 504.0 289.0 485.0 257.0 500.0 248.0 small-vehicle 0
738.0 1111.0 746.0 1092.0 831.0 1128.0 826.0 1146.0 large-vehicle 0
722.0 1135.0 730.0 1116.0 816.0 1151.0 806.0 1171.0 large-vehicle 0
685.0 1207.0 693.0 1187.0 778.0 1227.0 768.0 1246.0 large-vehicle 0
673.0 1234.0 680.0 1212.0 765.0 1251.0 756.0 1271.0 large-vehicle 0
373.0 74.0 357.0 85.0 339.0 55.0 353.0 46.0 small-vehicle 0
453.0 122.0 436.0 133.0 412.0 96.0 427.0 86.0 small-vehicle 0
662.0 425.0 646.0 437.0 621.0 406.0 636.0 395.0 small-vehicle 0
756.0 1057.0 765.0 1037.0 851.0 1076.0 844.0 1094.0 large-vehicle 0
664.0 333.0 681.0 321.0 701.0 352.0 686.0 363.0 small-vehicle 0
657.0 207.0 642.0 192.0 666.0 171.0 677.0 185.0 small-vehicle 0
845.0 173.0 855.0 194.0 810.0 216.0 799.0 195.0 small-vehicle 0
809.0 521.0 826.0 510.0 844.0 537.0 829.0 547.0 small-vehicle 0
888.0 704.0 871.0 717.0 843.0 683.0 860.0 670.0 small-vehicle 0
961.0 760.0 946.0 772.0 920.0 737.0 935.0 726.0 small-vehicle 0
749.0 1087.0 755.0 1068.0 840.0 1102.0 833.0 1123.0 large-vehicle 0
763.0 1031.0 773.0 1012.0 858.0 1051.0 852.0 1070.0 large-vehicle 0
569.0 874.0 584.0 888.0 486.0 988.0 471.0 975.0 large-vehicle 0
717.0 706.0 732.0 719.0 673.0 791.0 658.0 779.0 large-vehicle 0
404.0 1108.0 418.0 1126.0 346.0 1185.0 331.0 1168.0 large-vehicle 0
445.0 1173.0 460.0 1190.0 396.0 1240.0 383.0 1224.0 large-vehicle 0
592.0 539.0 608.0 555.0 550.0 626.0 531.0 611.0 large-vehicle 0
608.0 559.0 625.0 571.0 564.0 645.0 549.0 632.0 large-vehicle 0
672.0 638.0 691.0 651.0 631.0 726.0 616.0 712.0 large-vehicle 0
704.0 683.0 721.0 695.0 663.0 768.0 646.0 756.0 large-vehicle 0
736.0 724.0 751.0 738.0 693.0 809.0 678.0 796.0 large-vehicle 0
632.0 1004.0 646.0 1018.0 589.0 1079.0 575.0 1065.0 large-vehicle 0
750.0 747.0 766.0 759.0 712.0 824.0 697.0 813.0 large-vehicle 0
761.0 774.0 776.0 784.0 726.0 850.0 710.0 838.0 large-vehicle 0
776.0 792.0 793.0 806.0 740.0 871.0 724.0 858.0 large-vehicle 0
547.0 1001.0 534.0 985.0 598.0 921.0 612.0 935.0 large-vehicle 0
727.0 921.0 745.0 911.0 791.0 983.0 774.0 992.0 large-vehicle 0
607.0 988.0 622.0 1001.0 557.0 1072.0 541.0 1054.0 large-vehicle 0
341.0 311.0 327.0 299.0 371.0 240.0 385.0 253.0 large-vehicle 0
