imagesource:GoogleEarth
gsd:0.268830098744
452.0 953.0 456.0 962.0 432.0 967.0 430.0 959.0 small-vehicle 1
591.0 684.0 588.0 694.0 570.0 688.0 573.0 678.0 small-vehicle 0
535.0 574.0 543.0 573.0 544.0 591.0 536.0 591.0 small-vehicle 0
631.0 76.0 912.0 93.0 867.0 746.0 587.0 729.0 ground-track-field 0
644.0 908.0 686.0 908.0 682.0 997.0 640.0 995.0 tennis-court 0
589.0 905.0 631.0 905.0 627.0 995.0 586.0 993.0 tennis-court 0
535.0 902.0 577.0 903.0 572.0 993.0 531.0 992.0 tennis-court 0
649.0 771.0 691.0 773.0 688.0 863.0 646.0 862.0 tennis-court 0
596.0 768.0 637.0 769.0 634.0 859.0 592.0 859.0 tennis-court 0
542.0 766.0 582.0 767.0 578.0 857.0 537.0 854.0 tennis-court 0
463.0 873.0 350.0 873.0 353.0 760.0 466.0 763.0 baseball-diamond 0
521.0 471.0 357.0 463.0 374.0 302.0 534.0 316.0 baseball-diamond 0
