imagesource:GoogleEarth
gsd:0.266962642342
1099.0 207.0 1107.0 204.0 1117.0 220.0 1110.0 224.0 small-vehicle 1
159.0 569.0 160.0 559.0 178.0 560.0 177.0 571.0 small-vehicle 0
154.0 599.0 156.0 590.0 175.0 593.0 175.0 601.0 small-vehicle 0
155.0 609.0 156.0 600.0 173.0 602.0 172.0 611.0 small-vehicle 0
154.0 620.0 154.0 611.0 173.0 614.0 172.0 622.0 small-vehicle 0
152.0 630.0 152.0 622.0 169.0 623.0 169.0 631.0 small-vehicle 0
151.0 640.0 152.0 631.0 169.0 633.0 167.0 642.0 small-vehicle 0
150.0 650.0 151.0 641.0 168.0 644.0 167.0 652.0 small-vehicle 0
150.0 661.0 150.0 653.0 167.0 655.0 166.0 662.0 small-vehicle 0
146.0 669.0 148.0 659.0 164.0 663.0 163.0 671.0 small-vehicle 0
144.0 680.0 145.0 671.0 167.0 674.0 165.0 682.0 small-vehicle 0
143.0 690.0 144.0 682.0 162.0 683.0 162.0 691.0 small-vehicle 0
143.0 700.0 144.0 692.0 162.0 693.0 160.0 701.0 small-vehicle 0
210.0 175.0 201.0 174.0 205.0 151.0 213.0 152.0 small-vehicle 0
210.0 200.0 201.0 199.0 203.0 178.0 211.0 179.0 small-vehicle 0
207.0 223.0 198.0 223.0 200.0 202.0 208.0 203.0 small-vehicle 0
204.0 253.0 195.0 252.0 196.0 233.0 207.0 234.0 small-vehicle 0
194.0 271.0 202.0 272.0 202.0 290.0 193.0 290.0 small-vehicle 0
198.0 315.0 190.0 313.0 192.0 295.0 201.0 297.0 small-vehicle 0
190.0 321.0 198.0 323.0 196.0 345.0 187.0 345.0 small-vehicle 0
194.0 378.0 184.0 376.0 187.0 356.0 195.0 358.0 small-vehicle 0
157.0 589.0 159.0 579.0 176.0 581.0 175.0 592.0 small-vehicle 0
160.0 558.0 160.0 550.0 177.0 552.0 176.0 560.0 small-vehicle 0
1245.0 440.0 1251.0 446.0 1240.0 458.0 1232.0 453.0 small-vehicle 1
160.0 549.0 160.0 541.0 181.0 542.0 180.0 550.0 small-vehicle 0
212.0 701.0 211.0 709.0 194.0 707.0 195.0 700.0 small-vehicle 0
191.0 696.0 194.0 688.0 213.0 691.0 211.0 700.0 small-vehicle 0
190.0 685.0 192.0 676.0 215.0 679.0 213.0 688.0 small-vehicle 0
215.0 671.0 214.0 678.0 195.0 675.0 196.0 667.0 small-vehicle 0
216.0 659.0 215.0 667.0 196.0 666.0 198.0 656.0 small-vehicle 0
218.0 648.0 217.0 657.0 200.0 655.0 201.0 646.0 small-vehicle 0
219.0 639.0 218.0 647.0 201.0 645.0 203.0 636.0 small-vehicle 0
200.0 634.0 201.0 625.0 222.0 627.0 221.0 636.0 small-vehicle 0
201.0 613.0 202.0 602.0 220.0 604.0 220.0 614.0 small-vehicle 0
206.0 600.0 208.0 592.0 226.0 593.0 226.0 600.0 small-vehicle 0
226.0 582.0 225.0 590.0 209.0 589.0 211.0 580.0 small-vehicle 0
230.0 574.0 229.0 581.0 208.0 579.0 209.0 570.0 small-vehicle 0
229.0 562.0 227.0 570.0 212.0 568.0 211.0 560.0 small-vehicle 0
228.0 552.0 229.0 560.0 208.0 558.0 209.0 551.0 small-vehicle 0
230.0 541.0 229.0 551.0 210.0 548.0 211.0 540.0 small-vehicle 0
228.0 530.0 229.0 538.0 209.0 538.0 210.0 530.0 small-vehicle 0
165.0 520.0 166.0 511.0 185.0 514.0 184.0 522.0 small-vehicle 0
164.0 530.0 164.0 522.0 185.0 523.0 184.0 530.0 small-vehicle 0
162.0 539.0 163.0 531.0 179.0 530.0 179.0 541.0 small-vehicle 0
191.0 409.0 183.0 408.0 184.0 388.0 192.0 388.0 small-vehicle 0
235.0 380.0 234.0 388.0 219.0 387.0 220.0 379.0 small-vehicle 0
240.0 341.0 239.0 349.0 221.0 349.0 220.0 340.0 small-vehicle 0
243.0 322.0 242.0 330.0 225.0 329.0 225.0 322.0 small-vehicle 0
284.0 93.0 282.0 101.0 264.0 99.0 266.0 91.0 small-vehicle 0
287.0 82.0 285.0 91.0 267.0 87.0 270.0 78.0 small-vehicle 0
287.0 70.0 286.0 79.0 268.0 78.0 268.0 71.0 small-vehicle 0
287.0 62.0 287.0 68.0 270.0 68.0 270.0 61.0 small-vehicle 0
287.0 50.0 287.0 58.0 269.0 59.0 269.0 51.0 small-vehicle 0
290.0 40.0 289.0 48.0 272.0 48.0 272.0 39.0 small-vehicle 0
292.0 31.0 291.0 38.0 272.0 36.0 272.0 27.0 small-vehicle 0
292.0 21.0 291.0 28.0 274.0 26.0 274.0 19.0 small-vehicle 0
878.0 714.0 1179.0 723.0 1142.0 1397.0 839.0 1382.0 ground-track-field 0
389.0 1241.0 429.0 1243.0 424.0 1335.0 382.0 1333.0 tennis-court 0
280.0 1233.0 320.0 1234.0 315.0 1326.0 272.0 1325.0 tennis-court 0
331.0 1236.0 375.0 1239.0 366.0 1329.0 326.0 1326.0 tennis-court 0
410.0 951.0 455.0 954.0 450.0 1045.0 407.0 1043.0 tennis-court 0
355.0 948.0 398.0 949.0 394.0 1042.0 347.0 1038.0 tennis-court 0
299.0 943.0 342.0 946.0 336.0 1036.0 292.0 1034.0 tennis-court 0
316.0 856.0 329.0 669.0 748.0 694.0 741.0 881.0 soccer-ball-field 0
914.0 841.0 1129.0 850.0 1110.0 1268.0 893.0 1256.0 soccer-ball-field 0
522.0 978.0 762.0 988.0 744.0 1403.0 503.0 1388.0 soccer-ball-field 1
1282.0 1541.0 1284.0 1440.0 1379.0 1445.0 1379.0 1541.0 baseball-diamond 0
217.0 134.0 207.0 133.0 210.0 107.0 221.0 108.0 small-vehicle 0
284.0 105.0 283.0 112.0 265.0 111.0 266.0 102.0 small-vehicle 0
284.0 115.0 283.0 122.0 267.0 120.0 267.0 112.0 small-vehicle 0
252.0 230.0 251.0 237.0 232.0 235.0 234.0 229.0 small-vehicle 0
243.0 310.0 243.0 319.0 224.0 319.0 224.0 311.0 small-vehicle 0
244.0 300.0 244.0 309.0 226.0 309.0 226.0 300.0 small-vehicle 0
240.0 288.0 240.0 296.0 221.0 295.0 222.0 288.0 small-vehicle 0
223.0 287.0 223.0 279.0 246.0 280.0 246.0 288.0 small-vehicle 0
227.0 276.0 227.0 268.0 248.0 269.0 247.0 277.0 small-vehicle 0
247.0 259.0 247.0 267.0 228.0 266.0 229.0 259.0 small-vehicle 0
230.0 256.0 230.0 250.0 248.0 250.0 248.0 256.0 small-vehicle 0
232.0 246.0 233.0 238.0 251.0 240.0 249.0 248.0 small-vehicle 0
252.0 219.0 251.0 228.0 232.0 226.0 234.0 218.0 small-vehicle 0
281.0 126.0 279.0 133.0 265.0 131.0 265.0 124.0 small-vehicle 1
252.0 208.0 252.0 216.0 233.0 216.0 234.0 209.0 small-vehicle 0
254.0 199.0 252.0 208.0 234.0 206.0 235.0 198.0 small-vehicle 0
254.0 189.0 253.0 197.0 236.0 195.0 236.0 187.0 small-vehicle 0
255.0 179.0 254.0 188.0 236.0 186.0 237.0 178.0 small-vehicle 0
254.0 170.0 253.0 177.0 237.0 176.0 237.0 169.0 small-vehicle 0
256.0 156.0 255.0 165.0 237.0 165.0 239.0 155.0 small-vehicle 0
258.0 146.0 256.0 154.0 239.0 152.0 240.0 143.0 small-vehicle 0
259.0 136.0 259.0 143.0 243.0 143.0 243.0 136.0 small-vehicle 0
189.0 718.0 191.0 707.0 209.0 710.0 207.0 720.0 small-vehicle 0
209.0 721.0 209.0 729.0 189.0 728.0 189.0 720.0 small-vehicle 0
207.0 731.0 205.0 740.0 190.0 739.0 191.0 730.0 small-vehicle 0
104.0 1220.0 102.0 1231.0 86.0 1229.0 87.0 1218.0 small-vehicle 0
31.0 1192.0 30.0 1184.0 49.0 1187.0 47.0 1195.0 small-vehicle 0
27.0 1214.0 28.0 1206.0 45.0 1207.0 44.0 1215.0 small-vehicle 0
26.0 1224.0 26.0 1216.0 44.0 1217.0 43.0 1225.0 small-vehicle 0
22.0 1233.0 24.0 1225.0 43.0 1227.0 42.0 1234.0 small-vehicle 0
22.0 1245.0 24.0 1234.0 42.0 1235.0 41.0 1246.0 small-vehicle 0
21.0 1263.0 23.0 1255.0 41.0 1259.0 40.0 1267.0 small-vehicle 0
20.0 1275.0 21.0 1266.0 44.0 1269.0 44.0 1277.0 small-vehicle 0
18.0 1285.0 20.0 1276.0 36.0 1278.0 35.0 1287.0 small-vehicle 0
15.0 1294.0 17.0 1286.0 36.0 1291.0 34.0 1299.0 small-vehicle 0
15.0 1306.0 16.0 1297.0 38.0 1299.0 37.0 1308.0 small-vehicle 0
69.0 1339.0 70.0 1332.0 89.0 1333.0 89.0 1340.0 small-vehicle 0
92.0 1315.0 90.0 1324.0 70.0 1318.0 73.0 1308.0 small-vehicle 0
92.0 1303.0 91.0 1311.0 74.0 1308.0 75.0 1300.0 small-vehicle 0
94.0 1291.0 93.0 1298.0 73.0 1295.0 75.0 1288.0 small-vehicle 0
95.0 1282.0 94.0 1290.0 76.0 1289.0 77.0 1281.0 small-vehicle 0
96.0 1272.0 96.0 1280.0 75.0 1278.0 76.0 1269.0 small-vehicle 0
97.0 1262.0 96.0 1271.0 78.0 1268.0 80.0 1259.0 small-vehicle 0
101.0 1252.0 100.0 1260.0 83.0 1260.0 83.0 1251.0 small-vehicle 0
104.0 1242.0 103.0 1251.0 83.0 1248.0 83.0 1240.0 small-vehicle 0
32.0 1182.0 32.0 1173.0 52.0 1175.0 51.0 1184.0 small-vehicle 0
34.0 1173.0 35.0 1164.0 53.0 1166.0 51.0 1175.0 small-vehicle 0
34.0 1163.0 35.0 1155.0 55.0 1157.0 52.0 1166.0 small-vehicle 0
1571.0 796.0 1574.0 787.0 1594.0 793.0 1590.0 802.0 small-vehicle 0
993.0 447.0 999.0 442.0 1012.0 455.0 1006.0 461.0 small-vehicle 1
1082.0 615.0 1077.0 620.0 1064.0 611.0 1068.0 606.0 small-vehicle 1
1297.0 677.0 1291.0 685.0 1274.0 673.0 1282.0 664.0 small-vehicle 1
1475.0 651.0 1472.0 658.0 1453.0 652.0 1456.0 643.0 small-vehicle 1
1512.0 649.0 1510.0 658.0 1482.0 651.0 1487.0 641.0 small-vehicle 0
1452.0 716.0 1456.0 708.0 1475.0 715.0 1471.0 724.0 small-vehicle 0
1501.0 761.0 1506.0 752.0 1522.0 759.0 1519.0 767.0 small-vehicle 0
1507.0 737.0 1511.0 727.0 1534.0 735.0 1532.0 744.0 small-vehicle 0
1633.0 853.0 1633.0 863.0 1616.0 867.0 1613.0 859.0 small-vehicle 0
36.0 1153.0 36.0 1147.0 58.0 1149.0 55.0 1156.0 small-vehicle 0
1565.0 906.0 1571.0 915.0 1555.0 927.0 1548.0 921.0 small-vehicle 0
1310.0 811.0 1303.0 813.0 1294.0 798.0 1300.0 794.0 small-vehicle 0
1536.0 937.0 1542.0 945.0 1531.0 959.0 1524.0 953.0 small-vehicle 0
1495.0 1277.0 1487.0 1279.0 1480.0 1265.0 1488.0 1261.0 small-vehicle 1
1607.0 1394.0 1612.0 1384.0 1630.0 1390.0 1626.0 1399.0 small-vehicle 1
25.0 1202.0 28.0 1194.0 46.0 1199.0 43.0 1206.0 small-vehicle 1
130.0 1015.0 129.0 1023.0 112.0 1021.0 113.0 1013.0 small-vehicle 1
37.0 1143.0 41.0 1132.0 56.0 1134.0 55.0 1145.0 small-vehicle 0
103.0 1233.0 101.0 1240.0 84.0 1238.0 86.0 1230.0 small-vehicle 0
104.0 1211.0 104.0 1218.0 85.0 1217.0 87.0 1209.0 small-vehicle 0
206.0 742.0 204.0 750.0 187.0 747.0 189.0 739.0 small-vehicle 0
106.0 1199.0 105.0 1210.0 87.0 1207.0 88.0 1198.0 small-vehicle 0
178.0 874.0 175.0 881.0 156.0 876.0 160.0 867.0 small-vehicle 0
181.0 862.0 179.0 872.0 159.0 866.0 162.0 858.0 small-vehicle 0
183.0 853.0 181.0 862.0 163.0 857.0 165.0 848.0 small-vehicle 0
184.0 843.0 182.0 850.0 164.0 846.0 167.0 839.0 small-vehicle 0
190.0 832.0 187.0 841.0 167.0 837.0 169.0 828.0 small-vehicle 0
190.0 821.0 189.0 831.0 171.0 827.0 174.0 817.0 small-vehicle 0
192.0 812.0 191.0 821.0 174.0 818.0 175.0 809.0 small-vehicle 0
195.0 803.0 193.0 811.0 174.0 807.0 177.0 799.0 small-vehicle 0
199.0 794.0 195.0 801.0 178.0 795.0 180.0 788.0 small-vehicle 0
200.0 782.0 198.0 791.0 180.0 785.0 183.0 777.0 small-vehicle 0
114.0 819.0 116.0 810.0 135.0 816.0 134.0 824.0 small-vehicle 0
118.0 798.0 119.0 791.0 138.0 795.0 136.0 803.0 small-vehicle 0
120.0 790.0 122.0 782.0 141.0 787.0 140.0 795.0 small-vehicle 0
122.0 780.0 123.0 773.0 143.0 777.0 142.0 784.0 small-vehicle 0
125.0 770.0 127.0 761.0 147.0 765.0 145.0 774.0 small-vehicle 0
129.0 760.0 130.0 751.0 151.0 756.0 149.0 765.0 small-vehicle 0
130.0 749.0 131.0 741.0 151.0 746.0 150.0 753.0 small-vehicle 0
131.0 739.0 133.0 729.0 152.0 732.0 151.0 742.0 small-vehicle 0
131.0 728.0 133.0 718.0 152.0 721.0 151.0 729.0 small-vehicle 0
112.0 841.0 114.0 833.0 136.0 838.0 135.0 847.0 small-vehicle 0
204.0 986.0 208.0 995.0 187.0 1008.0 181.0 1000.0 small-vehicle 0
204.0 1001.0 211.0 1009.0 192.0 1023.0 186.0 1015.0 small-vehicle 0
119.0 1108.0 119.0 1116.0 101.0 1115.0 101.0 1108.0 small-vehicle 0
106.0 1189.0 106.0 1198.0 87.0 1196.0 89.0 1188.0 small-vehicle 0
107.0 1180.0 106.0 1189.0 90.0 1186.0 92.0 1178.0 small-vehicle 0
110.0 1170.0 108.0 1179.0 92.0 1177.0 94.0 1169.0 small-vehicle 0
112.0 1161.0 111.0 1168.0 92.0 1166.0 94.0 1159.0 small-vehicle 0
114.0 1152.0 113.0 1160.0 94.0 1157.0 96.0 1148.0 small-vehicle 0
115.0 1140.0 114.0 1146.0 97.0 1145.0 97.0 1139.0 small-vehicle 0
117.0 1130.0 115.0 1139.0 98.0 1135.0 100.0 1126.0 small-vehicle 0
118.0 1120.0 117.0 1127.0 101.0 1125.0 102.0 1118.0 small-vehicle 0
119.0 1097.0 118.0 1105.0 101.0 1104.0 103.0 1095.0 small-vehicle 0
205.0 1017.0 211.0 1025.0 191.0 1040.0 185.0 1034.0 small-vehicle 0
120.0 1086.0 120.0 1095.0 102.0 1095.0 103.0 1086.0 small-vehicle 0
122.0 1076.0 121.0 1085.0 102.0 1083.0 104.0 1074.0 small-vehicle 0
122.0 1067.0 121.0 1076.0 102.0 1073.0 104.0 1065.0 small-vehicle 0
123.0 1057.0 122.0 1065.0 104.0 1063.0 105.0 1054.0 small-vehicle 0
124.0 1046.0 124.0 1054.0 108.0 1053.0 109.0 1045.0 small-vehicle 0
128.0 1038.0 126.0 1045.0 112.0 1043.0 112.0 1035.0 small-vehicle 1
128.0 1027.0 127.0 1034.0 108.0 1032.0 110.0 1025.0 small-vehicle 0
207.0 1033.0 213.0 1041.0 194.0 1056.0 186.0 1048.0 small-vehicle 0
326.0 482.0 330.0 326.0 488.0 329.0 489.0 485.0 baseball-diamond 0
