imagesource:GoogleEarth
gsd:0.126469225402
1137.0 156.0 1132.0 175.0 1087.0 161.0 1092.0 144.0 small-vehicle 0
743.0 1487.0 765.0 1487.0 755.0 1590.0 734.0 1588.0 large-vehicle 0
343.0 1319.0 325.0 1305.0 381.0 1235.0 398.0 1248.0 large-vehicle 0
361.0 1383.0 343.0 1371.0 391.0 1303.0 409.0 1317.0 large-vehicle 0
371.0 1421.0 352.0 1409.0 404.0 1335.0 421.0 1346.0 large-vehicle 0
420.0 1376.0 441.0 1377.0 433.0 1471.0 411.0 1469.0 large-vehicle 0
446.0 1391.0 467.0 1391.0 461.0 1487.0 439.0 1485.0 large-vehicle 0
473.0 1403.0 496.0 1404.0 489.0 1497.0 465.0 1496.0 large-vehicle 0
553.0 1431.0 577.0 1432.0 570.0 1527.0 546.0 1524.0 large-vehicle 0
583.0 1443.0 605.0 1444.0 597.0 1538.0 575.0 1536.0 large-vehicle 0
872.0 1529.0 895.0 1529.0 888.0 1630.0 866.0 1630.0 large-vehicle 0
844.0 1531.0 866.0 1531.0 861.0 1627.0 838.0 1627.0 large-vehicle 0
817.0 1522.0 839.0 1523.0 834.0 1623.0 811.0 1621.0 large-vehicle 0
767.0 1503.0 787.0 1501.0 782.0 1602.0 759.0 1602.0 large-vehicle 0
713.0 1491.0 736.0 1491.0 730.0 1586.0 708.0 1586.0 large-vehicle 0
588.0 1318.0 571.0 1302.0 638.0 1236.0 652.0 1249.0 large-vehicle 0
687.0 1481.0 709.0 1481.0 705.0 1575.0 682.0 1574.0 large-vehicle 0
662.0 1471.0 683.0 1472.0 679.0 1566.0 656.0 1566.0 large-vehicle 0
632.0 1461.0 655.0 1461.0 652.0 1555.0 629.0 1555.0 large-vehicle 0
607.0 1450.0 630.0 1451.0 621.0 1546.0 598.0 1544.0 large-vehicle 0
906.0 1419.0 886.0 1411.0 916.0 1314.0 935.0 1321.0 large-vehicle 0
881.0 1409.0 859.0 1403.0 888.0 1311.0 906.0 1318.0 large-vehicle 0
853.0 1406.0 833.0 1400.0 857.0 1305.0 876.0 1310.0 large-vehicle 0
805.0 1380.0 784.0 1375.0 810.0 1286.0 831.0 1292.0 large-vehicle 0
779.0 1377.0 760.0 1371.0 783.0 1281.0 802.0 1286.0 large-vehicle 0
750.0 1368.0 729.0 1360.0 756.0 1272.0 776.0 1277.0 large-vehicle 0
678.0 1340.0 664.0 1325.0 731.0 1262.0 745.0 1276.0 large-vehicle 0
651.0 1335.0 634.0 1321.0 696.0 1250.0 710.0 1262.0 large-vehicle 0
483.0 1241.0 489.0 1219.0 585.0 1247.0 581.0 1267.0 large-vehicle 0
482.0 1213.0 486.0 1191.0 581.0 1216.0 573.0 1238.0 large-vehicle 0
336.0 1286.0 320.0 1274.0 374.0 1201.0 391.0 1213.0 large-vehicle 0
330.0 1250.0 312.0 1235.0 368.0 1164.0 386.0 1177.0 large-vehicle 0
281.0 311.0 288.0 290.0 361.0 316.0 356.0 337.0 large-vehicle 0
273.0 340.0 278.0 320.0 346.0 340.0 341.0 359.0 large-vehicle 0
231.0 561.0 215.0 548.0 275.0 470.0 292.0 483.0 large-vehicle 0
234.0 596.0 219.0 582.0 281.0 507.0 296.0 521.0 large-vehicle 0
248.0 669.0 232.0 657.0 288.0 583.0 303.0 595.0 large-vehicle 0
249.0 717.0 232.0 703.0 288.0 625.0 305.0 637.0 large-vehicle 0
256.0 750.0 240.0 739.0 296.0 662.0 312.0 671.0 large-vehicle 0
265.0 784.0 247.0 770.0 302.0 696.0 319.0 708.0 large-vehicle 0
262.0 822.0 247.0 809.0 305.0 735.0 322.0 746.0 large-vehicle 0
275.0 852.0 260.0 839.0 314.0 768.0 331.0 779.0 large-vehicle 0
276.0 889.0 261.0 877.0 317.0 806.0 333.0 818.0 large-vehicle 0
281.0 933.0 263.0 919.0 321.0 841.0 337.0 852.0 large-vehicle 0
289.0 963.0 274.0 951.0 325.0 878.0 341.0 890.0 large-vehicle 0
285.0 1003.0 271.0 989.0 330.0 914.0 346.0 926.0 large-vehicle 0
293.0 1043.0 274.0 1028.0 331.0 957.0 347.0 968.0 large-vehicle 0
299.0 1079.0 279.0 1063.0 340.0 992.0 356.0 1006.0 large-vehicle 0
307.0 1113.0 291.0 1100.0 343.0 1026.0 361.0 1036.0 large-vehicle 0
440.0 1052.0 446.0 1030.0 538.0 1056.0 531.0 1077.0 large-vehicle 0
312.0 1145.0 295.0 1130.0 348.0 1061.0 365.0 1073.0 large-vehicle 0
316.0 1184.0 300.0 1170.0 359.0 1096.0 376.0 1107.0 large-vehicle 0
456.0 1093.0 463.0 1070.0 553.0 1099.0 548.0 1118.0 large-vehicle 0
468.0 1127.0 472.0 1106.0 564.0 1130.0 559.0 1149.0 large-vehicle 0
466.0 1151.0 471.0 1131.0 568.0 1159.0 563.0 1179.0 large-vehicle 0
326.0 1213.0 308.0 1200.0 365.0 1130.0 381.0 1142.0 large-vehicle 0
481.0 1185.0 485.0 1164.0 576.0 1190.0 571.0 1210.0 large-vehicle 0
617.0 1328.0 601.0 1313.0 669.0 1246.0 683.0 1258.0 large-vehicle 0
939.0 1310.0 918.0 1304.0 945.0 1206.0 964.0 1211.0 large-vehicle 0
1116.0 193.0 1112.0 211.0 1079.0 198.0 1084.0 182.0 small-vehicle 0
719.0 1188.0 700.0 1181.0 716.0 1139.0 733.0 1144.0 small-vehicle 0
657.0 246.0 662.0 230.0 695.0 242.0 690.0 256.0 small-vehicle 0
615.0 218.0 608.0 233.0 572.0 218.0 578.0 202.0 small-vehicle 0
670.0 368.0 652.0 362.0 661.0 323.0 678.0 326.0 small-vehicle 0
456.0 378.0 450.0 396.0 414.0 389.0 419.0 371.0 small-vehicle 0
415.0 408.0 423.0 391.0 458.0 405.0 451.0 422.0 small-vehicle 0
779.0 476.0 783.0 457.0 821.0 470.0 817.0 488.0 small-vehicle 0
765.0 514.0 771.0 495.0 806.0 508.0 800.0 525.0 small-vehicle 0
419.0 627.0 423.0 610.0 458.0 618.0 454.0 635.0 small-vehicle 0
411.0 648.0 416.0 630.0 452.0 639.0 446.0 656.0 small-vehicle 0
413.0 690.0 411.0 671.0 447.0 667.0 447.0 685.0 small-vehicle 0
411.0 917.0 415.0 900.0 450.0 906.0 447.0 923.0 small-vehicle 0
675.0 1137.0 693.0 1144.0 681.0 1176.0 664.0 1170.0 small-vehicle 0
738.0 1198.0 720.0 1192.0 733.0 1151.0 749.0 1157.0 small-vehicle 0
912.0 1304.0 891.0 1298.0 920.0 1209.0 938.0 1215.0 large-vehicle 0
667.0 1218.0 650.0 1214.0 662.0 1178.0 678.0 1182.0 small-vehicle 0
687.0 1223.0 670.0 1218.0 682.0 1180.0 699.0 1185.0 small-vehicle 0
709.0 1229.0 692.0 1223.0 705.0 1182.0 722.0 1187.0 small-vehicle 0
719.0 1197.0 735.0 1202.0 725.0 1233.0 709.0 1228.0 small-vehicle 0
1107.0 1732.0 1114.0 1712.0 1158.0 1729.0 1152.0 1748.0 small-vehicle 0
1112.0 1709.0 1119.0 1692.0 1166.0 1711.0 1159.0 1729.0 small-vehicle 0
1121.0 1681.0 1126.0 1660.0 1174.0 1676.0 1169.0 1697.0 small-vehicle 0
986.0 1551.0 982.0 1569.0 941.0 1555.0 949.0 1535.0 small-vehicle 0
1009.0 1480.0 1005.0 1498.0 968.0 1486.0 973.0 1468.0 small-vehicle 0
753.0 555.0 760.0 536.0 797.0 548.0 790.0 567.0 small-vehicle 0
1056.0 256.0 1050.0 272.0 1015.0 259.0 1021.0 244.0 small-vehicle 0
1115.0 235.0 1107.0 254.0 1070.0 240.0 1078.0 221.0 small-vehicle 0
614.0 232.0 620.0 217.0 648.0 229.0 643.0 242.0 small-vehicle 0
746.0 170.0 742.0 185.0 707.0 172.0 714.0 157.0 small-vehicle 0
87.0 1617.0 59.0 1616.0 61.0 1550.0 87.0 1548.0 small-vehicle 0
58.0 1528.0 59.0 1501.0 128.0 1498.0 128.0 1523.0 small-vehicle 0
884.0 1294.0 864.0 1287.0 896.0 1192.0 914.0 1198.0 large-vehicle 0
860.0 1280.0 840.0 1276.0 866.0 1177.0 886.0 1183.0 large-vehicle 0
832.0 1274.0 809.0 1266.0 838.0 1174.0 861.0 1181.0 large-vehicle 0
806.0 1262.0 784.0 1257.0 810.0 1164.0 832.0 1170.0 large-vehicle 0
779.0 1266.0 758.0 1259.0 786.0 1161.0 806.0 1166.0 large-vehicle 0
749.0 1102.0 755.0 1079.0 846.0 1104.0 841.0 1126.0 large-vehicle 0
582.0 1096.0 589.0 1075.0 723.0 1111.0 718.0 1133.0 large-vehicle 0
566.0 1050.0 572.0 1030.0 661.0 1056.0 655.0 1077.0 large-vehicle 0
547.0 132.0 553.0 111.0 639.0 136.0 633.0 158.0 large-vehicle 0
992.0 231.0 989.0 252.0 905.0 230.0 910.0 210.0 large-vehicle 0
827.0 276.0 822.0 296.0 757.0 280.0 761.0 258.0 large-vehicle 0
247.0 70.0 253.0 51.0 289.0 64.0 284.0 80.0 small-vehicle 0
295.0 415.0 291.0 431.0 258.0 421.0 263.0 406.0 small-vehicle 0
438.0 433.0 433.0 449.0 396.0 436.0 402.0 420.0 small-vehicle 0
435.0 454.0 430.0 470.0 395.0 455.0 400.0 440.0 small-vehicle 0
380.0 544.0 382.0 526.0 419.0 535.0 417.0 551.0 small-vehicle 0
378.0 569.0 380.0 550.0 416.0 555.0 414.0 573.0 small-vehicle 0
22.0 1191.0 23.0 1171.0 66.0 1170.0 66.0 1189.0 small-vehicle 0
40.0 1244.0 23.0 1244.0 19.0 1206.0 36.0 1205.0 small-vehicle 0
30.0 1260.0 30.0 1241.0 67.0 1243.0 64.0 1260.0 small-vehicle 0
19.0 1373.0 22.0 1352.0 88.0 1354.0 87.0 1374.0 small-vehicle 0
6.0 1409.0 8.0 1388.0 69.0 1390.0 66.0 1411.0 small-vehicle 0
73.0 1410.0 70.0 1430.0 19.0 1427.0 21.0 1407.0 small-vehicle 0
49.0 1467.0 49.0 1442.0 120.0 1438.0 122.0 1460.0 small-vehicle 0
54.0 1496.0 55.0 1472.0 125.0 1470.0 125.0 1494.0 small-vehicle 0
301.0 289.0 306.0 269.0 384.0 290.0 380.0 310.0 large-vehicle 0
