imagesource:GoogleEarth
gsd:0.275412725943
431.0 1055.0 442.0 1055.0 443.0 1075.0 431.0 1075.0 small-vehicle 0
486.0 1061.0 496.0 1062.0 497.0 1079.0 487.0 1078.0 small-vehicle 0
158.0 819.0 171.0 819.0 171.0 896.0 158.0 896.0 large-vehicle 0
181.0 826.0 191.0 826.0 191.0 900.0 181.0 900.0 large-vehicle 0
211.0 862.0 223.0 862.0 223.0 937.0 211.0 937.0 large-vehicle 0
283.0 920.0 292.0 920.0 292.0 994.0 283.0 994.0 large-vehicle 0
341.0 784.0 355.0 784.0 355.0 859.0 341.0 859.0 large-vehicle 0
358.0 786.0 370.0 786.0 370.0 860.0 358.0 860.0 large-vehicle 0
372.0 784.0 383.0 784.0 383.0 859.0 372.0 859.0 large-vehicle 0
387.0 784.0 398.0 784.0 398.0 860.0 387.0 860.0 large-vehicle 0
400.0 809.0 410.0 809.0 410.0 884.0 400.0 884.0 large-vehicle 0
109.0 414.0 121.0 414.0 121.0 492.0 109.0 492.0 large-vehicle 0
157.0 412.0 171.0 412.0 171.0 484.0 157.0 484.0 large-vehicle 0
215.0 417.0 226.0 417.0 226.0 492.0 215.0 492.0 large-vehicle 0
605.0 876.0 605.0 888.0 525.0 887.0 525.0 877.0 large-vehicle 0
123.0 712.0 112.0 712.0 112.0 637.0 124.0 637.0 large-vehicle 0
372.0 612.0 360.0 612.0 361.0 538.0 371.0 538.0 large-vehicle 0
358.0 592.0 348.0 592.0 345.0 521.0 356.0 521.0 large-vehicle 0
415.0 297.0 402.0 297.0 404.0 224.0 416.0 224.0 large-vehicle 0
429.0 298.0 417.0 299.0 418.0 226.0 429.0 226.0 large-vehicle 0
176.0 160.0 174.0 169.0 135.0 157.0 138.0 147.0 large-vehicle 0
120.0 235.0 108.0 236.0 110.0 190.0 120.0 191.0 large-vehicle 0
339.0 871.0 351.0 872.0 358.0 938.0 345.0 939.0 large-vehicle 0
352.0 883.0 367.0 879.0 380.0 946.0 365.0 950.0 large-vehicle 0
234.0 171.0 214.0 163.0 238.0 97.0 259.0 104.0 large-vehicle 0
534.0 124.0 529.0 129.0 512.0 117.0 517.0 111.0 small-vehicle 0
385.0 158.0 386.0 172.0 339.0 180.0 335.0 164.0 large-vehicle 0
284.0 422.0 292.0 422.0 293.0 442.0 284.0 441.0 small-vehicle 0
486.0 873.0 487.0 883.0 460.0 884.0 459.0 873.0 small-vehicle 0
77.0 815.0 90.0 815.0 90.0 894.0 77.0 894.0 large-vehicle 0
