imagesource:GoogleEarth
gsd:0.282106879927
282.0 122.0 294.0 121.0 296.0 142.0 284.0 143.0 small-vehicle 0
212.0 122.0 221.0 122.0 223.0 141.0 214.0 141.0 small-vehicle 0
212.0 688.0 205.0 680.0 240.0 656.0 246.0 664.0 large-vehicle 0
153.0 141.0 143.0 142.0 141.0 119.0 151.0 119.0 small-vehicle 0
174.0 125.0 183.0 125.0 184.0 145.0 174.0 144.0 small-vehicle 0
184.0 121.0 194.0 121.0 194.0 137.0 184.0 137.0 small-vehicle 0
194.0 121.0 203.0 120.0 203.0 139.0 194.0 139.0 small-vehicle 0
203.0 122.0 213.0 122.0 213.0 143.0 204.0 143.0 small-vehicle 0
222.0 123.0 233.0 123.0 234.0 143.0 222.0 143.0 small-vehicle 0
39.0 642.0 39.0 651.0 1.0 652.0 1.0 641.0 large-vehicle 0
232.0 122.0 244.0 122.0 244.0 141.0 234.0 142.0 small-vehicle 0
244.0 123.0 255.0 123.0 255.0 143.0 245.0 143.0 small-vehicle 0
177.0 179.0 177.0 188.0 158.0 187.0 158.0 178.0 small-vehicle 0
201.0 179.0 201.0 188.0 180.0 189.0 179.0 179.0 small-vehicle 0
208.0 188.0 207.0 179.0 226.0 178.0 226.0 187.0 small-vehicle 0
214.0 232.0 214.0 241.0 194.0 241.0 194.0 231.0 small-vehicle 0
46.0 658.0 47.0 667.0 3.0 672.0 2.0 662.0 large-vehicle 0
175.0 560.0 175.0 549.0 220.0 550.0 220.0 559.0 large-vehicle 0
273.0 120.0 283.0 120.0 282.0 138.0 273.0 138.0 small-vehicle 0
172.0 398.0 172.0 389.0 217.0 389.0 218.0 397.0 large-vehicle 0
272.0 244.0 271.0 234.0 347.0 230.0 348.0 241.0 large-vehicle 0
168.0 295.0 168.0 285.0 213.0 285.0 213.0 295.0 large-vehicle 0
166.0 316.0 166.0 307.0 212.0 304.0 213.0 315.0 large-vehicle 0
169.0 348.0 171.0 337.0 217.0 341.0 217.0 351.0 large-vehicle 0
258.0 351.0 273.0 350.0 275.0 391.0 259.0 390.0 large-vehicle 0
171.0 381.0 170.0 372.0 216.0 368.0 216.0 378.0 large-vehicle 0
174.0 412.0 173.0 403.0 219.0 403.0 219.0 412.0 large-vehicle 0
177.0 544.0 176.0 534.0 221.0 534.0 222.0 543.0 large-vehicle 0
172.0 428.0 172.0 419.0 220.0 418.0 219.0 427.0 large-vehicle 0
172.0 446.0 173.0 437.0 220.0 436.0 220.0 447.0 large-vehicle 0
173.0 460.0 173.0 451.0 219.0 450.0 219.0 459.0 large-vehicle 0
172.0 476.0 172.0 467.0 218.0 466.0 218.0 475.0 large-vehicle 0
174.0 493.0 173.0 483.0 220.0 482.0 220.0 492.0 large-vehicle 0
180.0 529.0 180.0 519.0 226.0 519.0 226.0 528.0 large-vehicle 0
214.0 244.0 214.0 253.0 196.0 253.0 196.0 244.0 small-vehicle 0
201.0 265.0 200.0 255.0 218.0 255.0 218.0 264.0 small-vehicle 0
112.0 272.0 102.0 271.0 103.0 250.0 113.0 251.0 small-vehicle 0
361.0 688.0 361.0 678.0 382.0 679.0 381.0 689.0 small-vehicle 0
253.0 720.0 252.0 710.0 273.0 710.0 272.0 720.0 small-vehicle 0
293.0 700.0 294.0 688.0 310.0 690.0 310.0 700.0 small-vehicle 0
231.0 709.0 232.0 698.0 255.0 698.0 255.0 709.0 small-vehicle 0
296.0 688.0 296.0 678.0 315.0 679.0 315.0 688.0 small-vehicle 0
316.0 689.0 317.0 679.0 334.0 681.0 334.0 690.0 small-vehicle 0
359.0 698.0 359.0 689.0 376.0 689.0 375.0 697.0 small-vehicle 0
380.0 696.0 379.0 687.0 397.0 686.0 397.0 696.0 small-vehicle 0
116.0 483.0 107.0 483.0 108.0 463.0 117.0 463.0 small-vehicle 0
358.0 678.0 357.0 668.0 378.0 669.0 377.0 678.0 small-vehicle 0
380.0 668.0 380.0 658.0 399.0 660.0 399.0 669.0 small-vehicle 0
358.0 667.0 358.0 657.0 377.0 657.0 377.0 666.0 small-vehicle 0
297.0 669.0 297.0 658.0 314.0 660.0 314.0 669.0 small-vehicle 0
255.0 121.0 265.0 122.0 264.0 140.0 255.0 140.0 small-vehicle 0
264.0 121.0 275.0 122.0 274.0 138.0 264.0 138.0 small-vehicle 0
317.0 715.0 317.0 705.0 338.0 707.0 338.0 715.0 small-vehicle 0
316.0 726.0 316.0 716.0 335.0 717.0 335.0 727.0 small-vehicle 0
380.0 707.0 380.0 698.0 398.0 699.0 398.0 706.0 small-vehicle 0
403.0 708.0 403.0 716.0 378.0 716.0 378.0 708.0 small-vehicle 0
401.0 717.0 402.0 726.0 382.0 727.0 380.0 717.0 small-vehicle 0
382.0 735.0 381.0 726.0 401.0 727.0 401.0 736.0 small-vehicle 0
380.0 745.0 380.0 736.0 400.0 737.0 400.0 745.0 small-vehicle 0
317.0 755.0 317.0 747.0 335.0 747.0 335.0 755.0 small-vehicle 0
335.0 757.0 335.0 764.0 318.0 765.0 317.0 757.0 small-vehicle 0
382.0 755.0 381.0 746.0 401.0 747.0 401.0 755.0 small-vehicle 0
400.0 766.0 400.0 774.0 381.0 774.0 381.0 765.0 small-vehicle 0
401.0 783.0 401.0 792.0 381.0 793.0 381.0 782.0 small-vehicle 0
236.0 797.0 234.0 786.0 257.0 787.0 258.0 796.0 small-vehicle 0
233.0 747.0 233.0 737.0 253.0 739.0 253.0 748.0 small-vehicle 0
185.0 758.0 185.0 748.0 203.0 750.0 203.0 759.0 small-vehicle 0
131.0 747.0 124.0 754.0 111.0 736.0 119.0 731.0 small-vehicle 0
117.0 507.0 107.0 506.0 108.0 488.0 118.0 489.0 small-vehicle 0
210.0 269.0 210.0 278.0 170.0 280.0 169.0 269.0 large-vehicle 0
