imagesource:GoogleEarth
gsd:0.105801857849
682.0 898.0 688.0 880.0 725.0 895.0 717.0 911.0 small-vehicle 0
816.0 248.0 808.0 222.0 970.0 171.0 978.0 197.0 large-vehicle 0
798.0 185.0 791.0 158.0 953.0 110.0 960.0 135.0 large-vehicle 0
557.0 602.0 547.0 575.0 713.0 526.0 719.0 551.0 large-vehicle 0
544.0 570.0 535.0 545.0 699.0 496.0 706.0 521.0 large-vehicle 0
534.0 539.0 526.0 511.0 687.0 462.0 695.0 487.0 large-vehicle 0
527.0 505.0 519.0 478.0 682.0 431.0 689.0 458.0 large-vehicle 0
513.0 475.0 503.0 448.0 670.0 402.0 677.0 427.0 large-vehicle 0
508.0 440.0 501.0 412.0 661.0 366.0 670.0 393.0 large-vehicle 0
501.0 410.0 492.0 385.0 654.0 337.0 660.0 362.0 large-vehicle 0
491.0 379.0 482.0 350.0 645.0 303.0 654.0 329.0 large-vehicle 0
461.0 283.0 453.0 257.0 618.0 210.0 625.0 235.0 large-vehicle 0
302.0 711.0 294.0 685.0 402.0 653.0 408.0 679.0 large-vehicle 0
293.0 677.0 284.0 651.0 392.0 621.0 399.0 645.0 large-vehicle 0
285.0 645.0 277.0 621.0 384.0 589.0 392.0 614.0 large-vehicle 0
232.0 490.0 226.0 464.0 332.0 433.0 339.0 458.0 large-vehicle 0
224.0 455.0 216.0 428.0 325.0 398.0 332.0 421.0 large-vehicle 0
217.0 422.0 209.0 397.0 315.0 368.0 322.0 392.0 large-vehicle 0
207.0 391.0 201.0 367.0 311.0 333.0 318.0 357.0 large-vehicle 0
806.0 214.0 798.0 189.0 964.0 144.0 972.0 170.0 large-vehicle 0
827.0 279.0 818.0 252.0 980.0 202.0 987.0 228.0 large-vehicle 0
675.0 925.0 680.0 909.0 713.0 920.0 708.0 935.0 small-vehicle 0
837.0 313.0 827.0 286.0 988.0 234.0 997.0 259.0 large-vehicle 0
658.0 965.0 664.0 950.0 705.0 964.0 699.0 979.0 small-vehicle 0
654.0 990.0 660.0 973.0 694.0 986.0 688.0 1002.0 small-vehicle 0
686.0 1005.0 682.0 1023.0 641.0 1011.0 646.0 993.0 small-vehicle 0
598.0 929.0 615.0 935.0 604.0 969.0 587.0 964.0 small-vehicle 0
666.0 837.0 684.0 844.0 672.0 876.0 655.0 871.0 small-vehicle 0
638.0 826.0 657.0 833.0 642.0 875.0 622.0 869.0 small-vehicle 0
1254.0 433.0 1247.0 407.0 1353.0 382.0 1358.0 410.0 large-vehicle 0
1242.0 363.0 1233.0 334.0 1341.0 307.0 1346.0 334.0 large-vehicle 0
1216.0 337.0 1207.0 310.0 1314.0 282.0 1319.0 308.0 large-vehicle 0
1206.0 311.0 1198.0 284.0 1305.0 254.0 1312.0 279.0 large-vehicle 0
1189.0 236.0 1179.0 208.0 1288.0 175.0 1293.0 201.0 large-vehicle 0
1176.0 204.0 1167.0 175.0 1275.0 147.0 1280.0 172.0 large-vehicle 0
886.0 471.0 877.0 443.0 1037.0 392.0 1045.0 419.0 large-vehicle 0
878.0 438.0 869.0 410.0 1033.0 361.0 1041.0 388.0 large-vehicle 0
865.0 406.0 858.0 380.0 1020.0 331.0 1026.0 356.0 large-vehicle 0
857.0 376.0 848.0 350.0 1008.0 300.0 1017.0 324.0 large-vehicle 0
845.0 344.0 837.0 317.0 999.0 266.0 1007.0 293.0 large-vehicle 0
197.0 358.0 189.0 334.0 299.0 301.0 306.0 325.0 large-vehicle 0
