imagesource:GoogleEarth
gsd:0.217485853187
1153.0 45.0 1163.0 40.0 1171.0 60.0 1162.0 65.0 small-vehicle 0
1300.0 290.0 1309.0 285.0 1317.0 305.0 1309.0 309.0 small-vehicle 0
445.0 471.0 450.0 454.0 532.0 484.0 526.0 500.0 large-vehicle 0
581.0 472.0 568.0 466.0 587.0 416.0 600.0 421.0 large-vehicle 0
464.0 511.0 468.0 494.0 549.0 524.0 544.0 539.0 large-vehicle 0
471.0 530.0 477.0 515.0 558.0 543.0 554.0 558.0 large-vehicle 0
482.0 551.0 487.0 536.0 568.0 565.0 563.0 580.0 large-vehicle 0
481.0 646.0 486.0 631.0 535.0 651.0 530.0 664.0 large-vehicle 0
502.0 637.0 507.0 623.0 556.0 639.0 551.0 654.0 large-vehicle 0
436.0 761.0 441.0 747.0 493.0 768.0 488.0 780.0 large-vehicle 0
462.0 930.0 448.0 924.0 480.0 843.0 493.0 848.0 large-vehicle 0
545.0 892.0 531.0 887.0 564.0 804.0 577.0 811.0 large-vehicle 0
587.0 875.0 574.0 871.0 603.0 788.0 617.0 793.0 large-vehicle 0
670.0 842.0 657.0 838.0 676.0 782.0 687.0 787.0 large-vehicle 0
670.0 794.0 655.0 789.0 676.0 734.0 690.0 740.0 large-vehicle 0
587.0 261.0 581.0 250.0 632.0 225.0 638.0 236.0 large-vehicle 0
595.0 278.0 588.0 264.0 639.0 240.0 645.0 251.0 large-vehicle 0
408.0 388.0 413.0 373.0 494.0 403.0 489.0 417.0 large-vehicle 0
399.0 368.0 404.0 352.0 486.0 382.0 480.0 397.0 large-vehicle 0
543.0 388.0 531.0 383.0 549.0 332.0 562.0 336.0 large-vehicle 0
355.0 935.0 341.0 929.0 363.0 875.0 376.0 880.0 large-vehicle 0
230.0 294.0 217.0 288.0 249.0 208.0 261.0 212.0 large-vehicle 0
269.0 345.0 254.0 339.0 286.0 257.0 300.0 262.0 large-vehicle 0
293.0 415.0 281.0 410.0 313.0 327.0 326.0 332.0 large-vehicle 0
308.0 428.0 294.0 422.0 325.0 340.0 338.0 345.0 large-vehicle 0
318.0 444.0 304.0 439.0 335.0 358.0 348.0 363.0 large-vehicle 0
366.0 546.0 352.0 541.0 381.0 458.0 395.0 464.0 large-vehicle 0
636.0 82.0 648.0 75.0 682.0 148.0 669.0 154.0 large-vehicle 0
531.0 369.0 518.0 363.0 539.0 311.0 551.0 317.0 large-vehicle 0
601.0 7.0 613.0 1.0 638.0 44.0 627.0 51.0 large-vehicle 0
468.0 221.0 454.0 216.0 475.0 164.0 487.0 168.0 large-vehicle 0
343.0 244.0 347.0 232.0 427.0 259.0 423.0 272.0 large-vehicle 0
348.0 263.0 353.0 249.0 433.0 279.0 427.0 292.0 large-vehicle 0
372.0 306.0 377.0 291.0 458.0 321.0 453.0 336.0 large-vehicle 0
522.0 345.0 509.0 340.0 530.0 289.0 543.0 295.0 large-vehicle 0
601.0 294.0 594.0 280.0 645.0 254.0 652.0 268.0 large-vehicle 0
768.0 278.0 754.0 272.0 774.0 223.0 786.0 228.0 large-vehicle 0
776.0 300.0 764.0 294.0 795.0 213.0 807.0 216.0 large-vehicle 0
1102.0 353.0 1087.0 348.0 1106.0 297.0 1120.0 302.0 large-vehicle 0
1104.0 154.0 1108.0 141.0 1184.0 168.0 1179.0 182.0 large-vehicle 0
1112.0 175.0 1116.0 160.0 1191.0 189.0 1187.0 201.0 large-vehicle 0
1120.0 195.0 1126.0 181.0 1200.0 208.0 1196.0 222.0 large-vehicle 0
1025.0 229.0 1012.0 223.0 1042.0 147.0 1054.0 152.0 large-vehicle 0
1053.0 292.0 1040.0 287.0 1069.0 213.0 1082.0 218.0 large-vehicle 0
1149.0 259.0 1153.0 244.0 1228.0 269.0 1224.0 284.0 large-vehicle 0
1113.0 366.0 1099.0 359.0 1120.0 308.0 1134.0 314.0 large-vehicle 0
1085.0 112.0 1089.0 98.0 1165.0 126.0 1160.0 139.0 large-vehicle 0
707.0 265.0 710.0 275.0 694.0 283.0 689.0 275.0 small-vehicle 1
804.0 481.0 808.0 487.0 793.0 500.0 788.0 495.0 small-vehicle 0
795.0 470.0 802.0 476.0 783.0 496.0 776.0 489.0 small-vehicle 0
720.0 506.0 716.0 496.0 737.0 488.0 740.0 497.0 small-vehicle 0
731.0 531.0 727.0 521.0 747.0 513.0 750.0 522.0 small-vehicle 0
1181.0 431.0 1175.0 421.0 1202.0 408.0 1206.0 419.0 small-vehicle 0
1091.0 132.0 1096.0 118.0 1170.0 145.0 1166.0 158.0 large-vehicle 0
1031.0 47.0 1017.0 53.0 999.0 9.0 1012.0 4.0 large-vehicle 0
790.0 318.0 775.0 312.0 807.0 231.0 820.0 238.0 large-vehicle 0
854.0 424.0 841.0 417.0 872.0 334.0 886.0 340.0 large-vehicle 0
798.0 338.0 785.0 332.0 815.0 249.0 828.0 255.0 large-vehicle 0
897.0 224.0 883.0 219.0 902.0 170.0 914.0 174.0 large-vehicle 0
922.0 297.0 908.0 291.0 939.0 211.0 951.0 216.0 large-vehicle 0
819.0 375.0 805.0 368.0 838.0 287.0 850.0 293.0 large-vehicle 0
943.0 339.0 928.0 334.0 961.0 251.0 973.0 255.0 large-vehicle 0
839.0 418.0 825.0 411.0 858.0 328.0 870.0 333.0 large-vehicle 0
861.0 455.0 848.0 449.0 880.0 366.0 892.0 372.0 large-vehicle 0
793.0 785.0 779.0 780.0 801.0 727.0 811.0 731.0 large-vehicle 0
874.0 472.0 859.0 465.0 892.0 383.0 904.0 388.0 large-vehicle 0
951.0 363.0 938.0 357.0 967.0 273.0 981.0 278.0 large-vehicle 0
962.0 382.0 947.0 377.0 976.0 292.0 990.0 298.0 large-vehicle 0
980.0 424.0 965.0 418.0 997.0 337.0 1011.0 343.0 large-vehicle 0
924.0 605.0 911.0 599.0 930.0 544.0 943.0 549.0 large-vehicle 0
731.0 814.0 718.0 808.0 738.0 754.0 750.0 759.0 large-vehicle 0
131.0 181.0 137.0 168.0 188.0 190.0 183.0 203.0 large-vehicle 0
