imagesource:GoogleEarth
gsd:0.266045440049
291.0 452.0 306.0 452.0 306.0 466.0 291.0 466.0 storage-tank 0
317.0 435.0 317.0 423.0 357.0 422.0 357.0 434.0 large-vehicle 0
161.0 472.0 171.0 472.0 173.0 507.0 162.0 507.0 large-vehicle 0
109.0 356.0 111.0 365.0 76.0 371.0 74.0 362.0 large-vehicle 0
110.0 345.0 112.0 355.0 74.0 361.0 72.0 351.0 large-vehicle 0
114.0 406.0 117.0 415.0 77.0 427.0 74.0 416.0 large-vehicle 0
285.0 257.0 285.0 266.0 245.0 266.0 245.0 255.0 large-vehicle 0
145.0 475.0 156.0 475.0 158.0 509.0 147.0 509.0 large-vehicle 0
129.0 475.0 141.0 474.0 143.0 509.0 132.0 510.0 large-vehicle 0
108.0 479.0 120.0 476.0 126.0 509.0 115.0 511.0 large-vehicle 0
92.0 480.0 102.0 479.0 104.0 514.0 92.0 515.0 large-vehicle 0
113.0 394.0 116.0 405.0 80.0 412.0 77.0 401.0 large-vehicle 0
108.0 332.0 111.0 344.0 73.0 348.0 72.0 338.0 large-vehicle 0
293.0 392.0 292.0 382.0 334.0 382.0 335.0 393.0 large-vehicle 0
283.0 394.0 284.0 406.0 243.0 405.0 243.0 395.0 large-vehicle 0
290.0 377.0 291.0 367.0 332.0 369.0 332.0 379.0 large-vehicle 0
292.0 309.0 292.0 298.0 333.0 300.0 334.0 312.0 large-vehicle 0
298.0 268.0 297.0 257.0 337.0 256.0 338.0 268.0 large-vehicle 0
282.0 408.0 282.0 422.0 243.0 422.0 244.0 409.0 large-vehicle 0
283.0 378.0 282.0 391.0 242.0 390.0 242.0 380.0 large-vehicle 0
284.0 367.0 284.0 378.0 245.0 377.0 245.0 367.0 large-vehicle 0
284.0 352.0 284.0 365.0 244.0 362.0 244.0 352.0 large-vehicle 0
285.0 342.0 283.0 352.0 249.0 349.0 250.0 340.0 large-vehicle 0
283.0 327.0 284.0 338.0 243.0 337.0 245.0 327.0 large-vehicle 0
283.0 312.0 283.0 323.0 246.0 322.0 245.0 311.0 large-vehicle 0
282.0 286.0 282.0 293.0 259.0 294.0 258.0 287.0 large-vehicle 0
188.0 540.0 178.0 539.0 178.0 487.0 188.0 487.0 large-vehicle 0
293.0 325.0 293.0 314.0 335.0 313.0 335.0 325.0 large-vehicle 0
305.0 551.0 305.0 559.0 288.0 559.0 288.0 552.0 small-vehicle 1
347.0 152.0 346.0 161.0 327.0 161.0 327.0 152.0 small-vehicle 1
288.0 549.0 288.0 542.0 303.0 542.0 303.0 549.0 small-vehicle 1
286.0 538.0 286.0 530.0 303.0 531.0 303.0 538.0 small-vehicle 1
288.0 509.0 288.0 502.0 306.0 502.0 306.0 509.0 small-vehicle 1
263.0 464.0 254.0 466.0 250.0 448.0 258.0 447.0 small-vehicle 1
190.0 390.0 189.0 400.0 160.0 400.0 161.0 389.0 large-vehicle 1
110.0 322.0 111.0 330.0 71.0 336.0 70.0 327.0 large-vehicle 0
336.0 340.0 336.0 351.0 294.0 351.0 294.0 341.0 large-vehicle 0
341.0 308.0 352.0 307.0 358.0 351.0 346.0 353.0 large-vehicle 0
103.0 293.0 103.0 302.0 80.0 304.0 79.0 295.0 small-vehicle 1
347.0 185.0 347.0 195.0 328.0 194.0 329.0 184.0 small-vehicle 1
347.0 174.0 347.0 184.0 328.0 183.0 328.0 173.0 small-vehicle 1
348.0 144.0 347.0 152.0 327.0 152.0 328.0 143.0 small-vehicle 0
290.0 297.0 290.0 286.0 334.0 284.0 334.0 296.0 large-vehicle 0
326.0 155.0 325.0 162.0 311.0 163.0 311.0 156.0 small-vehicle 1
307.0 173.0 308.0 164.0 326.0 164.0 326.0 173.0 small-vehicle 0
324.0 174.0 324.0 183.0 305.0 182.0 306.0 174.0 small-vehicle 0
288.0 205.0 281.0 206.0 278.0 186.0 285.0 186.0 small-vehicle 0
346.0 212.0 345.0 221.0 325.0 220.0 326.0 211.0 small-vehicle 0
384.0 149.0 390.0 149.0 391.0 169.0 383.0 169.0 small-vehicle 0
430.0 135.0 437.0 141.0 426.0 157.0 419.0 153.0 small-vehicle 0
304.0 100.0 311.0 100.0 313.0 118.0 304.0 118.0 small-vehicle 0
288.0 102.0 296.0 100.0 299.0 115.0 292.0 117.0 small-vehicle 0
278.0 103.0 286.0 103.0 286.0 123.0 278.0 123.0 small-vehicle 0
291.0 365.0 291.0 354.0 333.0 353.0 333.0 364.0 large-vehicle 0
282.0 272.0 283.0 282.0 247.0 282.0 247.0 272.0 large-vehicle 0
