imagesource:GoogleEarth
gsd:0.201874013728
1567.0 730.0 1569.0 738.0 1547.0 741.0 1546.0 732.0 small-vehicle 0
1546.0 729.0 1543.0 721.0 1565.0 716.0 1566.0 724.0 small-vehicle 0
411.0 79.0 399.0 83.0 393.0 57.0 405.0 54.0 small-vehicle 0
318.0 40.0 308.0 42.0 303.0 19.0 313.0 16.0 small-vehicle 0
331.0 40.0 321.0 43.0 314.0 18.0 325.0 15.0 small-vehicle 0
335.0 15.0 347.0 12.0 351.0 32.0 338.0 35.0 small-vehicle 0
347.0 13.0 356.0 9.0 363.0 30.0 354.0 32.0 small-vehicle 0
358.0 10.0 369.0 9.0 371.0 30.0 361.0 32.0 small-vehicle 0
385.0 27.0 374.0 31.0 370.0 5.0 379.0 4.0 small-vehicle 0
381.0 7.0 392.0 3.0 398.0 26.0 388.0 29.0 small-vehicle 0
409.0 23.0 400.0 24.0 398.0 4.0 406.0 2.0 small-vehicle 0
429.0 74.0 418.0 79.0 412.0 56.0 423.0 53.0 small-vehicle 0
458.0 69.0 448.0 71.0 443.0 48.0 453.0 46.0 small-vehicle 0
472.0 66.0 461.0 69.0 455.0 43.0 467.0 42.0 small-vehicle 0
483.0 64.0 474.0 66.0 467.0 42.0 478.0 40.0 small-vehicle 0
494.0 63.0 484.0 66.0 477.0 40.0 488.0 39.0 small-vehicle 0
489.0 36.0 500.0 35.0 503.0 58.0 493.0 59.0 small-vehicle 0
500.0 38.0 511.0 36.0 516.0 58.0 506.0 59.0 small-vehicle 0
511.0 36.0 522.0 34.0 527.0 57.0 517.0 58.0 small-vehicle 0
357.0 64.0 368.0 62.0 374.0 85.0 364.0 88.0 small-vehicle 0
324.0 69.0 337.0 68.0 339.0 89.0 327.0 91.0 small-vehicle 0
327.0 93.0 315.0 96.0 309.0 72.0 321.0 70.0 small-vehicle 0
226.0 115.0 215.0 117.0 210.0 92.0 222.0 91.0 small-vehicle 0
126.0 129.0 117.0 131.0 112.0 110.0 121.0 108.0 small-vehicle 0
139.0 129.0 128.0 132.0 121.0 110.0 133.0 107.0 small-vehicle 0
151.0 127.0 141.0 131.0 134.0 111.0 144.0 107.0 small-vehicle 0
163.0 128.0 151.0 129.0 148.0 101.0 161.0 100.0 small-vehicle 0
183.0 123.0 173.0 126.0 167.0 104.0 177.0 102.0 small-vehicle 0
196.0 121.0 186.0 123.0 181.0 101.0 191.0 99.0 small-vehicle 0
216.0 118.0 204.0 120.0 198.0 97.0 210.0 95.0 small-vehicle 0
248.0 109.0 238.0 111.0 233.0 88.0 243.0 86.0 small-vehicle 0
316.0 98.0 305.0 100.0 301.0 77.0 311.0 75.0 small-vehicle 0
141.0 163.0 139.0 153.0 163.0 150.0 164.0 160.0 small-vehicle 0
32.0 121.0 32.0 130.0 9.0 133.0 7.0 124.0 small-vehicle 0
259.0 109.0 249.0 111.0 246.0 87.0 257.0 87.0 small-vehicle 0
272.0 103.0 261.0 106.0 257.0 85.0 268.0 83.0 small-vehicle 0
280.0 101.0 269.0 104.0 265.0 80.0 276.0 78.0 small-vehicle 0
276.0 79.0 288.0 77.0 292.0 101.0 280.0 104.0 small-vehicle 0
289.0 76.0 300.0 75.0 304.0 100.0 291.0 102.0 small-vehicle 0
531.0 35.0 542.0 32.0 544.0 54.0 534.0 55.0 small-vehicle 0
569.0 48.0 560.0 51.0 553.0 25.0 562.0 23.0 small-vehicle 0
580.0 45.0 569.0 46.0 566.0 21.0 577.0 21.0 small-vehicle 0
466.0 438.0 456.0 441.0 450.0 419.0 460.0 416.0 small-vehicle 0
373.0 433.0 383.0 431.0 389.0 453.0 379.0 456.0 small-vehicle 0
396.0 452.0 387.0 453.0 385.0 431.0 395.0 431.0 small-vehicle 0
409.0 449.0 400.0 452.0 394.0 428.0 404.0 426.0 small-vehicle 0
422.0 447.0 411.0 450.0 405.0 427.0 416.0 425.0 small-vehicle 0
432.0 442.0 423.0 446.0 417.0 424.0 426.0 423.0 small-vehicle 0
443.0 441.0 433.0 444.0 428.0 421.0 438.0 419.0 small-vehicle 0
455.0 440.0 445.0 444.0 438.0 420.0 449.0 417.0 small-vehicle 0
476.0 435.0 466.0 437.0 463.0 416.0 472.0 415.0 small-vehicle 0
351.0 437.0 361.0 434.0 364.0 458.0 355.0 459.0 small-vehicle 0
489.0 435.0 478.0 438.0 472.0 413.0 482.0 411.0 small-vehicle 0
502.0 431.0 492.0 433.0 485.0 411.0 496.0 409.0 small-vehicle 0
515.0 427.0 504.0 428.0 502.0 410.0 512.0 409.0 small-vehicle 0
535.0 423.0 524.0 426.0 517.0 406.0 527.0 403.0 small-vehicle 0
323.0 382.0 334.0 379.0 339.0 402.0 328.0 406.0 small-vehicle 0
336.0 380.0 348.0 379.0 349.0 402.0 338.0 403.0 small-vehicle 0
347.0 378.0 357.0 376.0 360.0 397.0 349.0 399.0 small-vehicle 0
378.0 456.0 365.0 458.0 361.0 434.0 373.0 432.0 small-vehicle 0
354.0 461.0 344.0 465.0 337.0 439.0 347.0 437.0 small-vehicle 0
592.0 40.0 583.0 43.0 576.0 22.0 586.0 19.0 small-vehicle 0
269.0 257.0 272.0 271.0 247.0 274.0 243.0 261.0 small-vehicle 0
603.0 37.0 593.0 40.0 586.0 17.0 597.0 14.0 small-vehicle 0
5.0 26.0 3.0 12.0 28.0 9.0 30.0 21.0 small-vehicle 0
34.0 20.0 34.0 7.0 55.0 6.0 55.0 18.0 small-vehicle 0
37.0 220.0 35.0 210.0 56.0 207.0 57.0 216.0 small-vehicle 0
61.0 270.0 63.0 280.0 41.0 284.0 39.0 274.0 small-vehicle 0
104.0 293.0 106.0 304.0 82.0 308.0 80.0 298.0 small-vehicle 0
206.0 272.0 209.0 286.0 181.0 291.0 178.0 277.0 small-vehicle 0
292.0 385.0 302.0 384.0 306.0 408.0 295.0 409.0 small-vehicle 0
342.0 462.0 332.0 465.0 325.0 441.0 336.0 438.0 small-vehicle 0
316.0 404.0 306.0 407.0 301.0 385.0 311.0 384.0 small-vehicle 0
326.0 406.0 318.0 408.0 312.0 387.0 321.0 385.0 small-vehicle 0
302.0 447.0 312.0 446.0 316.0 468.0 306.0 471.0 small-vehicle 0
314.0 446.0 327.0 445.0 330.0 466.0 318.0 468.0 small-vehicle 0
334.0 249.0 335.0 258.0 312.0 261.0 311.0 252.0 small-vehicle 0
330.0 227.0 332.0 240.0 309.0 245.0 307.0 231.0 small-vehicle 0
367.0 242.0 369.0 254.0 347.0 257.0 345.0 245.0 small-vehicle 0
118.0 134.0 107.0 138.0 99.0 112.0 111.0 108.0 small-vehicle 0
106.0 139.0 94.0 141.0 90.0 118.0 100.0 116.0 small-vehicle 0
94.0 132.0 85.0 140.0 69.0 123.0 78.0 115.0 small-vehicle 0
1027.0 197.0 1023.0 212.0 966.0 194.0 970.0 181.0 large-vehicle 0
1005.0 463.0 993.0 453.0 1030.0 402.0 1041.0 412.0 large-vehicle 0
1045.0 466.0 1030.0 457.0 1081.0 383.0 1094.0 392.0 large-vehicle 0
1078.0 452.0 1066.0 444.0 1098.0 392.0 1111.0 400.0 large-vehicle 0
940.0 384.0 938.0 367.0 1028.0 351.0 1030.0 366.0 large-vehicle 0
1050.0 362.0 1047.0 346.0 1137.0 329.0 1140.0 344.0 large-vehicle 0
1150.0 341.0 1146.0 326.0 1204.0 316.0 1207.0 330.0 large-vehicle 0
929.0 201.0 934.0 187.0 991.0 205.0 984.0 219.0 large-vehicle 0
1100.0 184.0 1096.0 197.0 1040.0 182.0 1043.0 166.0 large-vehicle 0
955.0 474.0 943.0 466.0 977.0 417.0 988.0 423.0 large-vehicle 0
1142.0 179.0 1138.0 191.0 1082.0 175.0 1085.0 161.0 large-vehicle 0
1183.0 171.0 1180.0 184.0 1121.0 167.0 1125.0 154.0 large-vehicle 0
1129.0 436.0 1117.0 428.0 1151.0 377.0 1164.0 385.0 large-vehicle 0
1150.0 443.0 1136.0 432.0 1184.0 356.0 1197.0 365.0 large-vehicle 0
1199.0 426.0 1187.0 416.0 1224.0 366.0 1235.0 375.0 large-vehicle 0
1222.0 424.0 1208.0 416.0 1240.0 368.0 1253.0 377.0 large-vehicle 0
1249.0 415.0 1235.0 407.0 1270.0 354.0 1282.0 363.0 large-vehicle 0
979.0 469.0 966.0 461.0 1002.0 411.0 1015.0 420.0 large-vehicle 0
903.0 493.0 891.0 485.0 944.0 408.0 956.0 416.0 large-vehicle 0
1226.0 326.0 1223.0 312.0 1279.0 301.0 1282.0 315.0 large-vehicle 0
523.0 554.0 509.0 545.0 544.0 495.0 556.0 505.0 large-vehicle 0
256.0 366.0 253.0 350.0 329.0 336.0 333.0 352.0 large-vehicle 0
132.0 649.0 129.0 633.0 222.0 618.0 224.0 634.0 large-vehicle 0
542.0 294.0 544.0 310.0 472.0 322.0 469.0 307.0 large-vehicle 0
514.0 255.0 517.0 270.0 469.0 280.0 466.0 265.0 large-vehicle 0
673.0 268.0 676.0 283.0 601.0 297.0 598.0 282.0 large-vehicle 0
442.0 580.0 429.0 570.0 483.0 495.0 495.0 503.0 large-vehicle 0
491.0 572.0 479.0 562.0 531.0 486.0 543.0 495.0 large-vehicle 0
545.0 553.0 531.0 545.0 563.0 494.0 577.0 503.0 large-vehicle 0
854.0 216.0 858.0 200.0 915.0 219.0 911.0 234.0 large-vehicle 0
667.0 533.0 654.0 523.0 688.0 474.0 701.0 483.0 large-vehicle 0
722.0 514.0 708.0 503.0 742.0 455.0 756.0 463.0 large-vehicle 0
738.0 522.0 723.0 512.0 766.0 452.0 779.0 461.0 large-vehicle 0
767.0 506.0 754.0 498.0 789.0 448.0 801.0 458.0 large-vehicle 0
805.0 545.0 802.0 528.0 860.0 518.0 863.0 533.0 large-vehicle 0
812.0 510.0 797.0 501.0 845.0 427.0 858.0 435.0 large-vehicle 0
840.0 494.0 828.0 487.0 856.0 439.0 869.0 447.0 large-vehicle 0
1275.0 407.0 1261.0 398.0 1296.0 348.0 1308.0 358.0 large-vehicle 0
1257.0 157.0 1253.0 171.0 1195.0 154.0 1200.0 139.0 large-vehicle 0
68.0 119.0 64.0 131.0 39.0 126.0 43.0 114.0 small-vehicle 0
195.0 42.0 207.0 41.0 209.0 62.0 197.0 64.0 small-vehicle 0
129.0 81.0 118.0 83.0 113.0 56.0 123.0 55.0 small-vehicle 0
140.0 74.0 131.0 78.0 125.0 56.0 134.0 53.0 small-vehicle 0
138.0 54.0 149.0 52.0 153.0 74.0 141.0 76.0 small-vehicle 0
164.0 72.0 155.0 73.0 151.0 50.0 160.0 49.0 small-vehicle 0
161.0 49.0 173.0 48.0 175.0 68.0 163.0 69.0 small-vehicle 0
173.0 48.0 184.0 47.0 187.0 67.0 176.0 69.0 small-vehicle 0
184.0 45.0 194.0 44.0 196.0 62.0 186.0 63.0 small-vehicle 0
206.0 42.0 217.0 40.0 220.0 60.0 210.0 62.0 small-vehicle 0
100.0 82.0 89.0 84.0 84.0 62.0 94.0 60.0 small-vehicle 0
235.0 56.0 224.0 59.0 217.0 36.0 228.0 33.0 small-vehicle 0
245.0 53.0 235.0 56.0 230.0 34.0 239.0 31.0 small-vehicle 0
258.0 51.0 248.0 53.0 242.0 30.0 252.0 27.0 small-vehicle 0
272.0 47.0 261.0 51.0 254.0 29.0 263.0 25.0 small-vehicle 0
283.0 45.0 274.0 48.0 266.0 25.0 276.0 23.0 small-vehicle 0
295.0 46.0 284.0 47.0 280.0 23.0 290.0 21.0 small-vehicle 0
305.0 40.0 296.0 42.0 292.0 21.0 301.0 20.0 small-vehicle 0
113.0 80.0 101.0 84.0 94.0 59.0 107.0 56.0 small-vehicle 0
89.0 84.0 79.0 87.0 74.0 65.0 83.0 62.0 small-vehicle 0
1284.0 146.0 1280.0 160.0 1224.0 142.0 1229.0 128.0 large-vehicle 0
1342.0 398.0 1330.0 387.0 1365.0 336.0 1379.0 345.0 large-vehicle 0
1334.0 145.0 1331.0 159.0 1266.0 138.0 1271.0 124.0 large-vehicle 0
1312.0 135.0 1316.0 120.0 1374.0 138.0 1371.0 153.0 large-vehicle 0
1401.0 128.0 1398.0 141.0 1341.0 124.0 1344.0 112.0 large-vehicle 0
1431.0 119.0 1428.0 133.0 1370.0 115.0 1374.0 102.0 large-vehicle 0
1481.0 113.0 1478.0 128.0 1417.0 113.0 1419.0 99.0 large-vehicle 0
1296.0 405.0 1284.0 397.0 1316.0 347.0 1328.0 354.0 large-vehicle 0
1318.0 404.0 1306.0 394.0 1337.0 347.0 1350.0 354.0 large-vehicle 0
1407.0 365.0 1395.0 356.0 1425.0 311.0 1436.0 320.0 large-vehicle 0
71.0 85.0 58.0 89.0 54.0 68.0 66.0 65.0 small-vehicle 0
1420.0 376.0 1408.0 367.0 1443.0 314.0 1455.0 321.0 large-vehicle 0
1443.0 376.0 1430.0 368.0 1463.0 313.0 1475.0 320.0 large-vehicle 0
1471.0 361.0 1459.0 353.0 1490.0 308.0 1504.0 316.0 large-vehicle 0
1497.0 360.0 1484.0 351.0 1517.0 296.0 1531.0 304.0 large-vehicle 0
12.0 81.0 25.0 77.0 29.0 98.0 16.0 102.0 small-vehicle 0
29.0 75.0 43.0 72.0 45.0 93.0 33.0 97.0 small-vehicle 0
43.0 73.0 54.0 71.0 58.0 92.0 46.0 95.0 small-vehicle 0
356.0 376.0 368.0 374.0 371.0 394.0 361.0 397.0 small-vehicle 0
370.0 376.0 382.0 373.0 385.0 392.0 373.0 395.0 small-vehicle 0
382.0 373.0 392.0 371.0 395.0 389.0 385.0 391.0 small-vehicle 0
1311.0 191.0 1321.0 189.0 1325.0 210.0 1314.0 212.0 small-vehicle 0
1190.0 239.0 1179.0 241.0 1175.0 215.0 1186.0 213.0 small-vehicle 0
1202.0 233.0 1192.0 236.0 1187.0 214.0 1198.0 213.0 small-vehicle 0
1222.0 233.0 1212.0 235.0 1208.0 212.0 1217.0 210.0 small-vehicle 0
1229.0 209.0 1241.0 207.0 1243.0 231.0 1231.0 231.0 small-vehicle 0
1289.0 219.0 1277.0 221.0 1274.0 199.0 1285.0 197.0 small-vehicle 0
1301.0 219.0 1289.0 220.0 1285.0 196.0 1298.0 195.0 small-vehicle 0
1299.0 195.0 1311.0 195.0 1313.0 217.0 1302.0 217.0 small-vehicle 0
1085.0 320.0 1075.0 322.0 1069.0 301.0 1080.0 298.0 small-vehicle 0
1162.0 244.0 1153.0 246.0 1148.0 223.0 1157.0 221.0 small-vehicle 0
1103.0 316.0 1091.0 318.0 1088.0 296.0 1099.0 294.0 small-vehicle 0
1116.0 313.0 1105.0 315.0 1101.0 292.0 1111.0 289.0 small-vehicle 0
1127.0 311.0 1117.0 313.0 1113.0 289.0 1122.0 288.0 small-vehicle 0
1143.0 309.0 1133.0 312.0 1124.0 289.0 1134.0 286.0 small-vehicle 0
1157.0 312.0 1145.0 313.0 1142.0 286.0 1153.0 284.0 small-vehicle 0
1170.0 301.0 1158.0 303.0 1154.0 282.0 1165.0 280.0 small-vehicle 0
1183.0 302.0 1173.0 305.0 1167.0 281.0 1178.0 279.0 small-vehicle 0
1162.0 222.0 1174.0 220.0 1177.0 244.0 1164.0 246.0 small-vehicle 0
1137.0 227.0 1146.0 224.0 1151.0 246.0 1142.0 248.0 small-vehicle 0
1210.0 295.0 1200.0 297.0 1194.0 272.0 1204.0 270.0 small-vehicle 0
1037.0 245.0 1048.0 244.0 1052.0 268.0 1041.0 270.0 small-vehicle 0
946.0 263.0 956.0 261.0 959.0 283.0 949.0 284.0 small-vehicle 0
957.0 259.0 969.0 259.0 971.0 282.0 960.0 284.0 small-vehicle 0
972.0 257.0 984.0 257.0 985.0 281.0 973.0 281.0 small-vehicle 0
989.0 257.0 999.0 256.0 1003.0 276.0 992.0 279.0 small-vehicle 0
999.0 252.0 1011.0 251.0 1015.0 274.0 1004.0 276.0 small-vehicle 0
1014.0 251.0 1024.0 249.0 1027.0 269.0 1017.0 272.0 small-vehicle 0
1027.0 249.0 1037.0 247.0 1040.0 271.0 1030.0 272.0 small-vehicle 0
1051.0 242.0 1062.0 241.0 1065.0 264.0 1054.0 266.0 small-vehicle 0
1138.0 247.0 1128.0 249.0 1124.0 229.0 1134.0 227.0 small-vehicle 0
1048.0 304.0 1058.0 302.0 1061.0 326.0 1050.0 327.0 small-vehicle 0
1072.0 323.0 1063.0 326.0 1058.0 303.0 1068.0 302.0 small-vehicle 0
1063.0 241.0 1073.0 239.0 1076.0 263.0 1065.0 265.0 small-vehicle 0
1073.0 241.0 1083.0 237.0 1089.0 256.0 1078.0 261.0 small-vehicle 0
1089.0 236.0 1100.0 235.0 1102.0 255.0 1092.0 256.0 small-vehicle 0
1113.0 254.0 1103.0 256.0 1099.0 236.0 1108.0 233.0 small-vehicle 0
1112.0 234.0 1122.0 232.0 1125.0 249.0 1115.0 251.0 small-vehicle 0
1200.0 297.0 1188.0 299.0 1183.0 275.0 1193.0 273.0 small-vehicle 0
1221.0 290.0 1209.0 292.0 1205.0 271.0 1216.0 268.0 small-vehicle 0
1049.0 323.0 1040.0 323.0 1035.0 307.0 1044.0 306.0 small-vehicle 0
1649.0 573.0 1648.0 560.0 1671.0 558.0 1673.0 568.0 small-vehicle 0
1097.0 14.0 1095.0 4.0 1114.0 0.0 1117.0 8.0 small-vehicle 0
618.0 37.0 608.0 39.0 601.0 13.0 611.0 11.0 small-vehicle 0
630.0 35.0 620.0 36.0 615.0 14.0 624.0 12.0 small-vehicle 0
645.0 32.0 633.0 35.0 627.0 12.0 637.0 9.0 small-vehicle 0
655.0 31.0 646.0 33.0 640.0 11.0 649.0 9.0 small-vehicle 0
667.0 27.0 658.0 30.0 649.0 4.0 662.0 1.0 small-vehicle 0
679.0 25.0 668.0 29.0 663.0 3.0 674.0 1.0 small-vehicle 0
1600.0 609.0 1600.0 599.0 1618.0 596.0 1618.0 604.0 small-vehicle 0
947.0 88.0 949.0 97.0 923.0 100.0 922.0 91.0 small-vehicle 0
1575.0 626.0 1573.0 616.0 1599.0 611.0 1599.0 621.0 small-vehicle 0
1584.0 662.0 1583.0 650.0 1605.0 645.0 1608.0 657.0 small-vehicle 0
1610.0 668.0 1610.0 657.0 1635.0 654.0 1637.0 665.0 small-vehicle 0
1621.0 720.0 1622.0 730.0 1597.0 734.0 1595.0 725.0 small-vehicle 0
1648.0 725.0 1650.0 736.0 1625.0 740.0 1623.0 730.0 small-vehicle 0
1674.0 685.0 1671.0 675.0 1691.0 669.0 1693.0 678.0 small-vehicle 0
1694.0 694.0 1695.0 703.0 1676.0 706.0 1675.0 697.0 small-vehicle 0
1046.0 14.0 1049.0 23.0 1023.0 27.0 1022.0 17.0 small-vehicle 0
956.0 106.0 958.0 113.0 935.0 118.0 934.0 111.0 small-vehicle 0
1234.0 290.0 1223.0 292.0 1219.0 268.0 1229.0 266.0 small-vehicle 0
1196.0 585.0 1197.0 593.0 1175.0 597.0 1173.0 589.0 small-vehicle 0
1563.0 136.0 1553.0 138.0 1548.0 114.0 1558.0 113.0 small-vehicle 0
1567.0 159.0 1557.0 160.0 1555.0 141.0 1564.0 139.0 small-vehicle 0
1573.0 183.0 1561.0 186.0 1555.0 163.0 1566.0 160.0 small-vehicle 0
1578.0 210.0 1565.0 213.0 1562.0 188.0 1573.0 186.0 small-vehicle 0
1591.0 289.0 1579.0 290.0 1575.0 265.0 1586.0 263.0 small-vehicle 0
521.0 173.0 523.0 183.0 505.0 186.0 502.0 177.0 small-vehicle 0
675.0 161.0 676.0 171.0 655.0 175.0 654.0 165.0 small-vehicle 0
1170.0 586.0 1172.0 596.0 1151.0 600.0 1149.0 592.0 small-vehicle 0
1541.0 721.0 1542.0 732.0 1518.0 736.0 1515.0 726.0 small-vehicle 0
1113.0 574.0 1110.0 565.0 1134.0 561.0 1134.0 570.0 small-vehicle 0
1451.0 687.0 1449.0 676.0 1472.0 673.0 1473.0 682.0 small-vehicle 0
1480.0 707.0 1482.0 717.0 1460.0 722.0 1457.0 713.0 small-vehicle 0
1463.0 745.0 1461.0 737.0 1485.0 730.0 1486.0 741.0 small-vehicle 0
1502.0 677.0 1503.0 664.0 1534.0 664.0 1534.0 675.0 small-vehicle 0
1530.0 687.0 1531.0 696.0 1508.0 698.0 1507.0 689.0 small-vehicle 0
1534.0 700.0 1536.0 709.0 1514.0 713.0 1513.0 702.0 small-vehicle 0
935.0 265.0 945.0 264.0 947.0 286.0 937.0 286.0 small-vehicle 0
1038.0 330.0 1028.0 330.0 1022.0 310.0 1031.0 309.0 small-vehicle 0
390.0 367.0 401.0 363.0 405.0 387.0 395.0 389.0 small-vehicle 0
627.0 322.0 638.0 319.0 643.0 344.0 632.0 347.0 small-vehicle 0
643.0 634.0 656.0 632.0 658.0 653.0 645.0 654.0 small-vehicle 0
648.0 661.0 661.0 659.0 662.0 682.0 649.0 683.0 small-vehicle 0
652.0 688.0 665.0 686.0 668.0 711.0 653.0 712.0 small-vehicle 0
656.0 717.0 669.0 715.0 672.0 736.0 658.0 738.0 small-vehicle 0
581.0 332.0 593.0 329.0 597.0 349.0 586.0 353.0 small-vehicle 0
599.0 328.0 611.0 325.0 613.0 346.0 601.0 349.0 small-vehicle 0
616.0 327.0 627.0 324.0 631.0 345.0 620.0 347.0 small-vehicle 0
638.0 319.0 649.0 316.0 654.0 339.0 644.0 341.0 small-vehicle 0
622.0 535.0 634.0 532.0 638.0 558.0 627.0 560.0 small-vehicle 0
652.0 318.0 663.0 316.0 666.0 338.0 656.0 340.0 small-vehicle 0
662.0 316.0 675.0 314.0 679.0 337.0 666.0 339.0 small-vehicle 0
680.0 312.0 693.0 309.0 698.0 334.0 686.0 336.0 small-vehicle 0
693.0 310.0 705.0 308.0 708.0 330.0 696.0 332.0 small-vehicle 0
704.0 309.0 715.0 306.0 720.0 327.0 709.0 330.0 small-vehicle 0
715.0 307.0 727.0 304.0 732.0 327.0 721.0 330.0 small-vehicle 0
727.0 306.0 737.0 303.0 744.0 325.0 733.0 328.0 small-vehicle 0
628.0 561.0 639.0 559.0 645.0 580.0 633.0 583.0 small-vehicle 0
616.0 507.0 629.0 505.0 633.0 527.0 620.0 529.0 small-vehicle 0
752.0 299.0 765.0 298.0 767.0 319.0 756.0 320.0 small-vehicle 0
513.0 366.0 502.0 368.0 499.0 347.0 509.0 346.0 small-vehicle 0
404.0 364.0 414.0 362.0 421.0 386.0 410.0 389.0 small-vehicle 0
420.0 360.0 432.0 358.0 436.0 381.0 424.0 383.0 small-vehicle 0
432.0 361.0 442.0 358.0 446.0 376.0 437.0 378.0 small-vehicle 0
447.0 357.0 461.0 355.0 463.0 380.0 450.0 381.0 small-vehicle 0
479.0 373.0 468.0 376.0 465.0 352.0 475.0 351.0 small-vehicle 0
475.0 354.0 484.0 352.0 488.0 366.0 480.0 370.0 small-vehicle 1
485.0 349.0 497.0 346.0 502.0 369.0 490.0 371.0 small-vehicle 0
525.0 367.0 515.0 370.0 509.0 345.0 518.0 343.0 small-vehicle 0
611.0 478.0 622.0 476.0 627.0 499.0 615.0 501.0 small-vehicle 0
520.0 345.0 529.0 342.0 534.0 364.0 526.0 365.0 small-vehicle 0
530.0 346.0 540.0 343.0 543.0 361.0 533.0 362.0 small-vehicle 0
542.0 341.0 552.0 339.0 556.0 361.0 546.0 363.0 small-vehicle 0
552.0 339.0 564.0 336.0 568.0 358.0 557.0 361.0 small-vehicle 0
564.0 338.0 576.0 336.0 578.0 355.0 567.0 356.0 small-vehicle 0
600.0 424.0 612.0 422.0 617.0 445.0 605.0 448.0 small-vehicle 0
606.0 453.0 617.0 451.0 621.0 471.0 611.0 474.0 small-vehicle 0
741.0 303.0 752.0 301.0 755.0 321.0 743.0 323.0 small-vehicle 0
765.0 297.0 777.0 294.0 782.0 316.0 771.0 318.0 small-vehicle 0
1025.0 335.0 1016.0 336.0 1011.0 311.0 1021.0 310.0 small-vehicle 0
911.0 355.0 900.0 356.0 896.0 333.0 907.0 331.0 small-vehicle 0
848.0 280.0 860.0 278.0 864.0 303.0 852.0 304.0 small-vehicle 0
860.0 280.0 871.0 278.0 876.0 297.0 865.0 300.0 small-vehicle 0
880.0 275.0 891.0 274.0 893.0 295.0 882.0 297.0 small-vehicle 0
890.0 274.0 902.0 271.0 906.0 293.0 894.0 295.0 small-vehicle 0
903.0 274.0 912.0 270.0 918.0 292.0 909.0 295.0 small-vehicle 0
913.0 268.0 926.0 265.0 929.0 289.0 917.0 292.0 small-vehicle 0
898.0 358.0 886.0 360.0 881.0 334.0 892.0 332.0 small-vehicle 0
923.0 350.0 913.0 352.0 907.0 331.0 915.0 328.0 small-vehicle 0
827.0 284.0 836.0 281.0 841.0 303.0 830.0 305.0 small-vehicle 0
934.0 350.0 924.0 352.0 920.0 328.0 930.0 326.0 small-vehicle 0
949.0 347.0 937.0 350.0 932.0 326.0 944.0 324.0 small-vehicle 0
959.0 345.0 948.0 347.0 945.0 327.0 954.0 325.0 small-vehicle 0
972.0 338.0 963.0 339.0 960.0 321.0 969.0 319.0 small-vehicle 0
987.0 335.0 976.0 338.0 970.0 316.0 980.0 314.0 small-vehicle 0
999.0 334.0 988.0 337.0 983.0 316.0 992.0 314.0 small-vehicle 0
1015.0 334.0 1002.0 336.0 997.0 313.0 1008.0 311.0 small-vehicle 0
837.0 283.0 849.0 281.0 853.0 304.0 841.0 307.0 small-vehicle 0
837.0 237.0 838.0 249.0 813.0 253.0 812.0 240.0 small-vehicle 0
779.0 294.0 792.0 291.0 797.0 316.0 786.0 317.0 small-vehicle 0
760.0 360.0 771.0 359.0 775.0 383.0 764.0 385.0 small-vehicle 0
794.0 291.0 804.0 290.0 809.0 313.0 797.0 315.0 small-vehicle 0
696.0 393.0 685.0 396.0 678.0 373.0 690.0 370.0 small-vehicle 0
694.0 372.0 705.0 372.0 706.0 392.0 695.0 392.0 small-vehicle 0
722.0 390.0 711.0 393.0 706.0 369.0 716.0 366.0 small-vehicle 0
718.0 367.0 731.0 365.0 735.0 387.0 723.0 390.0 small-vehicle 0
748.0 387.0 736.0 390.0 733.0 365.0 744.0 364.0 small-vehicle 0
759.0 384.0 748.0 384.0 749.0 359.0 760.0 359.0 small-vehicle 0
788.0 375.0 776.0 378.0 773.0 357.0 783.0 355.0 small-vehicle 0
813.0 289.0 825.0 286.0 829.0 307.0 817.0 310.0 small-vehicle 0
785.0 358.0 798.0 357.0 799.0 379.0 787.0 379.0 small-vehicle 0
812.0 374.0 802.0 377.0 797.0 354.0 808.0 353.0 small-vehicle 0
822.0 371.0 812.0 373.0 809.0 352.0 818.0 351.0 small-vehicle 0
827.0 349.0 837.0 349.0 840.0 371.0 830.0 372.0 small-vehicle 0
837.0 346.0 848.0 344.0 852.0 366.0 842.0 367.0 small-vehicle 0
866.0 363.0 856.0 367.0 851.0 342.0 860.0 340.0 small-vehicle 0
883.0 359.0 874.0 360.0 868.0 339.0 877.0 339.0 small-vehicle 0
213.0 354.0 209.0 338.0 269.0 328.0 271.0 343.0 large-vehicle 0
