imagesource:GoogleEarth
gsd:0.126701867541
1729.0 1.0 1743.0 14.0 1718.0 41.0 1703.0 30.0 small-vehicle 1
398.0 111.0 384.0 106.0 397.0 69.0 411.0 76.0 small-vehicle 0
341.0 806.0 349.0 786.0 383.0 803.0 376.0 820.0 small-vehicle 0
339.0 825.0 345.0 808.0 380.0 822.0 374.0 839.0 small-vehicle 0
331.0 848.0 338.0 828.0 378.0 843.0 371.0 863.0 small-vehicle 0
366.0 863.0 360.0 878.0 325.0 865.0 332.0 848.0 small-vehicle 0
241.0 852.0 259.0 856.0 248.0 893.0 229.0 887.0 small-vehicle 0
199.0 840.0 216.0 843.0 207.0 879.0 192.0 875.0 small-vehicle 0
161.0 835.0 180.0 833.0 181.0 873.0 162.0 873.0 small-vehicle 0
14.0 780.0 32.0 787.0 20.0 818.0 2.0 814.0 small-vehicle 0
159.0 938.0 175.0 944.0 163.0 978.0 146.0 973.0 small-vehicle 0
216.0 965.0 233.0 970.0 220.0 1006.0 202.0 1000.0 small-vehicle 0
240.0 1016.0 220.0 1009.0 234.0 973.0 250.0 979.0 small-vehicle 0
257.0 977.0 275.0 982.0 264.0 1017.0 246.0 1012.0 small-vehicle 0
282.0 1026.0 264.0 1020.0 277.0 982.0 293.0 988.0 small-vehicle 0
300.0 985.0 320.0 992.0 304.0 1034.0 284.0 1025.0 small-vehicle 0
89.0 1082.0 94.0 1062.0 134.0 1072.0 129.0 1091.0 small-vehicle 0
48.0 1072.0 48.0 1055.0 88.0 1055.0 85.0 1072.0 small-vehicle 0
47.0 1092.0 48.0 1073.0 89.0 1076.0 86.0 1095.0 small-vehicle 0
44.0 1116.0 46.0 1096.0 85.0 1100.0 82.0 1118.0 small-vehicle 0
38.0 1137.0 41.0 1117.0 85.0 1123.0 82.0 1141.0 small-vehicle 0
36.0 1159.0 39.0 1141.0 76.0 1147.0 74.0 1165.0 small-vehicle 0
37.0 1185.0 38.0 1165.0 74.0 1167.0 73.0 1187.0 small-vehicle 0
86.0 1205.0 88.0 1186.0 132.0 1189.0 129.0 1209.0 small-vehicle 0
40.0 1230.0 44.0 1208.0 86.0 1217.0 83.0 1237.0 small-vehicle 0
357.0 766.0 365.0 747.0 402.0 766.0 395.0 781.0 small-vehicle 0
389.0 671.0 395.0 652.0 434.0 668.0 428.0 684.0 small-vehicle 0
381.0 689.0 387.0 671.0 423.0 687.0 416.0 704.0 small-vehicle 0
131.0 410.0 114.0 408.0 119.0 365.0 135.0 367.0 small-vehicle 0
163.0 218.0 171.0 197.0 214.0 212.0 207.0 232.0 small-vehicle 0
250.0 249.0 255.0 226.0 311.0 243.0 304.0 264.0 small-vehicle 0
154.0 250.0 162.0 229.0 204.0 243.0 198.0 264.0 small-vehicle 0
146.0 271.0 155.0 250.0 188.0 264.0 180.0 282.0 small-vehicle 0
134.0 292.0 142.0 271.0 186.0 290.0 177.0 310.0 small-vehicle 0
50.0 282.0 32.0 279.0 41.0 239.0 58.0 243.0 small-vehicle 0
19.0 234.0 40.0 236.0 30.0 275.0 11.0 270.0 small-vehicle 0
36.0 375.0 19.0 369.0 31.0 333.0 49.0 340.0 small-vehicle 0
15.0 368.0 1.0 361.0 12.0 328.0 28.0 333.0 small-vehicle 0
111.0 402.0 93.0 402.0 96.0 359.0 113.0 360.0 small-vehicle 0
151.0 415.0 134.0 409.0 144.0 369.0 162.0 374.0 small-vehicle 0
196.0 486.0 177.0 481.0 189.0 441.0 208.0 447.0 small-vehicle 0
173.0 420.0 156.0 417.0 165.0 374.0 182.0 377.0 small-vehicle 0
196.0 426.0 179.0 422.0 187.0 381.0 203.0 384.0 small-vehicle 0
218.0 436.0 200.0 430.0 208.0 391.0 227.0 396.0 small-vehicle 0
239.0 444.0 220.0 436.0 235.0 397.0 252.0 404.0 small-vehicle 0
21.0 430.0 2.0 424.0 12.0 388.0 30.0 393.0 small-vehicle 0
40.0 433.0 23.0 429.0 31.0 392.0 47.0 397.0 small-vehicle 0
77.0 445.0 62.0 440.0 70.0 408.0 86.0 413.0 small-vehicle 0
98.0 457.0 81.0 452.0 89.0 413.0 104.0 416.0 small-vehicle 0
115.0 462.0 97.0 456.0 108.0 417.0 129.0 424.0 small-vehicle 0
155.0 472.0 137.0 467.0 147.0 431.0 164.0 436.0 small-vehicle 0
88.0 1234.0 91.0 1216.0 128.0 1223.0 124.0 1239.0 small-vehicle 0
303.0 1206.0 311.0 1185.0 357.0 1202.0 350.0 1220.0 small-vehicle 0
306.0 1228.0 313.0 1211.0 347.0 1226.0 340.0 1241.0 small-vehicle 0
478.0 539.0 498.0 544.0 485.0 584.0 467.0 578.0 small-vehicle 0
677.0 319.0 681.0 301.0 719.0 312.0 713.0 329.0 small-vehicle 0
622.0 354.0 604.0 350.0 615.0 311.0 632.0 316.0 small-vehicle 0
647.0 370.0 629.0 366.0 640.0 326.0 657.0 331.0 small-vehicle 0
562.0 400.0 579.0 404.0 566.0 452.0 549.0 447.0 small-vehicle 0
585.0 409.0 602.0 414.0 587.0 461.0 567.0 455.0 small-vehicle 0
628.0 430.0 635.0 413.0 671.0 431.0 665.0 445.0 small-vehicle 0
465.0 445.0 483.0 450.0 468.0 493.0 450.0 489.0 small-vehicle 0
607.0 488.0 613.0 468.0 655.0 481.0 648.0 499.0 small-vehicle 0
591.0 507.0 599.0 487.0 646.0 509.0 634.0 528.0 small-vehicle 0
519.0 555.0 537.0 559.0 526.0 597.0 507.0 592.0 small-vehicle 0
445.0 630.0 440.0 644.0 396.0 632.0 402.0 614.0 small-vehicle 0
691.0 277.0 697.0 259.0 731.0 273.0 725.0 289.0 small-vehicle 0
403.0 654.0 410.0 636.0 439.0 650.0 434.0 667.0 small-vehicle 0
434.0 688.0 440.0 668.0 479.0 684.0 473.0 703.0 small-vehicle 0
549.0 648.0 556.0 634.0 592.0 653.0 586.0 666.0 small-vehicle 0
564.0 602.0 547.0 597.0 556.0 564.0 572.0 567.0 small-vehicle 0
539.0 694.0 548.0 675.0 585.0 693.0 576.0 707.0 small-vehicle 0
524.0 732.0 531.0 712.0 569.0 727.0 563.0 743.0 small-vehicle 0
406.0 739.0 413.0 720.0 452.0 737.0 443.0 754.0 small-vehicle 0
515.0 754.0 524.0 733.0 561.0 748.0 554.0 768.0 small-vehicle 0
515.0 774.0 520.0 757.0 556.0 768.0 553.0 784.0 small-vehicle 0
500.0 794.0 506.0 775.0 548.0 790.0 540.0 807.0 small-vehicle 0
658.0 315.0 639.0 313.0 648.0 270.0 667.0 273.0 small-vehicle 0
697.0 229.0 707.0 208.0 746.0 228.0 736.0 247.0 small-vehicle 0
289.0 1254.0 294.0 1234.0 336.0 1245.0 332.0 1264.0 small-vehicle 0
66.0 1453.0 66.0 1436.0 109.0 1439.0 107.0 1457.0 small-vehicle 0
82.0 1262.0 85.0 1242.0 125.0 1251.0 119.0 1268.0 small-vehicle 0
38.0 1258.0 42.0 1240.0 78.0 1247.0 73.0 1264.0 small-vehicle 0
32.0 1285.0 33.0 1264.0 73.0 1270.0 70.0 1287.0 small-vehicle 0
72.0 1312.0 79.0 1293.0 116.0 1304.0 110.0 1322.0 small-vehicle 0
29.0 1307.0 34.0 1287.0 72.0 1292.0 70.0 1311.0 small-vehicle 0
29.0 1332.0 34.0 1312.0 72.0 1320.0 68.0 1337.0 small-vehicle 0
286.0 1275.0 291.0 1258.0 326.0 1268.0 320.0 1284.0 small-vehicle 0
273.0 1299.0 280.0 1279.0 326.0 1292.0 318.0 1312.0 small-vehicle 0
264.0 1347.0 269.0 1327.0 308.0 1339.0 301.0 1357.0 small-vehicle 0
21.0 1423.0 23.0 1405.0 58.0 1412.0 56.0 1428.0 small-vehicle 0
12.0 1447.0 16.0 1428.0 59.0 1438.0 55.0 1455.0 small-vehicle 0
702.0 205.0 712.0 186.0 751.0 207.0 741.0 222.0 small-vehicle 0
53.0 1483.0 59.0 1462.0 93.0 1470.0 88.0 1490.0 small-vehicle 0
9.0 1473.0 13.0 1455.0 49.0 1466.0 46.0 1482.0 small-vehicle 0
3.0 1496.0 5.0 1476.0 40.0 1484.0 38.0 1500.0 small-vehicle 0
44.0 1508.0 41.0 1525.0 4.0 1523.0 5.0 1505.0 small-vehicle 0
41.0 1548.0 42.0 1528.0 81.0 1533.0 78.0 1552.0 small-vehicle 0
37.0 1531.0 35.0 1549.0 5.0 1548.0 6.0 1530.0 small-vehicle 0
1.0 1567.0 6.0 1550.0 42.0 1560.0 35.0 1578.0 small-vehicle 0
534.0 8.0 551.0 15.0 535.0 53.0 518.0 46.0 small-vehicle 0
551.0 17.0 570.0 20.0 558.0 56.0 540.0 52.0 small-vehicle 0
716.0 186.0 724.0 167.0 762.0 184.0 754.0 201.0 small-vehicle 0
428.0 122.0 409.0 116.0 420.0 76.0 436.0 81.0 small-vehicle 0
303.0 82.0 287.0 74.0 311.0 33.0 327.0 44.0 small-vehicle 0
258.0 412.0 275.0 418.0 258.0 462.0 242.0 456.0 small-vehicle 1
334.0 88.0 316.0 84.0 329.0 37.0 348.0 45.0 small-vehicle 0
452.0 1497.0 473.0 1507.0 405.0 1637.0 383.0 1627.0 large-vehicle 0
366.0 1444.0 390.0 1453.0 337.0 1590.0 315.0 1581.0 large-vehicle 0
492.0 1520.0 501.0 1499.0 586.0 1535.0 578.0 1556.0 large-vehicle 0
475.0 1545.0 483.0 1522.0 572.0 1555.0 565.0 1578.0 large-vehicle 0
461.0 1569.0 469.0 1547.0 561.0 1582.0 552.0 1601.0 large-vehicle 0
596.0 1547.0 615.0 1560.0 571.0 1644.0 554.0 1633.0 large-vehicle 0
451.0 1593.0 459.0 1570.0 549.0 1601.0 541.0 1625.0 large-vehicle 0
436.0 1620.0 444.0 1595.0 536.0 1628.0 528.0 1651.0 large-vehicle 0
419.0 1638.0 430.0 1615.0 518.0 1651.0 510.0 1673.0 large-vehicle 0
630.0 1619.0 651.0 1634.0 575.0 1757.0 554.0 1742.0 large-vehicle 0
676.0 1649.0 690.0 1625.0 768.0 1681.0 756.0 1701.0 large-vehicle 0
409.0 1660.0 419.0 1638.0 506.0 1677.0 496.0 1699.0 large-vehicle 0
398.0 1683.0 407.0 1660.0 493.0 1699.0 485.0 1722.0 large-vehicle 0
386.0 1709.0 395.0 1685.0 484.0 1721.0 476.0 1746.0 large-vehicle 0
373.0 1732.0 382.0 1708.0 468.0 1744.0 461.0 1767.0 large-vehicle 0
360.0 1756.0 368.0 1733.0 457.0 1769.0 447.0 1793.0 large-vehicle 0
596.0 1817.0 610.0 1795.0 693.0 1839.0 683.0 1861.0 large-vehicle 0
341.0 1807.0 350.0 1782.0 438.0 1818.0 428.0 1840.0 large-vehicle 0
197.0 1887.0 212.0 1867.0 291.0 1915.0 277.0 1935.0 large-vehicle 0
252.0 1926.0 271.0 1940.0 188.0 2056.0 172.0 2044.0 large-vehicle 0
209.0 1941.0 227.0 1951.0 174.0 2028.0 156.0 2017.0 large-vehicle 0
189.0 1916.0 211.0 1928.0 159.0 2007.0 139.0 1994.0 large-vehicle 0
244.0 1981.0 265.0 1991.0 216.0 2072.0 194.0 2059.0 large-vehicle 0
502.0 1495.0 511.0 1474.0 599.0 1509.0 590.0 1532.0 large-vehicle 0
524.0 1452.0 531.0 1428.0 622.0 1464.0 613.0 1486.0 large-vehicle 0
533.0 1425.0 542.0 1402.0 628.0 1438.0 622.0 1459.0 large-vehicle 0
563.0 1216.0 585.0 1229.0 516.0 1360.0 494.0 1347.0 large-vehicle 0
648.0 589.0 671.0 597.0 622.0 733.0 600.0 725.0 large-vehicle 0
601.0 732.0 621.0 741.0 572.0 876.0 552.0 867.0 large-vehicle 0
549.0 875.0 571.0 882.0 521.0 1018.0 502.0 1010.0 large-vehicle 0
574.0 880.0 594.0 886.0 544.0 1025.0 527.0 1015.0 large-vehicle 0
522.0 1019.0 547.0 1027.0 495.0 1166.0 473.0 1156.0 large-vehicle 0
498.0 1014.0 519.0 1021.0 469.0 1158.0 449.0 1150.0 large-vehicle 0
445.0 1155.0 467.0 1161.0 418.0 1299.0 398.0 1290.0 large-vehicle 0
472.0 1162.0 493.0 1168.0 444.0 1308.0 422.0 1299.0 large-vehicle 0
420.0 1303.0 441.0 1312.0 392.0 1448.0 369.0 1439.0 large-vehicle 0
394.0 1295.0 416.0 1303.0 368.0 1440.0 345.0 1432.0 large-vehicle 0
588.0 1231.0 609.0 1241.0 544.0 1370.0 521.0 1357.0 large-vehicle 0
545.0 1403.0 555.0 1381.0 641.0 1415.0 632.0 1436.0 large-vehicle 0
521.0 1364.0 542.0 1374.0 474.0 1504.0 453.0 1493.0 large-vehicle 0
630.0 1239.0 636.0 1216.0 724.0 1247.0 717.0 1268.0 large-vehicle 0
780.0 1140.0 800.0 1148.0 767.0 1238.0 747.0 1229.0 large-vehicle 0
616.0 1257.0 623.0 1235.0 710.0 1268.0 702.0 1290.0 large-vehicle 0
736.0 1279.0 759.0 1289.0 719.0 1376.0 697.0 1365.0 large-vehicle 0
607.0 1286.0 616.0 1263.0 703.0 1295.0 694.0 1317.0 large-vehicle 0
594.0 1307.0 602.0 1287.0 689.0 1318.0 682.0 1339.0 large-vehicle 0
583.0 1332.0 590.0 1311.0 676.0 1344.0 668.0 1364.0 large-vehicle 0
570.0 1355.0 578.0 1330.0 665.0 1367.0 658.0 1388.0 large-vehicle 0
559.0 1380.0 567.0 1358.0 658.0 1393.0 650.0 1415.0 large-vehicle 0
290.0 1954.0 312.0 1966.0 234.0 2087.0 213.0 2074.0 large-vehicle 0
336.0 1987.0 357.0 1999.0 280.0 2124.0 258.0 2110.0 large-vehicle 0
378.0 2016.0 398.0 2031.0 318.0 2156.0 296.0 2143.0 large-vehicle 0
1634.0 1672.0 1658.0 1687.0 1576.0 1805.0 1553.0 1788.0 large-vehicle 0
858.0 1015.0 882.0 1022.0 847.0 1113.0 822.0 1102.0 large-vehicle 0
842.0 1147.0 866.0 1155.0 828.0 1248.0 805.0 1239.0 large-vehicle 0
1178.0 2563.0 1193.0 2543.0 1257.0 2592.0 1245.0 2611.0 large-vehicle 0
1199.0 2539.0 1213.0 2516.0 1293.0 2572.0 1282.0 2591.0 large-vehicle 0
1214.0 2519.0 1228.0 2498.0 1309.0 2549.0 1296.0 2570.0 large-vehicle 0
1226.0 2499.0 1242.0 2474.0 1323.0 2529.0 1309.0 2549.0 large-vehicle 0
1150.0 2428.0 1128.0 2414.0 1213.0 2287.0 1234.0 2303.0 large-vehicle 0
1238.0 2298.0 1215.0 2285.0 1298.0 2166.0 1319.0 2181.0 large-vehicle 0
1808.0 1424.0 1833.0 1442.0 1745.0 1561.0 1719.0 1542.0 large-vehicle 0
1718.0 1546.0 1741.0 1564.0 1658.0 1684.0 1634.0 1669.0 large-vehicle 0
1549.0 1793.0 1573.0 1811.0 1490.0 1933.0 1467.0 1917.0 large-vehicle 0
739.0 1046.0 746.0 1022.0 839.0 1057.0 831.0 1076.0 large-vehicle 0
1464.0 1918.0 1490.0 1936.0 1406.0 2053.0 1383.0 2036.0 large-vehicle 0
1380.0 2043.0 1402.0 2058.0 1321.0 2177.0 1299.0 2164.0 large-vehicle 0
1311.0 2553.0 1325.0 2530.0 1405.0 2582.0 1393.0 2605.0 large-vehicle 0
93.0 67.0 114.0 72.0 97.0 110.0 78.0 103.0 small-vehicle 0
213.0 62.0 232.0 69.0 217.0 108.0 197.0 100.0 small-vehicle 0
235.0 67.0 254.0 70.0 243.0 109.0 224.0 104.0 small-vehicle 0
254.0 69.0 236.0 63.0 247.0 26.0 263.0 31.0 small-vehicle 0
275.0 70.0 258.0 67.0 266.0 29.0 282.0 33.0 small-vehicle 0
265.0 80.0 283.0 86.0 268.0 126.0 249.0 120.0 small-vehicle 0
337.0 140.0 317.0 134.0 327.0 95.0 346.0 101.0 small-vehicle 0
732.0 1070.0 737.0 1047.0 827.0 1078.0 820.0 1101.0 large-vehicle 0
747.0 1019.0 757.0 996.0 842.0 1030.0 834.0 1052.0 large-vehicle 0
378.0 2119.0 404.0 2116.0 417.0 2216.0 390.0 2219.0 large-vehicle 0
1004.0 543.0 1028.0 550.0 996.0 639.0 973.0 631.0 large-vehicle 0
581.0 2205.0 567.0 2227.0 485.0 2169.0 500.0 2150.0 large-vehicle 0
648.0 987.0 656.0 965.0 749.0 997.0 742.0 1019.0 large-vehicle 0
1002.0 320.0 1025.0 330.0 993.0 421.0 970.0 410.0 large-vehicle 0
1026.0 333.0 1047.0 339.0 1015.0 429.0 995.0 424.0 large-vehicle 0
1073.0 353.0 1095.0 362.0 1063.0 451.0 1042.0 443.0 large-vehicle 0
966.0 420.0 988.0 425.0 956.0 516.0 935.0 508.0 large-vehicle 0
1015.0 438.0 1038.0 444.0 1004.0 535.0 983.0 527.0 large-vehicle 0
1039.0 447.0 1060.0 455.0 1029.0 543.0 1006.0 535.0 large-vehicle 0
1064.0 454.0 1087.0 462.0 1055.0 550.0 1030.0 542.0 large-vehicle 0
1032.0 548.0 1055.0 556.0 1021.0 644.0 1001.0 636.0 large-vehicle 0
980.0 532.0 1004.0 539.0 973.0 630.0 951.0 622.0 large-vehicle 0
757.0 996.0 766.0 975.0 853.0 1007.0 845.0 1029.0 large-vehicle 0
998.0 642.0 1020.0 652.0 988.0 741.0 967.0 730.0 large-vehicle 0
1076.0 745.0 1089.0 725.0 1207.0 807.0 1196.0 826.0 large-vehicle 0
1091.0 798.0 1101.0 777.0 1182.0 823.0 1171.0 844.0 large-vehicle 0
1077.0 820.0 1088.0 801.0 1167.0 848.0 1156.0 869.0 large-vehicle 0
813.0 848.0 824.0 825.0 908.0 861.0 899.0 884.0 large-vehicle 0
804.0 875.0 812.0 850.0 899.0 884.0 890.0 908.0 large-vehicle 0
732.0 927.0 739.0 905.0 875.0 958.0 868.0 979.0 large-vehicle 0
672.0 935.0 681.0 911.0 773.0 948.0 762.0 969.0 large-vehicle 0
767.0 973.0 777.0 949.0 862.0 985.0 854.0 1005.0 large-vehicle 0
664.0 955.0 670.0 934.0 761.0 973.0 752.0 993.0 large-vehicle 0
538.0 810.0 531.0 827.0 493.0 813.0 500.0 797.0 small-vehicle 0
489.0 831.0 497.0 813.0 533.0 831.0 524.0 847.0 small-vehicle 0
458.0 887.0 466.0 865.0 506.0 881.0 500.0 902.0 small-vehicle 0
456.0 906.0 463.0 887.0 500.0 902.0 493.0 918.0 small-vehicle 0
1315.0 69.0 1298.0 60.0 1314.0 28.0 1329.0 35.0 small-vehicle 0
1297.0 58.0 1281.0 51.0 1296.0 19.0 1311.0 27.0 small-vehicle 0
1276.0 58.0 1255.0 51.0 1274.0 10.0 1293.0 16.0 small-vehicle 0
1814.0 133.0 1803.0 118.0 1833.0 95.0 1843.0 110.0 small-vehicle 0
1858.0 206.0 1846.0 187.0 1874.0 168.0 1886.0 185.0 small-vehicle 0
1903.0 203.0 1916.0 219.0 1886.0 245.0 1874.0 230.0 small-vehicle 0
1922.0 214.0 1904.0 202.0 1928.0 172.0 1942.0 181.0 small-vehicle 0
1910.0 1580.0 1911.0 1561.0 1943.0 1563.0 1943.0 1581.0 small-vehicle 0
1642.0 2086.0 1656.0 2095.0 1637.0 2125.0 1622.0 2118.0 small-vehicle 0
1664.0 2101.0 1677.0 2111.0 1658.0 2136.0 1645.0 2127.0 small-vehicle 0
1680.0 2152.0 1663.0 2141.0 1681.0 2110.0 1697.0 2123.0 small-vehicle 0
1709.0 2169.0 1694.0 2160.0 1709.0 2123.0 1726.0 2133.0 small-vehicle 0
1773.0 2126.0 1781.0 2104.0 1832.0 2124.0 1823.0 2142.0 small-vehicle 0
1775.0 2210.0 1769.0 2225.0 1737.0 2216.0 1742.0 2200.0 small-vehicle 0
1678.0 2161.0 1692.0 2171.0 1671.0 2204.0 1656.0 2192.0 small-vehicle 0
1693.0 2174.0 1709.0 2184.0 1691.0 2213.0 1674.0 2204.0 small-vehicle 0
1784.0 2069.0 1793.0 2047.0 1833.0 2066.0 1826.0 2084.0 small-vehicle 0
1923.0 2047.0 1940.0 2055.0 1925.0 2089.0 1908.0 2081.0 small-vehicle 0
1738.0 2038.0 1754.0 2049.0 1731.0 2080.0 1715.0 2070.0 small-vehicle 0
1759.0 2003.0 1774.0 2015.0 1754.0 2045.0 1739.0 2034.0 small-vehicle 0
1855.0 1992.0 1848.0 2007.0 1812.0 1991.0 1819.0 1977.0 small-vehicle 0
1741.0 1987.0 1757.0 1995.0 1738.0 2029.0 1723.0 2022.0 small-vehicle 0
1699.0 2009.0 1714.0 2019.0 1695.0 2049.0 1679.0 2040.0 small-vehicle 0
1334.0 74.0 1318.0 68.0 1329.0 36.0 1344.0 42.0 small-vehicle 0
1346.0 41.0 1362.0 47.0 1351.0 81.0 1335.0 75.0 small-vehicle 0
1370.0 86.0 1353.0 80.0 1365.0 47.0 1381.0 53.0 small-vehicle 0
1371.0 193.0 1353.0 189.0 1367.0 155.0 1381.0 162.0 small-vehicle 0
1392.0 228.0 1381.0 213.0 1405.0 187.0 1417.0 201.0 small-vehicle 0
1347.0 246.0 1336.0 232.0 1361.0 204.0 1373.0 216.0 small-vehicle 0
1378.0 214.0 1367.0 201.0 1391.0 177.0 1402.0 189.0 small-vehicle 0
1522.0 208.0 1508.0 195.0 1531.0 167.0 1545.0 181.0 small-vehicle 0
1506.0 195.0 1492.0 181.0 1518.0 155.0 1530.0 170.0 small-vehicle 0
1494.0 179.0 1478.0 167.0 1501.0 141.0 1514.0 153.0 small-vehicle 0
1479.0 167.0 1464.0 154.0 1490.0 127.0 1502.0 143.0 small-vehicle 0
1464.0 156.0 1449.0 141.0 1476.0 116.0 1488.0 131.0 small-vehicle 0
1444.0 144.0 1429.0 132.0 1465.0 99.0 1478.0 112.0 small-vehicle 0
1435.0 126.0 1423.0 113.0 1445.0 90.0 1458.0 104.0 small-vehicle 0
1349.0 187.0 1333.0 181.0 1349.0 144.0 1363.0 150.0 small-vehicle 0
1407.0 101.0 1390.0 95.0 1404.0 60.0 1419.0 66.0 small-vehicle 0
1299.0 212.0 1279.0 208.0 1296.0 159.0 1314.0 166.0 small-vehicle 0
1279.0 203.0 1259.0 199.0 1271.0 154.0 1290.0 159.0 small-vehicle 0
1297.0 158.0 1281.0 153.0 1292.0 115.0 1308.0 119.0 small-vehicle 0
1326.0 132.0 1344.0 138.0 1333.0 179.0 1315.0 173.0 small-vehicle 0
1244.0 192.0 1227.0 186.0 1239.0 144.0 1258.0 149.0 small-vehicle 0
1279.0 152.0 1262.0 146.0 1272.0 114.0 1287.0 119.0 small-vehicle 0
1226.0 182.0 1209.0 179.0 1220.0 144.0 1237.0 150.0 small-vehicle 0
1241.0 142.0 1225.0 139.0 1236.0 103.0 1251.0 109.0 small-vehicle 0
1260.0 143.0 1246.0 137.0 1253.0 107.0 1268.0 112.0 small-vehicle 0
1385.0 52.0 1402.0 59.0 1386.0 96.0 1371.0 90.0 small-vehicle 0
1679.0 1996.0 1697.0 2006.0 1676.0 2036.0 1660.0 2029.0 small-vehicle 0
1703.0 1966.0 1718.0 1974.0 1697.0 2006.0 1683.0 1997.0 small-vehicle 0
1718.0 2015.0 1701.0 2005.0 1721.0 1976.0 1736.0 1986.0 small-vehicle 0
1176.0 691.0 1208.0 713.0 1216.0 704.0 1187.0 679.0 small-vehicle 0
1776.0 1741.0 1791.0 1753.0 1772.0 1780.0 1756.0 1771.0 small-vehicle 0
1751.0 1765.0 1736.0 1755.0 1757.0 1725.0 1771.0 1735.0 small-vehicle 0
1731.0 1753.0 1715.0 1744.0 1736.0 1712.0 1750.0 1721.0 small-vehicle 0
1906.0 1760.0 1911.0 1744.0 1954.0 1758.0 1949.0 1774.0 small-vehicle 0
1895.0 1739.0 1895.0 1720.0 1930.0 1725.0 1928.0 1742.0 small-vehicle 0
720.0 152.0 724.0 135.0 784.0 154.0 777.0 175.0 large-vehicle 0
711.0 121.0 716.0 101.0 796.0 124.0 792.0 150.0 large-vehicle 0
732.0 97.0 790.0 115.0 795.0 96.0 737.0 79.0 large-vehicle 0
738.0 44.0 738.0 24.0 821.0 38.0 818.0 62.0 large-vehicle 0
792.0 1102.0 784.0 1116.0 745.0 1107.0 749.0 1085.0 small-vehicle 0
1329.0 537.0 1319.0 551.0 1269.0 517.0 1283.0 497.0 large-vehicle 0
1810.0 1765.0 1826.0 1777.0 1805.0 1807.0 1789.0 1796.0 small-vehicle 0
1227.0 622.0 1240.0 608.0 1267.0 624.0 1257.0 642.0 small-vehicle 0
1987.0 1431.0 1978.0 1436.0 1955.0 1411.0 1970.0 1395.0 small-vehicle 0
1787.0 114.0 1770.0 95.0 1805.0 67.0 1816.0 84.0 small-vehicle 1
1262.0 649.0 1252.0 668.0 1213.0 640.0 1220.0 622.0 small-vehicle 1
1243.0 665.0 1235.0 682.0 1201.0 658.0 1213.0 639.0 small-vehicle 1
219.0 595.0 205.0 592.0 219.0 550.0 231.0 554.0 small-vehicle 1
124.0 564.0 112.0 560.0 123.0 526.0 134.0 530.0 small-vehicle 1
85.0 552.0 72.0 549.0 80.0 513.0 93.0 515.0 small-vehicle 1
55.0 545.0 42.0 541.0 53.0 505.0 66.0 508.0 small-vehicle 1
35.0 538.0 20.0 534.0 29.0 496.0 43.0 499.0 small-vehicle 1
1793.0 1754.0 1810.0 1765.0 1789.0 1791.0 1772.0 1779.0 small-vehicle 0
1830.0 1778.0 1847.0 1787.0 1824.0 1820.0 1808.0 1809.0 small-vehicle 0
1687.0 1949.0 1701.0 1960.0 1681.0 1987.0 1668.0 1977.0 small-vehicle 0
1818.0 1868.0 1836.0 1876.0 1820.0 1909.0 1804.0 1900.0 small-vehicle 0
1671.0 1937.0 1685.0 1947.0 1659.0 1983.0 1645.0 1972.0 small-vehicle 0
1639.0 1977.0 1655.0 1988.0 1636.0 2019.0 1620.0 2009.0 small-vehicle 0
1622.0 1964.0 1638.0 1977.0 1619.0 2004.0 1601.0 1993.0 small-vehicle 0
1649.0 1923.0 1665.0 1935.0 1647.0 1963.0 1630.0 1953.0 small-vehicle 0
1633.0 1904.0 1651.0 1918.0 1625.0 1958.0 1606.0 1946.0 small-vehicle 0
1834.0 1936.0 1842.0 1917.0 1879.0 1936.0 1869.0 1951.0 small-vehicle 0
1775.0 1899.0 1790.0 1909.0 1770.0 1938.0 1755.0 1930.0 small-vehicle 0
1750.0 1933.0 1734.0 1924.0 1758.0 1889.0 1770.0 1899.0 small-vehicle 0
1728.0 1918.0 1711.0 1904.0 1737.0 1872.0 1754.0 1885.0 small-vehicle 0
1802.0 1858.0 1819.0 1869.0 1790.0 1909.0 1775.0 1898.0 small-vehicle 0
1912.0 1853.0 1908.0 1867.0 1866.0 1857.0 1872.0 1841.0 small-vehicle 0
1850.0 1788.0 1866.0 1799.0 1847.0 1828.0 1832.0 1819.0 small-vehicle 0
1771.0 1891.0 1758.0 1881.0 1777.0 1853.0 1789.0 1865.0 small-vehicle 0
1758.0 1876.0 1742.0 1864.0 1762.0 1838.0 1777.0 1850.0 small-vehicle 0
1739.0 1865.0 1723.0 1856.0 1744.0 1825.0 1760.0 1837.0 small-vehicle 0
1717.0 1864.0 1732.0 1875.0 1710.0 1905.0 1697.0 1894.0 small-vehicle 0
1699.0 1852.0 1716.0 1862.0 1698.0 1892.0 1680.0 1881.0 small-vehicle 0
1723.0 1812.0 1739.0 1824.0 1718.0 1858.0 1701.0 1848.0 small-vehicle 0
1681.0 1840.0 1696.0 1847.0 1679.0 1878.0 1664.0 1869.0 small-vehicle 0
1659.0 1827.0 1678.0 1837.0 1656.0 1867.0 1639.0 1856.0 small-vehicle 0
1688.0 1786.0 1708.0 1798.0 1681.0 1836.0 1663.0 1825.0 small-vehicle 0
1702.0 1804.0 1716.0 1816.0 1700.0 1842.0 1684.0 1831.0 small-vehicle 0
1367.0 258.0 1354.0 244.0 1377.0 220.0 1388.0 233.0 small-vehicle 0
1379.0 269.0 1368.0 257.0 1390.0 231.0 1402.0 243.0 small-vehicle 0
1411.0 240.0 1398.0 224.0 1420.0 199.0 1432.0 212.0 small-vehicle 0
1504.0 2530.0 1518.0 2540.0 1502.0 2565.0 1486.0 2556.0 small-vehicle 0
1016.0 971.0 1001.0 959.0 1022.0 928.0 1036.0 939.0 small-vehicle 0
1036.0 979.0 1021.0 967.0 1041.0 939.0 1055.0 952.0 small-vehicle 0
1069.0 1006.0 1054.0 995.0 1080.0 963.0 1092.0 976.0 small-vehicle 0
972.0 993.0 958.0 979.0 981.0 951.0 994.0 964.0 small-vehicle 0
992.0 1002.0 978.0 990.0 996.0 964.0 1009.0 976.0 small-vehicle 0
1030.0 1022.0 1015.0 1011.0 1034.0 984.0 1048.0 995.0 small-vehicle 0
1154.0 1165.0 1145.0 1181.0 1103.0 1155.0 1114.0 1139.0 small-vehicle 0
877.0 2411.0 895.0 2412.0 894.0 2449.0 875.0 2449.0 small-vehicle 0
826.0 2382.0 845.0 2381.0 844.0 2418.0 826.0 2418.0 small-vehicle 0
1485.0 2517.0 1501.0 2527.0 1479.0 2556.0 1465.0 2543.0 small-vehicle 0
1567.0 2521.0 1587.0 2524.0 1575.0 2567.0 1556.0 2561.0 small-vehicle 0
1190.0 228.0 1212.0 236.0 1192.0 281.0 1173.0 274.0 small-vehicle 0
1375.0 2440.0 1391.0 2453.0 1370.0 2484.0 1353.0 2476.0 small-vehicle 0
1325.0 2403.0 1339.0 2413.0 1319.0 2441.0 1304.0 2432.0 small-vehicle 0
1305.0 2391.0 1318.0 2402.0 1300.0 2429.0 1284.0 2419.0 small-vehicle 0
1279.0 2383.0 1297.0 2395.0 1277.0 2420.0 1259.0 2409.0 small-vehicle 0
1345.0 2369.0 1361.0 2381.0 1340.0 2408.0 1323.0 2398.0 small-vehicle 0
1611.0 2374.0 1633.0 2388.0 1613.0 2432.0 1587.0 2417.0 small-vehicle 0
1475.0 2297.0 1492.0 2310.0 1470.0 2341.0 1451.0 2330.0 small-vehicle 0
1419.0 2257.0 1436.0 2269.0 1418.0 2297.0 1402.0 2288.0 small-vehicle 0
1351.0 2309.0 1338.0 2298.0 1356.0 2271.0 1369.0 2281.0 small-vehicle 0
1624.0 2281.0 1638.0 2291.0 1616.0 2325.0 1600.0 2317.0 small-vehicle 0
1215.0 284.0 1198.0 278.0 1211.0 245.0 1227.0 253.0 small-vehicle 0
1156.0 214.0 1174.0 222.0 1158.0 262.0 1140.0 255.0 small-vehicle 0
1545.0 2235.0 1560.0 2246.0 1538.0 2278.0 1523.0 2268.0 small-vehicle 0
1047.0 108.0 1054.0 89.0 1097.0 103.0 1091.0 121.0 small-vehicle 0
479.0 961.0 472.0 977.0 430.0 961.0 438.0 946.0 small-vehicle 0
464.0 998.0 457.0 1014.0 420.0 1004.0 426.0 986.0 small-vehicle 0
440.0 1055.0 425.0 1065.0 391.0 1017.0 404.0 1008.0 small-vehicle 0
635.0 2247.0 656.0 2246.0 655.0 2289.0 633.0 2286.0 small-vehicle 0
662.0 2270.0 681.0 2269.0 679.0 2311.0 660.0 2310.0 small-vehicle 0
459.0 2545.0 464.0 2526.0 500.0 2533.0 498.0 2550.0 small-vehicle 0
465.0 2567.0 471.0 2548.0 508.0 2561.0 503.0 2578.0 small-vehicle 0
464.0 2590.0 467.0 2570.0 497.0 2574.0 496.0 2593.0 small-vehicle 0
1068.0 47.0 1076.0 31.0 1112.0 48.0 1105.0 63.0 small-vehicle 0
1061.0 71.0 1069.0 53.0 1105.0 69.0 1099.0 85.0 small-vehicle 0
1044.0 124.0 1051.0 107.0 1082.0 123.0 1076.0 136.0 small-vehicle 0
1121.0 202.0 1140.0 208.0 1124.0 250.0 1105.0 243.0 small-vehicle 0
1080.0 143.0 1073.0 162.0 1033.0 143.0 1044.0 125.0 small-vehicle 0
1166.0 169.0 1147.0 161.0 1165.0 120.0 1181.0 129.0 small-vehicle 0
1184.0 123.0 1168.0 117.0 1179.0 84.0 1194.0 91.0 small-vehicle 0
1201.0 134.0 1184.0 125.0 1200.0 87.0 1215.0 93.0 small-vehicle 0
1219.0 138.0 1203.0 129.0 1215.0 96.0 1230.0 103.0 small-vehicle 0
1192.0 168.0 1171.0 159.0 1186.0 125.0 1204.0 133.0 small-vehicle 0
1204.0 138.0 1220.0 144.0 1207.0 177.0 1191.0 170.0 small-vehicle 0
1062.0 180.0 1079.0 185.0 1067.0 228.0 1050.0 223.0 small-vehicle 0
1080.0 188.0 1099.0 197.0 1084.0 233.0 1065.0 225.0 small-vehicle 0
1104.0 242.0 1086.0 235.0 1099.0 191.0 1118.0 199.0 small-vehicle 0
1564.0 2248.0 1581.0 2259.0 1559.0 2290.0 1542.0 2280.0 small-vehicle 0
1533.0 2171.0 1550.0 2183.0 1526.0 2216.0 1510.0 2205.0 small-vehicle 0
1533.0 222.0 1520.0 210.0 1548.0 178.0 1562.0 191.0 small-vehicle 0
1481.0 305.0 1469.0 292.0 1494.0 265.0 1508.0 278.0 small-vehicle 0
1514.0 392.0 1499.0 379.0 1519.0 356.0 1532.0 368.0 small-vehicle 0
1557.0 375.0 1543.0 362.0 1566.0 336.0 1580.0 349.0 small-vehicle 0
1506.0 339.0 1520.0 352.0 1498.0 378.0 1484.0 365.0 small-vehicle 0
1537.0 365.0 1523.0 349.0 1548.0 325.0 1560.0 339.0 small-vehicle 0
1523.0 349.0 1510.0 336.0 1536.0 311.0 1547.0 324.0 small-vehicle 0
1512.0 334.0 1500.0 322.0 1524.0 296.0 1536.0 308.0 small-vehicle 0
1484.0 362.0 1471.0 351.0 1495.0 323.0 1508.0 334.0 small-vehicle 0
1497.0 320.0 1482.0 304.0 1506.0 280.0 1518.0 294.0 small-vehicle 0
1470.0 349.0 1457.0 335.0 1479.0 311.0 1491.0 324.0 small-vehicle 0
1458.0 336.0 1443.0 322.0 1467.0 296.0 1479.0 309.0 small-vehicle 0
1440.0 328.0 1426.0 314.0 1449.0 286.0 1461.0 299.0 small-vehicle 0
1316.0 336.0 1303.0 323.0 1323.0 305.0 1332.0 317.0 small-vehicle 0
1466.0 291.0 1454.0 278.0 1479.0 252.0 1491.0 265.0 small-vehicle 0
1452.0 281.0 1438.0 267.0 1461.0 243.0 1474.0 255.0 small-vehicle 0
1426.0 313.0 1410.0 297.0 1434.0 271.0 1449.0 286.0 small-vehicle 0
1412.0 296.0 1399.0 285.0 1424.0 262.0 1433.0 272.0 small-vehicle 0
1439.0 267.0 1425.0 254.0 1448.0 229.0 1460.0 242.0 small-vehicle 0
1396.0 280.0 1383.0 266.0 1407.0 243.0 1419.0 256.0 small-vehicle 0
1423.0 254.0 1409.0 240.0 1435.0 213.0 1448.0 229.0 small-vehicle 0
1586.0 277.0 1572.0 264.0 1598.0 237.0 1610.0 251.0 small-vehicle 0
1567.0 250.0 1553.0 236.0 1577.0 212.0 1589.0 225.0 small-vehicle 0
1545.0 242.0 1528.0 228.0 1565.0 191.0 1578.0 207.0 small-vehicle 0
1540.0 367.0 1551.0 379.0 1530.0 405.0 1518.0 393.0 small-vehicle 0
1331.0 351.0 1318.0 338.0 1342.0 313.0 1353.0 326.0 small-vehicle 0
1514.0 2162.0 1527.0 2172.0 1509.0 2202.0 1494.0 2192.0 small-vehicle 0
1569.0 2074.0 1555.0 2063.0 1575.0 2036.0 1589.0 2047.0 small-vehicle 0
1495.0 2153.0 1510.0 2164.0 1494.0 2190.0 1480.0 2181.0 small-vehicle 0
1452.0 2171.0 1465.0 2179.0 1448.0 2211.0 1433.0 2203.0 small-vehicle 0
1436.0 2162.0 1449.0 2171.0 1429.0 2199.0 1413.0 2189.0 small-vehicle 0
1457.0 2123.0 1473.0 2137.0 1453.0 2166.0 1436.0 2156.0 small-vehicle 0
1568.0 2085.0 1585.0 2096.0 1564.0 2127.0 1548.0 2117.0 small-vehicle 0
1549.0 2073.0 1566.0 2085.0 1543.0 2115.0 1525.0 2105.0 small-vehicle 0
1526.0 2093.0 1512.0 2080.0 1533.0 2056.0 1547.0 2067.0 small-vehicle 0
1506.0 2047.0 1520.0 2058.0 1500.0 2084.0 1486.0 2073.0 small-vehicle 0
1523.0 2054.0 1509.0 2043.0 1535.0 1999.0 1550.0 2011.0 small-vehicle 0
1554.0 2057.0 1538.0 2046.0 1556.0 2015.0 1572.0 2026.0 small-vehicle 0
1592.0 2049.0 1605.0 2060.0 1585.0 2086.0 1571.0 2076.0 small-vehicle 0
1346.0 367.0 1332.0 351.0 1356.0 325.0 1370.0 340.0 small-vehicle 0
1613.0 2051.0 1631.0 2065.0 1607.0 2101.0 1587.0 2088.0 small-vehicle 0
1584.0 1936.0 1599.0 1948.0 1579.0 1976.0 1564.0 1964.0 small-vehicle 0
1613.0 1895.0 1630.0 1907.0 1604.0 1945.0 1586.0 1934.0 small-vehicle 0
1604.0 1948.0 1621.0 1961.0 1600.0 1990.0 1582.0 1977.0 small-vehicle 0
1463.0 472.0 1448.0 453.0 1481.0 432.0 1492.0 449.0 small-vehicle 0
1477.0 486.0 1466.0 471.0 1490.0 449.0 1502.0 464.0 small-vehicle 0
1435.0 443.0 1422.0 429.0 1444.0 404.0 1458.0 419.0 small-vehicle 0
1419.0 435.0 1405.0 423.0 1429.0 396.0 1442.0 408.0 small-vehicle 0
1375.0 393.0 1359.0 378.0 1384.0 350.0 1398.0 365.0 small-vehicle 0
1360.0 377.0 1349.0 365.0 1369.0 344.0 1379.0 356.0 small-vehicle 0
702.0 446.0 721.0 453.0 673.0 591.0 653.0 581.0 large-vehicle 0
