imagesource:GoogleEarth
gsd:0.232719997795
222.0 337.0 214.0 333.0 221.0 316.0 229.0 319.0 small-vehicle 1
511.0 233.0 498.0 230.0 507.0 191.0 518.0 193.0 large-vehicle 0
615.0 253.0 617.0 240.0 657.0 248.0 655.0 262.0 large-vehicle 0
582.0 262.0 584.0 249.0 628.0 258.0 626.0 270.0 large-vehicle 0
482.0 258.0 485.0 246.0 530.0 257.0 526.0 269.0 large-vehicle 0
584.0 248.0 572.0 244.0 582.0 204.0 594.0 208.0 large-vehicle 0
569.0 243.0 557.0 239.0 568.0 198.0 580.0 201.0 large-vehicle 0
556.0 238.0 543.0 236.0 553.0 194.0 565.0 197.0 large-vehicle 0
540.0 237.0 527.0 234.0 537.0 191.0 550.0 194.0 large-vehicle 0
525.0 235.0 512.0 231.0 523.0 189.0 535.0 192.0 large-vehicle 0
498.0 230.0 485.0 228.0 494.0 186.0 505.0 188.0 large-vehicle 0
535.0 270.0 538.0 257.0 580.0 267.0 577.0 278.0 large-vehicle 0
475.0 224.0 463.0 221.0 472.0 181.0 484.0 184.0 large-vehicle 0
460.0 222.0 449.0 218.0 460.0 177.0 471.0 179.0 large-vehicle 0
446.0 220.0 435.0 215.0 446.0 175.0 457.0 178.0 large-vehicle 0
429.0 215.0 418.0 213.0 427.0 170.0 439.0 173.0 large-vehicle 0
414.0 211.0 403.0 208.0 414.0 165.0 424.0 168.0 large-vehicle 0
401.0 209.0 388.0 208.0 396.0 165.0 408.0 167.0 large-vehicle 0
94.0 653.0 107.0 653.0 103.0 695.0 90.0 695.0 large-vehicle 0
90.0 696.0 104.0 698.0 99.0 739.0 86.0 737.0 large-vehicle 0
657.0 265.0 659.0 252.0 701.0 263.0 698.0 275.0 large-vehicle 0
627.0 271.0 629.0 258.0 669.0 268.0 667.0 279.0 large-vehicle 0
607.0 309.0 609.0 297.0 648.0 307.0 645.0 318.0 large-vehicle 0
393.0 313.0 399.0 301.0 440.0 317.0 434.0 329.0 large-vehicle 0
644.0 305.0 648.0 291.0 690.0 304.0 687.0 317.0 large-vehicle 0
597.0 295.0 599.0 282.0 644.0 292.0 641.0 304.0 large-vehicle 0
560.0 301.0 563.0 289.0 604.0 298.0 602.0 310.0 large-vehicle 0
546.0 331.0 534.0 328.0 545.0 291.0 557.0 294.0 large-vehicle 0
537.0 332.0 548.0 340.0 524.0 376.0 514.0 370.0 large-vehicle 0
432.0 358.0 436.0 345.0 479.0 359.0 476.0 371.0 large-vehicle 0
435.0 344.0 438.0 331.0 483.0 344.0 480.0 356.0 large-vehicle 0
439.0 329.0 444.0 318.0 486.0 332.0 482.0 343.0 large-vehicle 0
426.0 308.0 432.0 296.0 474.0 311.0 470.0 322.0 large-vehicle 0
669.0 286.0 671.0 273.0 710.0 281.0 710.0 292.0 large-vehicle 0
531.0 319.0 519.0 315.0 532.0 272.0 544.0 276.0 large-vehicle 0
555.0 287.0 558.0 274.0 596.0 281.0 594.0 294.0 large-vehicle 0
710.0 310.0 713.0 297.0 751.0 305.0 749.0 318.0 large-vehicle 0
711.0 296.0 713.0 284.0 752.0 292.0 750.0 305.0 large-vehicle 0
669.0 300.0 671.0 286.0 710.0 295.0 708.0 307.0 large-vehicle 0
626.0 286.0 628.0 273.0 666.0 283.0 663.0 294.0 large-vehicle 0
582.0 275.0 586.0 263.0 628.0 274.0 624.0 287.0 large-vehicle 0
714.0 283.0 715.0 269.0 755.0 276.0 754.0 290.0 large-vehicle 0
103.0 705.0 115.0 706.0 111.0 747.0 98.0 746.0 large-vehicle 0
123.0 738.0 133.0 729.0 159.0 766.0 149.0 774.0 large-vehicle 0
134.0 726.0 143.0 719.0 168.0 756.0 158.0 762.0 large-vehicle 0
326.0 190.0 313.0 187.0 323.0 144.0 335.0 147.0 large-vehicle 0
288.0 271.0 290.0 256.0 332.0 266.0 331.0 280.0 large-vehicle 0
241.0 263.0 243.0 248.0 286.0 257.0 284.0 270.0 large-vehicle 0
193.0 252.0 195.0 239.0 238.0 249.0 236.0 261.0 large-vehicle 0
384.0 204.0 372.0 201.0 380.0 156.0 392.0 158.0 large-vehicle 0
366.0 203.0 354.0 201.0 364.0 156.0 376.0 160.0 large-vehicle 0
352.0 198.0 341.0 194.0 352.0 150.0 363.0 153.0 large-vehicle 0
339.0 197.0 327.0 194.0 336.0 149.0 347.0 152.0 large-vehicle 0
231.0 199.0 234.0 186.0 276.0 195.0 274.0 207.0 large-vehicle 0
310.0 194.0 298.0 189.0 309.0 147.0 320.0 150.0 large-vehicle 0
144.0 718.0 153.0 711.0 179.0 745.0 170.0 753.0 large-vehicle 0
296.0 188.0 284.0 186.0 291.0 142.0 303.0 144.0 large-vehicle 0
282.0 185.0 270.0 182.0 279.0 138.0 290.0 141.0 large-vehicle 0
267.0 181.0 255.0 178.0 265.0 136.0 276.0 139.0 large-vehicle 0
252.0 176.0 242.0 174.0 249.0 133.0 260.0 135.0 large-vehicle 0
240.0 173.0 228.0 170.0 235.0 129.0 246.0 131.0 large-vehicle 0
228.0 168.0 215.0 164.0 225.0 122.0 237.0 125.0 large-vehicle 0
214.0 168.0 200.0 166.0 208.0 126.0 221.0 128.0 large-vehicle 0
190.0 172.0 178.0 167.0 192.0 125.0 204.0 129.0 large-vehicle 0
338.0 279.0 341.0 266.0 382.0 280.0 380.0 292.0 large-vehicle 0
132.0 415.0 120.0 411.0 135.0 369.0 147.0 373.0 large-vehicle 0
130.0 459.0 118.0 458.0 121.0 416.0 134.0 418.0 large-vehicle 0
165.0 496.0 154.0 489.0 171.0 450.0 181.0 454.0 large-vehicle 0
105.0 681.0 115.0 675.0 133.0 718.0 121.0 723.0 large-vehicle 0
118.0 679.0 129.0 673.0 146.0 710.0 136.0 715.0 large-vehicle 0
130.0 671.0 140.0 665.0 158.0 702.0 147.0 708.0 large-vehicle 0
156.0 708.0 166.0 700.0 191.0 735.0 180.0 743.0 large-vehicle 0
170.0 688.0 181.0 683.0 199.0 722.0 188.0 729.0 large-vehicle 0
183.0 684.0 194.0 677.0 213.0 718.0 202.0 724.0 large-vehicle 0
194.0 671.0 204.0 667.0 221.0 708.0 211.0 713.0 large-vehicle 0
204.0 662.0 214.0 656.0 231.0 698.0 221.0 702.0 large-vehicle 0
160.0 639.0 171.0 633.0 189.0 673.0 178.0 679.0 large-vehicle 0
147.0 647.0 158.0 640.0 177.0 679.0 167.0 685.0 large-vehicle 0
120.0 663.0 108.0 661.0 114.0 621.0 125.0 622.0 large-vehicle 0
106.0 651.0 94.0 651.0 98.0 611.0 109.0 612.0 large-vehicle 0
372.0 573.0 362.0 567.0 389.0 530.0 399.0 538.0 large-vehicle 0
248.0 637.0 247.0 622.0 288.0 620.0 290.0 632.0 large-vehicle 0
180.0 594.0 185.0 582.0 225.0 601.0 220.0 612.0 large-vehicle 0
115.0 570.0 103.0 569.0 106.0 528.0 118.0 528.0 large-vehicle 0
124.0 523.0 113.0 521.0 119.0 478.0 130.0 478.0 large-vehicle 0
690.0 318.0 693.0 304.0 737.0 317.0 734.0 328.0 large-vehicle 0
647.0 320.0 651.0 306.0 689.0 317.0 687.0 329.0 large-vehicle 0
260.0 680.0 252.0 684.0 243.0 666.0 251.0 663.0 small-vehicle 1
176.0 142.0 166.0 142.0 166.0 119.0 175.0 119.0 small-vehicle 0
120.0 278.0 121.0 268.0 138.0 270.0 138.0 279.0 small-vehicle 0
119.0 268.0 119.0 257.0 138.0 256.0 137.0 267.0 small-vehicle 0
118.0 256.0 118.0 246.0 137.0 246.0 136.0 255.0 small-vehicle 0
153.0 276.0 143.0 275.0 144.0 257.0 152.0 257.0 small-vehicle 0
165.0 266.0 156.0 267.0 155.0 248.0 163.0 248.0 small-vehicle 0
152.0 257.0 143.0 257.0 143.0 239.0 151.0 238.0 small-vehicle 0
135.0 236.0 135.0 246.0 116.0 245.0 116.0 235.0 small-vehicle 0
137.0 223.0 135.0 233.0 117.0 231.0 119.0 221.0 small-vehicle 0
304.0 94.0 303.0 104.0 277.0 101.0 279.0 89.0 small-vehicle 0
139.0 294.0 139.0 303.0 120.0 303.0 120.0 294.0 small-vehicle 0
253.0 94.0 254.0 83.0 278.0 88.0 276.0 100.0 small-vehicle 0
194.0 71.0 193.0 82.0 174.0 80.0 175.0 69.0 small-vehicle 0
133.0 68.0 140.0 58.0 155.0 69.0 150.0 77.0 small-vehicle 0
730.0 354.0 732.0 342.0 770.0 349.0 768.0 362.0 large-vehicle 0
731.0 341.0 734.0 329.0 776.0 338.0 774.0 350.0 large-vehicle 0
738.0 329.0 740.0 317.0 777.0 327.0 775.0 338.0 large-vehicle 0
752.0 320.0 754.0 308.0 791.0 316.0 790.0 328.0 large-vehicle 0
751.0 307.0 753.0 293.0 794.0 304.0 792.0 316.0 large-vehicle 0
120.0 291.0 120.0 281.0 141.0 281.0 140.0 291.0 small-vehicle 0
152.0 310.0 141.0 309.0 142.0 281.0 153.0 281.0 small-vehicle 0
691.0 332.0 694.0 318.0 731.0 328.0 730.0 341.0 large-vehicle 0
429.0 139.0 421.0 136.0 424.0 121.0 432.0 123.0 small-vehicle 1
406.0 21.0 403.0 34.0 355.0 22.0 358.0 11.0 large-vehicle 0
397.0 32.0 395.0 46.0 350.0 36.0 355.0 23.0 large-vehicle 0
387.0 44.0 385.0 59.0 348.0 50.0 351.0 36.0 large-vehicle 0
384.0 58.0 382.0 70.0 344.0 61.0 346.0 50.0 large-vehicle 0
390.0 258.0 393.0 249.0 420.0 256.0 416.0 265.0 small-vehicle 0
508.0 136.0 506.0 146.0 481.0 142.0 484.0 134.0 small-vehicle 1
478.0 129.0 475.0 140.0 456.0 135.0 458.0 126.0 small-vehicle 1
443.0 141.0 433.0 138.0 438.0 124.0 445.0 125.0 small-vehicle 1
410.0 118.0 418.0 120.0 415.0 133.0 406.0 131.0 small-vehicle 1
165.0 317.0 153.0 316.0 155.0 293.0 165.0 294.0 small-vehicle 0
226.0 351.0 223.0 361.0 204.0 356.0 207.0 345.0 small-vehicle 0
284.0 358.0 274.0 354.0 283.0 333.0 293.0 337.0 small-vehicle 0
272.0 357.0 263.0 352.0 271.0 328.0 280.0 331.0 small-vehicle 0
259.0 352.0 250.0 348.0 260.0 328.0 267.0 332.0 small-vehicle 0
251.0 346.0 242.0 344.0 247.0 325.0 256.0 328.0 small-vehicle 0
237.0 340.0 226.0 338.0 233.0 317.0 243.0 320.0 small-vehicle 0
211.0 333.0 201.0 330.0 207.0 312.0 216.0 315.0 small-vehicle 0
197.0 329.0 188.0 328.0 192.0 308.0 200.0 310.0 small-vehicle 0
755.0 291.0 758.0 279.0 799.0 290.0 798.0 301.0 large-vehicle 0
409.0 551.0 401.0 541.0 428.0 516.0 437.0 526.0 large-vehicle 0
432.0 512.0 441.0 504.0 464.0 539.0 454.0 546.0 large-vehicle 0
604.0 355.0 608.0 344.0 651.0 358.0 648.0 369.0 large-vehicle 0
634.0 389.0 641.0 378.0 674.0 398.0 668.0 409.0 large-vehicle 0
620.0 401.0 627.0 388.0 662.0 407.0 657.0 420.0 large-vehicle 0
579.0 380.0 585.0 368.0 624.0 388.0 619.0 399.0 large-vehicle 0
535.0 367.0 539.0 355.0 579.0 368.0 575.0 380.0 large-vehicle 0
555.0 357.0 560.0 345.0 603.0 358.0 599.0 371.0 large-vehicle 0
605.0 368.0 608.0 356.0 649.0 370.0 645.0 382.0 large-vehicle 0
652.0 384.0 656.0 371.0 698.0 388.0 694.0 401.0 large-vehicle 0
653.0 370.0 658.0 357.0 700.0 374.0 695.0 386.0 large-vehicle 0
566.0 342.0 570.0 331.0 606.0 342.0 603.0 354.0 large-vehicle 0
442.0 498.0 453.0 493.0 477.0 529.0 466.0 535.0 large-vehicle 0
690.0 359.0 693.0 345.0 731.0 355.0 728.0 368.0 large-vehicle 0
643.0 346.0 647.0 333.0 689.0 345.0 686.0 358.0 large-vehicle 0
596.0 336.0 599.0 323.0 641.0 332.0 639.0 344.0 large-vehicle 0
551.0 328.0 553.0 315.0 596.0 324.0 594.0 336.0 large-vehicle 0
557.0 316.0 559.0 302.0 601.0 310.0 598.0 323.0 large-vehicle 0
602.0 320.0 606.0 309.0 643.0 320.0 640.0 331.0 large-vehicle 0
644.0 332.0 648.0 319.0 688.0 331.0 687.0 342.0 large-vehicle 0
689.0 344.0 692.0 331.0 731.0 342.0 729.0 354.0 large-vehicle 0
540.0 380.0 546.0 369.0 585.0 385.0 581.0 396.0 large-vehicle 0
584.0 397.0 590.0 385.0 631.0 410.0 624.0 421.0 large-vehicle 0
535.0 392.0 541.0 379.0 581.0 398.0 576.0 410.0 large-vehicle 0
591.0 420.0 601.0 410.0 632.0 441.0 623.0 451.0 large-vehicle 0
458.0 494.0 467.0 487.0 491.0 520.0 481.0 527.0 large-vehicle 0
470.0 485.0 479.0 477.0 503.0 513.0 494.0 521.0 large-vehicle 0
486.0 480.0 496.0 472.0 522.0 507.0 513.0 515.0 large-vehicle 0
500.0 472.0 509.0 463.0 534.0 499.0 524.0 507.0 large-vehicle 0
512.0 462.0 522.0 454.0 546.0 489.0 536.0 495.0 large-vehicle 0
538.0 448.0 548.0 440.0 571.0 473.0 561.0 480.0 large-vehicle 0
522.0 453.0 532.0 444.0 557.0 479.0 547.0 487.0 large-vehicle 0
418.0 446.0 407.0 441.0 422.0 402.0 434.0 407.0 large-vehicle 0
429.0 452.0 417.0 448.0 434.0 407.0 445.0 411.0 large-vehicle 0
444.0 454.0 433.0 450.0 447.0 413.0 458.0 417.0 large-vehicle 0
494.0 445.0 488.0 434.0 527.0 415.0 532.0 427.0 large-vehicle 0
499.0 458.0 493.0 449.0 536.0 426.0 542.0 437.0 large-vehicle 0
546.0 439.0 555.0 431.0 582.0 464.0 572.0 472.0 large-vehicle 0
559.0 432.0 569.0 424.0 597.0 461.0 588.0 469.0 large-vehicle 0
522.0 416.0 528.0 404.0 562.0 421.0 557.0 432.0 large-vehicle 0
525.0 405.0 529.0 393.0 573.0 411.0 568.0 422.0 large-vehicle 0
573.0 420.0 580.0 411.0 608.0 441.0 600.0 451.0 large-vehicle 0
149.0 164.0 137.0 164.0 138.0 120.0 151.0 120.0 large-vehicle 0
