imagesource:GoogleEarth
gsd:0.232277013549
598.0 135.0 606.0 131.0 613.0 151.0 605.0 156.0 small-vehicle 1
671.0 718.0 663.0 710.0 699.0 677.0 707.0 686.0 large-vehicle 0
707.0 583.0 700.0 574.0 738.0 540.0 745.0 548.0 large-vehicle 0
722.0 472.0 732.0 464.0 765.0 500.0 755.0 508.0 large-vehicle 0
575.0 618.0 569.0 610.0 608.0 573.0 615.0 580.0 large-vehicle 0
616.0 586.0 623.0 594.0 585.0 629.0 578.0 620.0 large-vehicle 0
595.0 640.0 587.0 631.0 624.0 596.0 633.0 607.0 large-vehicle 0
616.0 662.0 608.0 653.0 647.0 620.0 653.0 628.0 large-vehicle 0
627.0 673.0 618.0 665.0 656.0 631.0 664.0 639.0 large-vehicle 0
640.0 679.0 634.0 672.0 666.0 642.0 673.0 651.0 large-vehicle 0
652.0 693.0 643.0 684.0 677.0 652.0 686.0 660.0 large-vehicle 0
657.0 708.0 650.0 700.0 687.0 665.0 694.0 673.0 large-vehicle 0
717.0 769.0 709.0 760.0 744.0 726.0 753.0 734.0 large-vehicle 0
690.0 560.0 682.0 552.0 719.0 518.0 726.0 526.0 large-vehicle 0
726.0 787.0 718.0 778.0 753.0 746.0 761.0 753.0 large-vehicle 0
737.0 800.0 729.0 792.0 766.0 755.0 774.0 762.0 large-vehicle 0
747.0 811.0 738.0 803.0 775.0 769.0 782.0 776.0 large-vehicle 0
808.0 879.0 800.0 870.0 836.0 836.0 844.0 843.0 large-vehicle 0
819.0 890.0 812.0 883.0 847.0 847.0 854.0 855.0 large-vehicle 0
837.0 908.0 828.0 899.0 867.0 864.0 874.0 873.0 large-vehicle 0
787.0 672.0 779.0 665.0 816.0 628.0 824.0 636.0 large-vehicle 0
798.0 682.0 790.0 673.0 826.0 641.0 834.0 650.0 large-vehicle 0
836.0 653.0 843.0 660.0 808.0 695.0 799.0 687.0 large-vehicle 0
847.0 664.0 853.0 672.0 817.0 707.0 810.0 698.0 large-vehicle 0
699.0 571.0 692.0 563.0 730.0 529.0 737.0 536.0 large-vehicle 0
677.0 550.0 670.0 542.0 710.0 504.0 717.0 513.0 large-vehicle 0
637.0 166.0 631.0 156.0 651.0 148.0 655.0 158.0 small-vehicle 1
539.0 391.0 532.0 382.0 568.0 349.0 576.0 358.0 large-vehicle 0
226.0 326.0 235.0 320.0 263.0 365.0 253.0 373.0 large-vehicle 0
246.0 315.0 255.0 311.0 275.0 353.0 264.0 358.0 large-vehicle 0
378.0 363.0 373.0 354.0 420.0 328.0 426.0 338.0 large-vehicle 0
331.0 474.0 340.0 469.0 366.0 512.0 357.0 518.0 large-vehicle 0
344.0 468.0 354.0 462.0 379.0 507.0 369.0 513.0 large-vehicle 0
364.0 453.0 375.0 448.0 400.0 495.0 389.0 501.0 large-vehicle 0
379.0 449.0 389.0 444.0 413.0 489.0 403.0 495.0 large-vehicle 0
391.0 443.0 401.0 437.0 426.0 482.0 415.0 488.0 large-vehicle 0
493.0 536.0 491.0 524.0 540.0 519.0 542.0 530.0 large-vehicle 0
526.0 382.0 518.0 373.0 559.0 335.0 568.0 343.0 large-vehicle 0
546.0 403.0 538.0 395.0 578.0 358.0 586.0 367.0 large-vehicle 0
666.0 539.0 659.0 531.0 699.0 495.0 707.0 503.0 large-vehicle 0
562.0 412.0 553.0 403.0 588.0 370.0 597.0 378.0 large-vehicle 0
610.0 394.0 617.0 401.0 577.0 438.0 570.0 429.0 large-vehicle 0
597.0 386.0 603.0 392.0 567.0 427.0 559.0 419.0 large-vehicle 0
620.0 405.0 627.0 413.0 589.0 448.0 581.0 439.0 large-vehicle 0
608.0 472.0 599.0 463.0 637.0 428.0 646.0 436.0 large-vehicle 0
618.0 482.0 611.0 473.0 649.0 438.0 656.0 447.0 large-vehicle 0
659.0 450.0 666.0 457.0 629.0 492.0 621.0 483.0 large-vehicle 0
669.0 461.0 676.0 469.0 639.0 502.0 632.0 495.0 large-vehicle 0
649.0 515.0 642.0 506.0 679.0 473.0 687.0 480.0 large-vehicle 0
658.0 526.0 651.0 518.0 689.0 483.0 697.0 492.0 large-vehicle 0
858.0 676.0 865.0 683.0 826.0 721.0 817.0 712.0 large-vehicle 0
867.0 687.0 874.0 695.0 836.0 730.0 828.0 721.0 large-vehicle 0
873.0 702.0 880.0 710.0 844.0 742.0 837.0 735.0 large-vehicle 0
1077.0 612.0 1070.0 617.0 1060.0 597.0 1068.0 593.0 small-vehicle 0
423.0 54.0 428.0 62.0 409.0 72.0 403.0 64.0 small-vehicle 0
334.0 393.0 324.0 397.0 317.0 376.0 327.0 373.0 small-vehicle 0
371.0 375.0 361.0 382.0 350.0 360.0 360.0 355.0 small-vehicle 0
1020.0 649.0 1013.0 654.0 1003.0 638.0 1010.0 633.0 small-vehicle 0
969.0 616.0 960.0 620.0 953.0 600.0 961.0 598.0 small-vehicle 0
1030.0 639.0 1022.0 645.0 1011.0 626.0 1020.0 621.0 small-vehicle 0
1040.0 633.0 1033.0 639.0 1023.0 620.0 1031.0 616.0 small-vehicle 0
1049.0 628.0 1041.0 633.0 1032.0 611.0 1040.0 608.0 small-vehicle 0
1058.0 622.0 1051.0 628.0 1041.0 609.0 1049.0 605.0 small-vehicle 0
1067.0 618.0 1060.0 622.0 1051.0 602.0 1059.0 599.0 small-vehicle 0
1087.0 606.0 1079.0 613.0 1068.0 593.0 1077.0 588.0 small-vehicle 0
885.0 710.0 893.0 719.0 851.0 755.0 845.0 747.0 large-vehicle 0
1097.0 601.0 1089.0 606.0 1077.0 586.0 1086.0 582.0 small-vehicle 0
1037.0 678.0 1047.0 673.0 1055.0 691.0 1047.0 695.0 small-vehicle 0
1051.0 671.0 1058.0 668.0 1066.0 686.0 1058.0 688.0 small-vehicle 0
1058.0 666.0 1067.0 660.0 1076.0 678.0 1068.0 684.0 small-vehicle 0
1068.0 660.0 1078.0 654.0 1087.0 672.0 1078.0 678.0 small-vehicle 0
1079.0 652.0 1086.0 646.0 1098.0 665.0 1091.0 671.0 small-vehicle 0
1046.0 558.0 1055.0 554.0 1062.0 568.0 1053.0 572.0 small-vehicle 0
1055.0 552.0 1064.0 547.0 1072.0 566.0 1064.0 571.0 small-vehicle 0
1065.0 547.0 1074.0 541.0 1084.0 561.0 1075.0 565.0 small-vehicle 0
1076.0 540.0 1085.0 535.0 1096.0 553.0 1087.0 558.0 small-vehicle 0
415.0 45.0 420.0 54.0 405.0 64.0 399.0 55.0 small-vehicle 0
332.0 72.0 326.0 62.0 344.0 53.0 349.0 62.0 small-vehicle 0
309.0 495.0 300.0 487.0 314.0 472.0 321.0 480.0 small-vehicle 0
283.0 468.0 274.0 461.0 287.0 447.0 295.0 452.0 small-vehicle 0
284.0 77.0 279.0 67.0 296.0 60.0 300.0 70.0 small-vehicle 0
293.0 95.0 289.0 85.0 309.0 79.0 312.0 88.0 small-vehicle 0
298.0 107.0 293.0 96.0 309.0 89.0 313.0 98.0 small-vehicle 0
38.0 156.0 44.0 163.0 33.0 175.0 26.0 168.0 small-vehicle 0
49.0 162.0 56.0 170.0 40.0 184.0 32.0 177.0 small-vehicle 0
132.0 176.0 138.0 184.0 124.0 196.0 116.0 189.0 small-vehicle 0
147.0 192.0 154.0 200.0 139.0 212.0 131.0 205.0 small-vehicle 0
155.0 201.0 160.0 207.0 148.0 219.0 141.0 213.0 small-vehicle 0
169.0 217.0 175.0 224.0 160.0 237.0 153.0 230.0 small-vehicle 0
77.0 255.0 70.0 247.0 88.0 232.0 93.0 240.0 small-vehicle 0
93.0 258.0 100.0 267.0 88.0 276.0 81.0 270.0 small-vehicle 0
97.0 285.0 90.0 276.0 104.0 267.0 110.0 276.0 small-vehicle 0
189.0 271.0 184.0 258.0 201.0 251.0 206.0 262.0 small-vehicle 0
228.0 266.0 233.0 274.0 218.0 285.0 213.0 277.0 small-vehicle 0
238.0 272.0 243.0 284.0 220.0 296.0 215.0 286.0 small-vehicle 0
131.0 325.0 125.0 317.0 140.0 304.0 146.0 312.0 small-vehicle 0
140.0 335.0 133.0 327.0 148.0 314.0 154.0 321.0 small-vehicle 0
159.0 353.0 151.0 346.0 168.0 331.0 174.0 339.0 small-vehicle 0
183.0 386.0 175.0 378.0 189.0 367.0 196.0 374.0 small-vehicle 0
216.0 390.0 226.0 396.0 210.0 419.0 201.0 412.0 small-vehicle 0
224.0 404.0 234.0 410.0 223.0 425.0 213.0 418.0 small-vehicle 0
444.0 240.0 440.0 229.0 483.0 206.0 489.0 217.0 large-vehicle 0
