imagesource:GoogleEarth
gsd:0.131447170146
116.0 545.0 96.0 546.0 95.0 510.0 116.0 509.0 small-vehicle 1
578.0 496.0 579.0 509.0 542.0 515.0 539.0 500.0 small-vehicle 0
692.0 522.0 693.0 538.0 660.0 542.0 658.0 525.0 small-vehicle 0
695.0 502.0 697.0 517.0 657.0 524.0 653.0 508.0 small-vehicle 0
620.0 543.0 618.0 526.0 655.0 525.0 655.0 539.0 small-vehicle 0
617.0 526.0 614.0 509.0 653.0 504.0 654.0 520.0 small-vehicle 0
660.0 505.0 657.0 486.0 694.0 480.0 698.0 497.0 small-vehicle 0
614.0 507.0 614.0 490.0 649.0 489.0 649.0 504.0 small-vehicle 0
609.0 488.0 610.0 471.0 647.0 468.0 647.0 484.0 small-vehicle 0
691.0 465.0 693.0 479.0 653.0 485.0 651.0 470.0 small-vehicle 0
689.0 444.0 692.0 460.0 657.0 467.0 654.0 450.0 small-vehicle 0
613.0 467.0 611.0 452.0 648.0 450.0 648.0 465.0 small-vehicle 0
612.0 450.0 612.0 434.0 644.0 430.0 645.0 446.0 small-vehicle 0
685.0 426.0 686.0 440.0 655.0 448.0 652.0 433.0 small-vehicle 0
575.0 514.0 577.0 529.0 544.0 535.0 542.0 519.0 small-vehicle 0
579.0 475.0 580.0 492.0 537.0 495.0 535.0 480.0 small-vehicle 0
734.0 554.0 733.0 535.0 772.0 532.0 773.0 549.0 small-vehicle 0
574.0 456.0 576.0 472.0 539.0 478.0 537.0 462.0 small-vehicle 0
575.0 435.0 577.0 452.0 538.0 458.0 537.0 442.0 small-vehicle 0
572.0 419.0 573.0 433.0 534.0 439.0 532.0 424.0 small-vehicle 0
504.0 537.0 502.0 520.0 538.0 517.0 539.0 534.0 small-vehicle 0
461.0 486.0 462.0 503.0 423.0 508.0 422.0 489.0 small-vehicle 0
461.0 467.0 461.0 484.0 421.0 488.0 420.0 470.0 small-vehicle 0
452.0 412.0 454.0 428.0 416.0 431.0 415.0 415.0 small-vehicle 0
727.0 517.0 726.0 499.0 767.0 496.0 768.0 512.0 small-vehicle 0
774.0 511.0 773.0 495.0 809.0 493.0 811.0 508.0 small-vehicle 0
766.0 492.0 765.0 477.0 806.0 473.0 807.0 489.0 small-vehicle 0
728.0 496.0 726.0 480.0 765.0 478.0 764.0 493.0 small-vehicle 0
803.0 453.0 805.0 471.0 765.0 475.0 763.0 459.0 small-vehicle 0
728.0 476.0 726.0 460.0 758.0 458.0 758.0 474.0 small-vehicle 0
727.0 533.0 726.0 516.0 770.0 515.0 770.0 529.0 small-vehicle 0
806.0 513.0 807.0 529.0 774.0 533.0 773.0 516.0 small-vehicle 0
705.0 559.0 708.0 573.0 672.0 578.0 668.0 563.0 small-vehicle 0
440.0 603.0 438.0 586.0 468.0 581.0 470.0 596.0 small-vehicle 0
701.0 540.0 702.0 557.0 661.0 561.0 661.0 544.0 small-vehicle 0
616.0 563.0 616.0 546.0 658.0 545.0 658.0 561.0 small-vehicle 0
555.0 629.0 553.0 610.0 589.0 607.0 591.0 625.0 small-vehicle 0
511.0 630.0 512.0 613.0 549.0 617.0 549.0 631.0 small-vehicle 0
588.0 591.0 589.0 605.0 552.0 608.0 551.0 593.0 small-vehicle 0
511.0 613.0 508.0 595.0 546.0 592.0 546.0 609.0 small-vehicle 0
584.0 570.0 585.0 587.0 549.0 590.0 549.0 574.0 small-vehicle 0
505.0 592.0 505.0 575.0 546.0 574.0 547.0 591.0 small-vehicle 0
581.0 555.0 582.0 570.0 550.0 572.0 549.0 556.0 small-vehicle 0
581.0 533.0 582.0 551.0 545.0 552.0 544.0 533.0 small-vehicle 0
506.0 557.0 504.0 540.0 543.0 536.0 544.0 551.0 small-vehicle 0
442.0 638.0 442.0 624.0 472.0 624.0 471.0 637.0 small-vehicle 0
440.0 620.0 438.0 603.0 473.0 602.0 474.0 619.0 small-vehicle 0
467.0 563.0 468.0 579.0 434.0 583.0 431.0 567.0 small-vehicle 0
812.0 530.0 812.0 548.0 775.0 550.0 774.0 533.0 small-vehicle 0
468.0 542.0 471.0 559.0 432.0 562.0 431.0 547.0 small-vehicle 0
468.0 524.0 469.0 540.0 433.0 544.0 431.0 528.0 small-vehicle 0
746.0 650.0 744.0 631.0 778.0 629.0 779.0 645.0 small-vehicle 0
818.0 646.0 818.0 662.0 788.0 662.0 787.0 645.0 small-vehicle 0
784.0 644.0 782.0 626.0 820.0 623.0 821.0 640.0 small-vehicle 0
741.0 629.0 740.0 613.0 774.0 611.0 774.0 626.0 small-vehicle 0
786.0 626.0 784.0 606.0 819.0 605.0 821.0 624.0 small-vehicle 0
814.0 587.0 816.0 603.0 778.0 606.0 776.0 589.0 small-vehicle 0
737.0 609.0 737.0 592.0 772.0 592.0 772.0 609.0 small-vehicle 0
815.0 568.0 816.0 584.0 780.0 588.0 778.0 572.0 small-vehicle 0
742.0 590.0 740.0 572.0 772.0 573.0 771.0 589.0 small-vehicle 0
741.0 573.0 741.0 555.0 771.0 557.0 772.0 571.0 small-vehicle 0
813.0 549.0 814.0 567.0 779.0 568.0 777.0 551.0 small-vehicle 0
802.0 435.0 803.0 452.0 764.0 455.0 762.0 439.0 small-vehicle 0
725.0 459.0 724.0 441.0 762.0 438.0 764.0 454.0 small-vehicle 0
720.0 441.0 719.0 424.0 758.0 421.0 760.0 437.0 small-vehicle 0
680.0 232.0 665.0 232.0 659.0 195.0 676.0 195.0 small-vehicle 0
715.0 326.0 714.0 309.0 747.0 309.0 747.0 325.0 small-vehicle 0
709.0 307.0 707.0 289.0 748.0 285.0 749.0 303.0 small-vehicle 0
789.0 284.0 789.0 301.0 752.0 305.0 751.0 287.0 small-vehicle 0
453.0 254.0 437.0 256.0 431.0 224.0 447.0 221.0 small-vehicle 0
487.0 245.0 470.0 248.0 465.0 218.0 481.0 215.0 small-vehicle 0
509.0 249.0 493.0 248.0 494.0 209.0 509.0 210.0 small-vehicle 0
529.0 245.0 514.0 247.0 512.0 209.0 527.0 208.0 small-vehicle 0
565.0 243.0 552.0 244.0 551.0 205.0 565.0 205.0 small-vehicle 0
587.0 241.0 569.0 241.0 567.0 204.0 584.0 203.0 small-vehicle 0
605.0 237.0 589.0 238.0 586.0 202.0 602.0 201.0 small-vehicle 0
624.0 238.0 608.0 240.0 605.0 197.0 621.0 196.0 small-vehicle 0
644.0 236.0 631.0 236.0 628.0 203.0 641.0 202.0 small-vehicle 0
663.0 233.0 647.0 234.0 645.0 199.0 660.0 199.0 small-vehicle 0
703.0 230.0 685.0 232.0 681.0 196.0 699.0 194.0 small-vehicle 0
794.0 416.0 795.0 432.0 763.0 437.0 760.0 420.0 small-vehicle 0
723.0 228.0 706.0 227.0 703.0 191.0 720.0 190.0 small-vehicle 0
741.0 227.0 727.0 228.0 721.0 187.0 736.0 186.0 small-vehicle 0
757.0 219.0 744.0 220.0 742.0 188.0 757.0 187.0 small-vehicle 0
778.0 221.0 762.0 222.0 760.0 188.0 776.0 185.0 small-vehicle 0
795.0 223.0 781.0 223.0 777.0 184.0 794.0 184.0 small-vehicle 0
815.0 219.0 799.0 219.0 797.0 183.0 812.0 183.0 small-vehicle 0
834.0 215.0 817.0 216.0 817.0 184.0 833.0 183.0 small-vehicle 0
855.0 215.0 837.0 216.0 834.0 178.0 850.0 177.0 small-vehicle 0
869.0 206.0 854.0 208.0 851.0 176.0 866.0 175.0 small-vehicle 0
885.0 207.0 869.0 208.0 868.0 181.0 883.0 179.0 small-vehicle 0
908.0 208.0 892.0 208.0 889.0 174.0 906.0 172.0 small-vehicle 0
926.0 209.0 909.0 210.0 906.0 172.0 923.0 170.0 small-vehicle 0
945.0 207.0 928.0 208.0 925.0 171.0 945.0 170.0 small-vehicle 0
784.0 305.0 785.0 320.0 752.0 322.0 751.0 305.0 small-vehicle 0
716.0 346.0 714.0 327.0 750.0 325.0 751.0 342.0 small-vehicle 0
789.0 322.0 791.0 338.0 755.0 342.0 753.0 325.0 small-vehicle 0
717.0 365.0 716.0 347.0 751.0 346.0 752.0 362.0 small-vehicle 0
651.0 428.0 650.0 410.0 685.0 410.0 686.0 425.0 small-vehicle 0
604.0 430.0 603.0 411.0 643.0 412.0 644.0 429.0 small-vehicle 0
684.0 389.0 684.0 406.0 644.0 409.0 642.0 392.0 small-vehicle 0
649.0 389.0 646.0 375.0 679.0 372.0 681.0 386.0 small-vehicle 0
603.0 393.0 603.0 375.0 638.0 373.0 639.0 389.0 small-vehicle 0
609.0 412.0 607.0 394.0 641.0 392.0 641.0 409.0 small-vehicle 0
538.0 418.0 536.0 403.0 569.0 401.0 568.0 416.0 small-vehicle 0
532.0 400.0 531.0 384.0 572.0 381.0 573.0 398.0 small-vehicle 0
535.0 381.0 534.0 367.0 564.0 364.0 565.0 379.0 small-vehicle 0
451.0 374.0 451.0 390.0 414.0 393.0 412.0 376.0 small-vehicle 0
487.0 367.0 485.0 349.0 523.0 347.0 525.0 365.0 small-vehicle 0
564.0 343.0 566.0 358.0 527.0 365.0 525.0 348.0 small-vehicle 0
602.0 374.0 601.0 357.0 637.0 356.0 638.0 371.0 small-vehicle 0
646.0 370.0 644.0 354.0 677.0 353.0 678.0 367.0 small-vehicle 0
673.0 334.0 674.0 348.0 645.0 351.0 643.0 336.0 small-vehicle 0
674.0 314.0 675.0 331.0 637.0 333.0 636.0 315.0 small-vehicle 0
595.0 338.0 595.0 319.0 632.0 317.0 632.0 334.0 small-vehicle 0
604.0 356.0 603.0 338.0 634.0 336.0 636.0 352.0 small-vehicle 0
529.0 327.0 526.0 308.0 559.0 303.0 561.0 320.0 small-vehicle 0
412.0 334.0 410.0 318.0 450.0 315.0 451.0 329.0 small-vehicle 0
723.0 421.0 722.0 403.0 757.0 403.0 759.0 420.0 small-vehicle 0
797.0 398.0 797.0 414.0 762.0 417.0 760.0 400.0 small-vehicle 0
793.0 380.0 794.0 395.0 761.0 398.0 760.0 382.0 small-vehicle 0
796.0 360.0 796.0 375.0 759.0 378.0 758.0 362.0 small-vehicle 0
719.0 384.0 717.0 367.0 753.0 365.0 754.0 380.0 small-vehicle 0
721.0 401.0 719.0 383.0 754.0 383.0 753.0 399.0 small-vehicle 0
789.0 342.0 790.0 358.0 757.0 360.0 755.0 343.0 small-vehicle 0
622.0 582.0 620.0 564.0 656.0 563.0 656.0 580.0 small-vehicle 0
626.0 601.0 624.0 584.0 659.0 582.0 660.0 598.0 small-vehicle 0
983.0 203.0 967.0 203.0 967.0 173.0 982.0 172.0 small-vehicle 0
419.0 890.0 417.0 872.0 457.0 869.0 457.0 885.0 small-vehicle 0
428.0 937.0 447.0 937.0 443.0 971.0 426.0 971.0 small-vehicle 0
445.0 936.0 463.0 936.0 459.0 972.0 442.0 970.0 small-vehicle 0
462.0 935.0 484.0 935.0 482.0 972.0 461.0 973.0 small-vehicle 0
482.0 935.0 500.0 935.0 499.0 969.0 482.0 971.0 small-vehicle 0
502.0 937.0 522.0 936.0 518.0 971.0 503.0 970.0 small-vehicle 0
520.0 935.0 541.0 933.0 542.0 971.0 521.0 971.0 small-vehicle 0
543.0 934.0 561.0 934.0 560.0 971.0 542.0 971.0 small-vehicle 0
560.0 934.0 581.0 934.0 578.0 972.0 558.0 971.0 small-vehicle 0
584.0 940.0 600.0 939.0 600.0 969.0 584.0 969.0 small-vehicle 0
599.0 933.0 617.0 933.0 617.0 969.0 600.0 968.0 small-vehicle 0
621.0 936.0 636.0 935.0 635.0 964.0 621.0 964.0 small-vehicle 0
639.0 932.0 656.0 932.0 656.0 960.0 639.0 959.0 small-vehicle 0
661.0 924.0 682.0 924.0 682.0 954.0 662.0 955.0 small-vehicle 0
499.0 866.0 501.0 882.0 462.0 887.0 460.0 871.0 small-vehicle 0
389.0 936.0 407.0 936.0 403.0 973.0 387.0 974.0 small-vehicle 0
535.0 879.0 533.0 863.0 573.0 860.0 574.0 877.0 small-vehicle 0
614.0 856.0 615.0 873.0 574.0 877.0 573.0 860.0 small-vehicle 0
576.0 856.0 574.0 838.0 613.0 835.0 615.0 853.0 small-vehicle 0
536.0 859.0 535.0 842.0 568.0 840.0 569.0 857.0 small-vehicle 0
576.0 836.0 573.0 818.0 610.0 815.0 611.0 833.0 small-vehicle 0
532.0 840.0 529.0 823.0 569.0 820.0 570.0 835.0 small-vehicle 0
464.0 868.0 462.0 851.0 498.0 848.0 498.0 863.0 small-vehicle 0
420.0 870.0 419.0 854.0 457.0 851.0 457.0 868.0 small-vehicle 0
494.0 828.0 495.0 845.0 461.0 847.0 459.0 831.0 small-vehicle 0
418.0 852.0 416.0 833.0 459.0 831.0 459.0 848.0 small-vehicle 0
417.0 833.0 414.0 816.0 456.0 811.0 455.0 829.0 small-vehicle 0
462.0 829.0 459.0 812.0 494.0 809.0 495.0 825.0 small-vehicle 0
532.0 821.0 530.0 806.0 567.0 801.0 569.0 817.0 small-vehicle 0
408.0 936.0 425.0 936.0 423.0 972.0 406.0 972.0 small-vehicle 0
371.0 935.0 388.0 936.0 385.0 976.0 368.0 974.0 small-vehicle 0
703.0 581.0 705.0 594.0 664.0 595.0 663.0 582.0 small-vehicle 0
211.0 757.0 207.0 738.0 248.0 732.0 251.0 751.0 small-vehicle 0
1242.0 1032.0 1237.0 1014.0 1318.0 998.0 1321.0 1016.0 large-vehicle 0
427.0 142.0 430.0 157.0 392.0 163.0 388.0 146.0 small-vehicle 0
281.0 295.0 262.0 296.0 260.0 260.0 278.0 259.0 small-vehicle 0
359.0 276.0 342.0 280.0 332.0 238.0 351.0 235.0 small-vehicle 0
414.0 259.0 396.0 263.0 391.0 232.0 406.0 229.0 small-vehicle 0
208.0 361.0 209.0 376.0 175.0 377.0 173.0 362.0 small-vehicle 0
297.0 367.0 294.0 350.0 330.0 346.0 332.0 362.0 small-vehicle 0
370.0 338.0 367.0 321.0 407.0 317.0 409.0 334.0 small-vehicle 0
229.0 540.0 230.0 556.0 190.0 561.0 188.0 544.0 small-vehicle 0
329.0 671.0 326.0 652.0 364.0 648.0 366.0 664.0 small-vehicle 0
336.0 705.0 334.0 689.0 362.0 687.0 362.0 701.0 small-vehicle 0
289.0 731.0 287.0 710.0 324.0 709.0 324.0 728.0 small-vehicle 0
241.0 697.0 243.0 716.0 208.0 720.0 205.0 702.0 small-vehicle 0
372.0 744.0 373.0 762.0 331.0 762.0 331.0 743.0 small-vehicle 0
351.0 935.0 368.0 934.0 367.0 973.0 350.0 972.0 small-vehicle 0
297.0 825.0 296.0 807.0 338.0 805.0 338.0 822.0 small-vehicle 0
346.0 821.0 343.0 801.0 380.0 800.0 381.0 818.0 small-vehicle 0
346.0 840.0 344.0 823.0 376.0 821.0 378.0 837.0 small-vehicle 0
348.0 859.0 345.0 839.0 388.0 839.0 387.0 857.0 small-vehicle 0
346.0 879.0 343.0 860.0 385.0 858.0 387.0 875.0 small-vehicle 0
304.0 863.0 302.0 844.0 342.0 843.0 342.0 860.0 small-vehicle 0
222.0 870.0 220.0 853.0 260.0 849.0 261.0 865.0 small-vehicle 0
224.0 890.0 224.0 872.0 262.0 869.0 262.0 885.0 small-vehicle 0
256.0 924.0 244.0 914.0 270.0 886.0 282.0 896.0 small-vehicle 0
274.0 938.0 261.0 928.0 282.0 903.0 292.0 913.0 small-vehicle 0
295.0 915.0 311.0 923.0 295.0 953.0 280.0 944.0 small-vehicle 0
316.0 922.0 331.0 931.0 314.0 961.0 298.0 951.0 small-vehicle 0
333.0 929.0 350.0 940.0 330.0 969.0 315.0 960.0 small-vehicle 0
575.0 817.0 573.0 801.0 607.0 797.0 608.0 812.0 small-vehicle 0
572.0 800.0 570.0 782.0 603.0 779.0 604.0 796.0 small-vehicle 0
530.0 802.0 529.0 784.0 562.0 783.0 563.0 799.0 small-vehicle 0
636.0 715.0 635.0 698.0 668.0 696.0 669.0 712.0 small-vehicle 0
597.0 685.0 598.0 700.0 560.0 706.0 557.0 690.0 small-vehicle 0
518.0 707.0 517.0 690.0 560.0 687.0 560.0 704.0 small-vehicle 0
595.0 667.0 596.0 682.0 557.0 685.0 555.0 670.0 small-vehicle 0
520.0 687.0 518.0 671.0 553.0 670.0 553.0 685.0 small-vehicle 0
590.0 648.0 592.0 662.0 559.0 667.0 558.0 651.0 small-vehicle 0
516.0 669.0 515.0 653.0 557.0 648.0 557.0 664.0 small-vehicle 0
513.0 653.0 509.0 634.0 546.0 631.0 548.0 647.0 small-vehicle 0
559.0 648.0 557.0 632.0 592.0 624.0 595.0 640.0 small-vehicle 0
710.0 731.0 711.0 746.0 681.0 746.0 680.0 732.0 small-vehicle 0
641.0 751.0 640.0 735.0 678.0 732.0 677.0 750.0 small-vehicle 0
720.0 712.0 719.0 726.0 677.0 729.0 677.0 716.0 small-vehicle 0
641.0 733.0 639.0 716.0 672.0 716.0 671.0 733.0 small-vehicle 0
710.0 692.0 711.0 709.0 673.0 712.0 672.0 696.0 small-vehicle 0
630.0 697.0 628.0 679.0 668.0 677.0 669.0 694.0 small-vehicle 0
459.0 810.0 457.0 791.0 491.0 789.0 492.0 807.0 small-vehicle 0
712.0 672.0 712.0 690.0 672.0 693.0 670.0 676.0 small-vehicle 0
755.0 741.0 754.0 725.0 789.0 724.0 790.0 740.0 small-vehicle 0
748.0 726.0 747.0 709.0 786.0 706.0 787.0 721.0 small-vehicle 0
753.0 706.0 750.0 686.0 785.0 684.0 787.0 702.0 small-vehicle 0
745.0 686.0 744.0 668.0 782.0 667.0 784.0 682.0 small-vehicle 0
635.0 677.0 632.0 660.0 664.0 658.0 665.0 675.0 small-vehicle 0
675.0 675.0 675.0 658.0 707.0 656.0 708.0 671.0 small-vehicle 0
627.0 659.0 625.0 641.0 666.0 639.0 667.0 656.0 small-vehicle 0
709.0 637.0 710.0 653.0 666.0 655.0 666.0 639.0 small-vehicle 0
706.0 619.0 706.0 632.0 668.0 633.0 667.0 618.0 small-vehicle 0
702.0 598.0 703.0 614.0 666.0 618.0 666.0 601.0 small-vehicle 0
624.0 640.0 622.0 623.0 664.0 620.0 665.0 635.0 small-vehicle 0
619.0 619.0 619.0 601.0 660.0 603.0 659.0 619.0 small-vehicle 0
518.0 728.0 518.0 709.0 560.0 710.0 560.0 728.0 small-vehicle 0
598.0 703.0 600.0 717.0 564.0 721.0 560.0 706.0 small-vehicle 0
596.0 725.0 597.0 740.0 564.0 741.0 563.0 725.0 small-vehicle 0
525.0 747.0 523.0 729.0 560.0 725.0 561.0 741.0 small-vehicle 0
415.0 815.0 413.0 798.0 450.0 794.0 451.0 810.0 small-vehicle 0
486.0 772.0 488.0 786.0 455.0 790.0 453.0 775.0 small-vehicle 0
412.0 795.0 410.0 779.0 448.0 771.0 450.0 788.0 small-vehicle 0
489.0 754.0 491.0 770.0 451.0 773.0 449.0 757.0 small-vehicle 0
527.0 784.0 526.0 767.0 563.0 766.0 563.0 781.0 small-vehicle 0
571.0 779.0 568.0 763.0 603.0 759.0 605.0 775.0 small-vehicle 0
643.0 813.0 640.0 793.0 676.0 790.0 678.0 807.0 small-vehicle 0
688.0 808.0 686.0 791.0 723.0 789.0 723.0 805.0 small-vehicle 0
756.0 800.0 755.0 782.0 793.0 781.0 794.0 798.0 small-vehicle 0
759.0 779.0 758.0 762.0 786.0 763.0 788.0 779.0 small-vehicle 0
685.0 788.0 685.0 770.0 717.0 767.0 719.0 783.0 small-vehicle 0
646.0 790.0 645.0 773.0 676.0 772.0 677.0 790.0 small-vehicle 0
636.0 772.0 636.0 753.0 675.0 751.0 675.0 770.0 small-vehicle 0
722.0 747.0 723.0 766.0 682.0 770.0 679.0 750.0 small-vehicle 0
751.0 762.0 748.0 745.0 790.0 742.0 790.0 757.0 small-vehicle 0
602.0 742.0 602.0 757.0 565.0 759.0 565.0 745.0 small-vehicle 0
529.0 763.0 526.0 747.0 560.0 741.0 562.0 756.0 small-vehicle 0
411.0 777.0 410.0 758.0 448.0 755.0 449.0 773.0 small-vehicle 0
486.0 734.0 487.0 749.0 449.0 752.0 448.0 738.0 small-vehicle 0
408.0 737.0 406.0 722.0 444.0 716.0 445.0 732.0 small-vehicle 0
410.0 756.0 409.0 740.0 444.0 737.0 445.0 753.0 small-vehicle 0
485.0 716.0 485.0 730.0 449.0 735.0 448.0 719.0 small-vehicle 0
479.0 697.0 481.0 712.0 445.0 716.0 444.0 699.0 small-vehicle 0
400.0 718.0 400.0 700.0 444.0 699.0 444.0 716.0 small-vehicle 0
483.0 676.0 485.0 693.0 448.0 699.0 445.0 683.0 small-vehicle 0
448.0 675.0 447.0 659.0 476.0 658.0 478.0 672.0 small-vehicle 0
473.0 640.0 474.0 656.0 440.0 656.0 441.0 640.0 small-vehicle 0
964.0 204.0 947.0 204.0 946.0 169.0 964.0 168.0 small-vehicle 0
1003.0 200.0 987.0 201.0 986.0 166.0 1002.0 164.0 small-vehicle 0
1391.0 134.0 1410.0 130.0 1415.0 166.0 1396.0 168.0 small-vehicle 1
827.0 698.0 828.0 715.0 788.0 721.0 785.0 705.0 small-vehicle 0
1120.0 785.0 1119.0 768.0 1149.0 766.0 1152.0 780.0 small-vehicle 0
1208.0 761.0 1209.0 777.0 1168.0 781.0 1165.0 764.0 small-vehicle 0
1169.0 761.0 1168.0 743.0 1204.0 741.0 1205.0 757.0 small-vehicle 0
1112.0 765.0 1113.0 748.0 1153.0 747.0 1152.0 762.0 small-vehicle 0
1112.0 747.0 1111.0 731.0 1150.0 728.0 1151.0 745.0 small-vehicle 0
964.0 763.0 966.0 780.0 926.0 785.0 925.0 767.0 small-vehicle 0
933.0 804.0 931.0 787.0 969.0 783.0 970.0 799.0 small-vehicle 0
867.0 791.0 869.0 773.0 910.0 775.0 908.0 791.0 small-vehicle 0
870.0 772.0 867.0 752.0 906.0 749.0 907.0 767.0 small-vehicle 0
834.0 777.0 835.0 791.0 797.0 795.0 796.0 779.0 small-vehicle 0
832.0 754.0 835.0 773.0 796.0 776.0 793.0 759.0 small-vehicle 0
831.0 739.0 831.0 755.0 795.0 759.0 794.0 742.0 small-vehicle 0
824.0 720.0 826.0 736.0 797.0 741.0 793.0 726.0 small-vehicle 0
828.0 681.0 829.0 696.0 792.0 699.0 790.0 684.0 small-vehicle 0
1006.0 796.0 1006.0 779.0 1046.0 777.0 1045.0 794.0 small-vehicle 0
825.0 662.0 826.0 680.0 787.0 682.0 786.0 665.0 small-vehicle 0
996.0 701.0 994.0 683.0 1028.0 680.0 1030.0 696.0 small-vehicle 0
984.0 874.0 1002.0 872.0 1004.0 905.0 986.0 905.0 small-vehicle 0
1008.0 873.0 1023.0 871.0 1026.0 905.0 1011.0 907.0 small-vehicle 0
1028.0 868.0 1046.0 866.0 1047.0 905.0 1031.0 907.0 small-vehicle 0
1049.0 865.0 1066.0 863.0 1069.0 901.0 1051.0 903.0 small-vehicle 0
1066.0 868.0 1086.0 866.0 1090.0 901.0 1071.0 903.0 small-vehicle 0
1088.0 865.0 1105.0 863.0 1108.0 898.0 1090.0 900.0 small-vehicle 0
1109.0 868.0 1126.0 866.0 1129.0 899.0 1112.0 901.0 small-vehicle 0
1129.0 865.0 1144.0 865.0 1147.0 899.0 1133.0 900.0 small-vehicle 0
1150.0 863.0 1167.0 862.0 1170.0 892.0 1153.0 893.0 small-vehicle 0
1178.0 854.0 1195.0 853.0 1197.0 891.0 1180.0 891.0 small-vehicle 0
1204.0 854.0 1220.0 854.0 1223.0 889.0 1207.0 889.0 small-vehicle 0
1049.0 792.0 1048.0 774.0 1082.0 772.0 1082.0 789.0 small-vehicle 0
998.0 776.0 996.0 760.0 1040.0 757.0 1040.0 773.0 small-vehicle 0
862.0 694.0 861.0 677.0 899.0 673.0 900.0 689.0 small-vehicle 0
1168.0 702.0 1164.0 686.0 1201.0 681.0 1202.0 695.0 small-vehicle 0
860.0 713.0 860.0 695.0 903.0 693.0 901.0 710.0 small-vehicle 0
957.0 685.0 958.0 705.0 918.0 706.0 918.0 687.0 small-vehicle 0
994.0 682.0 992.0 665.0 1032.0 661.0 1034.0 677.0 small-vehicle 0
1041.0 676.0 1039.0 663.0 1066.0 660.0 1067.0 675.0 small-vehicle 0
996.0 719.0 994.0 703.0 1029.0 700.0 1030.0 716.0 small-vehicle 0
1069.0 677.0 1070.0 694.0 1037.0 698.0 1034.0 681.0 small-vehicle 0
1101.0 631.0 1100.0 617.0 1134.0 615.0 1136.0 628.0 small-vehicle 0
1106.0 650.0 1105.0 634.0 1139.0 632.0 1139.0 646.0 small-vehicle 0
1195.0 629.0 1196.0 643.0 1157.0 645.0 1159.0 630.0 small-vehicle 0
1102.0 669.0 1101.0 652.0 1140.0 650.0 1140.0 666.0 small-vehicle 0
1199.0 645.0 1201.0 660.0 1162.0 665.0 1159.0 650.0 small-vehicle 0
1196.0 664.0 1197.0 680.0 1162.0 684.0 1160.0 669.0 small-vehicle 0
1104.0 689.0 1102.0 673.0 1145.0 670.0 1145.0 686.0 small-vehicle 0
1108.0 709.0 1106.0 692.0 1143.0 690.0 1144.0 705.0 small-vehicle 0
1080.0 753.0 1081.0 769.0 1042.0 774.0 1040.0 757.0 small-vehicle 0
1201.0 702.0 1203.0 717.0 1166.0 721.0 1163.0 705.0 small-vehicle 0
1114.0 727.0 1113.0 709.0 1149.0 707.0 1150.0 722.0 small-vehicle 0
1201.0 723.0 1203.0 737.0 1170.0 741.0 1168.0 728.0 small-vehicle 0
1000.0 740.0 1000.0 722.0 1033.0 721.0 1034.0 737.0 small-vehicle 0
1075.0 695.0 1076.0 710.0 1038.0 715.0 1037.0 700.0 small-vehicle 0
1075.0 715.0 1076.0 732.0 1038.0 733.0 1037.0 717.0 small-vehicle 0
925.0 723.0 927.0 708.0 960.0 710.0 957.0 724.0 small-vehicle 0
870.0 731.0 870.0 715.0 901.0 713.0 901.0 728.0 small-vehicle 0
871.0 750.0 871.0 733.0 900.0 732.0 899.0 748.0 small-vehicle 0
965.0 726.0 965.0 739.0 926.0 741.0 926.0 728.0 small-vehicle 0
962.0 745.0 961.0 762.0 924.0 764.0 924.0 747.0 small-vehicle 0
999.0 758.0 997.0 741.0 1038.0 737.0 1037.0 754.0 small-vehicle 0
1078.0 733.0 1080.0 749.0 1043.0 754.0 1040.0 737.0 small-vehicle 0
1234.0 849.0 1252.0 848.0 1252.0 885.0 1235.0 886.0 small-vehicle 0
1262.0 847.0 1279.0 846.0 1280.0 883.0 1264.0 884.0 small-vehicle 0
1290.0 844.0 1306.0 843.0 1307.0 881.0 1292.0 882.0 small-vehicle 0
1409.0 489.0 1407.0 472.0 1435.0 470.0 1436.0 486.0 small-vehicle 0
1293.0 444.0 1295.0 459.0 1261.0 464.0 1258.0 449.0 small-vehicle 0
1212.0 467.0 1211.0 450.0 1251.0 447.0 1251.0 463.0 small-vehicle 0
1288.0 426.0 1290.0 440.0 1259.0 446.0 1256.0 431.0 small-vehicle 0
1215.0 447.0 1215.0 430.0 1247.0 431.0 1246.0 446.0 small-vehicle 0
1289.0 408.0 1290.0 425.0 1254.0 427.0 1252.0 410.0 small-vehicle 0
1214.0 430.0 1212.0 412.0 1249.0 409.0 1251.0 424.0 small-vehicle 0
1253.0 408.0 1251.0 390.0 1289.0 387.0 1290.0 403.0 small-vehicle 0
1205.0 409.0 1207.0 391.0 1245.0 392.0 1244.0 409.0 small-vehicle 0
1283.0 371.0 1286.0 385.0 1250.0 390.0 1250.0 375.0 small-vehicle 0
1208.0 390.0 1208.0 374.0 1244.0 376.0 1243.0 390.0 small-vehicle 0
1284.0 351.0 1284.0 368.0 1246.0 372.0 1245.0 354.0 small-vehicle 0
1407.0 505.0 1407.0 489.0 1433.0 489.0 1433.0 504.0 small-vehicle 0
1404.0 524.0 1405.0 507.0 1437.0 509.0 1437.0 526.0 small-vehicle 0
1400.0 470.0 1399.0 454.0 1433.0 452.0 1435.0 467.0 small-vehicle 0
1317.0 843.0 1333.0 843.0 1332.0 877.0 1317.0 877.0 small-vehicle 0
1398.0 451.0 1397.0 433.0 1433.0 431.0 1432.0 448.0 small-vehicle 0
1400.0 431.0 1397.0 414.0 1433.0 411.0 1434.0 427.0 small-vehicle 0
1397.0 411.0 1397.0 394.0 1424.0 395.0 1425.0 411.0 small-vehicle 0
1392.0 394.0 1391.0 376.0 1427.0 376.0 1427.0 391.0 small-vehicle 0
1390.0 375.0 1388.0 356.0 1423.0 356.0 1424.0 372.0 small-vehicle 0
1391.0 353.0 1391.0 337.0 1420.0 339.0 1420.0 352.0 small-vehicle 0
1386.0 337.0 1385.0 319.0 1421.0 317.0 1422.0 334.0 small-vehicle 0
1386.0 317.0 1385.0 300.0 1423.0 300.0 1422.0 315.0 small-vehicle 0
1387.0 300.0 1385.0 282.0 1419.0 281.0 1420.0 297.0 small-vehicle 0
1385.0 276.0 1386.0 261.0 1411.0 262.0 1411.0 276.0 small-vehicle 0
526.0 113.0 529.0 129.0 496.0 133.0 493.0 115.0 small-vehicle 0
897.0 1069.0 896.0 1052.0 933.0 1046.0 934.0 1064.0 small-vehicle 0
976.0 1061.0 976.0 1046.0 1013.0 1044.0 1014.0 1058.0 small-vehicle 0
1220.0 486.0 1219.0 470.0 1253.0 466.0 1254.0 481.0 small-vehicle 0
1219.0 506.0 1219.0 488.0 1252.0 488.0 1251.0 504.0 small-vehicle 0
1265.0 502.0 1263.0 486.0 1295.0 483.0 1297.0 497.0 small-vehicle 0
1295.0 502.0 1296.0 518.0 1261.0 521.0 1261.0 504.0 small-vehicle 0
1249.0 772.0 1249.0 755.0 1281.0 753.0 1283.0 767.0 small-vehicle 0
1322.0 751.0 1323.0 768.0 1284.0 769.0 1283.0 753.0 small-vehicle 0
1319.0 729.0 1321.0 744.0 1283.0 749.0 1281.0 733.0 small-vehicle 0
1244.0 753.0 1244.0 735.0 1281.0 732.0 1281.0 749.0 small-vehicle 0
1287.0 728.0 1287.0 713.0 1318.0 711.0 1319.0 726.0 small-vehicle 0
1237.0 735.0 1236.0 717.0 1275.0 716.0 1275.0 733.0 small-vehicle 0
1310.0 694.0 1311.0 709.0 1281.0 710.0 1282.0 694.0 small-vehicle 0
1238.0 713.0 1236.0 697.0 1276.0 693.0 1277.0 707.0 small-vehicle 0
1283.0 690.0 1281.0 676.0 1310.0 675.0 1310.0 689.0 small-vehicle 0
1240.0 696.0 1238.0 679.0 1271.0 675.0 1273.0 690.0 small-vehicle 0
1281.0 674.0 1280.0 655.0 1312.0 656.0 1313.0 672.0 small-vehicle 0
1235.0 676.0 1234.0 659.0 1273.0 655.0 1274.0 671.0 small-vehicle 0
1310.0 635.0 1310.0 651.0 1277.0 653.0 1276.0 637.0 small-vehicle 0
1232.0 658.0 1231.0 640.0 1268.0 639.0 1270.0 654.0 small-vehicle 0
1277.0 637.0 1275.0 621.0 1309.0 616.0 1311.0 630.0 small-vehicle 0
1235.0 638.0 1234.0 622.0 1267.0 621.0 1268.0 636.0 small-vehicle 0
1228.0 621.0 1227.0 603.0 1266.0 603.0 1267.0 619.0 small-vehicle 0
1306.0 599.0 1307.0 615.0 1270.0 616.0 1269.0 600.0 small-vehicle 0
1305.0 580.0 1305.0 598.0 1266.0 599.0 1266.0 582.0 small-vehicle 0
1302.0 560.0 1303.0 578.0 1268.0 581.0 1266.0 563.0 small-vehicle 0
1225.0 600.0 1225.0 583.0 1265.0 582.0 1264.0 598.0 small-vehicle 0
1230.0 582.0 1229.0 565.0 1261.0 561.0 1265.0 576.0 small-vehicle 0
1269.0 559.0 1268.0 542.0 1300.0 541.0 1301.0 556.0 small-vehicle 0
1223.0 563.0 1222.0 546.0 1259.0 547.0 1258.0 561.0 small-vehicle 0
1226.0 545.0 1226.0 529.0 1256.0 527.0 1256.0 542.0 small-vehicle 0
1294.0 521.0 1297.0 535.0 1268.0 540.0 1264.0 527.0 small-vehicle 0
1223.0 525.0 1223.0 509.0 1259.0 505.0 1259.0 519.0 small-vehicle 0
956.0 668.0 956.0 685.0 916.0 686.0 916.0 670.0 small-vehicle 0
858.0 676.0 857.0 658.0 896.0 656.0 896.0 671.0 small-vehicle 0
1021.0 200.0 1005.0 200.0 1004.0 162.0 1020.0 163.0 small-vehicle 0
929.0 404.0 931.0 419.0 894.0 423.0 893.0 407.0 small-vehicle 0
1071.0 291.0 1070.0 274.0 1107.0 273.0 1109.0 290.0 small-vehicle 0
1072.0 311.0 1070.0 295.0 1107.0 291.0 1108.0 308.0 small-vehicle 0
1075.0 329.0 1075.0 312.0 1106.0 312.0 1106.0 329.0 small-vehicle 0
1074.0 349.0 1074.0 331.0 1112.0 331.0 1114.0 347.0 small-vehicle 0
1073.0 367.0 1072.0 349.0 1117.0 349.0 1117.0 367.0 small-vehicle 0
1169.0 360.0 1170.0 378.0 1128.0 380.0 1127.0 363.0 small-vehicle 0
1208.0 374.0 1209.0 354.0 1241.0 355.0 1241.0 375.0 small-vehicle 0
834.0 408.0 831.0 392.0 875.0 388.0 876.0 403.0 small-vehicle 0
838.0 427.0 837.0 410.0 877.0 409.0 876.0 423.0 small-vehicle 0
840.0 446.0 838.0 432.0 874.0 427.0 875.0 442.0 small-vehicle 0
839.0 465.0 838.0 449.0 877.0 448.0 876.0 464.0 small-vehicle 0
843.0 485.0 841.0 470.0 885.0 464.0 886.0 480.0 small-vehicle 0
929.0 387.0 929.0 402.0 890.0 402.0 892.0 386.0 small-vehicle 0
931.0 423.0 931.0 439.0 896.0 443.0 895.0 427.0 small-vehicle 0
1042.0 355.0 1043.0 370.0 1003.0 373.0 1002.0 357.0 small-vehicle 0
933.0 444.0 932.0 459.0 896.0 462.0 895.0 449.0 small-vehicle 0
899.0 482.0 898.0 463.0 938.0 462.0 937.0 478.0 small-vehicle 0
907.0 499.0 906.0 483.0 937.0 481.0 938.0 496.0 small-vehicle 0
968.0 396.0 968.0 381.0 995.0 378.0 997.0 394.0 small-vehicle 0
1044.0 375.0 1044.0 389.0 1004.0 391.0 1003.0 376.0 small-vehicle 0
1041.0 394.0 1042.0 410.0 1008.0 412.0 1007.0 397.0 small-vehicle 0
966.0 416.0 965.0 398.0 1002.0 396.0 1003.0 413.0 small-vehicle 0
970.0 436.0 969.0 419.0 1008.0 415.0 1010.0 430.0 small-vehicle 0
1040.0 414.0 1043.0 428.0 1011.0 429.0 1010.0 416.0 small-vehicle 0
972.0 455.0 971.0 438.0 1008.0 434.0 1009.0 450.0 small-vehicle 0
1016.0 450.0 1014.0 433.0 1046.0 430.0 1047.0 447.0 small-vehicle 0
974.0 474.0 971.0 456.0 1009.0 453.0 1009.0 470.0 small-vehicle 0
1015.0 470.0 1013.0 453.0 1049.0 450.0 1049.0 467.0 small-vehicle 0
1073.0 273.0 1070.0 257.0 1102.0 252.0 1104.0 267.0 small-vehicle 0
966.0 378.0 963.0 361.0 999.0 359.0 1000.0 375.0 small-vehicle 0
955.0 649.0 955.0 665.0 920.0 669.0 919.0 654.0 small-vehicle 0
834.0 371.0 833.0 354.0 865.0 352.0 867.0 368.0 small-vehicle 0
1044.0 199.0 1027.0 198.0 1028.0 161.0 1045.0 161.0 small-vehicle 0
1060.0 189.0 1047.0 191.0 1045.0 164.0 1059.0 162.0 small-vehicle 0
1077.0 194.0 1061.0 194.0 1061.0 158.0 1076.0 159.0 small-vehicle 0
1098.0 190.0 1082.0 191.0 1079.0 158.0 1097.0 156.0 small-vehicle 0
825.0 297.0 823.0 280.0 862.0 276.0 863.0 291.0 small-vehicle 0
822.0 314.0 822.0 297.0 863.0 295.0 862.0 310.0 small-vehicle 0
880.0 271.0 880.0 253.0 919.0 251.0 919.0 268.0 small-vehicle 0
883.0 290.0 883.0 274.0 925.0 273.0 925.0 288.0 small-vehicle 0
882.0 311.0 884.0 292.0 920.0 291.0 920.0 307.0 small-vehicle 0
886.0 327.0 886.0 312.0 918.0 310.0 920.0 326.0 small-vehicle 0
827.0 335.0 826.0 316.0 867.0 311.0 869.0 329.0 small-vehicle 0
831.0 353.0 831.0 337.0 866.0 334.0 866.0 351.0 small-vehicle 0
924.0 328.0 924.0 343.0 885.0 346.0 884.0 331.0 small-vehicle 0
924.0 347.0 926.0 364.0 887.0 365.0 887.0 348.0 small-vehicle 0
1038.0 335.0 1038.0 352.0 1003.0 351.0 1004.0 335.0 small-vehicle 0
835.0 389.0 834.0 372.0 866.0 372.0 866.0 387.0 small-vehicle 0
926.0 368.0 926.0 383.0 888.0 384.0 887.0 369.0 small-vehicle 0
956.0 264.0 952.0 247.0 990.0 242.0 993.0 257.0 small-vehicle 0
1001.0 259.0 997.0 243.0 1030.0 237.0 1033.0 252.0 small-vehicle 0
954.0 282.0 952.0 266.0 995.0 263.0 996.0 278.0 small-vehicle 0
1003.0 279.0 999.0 262.0 1032.0 258.0 1035.0 274.0 small-vehicle 0
956.0 302.0 955.0 285.0 989.0 285.0 989.0 300.0 small-vehicle 0
954.0 323.0 953.0 304.0 997.0 301.0 997.0 316.0 small-vehicle 0
964.0 338.0 962.0 324.0 993.0 321.0 994.0 334.0 small-vehicle 0
1029.0 279.0 1031.0 295.0 999.0 300.0 997.0 284.0 small-vehicle 0
1035.0 299.0 1037.0 315.0 1001.0 317.0 998.0 301.0 small-vehicle 0
1038.0 318.0 1038.0 334.0 997.0 335.0 999.0 317.0 small-vehicle 0
964.0 359.0 962.0 342.0 1001.0 340.0 1001.0 356.0 small-vehicle 0
974.0 492.0 975.0 474.0 1009.0 474.0 1008.0 492.0 small-vehicle 0
1019.0 489.0 1016.0 472.0 1056.0 466.0 1056.0 482.0 small-vehicle 0
1080.0 386.0 1079.0 370.0 1111.0 368.0 1113.0 384.0 small-vehicle 0
1188.0 587.0 1191.0 604.0 1152.0 608.0 1149.0 590.0 small-vehicle 0
979.0 587.0 976.0 568.0 1023.0 565.0 1024.0 584.0 small-vehicle 0
982.0 606.0 982.0 587.0 1025.0 587.0 1024.0 606.0 small-vehicle 0
1067.0 581.0 1068.0 597.0 1026.0 602.0 1024.0 585.0 small-vehicle 0
1091.0 519.0 1090.0 502.0 1129.0 500.0 1129.0 517.0 small-vehicle 0
1094.0 538.0 1093.0 520.0 1129.0 521.0 1128.0 536.0 small-vehicle 0
1097.0 558.0 1095.0 539.0 1131.0 537.0 1132.0 554.0 small-vehicle 0
1097.0 578.0 1095.0 558.0 1134.0 556.0 1136.0 574.0 small-vehicle 0
1099.0 597.0 1098.0 577.0 1136.0 575.0 1138.0 593.0 small-vehicle 0
1183.0 496.0 1185.0 510.0 1146.0 513.0 1144.0 498.0 small-vehicle 0
1178.0 516.0 1181.0 529.0 1151.0 535.0 1148.0 520.0 small-vehicle 0
1186.0 532.0 1187.0 546.0 1152.0 551.0 1150.0 535.0 small-vehicle 0
1185.0 553.0 1185.0 565.0 1154.0 569.0 1154.0 556.0 small-vehicle 0
1159.0 588.0 1156.0 572.0 1187.0 571.0 1188.0 585.0 small-vehicle 0
854.0 618.0 851.0 601.0 894.0 598.0 895.0 613.0 small-vehicle 0
1081.0 405.0 1082.0 388.0 1115.0 385.0 1117.0 402.0 small-vehicle 0
948.0 593.0 949.0 610.0 911.0 612.0 910.0 595.0 small-vehicle 0
987.0 626.0 984.0 609.0 1024.0 608.0 1024.0 624.0 small-vehicle 0
1066.0 601.0 1069.0 617.0 1028.0 621.0 1025.0 606.0 small-vehicle 0
1099.0 614.0 1097.0 597.0 1142.0 595.0 1141.0 611.0 small-vehicle 0
1158.0 628.0 1155.0 611.0 1195.0 607.0 1195.0 624.0 small-vehicle 0
854.0 637.0 853.0 621.0 898.0 617.0 898.0 635.0 small-vehicle 0
952.0 615.0 952.0 629.0 913.0 630.0 914.0 616.0 small-vehicle 0
989.0 645.0 988.0 626.0 1022.0 625.0 1023.0 642.0 small-vehicle 0
1035.0 640.0 1034.0 624.0 1065.0 621.0 1065.0 637.0 small-vehicle 0
1065.0 641.0 1065.0 656.0 1036.0 660.0 1034.0 644.0 small-vehicle 0
993.0 663.0 990.0 645.0 1029.0 644.0 1028.0 659.0 small-vehicle 0
855.0 656.0 856.0 639.0 895.0 639.0 895.0 655.0 small-vehicle 0
950.0 632.0 951.0 647.0 917.0 651.0 915.0 635.0 small-vehicle 0
1062.0 562.0 1063.0 579.0 1023.0 583.0 1022.0 565.0 small-vehicle 0
979.0 566.0 978.0 550.0 1020.0 548.0 1022.0 565.0 small-vehicle 0
1062.0 543.0 1063.0 559.0 1023.0 563.0 1021.0 549.0 small-vehicle 0
1058.0 524.0 1061.0 540.0 1025.0 546.0 1023.0 530.0 small-vehicle 0
1086.0 425.0 1084.0 408.0 1118.0 404.0 1119.0 420.0 small-vehicle 0
1088.0 444.0 1086.0 425.0 1120.0 423.0 1121.0 440.0 small-vehicle 0
1082.0 464.0 1082.0 445.0 1124.0 443.0 1125.0 460.0 small-vehicle 0
1090.0 479.0 1088.0 461.0 1123.0 461.0 1124.0 477.0 small-vehicle 0
1090.0 500.0 1088.0 483.0 1127.0 479.0 1129.0 494.0 small-vehicle 0
1170.0 380.0 1173.0 396.0 1135.0 401.0 1132.0 387.0 small-vehicle 0
1172.0 402.0 1174.0 417.0 1139.0 421.0 1137.0 405.0 small-vehicle 0
1174.0 418.0 1175.0 433.0 1139.0 438.0 1136.0 423.0 small-vehicle 0
1173.0 438.0 1173.0 452.0 1142.0 455.0 1140.0 441.0 small-vehicle 0
1178.0 454.0 1179.0 471.0 1142.0 472.0 1140.0 456.0 small-vehicle 0
1181.0 475.0 1182.0 491.0 1140.0 494.0 1139.0 479.0 small-vehicle 0
847.0 504.0 847.0 487.0 876.0 485.0 875.0 501.0 small-vehicle 0
847.0 523.0 845.0 506.0 884.0 503.0 884.0 519.0 small-vehicle 0
934.0 500.0 936.0 515.0 908.0 515.0 909.0 500.0 small-vehicle 0
941.0 518.0 941.0 535.0 902.0 537.0 902.0 520.0 small-vehicle 0
849.0 540.0 850.0 522.0 883.0 524.0 880.0 540.0 small-vehicle 0
853.0 562.0 852.0 542.0 884.0 541.0 885.0 558.0 small-vehicle 0
906.0 556.0 906.0 538.0 946.0 537.0 947.0 553.0 small-vehicle 0
908.0 575.0 907.0 558.0 946.0 558.0 946.0 574.0 small-vehicle 0
852.0 581.0 851.0 563.0 890.0 560.0 890.0 578.0 small-vehicle 0
911.0 594.0 909.0 577.0 948.0 574.0 948.0 592.0 small-vehicle 0
855.0 601.0 853.0 584.0 894.0 579.0 894.0 597.0 small-vehicle 0
979.0 512.0 975.0 494.0 1016.0 490.0 1017.0 507.0 small-vehicle 0
1022.0 506.0 1020.0 489.0 1052.0 488.0 1053.0 503.0 small-vehicle 0
974.0 531.0 972.0 512.0 1016.0 511.0 1016.0 529.0 small-vehicle 0
1057.0 507.0 1058.0 523.0 1018.0 526.0 1016.0 510.0 small-vehicle 0
978.0 549.0 977.0 530.0 1018.0 532.0 1018.0 549.0 small-vehicle 0
211.0 304.0 223.0 314.0 191.0 343.0 181.0 331.0 small-vehicle 0
