imagesource:GoogleEarth
gsd:0.250932667632
102.0 419.0 95.0 426.0 81.0 413.0 87.0 407.0 small-vehicle 1
212.0 308.0 205.0 314.0 173.0 280.0 179.0 274.0 large-vehicle 0
92.0 375.0 100.0 368.0 130.0 403.0 122.0 410.0 large-vehicle 0
108.0 353.0 116.0 345.0 148.0 381.0 140.0 388.0 large-vehicle 0
117.0 342.0 125.0 334.0 157.0 370.0 149.0 376.0 large-vehicle 0
140.0 310.0 133.0 316.0 101.0 282.0 107.0 275.0 large-vehicle 0
149.0 298.0 140.0 305.0 111.0 269.0 118.0 262.0 large-vehicle 0
178.0 315.0 170.0 321.0 148.0 293.0 156.0 286.0 large-vehicle 0
162.0 288.0 170.0 281.0 200.0 315.0 192.0 323.0 large-vehicle 0
219.0 297.0 212.0 304.0 182.0 269.0 189.0 264.0 large-vehicle 0
107.0 408.0 99.0 417.0 84.0 406.0 88.0 396.0 small-vehicle 1
176.0 270.0 167.0 276.0 135.0 241.0 143.0 234.0 large-vehicle 0
185.0 257.0 176.0 263.0 145.0 225.0 153.0 220.0 large-vehicle 0
219.0 275.0 211.0 282.0 180.0 247.0 188.0 241.0 large-vehicle 0
216.0 355.0 222.0 362.0 185.0 391.0 179.0 382.0 large-vehicle 0
227.0 360.0 220.0 351.0 257.0 324.0 264.0 332.0 large-vehicle 0
383.0 369.0 388.0 376.0 332.0 422.0 325.0 414.0 large-vehicle 0
111.0 398.0 102.0 408.0 89.0 393.0 99.0 385.0 small-vehicle 1
95.0 366.0 86.0 372.0 61.0 332.0 69.0 327.0 large-vehicle 0
