imagesource:GoogleEarth
gsd:0.122457656658
702.0 28.0 716.0 29.0 716.0 59.0 701.0 59.0 small-vehicle 1
346.0 637.0 350.0 661.0 186.0 675.0 183.0 651.0 large-vehicle 0
366.0 582.0 366.0 605.0 206.0 610.0 206.0 586.0 large-vehicle 0
351.0 552.0 351.0 576.0 209.0 580.0 209.0 556.0 large-vehicle 0
351.0 530.0 350.0 552.0 207.0 551.0 207.0 532.0 large-vehicle 0
351.0 492.0 355.0 515.0 210.0 519.0 210.0 496.0 large-vehicle 0
350.0 457.0 352.0 482.0 200.0 492.0 197.0 468.0 large-vehicle 0
189.0 460.0 187.0 439.0 328.0 426.0 328.0 448.0 large-vehicle 0
347.0 396.0 350.0 417.0 212.0 427.0 210.0 405.0 large-vehicle 0
367.0 361.0 369.0 384.0 223.0 394.0 220.0 373.0 large-vehicle 0
346.0 331.0 348.0 351.0 220.0 364.0 217.0 342.0 large-vehicle 0
347.0 305.0 350.0 326.0 205.0 333.0 203.0 312.0 large-vehicle 0
205.0 305.0 205.0 284.0 327.0 279.0 327.0 299.0 large-vehicle 0
356.0 237.0 359.0 260.0 214.0 275.0 210.0 252.0 large-vehicle 0
352.0 206.0 356.0 228.0 214.0 243.0 211.0 220.0 large-vehicle 0
345.0 173.0 350.0 190.0 210.0 213.0 206.0 195.0 large-vehicle 0
355.0 131.0 360.0 150.0 219.0 181.0 214.0 159.0 large-vehicle 0
352.0 608.0 351.0 632.0 205.0 636.0 203.0 612.0 large-vehicle 0
177.0 717.0 172.0 696.0 320.0 672.0 322.0 692.0 large-vehicle 0
64.0 177.0 69.0 189.0 37.0 204.0 33.0 193.0 small-vehicle 1
346.0 698.0 348.0 721.0 189.0 744.0 186.0 724.0 large-vehicle 0
626.0 317.0 626.0 335.0 582.0 332.0 583.0 315.0 small-vehicle 0
389.0 563.0 368.0 563.0 368.0 518.0 387.0 520.0 small-vehicle 0
727.0 40.0 726.0 24.0 761.0 22.0 762.0 37.0 small-vehicle 1
1023.0 724.0 1050.0 720.0 1076.0 875.0 1048.0 880.0 large-vehicle 0
994.0 720.0 1018.0 715.0 1043.0 869.0 1012.0 871.0 large-vehicle 0
931.0 707.0 965.0 706.0 978.0 857.0 945.0 859.0 large-vehicle 0
895.0 705.0 927.0 702.0 943.0 856.0 912.0 857.0 large-vehicle 0
650.0 758.0 675.0 754.0 697.0 876.0 671.0 880.0 large-vehicle 0
609.0 715.0 632.0 709.0 666.0 869.0 641.0 873.0 large-vehicle 0
581.0 719.0 604.0 714.0 633.0 865.0 609.0 873.0 large-vehicle 0
552.0 734.0 575.0 729.0 603.0 875.0 577.0 878.0 large-vehicle 0
534.0 758.0 557.0 754.0 579.0 878.0 554.0 883.0 large-vehicle 0
501.0 745.0 525.0 740.0 545.0 875.0 519.0 880.0 large-vehicle 0
376.0 737.0 406.0 733.0 421.0 881.0 390.0 888.0 large-vehicle 0
339.0 738.0 362.0 752.0 282.0 873.0 257.0 860.0 large-vehicle 0
206.0 146.0 201.0 126.0 339.0 94.0 345.0 117.0 large-vehicle 0
