imagesource:GoogleEarth
gsd:0.278806852666
28.0 86.0 27.0 95.0 11.0 92.0 12.0 84.0 small-vehicle 1
32.0 77.0 30.0 85.0 14.0 81.0 17.0 74.0 small-vehicle 1
303.0 234.0 344.0 243.0 327.0 328.0 285.0 318.0 tennis-court 0
368.0 246.0 409.0 255.0 391.0 341.0 350.0 332.0 tennis-court 0
438.0 261.0 480.0 270.0 461.0 356.0 421.0 347.0 tennis-court 0
502.0 274.0 544.0 283.0 527.0 368.0 486.0 360.0 tennis-court 0
567.0 287.0 609.0 296.0 591.0 382.0 549.0 373.0 tennis-court 0
532.0 454.0 574.0 462.0 557.0 548.0 514.0 540.0 tennis-court 0
468.0 441.0 509.0 450.0 492.0 535.0 450.0 527.0 tennis-court 0
404.0 428.0 445.0 435.0 427.0 522.0 385.0 513.0 tennis-court 0
333.0 413.0 374.0 421.0 356.0 507.0 315.0 498.0 tennis-court 0
268.0 399.0 311.0 408.0 293.0 494.0 250.0 486.0 tennis-court 0
204.0 387.0 245.0 396.0 227.0 481.0 186.0 472.0 tennis-court 0
391.0 84.0 383.0 82.0 387.0 66.0 395.0 67.0 small-vehicle 1
405.0 71.0 415.0 71.0 412.0 90.0 402.0 89.0 small-vehicle 1
369.0 93.0 380.0 93.0 376.0 111.0 367.0 110.0 small-vehicle 1
355.0 111.0 346.0 107.0 352.0 90.0 360.0 92.0 small-vehicle 1
41.0 31.0 39.0 39.0 24.0 35.0 25.0 28.0 small-vehicle 1
38.0 39.0 36.0 48.0 17.0 45.0 19.0 36.0 small-vehicle 1
39.0 50.0 33.0 58.0 15.0 53.0 18.0 45.0 small-vehicle 1
35.0 58.0 35.0 67.0 19.0 63.0 22.0 56.0 small-vehicle 1
239.0 219.0 280.0 228.0 262.0 314.0 221.0 305.0 tennis-court 0
