imagesource:GoogleEarth
gsd:0.139009506146
645.0 70.0 645.0 85.0 609.0 83.0 610.0 65.0 small-vehicle 0
300.0 924.0 301.0 948.0 209.0 956.0 207.0 933.0 large-vehicle 0
468.0 673.0 467.0 697.0 375.0 689.0 376.0 668.0 large-vehicle 0
280.0 688.0 281.0 710.0 189.0 718.0 188.0 696.0 large-vehicle 0
282.0 712.0 283.0 734.0 192.0 739.0 190.0 718.0 large-vehicle 0
281.0 734.0 280.0 758.0 191.0 762.0 191.0 741.0 large-vehicle 0
285.0 773.0 285.0 796.0 194.0 801.0 192.0 779.0 large-vehicle 0
284.0 799.0 285.0 821.0 196.0 828.0 195.0 806.0 large-vehicle 0
389.0 778.0 412.0 777.0 421.0 909.0 396.0 908.0 large-vehicle 0
294.0 841.0 293.0 862.0 203.0 868.0 201.0 847.0 large-vehicle 0
292.0 863.0 292.0 885.0 202.0 892.0 201.0 869.0 large-vehicle 0
470.0 963.0 471.0 982.0 379.0 985.0 377.0 965.0 large-vehicle 0
337.0 1481.0 318.0 1483.0 312.0 1391.0 334.0 1390.0 large-vehicle 0
305.0 996.0 306.0 1019.0 212.0 1022.0 211.0 1000.0 large-vehicle 0
249.0 1050.0 272.0 1046.0 286.0 1177.0 264.0 1181.0 large-vehicle 0
221.0 1055.0 248.0 1051.0 262.0 1182.0 236.0 1187.0 large-vehicle 0
266.0 1187.0 289.0 1182.0 298.0 1271.0 277.0 1276.0 large-vehicle 0
241.0 1190.0 266.0 1186.0 275.0 1276.0 250.0 1279.0 large-vehicle 0
294.0 1298.0 318.0 1292.0 330.0 1383.0 307.0 1386.0 large-vehicle 0
379.0 1282.0 400.0 1283.0 391.0 1415.0 369.0 1413.0 large-vehicle 0
411.0 1280.0 435.0 1283.0 417.0 1415.0 393.0 1411.0 large-vehicle 0
432.0 1283.0 456.0 1286.0 449.0 1419.0 425.0 1418.0 large-vehicle 0
467.0 651.0 466.0 672.0 377.0 664.0 378.0 643.0 large-vehicle 0
469.0 628.0 469.0 651.0 380.0 643.0 381.0 622.0 large-vehicle 0
472.0 599.0 471.0 621.0 377.0 614.0 379.0 592.0 large-vehicle 0
488.0 517.0 488.0 544.0 387.0 542.0 388.0 518.0 large-vehicle 0
343.0 225.0 320.0 224.0 324.0 132.0 345.0 133.0 large-vehicle 0
366.0 225.0 345.0 223.0 351.0 133.0 371.0 134.0 large-vehicle 0
387.0 233.0 366.0 231.0 372.0 140.0 393.0 141.0 large-vehicle 0
411.0 224.0 389.0 223.0 395.0 133.0 416.0 134.0 large-vehicle 0
454.0 230.0 432.0 227.0 439.0 138.0 461.0 138.0 large-vehicle 0
479.0 230.0 457.0 230.0 461.0 141.0 481.0 141.0 large-vehicle 0
501.0 231.0 480.0 231.0 481.0 141.0 503.0 141.0 large-vehicle 0
285.0 221.0 276.0 240.0 196.0 200.0 205.0 182.0 large-vehicle 0
276.0 249.0 265.0 267.0 188.0 223.0 197.0 205.0 large-vehicle 0
268.0 274.0 257.0 294.0 180.0 249.0 190.0 230.0 large-vehicle 0
264.0 299.0 254.0 317.0 177.0 273.0 186.0 254.0 large-vehicle 0
268.0 367.0 260.0 389.0 178.0 347.0 186.0 327.0 large-vehicle 0
412.0 416.0 414.0 391.0 504.0 399.0 501.0 421.0 large-vehicle 0
402.0 457.0 403.0 435.0 491.0 437.0 490.0 459.0 large-vehicle 0
187.0 376.0 197.0 357.0 278.0 396.0 268.0 415.0 large-vehicle 0
190.0 406.0 200.0 387.0 279.0 431.0 267.0 450.0 large-vehicle 0
269.0 476.0 260.0 495.0 179.0 451.0 189.0 433.0 large-vehicle 0
267.0 501.0 256.0 520.0 177.0 476.0 188.0 457.0 large-vehicle 0
266.0 546.0 254.0 564.0 176.0 524.0 186.0 505.0 large-vehicle 0
430.0 1429.0 453.0 1436.0 431.0 1525.0 410.0 1521.0 large-vehicle 0
310.0 1480.0 286.0 1476.0 290.0 1386.0 314.0 1386.0 large-vehicle 0
489.0 58.0 488.0 79.0 444.0 77.0 444.0 55.0 small-vehicle 0
687.0 1342.0 706.0 1344.0 701.0 1379.0 681.0 1376.0 small-vehicle 0
721.0 1479.0 705.0 1479.0 705.0 1436.0 723.0 1437.0 small-vehicle 0
738.0 1478.0 723.0 1477.0 727.0 1439.0 742.0 1441.0 small-vehicle 0
793.0 1478.0 777.0 1478.0 781.0 1440.0 795.0 1441.0 small-vehicle 0
517.0 1340.0 532.0 1341.0 530.0 1374.0 516.0 1373.0 small-vehicle 0
537.0 1337.0 553.0 1339.0 552.0 1374.0 535.0 1372.0 small-vehicle 0
557.0 1338.0 572.0 1339.0 569.0 1366.0 555.0 1364.0 small-vehicle 0
574.0 1339.0 591.0 1339.0 588.0 1374.0 569.0 1371.0 small-vehicle 0
628.0 1346.0 647.0 1347.0 643.0 1384.0 626.0 1382.0 small-vehicle 0
647.0 1346.0 667.0 1346.0 666.0 1379.0 649.0 1377.0 small-vehicle 0
708.0 1346.0 726.0 1348.0 723.0 1387.0 707.0 1385.0 small-vehicle 0
216.0 76.0 228.0 91.0 196.0 114.0 185.0 99.0 small-vehicle 0
663.0 298.0 649.0 296.0 652.0 261.0 667.0 262.0 small-vehicle 0
704.0 302.0 688.0 302.0 689.0 265.0 706.0 266.0 small-vehicle 0
727.0 302.0 709.0 301.0 708.0 261.0 728.0 263.0 small-vehicle 0
763.0 303.0 746.0 302.0 748.0 263.0 764.0 265.0 small-vehicle 0
571.0 182.0 553.0 180.0 556.0 146.0 572.0 147.0 small-vehicle 0
606.0 189.0 591.0 187.0 594.0 153.0 610.0 154.0 small-vehicle 0
662.0 190.0 642.0 189.0 646.0 150.0 665.0 153.0 small-vehicle 0
683.0 185.0 664.0 183.0 668.0 153.0 684.0 153.0 small-vehicle 0
735.0 197.0 721.0 196.0 724.0 161.0 739.0 164.0 small-vehicle 0
667.0 1437.0 689.0 1439.0 687.0 1479.0 668.0 1477.0 small-vehicle 0
649.0 1441.0 668.0 1443.0 664.0 1478.0 646.0 1475.0 small-vehicle 0
611.0 1441.0 629.0 1442.0 626.0 1477.0 610.0 1474.0 small-vehicle 0
575.0 1435.0 593.0 1436.0 592.0 1470.0 573.0 1468.0 small-vehicle 0
268.0 41.0 267.0 57.0 233.0 54.0 235.0 37.0 small-vehicle 0
89.0 831.0 65.0 832.0 63.0 763.0 85.0 763.0 small-vehicle 0
527.0 1559.0 545.0 1561.0 541.0 1594.0 525.0 1593.0 small-vehicle 0
561.0 1599.0 547.0 1598.0 550.0 1566.0 564.0 1568.0 small-vehicle 0
617.0 1609.0 602.0 1607.0 607.0 1570.0 622.0 1573.0 small-vehicle 0
621.0 1567.0 640.0 1567.0 637.0 1608.0 620.0 1607.0 small-vehicle 0
675.0 1610.0 659.0 1605.0 670.0 1567.0 686.0 1572.0 small-vehicle 0
714.0 1609.0 696.0 1608.0 698.0 1569.0 715.0 1571.0 small-vehicle 0
750.0 1610.0 735.0 1609.0 738.0 1573.0 755.0 1576.0 small-vehicle 0
741.0 1481.0 756.0 1481.0 754.0 1519.0 740.0 1518.0 small-vehicle 0
776.0 1516.0 759.0 1515.0 760.0 1479.0 776.0 1481.0 small-vehicle 0
700.0 1514.0 685.0 1511.0 688.0 1477.0 703.0 1479.0 small-vehicle 0
644.0 1515.0 627.0 1512.0 631.0 1478.0 646.0 1479.0 small-vehicle 0
612.0 1477.0 628.0 1478.0 625.0 1513.0 609.0 1511.0 small-vehicle 0
591.0 1475.0 610.0 1475.0 607.0 1512.0 589.0 1511.0 small-vehicle 0
574.0 1471.0 592.0 1471.0 590.0 1509.0 572.0 1508.0 small-vehicle 0
553.0 1474.0 569.0 1474.0 567.0 1507.0 551.0 1506.0 small-vehicle 0
533.0 1471.0 551.0 1471.0 546.0 1504.0 531.0 1502.0 small-vehicle 0
553.0 1433.0 571.0 1433.0 570.0 1466.0 552.0 1464.0 small-vehicle 0
319.0 222.0 298.0 222.0 302.0 132.0 322.0 131.0 large-vehicle 0
