imagesource:GoogleEarth
gsd:0.244710548876
487.0 621.0 480.0 630.0 465.0 616.0 473.0 607.0 small-vehicle 1
306.0 464.0 307.0 476.0 266.0 476.0 268.0 464.0 large-vehicle 0
307.0 489.0 307.0 500.0 268.0 502.0 268.0 491.0 large-vehicle 0
306.0 503.0 306.0 513.0 266.0 516.0 266.0 504.0 large-vehicle 0
307.0 515.0 307.0 525.0 269.0 527.0 269.0 517.0 large-vehicle 0
305.0 528.0 305.0 539.0 268.0 542.0 268.0 530.0 large-vehicle 0
305.0 539.0 305.0 552.0 269.0 554.0 268.0 542.0 large-vehicle 0
305.0 551.0 305.0 565.0 267.0 567.0 268.0 555.0 large-vehicle 0
307.0 565.0 305.0 577.0 268.0 580.0 267.0 567.0 large-vehicle 0
304.0 577.0 305.0 589.0 268.0 592.0 268.0 581.0 large-vehicle 0
425.0 577.0 422.0 590.0 379.0 586.0 381.0 573.0 large-vehicle 0
402.0 555.0 404.0 567.0 367.0 570.0 367.0 557.0 large-vehicle 0
425.0 518.0 435.0 518.0 435.0 560.0 424.0 560.0 large-vehicle 0
444.0 523.0 455.0 522.0 457.0 564.0 445.0 565.0 large-vehicle 0
336.0 557.0 336.0 545.0 377.0 544.0 377.0 555.0 large-vehicle 0
337.0 544.0 337.0 532.0 377.0 532.0 377.0 542.0 large-vehicle 0
337.0 531.0 335.0 520.0 377.0 520.0 377.0 530.0 large-vehicle 0
337.0 520.0 337.0 507.0 377.0 507.0 378.0 518.0 large-vehicle 0
338.0 505.0 337.0 495.0 378.0 493.0 378.0 505.0 large-vehicle 0
337.0 493.0 337.0 482.0 377.0 480.0 377.0 492.0 large-vehicle 0
339.0 482.0 337.0 470.0 378.0 468.0 378.0 480.0 large-vehicle 0
337.0 467.0 337.0 455.0 377.0 455.0 377.0 466.0 large-vehicle 0
338.0 455.0 338.0 443.0 378.0 443.0 378.0 455.0 large-vehicle 0
339.0 442.0 339.0 432.0 379.0 430.0 379.0 442.0 large-vehicle 0
340.0 432.0 339.0 420.0 380.0 417.0 379.0 429.0 large-vehicle 0
307.0 476.0 308.0 489.0 268.0 488.0 269.0 477.0 large-vehicle 0
306.0 450.0 306.0 463.0 270.0 463.0 271.0 451.0 large-vehicle 0
339.0 392.0 339.0 380.0 381.0 380.0 381.0 392.0 large-vehicle 0
306.0 436.0 305.0 449.0 269.0 449.0 270.0 438.0 large-vehicle 0
266.0 246.0 279.0 246.0 279.0 288.0 266.0 288.0 large-vehicle 0
279.0 244.0 293.0 244.0 293.0 288.0 279.0 288.0 large-vehicle 0
292.0 246.0 303.0 246.0 303.0 290.0 292.0 290.0 large-vehicle 0
303.0 246.0 314.0 246.0 314.0 290.0 303.0 290.0 large-vehicle 0
316.0 246.0 327.0 246.0 327.0 289.0 316.0 289.0 large-vehicle 0
329.0 248.0 340.0 248.0 340.0 290.0 329.0 290.0 large-vehicle 0
341.0 247.0 352.0 247.0 352.0 289.0 341.0 289.0 large-vehicle 0
353.0 246.0 366.0 246.0 366.0 290.0 353.0 290.0 large-vehicle 0
366.0 248.0 378.0 248.0 378.0 290.0 366.0 290.0 large-vehicle 0
379.0 249.0 392.0 249.0 392.0 291.0 379.0 291.0 large-vehicle 0
393.0 247.0 404.0 247.0 404.0 291.0 393.0 291.0 large-vehicle 0
724.0 282.0 738.0 282.0 738.0 326.0 724.0 326.0 large-vehicle 0
738.0 286.0 752.0 286.0 752.0 327.0 738.0 327.0 large-vehicle 0
768.0 281.0 782.0 281.0 782.0 327.0 768.0 327.0 large-vehicle 0
784.0 286.0 797.0 286.0 797.0 327.0 784.0 327.0 large-vehicle 0
799.0 283.0 811.0 283.0 811.0 328.0 799.0 328.0 large-vehicle 0
814.0 284.0 826.0 284.0 826.0 328.0 814.0 328.0 large-vehicle 0
828.0 283.0 839.0 283.0 839.0 328.0 828.0 328.0 large-vehicle 0
310.0 323.0 308.0 335.0 273.0 334.0 273.0 322.0 large-vehicle 0
308.0 334.0 309.0 347.0 273.0 348.0 272.0 336.0 large-vehicle 0
309.0 349.0 307.0 360.0 273.0 361.0 272.0 349.0 large-vehicle 0
308.0 360.0 309.0 372.0 272.0 372.0 271.0 362.0 large-vehicle 0
308.0 398.0 306.0 410.0 271.0 410.0 271.0 401.0 large-vehicle 0
340.0 405.0 339.0 392.0 380.0 394.0 380.0 405.0 large-vehicle 0
340.0 380.0 340.0 370.0 380.0 367.0 380.0 380.0 large-vehicle 0
783.0 278.0 783.0 267.0 801.0 266.0 800.0 279.0 small-vehicle 1
472.0 443.0 471.0 432.0 512.0 432.0 512.0 444.0 large-vehicle 0
469.0 417.0 470.0 404.0 510.0 406.0 510.0 419.0 large-vehicle 0
472.0 403.0 470.0 390.0 511.0 392.0 511.0 403.0 large-vehicle 0
472.0 390.0 472.0 378.0 511.0 378.0 512.0 390.0 large-vehicle 0
470.0 377.0 470.0 365.0 512.0 365.0 512.0 376.0 large-vehicle 0
471.0 364.0 472.0 352.0 511.0 352.0 512.0 364.0 large-vehicle 0
472.0 349.0 472.0 337.0 512.0 337.0 512.0 350.0 large-vehicle 0
470.0 335.0 470.0 324.0 512.0 323.0 512.0 337.0 large-vehicle 0
860.0 331.0 846.0 332.0 846.0 265.0 857.0 265.0 large-vehicle 0
448.0 94.0 448.0 105.0 365.0 107.0 365.0 94.0 large-vehicle 0
308.0 374.0 309.0 387.0 272.0 386.0 272.0 374.0 large-vehicle 0
309.0 386.0 309.0 401.0 272.0 399.0 272.0 387.0 large-vehicle 0
308.0 425.0 307.0 438.0 270.0 438.0 270.0 425.0 large-vehicle 0
308.0 410.0 308.0 423.0 271.0 423.0 271.0 411.0 large-vehicle 0
338.0 417.0 338.0 406.0 380.0 405.0 378.0 417.0 large-vehicle 0
591.0 156.0 600.0 157.0 601.0 178.0 593.0 177.0 small-vehicle 1
629.0 159.0 637.0 159.0 637.0 180.0 628.0 179.0 small-vehicle 1
653.0 182.0 644.0 181.0 644.0 156.0 655.0 155.0 small-vehicle 1
566.0 179.0 555.0 178.0 557.0 156.0 566.0 156.0 small-vehicle 1
553.0 179.0 544.0 179.0 544.0 157.0 554.0 157.0 small-vehicle 1
519.0 178.0 509.0 177.0 508.0 156.0 519.0 157.0 small-vehicle 1
884.0 224.0 885.0 236.0 865.0 236.0 863.0 223.0 small-vehicle 1
838.0 183.0 827.0 184.0 827.0 159.0 837.0 160.0 small-vehicle 1
491.0 275.0 480.0 275.0 482.0 249.0 492.0 249.0 small-vehicle 1
470.0 431.0 470.0 417.0 510.0 417.0 511.0 430.0 large-vehicle 0
470.0 458.0 470.0 446.0 510.0 445.0 510.0 458.0 large-vehicle 0
341.0 369.0 340.0 357.0 380.0 355.0 381.0 367.0 large-vehicle 0
470.0 497.0 469.0 486.0 510.0 486.0 510.0 497.0 large-vehicle 0
340.0 356.0 339.0 345.0 381.0 343.0 382.0 355.0 large-vehicle 0
420.0 343.0 420.0 353.0 382.0 355.0 382.0 343.0 large-vehicle 0
420.0 354.0 420.0 365.0 382.0 368.0 382.0 355.0 large-vehicle 0
420.0 367.0 420.0 379.0 383.0 380.0 382.0 370.0 large-vehicle 0
421.0 379.0 421.0 390.0 383.0 392.0 383.0 380.0 large-vehicle 0
421.0 392.0 422.0 402.0 383.0 406.0 382.0 393.0 large-vehicle 0
420.0 403.0 420.0 415.0 381.0 418.0 381.0 404.0 large-vehicle 0
419.0 415.0 420.0 428.0 380.0 429.0 381.0 414.0 large-vehicle 0
418.0 430.0 418.0 441.0 382.0 442.0 381.0 430.0 large-vehicle 0
418.0 442.0 420.0 452.0 381.0 454.0 380.0 444.0 large-vehicle 0
417.0 453.0 418.0 466.0 380.0 469.0 380.0 455.0 large-vehicle 0
417.0 467.0 415.0 479.0 382.0 480.0 382.0 469.0 large-vehicle 0
417.0 479.0 417.0 492.0 379.0 493.0 379.0 481.0 large-vehicle 0
415.0 492.0 415.0 503.0 380.0 507.0 380.0 494.0 large-vehicle 0
415.0 507.0 415.0 517.0 379.0 519.0 380.0 507.0 large-vehicle 0
415.0 517.0 415.0 529.0 380.0 532.0 378.0 520.0 large-vehicle 0
415.0 530.0 416.0 541.0 379.0 543.0 380.0 531.0 large-vehicle 0
417.0 542.0 417.0 552.0 379.0 555.0 379.0 545.0 large-vehicle 0
466.0 565.0 467.0 552.0 507.0 556.0 507.0 570.0 large-vehicle 0
467.0 552.0 468.0 540.0 510.0 541.0 508.0 553.0 large-vehicle 0
467.0 540.0 467.0 526.0 507.0 528.0 507.0 540.0 large-vehicle 0
467.0 525.0 469.0 514.0 510.0 515.0 510.0 527.0 large-vehicle 0
469.0 510.0 470.0 500.0 509.0 502.0 510.0 513.0 large-vehicle 0
253.0 250.0 265.0 250.0 265.0 292.0 253.0 292.0 large-vehicle 0
