imagesource:GoogleEarth
gsd:0.136109711481
326.0 352.0 318.0 340.0 350.0 317.0 358.0 331.0 small-vehicle 1
853.0 452.0 872.0 440.0 924.0 527.0 904.0 539.0 large-vehicle 0
930.0 509.0 916.0 485.0 1007.0 433.0 1021.0 454.0 large-vehicle 0
917.0 485.0 904.0 461.0 992.0 409.0 1007.0 431.0 large-vehicle 0
896.0 468.0 881.0 444.0 969.0 389.0 984.0 411.0 large-vehicle 0
891.0 438.0 878.0 412.0 963.0 366.0 978.0 392.0 large-vehicle 0
880.0 410.0 867.0 387.0 960.0 337.0 971.0 359.0 large-vehicle 0
865.0 390.0 853.0 369.0 941.0 323.0 951.0 343.0 large-vehicle 0
857.0 367.0 846.0 344.0 931.0 299.0 944.0 321.0 large-vehicle 0
845.0 346.0 832.0 323.0 919.0 276.0 932.0 298.0 large-vehicle 0
830.0 325.0 815.0 300.0 904.0 249.0 919.0 274.0 large-vehicle 0
811.0 299.0 800.0 276.0 883.0 230.0 895.0 252.0 large-vehicle 0
803.0 274.0 791.0 252.0 877.0 201.0 889.0 224.0 large-vehicle 0
788.0 252.0 777.0 227.0 868.0 177.0 881.0 198.0 large-vehicle 0
776.0 230.0 762.0 205.0 851.0 153.0 865.0 176.0 large-vehicle 0
1394.0 1210.0 1372.0 1223.0 1330.0 1143.0 1353.0 1131.0 large-vehicle 0
1418.0 1188.0 1399.0 1199.0 1355.0 1112.0 1375.0 1102.0 large-vehicle 0
1428.0 1155.0 1408.0 1163.0 1372.0 1071.0 1394.0 1062.0 large-vehicle 0
1336.0 891.0 1342.0 865.0 1438.0 892.0 1432.0 917.0 large-vehicle 0
1311.0 816.0 1315.0 794.0 1406.0 814.0 1404.0 836.0 large-vehicle 0
1276.0 781.0 1281.0 756.0 1378.0 780.0 1375.0 802.0 large-vehicle 0
1273.0 746.0 1280.0 723.0 1375.0 750.0 1369.0 771.0 large-vehicle 0
1233.0 708.0 1232.0 683.0 1333.0 685.0 1333.0 708.0 large-vehicle 0
1207.0 675.0 1208.0 648.0 1313.0 650.0 1311.0 675.0 large-vehicle 0
1185.0 643.0 1187.0 616.0 1292.0 616.0 1291.0 641.0 large-vehicle 0
953.0 535.0 936.0 511.0 1022.0 456.0 1037.0 481.0 large-vehicle 0
821.0 481.0 843.0 470.0 891.0 556.0 869.0 568.0 large-vehicle 0
1160.0 588.0 1161.0 563.0 1267.0 563.0 1267.0 587.0 large-vehicle 0
1021.0 641.0 1043.0 631.0 1085.0 712.0 1066.0 722.0 large-vehicle 0
206.0 617.0 189.0 629.0 133.0 542.0 153.0 531.0 large-vehicle 0
206.0 499.0 227.0 485.0 288.0 573.0 266.0 589.0 large-vehicle 0
315.0 549.0 296.0 564.0 233.0 478.0 253.0 463.0 large-vehicle 0
572.0 312.0 584.0 333.0 492.0 383.0 481.0 361.0 large-vehicle 0
583.0 339.0 596.0 361.0 510.0 410.0 496.0 390.0 large-vehicle 0
319.0 855.0 296.0 869.0 244.0 775.0 266.0 762.0 large-vehicle 0
374.0 949.0 352.0 961.0 300.0 870.0 321.0 857.0 large-vehicle 0
403.0 981.0 424.0 970.0 467.0 1052.0 447.0 1064.0 large-vehicle 0
436.0 967.0 458.0 954.0 506.0 1036.0 484.0 1049.0 large-vehicle 0
579.0 302.0 599.0 289.0 650.0 374.0 632.0 386.0 large-vehicle 0
607.0 283.0 627.0 272.0 676.0 360.0 657.0 371.0 large-vehicle 0
631.0 271.0 655.0 258.0 706.0 349.0 684.0 363.0 large-vehicle 0
534.0 436.0 521.0 415.0 607.0 362.0 619.0 384.0 large-vehicle 0
550.0 461.0 537.0 439.0 628.0 390.0 640.0 411.0 large-vehicle 0
556.0 491.0 546.0 470.0 630.0 428.0 639.0 450.0 large-vehicle 0
571.0 524.0 561.0 502.0 644.0 456.0 655.0 477.0 large-vehicle 0
592.0 554.0 581.0 533.0 661.0 487.0 671.0 508.0 large-vehicle 0
659.0 675.0 649.0 653.0 736.0 611.0 745.0 631.0 large-vehicle 0
682.0 706.0 666.0 686.0 741.0 636.0 753.0 656.0 large-vehicle 0
723.0 798.0 710.0 776.0 796.0 728.0 809.0 748.0 large-vehicle 0
746.0 831.0 733.0 808.0 821.0 751.0 836.0 775.0 large-vehicle 0
997.0 703.0 1015.0 691.0 1053.0 760.0 1036.0 771.0 large-vehicle 0
996.0 652.0 1016.0 642.0 1068.0 734.0 1050.0 747.0 large-vehicle 0
1170.0 616.0 1172.0 589.0 1277.0 589.0 1278.0 614.0 large-vehicle 0
1134.0 561.0 1135.0 537.0 1234.0 538.0 1234.0 562.0 large-vehicle 0
232.0 402.0 224.0 390.0 259.0 369.0 267.0 383.0 small-vehicle 1
1034.0 364.0 1043.0 380.0 1016.0 400.0 1005.0 383.0 small-vehicle 0
1117.0 364.0 1108.0 347.0 1145.0 326.0 1154.0 343.0 small-vehicle 0
1124.0 384.0 1113.0 367.0 1154.0 344.0 1163.0 361.0 small-vehicle 0
1024.0 418.0 1014.0 403.0 1044.0 385.0 1054.0 399.0 small-vehicle 0
1053.0 402.0 1063.0 418.0 1029.0 440.0 1020.0 425.0 small-vehicle 0
1143.0 394.0 1134.0 377.0 1163.0 360.0 1172.0 377.0 small-vehicle 0
1154.0 414.0 1145.0 396.0 1173.0 377.0 1182.0 393.0 small-vehicle 0
1163.0 430.0 1153.0 414.0 1180.0 393.0 1191.0 407.0 small-vehicle 0
1159.0 446.0 1160.0 425.0 1205.0 433.0 1203.0 452.0 small-vehicle 0
1158.0 468.0 1158.0 447.0 1198.0 451.0 1198.0 470.0 small-vehicle 0
948.0 1112.0 932.0 1123.0 916.0 1086.0 932.0 1078.0 small-vehicle 0
1005.0 1077.0 996.0 1060.0 1032.0 1042.0 1040.0 1058.0 small-vehicle 0
1033.0 1112.0 1018.0 1094.0 1051.0 1073.0 1061.0 1092.0 small-vehicle 0
900.0 1221.0 907.0 1237.0 878.0 1255.0 869.0 1239.0 small-vehicle 0
939.0 1232.0 958.0 1221.0 973.0 1256.0 955.0 1265.0 small-vehicle 0
963.0 1225.0 978.0 1216.0 992.0 1250.0 977.0 1257.0 small-vehicle 0
979.0 1216.0 995.0 1208.0 1011.0 1241.0 995.0 1250.0 small-vehicle 0
995.0 1201.0 1012.0 1190.0 1029.0 1224.0 1011.0 1235.0 small-vehicle 0
1013.0 1190.0 1031.0 1181.0 1044.0 1213.0 1029.0 1223.0 small-vehicle 0
386.0 293.0 394.0 307.0 366.0 324.0 359.0 311.0 small-vehicle 0
319.0 1596.0 304.0 1596.0 302.0 1559.0 319.0 1560.0 small-vehicle 0
361.0 1601.0 346.0 1599.0 346.0 1564.0 361.0 1565.0 small-vehicle 0
419.0 797.0 408.0 783.0 446.0 757.0 458.0 772.0 small-vehicle 0
1388.0 1516.0 1370.0 1508.0 1390.0 1462.0 1407.0 1470.0 small-vehicle 0
1109.0 346.0 1099.0 329.0 1132.0 307.0 1144.0 325.0 small-vehicle 0
1001.0 385.0 990.0 366.0 1031.0 343.0 1040.0 360.0 small-vehicle 0
1055.0 621.0 1074.0 610.0 1118.0 692.0 1102.0 703.0 large-vehicle 0
1013.0 333.0 1019.0 350.0 987.0 365.0 980.0 350.0 small-vehicle 0
572.0 184.0 584.0 204.0 547.0 224.0 537.0 206.0 small-vehicle 0
67.0 633.0 89.0 621.0 113.0 666.0 91.0 678.0 small-vehicle 0
401.0 783.0 391.0 764.0 422.0 746.0 430.0 763.0 small-vehicle 0
196.0 845.0 213.0 836.0 231.0 872.0 215.0 880.0 small-vehicle 0
226.0 898.0 242.0 890.0 255.0 920.0 241.0 928.0 small-vehicle 0
46.0 914.0 35.0 895.0 66.0 876.0 75.0 895.0 small-vehicle 0
76.0 965.0 65.0 949.0 92.0 930.0 100.0 947.0 small-vehicle 0
98.0 1002.0 87.0 986.0 115.0 963.0 125.0 978.0 small-vehicle 0
106.0 1019.0 97.0 1002.0 127.0 982.0 137.0 998.0 small-vehicle 0
119.0 1035.0 107.0 1017.0 142.0 993.0 151.0 1011.0 small-vehicle 0
127.0 1053.0 115.0 1036.0 144.0 1017.0 154.0 1033.0 small-vehicle 0
46.0 1084.0 57.0 1103.0 18.0 1127.0 6.0 1110.0 small-vehicle 0
159.0 1127.0 149.0 1110.0 189.0 1083.0 198.0 1101.0 small-vehicle 0
175.0 1143.0 165.0 1126.0 193.0 1111.0 202.0 1127.0 small-vehicle 0
188.0 1184.0 178.0 1165.0 214.0 1143.0 222.0 1162.0 small-vehicle 0
67.0 1175.0 87.0 1164.0 100.0 1201.0 79.0 1208.0 small-vehicle 0
976.0 259.0 987.0 277.0 953.0 297.0 943.0 282.0 small-vehicle 0
1057.0 262.0 1047.0 245.0 1080.0 225.0 1089.0 243.0 small-vehicle 0
969.0 334.0 960.0 318.0 989.0 300.0 998.0 316.0 small-vehicle 0
1011.0 308.0 1020.0 325.0 987.0 344.0 977.0 329.0 small-vehicle 0
1075.0 297.0 1065.0 279.0 1092.0 262.0 1102.0 277.0 small-vehicle 0
1088.0 313.0 1079.0 295.0 1115.0 274.0 1125.0 291.0 small-vehicle 0
1099.0 329.0 1089.0 313.0 1123.0 290.0 1132.0 308.0 small-vehicle 0
187.0 632.0 167.0 645.0 114.0 555.0 131.0 545.0 large-vehicle 0
