imagesource:GoogleEarth
gsd:0.249143411262
1431.0 560.0 1435.0 551.0 1453.0 563.0 1446.0 569.0 small-vehicle 0
666.0 829.0 677.0 834.0 668.0 849.0 660.0 845.0 small-vehicle 1
1380.0 1201.0 1393.0 1211.0 1375.0 1243.0 1357.0 1235.0 swimming-pool 0
1340.0 704.0 1370.0 704.0 1370.0 736.0 1340.0 736.0 swimming-pool 0
302.0 270.0 316.0 278.0 302.0 308.0 288.0 301.0 swimming-pool 0
253.0 40.0 249.0 52.0 226.0 42.0 229.0 31.0 small-vehicle 1
126.0 123.0 139.0 126.0 133.0 146.0 121.0 145.0 small-vehicle 1
52.0 307.0 65.0 311.0 60.0 333.0 46.0 331.0 small-vehicle 1
545.0 93.0 557.0 101.0 545.0 122.0 532.0 115.0 small-vehicle 1
554.0 106.0 564.0 111.0 556.0 131.0 545.0 125.0 small-vehicle 1
713.0 280.0 722.0 282.0 715.0 304.0 706.0 300.0 small-vehicle 1
708.0 323.0 699.0 319.0 706.0 300.0 715.0 304.0 small-vehicle 1
614.0 318.0 619.0 304.0 644.0 316.0 639.0 330.0 small-vehicle 1
819.0 489.0 816.0 499.0 795.0 493.0 801.0 481.0 small-vehicle 1
505.0 496.0 493.0 491.0 502.0 466.0 517.0 472.0 small-vehicle 1
524.0 472.0 515.0 469.0 523.0 447.0 534.0 452.0 small-vehicle 1
468.0 664.0 471.0 651.0 494.0 660.0 489.0 672.0 small-vehicle 1
511.0 629.0 518.0 615.0 539.0 626.0 535.0 638.0 small-vehicle 1
268.0 786.0 262.0 774.0 283.0 763.0 289.0 773.0 small-vehicle 1
251.0 794.0 248.0 782.0 262.0 775.0 269.0 788.0 small-vehicle 1
237.0 791.0 232.0 782.0 249.0 773.0 254.0 779.0 small-vehicle 1
591.0 979.0 578.0 972.0 591.0 953.0 602.0 960.0 small-vehicle 1
427.0 941.0 419.0 934.0 433.0 920.0 440.0 926.0 small-vehicle 1
416.0 929.0 409.0 919.0 425.0 908.0 432.0 918.0 small-vehicle 1
478.0 885.0 472.0 875.0 496.0 861.0 503.0 871.0 small-vehicle 1
1582.0 1023.0 1598.0 1033.0 1574.0 1069.0 1556.0 1056.0 swimming-pool 0
1551.0 461.0 1562.0 446.0 1592.0 466.0 1580.0 484.0 swimming-pool 0
1060.0 123.0 1083.0 126.0 1077.0 172.0 1054.0 169.0 swimming-pool 0
1312.0 277.0 1346.0 277.0 1346.0 313.0 1312.0 313.0 swimming-pool 0
894.0 183.0 932.0 183.0 932.0 218.0 894.0 218.0 swimming-pool 0
252.0 405.0 293.0 405.0 293.0 439.0 252.0 439.0 swimming-pool 0
429.0 541.0 465.0 541.0 465.0 579.0 429.0 579.0 swimming-pool 0
216.0 857.0 249.0 857.0 249.0 892.0 216.0 892.0 swimming-pool 0
560.0 1043.0 590.0 1043.0 590.0 1076.0 560.0 1076.0 swimming-pool 0
707.0 673.0 730.0 673.0 730.0 695.0 707.0 695.0 swimming-pool 0
472.0 456.0 494.0 456.0 494.0 476.0 472.0 476.0 swimming-pool 0
569.0 310.0 585.0 310.0 585.0 328.0 569.0 328.0 swimming-pool 0
973.0 235.0 1006.0 235.0 1006.0 267.0 973.0 267.0 swimming-pool 0
1242.0 227.0 1276.0 227.0 1276.0 264.0 1242.0 264.0 swimming-pool 0
1395.0 359.0 1426.0 359.0 1426.0 387.0 1395.0 387.0 swimming-pool 0
835.0 658.0 851.0 671.0 830.0 700.0 813.0 690.0 swimming-pool 0
965.0 413.0 991.0 413.0 991.0 435.0 965.0 435.0 swimming-pool 0
962.0 566.0 997.0 566.0 997.0 601.0 962.0 601.0 swimming-pool 0
1033.0 1005.0 1059.0 1005.0 1059.0 1035.0 1033.0 1035.0 swimming-pool 0
1068.0 1031.0 1099.0 1031.0 1099.0 1066.0 1068.0 1066.0 swimming-pool 0
1533.0 919.0 1565.0 919.0 1565.0 952.0 1533.0 952.0 swimming-pool 0
1798.0 1225.0 1833.0 1225.0 1833.0 1255.0 1798.0 1255.0 swimming-pool 0
358.0 518.0 370.0 499.0 400.0 517.0 388.0 535.0 swimming-pool 0
821.0 402.0 835.0 410.0 822.0 436.0 807.0 431.0 swimming-pool 0
1111.0 633.0 1121.0 623.0 1140.0 640.0 1134.0 651.0 swimming-pool 0
621.0 1093.0 634.0 1074.0 672.0 1100.0 660.0 1118.0 swimming-pool 0
813.0 1214.0 825.0 1222.0 813.0 1241.0 801.0 1236.0 small-vehicle 1
819.0 932.0 821.0 922.0 841.0 932.0 837.0 942.0 small-vehicle 1
1337.0 434.0 1346.0 438.0 1336.0 456.0 1327.0 451.0 small-vehicle 0
838.0 942.0 841.0 934.0 855.0 947.0 851.0 956.0 small-vehicle 1
1450.0 679.0 1443.0 673.0 1453.0 656.0 1462.0 659.0 small-vehicle 1
1432.0 647.0 1424.0 640.0 1434.0 624.0 1442.0 629.0 small-vehicle 1
1445.0 626.0 1437.0 621.0 1446.0 605.0 1454.0 611.0 small-vehicle 1
1365.0 807.0 1370.0 798.0 1385.0 808.0 1381.0 817.0 small-vehicle 1
1095.0 789.0 1095.0 803.0 1071.0 801.0 1072.0 788.0 small-vehicle 1
1325.0 1085.0 1332.0 1078.0 1348.0 1088.0 1345.0 1098.0 small-vehicle 1
1308.0 1018.0 1299.0 1012.0 1311.0 996.0 1320.0 1001.0 small-vehicle 1
1323.0 1032.0 1311.0 1026.0 1338.0 982.0 1350.0 990.0 large-vehicle 0
1703.0 1089.0 1698.0 1095.0 1683.0 1086.0 1687.0 1079.0 large-vehicle 0
1686.0 1074.0 1681.0 1082.0 1663.0 1072.0 1671.0 1063.0 large-vehicle 0
1366.0 43.0 1374.0 35.0 1390.0 49.0 1382.0 58.0 large-vehicle 0
1650.0 359.0 1660.0 365.0 1648.0 385.0 1639.0 377.0 large-vehicle 0
1771.0 1219.0 1766.0 1227.0 1750.0 1215.0 1755.0 1208.0 large-vehicle 0
1932.0 819.0 1941.0 826.0 1930.0 843.0 1921.0 836.0 large-vehicle 0
490.0 968.0 502.0 974.0 484.0 1002.0 474.0 995.0 ship 0
675.0 233.0 680.0 225.0 698.0 235.0 694.0 243.0 small-vehicle 1
696.0 242.0 699.0 235.0 717.0 244.0 714.0 252.0 small-vehicle 1
590.0 286.0 582.0 281.0 593.0 265.0 600.0 269.0 small-vehicle 1
600.0 900.0 594.0 906.0 578.0 895.0 585.0 886.0 small-vehicle 1
629.0 341.0 633.0 333.0 651.0 341.0 647.0 349.0 small-vehicle 1
770.0 371.0 774.0 362.0 790.0 372.0 786.0 379.0 small-vehicle 1
1352.0 135.0 1342.0 130.0 1353.0 112.0 1362.0 116.0 small-vehicle 1
1286.0 390.0 1296.0 395.0 1284.0 412.0 1276.0 409.0 small-vehicle 1
1464.0 659.0 1455.0 651.0 1465.0 637.0 1474.0 642.0 small-vehicle 1
1352.0 538.0 1360.0 544.0 1346.0 564.0 1337.0 560.0 small-vehicle 1
1102.0 174.0 1091.0 174.0 1094.0 153.0 1104.0 154.0 small-vehicle 1
1060.0 701.0 1068.0 709.0 1054.0 729.0 1045.0 720.0 small-vehicle 1
919.0 832.0 926.0 821.0 946.0 832.0 937.0 844.0 small-vehicle 1
982.0 822.0 991.0 833.0 976.0 847.0 967.0 836.0 small-vehicle 1
895.0 814.0 901.0 802.0 915.0 812.0 910.0 823.0 small-vehicle 1
977.0 1192.0 986.0 1198.0 974.0 1217.0 965.0 1211.0 small-vehicle 1
1002.0 1137.0 1008.0 1128.0 1028.0 1140.0 1024.0 1149.0 small-vehicle 1
1068.0 1144.0 1076.0 1148.0 1066.0 1164.0 1059.0 1158.0 small-vehicle 1
1084.0 1119.0 1095.0 1124.0 1081.0 1147.0 1071.0 1142.0 small-vehicle 1
1095.0 1127.0 1103.0 1133.0 1090.0 1150.0 1083.0 1144.0 small-vehicle 1
662.0 686.0 657.0 696.0 633.0 688.0 637.0 676.0 small-vehicle 1
899.0 655.0 908.0 651.0 920.0 670.0 909.0 676.0 small-vehicle 1
928.0 789.0 932.0 777.0 957.0 784.0 951.0 796.0 small-vehicle 1
1077.0 440.0 1068.0 434.0 1079.0 416.0 1088.0 422.0 small-vehicle 1
893.0 749.0 900.0 737.0 917.0 749.0 909.0 760.0 small-vehicle 1
678.0 668.0 673.0 679.0 655.0 672.0 659.0 662.0 small-vehicle 1
1088.0 447.0 1077.0 440.0 1090.0 419.0 1102.0 424.0 small-vehicle 1
1141.0 470.0 1152.0 476.0 1142.0 496.0 1130.0 491.0 small-vehicle 1
1175.0 483.0 1164.0 477.0 1172.0 462.0 1181.0 467.0 small-vehicle 1
1228.0 424.0 1235.0 413.0 1254.0 426.0 1250.0 436.0 small-vehicle 1
1270.0 1202.0 1266.0 1210.0 1248.0 1199.0 1253.0 1190.0 small-vehicle 1
1252.0 1190.0 1244.0 1198.0 1233.0 1183.0 1238.0 1175.0 small-vehicle 1
1258.0 1138.0 1248.0 1134.0 1260.0 1115.0 1269.0 1119.0 small-vehicle 1
1128.0 687.0 1120.0 679.0 1131.0 663.0 1141.0 668.0 small-vehicle 1
489.0 93.0 521.0 93.0 521.0 118.0 489.0 118.0 swimming-pool 0
