imagesource:GoogleEarth
gsd:0.130575705918
998.0 1133.0 985.0 1144.0 962.0 1119.0 975.0 1108.0 small-vehicle 0
178.0 1042.0 168.0 1027.0 196.0 1008.0 204.0 1023.0 small-vehicle 0
84.0 904.0 72.0 889.0 105.0 867.0 115.0 882.0 small-vehicle 0
96.0 922.0 84.0 906.0 118.0 885.0 127.0 898.0 small-vehicle 0
127.0 903.0 138.0 919.0 106.0 941.0 95.0 925.0 small-vehicle 0
235.0 878.0 245.0 893.0 216.0 914.0 204.0 900.0 small-vehicle 0
247.0 896.0 255.0 910.0 228.0 928.0 217.0 915.0 small-vehicle 0
257.0 915.0 267.0 931.0 242.0 946.0 230.0 932.0 small-vehicle 0
269.0 934.0 280.0 948.0 248.0 970.0 236.0 954.0 small-vehicle 0
284.0 951.0 293.0 965.0 259.0 986.0 249.0 971.0 small-vehicle 0
141.0 920.0 153.0 936.0 118.0 956.0 108.0 941.0 small-vehicle 0
151.0 938.0 160.0 953.0 129.0 975.0 119.0 959.0 small-vehicle 0
103.0 941.0 114.0 958.0 80.0 980.0 68.0 965.0 small-vehicle 0
147.0 989.0 137.0 974.0 165.0 952.0 177.0 966.0 small-vehicle 0
132.0 975.0 142.0 990.0 116.0 1009.0 105.0 996.0 small-vehicle 0
120.0 1028.0 109.0 1013.0 139.0 993.0 149.0 1008.0 small-vehicle 0
155.0 1008.0 145.0 992.0 175.0 972.0 185.0 988.0 small-vehicle 0
275.0 1003.0 266.0 987.0 295.0 966.0 304.0 980.0 small-vehicle 0
293.0 1018.0 280.0 1001.0 310.0 981.0 320.0 998.0 small-vehicle 0
22.0 895.0 11.0 879.0 48.0 854.0 57.0 869.0 small-vehicle 0
90.0 852.0 101.0 867.0 72.0 887.0 61.0 873.0 small-vehicle 0
60.0 868.0 51.0 852.0 85.0 831.0 93.0 846.0 small-vehicle 0
353.0 851.0 424.0 804.0 527.0 954.0 457.0 1004.0 tennis-court 0
302.0 550.0 371.0 504.0 473.0 652.0 404.0 699.0 tennis-court 0
511.0 408.0 581.0 360.0 682.0 510.0 612.0 558.0 tennis-court 0
614.0 339.0 684.0 290.0 787.0 440.0 718.0 487.0 tennis-court 0
460.0 780.0 527.0 734.0 629.0 883.0 560.0 930.0 tennis-court 0
564.0 711.0 633.0 662.0 734.0 812.0 664.0 860.0 tennis-court 0
772.0 570.0 840.0 523.0 944.0 672.0 874.0 718.0 tennis-court 0
404.0 477.0 476.0 430.0 579.0 581.0 507.0 630.0 tennis-court 0
667.0 639.0 737.0 592.0 840.0 742.0 769.0 790.0 tennis-court 0
212.0 846.0 221.0 861.0 191.0 880.0 180.0 867.0 small-vehicle 0
290.0 258.0 279.0 267.0 259.0 234.0 271.0 225.0 small-vehicle 0
21.0 723.0 34.0 712.0 55.0 745.0 40.0 754.0 small-vehicle 0
156.0 758.0 163.0 773.0 132.0 794.0 122.0 781.0 small-vehicle 0
166.0 775.0 175.0 789.0 148.0 808.0 138.0 795.0 small-vehicle 0
176.0 790.0 186.0 804.0 157.0 823.0 147.0 810.0 small-vehicle 0
184.0 811.0 195.0 825.0 167.0 844.0 158.0 830.0 small-vehicle 0
201.0 827.0 211.0 843.0 180.0 863.0 169.0 848.0 small-vehicle 0
165.0 1025.0 156.0 1010.0 188.0 988.0 197.0 1002.0 small-vehicle 0
189.0 1058.0 179.0 1044.0 206.0 1025.0 213.0 1038.0 small-vehicle 0
1011.0 1117.0 1001.0 1130.0 974.0 1103.0 986.0 1090.0 small-vehicle 0
137.0 1046.0 128.0 1032.0 155.0 1011.0 164.0 1026.0 small-vehicle 0
984.0 948.0 997.0 936.0 1021.0 963.0 1010.0 975.0 small-vehicle 0
969.0 966.0 983.0 951.0 1010.0 982.0 999.0 993.0 small-vehicle 0
954.0 979.0 969.0 966.0 994.0 997.0 982.0 1009.0 small-vehicle 0
939.0 994.0 952.0 981.0 978.0 1007.0 965.0 1021.0 small-vehicle 0
953.0 1040.0 935.0 1054.0 906.0 1014.0 922.0 1001.0 small-vehicle 0
922.0 1068.0 909.0 1082.0 878.0 1048.0 893.0 1036.0 small-vehicle 0
903.0 1082.0 888.0 1095.0 860.0 1060.0 876.0 1048.0 small-vehicle 0
887.0 1096.0 873.0 1108.0 849.0 1077.0 863.0 1066.0 small-vehicle 0
1074.0 1058.0 1062.0 1071.0 1034.0 1041.0 1047.0 1030.0 small-vehicle 0
1105.0 1090.0 1094.0 1103.0 1062.0 1073.0 1074.0 1060.0 small-vehicle 0
1058.0 1071.0 1046.0 1084.0 1020.0 1053.0 1033.0 1042.0 small-vehicle 0
1090.0 1104.0 1079.0 1116.0 1049.0 1086.0 1060.0 1074.0 small-vehicle 0
1075.0 1117.0 1064.0 1130.0 1033.0 1101.0 1046.0 1089.0 small-vehicle 0
1043.0 1088.0 1031.0 1100.0 1006.0 1073.0 1020.0 1061.0 small-vehicle 0
1028.0 1104.0 1017.0 1115.0 987.0 1087.0 1000.0 1074.0 small-vehicle 0
1061.0 1133.0 1049.0 1147.0 1019.0 1119.0 1032.0 1106.0 small-vehicle 0
1042.0 1146.0 1031.0 1158.0 1003.0 1131.0 1017.0 1119.0 small-vehicle 0
1000.0 934.0 1012.0 922.0 1038.0 948.0 1026.0 962.0 small-vehicle 0
1014.0 920.0 1028.0 906.0 1051.0 936.0 1041.0 948.0 small-vehicle 0
1107.0 943.0 1095.0 929.0 1119.0 908.0 1130.0 920.0 small-vehicle 0
234.0 1057.0 245.0 1074.0 216.0 1094.0 205.0 1080.0 small-vehicle 0
15.0 1052.0 3.0 1037.0 31.0 1017.0 41.0 1032.0 small-vehicle 0
35.0 1087.0 25.0 1071.0 58.0 1050.0 66.0 1065.0 small-vehicle 0
45.0 1104.0 35.0 1088.0 67.0 1069.0 74.0 1084.0 small-vehicle 0
149.0 1064.0 138.0 1050.0 164.0 1032.0 172.0 1045.0 small-vehicle 0
151.0 1087.0 138.0 1070.0 172.0 1046.0 182.0 1063.0 small-vehicle 0
168.0 1098.0 158.0 1084.0 191.0 1062.0 198.0 1080.0 small-vehicle 0
201.0 1079.0 190.0 1062.0 222.0 1041.0 230.0 1056.0 small-vehicle 0
230.0 1108.0 222.0 1093.0 252.0 1076.0 259.0 1093.0 small-vehicle 0
1089.0 929.0 1076.0 915.0 1104.0 890.0 1116.0 905.0 small-vehicle 0
78.0 1086.0 88.0 1103.0 55.0 1127.0 43.0 1109.0 small-vehicle 0
200.0 1080.0 210.0 1095.0 183.0 1115.0 171.0 1100.0 small-vehicle 0
216.0 1096.0 226.0 1113.0 197.0 1132.0 184.0 1117.0 small-vehicle 0
92.0 1104.0 101.0 1121.0 71.0 1140.0 60.0 1125.0 small-vehicle 0
103.0 1125.0 110.0 1139.0 78.0 1157.0 69.0 1145.0 small-vehicle 0
117.0 1133.0 127.0 1149.0 90.0 1174.0 78.0 1158.0 small-vehicle 0
1031.0 904.0 1043.0 892.0 1069.0 924.0 1059.0 934.0 small-vehicle 0
197.0 621.0 266.0 572.0 369.0 723.0 299.0 771.0 tennis-court 0
