imagesource:GoogleEarth
gsd:0.131304767891
965.0 288.0 971.0 271.0 1006.0 289.0 999.0 308.0 small-vehicle 1
1210.0 794.0 1221.0 776.0 1283.0 809.0 1273.0 827.0 large-vehicle 0
1332.0 717.0 1315.0 707.0 1331.0 679.0 1345.0 686.0 small-vehicle 0
1311.0 704.0 1298.0 697.0 1314.0 667.0 1325.0 676.0 small-vehicle 0
1294.0 659.0 1308.0 666.0 1294.0 695.0 1279.0 690.0 small-vehicle 0
1277.0 648.0 1291.0 656.0 1275.0 688.0 1258.0 680.0 small-vehicle 0
1258.0 718.0 1266.0 704.0 1332.0 731.0 1324.0 749.0 large-vehicle 0
1241.0 750.0 1255.0 728.0 1317.0 759.0 1310.0 781.0 large-vehicle 0
1224.0 771.0 1238.0 749.0 1298.0 784.0 1286.0 805.0 large-vehicle 0
1193.0 818.0 1203.0 794.0 1268.0 829.0 1258.0 849.0 large-vehicle 0
1367.0 611.0 1355.0 604.0 1376.0 566.0 1388.0 573.0 small-vehicle 0
1179.0 837.0 1193.0 819.0 1254.0 857.0 1242.0 875.0 large-vehicle 0
1161.0 861.0 1175.0 840.0 1235.0 875.0 1225.0 895.0 large-vehicle 0
1134.0 910.0 1147.0 888.0 1214.0 924.0 1203.0 945.0 large-vehicle 0
1124.0 940.0 1136.0 915.0 1200.0 947.0 1192.0 969.0 large-vehicle 0
1110.0 959.0 1124.0 940.0 1192.0 975.0 1181.0 997.0 large-vehicle 0
1098.0 986.0 1109.0 966.0 1174.0 996.0 1167.0 1017.0 large-vehicle 0
1085.0 1011.0 1098.0 990.0 1164.0 1027.0 1155.0 1046.0 large-vehicle 0
1349.0 729.0 1335.0 722.0 1350.0 683.0 1366.0 691.0 small-vehicle 0
1338.0 478.0 1321.0 468.0 1339.0 436.0 1353.0 444.0 small-vehicle 0
1050.0 1049.0 1063.0 1032.0 1124.0 1069.0 1112.0 1087.0 large-vehicle 0
905.0 1039.0 896.0 1058.0 830.0 1024.0 841.0 1004.0 large-vehicle 0
991.0 870.0 984.0 884.0 918.0 851.0 928.0 832.0 large-vehicle 0
978.0 893.0 971.0 909.0 910.0 877.0 918.0 860.0 large-vehicle 0
964.0 917.0 956.0 933.0 893.0 899.0 903.0 882.0 large-vehicle 0
928.0 961.0 918.0 978.0 859.0 941.0 867.0 924.0 large-vehicle 0
947.0 940.0 939.0 955.0 879.0 920.0 890.0 905.0 large-vehicle 0
921.0 986.0 912.0 1003.0 848.0 972.0 859.0 955.0 large-vehicle 0
914.0 1010.0 904.0 1030.0 841.0 999.0 849.0 979.0 large-vehicle 0
874.0 1056.0 863.0 1076.0 800.0 1038.0 813.0 1017.0 large-vehicle 0
1318.0 429.0 1331.0 439.0 1318.0 468.0 1303.0 458.0 small-vehicle 0
865.0 1082.0 855.0 1098.0 797.0 1066.0 804.0 1046.0 large-vehicle 0
844.0 1100.0 832.0 1119.0 771.0 1087.0 782.0 1066.0 large-vehicle 0
828.0 1157.0 820.0 1173.0 761.0 1142.0 771.0 1125.0 large-vehicle 0
816.0 1180.0 806.0 1198.0 745.0 1166.0 754.0 1148.0 large-vehicle 0
796.0 1198.0 786.0 1219.0 724.0 1191.0 733.0 1169.0 large-vehicle 0
796.0 1232.0 787.0 1249.0 720.0 1215.0 731.0 1198.0 large-vehicle 0
783.0 1260.0 776.0 1281.0 709.0 1247.0 717.0 1226.0 large-vehicle 0
1064.0 1031.0 1075.0 1009.0 1141.0 1046.0 1130.0 1068.0 large-vehicle 0
1036.0 1076.0 1049.0 1059.0 1110.0 1093.0 1096.0 1111.0 large-vehicle 0
929.0 571.0 941.0 553.0 1008.0 593.0 1000.0 609.0 large-vehicle 0
372.0 593.0 358.0 608.0 286.0 564.0 296.0 548.0 large-vehicle 0
465.0 420.0 452.0 440.0 380.0 395.0 392.0 378.0 large-vehicle 0
452.0 443.0 438.0 462.0 366.0 423.0 375.0 403.0 large-vehicle 0
436.0 468.0 424.0 486.0 352.0 447.0 363.0 427.0 large-vehicle 0
422.0 492.0 411.0 512.0 340.0 469.0 351.0 453.0 large-vehicle 0
408.0 519.0 396.0 537.0 327.0 493.0 337.0 476.0 large-vehicle 0
396.0 545.0 382.0 562.0 313.0 517.0 321.0 500.0 large-vehicle 0
383.0 566.0 372.0 586.0 296.0 544.0 307.0 524.0 large-vehicle 0
361.0 615.0 345.0 634.0 275.0 587.0 283.0 571.0 large-vehicle 0
493.0 371.0 481.0 391.0 407.0 346.0 418.0 328.0 large-vehicle 0
330.0 662.0 319.0 684.0 245.0 639.0 257.0 621.0 large-vehicle 0
317.0 690.0 304.0 708.0 231.0 663.0 243.0 646.0 large-vehicle 0
302.0 714.0 288.0 733.0 217.0 687.0 229.0 670.0 large-vehicle 0
220.0 858.0 206.0 875.0 139.0 830.0 150.0 815.0 large-vehicle 0
196.0 909.0 188.0 927.0 105.0 881.0 118.0 863.0 large-vehicle 0
208.0 881.0 199.0 899.0 123.0 857.0 132.0 840.0 large-vehicle 0
231.0 833.0 223.0 850.0 151.0 809.0 161.0 792.0 large-vehicle 0
480.0 395.0 469.0 416.0 394.0 371.0 406.0 356.0 large-vehicle 0
507.0 347.0 495.0 366.0 422.0 321.0 432.0 302.0 large-vehicle 0
1028.0 1103.0 1040.0 1083.0 1108.0 1121.0 1095.0 1141.0 large-vehicle 0
907.0 1319.0 919.0 1303.0 984.0 1339.0 974.0 1358.0 large-vehicle 0
1011.0 1127.0 1025.0 1108.0 1088.0 1142.0 1078.0 1163.0 large-vehicle 0
1008.0 1153.0 1021.0 1135.0 1086.0 1173.0 1074.0 1191.0 large-vehicle 0
992.0 1180.0 1005.0 1160.0 1071.0 1194.0 1061.0 1215.0 large-vehicle 0
980.0 1207.0 997.0 1185.0 1056.0 1223.0 1043.0 1239.0 large-vehicle 0
956.0 1223.0 969.0 1204.0 1035.0 1239.0 1025.0 1257.0 large-vehicle 0
945.0 1278.0 952.0 1260.0 1022.0 1292.0 1012.0 1312.0 large-vehicle 0
915.0 1296.0 929.0 1277.0 994.0 1309.0 981.0 1331.0 large-vehicle 0
904.0 1357.0 918.0 1337.0 984.0 1371.0 974.0 1392.0 large-vehicle 0
522.0 328.0 508.0 346.0 438.0 297.0 446.0 280.0 large-vehicle 0
726.0 1409.0 726.0 1386.0 799.0 1385.0 801.0 1404.0 large-vehicle 0
573.0 1319.0 585.0 1299.0 646.0 1336.0 633.0 1354.0 large-vehicle 0
466.0 1257.0 479.0 1239.0 553.0 1277.0 539.0 1298.0 large-vehicle 0
368.0 1201.0 380.0 1184.0 458.0 1223.0 445.0 1243.0 large-vehicle 0
260.0 1142.0 271.0 1122.0 347.0 1162.0 335.0 1181.0 large-vehicle 0
160.0 985.0 180.0 979.0 194.0 1065.0 172.0 1068.0 large-vehicle 0
543.0 298.0 531.0 319.0 453.0 271.0 462.0 253.0 large-vehicle 0
1001.0 840.0 992.0 858.0 926.0 825.0 938.0 808.0 large-vehicle 0
1013.0 818.0 1001.0 836.0 942.0 799.0 950.0 783.0 large-vehicle 0
1035.0 797.0 1022.0 813.0 963.0 780.0 971.0 760.0 large-vehicle 0
755.0 578.0 743.0 594.0 665.0 555.0 678.0 535.0 large-vehicle 0
574.0 472.0 585.0 454.0 664.0 492.0 653.0 510.0 large-vehicle 0
591.0 448.0 601.0 430.0 678.0 472.0 667.0 490.0 large-vehicle 0
605.0 417.0 613.0 403.0 691.0 446.0 681.0 462.0 large-vehicle 0
620.0 398.0 633.0 381.0 707.0 423.0 696.0 443.0 large-vehicle 0
632.0 374.0 644.0 353.0 726.0 396.0 714.0 417.0 large-vehicle 0
789.0 530.0 776.0 549.0 698.0 506.0 709.0 490.0 large-vehicle 0
778.0 556.0 769.0 573.0 688.0 531.0 696.0 513.0 large-vehicle 0
743.0 599.0 733.0 617.0 653.0 573.0 664.0 556.0 large-vehicle 0
552.0 520.0 563.0 506.0 639.0 544.0 626.0 561.0 large-vehicle 0
735.0 627.0 727.0 648.0 647.0 604.0 657.0 586.0 large-vehicle 0
706.0 677.0 696.0 693.0 616.0 649.0 627.0 632.0 large-vehicle 0
695.0 704.0 685.0 721.0 606.0 679.0 615.0 660.0 large-vehicle 0
678.0 724.0 668.0 740.0 592.0 698.0 601.0 680.0 large-vehicle 0
651.0 774.0 639.0 792.0 563.0 749.0 574.0 728.0 large-vehicle 0
636.0 798.0 625.0 815.0 549.0 771.0 561.0 753.0 large-vehicle 0
625.0 823.0 615.0 841.0 535.0 799.0 549.0 778.0 large-vehicle 0
561.0 493.0 571.0 479.0 650.0 517.0 641.0 537.0 large-vehicle 0
536.0 544.0 549.0 527.0 629.0 571.0 618.0 586.0 large-vehicle 0
1042.0 770.0 1032.0 787.0 970.0 750.0 981.0 735.0 large-vehicle 0
389.0 809.0 400.0 792.0 473.0 826.0 462.0 849.0 large-vehicle 0
290.0 980.0 303.0 961.0 380.0 1002.0 369.0 1018.0 large-vehicle 0
311.0 958.0 323.0 941.0 400.0 980.0 389.0 997.0 large-vehicle 0
323.0 931.0 338.0 913.0 414.0 955.0 401.0 976.0 large-vehicle 0
331.0 905.0 344.0 888.0 420.0 927.0 407.0 945.0 large-vehicle 0
347.0 878.0 358.0 863.0 432.0 905.0 422.0 923.0 large-vehicle 0
363.0 860.0 376.0 841.0 448.0 881.0 441.0 900.0 large-vehicle 0
386.0 840.0 399.0 823.0 472.0 864.0 460.0 881.0 large-vehicle 0
403.0 785.0 417.0 768.0 493.0 811.0 483.0 827.0 large-vehicle 0
528.0 568.0 539.0 556.0 615.0 593.0 606.0 611.0 large-vehicle 0
418.0 764.0 429.0 747.0 509.0 785.0 497.0 802.0 large-vehicle 0
434.0 742.0 445.0 721.0 521.0 764.0 508.0 781.0 large-vehicle 0
446.0 714.0 459.0 700.0 535.0 739.0 525.0 759.0 large-vehicle 0
455.0 688.0 469.0 673.0 545.0 711.0 535.0 728.0 large-vehicle 0
474.0 666.0 484.0 652.0 561.0 690.0 553.0 710.0 large-vehicle 0
477.0 638.0 493.0 620.0 568.0 662.0 557.0 680.0 large-vehicle 0
509.0 593.0 519.0 576.0 595.0 614.0 584.0 632.0 large-vehicle 0
596.0 870.0 587.0 888.0 511.0 843.0 521.0 823.0 large-vehicle 0
584.0 895.0 575.0 915.0 498.0 871.0 508.0 850.0 large-vehicle 0
570.0 920.0 557.0 937.0 481.0 893.0 493.0 875.0 large-vehicle 0
889.0 646.0 901.0 627.0 970.0 663.0 957.0 683.0 large-vehicle 0
780.0 843.0 794.0 822.0 863.0 857.0 851.0 877.0 large-vehicle 0
796.0 816.0 807.0 801.0 874.0 834.0 865.0 851.0 large-vehicle 0
804.0 790.0 816.0 771.0 883.0 806.0 872.0 826.0 large-vehicle 0
816.0 761.0 830.0 747.0 893.0 784.0 883.0 801.0 large-vehicle 0
825.0 735.0 839.0 718.0 904.0 753.0 893.0 773.0 large-vehicle 0
839.0 710.0 852.0 693.0 917.0 728.0 905.0 747.0 large-vehicle 0
856.0 690.0 870.0 672.0 936.0 708.0 926.0 724.0 large-vehicle 0
903.0 621.0 917.0 601.0 981.0 638.0 970.0 658.0 large-vehicle 0
556.0 943.0 547.0 959.0 470.0 919.0 479.0 899.0 large-vehicle 0
950.0 551.0 963.0 533.0 1032.0 569.0 1019.0 587.0 large-vehicle 0
1130.0 625.0 1120.0 642.0 1056.0 610.0 1067.0 593.0 large-vehicle 0
1116.0 649.0 1108.0 669.0 1044.0 635.0 1054.0 620.0 large-vehicle 0
1101.0 672.0 1091.0 691.0 1028.0 660.0 1037.0 642.0 large-vehicle 0
1081.0 695.0 1071.0 710.0 1008.0 676.0 1019.0 660.0 large-vehicle 0
1077.0 725.0 1067.0 743.0 1005.0 708.0 1013.0 691.0 large-vehicle 0
1058.0 746.0 1050.0 764.0 983.0 732.0 995.0 715.0 large-vehicle 0
772.0 865.0 786.0 847.0 852.0 885.0 841.0 903.0 large-vehicle 0
769.0 888.0 778.0 872.0 845.0 913.0 835.0 929.0 large-vehicle 0
751.0 916.0 765.0 899.0 832.0 937.0 823.0 952.0 large-vehicle 0
737.0 936.0 748.0 922.0 816.0 958.0 806.0 978.0 large-vehicle 0
540.0 966.0 532.0 983.0 455.0 941.0 463.0 922.0 large-vehicle 0
531.0 992.0 518.0 1010.0 442.0 966.0 456.0 950.0 large-vehicle 0
516.0 1014.0 505.0 1032.0 429.0 990.0 438.0 971.0 large-vehicle 0
507.0 1039.0 500.0 1056.0 418.0 1014.0 429.0 997.0 large-vehicle 0
494.0 1066.0 486.0 1082.0 404.0 1041.0 414.0 1020.0 large-vehicle 0
480.0 1091.0 469.0 1105.0 396.0 1065.0 404.0 1045.0 large-vehicle 0
1287.0 207.0 1306.0 218.0 1286.0 250.0 1268.0 238.0 small-vehicle 0
596.0 1180.0 608.0 1163.0 674.0 1198.0 662.0 1218.0 large-vehicle 0
609.0 1155.0 622.0 1141.0 684.0 1171.0 677.0 1190.0 large-vehicle 0
626.0 1131.0 637.0 1112.0 702.0 1148.0 691.0 1166.0 large-vehicle 0
636.0 1105.0 647.0 1087.0 709.0 1121.0 702.0 1139.0 large-vehicle 0
660.0 1055.0 668.0 1039.0 734.0 1072.0 721.0 1089.0 large-vehicle 0
677.0 1031.0 686.0 1014.0 750.0 1046.0 740.0 1065.0 large-vehicle 0
691.0 1004.0 700.0 988.0 766.0 1024.0 755.0 1044.0 large-vehicle 0
719.0 964.0 733.0 947.0 799.0 980.0 789.0 1000.0 large-vehicle 0
175.0 933.0 167.0 950.0 94.0 909.0 104.0 892.0 large-vehicle 0
