imagesource:GoogleEarth
gsd:0.27012621532
240.0 213.0 233.0 206.0 248.0 192.0 254.0 198.0 small-vehicle 0
104.0 379.0 98.0 382.0 85.0 364.0 90.0 360.0 large-vehicle 0
150.0 295.0 143.0 301.0 127.0 279.0 134.0 273.0 large-vehicle 0
191.0 352.0 199.0 346.0 246.0 399.0 237.0 405.0 large-vehicle 0
211.0 337.0 220.0 329.0 264.0 386.0 257.0 392.0 large-vehicle 0
234.0 346.0 242.0 338.0 274.0 378.0 266.0 385.0 large-vehicle 0
228.0 324.0 237.0 318.0 282.0 370.0 274.0 377.0 large-vehicle 0
301.0 319.0 308.0 312.0 329.0 335.0 323.0 343.0 large-vehicle 0
303.0 305.0 312.0 297.0 338.0 327.0 330.0 335.0 large-vehicle 0
331.0 304.0 340.0 297.0 357.0 316.0 348.0 324.0 large-vehicle 0
313.0 270.0 319.0 278.0 307.0 288.0 301.0 282.0 small-vehicle 0
183.0 153.0 188.0 148.0 197.0 160.0 192.0 164.0 small-vehicle 0
174.0 159.0 179.0 155.0 189.0 167.0 183.0 171.0 small-vehicle 0
200.0 432.0 205.0 427.0 220.0 446.0 215.0 451.0 small-vehicle 0
16.0 58.0 23.0 52.0 36.0 69.0 30.0 73.0 small-vehicle 0
187.0 416.0 194.0 410.0 206.0 425.0 199.0 432.0 small-vehicle 0
133.0 416.0 128.0 420.0 115.0 405.0 120.0 400.0 small-vehicle 0
232.0 413.0 226.0 421.0 213.0 403.0 219.0 397.0 small-vehicle 0
271.0 523.0 276.0 518.0 289.0 535.0 283.0 539.0 small-vehicle 0
289.0 547.0 295.0 542.0 307.0 555.0 301.0 561.0 small-vehicle 0
47.0 53.0 41.0 56.0 31.0 44.0 37.0 39.0 small-vehicle 0
441.0 516.0 447.0 524.0 434.0 534.0 428.0 530.0 small-vehicle 0
439.0 550.0 433.0 544.0 446.0 531.0 451.0 538.0 small-vehicle 0
178.0 174.0 173.0 177.0 164.0 166.0 169.0 162.0 small-vehicle 1
75.0 381.0 81.0 388.0 66.0 399.0 60.0 391.0 large-vehicle 0
76.0 78.0 70.0 72.0 83.0 61.0 88.0 67.0 small-vehicle 0
144.0 304.0 137.0 310.0 117.0 284.0 124.0 278.0 large-vehicle 0
