imagesource:GoogleEarth
gsd:0.119198263634
902.0 389.0 906.0 405.0 859.0 410.0 855.0 392.0 small-vehicle 1
250.0 503.0 249.0 519.0 207.0 521.0 206.0 506.0 small-vehicle 0
374.0 263.0 358.0 264.0 354.0 224.0 371.0 223.0 small-vehicle 0
244.0 175.0 244.0 192.0 201.0 194.0 199.0 174.0 small-vehicle 0
252.0 195.0 250.0 214.0 198.0 219.0 198.0 200.0 small-vehicle 0
250.0 241.0 249.0 260.0 199.0 262.0 199.0 243.0 small-vehicle 0
245.0 264.0 245.0 279.0 203.0 281.0 203.0 265.0 small-vehicle 0
247.0 284.0 247.0 302.0 205.0 302.0 205.0 286.0 small-vehicle 0
249.0 329.0 249.0 344.0 206.0 346.0 205.0 330.0 small-vehicle 0
249.0 350.0 249.0 366.0 208.0 368.0 208.0 352.0 small-vehicle 1
252.0 373.0 251.0 392.0 199.0 392.0 199.0 374.0 small-vehicle 0
256.0 395.0 256.0 414.0 204.0 416.0 204.0 398.0 small-vehicle 0
256.0 418.0 256.0 437.0 203.0 437.0 202.0 418.0 small-vehicle 0
251.0 439.0 251.0 454.0 213.0 456.0 211.0 441.0 small-vehicle 0
254.0 459.0 255.0 478.0 203.0 479.0 203.0 460.0 small-vehicle 0
251.0 482.0 250.0 499.0 208.0 499.0 207.0 482.0 small-vehicle 0
768.0 356.0 767.0 336.0 816.0 335.0 818.0 354.0 small-vehicle 0
427.0 259.0 410.0 262.0 403.0 215.0 420.0 214.0 small-vehicle 0
771.0 314.0 770.0 295.0 813.0 293.0 813.0 314.0 small-vehicle 0
772.0 291.0 772.0 272.0 817.0 272.0 817.0 288.0 small-vehicle 0
782.0 242.0 780.0 224.0 819.0 226.0 820.0 242.0 small-vehicle 0
747.0 182.0 730.0 175.0 743.0 131.0 760.0 138.0 small-vehicle 0
664.0 163.0 647.0 162.0 651.0 116.0 669.0 119.0 small-vehicle 0
638.0 163.0 620.0 160.0 626.0 114.0 644.0 117.0 small-vehicle 0
594.0 163.0 575.0 160.0 581.0 111.0 599.0 114.0 small-vehicle 0
500.0 153.0 484.0 153.0 485.0 112.0 499.0 112.0 small-vehicle 0
457.0 149.0 439.0 148.0 438.0 102.0 456.0 102.0 small-vehicle 0
429.0 155.0 411.0 154.0 413.0 103.0 431.0 105.0 small-vehicle 0
394.0 155.0 375.0 155.0 376.0 104.0 393.0 105.0 small-vehicle 0
371.0 156.0 354.0 156.0 352.0 108.0 369.0 107.0 small-vehicle 0
350.0 153.0 333.0 155.0 327.0 106.0 345.0 105.0 small-vehicle 0
328.0 147.0 312.0 149.0 306.0 109.0 324.0 108.0 small-vehicle 0
403.0 263.0 385.0 264.0 379.0 220.0 397.0 219.0 small-vehicle 0
451.0 263.0 432.0 263.0 427.0 215.0 447.0 214.0 small-vehicle 0
902.0 240.0 882.0 234.0 898.0 177.0 917.0 184.0 large-vehicle 1
676.0 336.0 678.0 357.0 577.0 362.0 575.0 339.0 large-vehicle 0
880.0 239.0 860.0 231.0 878.0 171.0 896.0 179.0 large-vehicle 1
890.0 466.0 893.0 490.0 840.0 495.0 838.0 470.0 large-vehicle 1
896.0 415.0 898.0 439.0 837.0 438.0 836.0 419.0 large-vehicle 1
899.0 255.0 923.0 255.0 921.0 318.0 900.0 317.0 large-vehicle 1
901.0 330.0 901.0 356.0 836.0 357.0 833.0 332.0 large-vehicle 1
898.0 308.0 901.0 331.0 834.0 332.0 832.0 309.0 large-vehicle 1
897.0 282.0 898.0 308.0 830.0 302.0 830.0 281.0 large-vehicle 1
895.0 259.0 893.0 282.0 830.0 277.0 831.0 256.0 large-vehicle 1
897.0 237.0 896.0 261.0 831.0 255.0 830.0 232.0 large-vehicle 1
859.0 228.0 834.0 227.0 832.0 168.0 858.0 168.0 large-vehicle 1
695.0 555.0 695.0 581.0 591.0 585.0 589.0 561.0 large-vehicle 0
571.0 337.0 572.0 359.0 472.0 364.0 472.0 341.0 large-vehicle 0
571.0 306.0 571.0 326.0 472.0 332.0 470.0 309.0 large-vehicle 0
676.0 300.0 676.0 324.0 576.0 327.0 574.0 304.0 large-vehicle 0
669.0 377.0 668.0 402.0 584.0 404.0 583.0 382.0 large-vehicle 0
527.0 264.0 509.0 266.0 499.0 218.0 518.0 216.0 small-vehicle 0
677.0 412.0 677.0 436.0 591.0 441.0 588.0 417.0 large-vehicle 0
574.0 379.0 573.0 401.0 474.0 404.0 474.0 381.0 large-vehicle 0
623.0 459.0 624.0 482.0 527.0 485.0 527.0 462.0 large-vehicle 0
572.0 417.0 573.0 442.0 473.0 446.0 472.0 423.0 large-vehicle 0
351.0 488.0 350.0 465.0 430.0 462.0 430.0 485.0 large-vehicle 0
466.0 385.0 466.0 406.0 371.0 411.0 368.0 389.0 large-vehicle 0
461.0 345.0 461.0 369.0 377.0 370.0 377.0 349.0 large-vehicle 0
470.0 309.0 470.0 329.0 371.0 332.0 370.0 310.0 large-vehicle 0
424.0 274.0 423.0 294.0 358.0 300.0 356.0 278.0 large-vehicle 0
566.0 274.0 567.0 295.0 466.0 303.0 463.0 280.0 large-vehicle 0
674.0 269.0 676.0 291.0 574.0 298.0 572.0 275.0 large-vehicle 0
687.0 259.0 670.0 261.0 667.0 223.0 685.0 221.0 small-vehicle 0
603.0 260.0 584.0 260.0 581.0 220.0 597.0 219.0 small-vehicle 0
554.0 267.0 533.0 269.0 524.0 220.0 543.0 217.0 small-vehicle 0
264.0 160.0 247.0 161.0 244.0 121.0 260.0 120.0 small-vehicle 0
