imagesource:GoogleEarth
gsd:0.244656168503
413.0 45.0 421.0 38.0 437.0 53.0 428.0 61.0 small-vehicle 1
414.0 255.0 406.0 251.0 419.0 237.0 426.0 246.0 small-vehicle 1
363.0 268.0 357.0 260.0 372.0 249.0 377.0 254.0 small-vehicle 1
363.0 289.0 368.0 295.0 356.0 305.0 352.0 299.0 small-vehicle 1
331.0 330.0 323.0 324.0 339.0 309.0 346.0 316.0 small-vehicle 1
295.0 348.0 300.0 355.0 289.0 365.0 281.0 360.0 small-vehicle 1
281.0 362.0 286.0 367.0 274.0 380.0 267.0 373.0 small-vehicle 1
245.0 406.0 237.0 398.0 251.0 389.0 258.0 396.0 small-vehicle 1
226.0 314.0 222.0 320.0 206.0 312.0 212.0 305.0 small-vehicle 1
223.0 321.0 217.0 329.0 201.0 320.0 206.0 311.0 small-vehicle 1
213.0 338.0 208.0 346.0 193.0 339.0 200.0 329.0 small-vehicle 1
207.0 347.0 203.0 354.0 186.0 345.0 190.0 338.0 small-vehicle 1
175.0 352.0 179.0 342.0 195.0 349.0 191.0 358.0 small-vehicle 1
191.0 369.0 187.0 378.0 170.0 369.0 177.0 358.0 small-vehicle 1
183.0 376.0 178.0 385.0 166.0 376.0 170.0 367.0 small-vehicle 1
63.0 394.0 57.0 394.0 55.0 377.0 61.0 376.0 small-vehicle 1
54.0 387.0 44.0 389.0 41.0 366.0 51.0 364.0 small-vehicle 1
395.0 272.0 390.0 265.0 403.0 253.0 409.0 259.0 small-vehicle 1
487.0 159.0 494.0 164.0 480.0 179.0 472.0 173.0 small-vehicle 1
423.0 37.0 428.0 31.0 443.0 46.0 435.0 52.0 small-vehicle 1
295.0 169.0 288.0 161.0 301.0 147.0 308.0 153.0 small-vehicle 1
659.0 122.0 653.0 114.0 664.0 103.0 671.0 110.0 small-vehicle 1
659.0 95.0 666.0 103.0 653.0 115.0 646.0 108.0 small-vehicle 1
645.0 106.0 638.0 101.0 651.0 89.0 656.0 95.0 small-vehicle 1
610.0 83.0 604.0 77.0 618.0 65.0 622.0 72.0 small-vehicle 1
597.0 85.0 601.0 91.0 588.0 103.0 582.0 97.0 small-vehicle 1
530.0 48.0 523.0 40.0 542.0 23.0 548.0 32.0 small-vehicle 1
457.0 97.0 449.0 89.0 471.0 67.0 479.0 77.0 large-vehicle 1
464.0 59.0 471.0 67.0 448.0 88.0 439.0 80.0 large-vehicle 1
439.0 79.0 432.0 70.0 453.0 53.0 459.0 60.0 large-vehicle 1
449.0 41.0 456.0 47.0 432.0 69.0 425.0 61.0 large-vehicle 1
381.0 22.0 375.0 28.0 366.0 17.0 372.0 11.0 small-vehicle 1
456.0 100.0 450.0 106.0 436.0 94.0 444.0 88.0 small-vehicle 1
485.0 194.0 477.0 187.0 491.0 175.0 497.0 181.0 small-vehicle 1
550.0 122.0 556.0 131.0 541.0 143.0 534.0 135.0 small-vehicle 1
450.0 213.0 455.0 220.0 440.0 234.0 434.0 227.0 small-vehicle 1
57.0 356.0 52.0 362.0 38.0 353.0 43.0 344.0 small-vehicle 1
33.0 373.0 26.0 371.0 24.0 356.0 34.0 356.0 small-vehicle 1
19.0 368.0 12.0 364.0 19.0 347.0 26.0 351.0 small-vehicle 1
13.0 362.0 5.0 361.0 5.0 345.0 13.0 344.0 small-vehicle 1
372.0 727.0 372.0 714.0 443.0 709.0 444.0 719.0 large-vehicle 1
353.0 717.0 352.0 704.0 424.0 697.0 424.0 709.0 large-vehicle 1
411.0 684.0 412.0 697.0 337.0 705.0 336.0 693.0 large-vehicle 0
322.0 692.0 321.0 682.0 392.0 675.0 392.0 686.0 large-vehicle 0
284.0 612.0 284.0 621.0 236.0 626.0 236.0 616.0 large-vehicle 0
243.0 579.0 244.0 590.0 197.0 595.0 196.0 583.0 large-vehicle 0
499.0 643.0 499.0 654.0 452.0 658.0 451.0 647.0 large-vehicle 0
378.0 558.0 378.0 568.0 332.0 574.0 331.0 563.0 large-vehicle 0
361.0 432.0 364.0 442.0 319.0 459.0 315.0 449.0 large-vehicle 0
664.0 516.0 664.0 526.0 616.0 529.0 616.0 519.0 large-vehicle 0
759.0 455.0 760.0 464.0 714.0 469.0 712.0 459.0 large-vehicle 0
738.0 440.0 739.0 451.0 691.0 456.0 690.0 444.0 large-vehicle 0
772.0 325.0 776.0 333.0 710.0 357.0 705.0 347.0 large-vehicle 0
731.0 298.0 735.0 307.0 669.0 337.0 665.0 327.0 large-vehicle 0
701.0 294.0 707.0 303.0 666.0 326.0 660.0 316.0 large-vehicle 0
445.0 725.0 446.0 737.0 398.0 741.0 397.0 729.0 large-vehicle 0
582.0 691.0 583.0 702.0 537.0 706.0 536.0 695.0 large-vehicle 0
619.0 707.0 619.0 718.0 572.0 723.0 571.0 712.0 large-vehicle 0
278.0 234.0 274.0 241.0 259.0 232.0 263.0 226.0 small-vehicle 1
241.0 291.0 236.0 297.0 223.0 288.0 228.0 281.0 small-vehicle 1
246.0 284.0 243.0 292.0 231.0 283.0 235.0 274.0 small-vehicle 1
252.0 275.0 247.0 283.0 233.0 273.0 237.0 265.0 small-vehicle 1
258.0 266.0 253.0 274.0 239.0 264.0 243.0 257.0 small-vehicle 1
263.0 258.0 259.0 266.0 244.0 256.0 247.0 249.0 small-vehicle 1
255.0 244.0 260.0 235.0 273.0 244.0 268.0 251.0 small-vehicle 1
268.0 218.0 274.0 208.0 286.0 219.0 281.0 226.0 small-vehicle 1
746.0 307.0 750.0 318.0 683.0 347.0 678.0 336.0 large-vehicle 0
244.0 191.0 241.0 184.0 254.0 175.0 259.0 184.0 small-vehicle 1
232.0 183.0 224.0 173.0 243.0 161.0 250.0 173.0 small-vehicle 1
217.0 174.0 210.0 164.0 229.0 151.0 234.0 161.0 small-vehicle 1
197.0 133.0 203.0 127.0 214.0 135.0 208.0 141.0 small-vehicle 1
205.0 115.0 211.0 106.0 228.0 117.0 220.0 126.0 small-vehicle 1
216.0 97.0 221.0 89.0 238.0 100.0 232.0 110.0 small-vehicle 1
668.0 130.0 661.0 123.0 673.0 111.0 680.0 119.0 small-vehicle 1
677.0 139.0 671.0 132.0 688.0 123.0 692.0 130.0 small-vehicle 1
496.0 238.0 501.0 230.0 519.0 243.0 514.0 253.0 small-vehicle 1
603.0 845.0 596.0 840.0 606.0 822.0 615.0 827.0 small-vehicle 1
675.0 811.0 683.0 816.0 671.0 837.0 663.0 832.0 small-vehicle 1
679.0 842.0 672.0 835.0 684.0 819.0 691.0 825.0 small-vehicle 1
691.0 825.0 683.0 820.0 696.0 804.0 702.0 810.0 small-vehicle 1
682.0 819.0 674.0 812.0 685.0 796.0 694.0 801.0 small-vehicle 1
664.0 810.0 655.0 804.0 666.0 787.0 675.0 792.0 small-vehicle 1
645.0 818.0 637.0 813.0 648.0 796.0 655.0 802.0 small-vehicle 1
654.0 824.0 647.0 819.0 656.0 802.0 665.0 807.0 small-vehicle 1
646.0 894.0 637.0 887.0 650.0 872.0 658.0 878.0 small-vehicle 1
655.0 876.0 649.0 871.0 659.0 856.0 666.0 861.0 small-vehicle 1
648.0 869.0 639.0 865.0 648.0 849.0 659.0 856.0 small-vehicle 1
636.0 887.0 629.0 881.0 642.0 866.0 650.0 872.0 small-vehicle 1
628.0 884.0 622.0 876.0 633.0 861.0 641.0 867.0 small-vehicle 1
618.0 880.0 612.0 874.0 622.0 856.0 631.0 862.0 small-vehicle 1
629.0 862.0 623.0 856.0 635.0 841.0 643.0 848.0 small-vehicle 1
621.0 854.0 614.0 849.0 626.0 831.0 633.0 837.0 small-vehicle 1
697.0 853.0 704.0 843.0 720.0 854.0 714.0 862.0 small-vehicle 1
692.0 864.0 696.0 853.0 713.0 863.0 708.0 872.0 small-vehicle 1
688.0 872.0 694.0 864.0 706.0 873.0 701.0 880.0 small-vehicle 1
779.0 75.0 775.0 70.0 791.0 59.0 794.0 65.0 small-vehicle 1
506.0 85.0 513.0 80.0 523.0 93.0 516.0 100.0 small-vehicle 1
223.0 88.0 226.0 81.0 240.0 88.0 236.0 96.0 small-vehicle 1
841.0 773.0 834.0 784.0 818.0 774.0 824.0 763.0 small-vehicle 1
769.0 758.0 776.0 763.0 764.0 784.0 756.0 778.0 small-vehicle 1
858.0 210.0 863.0 218.0 849.0 230.0 842.0 221.0 small-vehicle 1
760.0 238.0 755.0 230.0 769.0 216.0 776.0 223.0 small-vehicle 1
808.0 51.0 811.0 58.0 798.0 72.0 793.0 62.0 small-vehicle 1
683.0 881.0 686.0 873.0 701.0 880.0 696.0 890.0 small-vehicle 1
853.0 24.0 847.0 19.0 858.0 8.0 865.0 14.0 small-vehicle 1
652.0 922.0 659.0 914.0 673.0 924.0 668.0 932.0 small-vehicle 1
659.0 914.0 665.0 904.0 679.0 914.0 675.0 923.0 small-vehicle 1
665.0 905.0 670.0 898.0 684.0 908.0 680.0 914.0 small-vehicle 1
673.0 897.0 678.0 889.0 688.0 898.0 685.0 906.0 small-vehicle 1
677.0 890.0 683.0 882.0 694.0 890.0 690.0 899.0 small-vehicle 1
613.0 849.0 606.0 845.0 616.0 827.0 623.0 831.0 small-vehicle 1
611.0 875.0 603.0 869.0 613.0 852.0 621.0 856.0 small-vehicle 1
503.0 228.0 510.0 221.0 531.0 235.0 525.0 244.0 small-vehicle 1
611.0 926.0 604.0 921.0 614.0 905.0 622.0 910.0 small-vehicle 1
683.0 744.0 692.0 750.0 679.0 767.0 672.0 762.0 small-vehicle 1
695.0 620.0 701.0 608.0 723.0 623.0 719.0 635.0 small-vehicle 1
60.0 619.0 54.0 615.0 64.0 600.0 70.0 604.0 small-vehicle 1
80.0 574.0 88.0 580.0 79.0 592.0 71.0 588.0 small-vehicle 1
98.0 552.0 105.0 558.0 93.0 572.0 86.0 568.0 small-vehicle 1
114.0 532.0 121.0 536.0 112.0 550.0 105.0 544.0 small-vehicle 1
136.0 508.0 141.0 515.0 128.0 528.0 124.0 520.0 small-vehicle 1
150.0 488.0 159.0 493.0 144.0 508.0 139.0 501.0 small-vehicle 1
171.0 468.0 176.0 475.0 164.0 488.0 158.0 482.0 small-vehicle 1
188.0 448.0 196.0 454.0 184.0 467.0 178.0 461.0 small-vehicle 1
683.0 19.0 674.0 13.0 690.0 3.0 695.0 9.0 small-vehicle 1
673.0 15.0 681.0 21.0 666.0 32.0 659.0 26.0 small-vehicle 1
311.0 347.0 304.0 340.0 318.0 329.0 322.0 336.0 small-vehicle 1
549.0 260.0 554.0 251.0 571.0 262.0 566.0 271.0 small-vehicle 1
526.0 244.0 531.0 235.0 552.0 250.0 546.0 258.0 small-vehicle 1
710.0 754.0 705.0 750.0 714.0 736.0 719.0 739.0 small-vehicle 1
721.0 764.0 714.0 759.0 724.0 742.0 731.0 748.0 small-vehicle 1
719.0 765.0 725.0 770.0 714.0 785.0 706.0 781.0 small-vehicle 1
569.0 899.0 560.0 894.0 574.0 877.0 581.0 883.0 small-vehicle 1
585.0 931.0 578.0 926.0 587.0 910.0 595.0 915.0 small-vehicle 1
596.0 914.0 589.0 910.0 599.0 894.0 605.0 899.0 small-vehicle 1
587.0 908.0 579.0 904.0 590.0 888.0 598.0 894.0 small-vehicle 1
577.0 926.0 567.0 922.0 578.0 904.0 585.0 910.0 small-vehicle 1
565.0 923.0 559.0 918.0 570.0 898.0 578.0 903.0 small-vehicle 1
578.0 902.0 570.0 899.0 582.0 884.0 588.0 889.0 small-vehicle 1
557.0 918.0 549.0 911.0 560.0 895.0 568.0 900.0 small-vehicle 1
649.0 775.0 659.0 779.0 647.0 797.0 640.0 790.0 small-vehicle 1
548.0 910.0 541.0 905.0 553.0 887.0 559.0 894.0 small-vehicle 1
559.0 893.0 552.0 887.0 563.0 871.0 571.0 876.0 small-vehicle 1
583.0 856.0 575.0 851.0 585.0 834.0 594.0 839.0 small-vehicle 1
595.0 838.0 587.0 830.0 601.0 813.0 608.0 820.0 small-vehicle 1
619.0 801.0 612.0 797.0 621.0 782.0 628.0 786.0 small-vehicle 1
629.0 806.0 621.0 802.0 633.0 784.0 639.0 790.0 small-vehicle 1
469.0 251.0 462.0 244.0 497.0 211.0 504.0 218.0 large-vehicle 1
