imagesource:GoogleEarth
gsd:0.260163273512
418.0 124.0 418.0 133.0 401.0 132.0 402.0 123.0 small-vehicle 1
79.0 573.0 77.0 562.0 95.0 561.0 97.0 572.0 small-vehicle 1
566.0 499.0 576.0 497.0 584.0 532.0 573.0 534.0 large-vehicle 0
603.0 483.0 614.0 482.0 622.0 525.0 610.0 528.0 large-vehicle 0
616.0 482.0 626.0 480.0 634.0 518.0 623.0 521.0 large-vehicle 0
586.0 151.0 599.0 150.0 603.0 189.0 593.0 190.0 large-vehicle 0
540.0 97.0 543.0 108.0 498.0 117.0 495.0 106.0 large-vehicle 0
539.0 141.0 543.0 152.0 504.0 161.0 500.0 151.0 large-vehicle 0
539.0 112.0 540.0 123.0 499.0 131.0 497.0 120.0 large-vehicle 0
539.0 155.0 542.0 164.0 507.0 175.0 504.0 166.0 large-vehicle 0
543.0 126.0 546.0 138.0 502.0 147.0 498.0 136.0 large-vehicle 0
546.0 169.0 549.0 179.0 509.0 189.0 505.0 180.0 large-vehicle 0
548.0 182.0 553.0 192.0 513.0 203.0 509.0 192.0 large-vehicle 0
550.0 199.0 553.0 210.0 513.0 219.0 511.0 208.0 large-vehicle 0
553.0 221.0 556.0 232.0 516.0 239.0 515.0 229.0 large-vehicle 0
555.0 247.0 557.0 259.0 521.0 266.0 519.0 256.0 large-vehicle 0
337.0 215.0 340.0 225.0 262.0 243.0 259.0 232.0 large-vehicle 0
600.0 236.0 609.0 234.0 615.0 269.0 605.0 271.0 large-vehicle 0
580.0 105.0 590.0 104.0 596.0 137.0 586.0 139.0 large-vehicle 0
460.0 278.0 453.0 279.0 444.0 234.0 453.0 232.0 large-vehicle 0
202.0 124.0 201.0 113.0 224.0 110.0 225.0 120.0 small-vehicle 1
160.0 151.0 158.0 140.0 190.0 133.0 192.0 144.0 small-vehicle 1
324.0 277.0 334.0 276.0 336.0 295.0 325.0 297.0 small-vehicle 1
538.0 504.0 549.0 503.0 555.0 536.0 543.0 538.0 large-vehicle 0
513.0 512.0 522.0 510.0 528.0 545.0 519.0 546.0 large-vehicle 0
500.0 512.0 509.0 509.0 516.0 552.0 506.0 554.0 large-vehicle 0
415.0 289.0 426.0 285.0 416.0 239.0 406.0 242.0 large-vehicle 0
151.0 167.0 162.0 165.0 173.0 249.0 162.0 251.0 large-vehicle 0
178.0 171.0 189.0 168.0 204.0 252.0 192.0 255.0 large-vehicle 0
251.0 86.0 253.0 101.0 162.0 112.0 160.0 97.0 large-vehicle 0
379.0 429.0 369.0 426.0 386.0 386.0 396.0 390.0 large-vehicle 0
400.0 169.0 398.0 158.0 439.0 150.0 441.0 161.0 large-vehicle 0
401.0 182.0 398.0 172.0 440.0 162.0 443.0 172.0 large-vehicle 0
409.0 196.0 406.0 186.0 444.0 178.0 446.0 189.0 large-vehicle 0
404.0 218.0 404.0 208.0 447.0 199.0 449.0 209.0 large-vehicle 0
409.0 230.0 406.0 219.0 449.0 212.0 451.0 222.0 large-vehicle 0
446.0 370.0 456.0 367.0 466.0 412.0 456.0 415.0 large-vehicle 0
474.0 511.0 486.0 510.0 492.0 550.0 482.0 552.0 large-vehicle 0
489.0 368.0 499.0 366.0 506.0 404.0 494.0 405.0 large-vehicle 0
527.0 389.0 539.0 387.0 545.0 431.0 533.0 432.0 large-vehicle 0
569.0 384.0 579.0 382.0 586.0 419.0 575.0 420.0 large-vehicle 0
581.0 372.0 593.0 370.0 601.0 410.0 589.0 413.0 large-vehicle 0
594.0 371.0 605.0 369.0 614.0 403.0 603.0 406.0 large-vehicle 0
581.0 324.0 591.0 319.0 601.0 358.0 591.0 360.0 large-vehicle 0
591.0 312.0 603.0 310.0 613.0 351.0 603.0 354.0 large-vehicle 0
546.0 379.0 555.0 375.0 568.0 411.0 558.0 416.0 large-vehicle 0
463.0 510.0 473.0 509.0 479.0 552.0 469.0 553.0 large-vehicle 0
48.0 524.0 50.0 512.0 69.0 518.0 66.0 529.0 small-vehicle 1
118.0 567.0 108.0 569.0 106.0 549.0 115.0 548.0 small-vehicle 1
440.0 122.0 440.0 131.0 423.0 133.0 422.0 125.0 small-vehicle 1
120.0 525.0 111.0 526.0 107.0 502.0 117.0 501.0 small-vehicle 1
19.0 338.0 22.0 329.0 39.0 338.0 34.0 346.0 small-vehicle 1
38.0 324.0 32.0 332.0 18.0 325.0 21.0 317.0 small-vehicle 1
33.0 312.0 29.0 320.0 16.0 312.0 19.0 304.0 small-vehicle 1
12.0 299.0 14.0 289.0 38.0 300.0 32.0 307.0 large-vehicle 1
9.0 282.0 12.0 274.0 35.0 285.0 29.0 294.0 large-vehicle 1
80.0 267.0 70.0 268.0 67.0 248.0 77.0 247.0 small-vehicle 1
68.0 269.0 59.0 268.0 57.0 251.0 67.0 250.0 small-vehicle 1
71.0 288.0 62.0 289.0 59.0 270.0 67.0 268.0 small-vehicle 1
76.0 311.0 67.0 314.0 63.0 292.0 72.0 291.0 small-vehicle 1
80.0 335.0 69.0 336.0 65.0 314.0 75.0 314.0 small-vehicle 1
82.0 358.0 72.0 358.0 69.0 339.0 78.0 338.0 small-vehicle 1
486.0 74.0 485.0 62.0 504.0 61.0 507.0 70.0 small-vehicle 1
511.0 70.0 509.0 58.0 533.0 54.0 535.0 66.0 small-vehicle 1
642.0 68.0 632.0 70.0 629.0 47.0 638.0 45.0 small-vehicle 1
656.0 514.0 655.0 503.0 675.0 502.0 676.0 512.0 small-vehicle 1
678.0 447.0 675.0 438.0 704.0 434.0 707.0 443.0 small-vehicle 1
636.0 567.0 645.0 565.0 650.0 582.0 640.0 585.0 small-vehicle 1
622.0 567.0 631.0 566.0 635.0 584.0 624.0 586.0 small-vehicle 1
630.0 565.0 621.0 566.0 619.0 550.0 628.0 549.0 small-vehicle 1
383.0 467.0 374.0 467.0 372.0 444.0 382.0 445.0 small-vehicle 1
658.0 556.0 661.0 544.0 685.0 556.0 681.0 565.0 small-vehicle 1
21.0 353.0 25.0 344.0 42.0 354.0 37.0 361.0 small-vehicle 1
44.0 365.0 42.0 374.0 26.0 370.0 27.0 360.0 small-vehicle 1
45.0 376.0 42.0 388.0 26.0 380.0 29.0 370.0 small-vehicle 1
332.0 470.0 326.0 463.0 339.0 448.0 346.0 455.0 small-vehicle 1
131.0 518.0 122.0 520.0 117.0 494.0 127.0 494.0 small-vehicle 1
127.0 492.0 118.0 492.0 115.0 468.0 124.0 468.0 small-vehicle 1
116.0 497.0 107.0 500.0 105.0 478.0 114.0 478.0 small-vehicle 1
107.0 512.0 98.0 514.0 94.0 493.0 103.0 491.0 small-vehicle 1
103.0 491.0 93.0 493.0 90.0 473.0 100.0 472.0 small-vehicle 1
100.0 470.0 92.0 472.0 89.0 450.0 96.0 448.0 small-vehicle 1
96.0 446.0 88.0 448.0 85.0 429.0 94.0 427.0 small-vehicle 1
114.0 476.0 105.0 478.0 101.0 453.0 110.0 453.0 small-vehicle 1
110.0 452.0 101.0 452.0 97.0 430.0 106.0 429.0 small-vehicle 1
127.0 363.0 136.0 362.0 141.0 382.0 131.0 384.0 small-vehicle 1
45.0 390.0 41.0 399.0 27.0 393.0 29.0 381.0 small-vehicle 1
47.0 508.0 48.0 500.0 68.0 506.0 66.0 515.0 small-vehicle 1
60.0 464.0 56.0 470.0 41.0 462.0 45.0 454.0 small-vehicle 1
56.0 448.0 53.0 458.0 40.0 452.0 41.0 442.0 small-vehicle 1
57.0 436.0 53.0 445.0 37.0 439.0 39.0 429.0 small-vehicle 1
32.0 422.0 36.0 415.0 54.0 424.0 51.0 432.0 small-vehicle 1
50.0 404.0 45.0 414.0 30.0 407.0 32.0 398.0 small-vehicle 1
94.0 426.0 85.0 428.0 79.0 405.0 90.0 404.0 small-vehicle 1
89.0 403.0 80.0 404.0 77.0 382.0 87.0 381.0 small-vehicle 1
87.0 379.0 76.0 380.0 73.0 358.0 84.0 357.0 small-vehicle 1
93.0 180.0 106.0 177.0 123.0 269.0 107.0 271.0 large-vehicle 0
