imagesource:GoogleEarth
gsd:0.262221561119
166.0 514.0 158.0 514.0 158.0 496.0 168.0 495.0 small-vehicle 1
654.0 471.0 644.0 471.0 645.0 451.0 655.0 451.0 small-vehicle 1
545.0 304.0 545.0 292.0 588.0 292.0 588.0 302.0 large-vehicle 0
514.0 369.0 527.0 369.0 527.0 426.0 514.0 426.0 large-vehicle 0
501.0 370.0 511.0 370.0 511.0 424.0 501.0 424.0 large-vehicle 0
486.0 368.0 499.0 368.0 499.0 420.0 486.0 420.0 large-vehicle 0
470.0 366.0 486.0 366.0 486.0 422.0 470.0 422.0 large-vehicle 0
457.0 367.0 471.0 367.0 471.0 423.0 457.0 423.0 large-vehicle 0
443.0 368.0 457.0 368.0 457.0 423.0 443.0 423.0 large-vehicle 0
347.0 352.0 359.0 352.0 359.0 410.0 347.0 410.0 large-vehicle 0
334.0 351.0 346.0 351.0 346.0 406.0 334.0 406.0 large-vehicle 0
319.0 352.0 331.0 352.0 331.0 407.0 319.0 407.0 large-vehicle 0
291.0 352.0 303.0 352.0 303.0 407.0 291.0 407.0 large-vehicle 0
277.0 351.0 290.0 351.0 290.0 407.0 277.0 407.0 large-vehicle 0
265.0 352.0 276.0 352.0 276.0 405.0 265.0 405.0 large-vehicle 0
250.0 352.0 261.0 352.0 259.0 407.0 249.0 406.0 large-vehicle 0
234.0 349.0 246.0 349.0 246.0 407.0 234.0 407.0 large-vehicle 0
222.0 352.0 233.0 352.0 233.0 405.0 222.0 405.0 large-vehicle 0
201.0 341.0 212.0 341.0 212.0 397.0 201.0 397.0 large-vehicle 0
161.0 354.0 170.0 354.0 170.0 406.0 161.0 406.0 large-vehicle 0
144.0 319.0 159.0 319.0 159.0 376.0 144.0 376.0 large-vehicle 0
551.0 292.0 551.0 281.0 588.0 281.0 589.0 291.0 large-vehicle 0
466.0 255.0 451.0 255.0 457.0 181.0 471.0 182.0 large-vehicle 0
343.0 232.0 329.0 233.0 332.0 163.0 347.0 163.0 large-vehicle 0
480.0 257.0 469.0 257.0 473.0 185.0 485.0 185.0 large-vehicle 0
373.0 389.0 363.0 389.0 363.0 368.0 375.0 368.0 small-vehicle 1
429.0 407.0 419.0 406.0 422.0 388.0 432.0 388.0 small-vehicle 1
563.0 269.0 562.0 256.0 587.0 258.0 588.0 268.0 small-vehicle 1
307.0 363.0 319.0 362.0 316.0 409.0 306.0 408.0 large-vehicle 0
190.0 356.0 201.0 357.0 199.0 395.0 188.0 395.0 large-vehicle 0
177.0 358.0 187.0 358.0 186.0 398.0 175.0 398.0 large-vehicle 0
567.0 195.0 567.0 184.0 603.0 185.0 603.0 195.0 large-vehicle 0
543.0 351.0 543.0 341.0 580.0 341.0 580.0 352.0 large-vehicle 0
431.0 254.0 419.0 254.0 422.0 184.0 436.0 185.0 large-vehicle 0
544.0 315.0 544.0 305.0 586.0 304.0 587.0 313.0 large-vehicle 0
415.0 253.0 402.0 254.0 407.0 184.0 421.0 184.0 large-vehicle 0
383.0 236.0 369.0 235.0 375.0 167.0 387.0 167.0 large-vehicle 0
395.0 238.0 383.0 238.0 388.0 166.0 401.0 166.0 large-vehicle 0
355.0 236.0 344.0 235.0 348.0 165.0 360.0 166.0 large-vehicle 0
301.0 233.0 289.0 233.0 293.0 153.0 305.0 154.0 large-vehicle 0
260.0 237.0 248.0 237.0 253.0 165.0 264.0 165.0 large-vehicle 0
178.0 223.0 165.0 223.0 172.0 147.0 183.0 147.0 large-vehicle 0
574.0 181.0 574.0 169.0 608.0 170.0 609.0 182.0 large-vehicle 0
131.0 318.0 145.0 318.0 145.0 372.0 131.0 372.0 large-vehicle 0
