imagesource:GoogleEarth
gsd:0.120687398662
430.0 44.0 414.0 36.0 429.0 1.0 444.0 6.0 small-vehicle 0
211.0 851.0 309.0 855.0 300.0 1056.0 203.0 1052.0 tennis-court 0
171.0 366.0 267.0 372.0 256.0 574.0 159.0 568.0 tennis-court 0
291.0 372.0 389.0 378.0 381.0 578.0 281.0 574.0 tennis-court 0
448.0 291.0 544.0 296.0 534.0 496.0 439.0 491.0 tennis-court 0
569.0 296.0 666.0 301.0 656.0 500.0 559.0 496.0 tennis-court 0
690.0 301.0 786.0 304.0 776.0 508.0 680.0 504.0 tennis-court 0
791.0 837.0 890.0 840.0 881.0 1042.0 782.0 1037.0 tennis-court 0
659.0 831.0 755.0 837.0 746.0 1036.0 649.0 1032.0 tennis-court 0
524.0 824.0 622.0 829.0 612.0 1030.0 515.0 1026.0 tennis-court 0
334.0 856.0 429.0 861.0 420.0 1063.0 323.0 1056.0 tennis-court 0
89.0 845.0 186.0 849.0 176.0 1051.0 79.0 1047.0 tennis-court 0
1731.0 739.0 1826.0 743.0 1821.0 942.0 1722.0 939.0 tennis-court 0
1035.0 216.0 1130.0 220.0 1122.0 421.0 1024.0 416.0 tennis-court 0
1169.0 221.0 1264.0 226.0 1256.0 425.0 1159.0 421.0 tennis-court 0
1363.0 78.0 1461.0 82.0 1453.0 282.0 1356.0 277.0 tennis-court 0
1499.0 83.0 1595.0 88.0 1588.0 288.0 1490.0 283.0 tennis-court 0
1634.0 89.0 1730.0 92.0 1721.0 294.0 1624.0 288.0 tennis-court 0
1124.0 789.0 1220.0 794.0 1211.0 994.0 1114.0 989.0 tennis-court 0
1271.0 793.0 1366.0 799.0 1357.0 999.0 1262.0 994.0 tennis-court 0
1416.0 801.0 1514.0 805.0 1506.0 1005.0 1407.0 1001.0 tennis-court 0
1598.0 734.0 1694.0 737.0 1686.0 938.0 1589.0 933.0 tennis-court 0
49.0 361.0 146.0 367.0 134.0 567.0 39.0 563.0 tennis-court 0
