imagesource:GoogleEarth
gsd:0.270877317639
428.0 343.0 437.0 345.0 432.0 365.0 423.0 362.0 small-vehicle 1
534.0 703.0 576.0 701.0 580.0 790.0 536.0 792.0 tennis-court 0
162.0 277.0 170.0 275.0 174.0 294.0 166.0 295.0 small-vehicle 0
153.0 276.0 163.0 274.0 165.0 294.0 156.0 296.0 small-vehicle 0
142.0 282.0 150.0 281.0 153.0 298.0 145.0 299.0 small-vehicle 0
67.0 306.0 57.0 305.0 58.0 284.0 67.0 284.0 small-vehicle 0
112.0 269.0 103.0 269.0 104.0 251.0 112.0 251.0 small-vehicle 0
35.0 144.0 27.0 137.0 39.0 123.0 46.0 130.0 small-vehicle 0
130.0 68.0 136.0 59.0 151.0 71.0 145.0 79.0 small-vehicle 0
70.0 68.0 61.0 68.0 62.0 47.0 69.0 48.0 small-vehicle 0
133.0 43.0 141.0 34.0 156.0 48.0 149.0 56.0 small-vehicle 0
138.0 20.0 143.0 13.0 159.0 25.0 154.0 32.0 small-vehicle 0
480.0 704.0 523.0 702.0 528.0 794.0 483.0 795.0 tennis-court 0
181.0 272.0 191.0 271.0 196.0 290.0 186.0 292.0 small-vehicle 0
426.0 708.0 472.0 705.0 476.0 794.0 430.0 796.0 tennis-court 0
376.0 709.0 418.0 708.0 423.0 796.0 377.0 798.0 tennis-court 0
322.0 712.0 365.0 710.0 368.0 798.0 326.0 800.0 tennis-court 0
528.0 570.0 571.0 567.0 576.0 658.0 530.0 658.0 tennis-court 0
477.0 572.0 519.0 570.0 522.0 659.0 480.0 661.0 tennis-court 0
423.0 574.0 465.0 572.0 470.0 660.0 425.0 662.0 tennis-court 0
370.0 575.0 414.0 574.0 417.0 661.0 372.0 664.0 tennis-court 0
319.0 577.0 359.0 576.0 363.0 665.0 320.0 667.0 tennis-court 0
426.0 438.0 523.0 431.0 525.0 476.0 431.0 484.0 basketball-court 0
432.0 490.0 526.0 481.0 530.0 526.0 435.0 533.0 basketball-court 0
172.0 272.0 181.0 271.0 185.0 291.0 177.0 293.0 small-vehicle 0
201.0 268.0 213.0 267.0 215.0 285.0 205.0 287.0 small-vehicle 0
26.0 141.0 32.0 148.0 21.0 158.0 16.0 155.0 small-vehicle 1
233.0 481.0 224.0 484.0 220.0 464.0 228.0 463.0 small-vehicle 0
18.0 92.0 26.0 86.0 37.0 101.0 29.0 107.0 small-vehicle 1
417.0 845.0 418.0 836.0 434.0 838.0 433.0 847.0 small-vehicle 0
125.0 839.0 127.0 830.0 148.0 833.0 146.0 843.0 small-vehicle 0
12.0 586.0 13.0 575.0 35.0 575.0 34.0 586.0 small-vehicle 0
60.0 518.0 50.0 518.0 50.0 495.0 60.0 495.0 small-vehicle 0
153.0 494.0 144.0 496.0 141.0 475.0 151.0 474.0 small-vehicle 0
172.0 493.0 161.0 494.0 162.0 471.0 172.0 470.0 small-vehicle 0
183.0 492.0 175.0 493.0 172.0 473.0 180.0 473.0 small-vehicle 0
194.0 488.0 186.0 490.0 183.0 471.0 189.0 469.0 small-vehicle 0
204.0 487.0 195.0 488.0 192.0 465.0 201.0 464.0 small-vehicle 0
181.0 346.0 191.0 345.0 192.0 365.0 183.0 365.0 small-vehicle 0
232.0 264.0 243.0 262.0 244.0 281.0 235.0 283.0 small-vehicle 0
192.0 347.0 202.0 345.0 204.0 364.0 194.0 365.0 small-vehicle 0
318.0 300.0 328.0 299.0 330.0 315.0 320.0 316.0 small-vehicle 0
291.0 326.0 281.0 327.0 277.0 304.0 286.0 302.0 small-vehicle 0
202.0 343.0 192.0 345.0 188.0 323.0 198.0 321.0 small-vehicle 0
207.0 317.0 219.0 315.0 221.0 335.0 209.0 336.0 small-vehicle 0
256.0 295.0 257.0 304.0 237.0 306.0 236.0 297.0 small-vehicle 0
313.0 250.0 323.0 249.0 324.0 267.0 315.0 268.0 small-vehicle 0
303.0 252.0 313.0 251.0 314.0 272.0 304.0 271.0 small-vehicle 0
292.0 252.0 302.0 251.0 303.0 270.0 295.0 271.0 small-vehicle 0
253.0 262.0 262.0 261.0 264.0 280.0 256.0 281.0 small-vehicle 0
333.0 498.0 431.0 489.0 433.0 533.0 338.0 542.0 basketball-court 0
