imagesource:GoogleEarth
gsd:0.137276513262
587.0 829.0 601.0 835.0 591.0 872.0 578.0 868.0 small-vehicle 1
570.0 876.0 585.0 880.0 578.0 910.0 562.0 906.0 small-vehicle 1
348.0 348.0 428.0 374.0 371.0 541.0 291.0 514.0 tennis-court 0
452.0 383.0 530.0 410.0 473.0 576.0 394.0 549.0 tennis-court 0
155.0 567.0 237.0 595.0 179.0 761.0 96.0 734.0 tennis-court 0
261.0 602.0 340.0 630.0 285.0 796.0 204.0 769.0 tennis-court 0
363.0 637.0 443.0 664.0 387.0 831.0 309.0 804.0 tennis-court 0
306.0 885.0 302.0 897.0 270.0 886.0 275.0 873.0 small-vehicle 0
355.0 916.0 359.0 902.0 390.0 913.0 385.0 925.0 small-vehicle 0
253.0 920.0 258.0 905.0 291.0 917.0 286.0 930.0 small-vehicle 0
351.0 947.0 353.0 932.0 384.0 940.0 381.0 953.0 small-vehicle 0
232.0 995.0 233.0 981.0 267.0 987.0 265.0 1002.0 small-vehicle 0
367.0 995.0 363.0 1008.0 332.0 997.0 336.0 985.0 small-vehicle 0
228.0 1012.0 234.0 999.0 269.0 1012.0 265.0 1024.0 small-vehicle 0
215.0 1045.0 219.0 1032.0 255.0 1043.0 249.0 1056.0 small-vehicle 0
321.0 1039.0 324.0 1026.0 352.0 1033.0 348.0 1045.0 small-vehicle 0
312.0 1055.0 315.0 1042.0 347.0 1050.0 344.0 1064.0 small-vehicle 0
342.0 1069.0 339.0 1083.0 308.0 1075.0 312.0 1060.0 small-vehicle 0
405.0 1043.0 418.0 1048.0 406.0 1083.0 393.0 1079.0 small-vehicle 0
532.0 1012.0 544.0 1017.0 533.0 1050.0 520.0 1045.0 small-vehicle 0
441.0 921.0 455.0 925.0 446.0 955.0 433.0 952.0 small-vehicle 0
540.0 868.0 551.0 872.0 543.0 905.0 530.0 901.0 small-vehicle 0
486.0 833.0 471.0 827.0 484.0 791.0 497.0 798.0 small-vehicle 1
502.0 781.0 489.0 775.0 500.0 742.0 513.0 748.0 small-vehicle 1
515.0 742.0 500.0 735.0 515.0 696.0 528.0 703.0 small-vehicle 1
535.0 692.0 520.0 686.0 532.0 649.0 547.0 656.0 small-vehicle 1
542.0 975.0 554.0 978.0 547.0 1008.0 533.0 1004.0 small-vehicle 0
559.0 917.0 572.0 922.0 562.0 953.0 550.0 950.0 small-vehicle 0
549.0 652.0 535.0 646.0 546.0 611.0 560.0 617.0 small-vehicle 1
243.0 312.0 324.0 340.0 269.0 505.0 187.0 479.0 tennis-court 0
