imagesource:GoogleEarth
gsd:0.121398054379
1308.0 588.0 1300.0 601.0 1268.0 583.0 1276.0 571.0 small-vehicle 0
302.0 541.0 311.0 527.0 348.0 546.0 340.0 561.0 small-vehicle 0
283.0 479.0 292.0 466.0 329.0 485.0 322.0 501.0 small-vehicle 0
325.0 505.0 334.0 489.0 368.0 508.0 359.0 523.0 small-vehicle 0
478.0 536.0 484.0 521.0 517.0 537.0 510.0 551.0 small-vehicle 0
312.0 522.0 321.0 508.0 356.0 527.0 347.0 540.0 small-vehicle 0
467.0 536.0 462.0 551.0 431.0 539.0 437.0 522.0 small-vehicle 0
514.0 562.0 506.0 577.0 473.0 559.0 480.0 542.0 small-vehicle 0
464.0 559.0 458.0 574.0 422.0 558.0 428.0 543.0 small-vehicle 0
376.0 485.0 368.0 498.0 336.0 482.0 345.0 467.0 small-vehicle 0
465.0 578.0 473.0 565.0 502.0 583.0 496.0 595.0 small-vehicle 0
294.0 564.0 303.0 549.0 335.0 565.0 326.0 581.0 small-vehicle 0
454.0 582.0 446.0 595.0 416.0 575.0 426.0 563.0 small-vehicle 0
491.0 602.0 485.0 616.0 451.0 599.0 458.0 583.0 small-vehicle 0
399.0 592.0 408.0 577.0 441.0 597.0 432.0 611.0 small-vehicle 0
478.0 622.0 472.0 635.0 436.0 616.0 443.0 602.0 small-vehicle 0
297.0 459.0 306.0 446.0 339.0 464.0 332.0 478.0 small-vehicle 0
488.0 514.0 496.0 500.0 532.0 519.0 525.0 534.0 small-vehicle 0
627.0 572.0 618.0 587.0 581.0 564.0 590.0 551.0 small-vehicle 0
527.0 439.0 520.0 452.0 486.0 436.0 492.0 421.0 small-vehicle 0
395.0 368.0 388.0 384.0 351.0 365.0 360.0 349.0 small-vehicle 0
392.0 387.0 402.0 370.0 438.0 391.0 428.0 408.0 small-vehicle 0
512.0 395.0 517.0 381.0 551.0 397.0 545.0 411.0 small-vehicle 0
501.0 416.0 509.0 401.0 541.0 418.0 534.0 433.0 small-vehicle 0
381.0 406.0 392.0 389.0 431.0 412.0 421.0 428.0 small-vehicle 0
372.0 406.0 364.0 421.0 331.0 403.0 339.0 387.0 small-vehicle 0
359.0 422.0 353.0 435.0 319.0 418.0 328.0 405.0 small-vehicle 0
492.0 498.0 486.0 511.0 455.0 493.0 462.0 480.0 small-vehicle 0
398.0 443.0 392.0 457.0 355.0 441.0 362.0 426.0 small-vehicle 0
348.0 438.0 341.0 452.0 308.0 437.0 317.0 423.0 small-vehicle 0
393.0 470.0 384.0 483.0 351.0 465.0 358.0 452.0 small-vehicle 0
561.0 486.0 553.0 501.0 512.0 478.0 520.0 462.0 small-vehicle 0
503.0 478.0 495.0 494.0 462.0 474.0 474.0 457.0 small-vehicle 0
499.0 494.0 509.0 478.0 542.0 497.0 534.0 512.0 small-vehicle 0
384.0 610.0 391.0 597.0 424.0 613.0 419.0 627.0 small-vehicle 0
306.0 646.0 307.0 627.0 350.0 628.0 350.0 646.0 small-vehicle 0
467.0 641.0 459.0 655.0 424.0 636.0 432.0 621.0 small-vehicle 0
581.0 443.0 572.0 458.0 541.0 440.0 549.0 425.0 small-vehicle 0
799.0 359.0 792.0 376.0 746.0 352.0 754.0 335.0 small-vehicle 0
591.0 323.0 582.0 338.0 552.0 319.0 559.0 305.0 small-vehicle 0
579.0 341.0 569.0 355.0 532.0 336.0 542.0 321.0 small-vehicle 0
568.0 374.0 575.0 361.0 608.0 380.0 600.0 393.0 small-vehicle 0
599.0 399.0 587.0 415.0 556.0 395.0 567.0 378.0 small-vehicle 0
698.0 432.0 694.0 445.0 658.0 430.0 663.0 416.0 small-vehicle 0
679.0 471.0 669.0 485.0 636.0 464.0 647.0 448.0 small-vehicle 0
412.0 632.0 404.0 647.0 368.0 627.0 376.0 612.0 small-vehicle 0
677.0 490.0 684.0 475.0 718.0 492.0 710.0 508.0 small-vehicle 0
668.0 492.0 658.0 508.0 625.0 486.0 636.0 471.0 small-vehicle 0
712.0 516.0 703.0 532.0 669.0 510.0 677.0 494.0 small-vehicle 0
787.0 586.0 781.0 599.0 746.0 580.0 752.0 567.0 small-vehicle 0
655.0 531.0 662.0 517.0 697.0 535.0 690.0 549.0 small-vehicle 0
643.0 550.0 651.0 536.0 686.0 556.0 678.0 571.0 small-vehicle 0
602.0 305.0 594.0 320.0 560.0 299.0 568.0 286.0 small-vehicle 0
763.0 314.0 756.0 329.0 721.0 311.0 728.0 295.0 small-vehicle 0
615.0 283.0 607.0 299.0 573.0 280.0 582.0 264.0 small-vehicle 0
660.0 285.0 651.0 299.0 621.0 280.0 629.0 267.0 small-vehicle 0
635.0 244.0 623.0 257.0 590.0 234.0 604.0 219.0 small-vehicle 0
509.0 1034.0 531.0 1045.0 492.0 1125.0 470.0 1114.0 large-vehicle 0
528.0 769.0 534.0 756.0 568.0 771.0 562.0 785.0 small-vehicle 0
487.0 749.0 494.0 733.0 526.0 750.0 520.0 764.0 small-vehicle 0
538.0 732.0 530.0 745.0 496.0 725.0 505.0 711.0 small-vehicle 0
442.0 706.0 434.0 720.0 398.0 699.0 406.0 685.0 small-vehicle 0
390.0 689.0 383.0 702.0 346.0 681.0 353.0 666.0 small-vehicle 0
407.0 658.0 398.0 672.0 363.0 651.0 371.0 637.0 small-vehicle 0
409.0 676.0 417.0 662.0 448.0 681.0 440.0 693.0 small-vehicle 0
548.0 712.0 540.0 725.0 508.0 705.0 517.0 691.0 small-vehicle 0
558.0 691.0 552.0 705.0 514.0 685.0 522.0 671.0 small-vehicle 0
568.0 671.0 562.0 684.0 527.0 665.0 535.0 652.0 small-vehicle 0
451.0 657.0 443.0 669.0 411.0 650.0 419.0 637.0 small-vehicle 0
413.0 347.0 403.0 364.0 363.0 341.0 374.0 325.0 small-vehicle 0
560.0 379.0 549.0 391.0 519.0 369.0 530.0 356.0 small-vehicle 0
563.0 357.0 558.0 369.0 526.0 353.0 531.0 340.0 small-vehicle 0
163.0 490.0 173.0 476.0 206.0 494.0 198.0 509.0 small-vehicle 0
75.0 432.0 56.0 422.0 82.0 374.0 102.0 386.0 large-vehicle 0
195.0 428.0 202.0 415.0 234.0 429.0 227.0 444.0 small-vehicle 0
184.0 432.0 176.0 446.0 140.0 425.0 151.0 411.0 small-vehicle 0
183.0 448.0 191.0 434.0 224.0 453.0 217.0 467.0 small-vehicle 0
175.0 452.0 167.0 466.0 132.0 445.0 141.0 431.0 small-vehicle 0
174.0 468.0 182.0 453.0 218.0 472.0 210.0 488.0 small-vehicle 0
187.0 512.0 180.0 527.0 147.0 508.0 156.0 491.0 small-vehicle 0
277.0 585.0 286.0 572.0 316.0 591.0 309.0 605.0 small-vehicle 0
138.0 533.0 145.0 518.0 179.0 535.0 170.0 550.0 small-vehicle 0
307.0 527.0 299.0 542.0 266.0 523.0 274.0 508.0 small-vehicle 0
275.0 499.0 283.0 484.0 315.0 501.0 308.0 517.0 small-vehicle 0
253.0 542.0 262.0 528.0 295.0 546.0 289.0 562.0 small-vehicle 0
282.0 569.0 274.0 583.0 239.0 561.0 248.0 548.0 small-vehicle 0
227.0 582.0 235.0 567.0 266.0 585.0 259.0 599.0 small-vehicle 0
197.0 410.0 192.0 423.0 154.0 406.0 161.0 391.0 small-vehicle 0
207.0 408.0 214.0 396.0 244.0 412.0 239.0 425.0 small-vehicle 0
207.0 390.0 202.0 404.0 166.0 386.0 172.0 372.0 small-vehicle 0
216.0 389.0 223.0 375.0 256.0 392.0 247.0 408.0 small-vehicle 0
218.0 371.0 211.0 387.0 176.0 370.0 184.0 353.0 small-vehicle 0
225.0 371.0 233.0 354.0 266.0 370.0 257.0 387.0 small-vehicle 0
225.0 350.0 217.0 366.0 186.0 346.0 196.0 332.0 small-vehicle 0
233.0 349.0 241.0 335.0 276.0 352.0 270.0 368.0 small-vehicle 0
238.0 329.0 233.0 343.0 197.0 328.0 205.0 313.0 small-vehicle 0
250.0 332.0 257.0 317.0 289.0 334.0 281.0 349.0 small-vehicle 0
260.0 312.0 268.0 296.0 309.0 319.0 301.0 335.0 small-vehicle 0
272.0 291.0 280.0 278.0 308.0 293.0 301.0 308.0 small-vehicle 0
253.0 315.0 246.0 329.0 212.0 311.0 221.0 296.0 small-vehicle 0
264.0 293.0 256.0 308.0 222.0 290.0 229.0 274.0 small-vehicle 0
275.0 275.0 267.0 288.0 233.0 270.0 241.0 256.0 small-vehicle 0
283.0 253.0 277.0 267.0 239.0 248.0 247.0 234.0 small-vehicle 0
294.0 229.0 289.0 243.0 254.0 227.0 262.0 212.0 small-vehicle 0
121.0 647.0 115.0 662.0 80.0 644.0 89.0 631.0 small-vehicle 0
282.0 172.0 290.0 157.0 325.0 171.0 319.0 185.0 small-vehicle 0
419.0 347.0 426.0 333.0 457.0 350.0 450.0 364.0 small-vehicle 0
454.0 270.0 445.0 284.0 409.0 265.0 418.0 250.0 small-vehicle 0
277.0 191.0 286.0 177.0 317.0 194.0 307.0 207.0 small-vehicle 0
474.0 230.0 469.0 243.0 432.0 226.0 438.0 213.0 small-vehicle 0
474.0 248.0 482.0 233.0 512.0 252.0 506.0 265.0 small-vehicle 0
307.0 230.0 314.0 218.0 349.0 237.0 341.0 250.0 small-vehicle 0
292.0 251.0 301.0 237.0 335.0 256.0 326.0 270.0 small-vehicle 0
461.0 248.0 453.0 261.0 421.0 244.0 430.0 229.0 small-vehicle 0
448.0 287.0 456.0 272.0 490.0 293.0 482.0 307.0 small-vehicle 0
293.0 154.0 299.0 138.0 337.0 152.0 331.0 168.0 small-vehicle 0
348.0 265.0 362.0 271.0 352.0 306.0 338.0 302.0 small-vehicle 0
437.0 289.0 431.0 302.0 399.0 286.0 407.0 272.0 small-vehicle 0
482.0 312.0 474.0 327.0 437.0 307.0 446.0 292.0 small-vehicle 0
430.0 309.0 422.0 321.0 390.0 306.0 397.0 292.0 small-vehicle 0
425.0 326.0 434.0 311.0 467.0 332.0 459.0 346.0 small-vehicle 0
375.0 322.0 384.0 308.0 418.0 327.0 410.0 341.0 small-vehicle 0
318.0 212.0 326.0 197.0 358.0 216.0 350.0 229.0 small-vehicle 0
326.0 190.0 334.0 176.0 370.0 193.0 362.0 207.0 small-vehicle 0
477.0 227.0 485.0 211.0 517.0 228.0 511.0 242.0 small-vehicle 0
435.0 205.0 442.0 187.0 477.0 201.0 470.0 219.0 small-vehicle 0
438.0 178.0 447.0 164.0 479.0 184.0 473.0 198.0 small-vehicle 0
336.0 171.0 344.0 156.0 377.0 175.0 371.0 188.0 small-vehicle 0
349.0 154.0 355.0 138.0 392.0 156.0 384.0 172.0 small-vehicle 0
501.0 189.0 509.0 172.0 544.0 190.0 537.0 206.0 small-vehicle 0
501.0 171.0 493.0 185.0 460.0 166.0 469.0 150.0 small-vehicle 0
522.0 149.0 531.0 133.0 564.0 151.0 557.0 166.0 small-vehicle 0
524.0 129.0 517.0 145.0 483.0 126.0 491.0 111.0 small-vehicle 0
390.0 74.0 399.0 61.0 430.0 81.0 420.0 94.0 small-vehicle 0
379.0 94.0 387.0 79.0 418.0 97.0 411.0 110.0 small-vehicle 0
367.0 114.0 375.0 100.0 411.0 120.0 404.0 133.0 small-vehicle 0
331.0 89.0 340.0 76.0 372.0 93.0 362.0 106.0 small-vehicle 0
362.0 116.0 354.0 130.0 317.0 110.0 327.0 96.0 small-vehicle 0
350.0 138.0 340.0 152.0 307.0 131.0 317.0 117.0 small-vehicle 0
637.0 571.0 644.0 557.0 675.0 573.0 668.0 587.0 small-vehicle 0
663.0 592.0 657.0 605.0 625.0 590.0 631.0 577.0 small-vehicle 0
1484.0 652.0 1473.0 669.0 1386.0 619.0 1397.0 601.0 large-vehicle 0
1199.0 1075.0 1193.0 1088.0 1158.0 1071.0 1165.0 1056.0 small-vehicle 0
1084.0 1000.0 1091.0 985.0 1132.0 1007.0 1123.0 1023.0 small-vehicle 0
1075.0 1003.0 1070.0 1016.0 1034.0 999.0 1040.0 985.0 small-vehicle 0
1069.0 1027.0 1062.0 1041.0 1027.0 1022.0 1034.0 1007.0 small-vehicle 0
1057.0 1047.0 1051.0 1061.0 1017.0 1044.0 1023.0 1030.0 small-vehicle 0
1064.0 1048.0 1071.0 1033.0 1107.0 1051.0 1100.0 1066.0 small-vehicle 0
1187.0 1096.0 1180.0 1111.0 1150.0 1096.0 1156.0 1082.0 small-vehicle 0
1357.0 1112.0 1349.0 1125.0 1320.0 1107.0 1329.0 1093.0 small-vehicle 0
1094.0 981.0 1101.0 967.0 1135.0 985.0 1127.0 999.0 small-vehicle 0
1209.0 1057.0 1204.0 1070.0 1171.0 1055.0 1177.0 1042.0 small-vehicle 0
1366.0 1093.0 1358.0 1108.0 1326.0 1088.0 1334.0 1074.0 small-vehicle 0
1381.0 1074.0 1374.0 1089.0 1342.0 1069.0 1350.0 1054.0 small-vehicle 0
1386.0 1050.0 1382.0 1064.0 1348.0 1052.0 1352.0 1037.0 small-vehicle 0
1274.0 1044.0 1266.0 1056.0 1234.0 1036.0 1242.0 1023.0 small-vehicle 0
1222.0 1041.0 1210.0 1051.0 1179.0 1025.0 1192.0 1014.0 small-vehicle 0
1087.0 983.0 1081.0 998.0 1042.0 977.0 1049.0 963.0 small-vehicle 0
1097.0 964.0 1092.0 978.0 1057.0 962.0 1064.0 947.0 small-vehicle 0
617.0 593.0 612.0 606.0 581.0 592.0 587.0 578.0 small-vehicle 0
1142.0 887.0 1135.0 900.0 1103.0 881.0 1110.0 868.0 small-vehicle 0
997.0 833.0 991.0 848.0 953.0 827.0 961.0 811.0 small-vehicle 0
997.0 845.0 1004.0 830.0 1035.0 848.0 1028.0 863.0 small-vehicle 0
986.0 866.0 993.0 852.0 1025.0 869.0 1016.0 884.0 small-vehicle 0
977.0 888.0 986.0 876.0 1016.0 894.0 1008.0 908.0 small-vehicle 0
1127.0 842.0 1134.0 828.0 1163.0 845.0 1156.0 858.0 small-vehicle 0
1154.0 866.0 1147.0 878.0 1114.0 858.0 1121.0 845.0 small-vehicle 0
1180.0 907.0 1172.0 922.0 1138.0 902.0 1146.0 887.0 small-vehicle 0
1143.0 963.0 1137.0 976.0 1107.0 960.0 1113.0 946.0 small-vehicle 0
965.0 909.0 974.0 896.0 1005.0 913.0 997.0 927.0 small-vehicle 0
997.0 936.0 989.0 949.0 954.0 929.0 961.0 916.0 small-vehicle 0
1132.0 904.0 1124.0 917.0 1094.0 898.0 1102.0 885.0 small-vehicle 0
1117.0 924.0 1110.0 939.0 1078.0 923.0 1086.0 907.0 small-vehicle 0
1118.0 941.0 1124.0 927.0 1155.0 945.0 1149.0 958.0 small-vehicle 0
1107.0 942.0 1099.0 958.0 1057.0 933.0 1065.0 918.0 small-vehicle 0
1236.0 1023.0 1227.0 1034.0 1196.0 1015.0 1204.0 1002.0 small-vehicle 0
1282.0 1022.0 1274.0 1035.0 1244.0 1018.0 1252.0 1003.0 small-vehicle 0
1244.0 998.0 1237.0 1012.0 1204.0 995.0 1213.0 980.0 small-vehicle 0
1304.0 821.0 1313.0 806.0 1345.0 824.0 1338.0 838.0 small-vehicle 0
1448.0 955.0 1440.0 968.0 1407.0 949.0 1416.0 934.0 small-vehicle 0
1457.0 933.0 1452.0 947.0 1416.0 928.0 1423.0 916.0 small-vehicle 0
1365.0 885.0 1357.0 901.0 1315.0 877.0 1323.0 861.0 small-vehicle 0
1293.0 836.0 1302.0 823.0 1333.0 841.0 1325.0 855.0 small-vehicle 0
1332.0 857.0 1340.0 842.0 1377.0 864.0 1368.0 878.0 small-vehicle 0
1197.0 820.0 1209.0 807.0 1239.0 835.0 1226.0 846.0 small-vehicle 0
1393.0 823.0 1386.0 836.0 1351.0 819.0 1358.0 804.0 small-vehicle 0
1252.0 996.0 1261.0 983.0 1293.0 1002.0 1286.0 1015.0 small-vehicle 0
1345.0 839.0 1351.0 825.0 1387.0 842.0 1380.0 857.0 small-vehicle 0
1446.0 968.0 1456.0 956.0 1490.0 976.0 1481.0 989.0 small-vehicle 0
1459.0 953.0 1466.0 939.0 1499.0 952.0 1492.0 968.0 small-vehicle 0
1589.0 880.0 1601.0 889.0 1576.0 922.0 1565.0 911.0 small-vehicle 0
1476.0 693.0 1470.0 706.0 1436.0 690.0 1443.0 677.0 small-vehicle 0
1533.0 899.0 1524.0 914.0 1489.0 896.0 1497.0 881.0 small-vehicle 0
1472.0 996.0 1465.0 1010.0 1430.0 991.0 1437.0 976.0 small-vehicle 0
1428.0 971.0 1421.0 983.0 1388.0 964.0 1396.0 951.0 small-vehicle 0
1163.0 861.0 1173.0 848.0 1208.0 866.0 1200.0 880.0 small-vehicle 0
1300.0 892.0 1309.0 878.0 1349.0 902.0 1340.0 917.0 small-vehicle 0
1299.0 917.0 1307.0 905.0 1339.0 925.0 1331.0 938.0 small-vehicle 0
1303.0 903.0 1297.0 915.0 1262.0 896.0 1269.0 883.0 small-vehicle 0
1277.0 937.0 1264.0 949.0 1235.0 927.0 1247.0 912.0 small-vehicle 0
1331.0 942.0 1324.0 957.0 1291.0 939.0 1297.0 926.0 small-vehicle 0
1279.0 956.0 1284.0 942.0 1314.0 956.0 1308.0 969.0 small-vehicle 0
1310.0 979.0 1298.0 994.0 1263.0 967.0 1276.0 954.0 small-vehicle 0
1264.0 957.0 1258.0 970.0 1221.0 955.0 1227.0 941.0 small-vehicle 0
1257.0 976.0 1249.0 989.0 1213.0 972.0 1220.0 959.0 small-vehicle 0
1422.0 992.0 1415.0 1005.0 1379.0 988.0 1386.0 973.0 small-vehicle 0
1412.0 1012.0 1405.0 1026.0 1368.0 1007.0 1375.0 992.0 small-vehicle 0
1449.0 1035.0 1444.0 1047.0 1411.0 1030.0 1417.0 1016.0 small-vehicle 0
1436.0 1054.0 1430.0 1068.0 1401.0 1054.0 1407.0 1039.0 small-vehicle 0
1402.0 1034.0 1396.0 1049.0 1362.0 1031.0 1368.0 1017.0 small-vehicle 0
1011.0 812.0 1004.0 824.0 969.0 805.0 976.0 793.0 small-vehicle 0
1021.0 793.0 1015.0 804.0 983.0 788.0 990.0 774.0 small-vehicle 0
1186.0 803.0 1179.0 817.0 1144.0 799.0 1151.0 782.0 small-vehicle 0
709.0 742.0 717.0 727.0 756.0 748.0 749.0 764.0 small-vehicle 0
743.0 683.0 749.0 668.0 782.0 683.0 776.0 697.0 small-vehicle 0
683.0 701.0 689.0 687.0 723.0 707.0 717.0 719.0 small-vehicle 0
734.0 705.0 740.0 691.0 776.0 710.0 771.0 722.0 small-vehicle 0
762.0 728.0 757.0 740.0 722.0 722.0 729.0 708.0 small-vehicle 0
598.0 711.0 591.0 726.0 554.0 706.0 562.0 693.0 small-vehicle 0
668.0 720.0 676.0 706.0 714.0 726.0 706.0 740.0 small-vehicle 0
699.0 745.0 692.0 759.0 661.0 740.0 667.0 727.0 small-vehicle 0
665.0 821.0 673.0 808.0 706.0 829.0 699.0 843.0 small-vehicle 0
545.0 725.0 553.0 712.0 585.0 729.0 577.0 744.0 small-vehicle 0
645.0 761.0 653.0 746.0 690.0 766.0 682.0 780.0 small-vehicle 0
687.0 781.0 695.0 768.0 727.0 786.0 719.0 801.0 small-vehicle 0
579.0 755.0 570.0 768.0 534.0 747.0 542.0 735.0 small-vehicle 0
677.0 784.0 671.0 799.0 641.0 781.0 648.0 768.0 small-vehicle 0
678.0 802.0 682.0 788.0 714.0 803.0 709.0 816.0 small-vehicle 0
735.0 687.0 727.0 699.0 696.0 680.0 704.0 667.0 small-vehicle 0
571.0 688.0 579.0 676.0 610.0 692.0 601.0 706.0 small-vehicle 0
585.0 654.0 574.0 668.0 543.0 647.0 552.0 634.0 small-vehicle 0
621.0 675.0 612.0 688.0 580.0 670.0 588.0 656.0 small-vehicle 0
745.0 667.0 740.0 681.0 705.0 664.0 711.0 650.0 small-vehicle 0
638.0 659.0 629.0 672.0 596.0 651.0 605.0 638.0 small-vehicle 0
794.0 666.0 788.0 681.0 752.0 662.0 759.0 647.0 small-vehicle 0
754.0 645.0 748.0 660.0 713.0 643.0 721.0 628.0 small-vehicle 0
807.0 650.0 801.0 662.0 769.0 645.0 774.0 633.0 small-vehicle 0
790.0 606.0 797.0 591.0 833.0 609.0 827.0 623.0 small-vehicle 0
850.0 570.0 845.0 583.0 807.0 564.0 814.0 551.0 small-vehicle 0
780.0 627.0 787.0 612.0 817.0 631.0 810.0 643.0 small-vehicle 0
719.0 619.0 727.0 604.0 758.0 622.0 751.0 635.0 small-vehicle 0
593.0 632.0 584.0 645.0 555.0 627.0 563.0 615.0 small-vehicle 0
647.0 636.0 639.0 651.0 603.0 632.0 611.0 618.0 small-vehicle 0
615.0 610.0 622.0 596.0 653.0 613.0 647.0 626.0 small-vehicle 0
605.0 611.0 595.0 627.0 563.0 608.0 571.0 593.0 small-vehicle 0
669.0 802.0 665.0 815.0 630.0 801.0 633.0 788.0 small-vehicle 0
657.0 824.0 649.0 839.0 619.0 820.0 627.0 806.0 small-vehicle 0
1031.0 789.0 1039.0 772.0 1072.0 793.0 1064.0 808.0 small-vehicle 0
903.0 469.0 897.0 482.0 863.0 465.0 870.0 451.0 small-vehicle 0
920.0 760.0 912.0 776.0 878.0 757.0 885.0 741.0 small-vehicle 0
878.0 737.0 871.0 752.0 836.0 733.0 843.0 718.0 small-vehicle 0
928.0 742.0 922.0 757.0 889.0 738.0 897.0 724.0 small-vehicle 0
955.0 700.0 946.0 715.0 911.0 697.0 918.0 682.0 small-vehicle 0
924.0 658.0 917.0 673.0 883.0 656.0 891.0 640.0 small-vehicle 0
930.0 637.0 924.0 652.0 886.0 635.0 893.0 619.0 small-vehicle 0
948.0 392.0 941.0 407.0 904.0 388.0 911.0 372.0 small-vehicle 0
654.0 842.0 662.0 828.0 693.0 844.0 687.0 859.0 small-vehicle 0
1001.0 442.0 1009.0 429.0 1042.0 447.0 1036.0 459.0 small-vehicle 0
1116.0 442.0 1106.0 459.0 1061.0 433.0 1071.0 415.0 large-vehicle 0
1117.0 713.0 1109.0 725.0 1077.0 706.0 1086.0 693.0 small-vehicle 0
1106.0 734.0 1099.0 748.0 1066.0 730.0 1073.0 716.0 small-vehicle 0
1042.0 750.0 1036.0 763.0 997.0 744.0 1004.0 730.0 small-vehicle 0
1032.0 773.0 1025.0 787.0 990.0 770.0 996.0 755.0 small-vehicle 0
984.0 848.0 980.0 863.0 943.0 848.0 947.0 832.0 small-vehicle 0
858.0 797.0 866.0 784.0 900.0 802.0 892.0 816.0 small-vehicle 0
892.0 823.0 886.0 835.0 851.0 815.0 857.0 803.0 small-vehicle 0
840.0 818.0 832.0 832.0 799.0 814.0 808.0 798.0 small-vehicle 0
975.0 870.0 970.0 885.0 930.0 866.0 937.0 851.0 small-vehicle 0
923.0 882.0 932.0 869.0 959.0 885.0 952.0 898.0 small-vehicle 0
957.0 912.0 951.0 926.0 915.0 908.0 922.0 894.0 small-vehicle 0
941.0 947.0 948.0 933.0 980.0 950.0 973.0 965.0 small-vehicle 0
905.0 924.0 913.0 910.0 943.0 928.0 937.0 943.0 small-vehicle 0
890.0 945.0 898.0 929.0 930.0 948.0 923.0 962.0 small-vehicle 0
879.0 964.0 887.0 951.0 920.0 968.0 912.0 984.0 small-vehicle 0
912.0 1000.0 918.0 984.0 956.0 1002.0 951.0 1017.0 small-vehicle 0
857.0 857.0 850.0 871.0 815.0 854.0 823.0 839.0 small-vehicle 0
810.0 876.0 817.0 862.0 851.0 882.0 842.0 896.0 small-vehicle 0
794.0 875.0 787.0 888.0 755.0 870.0 764.0 857.0 small-vehicle 0
790.0 895.0 783.0 910.0 749.0 893.0 758.0 877.0 small-vehicle 0
788.0 916.0 796.0 899.0 833.0 915.0 824.0 932.0 small-vehicle 0
306.0 212.0 300.0 226.0 267.0 209.0 275.0 195.0 small-vehicle 0
