imagesource:GoogleEarth
gsd:0.279076319385
29.0 546.0 35.0 540.0 50.0 552.0 43.0 560.0 small-vehicle 1
45.0 559.0 43.0 565.0 22.0 558.0 25.0 550.0 small-vehicle 1
306.0 298.0 299.0 304.0 274.0 275.0 281.0 270.0 large-vehicle 0
313.0 285.0 306.0 292.0 282.0 262.0 288.0 257.0 large-vehicle 0
324.0 277.0 315.0 283.0 292.0 254.0 300.0 248.0 large-vehicle 0
78.0 482.0 71.0 489.0 46.0 462.0 53.0 456.0 large-vehicle 0
92.0 475.0 82.0 481.0 60.0 452.0 67.0 446.0 large-vehicle 0
100.0 466.0 94.0 473.0 70.0 445.0 77.0 440.0 large-vehicle 0
111.0 458.0 104.0 465.0 80.0 437.0 88.0 431.0 large-vehicle 0
120.0 451.0 113.0 457.0 91.0 430.0 97.0 424.0 large-vehicle 0
130.0 446.0 122.0 451.0 99.0 423.0 105.0 417.0 large-vehicle 0
142.0 439.0 134.0 445.0 108.0 414.0 115.0 408.0 large-vehicle 0
151.0 430.0 144.0 436.0 118.0 406.0 125.0 400.0 large-vehicle 0
88.0 524.0 95.0 520.0 115.0 547.0 108.0 554.0 large-vehicle 0
97.0 516.0 105.0 510.0 125.0 539.0 118.0 544.0 large-vehicle 0
107.0 508.0 116.0 503.0 136.0 529.0 129.0 536.0 large-vehicle 0
118.0 501.0 126.0 495.0 146.0 521.0 139.0 527.0 large-vehicle 0
127.0 492.0 135.0 486.0 156.0 513.0 148.0 520.0 large-vehicle 0
137.0 484.0 144.0 478.0 166.0 504.0 159.0 512.0 large-vehicle 0
147.0 476.0 154.0 471.0 175.0 496.0 168.0 502.0 large-vehicle 0
157.0 468.0 165.0 462.0 185.0 489.0 178.0 495.0 large-vehicle 0
167.0 460.0 175.0 454.0 196.0 480.0 188.0 487.0 large-vehicle 0
178.0 451.0 185.0 444.0 205.0 472.0 197.0 479.0 large-vehicle 0
293.0 304.0 285.0 311.0 260.0 281.0 268.0 276.0 large-vehicle 0
283.0 313.0 276.0 319.0 250.0 290.0 256.0 284.0 large-vehicle 0
240.0 295.0 234.0 288.0 262.0 261.0 268.0 269.0 large-vehicle 0
191.0 237.0 184.0 229.0 212.0 203.0 218.0 212.0 large-vehicle 0
135.0 253.0 134.0 262.0 96.0 255.0 98.0 246.0 large-vehicle 0
131.0 266.0 129.0 275.0 95.0 267.0 97.0 259.0 large-vehicle 0
127.0 278.0 125.0 288.0 90.0 280.0 93.0 270.0 large-vehicle 0
173.0 217.0 167.0 210.0 196.0 184.0 203.0 192.0 large-vehicle 0
222.0 147.0 227.0 155.0 197.0 180.0 191.0 172.0 large-vehicle 0
230.0 156.0 236.0 164.0 206.0 190.0 200.0 181.0 large-vehicle 0
237.0 166.0 243.0 173.0 213.0 198.0 207.0 191.0 large-vehicle 0
182.0 227.0 177.0 219.0 204.0 194.0 210.0 202.0 large-vehicle 0
246.0 175.0 252.0 183.0 222.0 209.0 216.0 202.0 large-vehicle 0
254.0 186.0 260.0 194.0 230.0 218.0 223.0 210.0 large-vehicle 0
233.0 283.0 227.0 276.0 254.0 251.0 260.0 259.0 large-vehicle 0
262.0 194.0 268.0 202.0 239.0 227.0 232.0 219.0 large-vehicle 0
271.0 203.0 276.0 212.0 247.0 237.0 241.0 230.0 large-vehicle 0
279.0 214.0 284.0 221.0 255.0 247.0 248.0 239.0 large-vehicle 0
287.0 223.0 292.0 231.0 264.0 257.0 257.0 249.0 large-vehicle 0
294.0 233.0 301.0 241.0 274.0 267.0 267.0 260.0 large-vehicle 0
199.0 247.0 192.0 239.0 219.0 213.0 225.0 221.0 large-vehicle 0
208.0 256.0 201.0 249.0 229.0 223.0 236.0 231.0 large-vehicle 0
216.0 265.0 209.0 258.0 237.0 232.0 243.0 239.0 large-vehicle 0
224.0 275.0 217.0 268.0 245.0 241.0 251.0 249.0 large-vehicle 0
187.0 442.0 195.0 437.0 215.0 463.0 208.0 470.0 large-vehicle 0
197.0 434.0 204.0 429.0 225.0 454.0 218.0 461.0 large-vehicle 0
207.0 426.0 214.0 420.0 235.0 447.0 227.0 454.0 large-vehicle 0
257.0 661.0 262.0 668.0 252.0 677.0 247.0 671.0 small-vehicle 1
14.0 518.0 9.0 508.0 23.0 501.0 26.0 510.0 small-vehicle 1
4.0 549.0 1.0 543.0 13.0 535.0 17.0 541.0 small-vehicle 1
42.0 570.0 36.0 576.0 23.0 567.0 26.0 560.0 small-vehicle 1
42.0 584.0 36.0 580.0 47.0 566.0 54.0 571.0 small-vehicle 1
54.0 594.0 46.0 593.0 48.0 577.0 57.0 577.0 small-vehicle 1
13.0 595.0 20.0 598.0 16.0 612.0 7.0 611.0 small-vehicle 1
9.0 628.0 2.0 626.0 6.0 610.0 13.0 613.0 small-vehicle 1
145.0 582.0 141.0 576.0 150.0 569.0 157.0 576.0 small-vehicle 1
255.0 616.0 260.0 624.0 244.0 636.0 238.0 631.0 small-vehicle 1
271.0 698.0 266.0 702.0 254.0 687.0 260.0 681.0 small-vehicle 1
291.0 529.0 298.0 524.0 308.0 537.0 303.0 543.0 small-vehicle 1
232.0 678.0 226.0 679.0 222.0 667.0 229.0 664.0 small-vehicle 1
212.0 672.0 219.0 670.0 221.0 686.0 216.0 688.0 small-vehicle 1
58.0 704.0 64.0 712.0 50.0 722.0 46.0 715.0 small-vehicle 1
51.0 693.0 46.0 686.0 64.0 675.0 68.0 683.0 small-vehicle 1
166.0 717.0 159.0 721.0 149.0 704.0 156.0 700.0 small-vehicle 1
395.0 760.0 387.0 761.0 384.0 741.0 393.0 740.0 small-vehicle 1
312.0 562.0 318.0 569.0 304.0 581.0 299.0 574.0 small-vehicle 1
342.0 588.0 348.0 594.0 335.0 608.0 328.0 601.0 small-vehicle 1
357.0 604.0 362.0 611.0 348.0 622.0 342.0 615.0 small-vehicle 1
329.0 549.0 334.0 544.0 341.0 555.0 336.0 561.0 small-vehicle 1
218.0 507.0 213.0 500.0 227.0 488.0 232.0 494.0 small-vehicle 1
216.0 417.0 225.0 412.0 244.0 439.0 238.0 445.0 large-vehicle 0
319.0 193.0 313.0 186.0 341.0 162.0 346.0 169.0 large-vehicle 0
227.0 411.0 234.0 403.0 256.0 429.0 249.0 436.0 large-vehicle 0
238.0 401.0 245.0 395.0 266.0 420.0 259.0 428.0 large-vehicle 0
247.0 392.0 255.0 386.0 276.0 411.0 270.0 418.0 large-vehicle 0
299.0 351.0 307.0 345.0 327.0 370.0 320.0 376.0 large-vehicle 0
308.0 342.0 316.0 336.0 336.0 361.0 330.0 368.0 large-vehicle 0
318.0 334.0 327.0 328.0 347.0 351.0 340.0 359.0 large-vehicle 0
338.0 239.0 331.0 233.0 355.0 204.0 361.0 210.0 large-vehicle 0
332.0 223.0 325.0 217.0 350.0 189.0 356.0 195.0 large-vehicle 0
326.0 210.0 319.0 204.0 344.0 176.0 351.0 181.0 large-vehicle 0
310.0 183.0 305.0 177.0 334.0 153.0 339.0 160.0 large-vehicle 0
360.0 403.0 356.0 396.0 369.0 388.0 373.0 394.0 small-vehicle 1
304.0 174.0 298.0 167.0 326.0 142.0 331.0 149.0 large-vehicle 0
294.0 165.0 288.0 159.0 317.0 134.0 322.0 141.0 large-vehicle 0
287.0 154.0 280.0 147.0 309.0 122.0 315.0 130.0 large-vehicle 0
280.0 145.0 273.0 137.0 303.0 113.0 308.0 120.0 large-vehicle 0
271.0 134.0 265.0 127.0 295.0 103.0 301.0 110.0 large-vehicle 0
265.0 125.0 258.0 118.0 287.0 93.0 293.0 100.0 large-vehicle 0
255.0 116.0 249.0 109.0 281.0 84.0 286.0 91.0 large-vehicle 0
248.0 104.0 241.0 97.0 273.0 72.0 279.0 79.0 large-vehicle 0
381.0 238.0 376.0 231.0 389.0 220.0 395.0 226.0 small-vehicle 1
99.0 239.0 102.0 230.0 137.0 240.0 133.0 249.0 large-vehicle 0
