imagesource:GoogleEarth
gsd:0.276182004642
514.0 928.0 515.0 918.0 535.0 919.0 535.0 929.0 small-vehicle 1
155.0 675.0 157.0 666.0 173.0 667.0 172.0 676.0 small-vehicle 1
260.0 123.0 304.0 129.0 292.0 216.0 249.0 211.0 tennis-court 0
170.0 245.0 212.0 251.0 201.0 339.0 157.0 335.0 tennis-court 0
228.0 253.0 271.0 259.0 259.0 347.0 216.0 343.0 tennis-court 0
132.0 376.0 176.0 381.0 163.0 470.0 119.0 465.0 tennis-court 0
191.0 384.0 234.0 389.0 222.0 477.0 178.0 472.0 tennis-court 0
272.0 469.0 285.0 472.0 272.0 510.0 261.0 507.0 large-vehicle 0
194.0 757.0 238.0 759.0 236.0 848.0 191.0 848.0 tennis-court 0
243.0 760.0 288.0 761.0 285.0 850.0 241.0 849.0 tennis-court 0
393.0 795.0 394.0 737.0 480.0 741.0 478.0 797.0 basketball-court 0
392.0 859.0 393.0 798.0 477.0 802.0 475.0 861.0 basketball-court 0
539.0 230.0 533.0 223.0 546.0 212.0 552.0 217.0 small-vehicle 1
563.0 231.0 568.0 237.0 558.0 246.0 551.0 241.0 small-vehicle 1
616.0 242.0 608.0 241.0 610.0 224.0 618.0 224.0 small-vehicle 1
450.0 235.0 457.0 240.0 448.0 255.0 440.0 249.0 small-vehicle 1
275.0 677.0 275.0 669.0 293.0 669.0 294.0 677.0 small-vehicle 1
609.0 866.0 619.0 866.0 617.0 886.0 607.0 885.0 small-vehicle 1
353.0 675.0 352.0 666.0 371.0 667.0 371.0 677.0 small-vehicle 1
493.0 670.0 493.0 660.0 513.0 660.0 512.0 668.0 small-vehicle 1
556.0 669.0 557.0 661.0 572.0 661.0 573.0 670.0 small-vehicle 1
134.0 720.0 129.0 715.0 141.0 704.0 148.0 710.0 small-vehicle 1
146.0 727.0 142.0 720.0 155.0 711.0 160.0 719.0 small-vehicle 1
160.0 724.0 168.0 730.0 154.0 739.0 149.0 734.0 small-vehicle 1
501.0 934.0 491.0 934.0 492.0 911.0 501.0 911.0 small-vehicle 1
578.0 968.0 568.0 968.0 569.0 949.0 577.0 949.0 small-vehicle 1
586.0 969.0 579.0 969.0 578.0 948.0 585.0 948.0 small-vehicle 1
606.0 918.0 615.0 916.0 617.0 933.0 609.0 935.0 small-vehicle 1
458.0 259.0 451.0 254.0 459.0 241.0 466.0 245.0 small-vehicle 1
15.0 477.0 23.0 479.0 19.0 496.0 11.0 493.0 small-vehicle 1
77.0 531.0 69.0 529.0 74.0 510.0 82.0 513.0 small-vehicle 1
146.0 530.0 154.0 530.0 153.0 556.0 145.0 554.0 small-vehicle 1
205.0 115.0 248.0 121.0 237.0 209.0 192.0 203.0 tennis-court 0
