imagesource:GoogleEarth
gsd:0.262594090374
1364.0 513.0 1378.0 515.0 1378.0 565.0 1363.0 563.0 large-vehicle 0
468.0 745.0 460.0 739.0 488.0 704.0 495.0 710.0 large-vehicle 0
637.0 665.0 627.0 664.0 630.0 620.0 640.0 620.0 large-vehicle 0
651.0 666.0 640.0 666.0 643.0 623.0 654.0 623.0 large-vehicle 0
668.0 667.0 656.0 666.0 658.0 624.0 668.0 624.0 large-vehicle 0
680.0 668.0 670.0 668.0 671.0 624.0 681.0 625.0 large-vehicle 0
708.0 670.0 699.0 670.0 698.0 626.0 709.0 626.0 large-vehicle 0
721.0 672.0 710.0 671.0 714.0 626.0 725.0 626.0 large-vehicle 0
778.0 676.0 766.0 676.0 770.0 630.0 781.0 631.0 large-vehicle 0
806.0 678.0 794.0 678.0 798.0 633.0 809.0 633.0 large-vehicle 0
582.0 663.0 572.0 661.0 575.0 617.0 585.0 617.0 large-vehicle 0
568.0 661.0 556.0 659.0 561.0 615.0 570.0 615.0 large-vehicle 0
388.0 741.0 380.0 734.0 406.0 698.0 414.0 704.0 large-vehicle 0
402.0 742.0 394.0 736.0 423.0 701.0 431.0 706.0 large-vehicle 0
421.0 742.0 411.0 736.0 439.0 701.0 446.0 705.0 large-vehicle 0
485.0 746.0 478.0 741.0 504.0 705.0 511.0 711.0 large-vehicle 0
419.0 748.0 428.0 752.0 407.0 786.0 398.0 781.0 large-vehicle 0
502.0 746.0 494.0 740.0 522.0 704.0 529.0 710.0 large-vehicle 0
518.0 749.0 510.0 744.0 536.0 707.0 545.0 713.0 large-vehicle 0
568.0 748.0 561.0 743.0 586.0 706.0 595.0 711.0 large-vehicle 0
586.0 748.0 577.0 741.0 605.0 703.0 613.0 710.0 large-vehicle 0
601.0 749.0 591.0 744.0 619.0 709.0 626.0 714.0 large-vehicle 0
619.0 751.0 610.0 744.0 637.0 706.0 645.0 713.0 large-vehicle 0
631.0 756.0 622.0 750.0 649.0 714.0 658.0 721.0 large-vehicle 0
647.0 758.0 639.0 751.0 665.0 714.0 673.0 720.0 large-vehicle 0
666.0 754.0 658.0 748.0 686.0 712.0 694.0 718.0 large-vehicle 0
682.0 757.0 673.0 752.0 699.0 714.0 707.0 720.0 large-vehicle 0
713.0 758.0 705.0 752.0 732.0 715.0 741.0 722.0 large-vehicle 0
728.0 762.0 720.0 755.0 746.0 719.0 754.0 724.0 large-vehicle 0
746.0 762.0 737.0 756.0 765.0 718.0 774.0 725.0 large-vehicle 0
625.0 664.0 614.0 662.0 616.0 619.0 625.0 619.0 large-vehicle 0
610.0 663.0 600.0 661.0 603.0 618.0 613.0 618.0 large-vehicle 0
458.0 650.0 448.0 649.0 449.0 603.0 459.0 604.0 large-vehicle 0
521.0 576.0 521.0 587.0 480.0 585.0 480.0 573.0 large-vehicle 0
367.0 183.0 367.0 191.0 324.0 190.0 324.0 181.0 large-vehicle 0
366.0 211.0 365.0 221.0 331.0 218.0 331.0 209.0 large-vehicle 0
364.0 225.0 364.0 234.0 322.0 233.0 321.0 224.0 large-vehicle 0
363.0 251.0 363.0 261.0 320.0 260.0 320.0 251.0 large-vehicle 0
363.0 239.0 363.0 248.0 320.0 246.0 320.0 237.0 large-vehicle 0
359.0 278.0 360.0 288.0 326.0 289.0 326.0 278.0 large-vehicle 0
359.0 308.0 359.0 317.0 317.0 317.0 317.0 306.0 large-vehicle 0
356.0 321.0 355.0 332.0 320.0 329.0 319.0 320.0 large-vehicle 0
356.0 336.0 356.0 346.0 321.0 344.0 321.0 334.0 large-vehicle 0
354.0 363.0 354.0 372.0 319.0 372.0 319.0 364.0 large-vehicle 0
356.0 376.0 356.0 386.0 320.0 386.0 321.0 375.0 large-vehicle 0
353.0 406.0 352.0 415.0 310.0 413.0 310.0 403.0 large-vehicle 0
393.0 523.0 389.0 513.0 431.0 494.0 434.0 502.0 large-vehicle 0
394.0 478.0 389.0 469.0 431.0 449.0 435.0 458.0 large-vehicle 0
395.0 492.0 391.0 485.0 430.0 465.0 436.0 473.0 large-vehicle 0
386.0 587.0 382.0 577.0 424.0 560.0 427.0 568.0 large-vehicle 0
552.0 408.0 564.0 409.0 562.0 448.0 548.0 446.0 large-vehicle 0
581.0 453.0 580.0 463.0 541.0 461.0 540.0 450.0 large-vehicle 0
578.0 480.0 579.0 491.0 537.0 490.0 537.0 479.0 large-vehicle 0
577.0 494.0 576.0 505.0 535.0 503.0 535.0 491.0 large-vehicle 0
529.0 493.0 529.0 503.0 488.0 501.0 488.0 493.0 large-vehicle 0
530.0 506.0 529.0 517.0 488.0 515.0 488.0 504.0 large-vehicle 0
525.0 534.0 525.0 545.0 484.0 542.0 484.0 532.0 large-vehicle 0
524.0 548.0 524.0 558.0 483.0 555.0 484.0 545.0 large-vehicle 0
572.0 550.0 572.0 561.0 530.0 558.0 530.0 547.0 large-vehicle 0
570.0 565.0 569.0 576.0 526.0 573.0 528.0 563.0 large-vehicle 0
570.0 580.0 570.0 590.0 526.0 587.0 527.0 577.0 large-vehicle 0
404.0 746.0 412.0 750.0 392.0 785.0 384.0 779.0 large-vehicle 0
454.0 746.0 462.0 752.0 440.0 784.0 431.0 779.0 large-vehicle 0
975.0 780.0 985.0 786.0 961.0 819.0 951.0 814.0 large-vehicle 0
1301.0 801.0 1308.0 808.0 1284.0 842.0 1276.0 836.0 large-vehicle 0
1103.0 873.0 1114.0 875.0 1110.0 918.0 1099.0 916.0 large-vehicle 0
1131.0 875.0 1141.0 876.0 1139.0 919.0 1129.0 919.0 large-vehicle 0
1145.0 875.0 1156.0 877.0 1152.0 919.0 1141.0 918.0 large-vehicle 0
1158.0 876.0 1168.0 877.0 1166.0 921.0 1156.0 920.0 large-vehicle 0
1172.0 877.0 1184.0 878.0 1181.0 922.0 1169.0 921.0 large-vehicle 0
1212.0 881.0 1222.0 881.0 1221.0 925.0 1210.0 924.0 large-vehicle 0
1226.0 882.0 1236.0 882.0 1236.0 925.0 1226.0 925.0 large-vehicle 0
1241.0 880.0 1252.0 881.0 1250.0 925.0 1239.0 925.0 large-vehicle 0
1256.0 882.0 1266.0 883.0 1264.0 927.0 1254.0 926.0 large-vehicle 0
1269.0 884.0 1278.0 884.0 1278.0 926.0 1267.0 927.0 large-vehicle 0
1297.0 884.0 1305.0 884.0 1306.0 928.0 1295.0 928.0 large-vehicle 0
1311.0 886.0 1321.0 888.0 1321.0 930.0 1311.0 931.0 large-vehicle 0
1316.0 803.0 1324.0 809.0 1302.0 844.0 1293.0 838.0 large-vehicle 0
1235.0 796.0 1244.0 802.0 1221.0 838.0 1212.0 832.0 large-vehicle 0
470.0 747.0 479.0 753.0 456.0 788.0 448.0 782.0 large-vehicle 0
1219.0 798.0 1226.0 803.0 1204.0 838.0 1194.0 831.0 large-vehicle 0
1202.0 796.0 1211.0 802.0 1187.0 837.0 1178.0 831.0 large-vehicle 0
1188.0 792.0 1196.0 797.0 1174.0 831.0 1165.0 826.0 large-vehicle 0
1171.0 792.0 1179.0 798.0 1156.0 832.0 1148.0 826.0 large-vehicle 0
1153.0 792.0 1161.0 798.0 1138.0 831.0 1129.0 825.0 large-vehicle 0
1136.0 790.0 1145.0 796.0 1121.0 831.0 1113.0 825.0 large-vehicle 0
1121.0 787.0 1131.0 792.0 1108.0 826.0 1099.0 820.0 large-vehicle 0
1102.0 789.0 1112.0 796.0 1090.0 830.0 1081.0 824.0 large-vehicle 0
1088.0 786.0 1096.0 792.0 1073.0 826.0 1065.0 820.0 large-vehicle 0
1072.0 785.0 1080.0 789.0 1057.0 824.0 1049.0 818.0 large-vehicle 0
1040.0 784.0 1046.0 791.0 1026.0 823.0 1015.0 818.0 large-vehicle 0
1025.0 781.0 1034.0 788.0 1011.0 819.0 1002.0 813.0 large-vehicle 0
1007.0 781.0 1015.0 788.0 994.0 821.0 986.0 815.0 large-vehicle 0
1088.0 872.0 1101.0 873.0 1096.0 915.0 1085.0 914.0 large-vehicle 0
1060.0 869.0 1071.0 869.0 1070.0 914.0 1060.0 914.0 large-vehicle 0
1048.0 869.0 1059.0 871.0 1053.0 913.0 1044.0 911.0 large-vehicle 0
1031.0 867.0 1042.0 868.0 1041.0 911.0 1031.0 911.0 large-vehicle 0
487.0 748.0 495.0 755.0 472.0 788.0 464.0 782.0 large-vehicle 0
503.0 749.0 512.0 756.0 489.0 790.0 482.0 785.0 large-vehicle 0
560.0 841.0 572.0 843.0 568.0 886.0 556.0 885.0 large-vehicle 0
533.0 842.0 544.0 844.0 540.0 885.0 529.0 883.0 large-vehicle 0
519.0 752.0 526.0 756.0 503.0 792.0 496.0 786.0 large-vehicle 0
536.0 748.0 545.0 754.0 523.0 789.0 514.0 784.0 large-vehicle 0
554.0 751.0 562.0 758.0 539.0 791.0 531.0 786.0 large-vehicle 0
585.0 754.0 592.0 759.0 569.0 793.0 561.0 788.0 large-vehicle 0
603.0 751.0 611.0 757.0 586.0 792.0 579.0 786.0 large-vehicle 0
616.0 755.0 625.0 761.0 601.0 795.0 592.0 789.0 large-vehicle 0
632.0 759.0 641.0 765.0 618.0 799.0 609.0 792.0 large-vehicle 0
648.0 761.0 657.0 765.0 635.0 799.0 625.0 794.0 large-vehicle 0
664.0 760.0 674.0 765.0 651.0 801.0 641.0 794.0 large-vehicle 0
681.0 763.0 688.0 769.0 665.0 801.0 657.0 796.0 large-vehicle 0
696.0 763.0 704.0 768.0 682.0 802.0 674.0 796.0 large-vehicle 0
709.0 766.0 716.0 772.0 695.0 806.0 688.0 801.0 large-vehicle 0
729.0 765.0 736.0 772.0 712.0 806.0 703.0 799.0 large-vehicle 0
746.0 764.0 754.0 769.0 732.0 804.0 724.0 798.0 large-vehicle 0
765.0 762.0 774.0 768.0 751.0 803.0 742.0 796.0 large-vehicle 0
781.0 764.0 789.0 769.0 766.0 804.0 758.0 799.0 large-vehicle 0
797.0 768.0 805.0 773.0 781.0 808.0 772.0 803.0 large-vehicle 0
851.0 852.0 861.0 854.0 858.0 897.0 848.0 896.0 large-vehicle 0
935.0 861.0 946.0 862.0 942.0 904.0 931.0 903.0 large-vehicle 0
950.0 861.0 959.0 861.0 956.0 905.0 947.0 905.0 large-vehicle 0
962.0 862.0 972.0 862.0 972.0 906.0 961.0 906.0 large-vehicle 0
975.0 862.0 986.0 862.0 986.0 906.0 975.0 906.0 large-vehicle 0
1004.0 863.0 1015.0 865.0 1013.0 908.0 1003.0 907.0 large-vehicle 0
367.0 168.0 367.0 180.0 325.0 177.0 325.0 167.0 large-vehicle 0
369.0 156.0 369.0 165.0 326.0 163.0 326.0 153.0 large-vehicle 0
375.0 127.0 375.0 137.0 330.0 135.0 331.0 126.0 large-vehicle 0
502.0 838.0 516.0 838.0 516.0 883.0 502.0 883.0 large-vehicle 0
971.0 174.0 962.0 179.0 941.0 144.0 952.0 139.0 large-vehicle 0
988.0 180.0 980.0 185.0 960.0 147.0 969.0 142.0 large-vehicle 0
1005.0 179.0 995.0 184.0 972.0 146.0 984.0 140.0 large-vehicle 0
455.0 743.0 446.0 737.0 473.0 699.0 481.0 705.0 large-vehicle 0
552.0 752.0 543.0 746.0 567.0 708.0 577.0 714.0 large-vehicle 0
376.0 826.0 391.0 826.0 391.0 873.0 376.0 873.0 large-vehicle 0
392.0 829.0 406.0 829.0 406.0 876.0 392.0 876.0 large-vehicle 0
407.0 831.0 418.0 831.0 418.0 876.0 407.0 876.0 large-vehicle 0
420.0 834.0 432.0 834.0 432.0 878.0 420.0 878.0 large-vehicle 0
433.0 834.0 447.0 834.0 447.0 880.0 433.0 880.0 large-vehicle 0
448.0 836.0 462.0 836.0 462.0 881.0 448.0 881.0 large-vehicle 0
463.0 836.0 475.0 836.0 475.0 881.0 463.0 881.0 large-vehicle 0
475.0 836.0 487.0 836.0 487.0 882.0 475.0 882.0 large-vehicle 0
516.0 838.0 528.0 838.0 528.0 884.0 516.0 884.0 large-vehicle 0
372.0 112.0 372.0 123.0 329.0 121.0 329.0 110.0 large-vehicle 0
544.0 840.0 558.0 840.0 558.0 885.0 544.0 885.0 large-vehicle 0
629.0 839.0 641.0 839.0 641.0 883.0 629.0 883.0 large-vehicle 0
1119.0 875.0 1129.0 875.0 1126.0 918.0 1114.0 916.0 large-vehicle 0
1283.0 882.0 1294.0 882.0 1294.0 929.0 1283.0 929.0 large-vehicle 0
797.0 982.0 810.0 982.0 810.0 1027.0 797.0 1027.0 large-vehicle 0
810.0 982.0 822.0 982.0 822.0 1027.0 810.0 1027.0 large-vehicle 0
823.0 984.0 833.0 984.0 833.0 1027.0 823.0 1027.0 large-vehicle 0
835.0 984.0 848.0 984.0 848.0 1027.0 835.0 1027.0 large-vehicle 0
849.0 985.0 859.0 985.0 859.0 1027.0 849.0 1027.0 large-vehicle 0
859.0 986.0 870.0 986.0 870.0 1027.0 859.0 1027.0 large-vehicle 0
884.0 986.0 895.0 986.0 895.0 1030.0 884.0 1030.0 large-vehicle 0
897.0 989.0 907.0 989.0 907.0 1025.0 897.0 1025.0 large-vehicle 0
922.0 988.0 931.0 988.0 931.0 1033.0 922.0 1033.0 large-vehicle 0
955.0 175.0 945.0 178.0 929.0 147.0 939.0 142.0 large-vehicle 0
939.0 177.0 929.0 182.0 912.0 149.0 921.0 144.0 large-vehicle 0
922.0 175.0 912.0 179.0 893.0 139.0 902.0 135.0 large-vehicle 0
908.0 176.0 898.0 182.0 879.0 143.0 888.0 139.0 large-vehicle 0
361.0 295.0 359.0 305.0 324.0 303.0 324.0 293.0 large-vehicle 0
355.0 390.0 354.0 401.0 311.0 399.0 312.0 389.0 large-vehicle 0
393.0 508.0 388.0 501.0 429.0 478.0 434.0 488.0 large-vehicle 0
395.0 540.0 390.0 531.0 431.0 511.0 436.0 521.0 large-vehicle 0
384.0 634.0 379.0 625.0 417.0 601.0 423.0 612.0 large-vehicle 0
531.0 476.0 531.0 488.0 489.0 488.0 490.0 477.0 large-vehicle 0
569.0 520.0 569.0 530.0 529.0 531.0 529.0 520.0 large-vehicle 0
445.0 647.0 435.0 647.0 436.0 601.0 446.0 602.0 large-vehicle 0
487.0 654.0 474.0 654.0 476.0 607.0 488.0 609.0 large-vehicle 0
502.0 654.0 491.0 655.0 492.0 610.0 504.0 610.0 large-vehicle 0
514.0 656.0 503.0 656.0 505.0 611.0 516.0 612.0 large-vehicle 0
528.0 658.0 517.0 657.0 519.0 613.0 529.0 614.0 large-vehicle 0
554.0 660.0 542.0 658.0 546.0 614.0 557.0 616.0 large-vehicle 0
600.0 663.0 588.0 663.0 588.0 619.0 600.0 618.0 large-vehicle 0
696.0 669.0 685.0 669.0 685.0 624.0 696.0 625.0 large-vehicle 0
751.0 675.0 739.0 674.0 739.0 629.0 751.0 629.0 large-vehicle 0
902.0 686.0 891.0 685.0 895.0 641.0 906.0 643.0 large-vehicle 0
681.0 107.0 681.0 118.0 639.0 116.0 641.0 105.0 large-vehicle 0
842.0 120.0 842.0 130.0 801.0 128.0 801.0 117.0 large-vehicle 0
677.0 159.0 667.0 163.0 652.0 134.0 661.0 129.0 large-vehicle 0
695.0 161.0 685.0 167.0 666.0 129.0 676.0 124.0 large-vehicle 0
710.0 163.0 702.0 165.0 689.0 134.0 695.0 130.0 large-vehicle 0
731.0 169.0 722.0 173.0 703.0 133.0 711.0 129.0 large-vehicle 0
762.0 166.0 753.0 171.0 733.0 132.0 741.0 128.0 large-vehicle 0
809.0 165.0 800.0 169.0 781.0 132.0 791.0 129.0 large-vehicle 0
825.0 170.0 817.0 174.0 800.0 138.0 809.0 133.0 large-vehicle 0
873.0 173.0 866.0 177.0 851.0 145.0 857.0 141.0 large-vehicle 0
935.0 992.0 945.0 992.0 945.0 1034.0 935.0 1034.0 large-vehicle 0
947.0 992.0 959.0 992.0 959.0 1037.0 947.0 1037.0 large-vehicle 0
960.0 994.0 971.0 994.0 971.0 1039.0 960.0 1039.0 large-vehicle 0
355.0 1291.0 344.0 1290.0 349.0 1252.0 359.0 1253.0 large-vehicle 0
224.0 1297.0 236.0 1297.0 236.0 1338.0 224.0 1338.0 large-vehicle 0
239.0 1303.0 250.0 1303.0 250.0 1342.0 239.0 1342.0 large-vehicle 0
262.0 1342.0 251.0 1341.0 255.0 1301.0 264.0 1302.0 large-vehicle 0
277.0 1335.0 265.0 1334.0 269.0 1297.0 278.0 1297.0 large-vehicle 0
290.0 1338.0 277.0 1338.0 281.0 1298.0 292.0 1299.0 large-vehicle 0
303.0 1338.0 291.0 1337.0 294.0 1299.0 303.0 1300.0 large-vehicle 1
304.0 1304.0 314.0 1304.0 314.0 1335.0 304.0 1335.0 large-vehicle 1
317.0 1304.0 327.0 1304.0 327.0 1335.0 317.0 1335.0 large-vehicle 1
327.0 1304.0 337.0 1304.0 337.0 1336.0 327.0 1336.0 large-vehicle 1
340.0 1297.0 350.0 1297.0 350.0 1337.0 340.0 1337.0 large-vehicle 1
278.0 1158.0 276.0 1171.0 236.0 1168.0 238.0 1156.0 large-vehicle 1
285.0 1062.0 284.0 1072.0 243.0 1071.0 243.0 1060.0 large-vehicle 0
789.0 114.0 788.0 124.0 745.0 120.0 745.0 111.0 large-vehicle 0
888.0 172.0 880.0 176.0 860.0 140.0 869.0 135.0 large-vehicle 0
779.0 167.0 768.0 173.0 747.0 135.0 756.0 130.0 large-vehicle 0
645.0 159.0 635.0 162.0 618.0 124.0 626.0 120.0 large-vehicle 0
659.0 157.0 650.0 161.0 632.0 124.0 641.0 119.0 large-vehicle 0
629.0 154.0 619.0 158.0 603.0 122.0 611.0 119.0 large-vehicle 0
857.0 172.0 848.0 178.0 830.0 138.0 839.0 133.0 large-vehicle 0
843.0 172.0 833.0 178.0 812.0 134.0 823.0 129.0 large-vehicle 0
792.0 165.0 781.0 172.0 763.0 132.0 773.0 126.0 large-vehicle 0
686.0 842.0 698.0 844.0 693.0 887.0 680.0 886.0 large-vehicle 0
329.0 206.0 329.0 196.0 371.0 198.0 370.0 206.0 large-vehicle 0
986.0 127.0 983.0 139.0 941.0 133.0 943.0 122.0 large-vehicle 0
376.0 72.0 376.0 82.0 332.0 80.0 333.0 70.0 large-vehicle 0
375.0 86.0 376.0 95.0 331.0 93.0 331.0 84.0 large-vehicle 0
373.0 101.0 373.0 110.0 330.0 106.0 331.0 97.0 large-vehicle 0
370.0 1294.0 359.0 1294.0 362.0 1263.0 374.0 1265.0 large-vehicle 0
345.0 1218.0 348.0 1206.0 392.0 1208.0 389.0 1221.0 large-vehicle 0
793.0 1049.0 805.0 1049.0 805.0 1095.0 793.0 1095.0 large-vehicle 0
348.0 1206.0 348.0 1193.0 393.0 1194.0 393.0 1205.0 large-vehicle 0
807.0 1052.0 818.0 1052.0 818.0 1098.0 807.0 1098.0 large-vehicle 0
819.0 1054.0 831.0 1054.0 831.0 1097.0 819.0 1097.0 large-vehicle 0
832.0 1051.0 846.0 1051.0 846.0 1096.0 832.0 1096.0 large-vehicle 0
855.0 1052.0 865.0 1052.0 865.0 1089.0 855.0 1089.0 large-vehicle 0
869.0 1057.0 881.0 1057.0 881.0 1095.0 869.0 1095.0 large-vehicle 0
884.0 1051.0 894.0 1051.0 894.0 1095.0 884.0 1095.0 large-vehicle 0
926.0 1045.0 937.0 1045.0 937.0 1089.0 926.0 1089.0 large-vehicle 0
942.0 1045.0 957.0 1045.0 957.0 1091.0 942.0 1091.0 large-vehicle 0
958.0 1045.0 969.0 1045.0 969.0 1091.0 958.0 1091.0 large-vehicle 0
690.0 1071.0 685.0 1060.0 724.0 1042.0 728.0 1050.0 large-vehicle 0
739.0 1047.0 735.0 1038.0 775.0 1019.0 779.0 1027.0 large-vehicle 0
730.0 1066.0 728.0 1057.0 767.0 1039.0 770.0 1048.0 large-vehicle 0
736.0 1080.0 732.0 1071.0 773.0 1051.0 776.0 1060.0 large-vehicle 0
333.0 927.0 327.0 918.0 370.0 897.0 376.0 907.0 large-vehicle 0
287.0 979.0 286.0 991.0 253.0 991.0 253.0 979.0 large-vehicle 0
287.0 1007.0 285.0 1017.0 247.0 1019.0 247.0 1006.0 large-vehicle 0
287.0 1018.0 286.0 1032.0 246.0 1030.0 247.0 1018.0 large-vehicle 0
287.0 1034.0 286.0 1045.0 244.0 1045.0 245.0 1033.0 large-vehicle 0
284.0 1090.0 282.0 1101.0 242.0 1099.0 243.0 1088.0 large-vehicle 0
278.0 1169.0 278.0 1182.0 239.0 1184.0 239.0 1173.0 large-vehicle 0
276.0 1189.0 277.0 1200.0 239.0 1203.0 237.0 1193.0 large-vehicle 0
377.0 995.0 377.0 984.0 418.0 983.0 417.0 994.0 large-vehicle 0
374.0 1010.0 376.0 998.0 415.0 1000.0 414.0 1012.0 large-vehicle 0
369.0 1079.0 369.0 1069.0 408.0 1067.0 408.0 1078.0 large-vehicle 0
365.0 1096.0 366.0 1085.0 409.0 1084.0 409.0 1094.0 large-vehicle 0
365.0 1121.0 366.0 1111.0 405.0 1110.0 405.0 1120.0 large-vehicle 0
357.0 1163.0 359.0 1151.0 395.0 1152.0 394.0 1162.0 large-vehicle 0
990.0 780.0 999.0 788.0 976.0 819.0 968.0 814.0 large-vehicle 0
960.0 779.0 969.0 785.0 944.0 818.0 936.0 812.0 large-vehicle 0
38.0 354.0 28.0 354.0 27.0 332.0 40.0 331.0 small-vehicle 1
930.0 606.0 931.0 596.0 953.0 598.0 953.0 607.0 small-vehicle 0
980.0 579.0 980.0 567.0 1004.0 569.0 1004.0 579.0 small-vehicle 0
931.0 574.0 932.0 565.0 952.0 568.0 952.0 575.0 small-vehicle 0
931.0 584.0 932.0 575.0 950.0 577.0 949.0 586.0 small-vehicle 0
907.0 573.0 908.0 563.0 927.0 565.0 926.0 574.0 small-vehicle 0
907.0 584.0 907.0 574.0 928.0 575.0 927.0 585.0 small-vehicle 0
878.0 571.0 877.0 581.0 856.0 581.0 857.0 572.0 small-vehicle 0
858.0 590.0 858.0 581.0 879.0 584.0 877.0 592.0 small-vehicle 0
857.0 600.0 857.0 590.0 879.0 591.0 879.0 601.0 small-vehicle 0
855.0 612.0 857.0 601.0 880.0 603.0 879.0 615.0 small-vehicle 0
904.0 615.0 906.0 606.0 922.0 608.0 921.0 616.0 small-vehicle 0
929.0 598.0 927.0 606.0 906.0 603.0 908.0 595.0 small-vehicle 0
907.0 594.0 908.0 585.0 924.0 587.0 923.0 595.0 small-vehicle 0
928.0 595.0 929.0 585.0 948.0 587.0 947.0 597.0 small-vehicle 0
930.0 625.0 931.0 615.0 950.0 618.0 948.0 627.0 small-vehicle 0
1108.0 322.0 1109.0 312.0 1131.0 314.0 1130.0 323.0 small-vehicle 0
978.0 611.0 979.0 599.0 1006.0 601.0 1005.0 613.0 small-vehicle 0
981.0 600.0 982.0 590.0 1001.0 593.0 1000.0 602.0 small-vehicle 0
1293.0 73.0 1292.0 82.0 1271.0 81.0 1272.0 71.0 small-vehicle 0
1190.0 150.0 1191.0 137.0 1222.0 139.0 1220.0 151.0 small-vehicle 0
1163.0 147.0 1165.0 135.0 1187.0 139.0 1185.0 150.0 small-vehicle 0
1130.0 145.0 1132.0 135.0 1153.0 138.0 1151.0 148.0 small-vehicle 0
1214.0 218.0 1226.0 220.0 1221.0 243.0 1210.0 241.0 small-vehicle 0
1257.0 223.0 1269.0 225.0 1266.0 244.0 1255.0 243.0 small-vehicle 0
1148.0 235.0 1136.0 235.0 1138.0 210.0 1149.0 210.0 small-vehicle 0
1135.0 228.0 1127.0 234.0 1115.0 220.0 1122.0 214.0 small-vehicle 0
1114.0 251.0 1114.0 238.0 1140.0 241.0 1138.0 252.0 small-vehicle 0
1114.0 278.0 1115.0 267.0 1140.0 269.0 1138.0 280.0 small-vehicle 0
1109.0 290.0 1110.0 280.0 1136.0 284.0 1134.0 294.0 small-vehicle 0
931.0 564.0 932.0 557.0 947.0 557.0 947.0 565.0 small-vehicle 0
909.0 563.0 909.0 552.0 928.0 555.0 927.0 564.0 small-vehicle 0
880.0 561.0 879.0 570.0 855.0 570.0 855.0 561.0 small-vehicle 0
878.0 552.0 878.0 560.0 856.0 559.0 857.0 551.0 small-vehicle 0
837.0 461.0 847.0 461.0 845.0 483.0 835.0 483.0 small-vehicle 0
836.0 490.0 846.0 490.0 844.0 508.0 833.0 507.0 small-vehicle 0
886.0 494.0 885.0 504.0 864.0 502.0 866.0 492.0 small-vehicle 0
916.0 488.0 917.0 479.0 937.0 483.0 935.0 492.0 small-vehicle 0
960.0 484.0 959.0 494.0 939.0 492.0 940.0 482.0 small-vehicle 0
916.0 500.0 919.0 489.0 937.0 494.0 935.0 504.0 small-vehicle 0
939.0 501.0 939.0 492.0 957.0 493.0 957.0 502.0 small-vehicle 0
1009.0 488.0 1010.0 497.0 991.0 495.0 990.0 486.0 small-vehicle 0
987.0 506.0 987.0 495.0 1009.0 498.0 1008.0 508.0 small-vehicle 0
988.0 515.0 989.0 506.0 1008.0 509.0 1007.0 518.0 small-vehicle 0
987.0 525.0 988.0 515.0 1009.0 517.0 1008.0 527.0 small-vehicle 0
936.0 523.0 936.0 513.0 957.0 515.0 955.0 525.0 small-vehicle 0
936.0 511.0 937.0 500.0 958.0 504.0 956.0 513.0 small-vehicle 0
919.0 510.0 919.0 502.0 936.0 503.0 935.0 511.0 small-vehicle 0
934.0 513.0 934.0 522.0 916.0 520.0 917.0 511.0 small-vehicle 0
882.0 505.0 881.0 513.0 861.0 512.0 862.0 504.0 small-vehicle 0
863.0 529.0 863.0 520.0 884.0 520.0 884.0 529.0 small-vehicle 0
933.0 523.0 932.0 532.0 914.0 530.0 916.0 521.0 small-vehicle 0
935.0 533.0 936.0 524.0 955.0 527.0 954.0 535.0 small-vehicle 0
985.0 536.0 985.0 526.0 1009.0 529.0 1009.0 537.0 small-vehicle 0
982.0 556.0 984.0 545.0 1007.0 548.0 1006.0 559.0 small-vehicle 0
932.0 532.0 932.0 540.0 911.0 540.0 912.0 530.0 small-vehicle 0
936.0 544.0 936.0 534.0 954.0 535.0 954.0 544.0 small-vehicle 0
934.0 553.0 934.0 543.0 957.0 547.0 955.0 556.0 small-vehicle 0
917.0 554.0 917.0 544.0 934.0 545.0 933.0 554.0 small-vehicle 0
882.0 529.0 881.0 537.0 861.0 535.0 862.0 526.0 small-vehicle 0
881.0 541.0 880.0 551.0 861.0 549.0 861.0 540.0 small-vehicle 0
1109.0 310.0 1110.0 300.0 1132.0 303.0 1129.0 313.0 small-vehicle 0
1112.0 333.0 1113.0 324.0 1132.0 326.0 1131.0 335.0 small-vehicle 0
878.0 774.0 885.0 781.0 861.0 816.0 853.0 810.0 large-vehicle 0
755.0 593.0 764.0 594.0 763.0 613.0 756.0 612.0 small-vehicle 1
134.0 860.0 124.0 859.0 127.0 839.0 135.0 841.0 small-vehicle 1
52.0 1140.0 60.0 1140.0 58.0 1158.0 51.0 1158.0 small-vehicle 1
351.0 1181.0 350.0 1171.0 376.0 1173.0 376.0 1183.0 small-vehicle 1
690.0 1415.0 680.0 1410.0 693.0 1393.0 701.0 1399.0 small-vehicle 1
685.0 1442.0 675.0 1435.0 683.0 1419.0 695.0 1423.0 small-vehicle 1
613.0 1335.0 618.0 1347.0 596.0 1351.0 593.0 1341.0 small-vehicle 1
692.0 1277.0 690.0 1286.0 669.0 1279.0 671.0 1270.0 small-vehicle 1
713.0 1284.0 710.0 1293.0 691.0 1287.0 694.0 1277.0 small-vehicle 1
717.0 1311.0 716.0 1299.0 736.0 1301.0 737.0 1311.0 small-vehicle 1
757.0 33.0 750.0 23.0 765.0 17.0 770.0 26.0 small-vehicle 1
811.0 37.0 813.0 26.0 836.0 28.0 835.0 38.0 small-vehicle 1
1013.0 229.0 1014.0 218.0 1032.0 220.0 1033.0 229.0 small-vehicle 1
1034.0 232.0 1035.0 241.0 1015.0 241.0 1014.0 230.0 small-vehicle 1
790.0 587.0 802.0 588.0 803.0 616.0 789.0 616.0 large-vehicle 1
1110.0 342.0 1110.0 333.0 1129.0 334.0 1128.0 343.0 small-vehicle 0
1022.0 1205.0 1026.0 1195.0 1044.0 1206.0 1039.0 1215.0 small-vehicle 1
859.0 1337.0 859.0 1329.0 876.0 1329.0 875.0 1337.0 small-vehicle 1
840.0 1359.0 830.0 1357.0 833.0 1335.0 844.0 1337.0 small-vehicle 1
837.0 1380.0 827.0 1379.0 831.0 1359.0 841.0 1360.0 small-vehicle 1
835.0 1402.0 826.0 1401.0 826.0 1381.0 837.0 1381.0 small-vehicle 1
915.0 1434.0 914.0 1426.0 934.0 1427.0 935.0 1436.0 small-vehicle 1
911.0 1459.0 912.0 1447.0 933.0 1449.0 933.0 1460.0 small-vehicle 1
1134.0 1439.0 1135.0 1450.0 1118.0 1450.0 1117.0 1439.0 small-vehicle 1
1294.0 1461.0 1284.0 1461.0 1285.0 1439.0 1296.0 1440.0 small-vehicle 1
168.0 546.0 177.0 546.0 179.0 565.0 171.0 566.0 small-vehicle 1
762.0 470.0 762.0 461.0 780.0 462.0 779.0 470.0 small-vehicle 1
760.0 456.0 761.0 447.0 779.0 449.0 779.0 456.0 small-vehicle 1
982.0 226.0 996.0 225.0 998.0 256.0 985.0 255.0 small-vehicle 1
138.0 839.0 127.0 839.0 128.0 818.0 138.0 818.0 small-vehicle 1
137.0 820.0 127.0 819.0 130.0 802.0 140.0 802.0 small-vehicle 1
640.0 474.0 643.0 480.0 627.0 487.0 624.0 481.0 small-vehicle 1
533.0 337.0 542.0 337.0 542.0 359.0 532.0 358.0 small-vehicle 1
1106.0 374.0 1107.0 363.0 1126.0 365.0 1124.0 375.0 small-vehicle 0
1165.0 416.0 1154.0 415.0 1160.0 391.0 1170.0 393.0 small-vehicle 0
1168.0 396.0 1179.0 397.0 1175.0 420.0 1165.0 419.0 small-vehicle 0
1248.0 401.0 1260.0 402.0 1258.0 423.0 1247.0 422.0 small-vehicle 0
1267.0 592.0 1266.0 600.0 1248.0 599.0 1249.0 590.0 small-vehicle 0
1316.0 600.0 1316.0 589.0 1339.0 593.0 1339.0 602.0 small-vehicle 0
1292.0 577.0 1291.0 587.0 1271.0 586.0 1271.0 576.0 small-vehicle 0
1322.0 568.0 1322.0 558.0 1341.0 560.0 1340.0 570.0 small-vehicle 0
1294.0 506.0 1294.0 516.0 1276.0 514.0 1276.0 505.0 small-vehicle 0
1181.0 505.0 1183.0 496.0 1205.0 501.0 1203.0 509.0 small-vehicle 0
995.0 391.0 1004.0 391.0 1001.0 415.0 991.0 413.0 small-vehicle 0
1004.0 392.0 1014.0 393.0 1013.0 411.0 1003.0 411.0 small-vehicle 0
1015.0 391.0 1025.0 391.0 1024.0 410.0 1015.0 410.0 small-vehicle 0
1029.0 395.0 1042.0 395.0 1042.0 412.0 1029.0 412.0 small-vehicle 0
302.0 443.0 301.0 452.0 282.0 450.0 282.0 441.0 small-vehicle 1
283.0 427.0 284.0 418.0 303.0 421.0 303.0 430.0 small-vehicle 1
444.0 401.0 451.0 401.0 451.0 425.0 441.0 425.0 small-vehicle 1
455.0 399.0 464.0 400.0 465.0 420.0 455.0 420.0 small-vehicle 1
467.0 401.0 477.0 402.0 475.0 427.0 465.0 426.0 small-vehicle 1
479.0 403.0 490.0 404.0 488.0 428.0 477.0 428.0 small-vehicle 1
494.0 400.0 504.0 401.0 502.0 424.0 493.0 423.0 small-vehicle 1
506.0 404.0 515.0 404.0 515.0 423.0 505.0 423.0 small-vehicle 1
518.0 404.0 527.0 405.0 525.0 428.0 517.0 428.0 small-vehicle 1
528.0 407.0 541.0 408.0 540.0 435.0 527.0 435.0 small-vehicle 1
541.0 408.0 550.0 409.0 549.0 428.0 541.0 426.0 small-vehicle 1
501.0 335.0 510.0 337.0 510.0 355.0 500.0 356.0 small-vehicle 1
523.0 336.0 532.0 337.0 531.0 356.0 521.0 355.0 small-vehicle 1
1007.0 243.0 996.0 240.0 1000.0 217.0 1009.0 219.0 small-vehicle 0
940.0 93.0 929.0 91.0 935.0 68.0 945.0 72.0 small-vehicle 0
919.0 92.0 910.0 91.0 911.0 67.0 920.0 68.0 small-vehicle 0
1223.0 706.0 1213.0 706.0 1215.0 662.0 1225.0 662.0 large-vehicle 0
998.0 691.0 987.0 691.0 991.0 647.0 1002.0 648.0 large-vehicle 0
1011.0 694.0 1001.0 692.0 1006.0 646.0 1017.0 648.0 large-vehicle 0
1041.0 695.0 1031.0 694.0 1035.0 650.0 1045.0 650.0 large-vehicle 0
1055.0 695.0 1045.0 695.0 1050.0 651.0 1059.0 651.0 large-vehicle 0
1069.0 697.0 1059.0 697.0 1062.0 652.0 1071.0 651.0 large-vehicle 0
1096.0 698.0 1087.0 699.0 1089.0 652.0 1099.0 654.0 large-vehicle 0
1126.0 700.0 1114.0 699.0 1118.0 654.0 1127.0 655.0 large-vehicle 0
1138.0 699.0 1128.0 699.0 1131.0 656.0 1140.0 656.0 large-vehicle 0
1155.0 702.0 1144.0 702.0 1145.0 659.0 1155.0 659.0 large-vehicle 0
1165.0 703.0 1157.0 702.0 1158.0 658.0 1168.0 658.0 large-vehicle 0
1181.0 704.0 1172.0 705.0 1174.0 659.0 1183.0 659.0 large-vehicle 0
1195.0 705.0 1184.0 704.0 1188.0 660.0 1197.0 660.0 large-vehicle 0
1208.0 706.0 1199.0 706.0 1202.0 662.0 1210.0 662.0 large-vehicle 0
1264.0 710.0 1254.0 708.0 1256.0 665.0 1265.0 665.0 large-vehicle 0
908.0 91.0 898.0 90.0 900.0 66.0 909.0 67.0 small-vehicle 0
1276.0 708.0 1267.0 708.0 1271.0 664.0 1281.0 664.0 large-vehicle 0
1291.0 711.0 1281.0 709.0 1284.0 664.0 1294.0 665.0 large-vehicle 0
1305.0 712.0 1295.0 712.0 1299.0 666.0 1309.0 667.0 large-vehicle 0
1319.0 712.0 1309.0 711.0 1313.0 667.0 1321.0 668.0 large-vehicle 0
382.0 650.0 377.0 641.0 416.0 621.0 421.0 629.0 large-vehicle 0
335.0 39.0 346.0 39.0 344.0 61.0 333.0 60.0 small-vehicle 0
337.0 15.0 348.0 15.0 345.0 40.0 334.0 39.0 small-vehicle 0
349.0 9.0 359.0 9.0 357.0 26.0 349.0 25.0 small-vehicle 0
347.0 27.0 356.0 27.0 356.0 44.0 348.0 44.0 small-vehicle 0
357.0 35.0 369.0 35.0 369.0 57.0 357.0 57.0 small-vehicle 0
359.0 11.0 371.0 11.0 368.0 34.0 358.0 33.0 small-vehicle 0
371.0 11.0 382.0 12.0 379.0 31.0 369.0 31.0 small-vehicle 0
369.0 35.0 380.0 35.0 378.0 54.0 368.0 54.0 small-vehicle 0
984.0 692.0 974.0 690.0 979.0 646.0 989.0 647.0 large-vehicle 0
959.0 691.0 949.0 688.0 952.0 645.0 961.0 645.0 large-vehicle 0
942.0 689.0 931.0 685.0 938.0 644.0 949.0 645.0 large-vehicle 0
929.0 689.0 919.0 686.0 924.0 642.0 932.0 644.0 large-vehicle 0
865.0 770.0 874.0 776.0 848.0 810.0 840.0 804.0 large-vehicle 0
879.0 771.0 869.0 764.0 895.0 726.0 904.0 732.0 large-vehicle 0
892.0 771.0 885.0 765.0 912.0 727.0 920.0 733.0 large-vehicle 0
909.0 772.0 902.0 766.0 929.0 729.0 937.0 735.0 large-vehicle 0
925.0 775.0 916.0 768.0 944.0 730.0 952.0 736.0 large-vehicle 0
941.0 777.0 932.0 771.0 958.0 732.0 967.0 738.0 large-vehicle 0
958.0 775.0 950.0 769.0 978.0 731.0 985.0 737.0 large-vehicle 0
972.0 778.0 964.0 772.0 991.0 735.0 1001.0 741.0 large-vehicle 0
991.0 779.0 982.0 772.0 1008.0 733.0 1016.0 739.0 large-vehicle 0
1021.0 780.0 1012.0 774.0 1041.0 736.0 1048.0 742.0 large-vehicle 0
1038.0 780.0 1029.0 774.0 1057.0 737.0 1065.0 742.0 large-vehicle 0
1052.0 782.0 1045.0 776.0 1072.0 737.0 1082.0 743.0 large-vehicle 0
1070.0 782.0 1062.0 776.0 1090.0 736.0 1099.0 742.0 large-vehicle 0
1087.0 784.0 1079.0 779.0 1107.0 740.0 1115.0 745.0 large-vehicle 0
1098.0 788.0 1092.0 784.0 1120.0 744.0 1128.0 750.0 large-vehicle 0
1116.0 786.0 1107.0 781.0 1135.0 743.0 1145.0 749.0 large-vehicle 0
1136.0 785.0 1128.0 779.0 1156.0 741.0 1165.0 745.0 large-vehicle 0
1151.0 788.0 1144.0 781.0 1172.0 742.0 1179.0 747.0 large-vehicle 0
1168.0 786.0 1160.0 781.0 1189.0 745.0 1196.0 749.0 large-vehicle 0
1184.0 789.0 1176.0 784.0 1204.0 748.0 1212.0 754.0 large-vehicle 0
1202.0 790.0 1193.0 783.0 1219.0 747.0 1228.0 752.0 large-vehicle 0
1218.0 792.0 1210.0 787.0 1235.0 749.0 1244.0 755.0 large-vehicle 0
1234.0 794.0 1223.0 788.0 1250.0 751.0 1259.0 757.0 large-vehicle 0
1249.0 795.0 1241.0 788.0 1268.0 751.0 1276.0 758.0 large-vehicle 0
1265.0 796.0 1257.0 789.0 1285.0 753.0 1294.0 758.0 large-vehicle 0
1281.0 796.0 1274.0 789.0 1300.0 753.0 1308.0 758.0 large-vehicle 0
914.0 686.0 906.0 686.0 909.0 642.0 918.0 642.0 large-vehicle 0
381.0 30.0 391.0 32.0 389.0 51.0 380.0 49.0 small-vehicle 0
179.0 42.0 169.0 42.0 170.0 19.0 179.0 21.0 small-vehicle 0
192.0 41.0 182.0 40.0 183.0 22.0 192.0 23.0 small-vehicle 0
484.0 67.0 475.0 66.0 477.0 42.0 487.0 43.0 small-vehicle 0
546.0 66.0 536.0 65.0 538.0 44.0 547.0 44.0 small-vehicle 0
556.0 68.0 547.0 66.0 550.0 45.0 558.0 46.0 small-vehicle 0
567.0 68.0 555.0 68.0 558.0 46.0 569.0 47.0 small-vehicle 0
576.0 70.0 567.0 69.0 568.0 47.0 578.0 48.0 small-vehicle 0
588.0 71.0 579.0 71.0 580.0 49.0 589.0 49.0 small-vehicle 0
598.0 72.0 589.0 70.0 592.0 46.0 600.0 48.0 small-vehicle 0
619.0 75.0 609.0 73.0 612.0 50.0 621.0 52.0 small-vehicle 0
641.0 78.0 631.0 78.0 633.0 53.0 642.0 54.0 small-vehicle 0
457.0 124.0 447.0 128.0 441.0 108.0 451.0 104.0 small-vehicle 0
472.0 125.0 462.0 131.0 454.0 110.0 464.0 106.0 small-vehicle 0
464.0 134.0 474.0 129.0 483.0 147.0 473.0 151.0 small-vehicle 0
485.0 122.0 476.0 126.0 468.0 107.0 477.0 103.0 small-vehicle 0
478.0 130.0 489.0 124.0 500.0 150.0 489.0 154.0 small-vehicle 0
498.0 136.0 508.0 132.0 515.0 151.0 505.0 155.0 small-vehicle 0
505.0 131.0 496.0 135.0 488.0 113.0 497.0 110.0 small-vehicle 0
514.0 137.0 522.0 132.0 533.0 153.0 525.0 157.0 small-vehicle 0
530.0 140.0 539.0 135.0 546.0 153.0 537.0 156.0 small-vehicle 0
546.0 137.0 554.0 134.0 561.0 154.0 553.0 156.0 small-vehicle 0
553.0 132.0 543.0 136.0 533.0 112.0 543.0 109.0 small-vehicle 0
568.0 133.0 559.0 137.0 551.0 117.0 561.0 114.0 small-vehicle 0
576.0 140.0 587.0 133.0 596.0 153.0 585.0 159.0 small-vehicle 0
521.0 231.0 510.0 231.0 509.0 206.0 520.0 206.0 small-vehicle 0
532.0 233.0 522.0 232.0 523.0 212.0 533.0 212.0 small-vehicle 0
543.0 234.0 534.0 233.0 537.0 210.0 545.0 212.0 small-vehicle 0
601.0 237.0 590.0 237.0 591.0 213.0 602.0 214.0 small-vehicle 0
868.0 88.0 855.0 88.0 857.0 62.0 868.0 62.0 small-vehicle 0
889.0 90.0 878.0 89.0 882.0 64.0 892.0 65.0 small-vehicle 0
526.0 62.0 515.0 62.0 518.0 41.0 527.0 42.0 small-vehicle 0
474.0 70.0 463.0 70.0 466.0 47.0 475.0 48.0 small-vehicle 0
82.0 31.0 74.0 30.0 76.0 14.0 84.0 15.0 small-vehicle 0
455.0 61.0 442.0 61.0 445.0 38.0 456.0 39.0 small-vehicle 0
107.0 161.0 97.0 160.0 99.0 142.0 107.0 142.0 small-vehicle 0
127.0 168.0 117.0 166.0 120.0 149.0 129.0 151.0 small-vehicle 0
48.0 287.0 36.0 286.0 38.0 265.0 47.0 265.0 small-vehicle 0
57.0 287.0 48.0 286.0 50.0 264.0 60.0 265.0 small-vehicle 0
67.0 288.0 59.0 286.0 61.0 267.0 68.0 268.0 small-vehicle 0
87.0 287.0 78.0 287.0 80.0 265.0 88.0 266.0 small-vehicle 0
109.0 290.0 100.0 289.0 101.0 265.0 109.0 266.0 small-vehicle 0
120.0 287.0 111.0 287.0 113.0 267.0 119.0 268.0 small-vehicle 0
130.0 287.0 122.0 287.0 122.0 268.0 131.0 269.0 small-vehicle 0
141.0 290.0 132.0 289.0 132.0 269.0 140.0 270.0 small-vehicle 0
150.0 293.0 142.0 293.0 144.0 271.0 151.0 271.0 small-vehicle 0
163.0 292.0 154.0 291.0 156.0 273.0 164.0 274.0 small-vehicle 0
58.0 316.0 68.0 317.0 65.0 337.0 57.0 336.0 small-vehicle 0
67.0 350.0 77.0 350.0 75.0 370.0 65.0 370.0 small-vehicle 0
105.0 371.0 94.0 371.0 96.0 349.0 105.0 350.0 small-vehicle 0
116.0 373.0 108.0 373.0 109.0 349.0 116.0 349.0 small-vehicle 0
127.0 352.0 138.0 352.0 136.0 375.0 124.0 374.0 small-vehicle 0
139.0 355.0 149.0 354.0 149.0 375.0 139.0 375.0 small-vehicle 0
395.0 397.0 407.0 398.0 406.0 415.0 395.0 415.0 small-vehicle 0
420.0 398.0 428.0 398.0 427.0 415.0 419.0 414.0 small-vehicle 0
430.0 398.0 441.0 400.0 439.0 421.0 428.0 420.0 small-vehicle 0
301.0 453.0 301.0 461.0 282.0 460.0 283.0 453.0 small-vehicle 0
352.0 436.0 352.0 445.0 332.0 445.0 333.0 436.0 small-vehicle 0
300.0 505.0 299.0 516.0 275.0 512.0 275.0 501.0 small-vehicle 0
250.0 795.0 251.0 783.0 275.0 784.0 274.0 795.0 small-vehicle 0
261.0 730.0 261.0 720.0 279.0 720.0 279.0 730.0 small-vehicle 0
440.0 71.0 425.0 71.0 431.0 27.0 444.0 30.0 small-vehicle 0
368.0 141.0 367.0 151.0 332.0 149.0 332.0 139.0 large-vehicle 0
