imagesource:GoogleEarth
gsd:0.128475123671
1547.0 532.0 1529.0 535.0 1523.0 499.0 1541.0 495.0 small-vehicle 1
1353.0 1316.0 1351.0 1331.0 1316.0 1325.0 1319.0 1309.0 small-vehicle 1
846.0 978.0 827.0 970.0 863.0 886.0 883.0 894.0 large-vehicle 0
698.0 915.0 679.0 906.0 714.0 826.0 732.0 833.0 large-vehicle 0
671.0 900.0 650.0 892.0 683.0 808.0 702.0 816.0 large-vehicle 0
636.0 891.0 617.0 881.0 651.0 801.0 670.0 807.0 large-vehicle 0
413.0 999.0 394.0 990.0 421.0 920.0 439.0 927.0 large-vehicle 0
443.0 1019.0 426.0 1012.0 455.0 928.0 474.0 935.0 large-vehicle 0
379.0 987.0 361.0 979.0 388.0 913.0 405.0 920.0 large-vehicle 0
351.0 973.0 332.0 966.0 360.0 902.0 378.0 910.0 large-vehicle 0
255.0 946.0 236.0 938.0 263.0 853.0 282.0 861.0 large-vehicle 0
221.0 929.0 200.0 920.0 230.0 855.0 247.0 861.0 large-vehicle 0
782.0 721.0 760.0 712.0 792.0 627.0 812.0 635.0 large-vehicle 0
749.0 712.0 730.0 704.0 762.0 618.0 782.0 625.0 large-vehicle 0
721.0 691.0 701.0 682.0 733.0 598.0 752.0 605.0 large-vehicle 0
688.0 680.0 668.0 672.0 700.0 585.0 719.0 593.0 large-vehicle 0
656.0 671.0 636.0 662.0 669.0 578.0 690.0 584.0 large-vehicle 0
1321.0 565.0 1407.0 600.0 1333.0 779.0 1247.0 740.0 tennis-court 0
1212.0 519.0 1298.0 554.0 1223.0 731.0 1142.0 694.0 tennis-court 0
1112.0 475.0 1198.0 512.0 1120.0 684.0 1038.0 649.0 tennis-court 0
1004.0 429.0 1092.0 467.0 1013.0 643.0 929.0 605.0 baseball-diamond 0
900.0 387.0 988.0 424.0 911.0 597.0 825.0 562.0 tennis-court 0
794.0 341.0 880.0 380.0 801.0 553.0 719.0 517.0 tennis-court 0
879.0 996.0 860.0 988.0 891.0 901.0 908.0 909.0 large-vehicle 0
913.0 1005.0 894.0 997.0 927.0 913.0 946.0 921.0 large-vehicle 0
944.0 1015.0 926.0 1007.0 957.0 923.0 977.0 931.0 large-vehicle 0
1146.0 874.0 1129.0 866.0 1163.0 785.0 1181.0 793.0 large-vehicle 0
838.0 861.0 856.0 871.0 825.0 950.0 801.0 942.0 large-vehicle 0
808.0 847.0 827.0 855.0 797.0 938.0 776.0 930.0 large-vehicle 0
768.0 911.0 750.0 904.0 771.0 846.0 791.0 853.0 large-vehicle 0
1251.0 1069.0 1232.0 1061.0 1267.0 973.0 1284.0 980.0 large-vehicle 0
1240.0 910.0 1220.0 901.0 1255.0 812.0 1274.0 818.0 large-vehicle 0
1276.0 917.0 1257.0 908.0 1289.0 827.0 1307.0 834.0 large-vehicle 0
1167.0 1297.0 1146.0 1289.0 1180.0 1204.0 1197.0 1212.0 large-vehicle 0
1065.0 1066.0 1046.0 1060.0 1080.0 976.0 1098.0 984.0 large-vehicle 0
1209.0 896.0 1190.0 890.0 1221.0 806.0 1239.0 813.0 large-vehicle 0
1116.0 862.0 1097.0 853.0 1130.0 770.0 1148.0 776.0 large-vehicle 0
1002.0 1038.0 984.0 1030.0 1020.0 949.0 1037.0 956.0 large-vehicle 0
1091.0 843.0 1071.0 837.0 1101.0 751.0 1118.0 757.0 large-vehicle 0
1056.0 833.0 1036.0 823.0 1072.0 740.0 1091.0 746.0 large-vehicle 0
1024.0 820.0 1006.0 813.0 1040.0 730.0 1056.0 737.0 large-vehicle 0
994.0 808.0 975.0 800.0 1007.0 715.0 1027.0 724.0 large-vehicle 0
964.0 792.0 946.0 784.0 979.0 700.0 999.0 709.0 large-vehicle 0
931.0 779.0 911.0 770.0 949.0 690.0 966.0 698.0 large-vehicle 0
901.0 765.0 881.0 757.0 915.0 674.0 935.0 683.0 large-vehicle 0
812.0 731.0 791.0 723.0 827.0 638.0 847.0 646.0 large-vehicle 0
1034.0 1053.0 1014.0 1044.0 1050.0 963.0 1069.0 970.0 large-vehicle 0
483.0 745.0 588.0 536.0 375.0 454.0 276.0 667.0 baseball-diamond 0
