imagesource:GoogleEarth
gsd:0.265980237959
140.0 387.0 175.0 417.0 114.0 485.0 79.0 456.0 tennis-court 0
183.0 422.0 216.0 452.0 155.0 521.0 120.0 493.0 tennis-court 0
237.0 470.0 270.0 499.0 212.0 570.0 176.0 539.0 tennis-court 0
282.0 508.0 316.0 538.0 258.0 608.0 223.0 578.0 tennis-court 0
326.0 546.0 362.0 578.0 302.0 645.0 268.0 618.0 tennis-court 0
428.0 428.0 463.0 458.0 405.0 528.0 370.0 499.0 tennis-court 0
383.0 390.0 417.0 419.0 358.0 489.0 322.0 461.0 tennis-court 0
339.0 350.0 374.0 382.0 314.0 452.0 277.0 421.0 tennis-court 0
284.0 304.0 318.0 335.0 259.0 405.0 222.0 374.0 tennis-court 0
243.0 267.0 277.0 299.0 215.0 368.0 182.0 338.0 tennis-court 0
199.0 232.0 236.0 262.0 175.0 333.0 137.0 302.0 tennis-court 0
98.0 351.0 134.0 381.0 73.0 451.0 37.0 420.0 tennis-court 0
