imagesource:GoogleEarth
gsd:0.266557914478
392.0 831.0 386.0 838.0 364.0 821.0 374.0 813.0 small-vehicle 1
321.0 490.0 320.0 500.0 281.0 494.0 283.0 484.0 large-vehicle 0
165.0 260.0 160.0 268.0 126.0 249.0 130.0 242.0 large-vehicle 0
172.0 281.0 167.0 289.0 132.0 271.0 137.0 262.0 large-vehicle 0
183.0 303.0 178.0 312.0 142.0 296.0 147.0 287.0 large-vehicle 0
191.0 325.0 186.0 334.0 153.0 316.0 157.0 308.0 large-vehicle 0
205.0 346.0 200.0 355.0 166.0 340.0 169.0 330.0 large-vehicle 0
214.0 365.0 210.0 375.0 174.0 359.0 178.0 350.0 large-vehicle 0
227.0 386.0 224.0 394.0 187.0 380.0 190.0 372.0 large-vehicle 0
255.0 421.0 251.0 431.0 213.0 418.0 216.0 409.0 large-vehicle 0
242.0 404.0 240.0 413.0 201.0 401.0 203.0 393.0 large-vehicle 0
271.0 441.0 269.0 450.0 231.0 439.0 233.0 430.0 large-vehicle 0
288.0 458.0 286.0 467.0 248.0 459.0 249.0 449.0 large-vehicle 0
339.0 506.0 338.0 515.0 298.0 509.0 299.0 500.0 large-vehicle 0
424.0 352.0 434.0 350.0 443.0 388.0 433.0 390.0 large-vehicle 0
358.0 523.0 357.0 534.0 317.0 525.0 318.0 516.0 large-vehicle 0
381.0 543.0 380.0 553.0 341.0 546.0 342.0 536.0 large-vehicle 0
300.0 410.0 309.0 408.0 316.0 448.0 307.0 450.0 large-vehicle 0
312.0 402.0 320.0 400.0 329.0 440.0 319.0 443.0 large-vehicle 0
322.0 398.0 331.0 395.0 339.0 435.0 331.0 437.0 large-vehicle 0
336.0 390.0 344.0 388.0 355.0 429.0 344.0 431.0 large-vehicle 0
349.0 386.0 358.0 383.0 366.0 424.0 357.0 426.0 large-vehicle 0
359.0 383.0 369.0 379.0 380.0 416.0 371.0 421.0 large-vehicle 0
374.0 374.0 384.0 373.0 390.0 412.0 380.0 414.0 large-vehicle 0
387.0 369.0 396.0 367.0 404.0 405.0 394.0 408.0 large-vehicle 0
399.0 362.0 409.0 361.0 416.0 400.0 407.0 401.0 large-vehicle 0
161.0 243.0 155.0 250.0 122.0 227.0 128.0 219.0 large-vehicle 0
323.0 258.0 325.0 268.0 287.0 274.0 285.0 265.0 large-vehicle 0
241.0 216.0 235.0 223.0 202.0 197.0 209.0 189.0 large-vehicle 0
256.0 214.0 249.0 221.0 221.0 193.0 229.0 185.0 large-vehicle 0
199.0 133.0 209.0 134.0 202.0 175.0 192.0 174.0 large-vehicle 0
215.0 131.0 225.0 132.0 216.0 173.0 206.0 170.0 large-vehicle 0
228.0 128.0 239.0 129.0 234.0 170.0 223.0 168.0 large-vehicle 0
246.0 122.0 256.0 125.0 249.0 165.0 238.0 162.0 large-vehicle 0
259.0 118.0 270.0 120.0 264.0 161.0 253.0 160.0 large-vehicle 0
288.0 109.0 299.0 111.0 295.0 153.0 284.0 152.0 large-vehicle 0
304.0 105.0 314.0 107.0 309.0 149.0 298.0 147.0 large-vehicle 0
315.0 100.0 328.0 102.0 324.0 142.0 313.0 141.0 large-vehicle 0
332.0 95.0 343.0 97.0 337.0 139.0 327.0 137.0 large-vehicle 0
347.0 90.0 357.0 91.0 352.0 133.0 341.0 131.0 large-vehicle 0
360.0 87.0 371.0 88.0 368.0 128.0 357.0 127.0 large-vehicle 0
374.0 82.0 385.0 83.0 382.0 123.0 372.0 122.0 large-vehicle 0
389.0 74.0 400.0 76.0 396.0 116.0 384.0 114.0 large-vehicle 0
406.0 69.0 416.0 71.0 411.0 110.0 401.0 109.0 large-vehicle 0
393.0 175.0 388.0 182.0 356.0 154.0 363.0 147.0 large-vehicle 0
376.0 181.0 370.0 188.0 341.0 157.0 349.0 150.0 large-vehicle 0
360.0 182.0 354.0 189.0 325.0 164.0 331.0 156.0 large-vehicle 0
344.0 186.0 339.0 193.0 310.0 168.0 317.0 161.0 large-vehicle 0
331.0 193.0 324.0 199.0 296.0 172.0 303.0 164.0 large-vehicle 0
317.0 196.0 310.0 204.0 279.0 176.0 286.0 169.0 large-vehicle 0
301.0 199.0 295.0 207.0 267.0 179.0 275.0 173.0 large-vehicle 0
287.0 205.0 279.0 213.0 249.0 183.0 256.0 176.0 large-vehicle 0
272.0 210.0 265.0 216.0 235.0 189.0 242.0 181.0 large-vehicle 0
411.0 358.0 422.0 356.0 429.0 394.0 419.0 396.0 large-vehicle 0
436.0 347.0 446.0 344.0 454.0 382.0 444.0 385.0 large-vehicle 0
399.0 817.0 394.0 825.0 378.0 811.0 384.0 804.0 small-vehicle 1
75.0 432.0 81.0 424.0 94.0 437.0 88.0 443.0 small-vehicle 1
496.0 533.0 505.0 532.0 511.0 570.0 502.0 573.0 large-vehicle 0
507.0 528.0 516.0 526.0 526.0 564.0 516.0 567.0 large-vehicle 0
521.0 523.0 529.0 522.0 539.0 560.0 529.0 562.0 large-vehicle 0
532.0 517.0 542.0 515.0 552.0 553.0 542.0 556.0 large-vehicle 0
545.0 514.0 555.0 512.0 565.0 548.0 556.0 551.0 large-vehicle 0
559.0 507.0 568.0 505.0 577.0 541.0 567.0 543.0 large-vehicle 0
572.0 503.0 581.0 501.0 590.0 536.0 581.0 539.0 large-vehicle 0
583.0 496.0 594.0 494.0 602.0 529.0 593.0 532.0 large-vehicle 0
272.0 320.0 282.0 316.0 291.0 336.0 279.0 340.0 small-vehicle 1
296.0 363.0 286.0 367.0 277.0 348.0 288.0 345.0 small-vehicle 1
286.0 367.0 278.0 372.0 268.0 353.0 277.0 348.0 small-vehicle 1
21.0 512.0 25.0 505.0 43.0 522.0 38.0 530.0 small-vehicle 1
449.0 340.0 460.0 339.0 467.0 376.0 457.0 379.0 large-vehicle 0
75.0 546.0 81.0 538.0 98.0 554.0 91.0 561.0 small-vehicle 1
119.0 491.0 126.0 482.0 140.0 497.0 135.0 505.0 small-vehicle 1
113.0 597.0 118.0 590.0 131.0 604.0 125.0 612.0 small-vehicle 1
134.0 602.0 142.0 593.0 157.0 607.0 150.0 615.0 small-vehicle 1
153.0 639.0 159.0 632.0 172.0 647.0 166.0 653.0 small-vehicle 1
173.0 617.0 181.0 610.0 197.0 626.0 188.0 634.0 small-vehicle 1
240.0 602.0 246.0 595.0 260.0 608.0 252.0 616.0 small-vehicle 1
317.0 677.0 324.0 670.0 340.0 686.0 333.0 693.0 small-vehicle 1
186.0 651.0 189.0 645.0 209.0 663.0 203.0 669.0 small-vehicle 1
291.0 738.0 285.0 745.0 271.0 729.0 278.0 721.0 small-vehicle 1
323.0 751.0 316.0 756.0 301.0 738.0 309.0 733.0 small-vehicle 1
481.0 540.0 490.0 537.0 499.0 575.0 490.0 577.0 large-vehicle 0
466.0 547.0 477.0 545.0 487.0 582.0 477.0 585.0 large-vehicle 0
456.0 550.0 466.0 549.0 472.0 587.0 463.0 589.0 large-vehicle 0
444.0 558.0 453.0 558.0 458.0 595.0 448.0 596.0 large-vehicle 0
462.0 334.0 473.0 332.0 481.0 371.0 470.0 373.0 large-vehicle 0
476.0 328.0 486.0 327.0 494.0 366.0 484.0 367.0 large-vehicle 0
489.0 321.0 498.0 319.0 505.0 357.0 495.0 360.0 large-vehicle 0
500.0 316.0 511.0 315.0 519.0 353.0 509.0 355.0 large-vehicle 0
514.0 312.0 524.0 310.0 532.0 348.0 521.0 350.0 large-vehicle 0
374.0 485.0 384.0 482.0 395.0 518.0 386.0 521.0 large-vehicle 0
389.0 475.0 397.0 473.0 406.0 513.0 397.0 515.0 large-vehicle 0
402.0 471.0 410.0 469.0 419.0 507.0 409.0 510.0 large-vehicle 0
412.0 463.0 423.0 461.0 431.0 501.0 421.0 502.0 large-vehicle 0
426.0 458.0 436.0 456.0 444.0 495.0 435.0 497.0 large-vehicle 0
440.0 452.0 449.0 449.0 458.0 488.0 448.0 492.0 large-vehicle 0
452.0 447.0 460.0 444.0 470.0 482.0 461.0 484.0 large-vehicle 0
465.0 441.0 474.0 439.0 483.0 477.0 475.0 480.0 large-vehicle 0
478.0 437.0 487.0 434.0 495.0 473.0 485.0 474.0 large-vehicle 0
490.0 430.0 499.0 428.0 509.0 464.0 500.0 468.0 large-vehicle 0
501.0 424.0 511.0 422.0 521.0 460.0 512.0 463.0 large-vehicle 0
528.0 413.0 538.0 412.0 546.0 449.0 536.0 451.0 large-vehicle 0
543.0 407.0 552.0 406.0 558.0 443.0 549.0 446.0 large-vehicle 0
579.0 399.0 586.0 392.0 611.0 414.0 606.0 421.0 large-vehicle 0
585.0 423.0 590.0 416.0 617.0 440.0 611.0 447.0 large-vehicle 0
593.0 448.0 599.0 442.0 624.0 466.0 617.0 473.0 large-vehicle 0
416.0 568.0 426.0 566.0 433.0 605.0 424.0 607.0 large-vehicle 0
430.0 563.0 439.0 560.0 447.0 599.0 438.0 600.0 large-vehicle 0
183.0 136.0 193.0 138.0 186.0 179.0 175.0 176.0 large-vehicle 0
