imagesource:GoogleEarth
gsd:0.266105625105
591.0 22.0 583.0 15.0 596.0 2.0 603.0 9.0 small-vehicle 1
50.0 16.0 60.0 19.0 55.0 36.0 46.0 34.0 small-vehicle 0
64.0 666.0 65.0 675.0 46.0 676.0 45.0 667.0 small-vehicle 0
41.0 605.0 55.0 603.0 58.0 628.0 44.0 628.0 small-vehicle 0
13.0 15.0 23.0 16.0 18.0 34.0 10.0 33.0 small-vehicle 0
27.0 15.0 35.0 18.0 30.0 34.0 22.0 31.0 small-vehicle 0
58.0 83.0 51.0 89.0 40.0 70.0 48.0 67.0 small-vehicle 0
38.0 16.0 48.0 17.0 42.0 35.0 34.0 32.0 small-vehicle 0
62.0 18.0 72.0 20.0 67.0 43.0 57.0 39.0 small-vehicle 0
16.0 680.0 24.0 680.0 25.0 698.0 17.0 697.0 small-vehicle 0
552.0 445.0 595.0 432.0 620.0 522.0 577.0 534.0 tennis-court 0
502.0 459.0 546.0 446.0 569.0 534.0 526.0 548.0 tennis-court 0
451.0 473.0 495.0 460.0 519.0 549.0 476.0 561.0 tennis-court 0
399.0 486.0 442.0 474.0 468.0 564.0 423.0 576.0 tennis-court 0
350.0 500.0 393.0 488.0 417.0 577.0 373.0 589.0 tennis-court 0
300.0 515.0 341.0 502.0 366.0 591.0 322.0 605.0 tennis-court 0
65.0 681.0 65.0 688.0 46.0 690.0 46.0 681.0 small-vehicle 0
67.0 700.0 67.0 710.0 48.0 712.0 46.0 703.0 small-vehicle 0
436.0 23.0 429.0 16.0 443.0 4.0 449.0 10.0 small-vehicle 1
491.0 6.0 497.0 12.0 488.0 24.0 481.0 18.0 small-vehicle 0
49.0 725.0 47.0 714.0 68.0 712.0 70.0 722.0 small-vehicle 1
278.0 548.0 158.0 587.0 123.0 450.0 242.0 419.0 baseball-diamond 0
409.0 824.0 401.0 824.0 404.0 804.0 412.0 804.0 small-vehicle 0
412.0 804.0 404.0 804.0 407.0 785.0 415.0 786.0 small-vehicle 1
28.0 75.0 36.0 72.0 45.0 86.0 36.0 90.0 small-vehicle 1
497.0 12.0 501.0 6.0 514.0 17.0 508.0 23.0 small-vehicle 0
447.0 13.0 453.0 6.0 466.0 18.0 459.0 25.0 small-vehicle 0
66.0 732.0 68.0 740.0 50.0 744.0 49.0 735.0 small-vehicle 0
599.0 636.0 595.0 623.0 625.0 613.0 628.0 626.0 small-vehicle 0
493.0 714.0 504.0 709.0 511.0 726.0 500.0 731.0 small-vehicle 0
365.0 722.0 368.0 731.0 349.0 737.0 347.0 729.0 small-vehicle 0
10.0 836.0 7.0 824.0 27.0 820.0 28.0 830.0 small-vehicle 0
69.0 756.0 70.0 763.0 52.0 764.0 51.0 758.0 small-vehicle 0
69.0 743.0 69.0 751.0 52.0 753.0 51.0 746.0 small-vehicle 0
369.0 108.0 475.0 132.0 453.0 243.0 344.0 219.0 baseball-diamond 0
