imagesource:GoogleEarth
gsd:0.260002208201
639.0 204.0 639.0 212.0 619.0 211.0 618.0 204.0 small-vehicle 0
23.0 354.0 14.0 354.0 14.0 337.0 21.0 336.0 small-vehicle 0
60.0 277.0 52.0 278.0 49.0 258.0 58.0 257.0 small-vehicle 0
40.0 262.0 50.0 261.0 50.0 280.0 40.0 280.0 small-vehicle 0
29.0 262.0 38.0 262.0 37.0 281.0 29.0 281.0 small-vehicle 0
19.0 263.0 28.0 262.0 28.0 281.0 20.0 281.0 small-vehicle 0
8.0 264.0 19.0 262.0 18.0 280.0 8.0 280.0 small-vehicle 0
118.0 335.0 108.0 334.0 108.0 313.0 117.0 313.0 small-vehicle 0
107.0 332.0 98.0 332.0 98.0 314.0 105.0 313.0 small-vehicle 0
110.0 336.0 118.0 335.0 118.0 353.0 110.0 352.0 small-vehicle 0
99.0 335.0 108.0 334.0 108.0 354.0 100.0 355.0 small-vehicle 0
97.0 358.0 87.0 358.0 89.0 337.0 98.0 337.0 small-vehicle 0
98.0 332.0 90.0 333.0 89.0 314.0 96.0 314.0 small-vehicle 0
77.0 312.0 86.0 311.0 86.0 335.0 77.0 335.0 small-vehicle 0
67.0 335.0 76.0 334.0 76.0 354.0 67.0 354.0 small-vehicle 0
66.0 353.0 56.0 354.0 57.0 334.0 66.0 334.0 small-vehicle 0
74.0 329.0 67.0 330.0 66.0 312.0 73.0 311.0 small-vehicle 0
65.0 332.0 56.0 332.0 55.0 310.0 64.0 311.0 small-vehicle 0
55.0 335.0 46.0 334.0 47.0 313.0 55.0 313.0 small-vehicle 0
54.0 351.0 47.0 352.0 46.0 335.0 53.0 335.0 small-vehicle 0
44.0 355.0 35.0 355.0 35.0 336.0 44.0 336.0 small-vehicle 0
43.0 334.0 35.0 335.0 34.0 314.0 42.0 314.0 small-vehicle 0
33.0 334.0 25.0 335.0 23.0 314.0 30.0 314.0 small-vehicle 0
62.0 261.0 71.0 261.0 70.0 278.0 61.0 279.0 small-vehicle 0
70.0 261.0 79.0 261.0 79.0 278.0 71.0 277.0 small-vehicle 0
82.0 260.0 90.0 260.0 91.0 278.0 82.0 278.0 small-vehicle 0
149.0 889.0 244.0 944.0 184.0 1042.0 87.0 985.0 baseball-diamond 0
259.0 282.0 306.0 281.0 308.0 376.0 263.0 377.0 tennis-court 0
315.0 281.0 362.0 279.0 365.0 372.0 318.0 375.0 tennis-court 0
372.0 278.0 417.0 276.0 422.0 372.0 374.0 375.0 tennis-court 0
195.0 414.0 242.0 413.0 246.0 508.0 198.0 510.0 tennis-court 0
248.0 412.0 294.0 410.0 296.0 506.0 250.0 508.0 tennis-court 0
324.0 456.0 322.0 410.0 416.0 407.0 418.0 453.0 tennis-court 0
325.0 502.0 324.0 465.0 418.0 463.0 420.0 498.0 tennis-court 0
270.0 799.0 392.0 651.0 732.0 915.0 614.0 1061.0 soccer-ball-field 1
137.0 748.0 332.0 525.0 860.0 942.0 684.0 1182.0 ground-track-field 0
450.0 1127.0 528.0 1179.0 474.0 1258.0 395.0 1205.0 baseball-diamond 0
92.0 260.0 100.0 259.0 102.0 278.0 93.0 278.0 small-vehicle 0
938.0 633.0 934.0 467.0 1099.0 469.0 1098.0 629.0 baseball-diamond 0
901.0 798.0 1063.0 796.0 1065.0 959.0 902.0 962.0 baseball-diamond 0
255.0 3.0 265.0 3.0 264.0 22.0 255.0 23.0 small-vehicle 0
253.0 215.0 253.0 226.0 229.0 226.0 229.0 216.0 small-vehicle 0
145.0 204.0 144.0 215.0 121.0 215.0 122.0 205.0 small-vehicle 0
159.0 174.0 159.0 163.0 181.0 165.0 180.0 175.0 small-vehicle 0
75.0 221.0 74.0 232.0 48.0 231.0 50.0 220.0 small-vehicle 0
121.0 277.0 112.0 277.0 113.0 254.0 122.0 255.0 small-vehicle 0
112.0 275.0 103.0 276.0 102.0 257.0 110.0 257.0 small-vehicle 0
21.0 334.0 14.0 334.0 12.0 315.0 20.0 314.0 small-vehicle 0
75.0 433.0 66.0 427.0 81.0 409.0 88.0 415.0 small-vehicle 0
981.0 192.0 980.0 201.0 961.0 199.0 962.0 191.0 small-vehicle 0
192.0 658.0 185.0 666.0 168.0 653.0 174.0 645.0 small-vehicle 0
18.0 872.0 23.0 866.0 36.0 875.0 31.0 882.0 small-vehicle 0
30.0 886.0 38.0 881.0 48.0 897.0 40.0 901.0 small-vehicle 0
11.0 879.0 16.0 873.0 31.0 884.0 26.0 891.0 small-vehicle 0
23.0 897.0 31.0 890.0 41.0 907.0 34.0 913.0 small-vehicle 0
24.0 892.0 19.0 899.0 3.0 888.0 8.0 881.0 small-vehicle 0
16.0 904.0 23.0 900.0 35.0 914.0 28.0 918.0 small-vehicle 0
10.0 912.0 17.0 908.0 27.0 924.0 21.0 928.0 small-vehicle 0
2.0 923.0 9.0 918.0 20.0 933.0 14.0 938.0 small-vehicle 0
562.0 176.0 563.0 165.0 584.0 163.0 584.0 176.0 swimming-pool 0
638.0 157.0 638.0 148.0 658.0 148.0 656.0 158.0 swimming-pool 0
325.0 199.0 324.0 210.0 304.0 210.0 304.0 199.0 swimming-pool 0
40.0 1294.0 33.0 1301.0 11.0 1286.0 19.0 1278.0 swimming-pool 0
11.0 1360.0 18.0 1353.0 35.0 1367.0 28.0 1376.0 small-vehicle 0
69.0 1404.0 76.0 1396.0 95.0 1411.0 86.0 1419.0 small-vehicle 0
551.0 191.0 553.0 202.0 532.0 203.0 531.0 192.0 small-vehicle 1
509.0 206.0 509.0 219.0 487.0 219.0 486.0 207.0 small-vehicle 1
311.0 171.0 310.0 161.0 334.0 161.0 331.0 172.0 small-vehicle 1
62.0 405.0 56.0 411.0 43.0 400.0 49.0 393.0 small-vehicle 0
1189.0 1321.0 1197.0 1318.0 1205.0 1334.0 1198.0 1338.0 small-vehicle 0
1216.0 1304.0 1225.0 1302.0 1232.0 1318.0 1224.0 1321.0 small-vehicle 0
1226.0 1301.0 1236.0 1298.0 1244.0 1316.0 1236.0 1319.0 small-vehicle 0
23.0 863.0 28.0 858.0 42.0 868.0 38.0 873.0 small-vehicle 0
38.0 878.0 44.0 873.0 56.0 887.0 50.0 892.0 small-vehicle 0
45.0 868.0 53.0 864.0 62.0 878.0 54.0 882.0 small-vehicle 0
33.0 793.0 28.0 799.0 10.0 786.0 15.0 780.0 small-vehicle 0
150.0 650.0 145.0 656.0 126.0 642.0 130.0 636.0 small-vehicle 0
141.0 660.0 135.0 666.0 117.0 650.0 123.0 644.0 small-vehicle 0
107.0 666.0 113.0 660.0 128.0 673.0 123.0 678.0 small-vehicle 0
87.0 687.0 92.0 681.0 107.0 695.0 102.0 701.0 small-vehicle 0
78.0 697.0 84.0 691.0 98.0 706.0 92.0 711.0 small-vehicle 0
37.0 753.0 42.0 747.0 60.0 762.0 55.0 768.0 small-vehicle 0
31.0 763.0 38.0 756.0 51.0 770.0 46.0 776.0 small-vehicle 0
23.0 772.0 28.0 764.0 41.0 775.0 37.0 781.0 small-vehicle 0
18.0 780.0 24.0 773.0 38.0 785.0 33.0 791.0 small-vehicle 0
4.0 794.0 9.0 788.0 26.0 800.0 21.0 807.0 small-vehicle 0
28.0 855.0 34.0 846.0 50.0 859.0 45.0 866.0 small-vehicle 0
80.0 825.0 88.0 820.0 98.0 836.0 89.0 841.0 small-vehicle 0
62.0 811.0 68.0 805.0 81.0 817.0 76.0 823.0 small-vehicle 0
55.0 821.0 62.0 815.0 76.0 827.0 70.0 834.0 small-vehicle 0
73.0 834.0 80.0 829.0 90.0 845.0 83.0 850.0 small-vehicle 0
65.0 843.0 73.0 838.0 82.0 855.0 74.0 859.0 small-vehicle 0
49.0 829.0 54.0 822.0 69.0 834.0 65.0 840.0 small-vehicle 0
44.0 839.0 50.0 832.0 64.0 843.0 58.0 850.0 small-vehicle 0
58.0 853.0 66.0 846.0 76.0 861.0 69.0 867.0 small-vehicle 0
50.0 860.0 60.0 855.0 70.0 871.0 61.0 876.0 small-vehicle 0
203.0 284.0 250.0 282.0 253.0 378.0 205.0 379.0 tennis-court 0
