imagesource:GoogleEarth
gsd:0.273465423197
800.0 215.0 807.0 221.0 795.0 236.0 788.0 230.0 small-vehicle 1
752.0 197.0 744.0 204.0 731.0 191.0 738.0 184.0 small-vehicle 1
70.0 191.0 85.0 209.0 54.0 242.0 38.0 227.0 swimming-pool 0
795.0 699.0 787.0 692.0 799.0 679.0 806.0 685.0 small-vehicle 1
723.0 203.0 729.0 196.0 742.0 209.0 735.0 214.0 small-vehicle 1
712.0 216.0 719.0 209.0 734.0 224.0 726.0 229.0 small-vehicle 1
703.0 224.0 710.0 216.0 723.0 230.0 716.0 237.0 small-vehicle 1
696.0 235.0 701.0 228.0 715.0 238.0 710.0 245.0 small-vehicle 1
786.0 270.0 773.0 272.0 771.0 227.0 782.0 225.0 large-vehicle 0
329.0 1008.0 454.0 898.0 565.0 1008.0 452.0 1120.0 baseball-diamond 0
222.0 922.0 154.0 841.0 240.0 774.0 301.0 860.0 baseball-diamond 0
712.0 662.0 778.0 729.0 712.0 796.0 642.0 731.0 baseball-diamond 0
668.0 578.0 599.0 640.0 530.0 572.0 602.0 508.0 baseball-diamond 0
253.0 142.0 320.0 204.0 253.0 275.0 184.0 212.0 baseball-diamond 0
