imagesource:GoogleEarth
gsd:0.143181930685
231.0 1395.0 210.0 1395.0 207.0 1351.0 228.0 1349.0 small-vehicle 0
420.0 461.0 421.0 441.0 507.0 444.0 507.0 465.0 large-vehicle 0
227.0 940.0 227.0 956.0 151.0 955.0 151.0 937.0 large-vehicle 0
227.0 991.0 226.0 1009.0 146.0 1003.0 147.0 987.0 large-vehicle 0
226.0 1014.0 226.0 1036.0 144.0 1030.0 146.0 1010.0 large-vehicle 0
222.0 1069.0 222.0 1087.0 141.0 1081.0 143.0 1062.0 large-vehicle 0
223.0 1094.0 222.0 1110.0 141.0 1107.0 142.0 1088.0 large-vehicle 0
217.0 1144.0 218.0 1161.0 138.0 1157.0 140.0 1140.0 large-vehicle 0
218.0 1170.0 216.0 1185.0 137.0 1183.0 138.0 1165.0 large-vehicle 0
214.0 1222.0 211.0 1238.0 136.0 1229.0 137.0 1212.0 large-vehicle 0
213.0 1248.0 213.0 1267.0 135.0 1258.0 136.0 1241.0 large-vehicle 0
209.0 1298.0 210.0 1316.0 128.0 1310.0 129.0 1291.0 large-vehicle 0
438.0 258.0 442.0 241.0 523.0 248.0 522.0 267.0 large-vehicle 0
431.0 282.0 434.0 263.0 520.0 272.0 517.0 291.0 large-vehicle 0
427.0 358.0 427.0 342.0 514.0 344.0 515.0 362.0 large-vehicle 0
427.0 387.0 427.0 367.0 513.0 371.0 510.0 390.0 large-vehicle 0
426.0 409.0 427.0 392.0 511.0 400.0 509.0 417.0 large-vehicle 0
230.0 911.0 229.0 931.0 151.0 929.0 150.0 911.0 large-vehicle 0
230.0 888.0 229.0 907.0 155.0 907.0 155.0 888.0 large-vehicle 0
231.0 862.0 230.0 881.0 153.0 877.0 154.0 860.0 large-vehicle 0
254.0 531.0 255.0 550.0 178.0 547.0 178.0 530.0 large-vehicle 0
267.0 356.0 264.0 374.0 188.0 367.0 190.0 349.0 large-vehicle 0
263.0 382.0 262.0 398.0 189.0 392.0 189.0 376.0 large-vehicle 0
262.0 430.0 258.0 449.0 183.0 441.0 186.0 424.0 large-vehicle 0
258.0 456.0 256.0 474.0 183.0 468.0 184.0 451.0 large-vehicle 0
257.0 482.0 257.0 498.0 180.0 494.0 182.0 477.0 large-vehicle 0
256.0 508.0 256.0 527.0 180.0 517.0 182.0 501.0 large-vehicle 0
255.0 560.0 255.0 578.0 178.0 575.0 178.0 555.0 large-vehicle 0
234.0 838.0 231.0 857.0 156.0 852.0 156.0 834.0 large-vehicle 0
249.0 583.0 249.0 601.0 175.0 600.0 176.0 580.0 large-vehicle 0
248.0 635.0 246.0 656.0 171.0 647.0 173.0 629.0 large-vehicle 0
244.0 685.0 243.0 704.0 168.0 698.0 167.0 680.0 large-vehicle 0
243.0 710.0 242.0 728.0 168.0 722.0 168.0 707.0 large-vehicle 0
243.0 740.0 242.0 760.0 167.0 750.0 168.0 731.0 large-vehicle 0
237.0 762.0 238.0 781.0 163.0 777.0 163.0 758.0 large-vehicle 0
428.0 434.0 429.0 416.0 513.0 424.0 511.0 443.0 large-vehicle 0
420.0 484.0 421.0 465.0 504.0 471.0 506.0 490.0 large-vehicle 0
253.0 1401.0 232.0 1399.0 238.0 1355.0 256.0 1357.0 small-vehicle 0
418.0 512.0 421.0 492.0 502.0 500.0 501.0 517.0 large-vehicle 0
405.0 720.0 406.0 702.0 490.0 707.0 490.0 724.0 large-vehicle 0
270.0 327.0 270.0 343.0 192.0 341.0 192.0 325.0 large-vehicle 0
226.0 967.0 225.0 986.0 146.0 978.0 148.0 961.0 large-vehicle 0
214.0 1195.0 214.0 1211.0 138.0 1206.0 139.0 1189.0 large-vehicle 0
204.0 1324.0 203.0 1339.0 125.0 1337.0 125.0 1318.0 large-vehicle 0
370.0 1226.0 372.0 1209.0 452.0 1211.0 452.0 1229.0 large-vehicle 0
365.0 1303.0 365.0 1284.0 446.0 1288.0 446.0 1305.0 large-vehicle 0
364.0 1327.0 364.0 1309.0 446.0 1311.0 446.0 1328.0 large-vehicle 0
405.0 692.0 405.0 673.0 492.0 677.0 491.0 694.0 large-vehicle 0
412.0 612.0 412.0 597.0 495.0 599.0 496.0 615.0 large-vehicle 0
406.0 1420.0 382.0 1423.0 381.0 1374.0 402.0 1373.0 small-vehicle 0
355.0 1407.0 333.0 1408.0 335.0 1366.0 356.0 1366.0 small-vehicle 0
327.0 1414.0 305.0 1410.0 312.0 1362.0 335.0 1366.0 small-vehicle 0
304.0 1408.0 283.0 1407.0 292.0 1367.0 311.0 1369.0 small-vehicle 0
287.0 1403.0 270.0 1403.0 273.0 1366.0 288.0 1367.0 small-vehicle 0
369.0 1250.0 369.0 1232.0 450.0 1232.0 450.0 1252.0 large-vehicle 0
373.0 1200.0 374.0 1181.0 455.0 1184.0 455.0 1202.0 large-vehicle 0
375.0 1175.0 375.0 1157.0 456.0 1160.0 456.0 1177.0 large-vehicle 0
390.0 918.0 391.0 901.0 477.0 904.0 477.0 920.0 large-vehicle 0
415.0 537.0 417.0 518.0 500.0 527.0 498.0 545.0 large-vehicle 0
413.0 565.0 415.0 545.0 497.0 550.0 497.0 570.0 large-vehicle 0
411.0 589.0 414.0 572.0 495.0 574.0 496.0 594.0 large-vehicle 0
410.0 641.0 410.0 624.0 491.0 623.0 491.0 642.0 large-vehicle 0
408.0 663.0 409.0 647.0 491.0 650.0 491.0 669.0 large-vehicle 0
391.0 892.0 394.0 874.0 478.0 878.0 478.0 896.0 large-vehicle 0
387.0 945.0 388.0 925.0 474.0 929.0 475.0 948.0 large-vehicle 0
376.0 1150.0 377.0 1129.0 458.0 1134.0 458.0 1151.0 large-vehicle 0
389.0 969.0 389.0 951.0 470.0 955.0 469.0 974.0 large-vehicle 0
386.0 996.0 387.0 975.0 468.0 981.0 468.0 1001.0 large-vehicle 0
384.0 1018.0 387.0 1001.0 467.0 1007.0 466.0 1025.0 large-vehicle 0
384.0 1047.0 384.0 1028.0 463.0 1029.0 466.0 1047.0 large-vehicle 0
382.0 1074.0 383.0 1054.0 463.0 1057.0 461.0 1076.0 large-vehicle 0
380.0 1122.0 381.0 1102.0 462.0 1109.0 458.0 1129.0 large-vehicle 0
278.0 252.0 276.0 270.0 201.0 265.0 204.0 248.0 large-vehicle 0
