imagesource:GoogleEarth
gsd:0.279982612379
437.0 187.0 428.0 186.0 429.0 168.0 436.0 168.0 small-vehicle 0
426.0 175.0 415.0 174.0 418.0 153.0 427.0 155.0 small-vehicle 0
221.0 169.0 262.0 178.0 241.0 263.0 200.0 252.0 tennis-court 0
282.0 184.0 321.0 195.0 301.0 278.0 261.0 267.0 tennis-court 0
139.0 283.0 178.0 292.0 156.0 376.0 118.0 367.0 tennis-court 0
190.0 295.0 229.0 305.0 208.0 389.0 167.0 378.0 tennis-court 0
249.0 311.0 289.0 322.0 267.0 404.0 227.0 394.0 tennis-court 0
154.0 464.0 168.0 408.0 261.0 430.0 246.0 485.0 basketball-court 0
138.0 522.0 150.0 470.0 243.0 492.0 230.0 548.0 basketball-court 1
62.0 691.0 67.0 699.0 51.0 709.0 46.0 702.0 small-vehicle 0
68.0 702.0 76.0 704.0 72.0 720.0 64.0 718.0 small-vehicle 0
85.0 726.0 93.0 728.0 90.0 745.0 82.0 743.0 small-vehicle 0
101.0 752.0 93.0 752.0 94.0 733.0 101.0 734.0 small-vehicle 0
39.0 751.0 38.0 740.0 54.0 739.0 54.0 748.0 small-vehicle 0
44.0 769.0 42.0 759.0 59.0 757.0 60.0 767.0 small-vehicle 0
46.0 780.0 45.0 770.0 61.0 768.0 62.0 776.0 small-vehicle 0
45.0 789.0 44.0 781.0 63.0 777.0 64.0 787.0 small-vehicle 0
48.0 802.0 46.0 791.0 66.0 787.0 67.0 798.0 small-vehicle 0
48.0 810.0 47.0 800.0 67.0 798.0 68.0 806.0 small-vehicle 0
367.0 761.0 377.0 762.0 372.0 788.0 363.0 785.0 small-vehicle 0
360.0 771.0 352.0 770.0 353.0 752.0 361.0 752.0 small-vehicle 0
325.0 768.0 317.0 767.0 319.0 747.0 326.0 747.0 small-vehicle 0
353.0 730.0 344.0 730.0 346.0 710.0 354.0 711.0 small-vehicle 0
359.0 588.0 351.0 588.0 353.0 568.0 360.0 569.0 small-vehicle 0
366.0 469.0 355.0 468.0 359.0 446.0 369.0 448.0 small-vehicle 0
385.0 435.0 377.0 434.0 378.0 413.0 386.0 413.0 small-vehicle 0
396.0 357.0 388.0 356.0 390.0 335.0 397.0 335.0 small-vehicle 0
172.0 156.0 210.0 165.0 189.0 250.0 148.0 238.0 tennis-court 0
