imagesource:GoogleEarth
gsd:0.239973998918
784.0 104.0 788.0 114.0 772.0 120.0 767.0 114.0 small-vehicle 1
217.0 849.0 207.0 848.0 210.0 829.0 218.0 830.0 small-vehicle 0
210.0 887.0 221.0 894.0 208.0 917.0 197.0 910.0 small-vehicle 0
201.0 878.0 212.0 883.0 199.0 904.0 189.0 898.0 small-vehicle 0
247.0 876.0 235.0 878.0 232.0 850.0 242.0 849.0 small-vehicle 0
197.0 869.0 200.0 879.0 177.0 887.0 174.0 877.0 small-vehicle 0
200.0 861.0 197.0 871.0 172.0 866.0 175.0 855.0 small-vehicle 0
204.0 851.0 197.0 859.0 176.0 843.0 184.0 835.0 small-vehicle 0
208.0 842.0 199.0 848.0 185.0 831.0 195.0 825.0 small-vehicle 0
229.0 857.0 221.0 856.0 222.0 838.0 229.0 838.0 small-vehicle 0
55.0 817.0 59.0 826.0 43.0 832.0 39.0 823.0 small-vehicle 0
457.0 821.0 464.0 830.0 444.0 846.0 437.0 839.0 small-vehicle 0
469.0 815.0 460.0 822.0 442.0 797.0 452.0 790.0 small-vehicle 0
436.0 837.0 427.0 844.0 408.0 819.0 419.0 811.0 small-vehicle 0
373.0 780.0 370.0 791.0 342.0 780.0 347.0 769.0 small-vehicle 0
382.0 758.0 379.0 768.0 352.0 759.0 355.0 749.0 small-vehicle 0
450.0 757.0 440.0 764.0 424.0 737.0 434.0 732.0 small-vehicle 0
472.0 748.0 461.0 752.0 448.0 726.0 458.0 721.0 small-vehicle 0
226.0 908.0 239.0 913.0 227.0 934.0 217.0 930.0 small-vehicle 0
60.0 778.0 63.0 786.0 45.0 795.0 41.0 787.0 small-vehicle 0
299.0 93.0 301.0 103.0 284.0 106.0 284.0 97.0 small-vehicle 0
330.0 184.0 321.0 184.0 320.0 163.0 328.0 163.0 small-vehicle 0
282.0 193.0 289.0 194.0 289.0 213.0 282.0 213.0 small-vehicle 0
287.0 172.0 295.0 172.0 296.0 188.0 288.0 189.0 small-vehicle 0
292.0 192.0 300.0 191.0 300.0 209.0 293.0 209.0 small-vehicle 0
308.0 187.0 300.0 189.0 297.0 167.0 306.0 165.0 small-vehicle 0
322.0 187.0 313.0 190.0 308.0 170.0 317.0 168.0 small-vehicle 0
314.0 206.0 307.0 207.0 304.0 189.0 311.0 188.0 small-vehicle 0
325.0 210.0 315.0 211.0 313.0 189.0 324.0 189.0 small-vehicle 0
281.0 338.0 291.0 335.0 296.0 352.0 286.0 356.0 small-vehicle 0
105.0 796.0 109.0 805.0 92.0 814.0 87.0 806.0 small-vehicle 0
290.0 334.0 300.0 330.0 306.0 348.0 296.0 351.0 small-vehicle 0
300.0 331.0 310.0 328.0 316.0 345.0 307.0 348.0 small-vehicle 0
36.0 663.0 26.0 656.0 40.0 637.0 49.0 644.0 small-vehicle 0
212.0 726.0 209.0 717.0 225.0 712.0 227.0 720.0 small-vehicle 0
238.0 716.0 234.0 708.0 252.0 702.0 255.0 711.0 small-vehicle 0
267.0 705.0 264.0 697.0 278.0 691.0 281.0 699.0 small-vehicle 0
310.0 721.0 314.0 729.0 295.0 738.0 291.0 729.0 small-vehicle 0
484.0 743.0 474.0 747.0 461.0 719.0 471.0 716.0 small-vehicle 0
495.0 734.0 485.0 740.0 471.0 713.0 482.0 708.0 small-vehicle 0
470.0 714.0 460.0 719.0 448.0 690.0 459.0 687.0 small-vehicle 0
613.0 850.0 606.0 842.0 626.0 827.0 632.0 833.0 small-vehicle 0
680.0 936.0 676.0 928.0 700.0 918.0 703.0 927.0 small-vehicle 0
667.0 916.0 660.0 906.0 684.0 884.0 691.0 893.0 small-vehicle 0
658.0 900.0 651.0 892.0 671.0 875.0 677.0 884.0 small-vehicle 0
645.0 886.0 637.0 877.0 658.0 862.0 663.0 871.0 small-vehicle 0
637.0 876.0 631.0 867.0 649.0 853.0 654.0 862.0 small-vehicle 0
633.0 866.0 627.0 857.0 644.0 846.0 649.0 854.0 small-vehicle 0
624.0 858.0 616.0 850.0 640.0 832.0 646.0 841.0 small-vehicle 0
609.0 839.0 601.0 831.0 620.0 812.0 627.0 821.0 small-vehicle 0
444.0 715.0 433.0 718.0 426.0 697.0 437.0 693.0 small-vehicle 0
590.0 815.0 582.0 807.0 601.0 791.0 606.0 800.0 small-vehicle 0
581.0 807.0 574.0 797.0 594.0 781.0 601.0 790.0 small-vehicle 0
573.0 797.0 566.0 788.0 587.0 769.0 593.0 778.0 small-vehicle 0
568.0 785.0 559.0 778.0 581.0 757.0 587.0 766.0 small-vehicle 0
560.0 775.0 553.0 767.0 571.0 750.0 577.0 758.0 small-vehicle 0
554.0 765.0 546.0 758.0 566.0 739.0 571.0 747.0 small-vehicle 0
547.0 758.0 540.0 749.0 558.0 732.0 565.0 741.0 small-vehicle 0
347.0 311.0 357.0 307.0 363.0 325.0 355.0 328.0 small-vehicle 0
355.0 329.0 344.0 332.0 339.0 315.0 347.0 312.0 small-vehicle 0
338.0 338.0 327.0 344.0 316.0 320.0 326.0 316.0 small-vehicle 0
540.0 442.0 529.0 439.0 531.0 414.0 542.0 415.0 small-vehicle 0
511.0 705.0 501.0 708.0 491.0 680.0 502.0 677.0 small-vehicle 0
513.0 639.0 517.0 650.0 498.0 656.0 494.0 647.0 small-vehicle 0
534.0 633.0 537.0 642.0 522.0 647.0 518.0 639.0 small-vehicle 0
543.0 658.0 548.0 667.0 534.0 674.0 529.0 666.0 small-vehicle 0
497.0 610.0 493.0 599.0 513.0 593.0 515.0 604.0 small-vehicle 0
373.0 534.0 361.0 533.0 364.0 507.0 376.0 508.0 small-vehicle 0
377.0 507.0 365.0 506.0 370.0 477.0 381.0 479.0 small-vehicle 0
366.0 496.0 356.0 495.0 360.0 475.0 370.0 477.0 small-vehicle 0
428.0 512.0 415.0 510.0 419.0 481.0 431.0 482.0 small-vehicle 0
440.0 507.0 429.0 505.0 434.0 478.0 444.0 480.0 small-vehicle 0
453.0 504.0 442.0 502.0 444.0 476.0 455.0 477.0 small-vehicle 0
443.0 478.0 432.0 476.0 436.0 450.0 448.0 453.0 small-vehicle 0
457.0 474.0 446.0 471.0 450.0 443.0 462.0 445.0 small-vehicle 0
498.0 459.0 487.0 457.0 491.0 429.0 503.0 431.0 small-vehicle 0
527.0 444.0 517.0 443.0 520.0 416.0 529.0 418.0 small-vehicle 0
320.0 91.0 321.0 101.0 302.0 102.0 301.0 92.0 small-vehicle 0
258.0 109.0 257.0 98.0 276.0 97.0 277.0 106.0 small-vehicle 0
531.0 739.0 523.0 729.0 543.0 712.0 551.0 721.0 small-vehicle 0
214.0 557.0 218.0 547.0 275.0 571.0 271.0 581.0 large-vehicle 0
121.0 529.0 115.0 520.0 156.0 496.0 162.0 504.0 large-vehicle 0
121.0 547.0 115.0 540.0 159.0 512.0 164.0 520.0 large-vehicle 0
122.0 580.0 116.0 571.0 160.0 545.0 166.0 553.0 large-vehicle 0
124.0 598.0 118.0 588.0 161.0 560.0 168.0 569.0 large-vehicle 0
162.0 576.0 168.0 586.0 125.0 614.0 118.0 604.0 large-vehicle 0
162.0 594.0 169.0 604.0 124.0 631.0 119.0 621.0 large-vehicle 0
127.0 662.0 122.0 653.0 165.0 624.0 172.0 634.0 large-vehicle 0
214.0 542.0 219.0 531.0 285.0 558.0 281.0 570.0 large-vehicle 0
119.0 495.0 112.0 486.0 158.0 460.0 164.0 468.0 large-vehicle 0
283.0 541.0 279.0 551.0 211.0 522.0 215.0 513.0 large-vehicle 0
209.0 489.0 215.0 481.0 281.0 509.0 277.0 516.0 large-vehicle 0
209.0 474.0 214.0 464.0 280.0 492.0 277.0 501.0 large-vehicle 0
208.0 456.0 212.0 448.0 280.0 476.0 276.0 484.0 large-vehicle 0
279.0 460.0 275.0 469.0 207.0 438.0 212.0 430.0 large-vehicle 0
278.0 443.0 274.0 452.0 206.0 422.0 211.0 413.0 large-vehicle 0
279.0 426.0 275.0 435.0 206.0 408.0 211.0 399.0 large-vehicle 0
119.0 513.0 112.0 503.0 159.0 478.0 165.0 487.0 large-vehicle 0
118.0 479.0 112.0 472.0 156.0 444.0 162.0 452.0 large-vehicle 0
235.0 111.0 233.0 100.0 252.0 97.0 253.0 108.0 small-vehicle 0
196.0 296.0 200.0 287.0 248.0 305.0 245.0 314.0 large-vehicle 0
107.0 195.0 101.0 187.0 133.0 167.0 138.0 176.0 large-vehicle 0
104.0 215.0 97.0 205.0 139.0 180.0 145.0 189.0 large-vehicle 0
104.0 246.0 100.0 238.0 146.0 211.0 151.0 219.0 large-vehicle 0
193.0 229.0 198.0 219.0 246.0 240.0 242.0 250.0 large-vehicle 0
191.0 248.0 196.0 238.0 246.0 254.0 243.0 264.0 large-vehicle 0
109.0 279.0 103.0 271.0 148.0 242.0 154.0 251.0 large-vehicle 0
108.0 313.0 103.0 304.0 147.0 277.0 153.0 286.0 large-vehicle 0
109.0 331.0 104.0 322.0 149.0 294.0 155.0 303.0 large-vehicle 0
116.0 464.0 111.0 455.0 156.0 427.0 162.0 435.0 large-vehicle 0
194.0 314.0 199.0 303.0 249.0 320.0 245.0 330.0 large-vehicle 0
110.0 347.0 105.0 338.0 149.0 311.0 155.0 320.0 large-vehicle 0
196.0 333.0 200.0 322.0 251.0 337.0 248.0 348.0 large-vehicle 0
112.0 379.0 105.0 371.0 152.0 343.0 157.0 352.0 large-vehicle 0
112.0 397.0 107.0 388.0 152.0 362.0 156.0 371.0 large-vehicle 0
114.0 431.0 108.0 421.0 152.0 395.0 158.0 404.0 large-vehicle 0
115.0 447.0 109.0 439.0 156.0 410.0 160.0 420.0 large-vehicle 0
276.0 408.0 273.0 417.0 205.0 390.0 209.0 380.0 large-vehicle 0
276.0 392.0 272.0 400.0 204.0 371.0 208.0 362.0 large-vehicle 0
275.0 374.0 272.0 383.0 204.0 356.0 208.0 347.0 large-vehicle 0
638.0 292.0 643.0 302.0 597.0 322.0 592.0 312.0 large-vehicle 0
603.0 540.0 598.0 548.0 555.0 517.0 562.0 508.0 large-vehicle 0
635.0 527.0 628.0 536.0 586.0 504.0 592.0 495.0 large-vehicle 0
668.0 517.0 662.0 526.0 620.0 496.0 626.0 487.0 large-vehicle 0
665.0 549.0 660.0 540.0 722.0 512.0 727.0 523.0 large-vehicle 0
679.0 509.0 674.0 516.0 632.0 484.0 639.0 476.0 large-vehicle 0
691.0 498.0 685.0 507.0 646.0 479.0 652.0 470.0 large-vehicle 0
712.0 495.0 706.0 504.0 665.0 474.0 671.0 465.0 large-vehicle 0
616.0 238.0 620.0 248.0 574.0 268.0 570.0 257.0 large-vehicle 0
356.0 418.0 350.0 407.0 400.0 386.0 404.0 396.0 large-vehicle 0
769.0 225.0 770.0 237.0 733.0 238.0 733.0 227.0 large-vehicle 0
263.0 59.0 263.0 50.0 277.0 49.0 277.0 58.0 small-vehicle 1
280.0 54.0 280.0 44.0 299.0 43.0 300.0 53.0 small-vehicle 0
308.0 51.0 307.0 41.0 329.0 41.0 329.0 50.0 small-vehicle 0
54.0 73.0 55.0 63.0 72.0 65.0 72.0 74.0 small-vehicle 0
138.0 70.0 137.0 60.0 154.0 61.0 154.0 70.0 small-vehicle 0
207.0 112.0 206.0 101.0 228.0 100.0 227.0 111.0 small-vehicle 0
588.0 546.0 581.0 554.0 538.0 521.0 546.0 512.0 large-vehicle 0
571.0 552.0 564.0 559.0 524.0 527.0 530.0 520.0 large-vehicle 0
522.0 568.0 514.0 577.0 473.0 541.0 480.0 533.0 large-vehicle 0
487.0 577.0 481.0 584.0 441.0 554.0 446.0 547.0 large-vehicle 0
176.0 672.0 183.0 664.0 219.0 691.0 211.0 700.0 large-vehicle 0
240.0 677.0 234.0 684.0 197.0 654.0 204.0 645.0 large-vehicle 0
272.0 664.0 266.0 671.0 222.0 639.0 228.0 632.0 large-vehicle 0
291.0 662.0 285.0 669.0 242.0 636.0 249.0 627.0 large-vehicle 0
295.0 698.0 290.0 687.0 352.0 661.0 358.0 672.0 large-vehicle 0
371.0 668.0 366.0 658.0 402.0 641.0 407.0 652.0 large-vehicle 0
413.0 650.0 409.0 640.0 437.0 628.0 442.0 640.0 large-vehicle 0
309.0 656.0 303.0 663.0 260.0 632.0 266.0 624.0 large-vehicle 0
357.0 639.0 351.0 646.0 309.0 616.0 315.0 608.0 large-vehicle 0
366.0 629.0 361.0 635.0 324.0 605.0 330.0 598.0 large-vehicle 0
385.0 624.0 379.0 633.0 336.0 600.0 343.0 592.0 large-vehicle 0
395.0 614.0 389.0 622.0 347.0 591.0 352.0 582.0 large-vehicle 0
413.0 610.0 406.0 618.0 364.0 584.0 370.0 574.0 large-vehicle 0
425.0 602.0 420.0 610.0 379.0 578.0 385.0 570.0 large-vehicle 0
457.0 588.0 451.0 596.0 410.0 567.0 416.0 559.0 large-vehicle 0
537.0 753.0 530.0 743.0 553.0 724.0 559.0 733.0 small-vehicle 0
555.0 676.0 559.0 684.0 542.0 695.0 537.0 686.0 small-vehicle 0
301.0 917.0 310.0 910.0 323.0 928.0 314.0 936.0 small-vehicle 1
521.0 205.0 512.0 207.0 508.0 187.0 515.0 185.0 small-vehicle 1
558.0 34.0 561.0 44.0 543.0 49.0 541.0 40.0 small-vehicle 1
29.0 112.0 32.0 122.0 11.0 123.0 11.0 112.0 small-vehicle 1
475.0 220.0 468.0 224.0 459.0 206.0 468.0 202.0 small-vehicle 1
484.0 216.0 479.0 221.0 469.0 204.0 478.0 200.0 small-vehicle 1
495.0 213.0 487.0 218.0 479.0 200.0 488.0 198.0 small-vehicle 1
504.0 210.0 496.0 214.0 488.0 196.0 496.0 193.0 small-vehicle 1
497.0 193.0 506.0 191.0 510.0 208.0 504.0 210.0 small-vehicle 1
514.0 185.0 524.0 180.0 532.0 200.0 522.0 205.0 small-vehicle 1
777.0 555.0 786.0 553.0 793.0 579.0 784.0 582.0 small-vehicle 0
535.0 176.0 544.0 171.0 551.0 193.0 541.0 196.0 small-vehicle 1
626.0 364.0 621.0 355.0 640.0 349.0 643.0 358.0 small-vehicle 1
587.0 578.0 580.0 566.0 600.0 559.0 605.0 570.0 small-vehicle 1
575.0 570.0 579.0 579.0 559.0 587.0 556.0 578.0 small-vehicle 1
705.0 566.0 708.0 575.0 691.0 581.0 687.0 573.0 small-vehicle 1
718.0 570.0 712.0 562.0 726.0 555.0 732.0 564.0 small-vehicle 1
735.0 602.0 726.0 604.0 719.0 588.0 727.0 584.0 small-vehicle 1
788.0 552.0 799.0 547.0 808.0 576.0 796.0 579.0 small-vehicle 0
783.0 483.0 772.0 487.0 763.0 460.0 772.0 457.0 small-vehicle 0
524.0 103.0 534.0 99.0 538.0 116.0 530.0 119.0 small-vehicle 0
553.0 172.0 561.0 167.0 567.0 185.0 557.0 187.0 small-vehicle 0
549.0 113.0 539.0 116.0 534.0 95.0 541.0 93.0 small-vehicle 0
559.0 109.0 550.0 113.0 543.0 94.0 551.0 91.0 small-vehicle 0
554.0 92.0 560.0 89.0 566.0 105.0 560.0 107.0 small-vehicle 0
545.0 122.0 552.0 118.0 560.0 137.0 552.0 141.0 small-vehicle 0
555.0 118.0 563.0 114.0 569.0 134.0 561.0 136.0 small-vehicle 0
579.0 130.0 570.0 135.0 563.0 114.0 571.0 111.0 small-vehicle 0
572.0 112.0 581.0 106.0 589.0 124.0 579.0 128.0 small-vehicle 0
560.0 194.0 562.0 201.0 577.0 196.0 575.0 188.0 small-vehicle 0
771.0 484.0 762.0 489.0 750.0 462.0 761.0 458.0 small-vehicle 0
584.0 193.0 581.0 184.0 597.0 178.0 600.0 186.0 small-vehicle 0
563.0 165.0 571.0 163.0 576.0 182.0 568.0 184.0 small-vehicle 0
572.0 165.0 581.0 161.0 586.0 178.0 578.0 181.0 small-vehicle 0
596.0 172.0 586.0 176.0 580.0 158.0 589.0 154.0 small-vehicle 0
737.0 458.0 732.0 448.0 754.0 438.0 758.0 448.0 small-vehicle 0
761.0 448.0 758.0 437.0 776.0 431.0 778.0 441.0 small-vehicle 0
740.0 438.0 736.0 429.0 759.0 422.0 760.0 431.0 small-vehicle 0
728.0 606.0 718.0 613.0 711.0 592.0 719.0 589.0 small-vehicle 1
717.0 613.0 707.0 615.0 700.0 596.0 709.0 591.0 small-vehicle 1
706.0 615.0 696.0 620.0 689.0 600.0 701.0 596.0 small-vehicle 1
808.0 427.0 816.0 423.0 823.0 437.0 814.0 442.0 small-vehicle 1
770.0 567.0 779.0 562.0 783.0 579.0 777.0 583.0 small-vehicle 1
775.0 579.0 765.0 581.0 757.0 563.0 768.0 559.0 small-vehicle 1
779.0 627.0 768.0 630.0 762.0 609.0 772.0 606.0 small-vehicle 1
790.0 623.0 781.0 625.0 774.0 605.0 785.0 603.0 small-vehicle 1
802.0 616.0 794.0 621.0 785.0 601.0 793.0 595.0 small-vehicle 1
815.0 611.0 805.0 616.0 793.0 596.0 803.0 592.0 small-vehicle 1
753.0 269.0 750.0 258.0 769.0 253.0 771.0 264.0 small-vehicle 1
818.0 420.0 809.0 418.0 814.0 399.0 822.0 400.0 small-vehicle 1
695.0 619.0 686.0 623.0 679.0 604.0 688.0 601.0 small-vehicle 1
772.0 520.0 767.0 510.0 785.0 503.0 790.0 513.0 small-vehicle 1
773.0 212.0 760.0 215.0 750.0 185.0 762.0 180.0 large-vehicle 0
96.0 777.0 90.0 768.0 109.0 760.0 113.0 768.0 small-vehicle 1
109.0 18.0 102.0 18.0 101.0 3.0 108.0 3.0 small-vehicle 1
107.0 34.0 101.0 32.0 104.0 19.0 110.0 21.0 small-vehicle 1
197.0 65.0 198.0 55.0 214.0 54.0 215.0 65.0 small-vehicle 1
224.0 62.0 223.0 53.0 241.0 51.0 240.0 61.0 small-vehicle 1
150.0 765.0 155.0 777.0 113.0 790.0 109.0 779.0 large-vehicle 1
101.0 899.0 108.0 895.0 119.0 911.0 112.0 917.0 small-vehicle 1
334.0 711.0 339.0 721.0 319.0 728.0 315.0 717.0 small-vehicle 1
354.0 701.0 359.0 712.0 342.0 719.0 337.0 708.0 small-vehicle 1
453.0 630.0 450.0 619.0 462.0 614.0 468.0 623.0 small-vehicle 1
474.0 622.0 469.0 613.0 485.0 606.0 491.0 614.0 small-vehicle 1
190.0 735.0 186.0 725.0 202.0 719.0 207.0 727.0 small-vehicle 1
159.0 738.0 164.0 747.0 143.0 754.0 139.0 745.0 small-vehicle 1
80.0 768.0 84.0 779.0 69.0 785.0 64.0 775.0 small-vehicle 1
83.0 807.0 86.0 818.0 69.0 823.0 64.0 814.0 small-vehicle 1
261.0 882.0 253.0 879.0 257.0 861.0 265.0 864.0 small-vehicle 1
462.0 850.0 469.0 859.0 449.0 878.0 440.0 869.0 small-vehicle 1
548.0 922.0 539.0 913.0 556.0 898.0 563.0 906.0 small-vehicle 1
554.0 929.0 549.0 921.0 561.0 908.0 570.0 916.0 small-vehicle 1
643.0 3.0 648.0 13.0 629.0 20.0 624.0 10.0 small-vehicle 1
469.0 658.0 472.0 668.0 457.0 672.0 452.0 663.0 small-vehicle 1
450.0 665.0 454.0 674.0 438.0 679.0 435.0 670.0 small-vehicle 1
405.0 684.0 408.0 693.0 390.0 700.0 386.0 689.0 small-vehicle 1
382.0 691.0 387.0 702.0 366.0 707.0 363.0 697.0 small-vehicle 1
515.0 104.0 523.0 100.0 530.0 120.0 523.0 123.0 small-vehicle 0
551.0 139.0 542.0 144.0 534.0 126.0 542.0 122.0 small-vehicle 0
559.0 685.0 565.0 693.0 550.0 703.0 545.0 697.0 small-vehicle 0
439.0 107.0 431.0 111.0 424.0 92.0 432.0 90.0 small-vehicle 0
321.0 134.0 312.0 137.0 308.0 114.0 318.0 112.0 small-vehicle 0
330.0 133.0 321.0 135.0 317.0 115.0 325.0 113.0 small-vehicle 0
341.0 132.0 332.0 134.0 328.0 112.0 337.0 110.0 small-vehicle 0
350.0 127.0 341.0 129.0 338.0 111.0 347.0 109.0 small-vehicle 0
361.0 126.0 351.0 128.0 348.0 107.0 356.0 106.0 small-vehicle 0
370.0 124.0 360.0 126.0 359.0 107.0 367.0 106.0 small-vehicle 0
382.0 123.0 372.0 126.0 368.0 106.0 377.0 104.0 small-vehicle 0
450.0 105.0 441.0 109.0 434.0 91.0 442.0 88.0 small-vehicle 0
339.0 87.0 341.0 95.0 324.0 98.0 322.0 90.0 small-vehicle 0
458.0 100.0 451.0 103.0 445.0 87.0 452.0 84.0 small-vehicle 0
468.0 96.0 459.0 98.0 454.0 82.0 461.0 79.0 small-vehicle 0
472.0 99.0 468.0 89.0 483.0 82.0 487.0 91.0 small-vehicle 0
491.0 91.0 487.0 81.0 504.0 75.0 507.0 83.0 small-vehicle 0
421.0 70.0 421.0 79.0 406.0 81.0 406.0 72.0 small-vehicle 0
327.0 66.0 324.0 57.0 346.0 54.0 346.0 62.0 small-vehicle 0
426.0 79.0 424.0 70.0 439.0 66.0 441.0 74.0 small-vehicle 0
364.0 82.0 366.0 91.0 348.0 95.0 347.0 86.0 small-vehicle 0
698.0 138.0 693.0 128.0 711.0 120.0 714.0 131.0 small-vehicle 0
519.0 133.0 528.0 130.0 531.0 149.0 523.0 150.0 small-vehicle 0
569.0 616.0 574.0 626.0 555.0 635.0 550.0 626.0 small-vehicle 0
566.0 694.0 572.0 701.0 558.0 713.0 551.0 706.0 small-vehicle 0
576.0 702.0 581.0 710.0 564.0 720.0 559.0 713.0 small-vehicle 0
578.0 667.0 570.0 673.0 560.0 654.0 568.0 650.0 small-vehicle 0
592.0 661.0 585.0 668.0 573.0 654.0 580.0 648.0 small-vehicle 0
603.0 655.0 596.0 662.0 583.0 645.0 590.0 639.0 small-vehicle 0
612.0 651.0 603.0 656.0 592.0 639.0 600.0 634.0 small-vehicle 0
622.0 647.0 615.0 652.0 603.0 636.0 612.0 631.0 small-vehicle 0
596.0 607.0 601.0 616.0 586.0 625.0 581.0 617.0 small-vehicle 0
706.0 145.0 702.0 135.0 722.0 128.0 724.0 139.0 small-vehicle 0
563.0 462.0 552.0 461.0 554.0 435.0 565.0 436.0 small-vehicle 0
554.0 437.0 542.0 437.0 545.0 410.0 556.0 412.0 small-vehicle 0
566.0 437.0 554.0 434.0 559.0 410.0 570.0 412.0 small-vehicle 0
808.0 159.0 813.0 168.0 797.0 176.0 791.0 167.0 small-vehicle 0
804.0 145.0 808.0 155.0 789.0 164.0 784.0 155.0 small-vehicle 0
795.0 122.0 799.0 131.0 781.0 138.0 776.0 130.0 small-vehicle 0
790.0 114.0 795.0 122.0 778.0 129.0 773.0 121.0 small-vehicle 0
446.0 73.0 444.0 64.0 460.0 60.0 462.0 68.0 small-vehicle 0
481.0 55.0 485.0 64.0 469.0 69.0 466.0 61.0 small-vehicle 0
496.0 59.0 494.0 51.0 510.0 48.0 511.0 55.0 small-vehicle 0
460.0 127.0 469.0 125.0 472.0 141.0 463.0 142.0 small-vehicle 0
432.0 165.0 441.0 161.0 448.0 181.0 439.0 183.0 small-vehicle 0
444.0 159.0 452.0 157.0 458.0 177.0 450.0 179.0 small-vehicle 0
452.0 156.0 460.0 152.0 467.0 171.0 460.0 174.0 small-vehicle 0
476.0 169.0 469.0 173.0 460.0 150.0 468.0 147.0 small-vehicle 0
485.0 164.0 478.0 167.0 471.0 147.0 479.0 145.0 small-vehicle 0
441.0 137.0 449.0 134.0 455.0 151.0 448.0 153.0 small-vehicle 0
465.0 145.0 457.0 149.0 450.0 130.0 457.0 128.0 small-vehicle 0
470.0 122.0 477.0 120.0 484.0 138.0 477.0 141.0 small-vehicle 0
532.0 43.0 535.0 50.0 520.0 55.0 517.0 47.0 small-vehicle 0
505.0 156.0 497.0 160.0 487.0 140.0 495.0 138.0 small-vehicle 0
515.0 154.0 508.0 158.0 499.0 140.0 505.0 137.0 small-vehicle 0
479.0 122.0 487.0 119.0 493.0 136.0 486.0 138.0 small-vehicle 0
488.0 118.0 496.0 114.0 503.0 135.0 496.0 138.0 small-vehicle 0
498.0 114.0 506.0 111.0 512.0 128.0 505.0 131.0 small-vehicle 0
507.0 112.0 516.0 108.0 520.0 124.0 513.0 127.0 small-vehicle 0
509.0 136.0 516.0 133.0 521.0 150.0 514.0 151.0 small-vehicle 0
446.0 156.0 438.0 159.0 430.0 140.0 438.0 137.0 small-vehicle 0
437.0 160.0 428.0 165.0 418.0 143.0 426.0 139.0 small-vehicle 0
390.0 153.0 399.0 151.0 400.0 170.0 392.0 170.0 small-vehicle 0
382.0 154.0 388.0 153.0 392.0 176.0 385.0 177.0 small-vehicle 0
430.0 49.0 428.0 38.0 445.0 34.0 447.0 43.0 small-vehicle 0
334.0 48.0 333.0 38.0 350.0 36.0 351.0 45.0 small-vehicle 0
353.0 42.0 352.0 33.0 368.0 32.0 368.0 40.0 small-vehicle 0
425.0 29.0 423.0 20.0 440.0 17.0 442.0 25.0 small-vehicle 0
447.0 22.0 444.0 13.0 461.0 11.0 462.0 20.0 small-vehicle 0
470.0 15.0 470.0 6.0 484.0 5.0 485.0 13.0 small-vehicle 1
336.0 206.0 328.0 209.0 324.0 189.0 331.0 188.0 small-vehicle 0
332.0 186.0 341.0 184.0 345.0 206.0 336.0 207.0 small-vehicle 0
340.0 182.0 331.0 183.0 328.0 163.0 337.0 162.0 small-vehicle 0
351.0 182.0 342.0 183.0 339.0 163.0 348.0 162.0 small-vehicle 0
353.0 183.0 362.0 180.0 366.0 197.0 358.0 199.0 small-vehicle 0
362.0 180.0 372.0 179.0 374.0 193.0 365.0 195.0 small-vehicle 1
359.0 177.0 352.0 179.0 349.0 161.0 355.0 160.0 small-vehicle 0
370.0 176.0 362.0 177.0 359.0 160.0 366.0 158.0 small-vehicle 0
380.0 173.0 371.0 175.0 368.0 158.0 377.0 155.0 small-vehicle 0
103.0 180.0 96.0 171.0 142.0 142.0 149.0 153.0 large-vehicle 0
