imagesource:GoogleEarth
gsd:0.25606991154
26.0 399.0 19.0 394.0 32.0 377.0 41.0 381.0 large-vehicle 0
157.0 393.0 186.0 361.0 253.0 421.0 225.0 453.0 tennis-court 1
202.0 340.0 230.0 307.0 300.0 367.0 271.0 400.0 tennis-court 0
249.0 287.0 277.0 256.0 346.0 315.0 318.0 347.0 tennis-court 0
420.0 703.0 449.0 671.0 518.0 731.0 491.0 763.0 tennis-court 0
456.0 661.0 485.0 629.0 553.0 689.0 526.0 721.0 tennis-court 0
493.0 619.0 521.0 587.0 590.0 647.0 562.0 680.0 tennis-court 0
548.0 557.0 576.0 525.0 645.0 584.0 617.0 616.0 tennis-court 0
583.0 516.0 611.0 484.0 680.0 544.0 653.0 576.0 tennis-court 0
618.0 476.0 646.0 444.0 715.0 503.0 688.0 536.0 tennis-court 0
653.0 435.0 680.0 403.0 750.0 463.0 723.0 495.0 tennis-court 0
706.0 373.0 734.0 341.0 803.0 401.0 776.0 433.0 tennis-court 0
741.0 333.0 769.0 301.0 838.0 360.0 811.0 392.0 tennis-court 0
386.0 194.0 425.0 150.0 489.0 207.0 449.0 252.0 basketball-court 0
314.0 131.0 353.0 88.0 419.0 147.0 380.0 190.0 basketball-court 0
515.0 188.0 442.0 121.0 505.0 53.0 580.0 120.0 baseball-diamond 0
