imagesource:GoogleEarth
gsd:0.265541377193
289.0 463.0 337.0 468.0 326.0 560.0 281.0 556.0 tennis-court 0
235.0 459.0 281.0 464.0 271.0 556.0 226.0 551.0 tennis-court 0
129.0 448.0 174.0 454.0 164.0 545.0 119.0 540.0 tennis-court 0
75.0 442.0 118.0 448.0 108.0 539.0 64.0 535.0 tennis-court 0
17.0 438.0 64.0 443.0 53.0 534.0 9.0 531.0 tennis-court 0
304.0 326.0 349.0 331.0 340.0 424.0 296.0 419.0 tennis-court 0
249.0 321.0 293.0 326.0 283.0 418.0 239.0 414.0 tennis-court 0
143.0 311.0 188.0 316.0 178.0 407.0 133.0 403.0 tennis-court 0
88.0 305.0 133.0 310.0 123.0 402.0 78.0 397.0 tennis-court 0
32.0 298.0 78.0 304.0 67.0 397.0 22.0 392.0 tennis-court 0
317.0 213.0 379.0 220.0 369.0 306.0 309.0 300.0 basketball-court 0
243.0 207.0 304.0 212.0 297.0 299.0 235.0 293.0 basketball-court 0
