imagesource:GoogleEarth
gsd:0.258216345069
1078.0 635.0 1070.0 630.0 1080.0 612.0 1089.0 619.0 small-vehicle 1
239.0 327.0 246.0 335.0 236.0 346.0 229.0 340.0 small-vehicle 1
104.0 324.0 96.0 333.0 68.0 313.0 77.0 303.0 large-vehicle 1
77.0 300.0 84.0 292.0 110.0 315.0 101.0 321.0 large-vehicle 1
90.0 452.0 83.0 445.0 94.0 431.0 102.0 439.0 small-vehicle 1
41.0 514.0 33.0 507.0 48.0 492.0 56.0 497.0 small-vehicle 1
120.0 482.0 128.0 487.0 114.0 503.0 108.0 499.0 small-vehicle 1
82.0 543.0 74.0 537.0 85.0 523.0 93.0 529.0 small-vehicle 1
143.0 451.0 152.0 458.0 139.0 474.0 131.0 468.0 small-vehicle 1
191.0 389.0 200.0 395.0 189.0 410.0 180.0 404.0 small-vehicle 1
135.0 657.0 141.0 649.0 153.0 660.0 148.0 667.0 small-vehicle 1
121.0 683.0 115.0 691.0 97.0 676.0 102.0 669.0 small-vehicle 1
143.0 700.0 136.0 707.0 119.0 694.0 126.0 686.0 small-vehicle 1
231.0 769.0 225.0 775.0 207.0 762.0 215.0 755.0 small-vehicle 1
232.0 781.0 237.0 772.0 253.0 784.0 246.0 792.0 small-vehicle 1
276.0 803.0 271.0 809.0 254.0 799.0 261.0 790.0 small-vehicle 1
259.0 754.0 266.0 746.0 281.0 757.0 274.0 766.0 small-vehicle 1
331.0 798.0 325.0 804.0 309.0 791.0 316.0 785.0 small-vehicle 1
318.0 836.0 313.0 843.0 292.0 829.0 298.0 820.0 small-vehicle 1
221.0 881.0 228.0 887.0 217.0 902.0 210.0 895.0 small-vehicle 1
23.0 843.0 30.0 849.0 19.0 865.0 12.0 859.0 small-vehicle 1
327.0 855.0 331.0 848.0 349.0 861.0 343.0 867.0 small-vehicle 1
351.0 875.0 356.0 867.0 374.0 881.0 368.0 888.0 small-vehicle 1
417.0 895.0 410.0 905.0 393.0 892.0 399.0 882.0 small-vehicle 1
440.0 895.0 446.0 886.0 464.0 903.0 458.0 910.0 small-vehicle 1
481.0 928.0 487.0 920.0 504.0 933.0 497.0 939.0 small-vehicle 1
501.0 944.0 508.0 935.0 524.0 951.0 519.0 959.0 small-vehicle 1
378.0 848.0 385.0 839.0 399.0 852.0 392.0 858.0 small-vehicle 1
591.0 1014.0 598.0 1006.0 615.0 1018.0 609.0 1025.0 small-vehicle 1
187.0 355.0 179.0 349.0 196.0 328.0 204.0 335.0 large-vehicle 1
199.0 310.0 193.0 304.0 204.0 291.0 212.0 296.0 small-vehicle 1
444.0 1090.0 437.0 1084.0 449.0 1067.0 457.0 1075.0 small-vehicle 1
267.0 292.0 273.0 298.0 263.0 311.0 256.0 305.0 small-vehicle 1
668.0 737.0 583.0 669.0 654.0 584.0 739.0 652.0 baseball-diamond 0
861.0 476.0 801.0 556.0 725.0 496.0 787.0 418.0 baseball-diamond 0
504.0 211.0 591.0 285.0 516.0 380.0 425.0 305.0 baseball-diamond 0
205.0 627.0 306.0 507.0 427.0 603.0 332.0 729.0 baseball-diamond 0
178.0 23.0 170.0 17.0 180.0 6.0 188.0 12.0 small-vehicle 1
193.0 35.0 183.0 26.0 196.0 12.0 204.0 20.0 small-vehicle 1
205.0 72.0 211.0 64.0 227.0 77.0 220.0 84.0 small-vehicle 1
288.0 127.0 282.0 134.0 265.0 123.0 271.0 115.0 small-vehicle 1
235.0 98.0 240.0 91.0 258.0 104.0 252.0 112.0 small-vehicle 1
357.0 109.0 350.0 102.0 362.0 87.0 370.0 94.0 small-vehicle 1
400.0 136.0 393.0 132.0 406.0 116.0 412.0 121.0 small-vehicle 1
389.0 135.0 397.0 142.0 386.0 154.0 379.0 149.0 small-vehicle 1
373.0 155.0 381.0 162.0 371.0 177.0 363.0 172.0 small-vehicle 1
359.0 171.0 367.0 179.0 354.0 196.0 348.0 190.0 small-vehicle 1
346.0 190.0 354.0 196.0 342.0 214.0 334.0 209.0 small-vehicle 1
310.0 201.0 302.0 195.0 314.0 179.0 321.0 186.0 small-vehicle 1
269.0 224.0 261.0 215.0 274.0 200.0 281.0 207.0 small-vehicle 1
252.0 246.0 244.0 238.0 256.0 222.0 264.0 228.0 small-vehicle 1
311.0 235.0 318.0 242.0 308.0 256.0 300.0 250.0 small-vehicle 1
296.0 253.0 304.0 261.0 291.0 274.0 284.0 269.0 small-vehicle 1
283.0 271.0 290.0 278.0 278.0 293.0 272.0 287.0 small-vehicle 1
488.0 9.0 495.0 15.0 482.0 30.0 476.0 26.0 small-vehicle 1
518.0 112.0 525.0 103.0 541.0 118.0 535.0 124.0 small-vehicle 1
566.0 104.0 570.0 95.0 585.0 107.0 580.0 114.0 small-vehicle 1
454.0 103.0 460.0 96.0 475.0 107.0 470.0 116.0 small-vehicle 1
458.0 79.0 465.0 70.0 481.0 85.0 474.0 91.0 small-vehicle 1
482.0 82.0 487.0 74.0 502.0 85.0 496.0 91.0 small-vehicle 1
616.0 1030.0 621.0 1021.0 635.0 1032.0 629.0 1041.0 small-vehicle 1
477.0 1069.0 470.0 1063.0 484.0 1047.0 492.0 1055.0 small-vehicle 1
1069.0 629.0 1060.0 621.0 1073.0 604.0 1081.0 611.0 small-vehicle 1
626.0 62.0 620.0 69.0 603.0 55.0 608.0 47.0 small-vehicle 1
810.0 89.0 800.0 83.0 814.0 67.0 823.0 74.0 small-vehicle 1
826.0 67.0 817.0 60.0 831.0 45.0 838.0 52.0 small-vehicle 1
888.0 35.0 895.0 40.0 885.0 56.0 876.0 51.0 small-vehicle 1
903.0 16.0 911.0 22.0 899.0 38.0 890.0 33.0 small-vehicle 1
1004.0 117.0 998.0 125.0 978.0 110.0 985.0 101.0 small-vehicle 1
1073.0 268.0 1080.0 274.0 1068.0 289.0 1063.0 283.0 small-vehicle 1
1077.0 315.0 1085.0 322.0 1071.0 342.0 1062.0 335.0 small-vehicle 1
993.0 388.0 985.0 382.0 997.0 366.0 1004.0 373.0 small-vehicle 1
1030.0 394.0 1023.0 388.0 1034.0 373.0 1042.0 379.0 small-vehicle 1
1019.0 392.0 1026.0 400.0 1011.0 419.0 1005.0 412.0 small-vehicle 1
976.0 410.0 967.0 404.0 981.0 386.0 988.0 392.0 small-vehicle 1
998.0 435.0 990.0 430.0 1003.0 412.0 1011.0 419.0 small-vehicle 1
925.0 487.0 919.0 495.0 904.0 485.0 910.0 477.0 small-vehicle 1
962.0 537.0 970.0 542.0 958.0 558.0 951.0 554.0 small-vehicle 1
976.0 537.0 984.0 543.0 972.0 557.0 965.0 552.0 small-vehicle 1
959.0 572.0 951.0 567.0 962.0 553.0 971.0 558.0 small-vehicle 1
1032.0 511.0 1038.0 504.0 1054.0 515.0 1049.0 523.0 small-vehicle 1
1051.0 524.0 1056.0 517.0 1072.0 531.0 1068.0 538.0 small-vehicle 1
1021.0 629.0 1030.0 636.0 1017.0 655.0 1009.0 648.0 small-vehicle 1
1030.0 639.0 1038.0 646.0 1027.0 662.0 1017.0 655.0 small-vehicle 1
1038.0 669.0 1029.0 662.0 1040.0 645.0 1050.0 652.0 small-vehicle 1
1046.0 676.0 1037.0 669.0 1050.0 652.0 1058.0 659.0 small-vehicle 1
1056.0 683.0 1047.0 677.0 1060.0 659.0 1068.0 666.0 small-vehicle 1
1064.0 690.0 1056.0 684.0 1069.0 668.0 1075.0 674.0 small-vehicle 1
1075.0 697.0 1066.0 690.0 1078.0 674.0 1087.0 680.0 small-vehicle 1
1047.0 617.0 1038.0 609.0 1049.0 591.0 1059.0 598.0 small-vehicle 1
1058.0 622.0 1048.0 615.0 1061.0 599.0 1070.0 606.0 small-vehicle 1
641.0 194.0 636.0 199.0 621.0 188.0 627.0 181.0 small-vehicle 1
871.0 325.0 877.0 316.0 892.0 327.0 887.0 336.0 small-vehicle 1
396.0 1041.0 388.0 1036.0 398.0 1023.0 405.0 1029.0 small-vehicle 1
891.0 227.0 897.0 218.0 914.0 233.0 908.0 238.0 small-vehicle 1
149.0 928.0 155.0 936.0 143.0 948.0 138.0 942.0 small-vehicle 1
136.0 943.0 143.0 948.0 132.0 963.0 125.0 958.0 small-vehicle 1
18.0 1026.0 22.0 1020.0 35.0 1030.0 31.0 1036.0 small-vehicle 1
37.0 1042.0 42.0 1036.0 57.0 1048.0 51.0 1055.0 small-vehicle 1
56.0 1058.0 61.0 1051.0 77.0 1065.0 73.0 1072.0 small-vehicle 1
70.0 1035.0 75.0 1028.0 90.0 1041.0 85.0 1046.0 small-vehicle 1
88.0 1048.0 93.0 1042.0 108.0 1056.0 102.0 1061.0 small-vehicle 1
106.0 1062.0 111.0 1055.0 127.0 1069.0 121.0 1074.0 small-vehicle 1
122.0 1108.0 127.0 1102.0 141.0 1114.0 135.0 1119.0 small-vehicle 1
234.0 1028.0 240.0 1034.0 231.0 1045.0 224.0 1041.0 small-vehicle 1
246.0 1010.0 254.0 1015.0 243.0 1032.0 236.0 1026.0 small-vehicle 1
269.0 1044.0 262.0 1039.0 274.0 1024.0 281.0 1029.0 small-vehicle 1
319.0 1057.0 327.0 1063.0 313.0 1080.0 305.0 1074.0 small-vehicle 1
468.0 1100.0 476.0 1107.0 463.0 1124.0 456.0 1117.0 small-vehicle 1
253.0 950.0 244.0 944.0 258.0 924.0 268.0 931.0 ship 1
340.0 1026.0 332.0 1018.0 349.0 999.0 356.0 1007.0 ship 1
651.0 1098.0 648.0 1105.0 631.0 1094.0 636.0 1086.0 small-vehicle 1
653.0 1079.0 659.0 1070.0 674.0 1083.0 669.0 1091.0 small-vehicle 1
714.0 1107.0 718.0 1099.0 734.0 1114.0 728.0 1120.0 small-vehicle 1
673.0 1115.0 668.0 1122.0 652.0 1110.0 656.0 1102.0 small-vehicle 1
693.0 1130.0 688.0 1138.0 669.0 1124.0 676.0 1116.0 small-vehicle 1
481.0 1113.0 489.0 1121.0 477.0 1135.0 468.0 1129.0 small-vehicle 1
867.0 411.0 862.0 419.0 847.0 408.0 851.0 400.0 small-vehicle 1
844.0 394.0 839.0 402.0 823.0 388.0 828.0 381.0 small-vehicle 1
732.0 188.0 724.0 180.0 735.0 167.0 744.0 173.0 small-vehicle 1
751.0 165.0 743.0 158.0 755.0 143.0 762.0 149.0 small-vehicle 1
805.0 142.0 813.0 148.0 802.0 164.0 794.0 159.0 small-vehicle 1
545.0 897.0 463.0 833.0 532.0 750.0 615.0 815.0 baseball-diamond 0
