imagesource:GoogleEarth
gsd:0.255975720394
692.0 89.0 708.0 89.0 708.0 107.0 692.0 107.0 storage-tank 0
134.0 48.0 141.0 40.0 154.0 55.0 146.0 61.0 small-vehicle 1
350.0 498.0 359.0 490.0 398.0 534.0 390.0 542.0 large-vehicle 0
402.0 449.0 412.0 440.0 456.0 492.0 447.0 500.0 large-vehicle 0
413.0 440.0 422.0 433.0 466.0 483.0 458.0 490.0 large-vehicle 0
437.0 423.0 446.0 416.0 484.0 460.0 475.0 468.0 large-vehicle 0
441.0 406.0 450.0 399.0 496.0 449.0 487.0 456.0 large-vehicle 0
480.0 386.0 489.0 378.0 528.0 422.0 519.0 430.0 large-vehicle 0
456.0 402.0 465.0 394.0 505.0 439.0 497.0 446.0 large-vehicle 0
463.0 390.0 473.0 382.0 518.0 431.0 508.0 439.0 large-vehicle 0
484.0 371.0 494.0 363.0 539.0 413.0 530.0 420.0 large-vehicle 0
531.0 334.0 541.0 326.0 583.0 378.0 574.0 385.0 large-vehicle 0
541.0 326.0 550.0 320.0 590.0 363.0 581.0 370.0 large-vehicle 0
555.0 316.0 563.0 307.0 609.0 344.0 601.0 353.0 large-vehicle 0
585.0 267.0 592.0 259.0 639.0 296.0 633.0 303.0 large-vehicle 0
593.0 256.0 601.0 247.0 648.0 283.0 642.0 292.0 large-vehicle 0
602.0 245.0 610.0 236.0 656.0 273.0 649.0 282.0 large-vehicle 0
613.0 233.0 620.0 225.0 666.0 263.0 659.0 271.0 large-vehicle 0
621.0 223.0 629.0 214.0 675.0 250.0 668.0 260.0 large-vehicle 0
56.0 68.0 50.0 63.0 63.0 48.0 70.0 54.0 small-vehicle 1
37.0 86.0 29.0 78.0 44.0 66.0 50.0 73.0 small-vehicle 1
193.0 16.0 186.0 23.0 172.0 10.0 179.0 3.0 small-vehicle 1
186.0 25.0 179.0 33.0 163.0 17.0 171.0 10.0 small-vehicle 1
177.0 32.0 169.0 39.0 156.0 25.0 163.0 17.0 small-vehicle 1
149.0 34.0 156.0 25.0 171.0 41.0 164.0 48.0 small-vehicle 1
340.0 507.0 349.0 500.0 387.0 543.0 379.0 550.0 large-vehicle 0
326.0 514.0 335.0 506.0 374.0 549.0 365.0 557.0 large-vehicle 0
315.0 523.0 324.0 515.0 362.0 560.0 353.0 566.0 large-vehicle 0
328.0 384.0 318.0 393.0 274.0 345.0 285.0 335.0 large-vehicle 0
213.0 206.0 220.0 198.0 260.0 241.0 253.0 248.0 large-vehicle 0
239.0 179.0 247.0 171.0 286.0 213.0 278.0 220.0 large-vehicle 0
247.0 168.0 255.0 160.0 299.0 206.0 290.0 213.0 large-vehicle 0
264.0 165.0 272.0 159.0 308.0 196.0 299.0 203.0 large-vehicle 0
400.0 116.0 408.0 124.0 369.0 161.0 361.0 154.0 large-vehicle 0
411.0 127.0 418.0 135.0 378.0 172.0 370.0 165.0 large-vehicle 0
380.0 228.0 388.0 237.0 347.0 273.0 339.0 265.0 large-vehicle 0
390.0 240.0 399.0 249.0 359.0 286.0 350.0 278.0 large-vehicle 0
412.0 264.0 420.0 271.0 379.0 308.0 373.0 302.0 large-vehicle 0
421.0 274.0 430.0 283.0 388.0 320.0 381.0 312.0 large-vehicle 0
637.0 215.0 645.0 206.0 686.0 238.0 679.0 246.0 large-vehicle 0
305.0 531.0 313.0 524.0 350.0 568.0 342.0 575.0 large-vehicle 0
668.0 106.0 678.0 111.0 642.0 159.0 632.0 153.0 large-vehicle 0
682.0 110.0 692.0 117.0 653.0 167.0 643.0 160.0 large-vehicle 0
368.0 476.0 376.0 468.0 420.0 516.0 411.0 523.0 large-vehicle 0
376.0 466.0 386.0 458.0 431.0 507.0 423.0 515.0 large-vehicle 0
422.0 428.0 430.0 421.0 474.0 469.0 466.0 476.0 large-vehicle 0
272.0 560.0 280.0 553.0 318.0 597.0 310.0 605.0 large-vehicle 0
283.0 553.0 293.0 545.0 331.0 590.0 322.0 597.0 large-vehicle 0
249.0 582.0 258.0 573.0 295.0 616.0 287.0 623.0 large-vehicle 0
260.0 569.0 269.0 561.0 307.0 606.0 300.0 613.0 large-vehicle 0
294.0 543.0 303.0 535.0 341.0 581.0 333.0 588.0 large-vehicle 0
160.0 48.0 154.0 54.0 140.0 41.0 148.0 34.0 small-vehicle 1
112.0 73.0 120.0 65.0 132.0 78.0 123.0 86.0 small-vehicle 1
703.0 77.0 718.0 77.0 718.0 93.0 703.0 93.0 storage-tank 0
98.0 89.0 105.0 81.0 118.0 95.0 112.0 104.0 small-vehicle 1
70.0 226.0 61.0 234.0 47.0 216.0 55.0 210.0 small-vehicle 0
55.0 239.0 44.0 247.0 30.0 232.0 39.0 224.0 small-vehicle 0
39.0 254.0 30.0 261.0 14.0 246.0 23.0 238.0 small-vehicle 0
69.0 502.0 63.0 494.0 79.0 482.0 85.0 487.0 small-vehicle 0
84.0 517.0 77.0 510.0 90.0 497.0 98.0 504.0 small-vehicle 0
43.0 568.0 49.0 575.0 37.0 588.0 31.0 584.0 small-vehicle 0
31.0 555.0 38.0 562.0 25.0 578.0 17.0 571.0 small-vehicle 1
14.0 568.0 7.0 560.0 20.0 549.0 26.0 555.0 small-vehicle 1
57.0 466.0 66.0 473.0 54.0 488.0 46.0 481.0 small-vehicle 1
19.0 431.0 27.0 440.0 14.0 454.0 7.0 447.0 small-vehicle 1
263.0 466.0 270.0 474.0 257.0 488.0 248.0 480.0 small-vehicle 1
289.0 441.0 297.0 449.0 284.0 463.0 274.0 455.0 small-vehicle 1
247.0 580.0 239.0 585.0 226.0 570.0 236.0 565.0 small-vehicle 1
691.0 31.0 712.0 31.0 712.0 52.0 691.0 52.0 storage-tank 0
679.0 46.0 697.0 46.0 697.0 64.0 679.0 64.0 storage-tank 0
670.0 59.0 687.0 59.0 687.0 76.0 670.0 76.0 storage-tank 0
651.0 85.0 661.0 85.0 661.0 96.0 651.0 96.0 storage-tank 1
643.0 97.0 653.0 97.0 653.0 108.0 643.0 108.0 storage-tank 1
632.0 105.0 649.0 105.0 649.0 123.0 632.0 123.0 storage-tank 0
625.0 118.0 642.0 118.0 642.0 136.0 625.0 136.0 storage-tank 0
619.0 131.0 635.0 131.0 635.0 149.0 619.0 149.0 storage-tank 0
722.0 50.0 737.0 50.0 737.0 66.0 722.0 66.0 storage-tank 0
713.0 61.0 729.0 61.0 729.0 79.0 713.0 79.0 storage-tank 0
77.0 215.0 69.0 224.0 55.0 208.0 64.0 202.0 small-vehicle 0
85.0 211.0 79.0 217.0 64.0 204.0 71.0 198.0 small-vehicle 1
91.0 200.0 83.0 206.0 69.0 192.0 73.0 184.0 small-vehicle 1
218.0 66.0 211.0 75.0 195.0 61.0 202.0 53.0 small-vehicle 1
89.0 95.0 96.0 88.0 111.0 104.0 103.0 110.0 small-vehicle 1
82.0 103.0 90.0 95.0 101.0 109.0 95.0 117.0 small-vehicle 1
75.0 112.0 82.0 103.0 97.0 119.0 90.0 128.0 small-vehicle 1
68.0 120.0 75.0 112.0 90.0 126.0 82.0 134.0 small-vehicle 1
61.0 128.0 68.0 121.0 84.0 136.0 76.0 143.0 small-vehicle 1
76.0 143.0 69.0 150.0 54.0 135.0 62.0 128.0 small-vehicle 1
61.0 159.0 53.0 165.0 39.0 150.0 45.0 144.0 small-vehicle 1
32.0 158.0 39.0 152.0 53.0 167.0 46.0 174.0 small-vehicle 1
17.0 174.0 24.0 166.0 39.0 183.0 32.0 191.0 small-vehicle 1
223.0 59.0 216.0 65.0 201.0 52.0 208.0 45.0 small-vehicle 1
208.0 75.0 201.0 82.0 189.0 70.0 196.0 64.0 small-vehicle 1
106.0 184.0 97.0 192.0 83.0 176.0 91.0 170.0 small-vehicle 1
203.0 83.0 193.0 90.0 181.0 77.0 189.0 71.0 small-vehicle 1
195.0 91.0 187.0 98.0 172.0 84.0 179.0 77.0 small-vehicle 1
181.0 106.0 172.0 114.0 156.0 101.0 164.0 92.0 small-vehicle 1
173.0 113.0 166.0 120.0 153.0 109.0 158.0 102.0 small-vehicle 1
144.0 117.0 152.0 110.0 166.0 122.0 158.0 129.0 small-vehicle 1
137.0 126.0 144.0 119.0 158.0 130.0 151.0 138.0 small-vehicle 1
142.0 146.0 135.0 153.0 123.0 139.0 130.0 133.0 small-vehicle 1
136.0 154.0 128.0 162.0 113.0 147.0 121.0 139.0 small-vehicle 1
132.0 163.0 124.0 171.0 106.0 155.0 114.0 147.0 small-vehicle 1
92.0 170.0 99.0 163.0 112.0 177.0 105.0 185.0 small-vehicle 1
194.0 222.0 203.0 214.0 246.0 260.0 239.0 268.0 large-vehicle 0
