imagesource:GoogleEarth
gsd:0.259609841716
296.0 16.0 290.0 9.0 306.0 1.0 312.0 6.0 small-vehicle 1
292.0 1389.0 297.0 1397.0 282.0 1408.0 275.0 1401.0 small-vehicle 1
520.0 18.0 512.0 23.0 502.0 7.0 510.0 3.0 small-vehicle 1
416.0 1205.0 407.0 1211.0 392.0 1189.0 401.0 1185.0 small-vehicle 1
431.0 1304.0 437.0 1312.0 421.0 1322.0 414.0 1316.0 small-vehicle 1
396.0 1301.0 401.0 1309.0 384.0 1318.0 379.0 1311.0 small-vehicle 1
414.0 1315.0 420.0 1322.0 402.0 1335.0 395.0 1327.0 small-vehicle 1
392.0 1329.0 397.0 1337.0 382.0 1347.0 375.0 1339.0 small-vehicle 1
323.0 1345.0 328.0 1355.0 308.0 1365.0 303.0 1354.0 small-vehicle 1
319.0 1374.0 324.0 1382.0 304.0 1394.0 299.0 1385.0 small-vehicle 1
273.0 1376.0 278.0 1383.0 262.0 1394.0 257.0 1387.0 small-vehicle 1
578.0 88.0 586.0 84.0 596.0 101.0 589.0 105.0 small-vehicle 1
253.0 1388.0 258.0 1395.0 241.0 1406.0 235.0 1400.0 small-vehicle 1
233.0 1401.0 238.0 1408.0 219.0 1421.0 213.0 1413.0 small-vehicle 1
140.0 1312.0 132.0 1317.0 123.0 1300.0 131.0 1294.0 small-vehicle 1
18.0 1223.0 23.0 1233.0 6.0 1242.0 1.0 1232.0 small-vehicle 1
93.0 1203.0 98.0 1211.0 83.0 1221.0 77.0 1213.0 small-vehicle 1
74.0 1186.0 80.0 1195.0 62.0 1206.0 56.0 1197.0 small-vehicle 1
120.0 1160.0 125.0 1168.0 109.0 1177.0 104.0 1169.0 small-vehicle 1
139.0 1148.0 144.0 1155.0 127.0 1166.0 122.0 1159.0 small-vehicle 1
557.0 74.0 548.0 78.0 538.0 62.0 545.0 57.0 small-vehicle 1
585.0 123.0 577.0 127.0 565.0 110.0 574.0 104.0 small-vehicle 1
179.0 1122.0 184.0 1131.0 165.0 1142.0 160.0 1134.0 small-vehicle 1
501.0 1361.0 508.0 1356.0 519.0 1374.0 512.0 1379.0 small-vehicle 1
847.0 415.0 841.0 407.0 855.0 399.0 860.0 407.0 small-vehicle 1
998.0 499.0 994.0 491.0 1012.0 480.0 1017.0 489.0 small-vehicle 1
972.0 464.0 966.0 457.0 979.0 447.0 986.0 454.0 small-vehicle 1
966.0 452.0 960.0 445.0 979.0 434.0 984.0 443.0 small-vehicle 1
835.0 481.0 843.0 476.0 856.0 495.0 848.0 500.0 small-vehicle 1
811.0 463.0 819.0 458.0 829.0 475.0 822.0 480.0 small-vehicle 1
849.0 505.0 857.0 499.0 868.0 515.0 861.0 519.0 small-vehicle 1
541.0 1382.0 549.0 1379.0 558.0 1395.0 550.0 1399.0 small-vehicle 1
490.0 1344.0 498.0 1339.0 508.0 1356.0 500.0 1360.0 small-vehicle 1
580.0 132.0 588.0 126.0 599.0 145.0 591.0 150.0 small-vehicle 1
504.0 1321.0 496.0 1325.0 485.0 1310.0 492.0 1304.0 small-vehicle 1
723.0 359.0 732.0 354.0 745.0 373.0 736.0 379.0 small-vehicle 1
759.0 359.0 767.0 353.0 777.0 369.0 770.0 374.0 small-vehicle 1
748.0 341.0 757.0 335.0 767.0 354.0 759.0 359.0 small-vehicle 1
730.0 314.0 739.0 309.0 749.0 326.0 741.0 331.0 small-vehicle 1
717.0 293.0 725.0 287.0 734.0 303.0 726.0 307.0 small-vehicle 1
711.0 48.0 706.0 40.0 726.0 26.0 732.0 37.0 small-vehicle 1
494.0 193.0 500.0 188.0 510.0 202.0 501.0 206.0 small-vehicle 1
159.0 1136.0 163.0 1144.0 146.0 1155.0 142.0 1149.0 small-vehicle 1
216.0 1125.0 222.0 1133.0 206.0 1143.0 201.0 1136.0 small-vehicle 1
540.0 5.0 547.0 1.0 558.0 19.0 553.0 23.0 small-vehicle 1
1053.0 1003.0 1106.0 1079.0 1018.0 1140.0 966.0 1060.0 baseball-diamond 0
355.0 47.0 347.0 51.0 337.0 35.0 345.0 30.0 small-vehicle 1
271.0 92.0 265.0 96.0 255.0 83.0 262.0 78.0 small-vehicle 1
262.0 99.0 255.0 102.0 250.0 90.0 257.0 87.0 small-vehicle 1
286.0 12.0 291.0 19.0 275.0 30.0 269.0 23.0 small-vehicle 1
136.0 161.0 144.0 155.0 153.0 172.0 146.0 176.0 small-vehicle 1
123.0 168.0 131.0 162.0 142.0 181.0 135.0 185.0 small-vehicle 1
75.0 144.0 79.0 152.0 64.0 161.0 59.0 154.0 small-vehicle 1
93.0 133.0 97.0 140.0 83.0 150.0 78.0 142.0 small-vehicle 1
1265.0 1306.0 1286.0 1340.0 1210.0 1389.0 1187.0 1354.0 tennis-court 0
453.0 241.0 445.0 246.0 434.0 230.0 441.0 225.0 small-vehicle 1
1236.0 1259.0 1257.0 1294.0 1180.0 1342.0 1157.0 1307.0 tennis-court 0
776.0 554.0 827.0 635.0 745.0 685.0 694.0 603.0 baseball-diamond 0
1010.0 948.0 901.0 1016.0 834.0 906.0 946.0 836.0 baseball-diamond 0
296.0 856.0 417.0 771.0 506.0 900.0 389.0 983.0 baseball-diamond 0
539.0 1250.0 476.0 1145.0 576.0 1083.0 640.0 1188.0 baseball-diamond 0
853.0 1212.0 880.0 1256.0 801.0 1306.0 773.0 1261.0 basketball-court 0
819.0 1159.0 847.0 1202.0 768.0 1252.0 740.0 1209.0 basketball-court 0
100.0 539.0 199.0 474.0 263.0 574.0 163.0 638.0 baseball-diamond 0
59.0 225.0 67.0 221.0 77.0 237.0 70.0 242.0 small-vehicle 1
479.0 220.0 473.0 224.0 462.0 210.0 469.0 205.0 small-vehicle 1
269.0 1092.0 275.0 1100.0 259.0 1111.0 253.0 1103.0 small-vehicle 1
38.0 909.0 33.0 901.0 52.0 889.0 57.0 896.0 small-vehicle 1
289.0 1081.0 295.0 1088.0 279.0 1098.0 273.0 1090.0 small-vehicle 1
367.0 1111.0 360.0 1115.0 349.0 1100.0 356.0 1095.0 small-vehicle 1
319.0 1010.0 311.0 1014.0 301.0 998.0 309.0 993.0 small-vehicle 1
299.0 1021.0 293.0 1026.0 281.0 1009.0 288.0 1005.0 small-vehicle 1
125.0 991.0 131.0 983.0 146.0 995.0 141.0 1002.0 small-vehicle 1
84.0 1014.0 90.0 1010.0 100.0 1024.0 93.0 1029.0 small-vehicle 1
8.0 953.0 4.0 946.0 22.0 934.0 27.0 942.0 small-vehicle 1
16.0 922.0 11.0 914.0 29.0 904.0 33.0 912.0 small-vehicle 1
77.0 884.0 72.0 877.0 88.0 867.0 93.0 875.0 small-vehicle 1
27.0 569.0 20.0 572.0 14.0 561.0 21.0 558.0 small-vehicle 1
92.0 903.0 87.0 895.0 104.0 883.0 109.0 893.0 small-vehicle 1
209.0 875.0 201.0 880.0 190.0 864.0 198.0 858.0 small-vehicle 1
126.0 883.0 120.0 874.0 135.0 865.0 139.0 873.0 small-vehicle 1
118.0 861.0 112.0 853.0 130.0 841.0 136.0 847.0 small-vehicle 1
158.0 795.0 151.0 799.0 140.0 784.0 149.0 780.0 small-vehicle 1
130.0 750.0 122.0 756.0 112.0 739.0 120.0 733.0 small-vehicle 1
141.0 725.0 133.0 730.0 122.0 711.0 130.0 708.0 small-vehicle 1
86.0 636.0 79.0 640.0 66.0 623.0 74.0 618.0 small-vehicle 1
878.0 412.0 871.0 403.0 889.0 391.0 895.0 401.0 small-vehicle 1
978.0 348.0 971.0 340.0 989.0 329.0 996.0 337.0 small-vehicle 1
1000.0 336.0 992.0 328.0 1011.0 317.0 1017.0 324.0 small-vehicle 1
1271.0 1224.0 1265.0 1228.0 1253.0 1210.0 1260.0 1206.0 small-vehicle 1
1233.0 804.0 1238.0 813.0 1221.0 823.0 1215.0 815.0 small-vehicle 1
1193.0 803.0 1198.0 810.0 1182.0 821.0 1176.0 813.0 small-vehicle 1
1203.0 822.0 1210.0 829.0 1194.0 841.0 1188.0 832.0 small-vehicle 1
1226.0 971.0 1233.0 966.0 1244.0 981.0 1237.0 985.0 small-vehicle 1
1198.0 992.0 1206.0 987.0 1213.0 1002.0 1207.0 1005.0 small-vehicle 1
1297.0 1201.0 1289.0 1205.0 1278.0 1188.0 1288.0 1185.0 small-vehicle 1
1302.0 1269.0 1294.0 1274.0 1283.0 1257.0 1293.0 1251.0 small-vehicle 1
1284.0 1242.0 1275.0 1246.0 1265.0 1229.0 1274.0 1224.0 small-vehicle 1
1262.0 1203.0 1253.0 1208.0 1240.0 1190.0 1249.0 1185.0 small-vehicle 1
1249.0 767.0 1255.0 775.0 1238.0 786.0 1232.0 778.0 small-vehicle 1
1260.0 1160.0 1268.0 1155.0 1280.0 1172.0 1271.0 1177.0 small-vehicle 1
1246.0 1141.0 1254.0 1134.0 1265.0 1150.0 1257.0 1154.0 small-vehicle 1
1246.0 1182.0 1240.0 1188.0 1228.0 1169.0 1234.0 1164.0 small-vehicle 1
1233.0 1161.0 1225.0 1165.0 1213.0 1148.0 1222.0 1143.0 small-vehicle 1
1196.0 1101.0 1188.0 1105.0 1177.0 1089.0 1184.0 1083.0 small-vehicle 1
1206.0 1058.0 1199.0 1062.0 1188.0 1047.0 1198.0 1043.0 small-vehicle 1
1173.0 1021.0 1181.0 1016.0 1189.0 1031.0 1183.0 1036.0 small-vehicle 1
1169.0 1057.0 1161.0 1060.0 1150.0 1045.0 1159.0 1041.0 small-vehicle 1
1261.0 785.0 1266.0 794.0 1250.0 805.0 1243.0 797.0 small-vehicle 1
1285.0 532.0 1294.0 528.0 1304.0 544.0 1296.0 549.0 small-vehicle 1
992.0 324.0 988.0 317.0 1001.0 308.0 1006.0 316.0 small-vehicle 1
1266.0 167.0 1262.0 161.0 1278.0 150.0 1283.0 157.0 small-vehicle 1
338.0 1187.0 330.0 1190.0 319.0 1176.0 326.0 1170.0 small-vehicle 1
152.0 1166.0 157.0 1175.0 140.0 1183.0 136.0 1176.0 small-vehicle 1
134.0 1179.0 138.0 1185.0 121.0 1196.0 116.0 1190.0 small-vehicle 1
936.0 232.0 942.0 240.0 923.0 253.0 916.0 244.0 small-vehicle 1
1254.0 251.0 1248.0 242.0 1266.0 233.0 1270.0 242.0 small-vehicle 1
1215.0 999.0 1209.0 988.0 1229.0 978.0 1233.0 989.0 small-vehicle 1
308.0 1236.0 302.0 1225.0 319.0 1214.0 324.0 1224.0 small-vehicle 1
871.0 161.0 876.0 168.0 861.0 178.0 855.0 171.0 small-vehicle 1
1287.0 291.0 1278.0 287.0 1287.0 272.0 1295.0 276.0 small-vehicle 1
1270.0 533.0 1263.0 539.0 1252.0 522.0 1259.0 517.0 small-vehicle 1
1199.0 378.0 1192.0 382.0 1180.0 363.0 1189.0 358.0 small-vehicle 1
1211.0 397.0 1203.0 400.0 1193.0 383.0 1200.0 378.0 small-vehicle 1
1192.0 407.0 1183.0 413.0 1173.0 395.0 1183.0 390.0 small-vehicle 1
1206.0 429.0 1198.0 432.0 1187.0 415.0 1195.0 411.0 small-vehicle 1
1201.0 437.0 1209.0 432.0 1220.0 449.0 1213.0 455.0 small-vehicle 1
1251.0 461.0 1244.0 465.0 1232.0 446.0 1240.0 441.0 small-vehicle 1
1243.0 489.0 1234.0 493.0 1224.0 477.0 1233.0 472.0 small-vehicle 1
1275.0 499.0 1267.0 503.0 1257.0 485.0 1265.0 481.0 small-vehicle 1
1127.0 1009.0 1136.0 1003.0 1147.0 1021.0 1139.0 1025.0 small-vehicle 1
1133.0 1001.0 1126.0 1007.0 1115.0 990.0 1123.0 985.0 small-vehicle 1
1122.0 980.0 1113.0 986.0 1101.0 965.0 1110.0 960.0 small-vehicle 1
1011.0 117.0 1002.0 121.0 993.0 105.0 1001.0 99.0 small-vehicle 1
1139.0 322.0 1131.0 327.0 1121.0 311.0 1131.0 305.0 small-vehicle 1
1103.0 179.0 1097.0 171.0 1114.0 160.0 1119.0 169.0 small-vehicle 1
1049.0 197.0 1055.0 191.0 1068.0 208.0 1061.0 215.0 small-vehicle 1
1045.0 162.0 1034.0 168.0 1021.0 148.0 1032.0 141.0 small-vehicle 1
1071.0 98.0 1075.0 108.0 1061.0 114.0 1057.0 105.0 small-vehicle 1
948.0 32.0 954.0 27.0 966.0 43.0 959.0 48.0 small-vehicle 1
803.0 152.0 807.0 161.0 791.0 172.0 786.0 164.0 small-vehicle 1
980.0 68.0 971.0 72.0 962.0 55.0 972.0 51.0 small-vehicle 1
911.0 199.0 916.0 208.0 904.0 216.0 898.0 208.0 small-vehicle 1
1157.0 978.0 1151.0 983.0 1137.0 965.0 1145.0 959.0 small-vehicle 1
931.0 273.0 926.0 266.0 947.0 252.0 952.0 260.0 ship 1
945.0 277.0 939.0 269.0 955.0 260.0 960.0 267.0 small-vehicle 1
922.0 225.0 927.0 234.0 914.0 244.0 907.0 237.0 small-vehicle 1
899.0 208.0 903.0 216.0 887.0 224.0 883.0 218.0 small-vehicle 1
839.0 240.0 834.0 233.0 850.0 223.0 854.0 231.0 small-vehicle 1
854.0 246.0 848.0 239.0 865.0 230.0 869.0 238.0 small-vehicle 1
857.0 278.0 851.0 270.0 866.0 259.0 873.0 267.0 small-vehicle 1
884.0 315.0 878.0 306.0 897.0 295.0 902.0 303.0 small-vehicle 1
1131.0 329.0 1139.0 325.0 1151.0 342.0 1144.0 347.0 small-vehicle 1
1145.0 351.0 1152.0 346.0 1165.0 363.0 1156.0 368.0 small-vehicle 1
1149.0 311.0 1155.0 306.0 1167.0 324.0 1161.0 328.0 small-vehicle 1
1143.0 304.0 1138.0 297.0 1151.0 289.0 1156.0 296.0 small-vehicle 1
1119.0 936.0 1128.0 930.0 1140.0 952.0 1133.0 958.0 small-vehicle 1
1100.0 944.0 1091.0 949.0 1080.0 931.0 1088.0 926.0 small-vehicle 1
1050.0 827.0 1059.0 821.0 1070.0 839.0 1062.0 844.0 small-vehicle 1
1159.0 823.0 1165.0 831.0 1149.0 841.0 1144.0 834.0 small-vehicle 1
1072.0 770.0 1064.0 774.0 1057.0 756.0 1066.0 753.0 small-vehicle 1
1097.0 755.0 1090.0 758.0 1079.0 744.0 1088.0 739.0 small-vehicle 1
1139.0 703.0 1147.0 698.0 1158.0 712.0 1151.0 718.0 small-vehicle 1
1110.0 680.0 1105.0 673.0 1119.0 662.0 1125.0 670.0 small-vehicle 1
1088.0 642.0 1082.0 633.0 1099.0 624.0 1104.0 633.0 small-vehicle 1
1078.0 636.0 1073.0 628.0 1087.0 620.0 1092.0 628.0 small-vehicle 1
1091.0 591.0 1096.0 599.0 1080.0 608.0 1076.0 602.0 small-vehicle 1
1060.0 610.0 1056.0 601.0 1073.0 593.0 1076.0 602.0 small-vehicle 1
1125.0 564.0 1130.0 574.0 1115.0 581.0 1110.0 574.0 small-vehicle 1
1096.0 511.0 1102.0 519.0 1088.0 528.0 1082.0 521.0 small-vehicle 1
1091.0 500.0 1096.0 507.0 1081.0 516.0 1076.0 511.0 small-vehicle 1
1031.0 449.0 1027.0 440.0 1045.0 429.0 1051.0 435.0 small-vehicle 1
1025.0 443.0 1020.0 434.0 1040.0 420.0 1046.0 429.0 small-vehicle 1
582.0 229.0 642.0 320.0 546.0 385.0 486.0 290.0 baseball-diamond 0
