imagesource:GoogleEarth
gsd:1.01001537926
2186.0 1855.0 2121.0 1812.0 2165.0 1747.0 2229.0 1790.0 plane 0
532.0 89.0 499.0 110.0 478.0 74.0 513.0 55.0 plane 0
486.0 866.0 515.0 922.0 454.0 957.0 423.0 902.0 plane 0
344.0 542.0 401.0 520.0 428.0 579.0 371.0 606.0 plane 0
414.0 511.0 471.0 500.0 485.0 558.0 429.0 571.0 plane 0
496.0 505.0 527.0 511.0 520.0 554.0 489.0 551.0 plane 0
472.0 424.0 414.0 451.0 384.0 385.0 444.0 358.0 plane 0
538.0 378.0 483.0 405.0 457.0 349.0 513.0 323.0 plane 0
369.0 371.0 352.0 340.0 391.0 320.0 407.0 351.0 plane 0
638.0 322.0 590.0 324.0 586.0 271.0 636.0 269.0 plane 0
422.0 215.0 467.0 193.0 490.0 244.0 447.0 265.0 plane 0
515.0 164.0 564.0 151.0 579.0 203.0 531.0 216.0 plane 0
609.0 116.0 635.0 87.0 669.0 119.0 643.0 148.0 plane 0
734.0 1271.0 742.0 1243.0 778.0 1253.0 769.0 1279.0 plane 0
1052.0 1614.0 1050.0 1566.0 1102.0 1564.0 1105.0 1612.0 plane 0
709.0 1304.0 726.0 1280.0 762.0 1307.0 744.0 1328.0 plane 0
680.0 1324.0 710.0 1314.0 721.0 1351.0 690.0 1359.0 plane 0
762.0 1469.0 740.0 1453.0 764.0 1423.0 786.0 1440.0 plane 0
882.0 1495.0 891.0 1442.0 954.0 1456.0 943.0 1506.0 plane 0
893.0 1554.0 897.0 1533.0 930.0 1540.0 925.0 1560.0 plane 0
1139.0 1044.0 1166.0 1098.0 1106.0 1124.0 1081.0 1072.0 plane 0
1176.0 1120.0 1191.0 1154.0 1154.0 1173.0 1137.0 1141.0 plane 0
928.0 1201.0 939.0 1154.0 995.0 1167.0 984.0 1214.0 plane 0
950.0 1290.0 931.0 1245.0 983.0 1224.0 1001.0 1268.0 plane 0
969.0 1353.0 951.0 1308.0 998.0 1289.0 1016.0 1332.0 plane 0
1000.0 1422.0 974.0 1373.0 1032.0 1344.0 1057.0 1392.0 plane 0
518.0 970.0 501.0 1026.0 446.0 1007.0 464.0 951.0 plane 0
678.0 1168.0 662.0 1191.0 634.0 1171.0 652.0 1147.0 plane 0
463.0 1069.0 403.0 1096.0 377.0 1034.0 438.0 1007.0 plane 0
542.0 1051.0 596.0 1032.0 613.0 1091.0 562.0 1109.0 plane 0
293.0 219.0 261.0 234.0 244.0 197.0 276.0 182.0 plane 0
340.0 196.0 307.0 209.0 291.0 175.0 326.0 161.0 plane 0
193.0 245.0 184.0 262.0 162.0 252.0 171.0 233.0 plane 0
187.0 264.0 191.0 284.0 166.0 288.0 162.0 269.0 plane 0
182.0 293.0 188.0 311.0 164.0 319.0 157.0 301.0 plane 0
330.0 267.0 375.0 245.0 397.0 292.0 357.0 312.0 plane 0
210.0 347.0 232.0 337.0 242.0 361.0 220.0 371.0 plane 0
172.0 368.0 196.0 356.0 210.0 383.0 187.0 396.0 plane 0
152.0 385.0 172.0 380.0 178.0 405.0 159.0 411.0 plane 0
371.0 836.0 358.0 893.0 299.0 878.0 310.0 822.0 plane 0
342.0 916.0 321.0 938.0 300.0 917.0 320.0 896.0 plane 0
209.0 1006.0 242.0 1008.0 241.0 1048.0 207.0 1048.0 plane 0
173.0 1054.0 107.0 1053.0 109.0 979.0 177.0 981.0 plane 0
299.0 1071.0 269.0 1033.0 316.0 997.0 346.0 1036.0 plane 0
155.0 1205.0 190.0 1160.0 237.0 1195.0 204.0 1242.0 plane 0
377.0 1150.0 357.0 1208.0 304.0 1188.0 322.0 1134.0 plane 0
615.0 1279.0 615.0 1311.0 583.0 1311.0 582.0 1279.0 plane 0
594.0 1226.0 588.0 1260.0 552.0 1254.0 557.0 1218.0 plane 0
649.0 1220.0 629.0 1237.0 607.0 1208.0 628.0 1192.0 plane 0
375.0 1188.0 434.0 1181.0 441.0 1241.0 381.0 1249.0 plane 0
416.0 1159.0 474.0 1123.0 516.0 1189.0 454.0 1226.0 plane 0
416.0 1083.0 394.0 1146.0 326.0 1126.0 345.0 1062.0 plane 0
473.0 1112.0 505.0 1079.0 546.0 1113.0 517.0 1150.0 plane 0
1034.0 1492.0 1010.0 1442.0 1067.0 1417.0 1088.0 1468.0 plane 0
1063.0 1686.0 1062.0 1629.0 1120.0 1628.0 1122.0 1684.0 plane 0
2171.0 462.0 2183.0 429.0 2224.0 445.0 2213.0 478.0 plane 0
1781.0 535.0 1761.0 508.0 1795.0 482.0 1816.0 509.0 plane 0
1559.0 1550.0 1509.0 1551.0 1508.0 1498.0 1557.0 1495.0 plane 0
1508.0 1238.0 1456.0 1264.0 1431.0 1208.0 1484.0 1184.0 plane 0
1655.0 1230.0 1626.0 1177.0 1684.0 1149.0 1710.0 1201.0 plane 0
1562.0 1048.0 1636.0 1058.0 1627.0 1134.0 1552.0 1126.0 plane 0
1633.0 1069.0 1688.0 1051.0 1704.0 1111.0 1651.0 1130.0 plane 0
1674.0 1084.0 1693.0 1021.0 1765.0 1043.0 1747.0 1107.0 plane 0
1676.0 1062.0 1634.0 998.0 1702.0 959.0 1743.0 1024.0 plane 0
1494.0 1008.0 1556.0 1019.0 1542.0 1094.0 1481.0 1084.0 plane 0
1460.0 971.0 1491.0 974.0 1488.0 1011.0 1457.0 1007.0 plane 0
1546.0 918.0 1527.0 885.0 1563.0 866.0 1581.0 898.0 plane 0
1769.0 816.0 1779.0 847.0 1746.0 858.0 1734.0 826.0 plane 0
1765.0 512.0 1733.0 500.0 1746.0 465.0 1776.0 477.0 plane 0
950.0 1703.0 977.0 1663.0 1024.0 1692.0 999.0 1732.0 plane 0
1724.0 491.0 1692.0 474.0 1709.0 441.0 1741.0 457.0 plane 0
1681.0 470.0 1652.0 449.0 1678.0 416.0 1705.0 436.0 plane 0
1645.0 440.0 1619.0 421.0 1647.0 385.0 1674.0 406.0 plane 0
1571.0 246.0 1537.0 297.0 1479.0 256.0 1518.0 203.0 plane 0
1828.0 564.0 1798.0 547.0 1821.0 511.0 1852.0 528.0 plane 0
1911.0 648.0 1884.0 627.0 1910.0 593.0 1937.0 614.0 plane 0
1866.0 799.0 1871.0 773.0 1903.0 781.0 1897.0 807.0 plane 0
1986.0 797.0 1989.0 831.0 1955.0 834.0 1950.0 801.0 plane 0
1810.0 858.0 1841.0 861.0 1838.0 894.0 1807.0 892.0 plane 0
2055.0 719.0 2108.0 738.0 2087.0 790.0 2036.0 773.0 plane 0
2140.0 731.0 2179.0 738.0 2172.0 783.0 2133.0 776.0 plane 0
1416.0 990.0 1450.0 997.0 1441.0 1029.0 1409.0 1022.0 plane 0
1326.0 240.0 1353.0 184.0 1404.0 212.0 1379.0 268.0 plane 0
1253.0 137.0 1195.0 100.0 1234.0 42.0 1291.0 78.0 plane 0
1213.0 132.0 1177.0 180.0 1119.0 139.0 1159.0 91.0 plane 0
1440.0 1868.0 1446.0 1846.0 1475.0 1855.0 1468.0 1877.0 plane 0
1446.0 1848.0 1442.0 1825.0 1474.0 1822.0 1476.0 1844.0 plane 0
1370.0 1774.0 1371.0 1798.0 1338.0 1801.0 1336.0 1774.0 plane 0
1374.0 1804.0 1376.0 1829.0 1341.0 1831.0 1338.0 1806.0 plane 0
1366.0 1746.0 1367.0 1768.0 1334.0 1770.0 1332.0 1748.0 plane 0
1363.0 1715.0 1365.0 1738.0 1330.0 1741.0 1328.0 1718.0 plane 0
1430.0 1731.0 1428.0 1706.0 1463.0 1704.0 1465.0 1729.0 plane 0
1438.0 1701.0 1436.0 1677.0 1468.0 1675.0 1468.0 1698.0 plane 0
1351.0 1653.0 1353.0 1702.0 1301.0 1704.0 1297.0 1656.0 plane 0
1431.0 1662.0 1427.0 1613.0 1481.0 1610.0 1483.0 1657.0 plane 0
1332.0 1594.0 1333.0 1626.0 1295.0 1629.0 1293.0 1596.0 plane 0
1423.0 1592.0 1418.0 1533.0 1478.0 1531.0 1482.0 1588.0 plane 0
1328.0 1530.0 1331.0 1562.0 1293.0 1566.0 1289.0 1534.0 plane 0
1330.0 1450.0 1337.0 1500.0 1279.0 1507.0 1272.0 1455.0 plane 0
1408.0 1391.0 1405.0 1353.0 1452.0 1350.0 1455.0 1385.0 plane 0
1276.0 1295.0 1305.0 1348.0 1250.0 1377.0 1223.0 1326.0 plane 0
1243.0 1241.0 1263.0 1281.0 1217.0 1308.0 1194.0 1268.0 plane 0
1331.0 1216.0 1305.0 1166.0 1360.0 1140.0 1383.0 1189.0 plane 0
1131.0 276.0 1141.0 314.0 1098.0 324.0 1088.0 287.0 plane 0
1151.0 248.0 1141.0 279.0 1110.0 268.0 1121.0 237.0 plane 0
1184.0 166.0 1181.0 228.0 1113.0 226.0 1114.0 166.0 plane 0
1280.0 210.0 1230.0 170.0 1279.0 117.0 1326.0 159.0 plane 0
1356.0 208.0 1332.0 149.0 1398.0 121.0 1421.0 183.0 plane 0
196.0 224.0 174.0 236.0 161.0 211.0 184.0 199.0 plane 0
