imagesource:GoogleEarth
gsd:0.25746042976
457.0 573.0 449.0 570.0 454.0 553.0 463.0 556.0 small-vehicle 1
237.0 298.0 231.0 306.0 211.0 289.0 219.0 281.0 small-vehicle 0
217.0 316.0 209.0 324.0 189.0 305.0 198.0 296.0 small-vehicle 0
206.0 324.0 200.0 334.0 177.0 319.0 185.0 308.0 small-vehicle 0
418.0 354.0 414.0 365.0 372.0 348.0 377.0 337.0 large-vehicle 0
414.0 373.0 408.0 384.0 368.0 363.0 372.0 354.0 large-vehicle 0
451.0 354.0 464.0 354.0 464.0 420.0 452.0 420.0 large-vehicle 0
387.0 465.0 399.0 468.0 390.0 513.0 379.0 509.0 large-vehicle 0
373.0 468.0 384.0 472.0 372.0 514.0 361.0 511.0 large-vehicle 0
356.0 466.0 367.0 469.0 355.0 512.0 343.0 509.0 large-vehicle 0
336.0 470.0 349.0 474.0 334.0 518.0 323.0 514.0 large-vehicle 0
318.0 470.0 329.0 475.0 315.0 517.0 302.0 513.0 large-vehicle 0
300.0 469.0 312.0 476.0 295.0 517.0 281.0 511.0 large-vehicle 0
276.0 481.0 288.0 487.0 270.0 525.0 260.0 521.0 large-vehicle 0
255.0 487.0 264.0 493.0 239.0 536.0 230.0 530.0 large-vehicle 0
195.0 514.0 202.0 524.0 167.0 545.0 161.0 535.0 large-vehicle 0
188.0 502.0 194.0 512.0 160.0 533.0 154.0 523.0 large-vehicle 0
180.0 488.0 186.0 501.0 152.0 519.0 144.0 508.0 large-vehicle 0
171.0 476.0 177.0 486.0 143.0 507.0 136.0 496.0 large-vehicle 0
160.0 460.0 166.0 471.0 133.0 492.0 126.0 483.0 large-vehicle 0
147.0 445.0 151.0 455.0 120.0 476.0 114.0 466.0 large-vehicle 0
135.0 435.0 141.0 444.0 109.0 468.0 103.0 458.0 large-vehicle 0
126.0 422.0 134.0 431.0 102.0 456.0 95.0 446.0 large-vehicle 0
226.0 307.0 219.0 316.0 202.0 299.0 209.0 291.0 small-vehicle 0
246.0 289.0 237.0 296.0 221.0 276.0 231.0 270.0 small-vehicle 0
576.0 14.0 571.0 22.0 555.0 14.0 561.0 5.0 small-vehicle 1
257.0 277.0 249.0 284.0 233.0 266.0 243.0 258.0 small-vehicle 0
563.0 19.0 573.0 22.0 565.0 42.0 556.0 39.0 small-vehicle 1
553.0 15.0 563.0 19.0 557.0 38.0 546.0 35.0 small-vehicle 1
511.0 96.0 507.0 86.0 525.0 81.0 528.0 89.0 small-vehicle 1
88.0 37.0 89.0 28.0 108.0 36.0 106.0 45.0 small-vehicle 1
514.0 35.0 512.0 27.0 528.0 23.0 531.0 32.0 small-vehicle 1
512.0 46.0 511.0 36.0 529.0 33.0 531.0 41.0 small-vehicle 1
515.0 60.0 510.0 52.0 527.0 43.0 533.0 52.0 small-vehicle 1
503.0 86.0 494.0 83.0 497.0 66.0 505.0 67.0 small-vehicle 1
513.0 117.0 503.0 115.0 509.0 96.0 518.0 98.0 small-vehicle 1
478.0 109.0 486.0 110.0 487.0 128.0 479.0 128.0 small-vehicle 1
17.0 494.0 6.0 492.0 13.0 464.0 24.0 467.0 small-vehicle 1
47.0 468.0 38.0 473.0 25.0 452.0 36.0 448.0 small-vehicle 1
497.0 455.0 502.0 445.0 522.0 457.0 518.0 466.0 small-vehicle 1
194.0 55.0 195.0 46.0 217.0 54.0 213.0 63.0 small-vehicle 1
197.0 48.0 192.0 54.0 175.0 47.0 178.0 39.0 small-vehicle 1
206.0 38.0 203.0 48.0 183.0 41.0 186.0 32.0 small-vehicle 1
25.0 69.0 34.0 73.0 28.0 93.0 18.0 90.0 small-vehicle 1
36.0 77.0 44.0 78.0 39.0 98.0 30.0 96.0 small-vehicle 1
48.0 81.0 57.0 85.0 50.0 103.0 41.0 99.0 small-vehicle 1
59.0 83.0 69.0 86.0 63.0 105.0 53.0 101.0 small-vehicle 1
76.0 88.0 86.0 90.0 87.0 108.0 76.0 108.0 small-vehicle 1
435.0 220.0 445.0 222.0 439.0 271.0 430.0 269.0 large-vehicle 0
