imagesource:GoogleEarth
gsd:0.265980636754
741.0 190.0 740.0 200.0 707.0 199.0 708.0 190.0 large-vehicle 1
734.0 929.0 734.0 942.0 648.0 939.0 648.0 927.0 large-vehicle 0
805.0 963.0 812.0 976.0 746.0 996.0 740.0 982.0 large-vehicle 0
727.0 914.0 728.0 926.0 646.0 925.0 646.0 913.0 large-vehicle 0
720.0 899.0 720.0 912.0 646.0 914.0 646.0 899.0 large-vehicle 0
722.0 886.0 722.0 898.0 655.0 898.0 655.0 887.0 large-vehicle 0
363.0 692.0 356.0 703.0 286.0 645.0 293.0 636.0 large-vehicle 0
370.0 600.0 363.0 608.0 297.0 556.0 303.0 548.0 large-vehicle 0
378.0 582.0 370.0 593.0 307.0 539.0 314.0 529.0 large-vehicle 0
369.0 618.0 360.0 626.0 295.0 574.0 302.0 565.0 large-vehicle 0
404.0 498.0 403.0 512.0 319.0 512.0 319.0 498.0 large-vehicle 0
379.0 512.0 378.0 524.0 317.0 525.0 316.0 513.0 large-vehicle 0
418.0 484.0 418.0 495.0 330.0 496.0 330.0 484.0 large-vehicle 0
410.0 470.0 410.0 483.0 321.0 483.0 322.0 470.0 large-vehicle 0
324.0 470.0 324.0 459.0 409.0 458.0 408.0 468.0 large-vehicle 0
330.0 441.0 330.0 431.0 412.0 431.0 412.0 444.0 large-vehicle 0
328.0 414.0 328.0 402.0 413.0 404.0 411.0 417.0 large-vehicle 0
326.0 398.0 328.0 386.0 411.0 390.0 410.0 402.0 large-vehicle 0
495.0 308.0 496.0 319.0 407.0 327.0 406.0 316.0 large-vehicle 0
491.0 348.0 491.0 336.0 574.0 331.0 574.0 344.0 large-vehicle 0
495.0 360.0 495.0 350.0 581.0 346.0 582.0 358.0 large-vehicle 0
494.0 376.0 495.0 364.0 578.0 361.0 578.0 371.0 large-vehicle 0
494.0 389.0 494.0 378.0 584.0 376.0 584.0 386.0 large-vehicle 0
506.0 401.0 505.0 389.0 586.0 388.0 586.0 399.0 large-vehicle 0
498.0 414.0 498.0 403.0 580.0 403.0 580.0 413.0 large-vehicle 0
498.0 430.0 498.0 420.0 580.0 416.0 580.0 429.0 large-vehicle 0
450.0 509.0 462.0 510.0 463.0 568.0 448.0 568.0 large-vehicle 0
735.0 980.0 738.0 990.0 683.0 1000.0 681.0 990.0 large-vehicle 0
564.0 964.0 564.0 975.0 490.0 973.0 490.0 962.0 large-vehicle 0
585.0 247.0 586.0 235.0 664.0 239.0 664.0 252.0 large-vehicle 0
569.0 934.0 568.0 946.0 476.0 945.0 476.0 933.0 large-vehicle 0
259.0 298.0 258.0 310.0 172.0 308.0 172.0 296.0 large-vehicle 0
264.0 312.0 264.0 322.0 186.0 319.0 186.0 308.0 large-vehicle 0
252.0 559.0 252.0 571.0 166.0 566.0 167.0 554.0 large-vehicle 0
254.0 684.0 253.0 695.0 173.0 692.0 174.0 680.0 large-vehicle 0
252.0 710.0 251.0 721.0 164.0 720.0 165.0 708.0 large-vehicle 0
245.0 725.0 243.0 735.0 170.0 734.0 170.0 724.0 large-vehicle 0
254.0 752.0 254.0 762.0 166.0 759.0 167.0 748.0 large-vehicle 0
245.0 795.0 244.0 806.0 157.0 801.0 159.0 788.0 large-vehicle 0
246.0 807.0 246.0 818.0 160.0 815.0 160.0 804.0 large-vehicle 0
250.0 820.0 249.0 833.0 164.0 830.0 164.0 818.0 large-vehicle 0
247.0 834.0 246.0 847.0 160.0 844.0 160.0 830.0 large-vehicle 0
246.0 860.0 246.0 873.0 167.0 871.0 167.0 858.0 large-vehicle 0
403.0 941.0 402.0 954.0 316.0 949.0 316.0 936.0 large-vehicle 0
399.0 900.0 398.0 911.0 312.0 908.0 311.0 897.0 large-vehicle 0
398.0 872.0 397.0 885.0 309.0 880.0 309.0 868.0 large-vehicle 0
402.0 844.0 402.0 857.0 316.0 853.0 316.0 841.0 large-vehicle 0
400.0 814.0 400.0 828.0 322.0 824.0 322.0 811.0 large-vehicle 0
562.0 812.0 562.0 823.0 473.0 820.0 474.0 808.0 large-vehicle 0
568.0 825.0 568.0 836.0 496.0 835.0 496.0 823.0 large-vehicle 0
575.0 838.0 574.0 851.0 496.0 847.0 496.0 835.0 large-vehicle 0
577.0 852.0 578.0 864.0 504.0 864.0 504.0 851.0 large-vehicle 0
570.0 866.0 570.0 877.0 482.0 877.0 482.0 865.0 large-vehicle 0
575.0 881.0 574.0 892.0 489.0 891.0 489.0 880.0 large-vehicle 0
591.0 898.0 590.0 909.0 506.0 904.0 507.0 893.0 large-vehicle 0
571.0 920.0 571.0 932.0 484.0 932.0 484.0 920.0 large-vehicle 0
518.0 197.0 518.0 208.0 432.0 210.0 432.0 198.0 large-vehicle 0
810.0 255.0 808.0 266.0 724.0 263.0 724.0 252.0 large-vehicle 0
612.0 104.0 612.0 94.0 656.0 96.0 657.0 104.0 large-vehicle 1
747.0 801.0 752.0 794.0 767.0 804.0 761.0 812.0 small-vehicle 1
756.0 782.0 760.0 773.0 779.0 784.0 773.0 791.0 small-vehicle 1
762.0 772.0 767.0 761.0 783.0 773.0 777.0 780.0 small-vehicle 1
768.0 760.0 774.0 752.0 788.0 761.0 785.0 771.0 small-vehicle 1
788.0 772.0 794.0 762.0 809.0 773.0 804.0 781.0 small-vehicle 1
778.0 790.0 782.0 782.0 798.0 793.0 792.0 801.0 small-vehicle 1
766.0 812.0 771.0 802.0 784.0 812.0 778.0 819.0 small-vehicle 1
759.0 822.0 765.0 813.0 783.0 822.0 776.0 832.0 small-vehicle 1
834.0 851.0 827.0 859.0 806.0 847.0 813.0 837.0 small-vehicle 1
822.0 832.0 827.0 823.0 848.0 834.0 840.0 843.0 small-vehicle 1
830.0 809.0 835.0 799.0 852.0 810.0 846.0 818.0 small-vehicle 1
872.0 740.0 877.0 731.0 895.0 742.0 889.0 748.0 small-vehicle 1
919.0 701.0 913.0 711.0 895.0 701.0 900.0 692.0 small-vehicle 1
855.0 694.0 849.0 704.0 830.0 692.0 836.0 683.0 small-vehicle 1
816.0 723.0 820.0 714.0 840.0 726.0 835.0 734.0 small-vehicle 1
805.0 742.0 809.0 731.0 828.0 741.0 820.0 751.0 small-vehicle 1
799.0 754.0 804.0 743.0 823.0 755.0 817.0 763.0 small-vehicle 1
903.0 678.0 907.0 669.0 925.0 679.0 919.0 688.0 small-vehicle 1
833.0 679.0 838.0 670.0 855.0 681.0 850.0 689.0 small-vehicle 1
855.0 653.0 861.0 644.0 875.0 653.0 869.0 660.0 small-vehicle 1
1071.0 259.0 1073.0 269.0 1055.0 274.0 1052.0 263.0 small-vehicle 1
991.0 1026.0 985.0 1017.0 1002.0 1006.0 1008.0 1016.0 small-vehicle 1
1084.0 1061.0 1076.0 1061.0 1075.0 1041.0 1084.0 1041.0 small-vehicle 1
1113.0 1009.0 1103.0 1009.0 1104.0 987.0 1112.0 987.0 small-vehicle 1
591.0 720.0 591.0 729.0 569.0 729.0 568.0 720.0 small-vehicle 1
845.0 99.0 856.0 100.0 854.0 120.0 845.0 120.0 small-vehicle 1
750.0 790.0 755.0 781.0 773.0 793.0 767.0 802.0 small-vehicle 1
740.0 810.0 744.0 801.0 762.0 812.0 757.0 822.0 small-vehicle 1
820.0 239.0 820.0 249.0 730.0 242.0 730.0 232.0 large-vehicle 0
696.0 771.0 700.0 764.0 715.0 774.0 709.0 781.0 small-vehicle 1
846.0 222.0 846.0 233.0 762.0 226.0 762.0 216.0 large-vehicle 0
792.0 74.0 792.0 84.0 738.0 84.0 739.0 72.0 large-vehicle 0
808.0 362.0 802.0 354.0 873.0 317.0 878.0 326.0 large-vehicle 0
655.0 456.0 648.0 445.0 722.0 409.0 726.0 420.0 large-vehicle 0
702.0 414.0 696.0 406.0 768.0 366.0 773.0 377.0 large-vehicle 0
982.0 498.0 980.0 508.0 902.0 486.0 907.0 477.0 large-vehicle 0
949.0 235.0 949.0 245.0 863.0 241.0 862.0 229.0 large-vehicle 0
1048.0 267.0 1048.0 278.0 964.0 259.0 966.0 246.0 large-vehicle 0
430.0 723.0 441.0 750.0 355.0 768.0 345.0 744.0 large-vehicle 0
536.0 1070.0 534.0 1059.0 555.0 1059.0 556.0 1070.0 small-vehicle 1
619.0 163.0 620.0 173.0 602.0 173.0 603.0 163.0 small-vehicle 1
750.0 172.0 751.0 162.0 772.0 168.0 770.0 177.0 small-vehicle 1
750.0 181.0 749.0 173.0 768.0 177.0 766.0 184.0 small-vehicle 1
750.0 198.0 750.0 189.0 767.0 189.0 767.0 198.0 small-vehicle 1
842.0 94.0 841.0 83.0 858.0 85.0 856.0 94.0 small-vehicle 1
839.0 82.0 838.0 72.0 859.0 74.0 858.0 82.0 small-vehicle 1
835.0 69.0 834.0 58.0 858.0 60.0 857.0 70.0 small-vehicle 1
841.0 53.0 842.0 44.0 858.0 45.0 857.0 53.0 small-vehicle 1
648.0 206.0 639.0 206.0 640.0 187.0 649.0 187.0 small-vehicle 1
762.0 428.0 756.0 416.0 811.0 392.0 815.0 403.0 large-vehicle 1
772.0 444.0 766.0 434.0 819.0 406.0 825.0 418.0 large-vehicle 1
779.0 468.0 772.0 457.0 825.0 428.0 828.0 441.0 large-vehicle 1
789.0 482.0 783.0 471.0 840.0 442.0 844.0 453.0 large-vehicle 1
739.0 372.0 733.0 362.0 788.0 336.0 793.0 346.0 large-vehicle 1
700.0 764.0 707.0 754.0 720.0 764.0 714.0 773.0 small-vehicle 1
268.0 283.0 268.0 294.0 176.0 292.0 176.0 281.0 large-vehicle 0
