imagesource:GoogleEarth
gsd:0.277576473363
605.0 1020.0 613.0 1025.0 604.0 1044.0 595.0 1041.0 small-vehicle 1
332.0 687.0 372.0 702.0 343.0 786.0 301.0 770.0 tennis-court 0
436.0 230.0 444.0 209.0 484.0 223.0 476.0 246.0 tennis-court 0
424.0 264.0 432.0 242.0 473.0 257.0 465.0 278.0 tennis-court 0
414.0 298.0 421.0 276.0 461.0 289.0 453.0 312.0 tennis-court 0
402.0 330.0 409.0 308.0 448.0 323.0 442.0 345.0 tennis-court 0
388.0 361.0 428.0 376.0 400.0 458.0 359.0 445.0 tennis-court 0
436.0 376.0 478.0 392.0 449.0 476.0 407.0 461.0 tennis-court 0
484.0 394.0 525.0 408.0 495.0 491.0 456.0 477.0 tennis-court 0
372.0 571.0 413.0 585.0 383.0 668.0 343.0 653.0 tennis-court 0
420.0 586.0 459.0 599.0 429.0 683.0 388.0 670.0 tennis-court 0
378.0 704.0 418.0 719.0 388.0 801.0 346.0 788.0 tennis-court 0
77.0 947.0 82.0 940.0 96.0 946.0 92.0 953.0 small-vehicle 1
201.0 700.0 76.0 653.0 123.0 538.0 249.0 586.0 baseball-diamond 0
398.0 844.0 410.0 847.0 382.0 924.0 371.0 919.0 large-vehicle 0
403.0 503.0 405.0 495.0 423.0 502.0 421.0 509.0 small-vehicle 1
344.0 986.0 347.0 975.0 364.0 982.0 360.0 992.0 small-vehicle 1
288.0 995.0 292.0 986.0 308.0 992.0 305.0 1001.0 small-vehicle 1
202.0 985.0 200.0 992.0 185.0 987.0 187.0 981.0 small-vehicle 1
181.0 955.0 186.0 947.0 202.0 954.0 198.0 962.0 small-vehicle 1
163.0 950.0 167.0 940.0 184.0 947.0 179.0 956.0 small-vehicle 1
17.0 894.0 22.0 887.0 38.0 892.0 36.0 901.0 small-vehicle 1
119.0 40.0 244.0 117.0 160.0 233.0 33.0 162.0 baseball-diamond 0
