imagesource:GoogleEarth
gsd:0.239425215963
731.0 58.0 731.0 66.0 711.0 66.0 709.0 57.0 small-vehicle 1
764.0 59.0 764.0 69.0 741.0 68.0 741.0 59.0 small-vehicle 1
578.0 64.0 578.0 53.0 600.0 54.0 599.0 64.0 small-vehicle 0
623.0 65.0 624.0 53.0 648.0 56.0 647.0 66.0 small-vehicle 0
559.0 98.0 559.0 108.0 535.0 108.0 536.0 98.0 small-vehicle 0
591.0 101.0 591.0 110.0 569.0 109.0 569.0 101.0 small-vehicle 0
626.0 100.0 626.0 110.0 606.0 108.0 606.0 99.0 small-vehicle 0
655.0 103.0 654.0 112.0 633.0 110.0 633.0 101.0 small-vehicle 0
680.0 104.0 680.0 113.0 657.0 112.0 658.0 103.0 small-vehicle 0
710.0 104.0 710.0 114.0 685.0 112.0 685.0 101.0 small-vehicle 0
750.0 104.0 750.0 114.0 721.0 112.0 723.0 102.0 small-vehicle 0
775.0 88.0 775.0 98.0 746.0 97.0 747.0 86.0 small-vehicle 0
778.0 106.0 778.0 116.0 757.0 115.0 756.0 106.0 small-vehicle 0
811.0 107.0 812.0 116.0 789.0 116.0 788.0 106.0 small-vehicle 0
855.0 108.0 855.0 117.0 833.0 115.0 833.0 105.0 small-vehicle 0
697.0 575.0 707.0 576.0 704.0 597.0 695.0 596.0 small-vehicle 0
671.0 573.0 684.0 573.0 682.0 595.0 670.0 595.0 small-vehicle 0
614.0 574.0 624.0 574.0 623.0 593.0 614.0 593.0 small-vehicle 0
591.0 576.0 601.0 577.0 599.0 597.0 590.0 595.0 small-vehicle 0
569.0 574.0 579.0 575.0 577.0 595.0 568.0 593.0 small-vehicle 0
579.0 571.0 569.0 572.0 568.0 549.0 579.0 549.0 small-vehicle 0
546.0 573.0 557.0 573.0 556.0 596.0 545.0 595.0 small-vehicle 0
536.0 571.0 546.0 571.0 543.0 593.0 533.0 592.0 small-vehicle 0
523.0 570.0 534.0 569.0 534.0 589.0 523.0 590.0 small-vehicle 0
555.0 571.0 543.0 569.0 549.0 545.0 559.0 547.0 small-vehicle 0
536.0 568.0 525.0 568.0 524.0 544.0 535.0 543.0 small-vehicle 0
512.0 565.0 524.0 566.0 522.0 591.0 511.0 590.0 small-vehicle 0
549.0 62.0 550.0 52.0 571.0 54.0 570.0 62.0 small-vehicle 0
516.0 62.0 515.0 51.0 537.0 52.0 536.0 62.0 small-vehicle 0
482.0 59.0 482.0 49.0 510.0 51.0 507.0 60.0 small-vehicle 0
191.0 62.0 192.0 54.0 213.0 57.0 211.0 65.0 small-vehicle 0
296.0 154.0 344.0 156.0 340.0 256.0 292.0 255.0 tennis-court 0
360.0 157.0 409.0 158.0 405.0 258.0 357.0 256.0 tennis-court 0
229.0 304.0 278.0 306.0 273.0 405.0 224.0 404.0 tennis-court 0
290.0 306.0 339.0 308.0 334.0 408.0 286.0 406.0 tennis-court 0
355.0 310.0 403.0 311.0 400.0 410.0 351.0 409.0 tennis-court 0
586.0 331.0 635.0 332.0 632.0 433.0 583.0 432.0 tennis-court 0
658.0 333.0 706.0 334.0 702.0 434.0 654.0 433.0 tennis-court 0
592.0 178.0 641.0 179.0 637.0 279.0 588.0 278.0 tennis-court 0
669.0 180.0 717.0 180.0 714.0 282.0 666.0 281.0 tennis-court 0
732.0 181.0 780.0 183.0 777.0 283.0 729.0 282.0 tennis-court 0
728.0 335.0 776.0 336.0 773.0 438.0 725.0 437.0 tennis-court 0
349.0 92.0 348.0 103.0 326.0 102.0 327.0 91.0 small-vehicle 0
452.0 58.0 452.0 47.0 473.0 50.0 472.0 58.0 small-vehicle 0
374.0 92.0 374.0 103.0 349.0 102.0 349.0 91.0 small-vehicle 0
400.0 93.0 400.0 102.0 381.0 101.0 381.0 92.0 small-vehicle 0
406.0 102.0 406.0 93.0 423.0 94.0 422.0 102.0 small-vehicle 0
434.0 102.0 435.0 94.0 461.0 97.0 459.0 105.0 small-vehicle 0
503.0 99.0 504.0 107.0 482.0 106.0 482.0 97.0 small-vehicle 0
533.0 99.0 532.0 108.0 509.0 108.0 508.0 97.0 small-vehicle 0
314.0 53.0 315.0 42.0 336.0 44.0 335.0 53.0 small-vehicle 0
342.0 53.0 343.0 43.0 364.0 45.0 363.0 54.0 small-vehicle 0
370.0 55.0 370.0 46.0 395.0 47.0 394.0 55.0 small-vehicle 0
398.0 54.0 399.0 47.0 417.0 49.0 416.0 56.0 small-vehicle 0
423.0 57.0 424.0 47.0 447.0 49.0 446.0 57.0 small-vehicle 0
524.0 565.0 515.0 564.0 515.0 543.0 523.0 542.0 small-vehicle 0
595.0 514.0 584.0 514.0 584.0 492.0 594.0 493.0 small-vehicle 0
579.0 513.0 571.0 513.0 570.0 489.0 579.0 489.0 small-vehicle 0
365.0 543.0 374.0 543.0 373.0 564.0 363.0 563.0 small-vehicle 0
458.0 489.0 468.0 490.0 467.0 510.0 456.0 508.0 small-vehicle 0
419.0 569.0 429.0 570.0 430.0 591.0 420.0 590.0 small-vehicle 0
419.0 544.0 430.0 545.0 428.0 567.0 418.0 566.0 small-vehicle 0
408.0 568.0 419.0 568.0 417.0 588.0 408.0 588.0 small-vehicle 0
408.0 544.0 419.0 545.0 418.0 564.0 408.0 564.0 small-vehicle 0
407.0 566.0 396.0 566.0 397.0 544.0 406.0 544.0 small-vehicle 0
396.0 564.0 386.0 564.0 386.0 545.0 395.0 546.0 small-vehicle 0
396.0 569.0 407.0 569.0 405.0 590.0 395.0 588.0 small-vehicle 0
387.0 568.0 396.0 569.0 394.0 590.0 385.0 589.0 small-vehicle 0
375.0 565.0 384.0 564.0 384.0 586.0 375.0 586.0 small-vehicle 0
364.0 566.0 374.0 566.0 372.0 587.0 362.0 586.0 small-vehicle 0
353.0 567.0 363.0 567.0 361.0 585.0 351.0 585.0 small-vehicle 0
432.0 488.0 443.0 488.0 442.0 509.0 433.0 508.0 small-vehicle 0
340.0 564.0 351.0 564.0 350.0 585.0 340.0 585.0 small-vehicle 0
338.0 537.0 351.0 538.0 350.0 559.0 338.0 558.0 small-vehicle 0
327.0 562.0 318.0 562.0 318.0 541.0 328.0 542.0 small-vehicle 0
318.0 563.0 327.0 564.0 326.0 581.0 317.0 580.0 small-vehicle 0
315.0 561.0 304.0 561.0 304.0 542.0 314.0 542.0 small-vehicle 0
303.0 558.0 293.0 558.0 294.0 538.0 303.0 538.0 small-vehicle 0
304.0 564.0 314.0 564.0 313.0 583.0 304.0 583.0 small-vehicle 0
302.0 579.0 293.0 578.0 296.0 561.0 305.0 561.0 small-vehicle 0
292.0 580.0 283.0 580.0 284.0 560.0 292.0 561.0 small-vehicle 0
272.0 561.0 282.0 560.0 281.0 581.0 271.0 581.0 small-vehicle 0
249.0 594.0 245.0 604.0 224.0 595.0 230.0 586.0 small-vehicle 0
444.0 486.0 455.0 486.0 454.0 508.0 443.0 507.0 small-vehicle 0
423.0 489.0 433.0 490.0 433.0 509.0 422.0 508.0 small-vehicle 0
548.0 511.0 538.0 510.0 538.0 489.0 547.0 488.0 small-vehicle 0
455.0 543.0 466.0 544.0 464.0 564.0 453.0 563.0 small-vehicle 0
525.0 510.0 514.0 509.0 516.0 487.0 526.0 487.0 small-vehicle 0
500.0 509.0 489.0 508.0 492.0 486.0 503.0 487.0 small-vehicle 0
478.0 509.0 467.0 509.0 467.0 489.0 476.0 489.0 small-vehicle 0
501.0 569.0 512.0 570.0 511.0 591.0 500.0 591.0 small-vehicle 0
503.0 546.0 513.0 547.0 513.0 565.0 503.0 564.0 small-vehicle 0
479.0 569.0 490.0 569.0 489.0 590.0 478.0 590.0 small-vehicle 0
467.0 567.0 477.0 569.0 475.0 591.0 465.0 589.0 small-vehicle 0
490.0 543.0 503.0 543.0 502.0 568.0 489.0 567.0 small-vehicle 0
467.0 545.0 479.0 544.0 477.0 566.0 466.0 565.0 small-vehicle 0
478.0 543.0 491.0 544.0 490.0 567.0 477.0 566.0 small-vehicle 0
455.0 568.0 465.0 569.0 463.0 587.0 453.0 586.0 small-vehicle 0
443.0 543.0 455.0 544.0 454.0 566.0 443.0 565.0 small-vehicle 0
400.0 487.0 411.0 487.0 411.0 510.0 399.0 510.0 small-vehicle 0
442.0 567.0 454.0 567.0 454.0 592.0 442.0 591.0 small-vehicle 0
432.0 569.0 442.0 569.0 440.0 589.0 430.0 588.0 small-vehicle 0
431.0 543.0 443.0 544.0 442.0 567.0 430.0 568.0 small-vehicle 0
284.0 483.0 295.0 484.0 294.0 503.0 283.0 502.0 small-vehicle 0
296.0 483.0 308.0 482.0 307.0 504.0 297.0 503.0 small-vehicle 0
308.0 484.0 319.0 484.0 318.0 504.0 307.0 504.0 small-vehicle 0
318.0 485.0 332.0 485.0 330.0 507.0 318.0 507.0 small-vehicle 0
329.0 484.0 341.0 485.0 340.0 506.0 328.0 507.0 small-vehicle 0
341.0 488.0 353.0 488.0 352.0 509.0 341.0 509.0 small-vehicle 0
354.0 485.0 365.0 487.0 364.0 508.0 352.0 506.0 small-vehicle 0
365.0 486.0 376.0 486.0 375.0 509.0 364.0 508.0 small-vehicle 0
235.0 152.0 283.0 153.0 279.0 253.0 231.0 253.0 tennis-court 0
