imagesource:GoogleEarth
gsd:0.271847719161
576.0 689.0 565.0 689.0 566.0 670.0 578.0 669.0 small-vehicle 1
191.0 730.0 183.0 730.0 184.0 710.0 192.0 711.0 small-vehicle 0
276.0 697.0 286.0 698.0 283.0 719.0 273.0 717.0 small-vehicle 0
254.0 711.0 245.0 711.0 244.0 695.0 253.0 694.0 small-vehicle 0
232.0 712.0 224.0 712.0 224.0 695.0 233.0 696.0 small-vehicle 0
194.0 706.0 184.0 706.0 185.0 686.0 195.0 687.0 small-vehicle 0
173.0 724.0 163.0 724.0 163.0 704.0 173.0 704.0 small-vehicle 0
152.0 722.0 141.0 720.0 143.0 703.0 154.0 704.0 small-vehicle 0
132.0 718.0 122.0 717.0 123.0 702.0 132.0 702.0 small-vehicle 0
165.0 777.0 154.0 776.0 156.0 756.0 166.0 757.0 small-vehicle 0
205.0 780.0 196.0 779.0 196.0 761.0 204.0 761.0 small-vehicle 0
196.0 781.0 186.0 780.0 188.0 764.0 196.0 765.0 small-vehicle 0
185.0 780.0 177.0 779.0 177.0 761.0 185.0 761.0 small-vehicle 0
175.0 779.0 166.0 779.0 167.0 759.0 177.0 760.0 small-vehicle 0
288.0 670.0 277.0 669.0 278.0 645.0 288.0 646.0 small-vehicle 0
223.0 712.0 213.0 712.0 214.0 693.0 223.0 694.0 small-vehicle 0
182.0 728.0 173.0 727.0 175.0 708.0 183.0 709.0 small-vehicle 0
251.0 714.0 261.0 715.0 262.0 733.0 251.0 733.0 small-vehicle 0
153.0 709.0 163.0 709.0 162.0 727.0 153.0 726.0 small-vehicle 0
112.0 702.0 121.0 703.0 118.0 720.0 109.0 718.0 small-vehicle 0
873.0 1357.0 915.0 1359.0 923.0 1271.0 882.0 1268.0 tennis-court 0
820.0 1352.0 863.0 1356.0 871.0 1268.0 827.0 1264.0 tennis-court 0
745.0 470.0 1041.0 489.0 983.0 1150.0 686.0 1124.0 ground-track-field 0
928.0 1358.0 965.0 1362.0 974.0 1275.0 934.0 1271.0 tennis-court 0
769.0 1344.0 808.0 1347.0 815.0 1261.0 774.0 1258.0 tennis-court 0
713.0 1341.0 753.0 1344.0 761.0 1259.0 721.0 1254.0 tennis-court 0
571.0 1074.0 565.0 1130.0 656.0 1137.0 660.0 1083.0 basketball-court 0
575.0 1004.0 569.0 1061.0 664.0 1069.0 666.0 1012.0 basketball-court 0
581.0 936.0 671.0 942.0 668.0 1000.0 573.0 992.0 basketball-court 0
794.0 604.0 973.0 617.0 942.0 1016.0 761.0 1004.0 soccer-ball-field 0
555.0 73.0 560.0 249.0 898.0 258.0 889.0 81.0 soccer-ball-field 1
615.0 376.0 720.0 345.0 684.0 242.0 583.0 274.0 baseball-diamond 0
241.0 732.0 231.0 732.0 231.0 715.0 242.0 716.0 small-vehicle 0
262.0 717.0 272.0 718.0 272.0 735.0 263.0 735.0 small-vehicle 0
290.0 645.0 278.0 645.0 280.0 624.0 289.0 624.0 small-vehicle 1
224.0 1199.0 216.0 1199.0 217.0 1183.0 224.0 1182.0 small-vehicle 1
352.0 1614.0 343.0 1615.0 343.0 1599.0 351.0 1599.0 small-vehicle 1
592.0 1633.0 599.0 1636.0 592.0 1652.0 584.0 1649.0 small-vehicle 1
1056.0 1691.0 1046.0 1685.0 1055.0 1668.0 1066.0 1674.0 small-vehicle 1
1046.0 1689.0 1037.0 1689.0 1036.0 1665.0 1045.0 1665.0 small-vehicle 1
981.0 1660.0 991.0 1660.0 990.0 1682.0 980.0 1681.0 small-vehicle 1
649.0 1675.0 655.0 1683.0 640.0 1695.0 634.0 1687.0 small-vehicle 1
522.0 1675.0 521.0 1685.0 501.0 1681.0 501.0 1671.0 small-vehicle 1
218.0 1635.0 217.0 1626.0 237.0 1628.0 237.0 1637.0 small-vehicle 1
49.0 1642.0 50.0 1633.0 72.0 1635.0 72.0 1645.0 small-vehicle 1
273.0 1230.0 264.0 1229.0 265.0 1213.0 274.0 1213.0 small-vehicle 1
262.0 1230.0 253.0 1229.0 253.0 1211.0 263.0 1211.0 small-vehicle 1
252.0 1225.0 242.0 1225.0 243.0 1208.0 252.0 1208.0 small-vehicle 1
241.0 1224.0 233.0 1224.0 234.0 1210.0 242.0 1210.0 small-vehicle 1
224.0 1221.0 215.0 1220.0 215.0 1205.0 224.0 1204.0 small-vehicle 1
581.0 504.0 590.0 500.0 599.0 519.0 589.0 523.0 small-vehicle 0
215.0 780.0 204.0 780.0 205.0 758.0 215.0 759.0 small-vehicle 0
578.0 670.0 568.0 669.0 570.0 649.0 579.0 650.0 small-vehicle 0
571.0 752.0 562.0 751.0 565.0 733.0 574.0 735.0 small-vehicle 0
551.0 756.0 541.0 757.0 540.0 736.0 550.0 736.0 small-vehicle 0
566.0 809.0 556.0 808.0 557.0 792.0 566.0 792.0 small-vehicle 0
554.0 809.0 546.0 808.0 546.0 791.0 555.0 792.0 small-vehicle 0
545.0 809.0 535.0 807.0 537.0 789.0 546.0 790.0 small-vehicle 0
525.0 806.0 515.0 805.0 517.0 788.0 527.0 789.0 small-vehicle 0
506.0 803.0 495.0 802.0 495.0 785.0 504.0 785.0 small-vehicle 0
341.0 740.0 332.0 740.0 333.0 721.0 341.0 721.0 small-vehicle 0
331.0 740.0 321.0 739.0 323.0 720.0 331.0 721.0 small-vehicle 0
321.0 739.0 311.0 739.0 313.0 720.0 321.0 720.0 small-vehicle 0
311.0 738.0 301.0 738.0 304.0 717.0 311.0 718.0 small-vehicle 0
302.0 736.0 288.0 735.0 291.0 714.0 303.0 716.0 small-vehicle 0
235.0 782.0 224.0 782.0 224.0 764.0 233.0 763.0 small-vehicle 0
432.0 368.0 384.0 222.0 239.0 268.0 284.0 421.0 baseball-diamond 0
