imagesource:GoogleEarth
gsd:0.259513209348
414.0 46.0 419.0 39.0 435.0 52.0 431.0 60.0 small-vehicle 1
842.0 359.0 840.0 370.0 796.0 363.0 799.0 352.0 large-vehicle 0
714.0 710.0 704.0 714.0 690.0 675.0 699.0 670.0 large-vehicle 0
724.0 699.0 715.0 702.0 700.0 662.0 709.0 658.0 large-vehicle 0
734.0 687.0 725.0 690.0 708.0 650.0 717.0 647.0 large-vehicle 0
745.0 675.0 736.0 679.0 717.0 641.0 727.0 636.0 large-vehicle 0
753.0 663.0 743.0 666.0 726.0 628.0 736.0 624.0 large-vehicle 0
766.0 654.0 753.0 658.0 737.0 620.0 747.0 616.0 large-vehicle 0
774.0 645.0 763.0 649.0 745.0 609.0 758.0 603.0 large-vehicle 0
785.0 634.0 775.0 637.0 759.0 599.0 768.0 595.0 large-vehicle 0
807.0 550.0 806.0 561.0 763.0 555.0 765.0 544.0 large-vehicle 0
811.0 535.0 809.0 544.0 766.0 539.0 767.0 529.0 large-vehicle 0
813.0 507.0 812.0 519.0 770.0 513.0 771.0 503.0 large-vehicle 0
831.0 442.0 830.0 453.0 787.0 447.0 789.0 435.0 large-vehicle 0
830.0 428.0 828.0 437.0 786.0 430.0 788.0 421.0 large-vehicle 0
832.0 415.0 829.0 425.0 788.0 418.0 791.0 408.0 large-vehicle 0
836.0 401.0 834.0 412.0 791.0 404.0 794.0 395.0 large-vehicle 0
705.0 720.0 696.0 725.0 678.0 685.0 686.0 680.0 large-vehicle 0
696.0 731.0 687.0 734.0 669.0 695.0 678.0 690.0 large-vehicle 0
686.0 742.0 677.0 746.0 659.0 706.0 668.0 701.0 large-vehicle 0
748.0 267.0 758.0 270.0 751.0 305.0 740.0 302.0 large-vehicle 0
189.0 824.0 199.0 827.0 196.0 850.0 184.0 847.0 small-vehicle 0
157.0 820.0 168.0 822.0 163.0 844.0 153.0 841.0 small-vehicle 0
445.0 17.0 452.0 9.0 490.0 35.0 482.0 44.0 large-vehicle 0
430.0 30.0 437.0 22.0 475.0 51.0 467.0 60.0 large-vehicle 0
425.0 39.0 431.0 31.0 467.0 64.0 461.0 71.0 large-vehicle 0
398.0 51.0 405.0 42.0 440.0 71.0 433.0 81.0 large-vehicle 0
818.0 496.0 816.0 506.0 772.0 498.0 775.0 488.0 large-vehicle 0
675.0 750.0 667.0 754.0 648.0 718.0 657.0 713.0 large-vehicle 0
823.0 469.0 821.0 479.0 778.0 471.0 779.0 460.0 large-vehicle 0
614.0 222.0 624.0 224.0 616.0 266.0 605.0 264.0 large-vehicle 0
569.0 216.0 579.0 218.0 572.0 259.0 560.0 258.0 large-vehicle 0
421.0 322.0 424.0 312.0 466.0 331.0 462.0 341.0 large-vehicle 0
686.0 240.0 696.0 242.0 686.0 286.0 675.0 283.0 large-vehicle 0
663.0 762.0 653.0 767.0 637.0 727.0 646.0 723.0 large-vehicle 0
840.0 376.0 838.0 386.0 794.0 379.0 796.0 368.0 large-vehicle 0
843.0 347.0 840.0 357.0 803.0 348.0 805.0 339.0 large-vehicle 0
248.0 858.0 235.0 856.0 240.0 838.0 251.0 840.0 small-vehicle 0
849.0 333.0 846.0 345.0 805.0 336.0 808.0 324.0 large-vehicle 0
349.0 393.0 356.0 382.0 403.0 398.0 399.0 409.0 large-vehicle 0
325.0 415.0 332.0 403.0 380.0 421.0 376.0 431.0 large-vehicle 0
314.0 423.0 318.0 413.0 370.0 432.0 365.0 444.0 large-vehicle 0
305.0 436.0 310.0 426.0 358.0 443.0 355.0 454.0 large-vehicle 0
296.0 449.0 302.0 437.0 348.0 455.0 343.0 465.0 large-vehicle 0
284.0 461.0 290.0 452.0 338.0 466.0 333.0 478.0 large-vehicle 0
276.0 472.0 281.0 461.0 327.0 478.0 321.0 489.0 large-vehicle 0
229.0 516.0 235.0 507.0 284.0 525.0 280.0 536.0 large-vehicle 0
219.0 529.0 225.0 521.0 271.0 538.0 267.0 547.0 large-vehicle 0
200.0 552.0 206.0 541.0 249.0 556.0 244.0 567.0 large-vehicle 0
175.0 573.0 180.0 562.0 228.0 580.0 224.0 591.0 large-vehicle 0
165.0 587.0 171.0 577.0 217.0 594.0 213.0 604.0 large-vehicle 0
143.0 609.0 149.0 600.0 195.0 616.0 190.0 626.0 large-vehicle 0
125.0 632.0 128.0 624.0 173.0 640.0 167.0 649.0 large-vehicle 0
103.0 656.0 109.0 647.0 152.0 662.0 147.0 672.0 large-vehicle 0
359.0 381.0 365.0 369.0 413.0 386.0 410.0 396.0 large-vehicle 0
371.0 370.0 376.0 358.0 424.0 376.0 421.0 387.0 large-vehicle 1
392.0 345.0 397.0 335.0 445.0 351.0 441.0 362.0 large-vehicle 0
700.0 244.0 711.0 248.0 699.0 288.0 688.0 283.0 large-vehicle 0
804.0 261.0 816.0 264.0 809.0 304.0 796.0 302.0 large-vehicle 0
792.0 261.0 802.0 264.0 794.0 304.0 784.0 301.0 large-vehicle 0
778.0 308.0 767.0 304.0 778.0 260.0 789.0 262.0 large-vehicle 0
735.0 261.0 745.0 263.0 735.0 301.0 724.0 298.0 large-vehicle 0
723.0 249.0 733.0 253.0 725.0 292.0 714.0 288.0 large-vehicle 0
712.0 247.0 723.0 250.0 711.0 289.0 702.0 287.0 large-vehicle 0
669.0 235.0 680.0 236.0 673.0 277.0 660.0 274.0 large-vehicle 0
425.0 309.0 430.0 299.0 478.0 316.0 474.0 328.0 large-vehicle 0
643.0 229.0 653.0 232.0 644.0 276.0 633.0 274.0 large-vehicle 0
600.0 270.0 589.0 266.0 599.0 221.0 609.0 223.0 large-vehicle 0
587.0 271.0 575.0 267.0 587.0 216.0 598.0 218.0 large-vehicle 0
163.0 734.0 173.0 741.0 153.0 768.0 143.0 761.0 large-vehicle 0
236.0 688.0 242.0 680.0 275.0 707.0 267.0 714.0 large-vehicle 0
261.0 668.0 271.0 658.0 310.0 693.0 300.0 703.0 large-vehicle 0
206.0 853.0 195.0 851.0 200.0 830.0 210.0 833.0 small-vehicle 0
248.0 784.0 260.0 787.0 256.0 808.0 246.0 807.0 small-vehicle 0
633.0 826.0 641.0 835.0 626.0 853.0 618.0 845.0 small-vehicle 1
665.0 779.0 671.0 773.0 684.0 786.0 678.0 792.0 small-vehicle 0
93.0 113.0 101.0 118.0 91.0 136.0 81.0 131.0 small-vehicle 1
77.0 102.0 85.0 108.0 74.0 125.0 66.0 119.0 small-vehicle 1
65.0 97.0 74.0 101.0 64.0 120.0 55.0 115.0 small-vehicle 1
167.0 116.0 159.0 110.0 171.0 91.0 180.0 97.0 small-vehicle 1
158.0 85.0 168.0 89.0 155.0 110.0 147.0 106.0 small-vehicle 1
583.0 788.0 592.0 795.0 581.0 809.0 573.0 804.0 small-vehicle 0
589.0 799.0 596.0 805.0 588.0 816.0 581.0 811.0 small-vehicle 1
599.0 803.0 606.0 810.0 595.0 823.0 587.0 817.0 small-vehicle 0
602.0 831.0 594.0 823.0 610.0 807.0 617.0 815.0 small-vehicle 0
635.0 857.0 628.0 850.0 641.0 835.0 647.0 843.0 small-vehicle 0
651.0 839.0 659.0 847.0 643.0 866.0 634.0 861.0 small-vehicle 0
661.0 854.0 668.0 846.0 683.0 860.0 676.0 867.0 small-vehicle 0
669.0 844.0 677.0 837.0 692.0 851.0 685.0 858.0 small-vehicle 0
675.0 835.0 684.0 827.0 696.0 839.0 690.0 846.0 small-vehicle 0
690.0 819.0 698.0 813.0 712.0 828.0 705.0 834.0 small-vehicle 0
102.0 121.0 111.0 126.0 101.0 146.0 92.0 142.0 small-vehicle 1
385.0 58.0 392.0 50.0 418.0 74.0 410.0 82.0 ship 0
383.0 76.0 390.0 68.0 415.0 88.0 406.0 97.0 ship 0
550.0 424.0 542.0 418.0 554.0 403.0 562.0 409.0 small-vehicle 1
615.0 819.0 621.0 826.0 611.0 838.0 603.0 832.0 small-vehicle 1
616.0 490.0 611.0 483.0 626.0 466.0 632.0 473.0 small-vehicle 1
609.0 483.0 603.0 476.0 618.0 460.0 624.0 466.0 small-vehicle 1
591.0 463.0 583.0 455.0 596.0 437.0 604.0 445.0 small-vehicle 1
581.0 454.0 574.0 448.0 588.0 431.0 596.0 438.0 small-vehicle 1
566.0 441.0 558.0 433.0 570.0 421.0 576.0 428.0 small-vehicle 1
125.0 741.0 133.0 747.0 123.0 763.0 112.0 756.0 small-vehicle 1
389.0 66.0 382.0 76.0 358.0 58.0 366.0 46.0 ship 0
136.0 746.0 143.0 751.0 131.0 772.0 122.0 765.0 small-vehicle 1
198.0 756.0 204.0 749.0 229.0 775.0 223.0 780.0 large-vehicle 0
207.0 748.0 213.0 741.0 237.0 766.0 232.0 773.0 large-vehicle 0
266.0 725.0 261.0 732.0 236.0 706.0 243.0 699.0 large-vehicle 0
326.0 627.0 317.0 632.0 299.0 613.0 308.0 605.0 small-vehicle 1
95.0 705.0 90.0 715.0 66.0 703.0 70.0 694.0 small-vehicle 1
655.0 786.0 664.0 780.0 676.0 795.0 666.0 801.0 small-vehicle 0
707.0 806.0 714.0 800.0 724.0 812.0 718.0 817.0 small-vehicle 0
281.0 789.0 290.0 792.0 285.0 812.0 276.0 810.0 small-vehicle 0
713.0 796.0 721.0 790.0 735.0 805.0 729.0 810.0 small-vehicle 0
468.0 829.0 477.0 830.0 475.0 851.0 466.0 849.0 small-vehicle 0
454.0 845.0 445.0 843.0 447.0 821.0 457.0 823.0 small-vehicle 0
385.0 865.0 394.0 868.0 390.0 886.0 382.0 883.0 small-vehicle 0
374.0 865.0 383.0 866.0 380.0 885.0 371.0 884.0 small-vehicle 0
361.0 810.0 371.0 812.0 368.0 830.0 358.0 828.0 small-vehicle 0
341.0 804.0 350.0 806.0 347.0 823.0 338.0 820.0 small-vehicle 0
331.0 800.0 340.0 803.0 335.0 821.0 325.0 819.0 small-vehicle 0
321.0 799.0 330.0 801.0 326.0 819.0 317.0 816.0 small-vehicle 0
340.0 877.0 332.0 875.0 335.0 855.0 343.0 858.0 small-vehicle 0
331.0 876.0 320.0 874.0 324.0 852.0 334.0 854.0 small-vehicle 0
309.0 871.0 300.0 869.0 304.0 847.0 312.0 849.0 small-vehicle 0
299.0 866.0 290.0 865.0 293.0 845.0 302.0 848.0 small-vehicle 0
309.0 799.0 319.0 801.0 316.0 819.0 306.0 817.0 small-vehicle 0
297.0 797.0 308.0 797.0 305.0 818.0 295.0 817.0 small-vehicle 0
289.0 793.0 299.0 796.0 293.0 814.0 286.0 811.0 small-vehicle 0
480.0 829.0 491.0 832.0 485.0 852.0 476.0 849.0 small-vehicle 0
337.0 659.0 330.0 666.0 314.0 651.0 321.0 645.0 small-vehicle 0
347.0 648.0 341.0 655.0 327.0 642.0 332.0 635.0 small-vehicle 0
648.0 443.0 641.0 437.0 655.0 423.0 660.0 429.0 small-vehicle 0
677.0 764.0 684.0 757.0 699.0 768.0 693.0 774.0 small-vehicle 0
714.0 727.0 722.0 720.0 738.0 735.0 730.0 741.0 small-vehicle 0
750.0 760.0 756.0 754.0 772.0 767.0 766.0 772.0 small-vehicle 0
666.0 536.0 657.0 529.0 671.0 513.0 678.0 520.0 small-vehicle 0
630.0 399.0 639.0 408.0 626.0 422.0 616.0 415.0 small-vehicle 0
640.0 407.0 647.0 413.0 634.0 428.0 626.0 423.0 small-vehicle 0
655.0 451.0 648.0 443.0 664.0 427.0 670.0 434.0 small-vehicle 0
359.0 638.0 353.0 645.0 337.0 629.0 345.0 623.0 small-vehicle 0
670.0 436.0 677.0 445.0 662.0 459.0 655.0 452.0 small-vehicle 0
679.0 474.0 670.0 466.0 687.0 448.0 694.0 456.0 small-vehicle 0
456.0 525.0 448.0 533.0 430.0 517.0 438.0 509.0 small-vehicle 0
349.0 607.0 344.0 613.0 328.0 598.0 334.0 592.0 small-vehicle 0
341.0 614.0 335.0 623.0 318.0 610.0 325.0 600.0 small-vehicle 0
367.0 624.0 362.0 630.0 345.0 615.0 351.0 609.0 small-vehicle 0
78.0 677.0 83.0 667.0 131.0 685.0 127.0 695.0 large-vehicle 0
