imagesource:GoogleEarth
gsd:0.281139858924
29.0 1031.0 29.0 1025.0 40.0 1025.0 40.0 1032.0 small-vehicle 1
23.0 923.0 22.0 918.0 33.0 918.0 32.0 923.0 small-vehicle 1
172.0 1121.0 289.0 1124.0 284.0 1297.0 166.0 1294.0 soccer-ball-field 0
424.0 873.0 543.0 879.0 537.0 1048.0 416.0 1044.0 soccer-ball-field 0
330.0 1059.0 322.0 1280.0 695.0 1293.0 700.0 1072.0 soccer-ball-field 0
213.0 705.0 386.0 678.0 424.0 913.0 249.0 941.0 soccer-ball-field 0
566.0 732.0 712.0 739.0 702.0 1000.0 555.0 994.0 soccer-ball-field 0
565.0 541.0 565.0 597.0 663.0 597.0 663.0 540.0 soccer-ball-field 0
565.0 467.0 564.0 522.0 662.0 523.0 662.0 466.0 soccer-ball-field 0
535.0 369.0 536.0 450.0 676.0 450.0 676.0 369.0 soccer-ball-field 0
534.0 271.0 676.0 272.0 675.0 353.0 535.0 353.0 soccer-ball-field 0
407.0 273.0 512.0 377.0 325.0 561.0 221.0 457.0 soccer-ball-field 0
536.0 586.0 394.0 584.0 403.0 447.0 541.0 449.0 baseball-diamond 0
49.0 892.0 73.0 892.0 73.0 930.0 49.0 930.0 swimming-pool 0
58.0 992.0 74.0 992.0 74.0 1021.0 58.0 1021.0 swimming-pool 0
29.0 621.0 49.0 621.0 49.0 655.0 29.0 655.0 swimming-pool 0
24.0 533.0 56.0 533.0 56.0 548.0 24.0 548.0 swimming-pool 0
59.0 411.0 76.0 411.0 76.0 440.0 59.0 440.0 swimming-pool 0
583.0 191.0 603.0 191.0 603.0 210.0 583.0 210.0 swimming-pool 0
61.0 173.0 61.0 194.0 99.0 191.0 98.0 173.0 swimming-pool 0
266.0 172.0 262.0 189.0 297.0 192.0 302.0 175.0 swimming-pool 0
179.0 936.0 297.0 941.0 290.0 1116.0 172.0 1113.0 soccer-ball-field 0
527.0 696.0 521.0 829.0 395.0 822.0 408.0 681.0 baseball-diamond 0
786.0 900.0 826.0 900.0 824.0 986.0 784.0 985.0 tennis-court 0
1114.0 699.0 1105.0 699.0 1104.0 682.0 1113.0 682.0 small-vehicle 1
346.0 105.0 338.0 105.0 337.0 86.0 345.0 86.0 small-vehicle 0
159.0 54.0 158.0 63.0 139.0 61.0 139.0 53.0 small-vehicle 0
1068.0 1375.0 1067.0 1366.0 1087.0 1368.0 1087.0 1376.0 small-vehicle 1
1058.0 1361.0 1057.0 1350.0 1074.0 1352.0 1074.0 1362.0 small-vehicle 1
1210.0 748.0 1201.0 746.0 1202.0 730.0 1211.0 731.0 small-vehicle 1
1193.0 686.0 1204.0 685.0 1204.0 703.0 1194.0 703.0 small-vehicle 1
1183.0 686.0 1194.0 686.0 1191.0 707.0 1181.0 708.0 small-vehicle 1
1128.0 682.0 1138.0 683.0 1139.0 704.0 1129.0 703.0 small-vehicle 1
1182.0 236.0 1182.0 247.0 1156.0 244.0 1157.0 235.0 small-vehicle 1
834.0 901.0 876.0 901.0 875.0 986.0 833.0 986.0 tennis-court 0
1175.0 327.0 1176.0 316.0 1199.0 316.0 1198.0 328.0 small-vehicle 1
941.0 20.0 980.0 20.0 980.0 40.0 941.0 40.0 swimming-pool 0
720.0 716.0 1010.0 716.0 1010.0 1346.0 720.0 1346.0 ground-track-field 0
883.0 1037.0 924.0 1040.0 922.0 1125.0 880.0 1124.0 tennis-court 0
834.0 1037.0 873.0 1038.0 871.0 1124.0 831.0 1123.0 tennis-court 0
783.0 1035.0 823.0 1037.0 822.0 1123.0 780.0 1122.0 tennis-court 0
700.0 306.0 921.0 307.0 922.0 666.0 699.0 666.0 soccer-ball-field 0
884.0 902.0 926.0 902.0 923.0 988.0 883.0 987.0 tennis-court 0
129.0 174.0 164.0 172.0 158.0 190.0 127.0 190.0 swimming-pool 0
