imagesource:GoogleEarth
gsd:0.578651259843
481.0 731.0 486.0 728.0 492.0 738.0 487.0 740.0 small-vehicle 1
72.0 614.0 73.0 609.0 85.0 610.0 84.0 615.0 small-vehicle 1
639.0 392.0 639.0 387.0 650.0 387.0 649.0 391.0 small-vehicle 1
648.0 383.0 648.0 378.0 659.0 378.0 658.0 383.0 small-vehicle 1
650.0 450.0 646.0 450.0 646.0 440.0 650.0 440.0 small-vehicle 1
657.0 454.0 652.0 453.0 653.0 444.0 657.0 444.0 small-vehicle 1
646.0 450.0 651.0 450.0 651.0 459.0 646.0 459.0 small-vehicle 1
635.0 533.0 640.0 533.0 638.0 544.0 633.0 543.0 small-vehicle 1
631.0 557.0 635.0 557.0 633.0 566.0 629.0 565.0 small-vehicle 1
618.0 574.0 624.0 574.0 623.0 584.0 618.0 584.0 small-vehicle 1
629.0 582.0 634.0 583.0 632.0 590.0 628.0 590.0 small-vehicle 1
617.0 638.0 612.0 637.0 613.0 624.0 619.0 626.0 small-vehicle 1
556.0 604.0 561.0 601.0 566.0 610.0 563.0 613.0 small-vehicle 1
547.0 625.0 547.0 619.0 557.0 618.0 556.0 624.0 small-vehicle 1
539.0 643.0 538.0 648.0 528.0 648.0 528.0 643.0 small-vehicle 1
615.0 703.0 610.0 703.0 611.0 689.0 615.0 689.0 small-vehicle 1
614.0 826.0 620.0 825.0 620.0 836.0 615.0 836.0 small-vehicle 1
614.0 876.0 609.0 876.0 608.0 866.0 613.0 866.0 small-vehicle 1
612.0 936.0 608.0 936.0 606.0 925.0 611.0 924.0 small-vehicle 1
961.0 920.0 966.0 921.0 964.0 931.0 959.0 931.0 small-vehicle 1
757.0 1162.0 754.0 1163.0 754.0 1152.0 757.0 1152.0 small-vehicle 1
766.0 1175.0 771.0 1174.0 771.0 1184.0 766.0 1184.0 small-vehicle 1
749.0 1174.0 752.0 1173.0 753.0 1184.0 749.0 1184.0 small-vehicle 1
744.0 1173.0 749.0 1173.0 749.0 1185.0 743.0 1185.0 small-vehicle 1
734.0 1174.0 738.0 1173.0 738.0 1185.0 734.0 1185.0 small-vehicle 1
729.0 1174.0 733.0 1173.0 734.0 1185.0 729.0 1186.0 small-vehicle 1
724.0 1173.0 730.0 1173.0 730.0 1185.0 724.0 1185.0 small-vehicle 1
630.0 403.0 630.0 398.0 641.0 397.0 641.0 402.0 small-vehicle 1
910.0 30.0 910.0 24.0 920.0 24.0 920.0 30.0 small-vehicle 1
635.0 61.0 640.0 62.0 640.0 72.0 635.0 71.0 small-vehicle 1
621.0 78.0 617.0 77.0 616.0 68.0 620.0 67.0 small-vehicle 1
293.0 333.0 293.0 337.0 282.0 335.0 283.0 331.0 small-vehicle 1
606.0 35.0 603.0 39.0 592.0 34.0 595.0 28.0 small-vehicle 1
602.0 38.0 599.0 43.0 589.0 38.0 592.0 34.0 small-vehicle 1
599.0 44.0 596.0 47.0 587.0 43.0 589.0 39.0 small-vehicle 1
599.0 49.0 597.0 53.0 586.0 49.0 589.0 44.0 small-vehicle 1
596.0 53.0 594.0 56.0 585.0 53.0 587.0 49.0 small-vehicle 1
552.0 61.0 554.0 57.0 562.0 61.0 560.0 65.0 small-vehicle 1
560.0 66.0 558.0 70.0 550.0 66.0 551.0 63.0 small-vehicle 1
571.0 73.0 566.0 72.0 571.0 61.0 575.0 63.0 small-vehicle 1
609.0 71.0 603.0 71.0 602.0 57.0 609.0 57.0 large-vehicle 1
620.0 64.0 615.0 64.0 615.0 54.0 619.0 53.0 small-vehicle 1
616.0 93.0 613.0 93.0 612.0 83.0 616.0 83.0 small-vehicle 1
637.0 100.0 642.0 100.0 641.0 110.0 637.0 110.0 small-vehicle 1
611.0 97.0 608.0 97.0 608.0 87.0 612.0 87.0 small-vehicle 1
607.0 98.0 603.0 99.0 603.0 87.0 606.0 87.0 small-vehicle 1
596.0 101.0 592.0 101.0 593.0 91.0 598.0 90.0 small-vehicle 1
619.0 120.0 623.0 119.0 625.0 128.0 621.0 129.0 small-vehicle 1
625.0 141.0 621.0 141.0 620.0 131.0 624.0 130.0 small-vehicle 1
625.0 153.0 621.0 152.0 622.0 141.0 626.0 142.0 small-vehicle 1
623.0 177.0 627.0 177.0 627.0 187.0 623.0 188.0 small-vehicle 1
629.0 197.0 624.0 198.0 623.0 188.0 628.0 188.0 small-vehicle 1
615.0 189.0 610.0 189.0 611.0 177.0 616.0 177.0 small-vehicle 1
644.0 158.0 639.0 156.0 640.0 145.0 645.0 146.0 small-vehicle 1
637.0 112.0 643.0 112.0 642.0 123.0 637.0 122.0 small-vehicle 1
715.0 1174.0 720.0 1173.0 719.0 1184.0 716.0 1183.0 small-vehicle 1
710.0 1184.0 705.0 1184.0 706.0 1172.0 710.0 1173.0 small-vehicle 1
706.0 1184.0 700.0 1184.0 701.0 1174.0 705.0 1174.0 small-vehicle 1
1210.0 1440.0 1215.0 1439.0 1216.0 1449.0 1210.0 1449.0 small-vehicle 1
1161.0 1524.0 1160.0 1519.0 1170.0 1519.0 1170.0 1524.0 small-vehicle 1
1162.0 1519.0 1162.0 1515.0 1171.0 1515.0 1172.0 1520.0 small-vehicle 1
1161.0 1515.0 1160.0 1509.0 1173.0 1510.0 1173.0 1515.0 small-vehicle 1
1162.0 1509.0 1161.0 1504.0 1173.0 1505.0 1173.0 1509.0 small-vehicle 1
1199.0 1570.0 1199.0 1575.0 1188.0 1575.0 1187.0 1570.0 small-vehicle 1
974.0 1575.0 969.0 1574.0 970.0 1563.0 975.0 1564.0 small-vehicle 1
951.0 1574.0 945.0 1574.0 946.0 1562.0 951.0 1562.0 small-vehicle 1
1225.0 1553.0 1230.0 1553.0 1230.0 1565.0 1225.0 1566.0 small-vehicle 1
1187.0 1472.0 1182.0 1471.0 1182.0 1462.0 1187.0 1463.0 small-vehicle 1
1215.0 1461.0 1221.0 1460.0 1222.0 1472.0 1215.0 1472.0 small-vehicle 1
1211.0 1472.0 1205.0 1473.0 1205.0 1460.0 1211.0 1460.0 small-vehicle 1
1219.0 1440.0 1224.0 1439.0 1224.0 1449.0 1219.0 1449.0 small-vehicle 1
1136.0 1519.0 1136.0 1514.0 1146.0 1514.0 1146.0 1519.0 small-vehicle 1
1168.0 1395.0 1175.0 1395.0 1174.0 1407.0 1168.0 1408.0 small-vehicle 1
1161.0 1393.0 1155.0 1392.0 1155.0 1376.0 1161.0 1375.0 large-vehicle 0
1078.0 861.0 1075.0 858.0 1084.0 852.0 1087.0 856.0 small-vehicle 1
1074.0 835.0 1076.0 839.0 1067.0 846.0 1065.0 842.0 small-vehicle 1
1081.0 828.0 1085.0 831.0 1078.0 840.0 1074.0 835.0 small-vehicle 1
1120.0 546.0 1125.0 545.0 1125.0 557.0 1120.0 557.0 small-vehicle 1
1135.0 556.0 1130.0 555.0 1131.0 544.0 1136.0 544.0 small-vehicle 1
1137.0 545.0 1142.0 546.0 1141.0 556.0 1137.0 556.0 small-vehicle 1
1213.0 572.0 1218.0 572.0 1218.0 582.0 1214.0 583.0 small-vehicle 1
1218.0 573.0 1224.0 574.0 1224.0 583.0 1218.0 583.0 small-vehicle 1
1224.0 574.0 1230.0 574.0 1229.0 584.0 1223.0 584.0 small-vehicle 1
1137.0 1505.0 1137.0 1500.0 1147.0 1500.0 1147.0 1505.0 small-vehicle 1
1136.0 1528.0 1136.0 1523.0 1146.0 1523.0 1146.0 1529.0 small-vehicle 1
697.0 1183.0 691.0 1183.0 691.0 1173.0 696.0 1172.0 small-vehicle 1
710.0 1150.0 715.0 1150.0 715.0 1160.0 710.0 1161.0 small-vehicle 1
691.0 1183.0 686.0 1183.0 686.0 1173.0 691.0 1172.0 small-vehicle 1
686.0 1182.0 681.0 1183.0 681.0 1172.0 686.0 1171.0 small-vehicle 1
681.0 1184.0 677.0 1183.0 677.0 1174.0 681.0 1173.0 small-vehicle 1
676.0 1183.0 672.0 1183.0 671.0 1173.0 676.0 1172.0 small-vehicle 1
754.0 1163.0 749.0 1163.0 748.0 1151.0 753.0 1150.0 small-vehicle 1
743.0 1152.0 747.0 1151.0 749.0 1163.0 744.0 1163.0 small-vehicle 1
737.0 1153.0 743.0 1153.0 743.0 1163.0 738.0 1163.0 small-vehicle 1
738.0 1148.0 734.0 1148.0 734.0 1138.0 739.0 1138.0 small-vehicle 1
745.0 1148.0 739.0 1148.0 739.0 1138.0 744.0 1138.0 small-vehicle 1
734.0 1159.0 730.0 1159.0 729.0 1150.0 733.0 1150.0 small-vehicle 1
725.0 1160.0 720.0 1160.0 719.0 1150.0 724.0 1149.0 small-vehicle 1
706.0 1150.0 709.0 1150.0 710.0 1161.0 705.0 1161.0 small-vehicle 1
1138.0 1534.0 1138.0 1529.0 1146.0 1529.0 1146.0 1534.0 small-vehicle 1
697.0 1151.0 701.0 1151.0 701.0 1160.0 696.0 1160.0 small-vehicle 1
691.0 1150.0 697.0 1150.0 696.0 1160.0 691.0 1161.0 small-vehicle 1
695.0 1138.0 701.0 1138.0 701.0 1148.0 695.0 1148.0 small-vehicle 1
609.0 1335.0 615.0 1335.0 615.0 1346.0 609.0 1346.0 small-vehicle 1
606.0 1383.0 601.0 1382.0 601.0 1372.0 606.0 1371.0 small-vehicle 1
701.0 1580.0 701.0 1575.0 711.0 1576.0 711.0 1580.0 small-vehicle 1
822.0 1571.0 816.0 1570.0 817.0 1559.0 823.0 1559.0 small-vehicle 1
875.0 1386.0 876.0 1392.0 864.0 1395.0 863.0 1391.0 small-vehicle 1
1169.0 1534.0 1169.0 1538.0 1161.0 1539.0 1161.0 1534.0 small-vehicle 1
1169.0 1529.0 1170.0 1534.0 1160.0 1533.0 1161.0 1530.0 small-vehicle 1
1171.0 1525.0 1171.0 1529.0 1160.0 1529.0 1159.0 1525.0 small-vehicle 1
484.0 845.0 487.0 840.0 494.0 845.0 491.0 850.0 small-vehicle 1
541.0 1559.0 537.0 1560.0 536.0 1549.0 541.0 1549.0 small-vehicle 1
531.0 1554.0 535.0 1554.0 535.0 1563.0 532.0 1564.0 small-vehicle 1
488.0 665.0 490.0 661.0 507.0 665.0 506.0 671.0 ship 0
599.0 513.0 591.0 513.0 590.0 493.0 598.0 493.0 ship 0
579.0 538.0 580.0 530.0 597.0 529.0 597.0 538.0 ship 0
580.0 563.0 577.0 567.0 567.0 559.0 571.0 554.0 ship 1
345.0 707.0 338.0 714.0 326.0 702.0 333.0 695.0 ship 1
359.0 718.0 353.0 718.0 354.0 697.0 361.0 697.0 ship 0
416.0 709.0 410.0 710.0 406.0 696.0 412.0 693.0 ship 1
426.0 706.0 420.0 708.0 416.0 695.0 421.0 693.0 ship 1
430.0 685.0 436.0 682.0 447.0 699.0 440.0 702.0 ship 0
441.0 688.0 445.0 683.0 457.0 695.0 452.0 700.0 ship 0
463.0 672.0 469.0 669.0 479.0 688.0 473.0 691.0 ship 0
483.0 679.0 485.0 672.0 501.0 677.0 498.0 684.0 ship 0
492.0 651.0 496.0 646.0 514.0 658.0 511.0 663.0 ship 0
592.0 199.0 602.0 201.0 600.0 219.0 589.0 217.0 ship 1
521.0 648.0 518.0 654.0 503.0 642.0 508.0 637.0 ship 0
524.0 625.0 525.0 619.0 538.0 624.0 537.0 629.0 ship 1
546.0 611.0 545.0 617.0 525.0 610.0 528.0 604.0 ship 0
1250.0 1179.0 1271.0 1180.0 1271.0 1221.0 1250.0 1221.0 tennis-court 0
1063.0 1563.0 1057.0 1564.0 1057.0 1545.0 1062.0 1545.0 large-vehicle 0
142.0 257.0 147.0 256.0 148.0 264.0 145.0 265.0 small-vehicle 1
155.0 264.0 150.0 264.0 149.0 256.0 153.0 256.0 small-vehicle 1
188.0 259.0 192.0 259.0 192.0 267.0 189.0 267.0 small-vehicle 1
236.0 257.0 240.0 256.0 241.0 264.0 236.0 265.0 small-vehicle 1
326.0 235.0 321.0 237.0 319.0 225.0 323.0 224.0 small-vehicle 1
340.0 212.0 336.0 212.0 334.0 201.0 339.0 201.0 small-vehicle 1
596.0 464.0 601.0 465.0 600.0 478.0 594.0 477.0 ship 1
600.0 246.0 592.0 246.0 592.0 222.0 601.0 222.0 ship 0
470.0 231.0 466.0 228.0 472.0 220.0 476.0 222.0 small-vehicle 1
455.0 265.0 458.0 259.0 473.0 267.0 470.0 272.0 ship 0
780.0 873.0 725.0 815.0 784.0 769.0 835.0 816.0 baseball-diamond 0
817.0 933.0 861.0 895.0 891.0 934.0 854.0 971.0 baseball-diamond 0
779.0 982.0 828.0 1027.0 776.0 1073.0 731.0 1031.0 baseball-diamond 0
1497.0 408.0 1496.0 413.0 1483.0 414.0 1482.0 408.0 large-vehicle 1
1183.0 1561.0 1184.0 1555.0 1198.0 1556.0 1198.0 1562.0 large-vehicle 1
1277.0 1180.0 1295.0 1180.0 1295.0 1221.0 1276.0 1221.0 tennis-court 0
524.0 375.0 524.0 435.0 609.0 432.0 607.0 370.0 bridge 0
724.0 79.0 746.0 79.0 746.0 98.0 724.0 98.0 storage-tank 0
465.0 258.0 468.0 251.0 485.0 261.0 481.0 267.0 ship 0
480.0 239.0 484.0 236.0 491.0 245.0 487.0 248.0 ship 1
485.0 235.0 488.0 230.0 500.0 239.0 497.0 243.0 ship 1
460.0 283.0 460.0 278.0 471.0 280.0 470.0 284.0 ship 1
599.0 276.0 592.0 275.0 594.0 259.0 600.0 259.0 ship 1
482.0 291.0 482.0 298.0 460.0 298.0 461.0 290.0 ship 0
463.0 310.0 464.0 303.0 485.0 304.0 485.0 309.0 ship 0
468.0 328.0 468.0 320.0 495.0 321.0 494.0 328.0 ship 0
491.0 333.0 493.0 340.0 472.0 344.0 470.0 336.0 ship 0
494.0 353.0 495.0 359.0 474.0 359.0 474.0 352.0 ship 0
484.0 366.0 483.0 361.0 498.0 360.0 498.0 365.0 ship 0
480.0 371.0 480.0 366.0 501.0 365.0 501.0 371.0 ship 0
529.0 358.0 528.0 370.0 509.0 370.0 508.0 357.0 ship 1
597.0 351.0 602.0 352.0 601.0 366.0 595.0 365.0 ship 1
600.0 340.0 594.0 341.0 594.0 323.0 600.0 323.0 ship 0
600.0 309.0 592.0 308.0 592.0 286.0 600.0 286.0 ship 0
465.0 214.0 470.0 218.0 464.0 225.0 460.0 222.0 small-vehicle 1
474.0 236.0 470.0 233.0 477.0 224.0 480.0 228.0 small-vehicle 1
531.0 1559.0 526.0 1557.0 526.0 1548.0 531.0 1548.0 small-vehicle 1
360.0 741.0 359.0 738.0 370.0 735.0 371.0 739.0 small-vehicle 1
275.0 514.0 278.0 510.0 285.0 516.0 283.0 519.0 small-vehicle 1
268.0 515.0 270.0 511.0 277.0 517.0 275.0 520.0 small-vehicle 1
266.0 523.0 269.0 519.0 277.0 523.0 276.0 526.0 small-vehicle 1
279.0 530.0 276.0 533.0 269.0 528.0 271.0 525.0 small-vehicle 1
279.0 535.0 278.0 539.0 270.0 534.0 271.0 530.0 small-vehicle 1
283.0 544.0 280.0 546.0 272.0 540.0 274.0 538.0 small-vehicle 1
438.0 720.0 433.0 721.0 431.0 713.0 436.0 712.0 small-vehicle 1
418.0 715.0 421.0 714.0 423.0 722.0 419.0 723.0 small-vehicle 1
413.0 716.0 418.0 715.0 420.0 725.0 416.0 725.0 small-vehicle 1
405.0 720.0 409.0 719.0 412.0 728.0 408.0 730.0 small-vehicle 1
362.0 736.0 360.0 731.0 367.0 728.0 369.0 733.0 small-vehicle 1
440.0 748.0 444.0 745.0 448.0 751.0 445.0 753.0 small-vehicle 1
278.0 528.0 280.0 526.0 288.0 532.0 286.0 534.0 small-vehicle 1
451.0 745.0 455.0 741.0 460.0 749.0 456.0 751.0 small-vehicle 1
456.0 742.0 460.0 738.0 465.0 746.0 461.0 748.0 small-vehicle 1
119.0 980.0 118.0 985.0 106.0 982.0 108.0 976.0 small-vehicle 1
78.0 1029.0 78.0 1026.0 91.0 1026.0 91.0 1030.0 small-vehicle 1
77.0 1182.0 77.0 1177.0 87.0 1177.0 86.0 1182.0 small-vehicle 1
78.0 1220.0 78.0 1215.0 87.0 1216.0 86.0 1220.0 small-vehicle 1
82.0 1363.0 82.0 1356.0 91.0 1357.0 91.0 1363.0 small-vehicle 1
83.0 1439.0 82.0 1434.0 92.0 1435.0 92.0 1439.0 small-vehicle 1
522.0 1546.0 516.0 1546.0 517.0 1535.0 522.0 1536.0 small-vehicle 1
521.0 1549.0 525.0 1549.0 526.0 1560.0 521.0 1560.0 small-vehicle 1
512.0 1550.0 517.0 1550.0 517.0 1559.0 512.0 1559.0 small-vehicle 1
287.0 524.0 285.0 528.0 277.0 523.0 280.0 519.0 small-vehicle 1
281.0 538.0 283.0 533.0 292.0 538.0 289.0 542.0 small-vehicle 1
449.0 270.0 453.0 270.0 454.0 279.0 450.0 279.0 small-vehicle 1
170.0 469.0 172.0 473.0 163.0 476.0 161.0 472.0 small-vehicle 1
445.0 368.0 446.0 371.0 438.0 373.0 438.0 369.0 small-vehicle 1
449.0 397.0 448.0 392.0 458.0 391.0 459.0 396.0 small-vehicle 1
488.0 401.0 487.0 396.0 496.0 395.0 497.0 400.0 small-vehicle 1
466.0 422.0 466.0 425.0 457.0 427.0 456.0 423.0 small-vehicle 1
436.0 404.0 435.0 399.0 443.0 398.0 444.0 404.0 small-vehicle 1
397.0 407.0 397.0 403.0 405.0 403.0 404.0 407.0 small-vehicle 1
405.0 399.0 405.0 395.0 414.0 395.0 415.0 399.0 small-vehicle 1
346.0 435.0 346.0 431.0 356.0 431.0 356.0 435.0 small-vehicle 1
315.0 440.0 315.0 435.0 325.0 433.0 326.0 438.0 small-vehicle 1
281.0 441.0 282.0 445.0 275.0 448.0 273.0 443.0 small-vehicle 1
280.0 423.0 279.0 418.0 288.0 417.0 288.0 421.0 small-vehicle 1
98.0 489.0 98.0 493.0 88.0 495.0 87.0 490.0 small-vehicle 1
282.0 542.0 284.0 539.0 292.0 544.0 290.0 548.0 small-vehicle 1
230.0 452.0 231.0 457.0 222.0 460.0 220.0 455.0 small-vehicle 1
249.0 501.0 248.0 497.0 256.0 493.0 257.0 497.0 small-vehicle 1
253.0 516.0 249.0 513.0 254.0 506.0 258.0 508.0 small-vehicle 1
253.0 527.0 248.0 524.0 253.0 516.0 258.0 519.0 small-vehicle 1
256.0 538.0 252.0 535.0 258.0 529.0 261.0 531.0 small-vehicle 1
259.0 545.0 255.0 543.0 258.0 534.0 262.0 536.0 small-vehicle 1
259.0 567.0 256.0 564.0 262.0 556.0 266.0 559.0 small-vehicle 1
285.0 561.0 283.0 565.0 275.0 562.0 276.0 558.0 small-vehicle 1
283.0 555.0 280.0 559.0 273.0 555.0 275.0 550.0 small-vehicle 1
296.0 557.0 293.0 559.0 285.0 555.0 288.0 552.0 small-vehicle 1
287.0 550.0 289.0 547.0 295.0 551.0 294.0 555.0 small-vehicle 1
747.0 406.0 747.0 410.0 738.0 410.0 738.0 405.0 small-vehicle 1
854.0 397.0 854.0 400.0 845.0 401.0 845.0 397.0 small-vehicle 1
854.0 403.0 853.0 409.0 842.0 407.0 843.0 402.0 small-vehicle 1
1398.0 1409.0 1401.0 1404.0 1408.0 1410.0 1406.0 1415.0 small-vehicle 1
1478.0 1554.0 1478.0 1549.0 1490.0 1549.0 1490.0 1553.0 small-vehicle 1
1493.0 1559.0 1493.0 1566.0 1480.0 1564.0 1480.0 1559.0 small-vehicle 1
1484.0 1578.0 1478.0 1577.0 1479.0 1566.0 1484.0 1566.0 small-vehicle 1
1473.0 1576.0 1467.0 1576.0 1467.0 1566.0 1473.0 1566.0 small-vehicle 1
1443.0 1532.0 1443.0 1527.0 1453.0 1527.0 1453.0 1532.0 small-vehicle 1
1441.0 1521.0 1442.0 1517.0 1453.0 1519.0 1453.0 1523.0 small-vehicle 1
1319.0 1528.0 1319.0 1521.0 1333.0 1522.0 1333.0 1528.0 small-vehicle 1
1399.0 1441.0 1403.0 1440.0 1404.0 1451.0 1400.0 1450.0 small-vehicle 1
1406.0 1432.0 1404.0 1435.0 1398.0 1429.0 1401.0 1425.0 small-vehicle 1
1398.0 1422.0 1401.0 1418.0 1408.0 1422.0 1406.0 1427.0 small-vehicle 1
1398.0 1415.0 1401.0 1411.0 1408.0 1417.0 1407.0 1422.0 small-vehicle 1
1398.0 1401.0 1401.0 1397.0 1407.0 1403.0 1404.0 1406.0 small-vehicle 1
1480.0 1530.0 1485.0 1526.0 1493.0 1533.0 1489.0 1537.0 small-vehicle 1
1392.0 1360.0 1398.0 1359.0 1397.0 1369.0 1393.0 1369.0 small-vehicle 1
1402.0 1357.0 1407.0 1357.0 1408.0 1370.0 1402.0 1370.0 small-vehicle 1
1393.0 1250.0 1398.0 1250.0 1399.0 1261.0 1393.0 1260.0 small-vehicle 1
1404.0 1240.0 1409.0 1241.0 1409.0 1248.0 1404.0 1249.0 small-vehicle 1
1404.0 1228.0 1410.0 1229.0 1407.0 1239.0 1402.0 1238.0 small-vehicle 1
1404.0 1272.0 1408.0 1271.0 1408.0 1282.0 1403.0 1282.0 small-vehicle 1
1404.0 1190.0 1410.0 1190.0 1410.0 1205.0 1404.0 1204.0 small-vehicle 1
1405.0 1177.0 1410.0 1177.0 1410.0 1189.0 1404.0 1189.0 small-vehicle 1
1403.0 1132.0 1409.0 1132.0 1409.0 1144.0 1404.0 1144.0 small-vehicle 1
1410.0 1124.0 1405.0 1124.0 1404.0 1111.0 1410.0 1111.0 small-vehicle 1
1415.0 1074.0 1420.0 1074.0 1420.0 1083.0 1415.0 1082.0 small-vehicle 1
1479.0 1542.0 1478.0 1538.0 1489.0 1537.0 1490.0 1543.0 small-vehicle 1
1441.0 1516.0 1441.0 1511.0 1451.0 1511.0 1451.0 1516.0 small-vehicle 1
1420.0 1073.0 1425.0 1073.0 1424.0 1085.0 1420.0 1085.0 small-vehicle 1
1428.0 1576.0 1423.0 1576.0 1424.0 1566.0 1428.0 1568.0 small-vehicle 1
1328.0 1529.0 1328.0 1534.0 1319.0 1533.0 1319.0 1529.0 small-vehicle 1
1283.0 1564.0 1278.0 1564.0 1277.0 1554.0 1283.0 1554.0 small-vehicle 1
1354.0 1565.0 1348.0 1565.0 1349.0 1556.0 1353.0 1556.0 small-vehicle 1
1368.0 1557.0 1373.0 1556.0 1373.0 1567.0 1369.0 1567.0 small-vehicle 1
1363.0 1558.0 1368.0 1557.0 1369.0 1567.0 1364.0 1567.0 small-vehicle 1
1358.0 1559.0 1363.0 1559.0 1364.0 1567.0 1360.0 1567.0 small-vehicle 1
1248.0 1556.0 1254.0 1555.0 1255.0 1565.0 1250.0 1565.0 small-vehicle 1
1314.0 1439.0 1319.0 1439.0 1319.0 1451.0 1314.0 1451.0 small-vehicle 1
1324.0 1439.0 1329.0 1439.0 1329.0 1451.0 1324.0 1450.0 small-vehicle 1
1333.0 1475.0 1328.0 1474.0 1329.0 1464.0 1334.0 1464.0 small-vehicle 1
1422.0 1576.0 1417.0 1576.0 1417.0 1566.0 1423.0 1566.0 small-vehicle 1
1428.0 1567.0 1433.0 1567.0 1433.0 1577.0 1428.0 1577.0 small-vehicle 1
1437.0 1504.0 1439.0 1509.0 1431.0 1513.0 1429.0 1507.0 small-vehicle 1
1445.0 1576.0 1439.0 1576.0 1440.0 1567.0 1445.0 1567.0 small-vehicle 1
1439.0 1577.0 1434.0 1577.0 1434.0 1567.0 1439.0 1567.0 small-vehicle 1
1450.0 1567.0 1454.0 1567.0 1455.0 1578.0 1450.0 1578.0 small-vehicle 1
1455.0 1567.0 1460.0 1567.0 1459.0 1577.0 1455.0 1577.0 small-vehicle 1
1408.0 1553.0 1408.0 1548.0 1419.0 1549.0 1420.0 1554.0 small-vehicle 1
1449.0 1555.0 1450.0 1560.0 1439.0 1560.0 1439.0 1555.0 small-vehicle 1
1450.0 1542.0 1451.0 1546.0 1440.0 1546.0 1440.0 1542.0 small-vehicle 1
1451.0 1536.0 1451.0 1541.0 1440.0 1540.0 1440.0 1536.0 small-vehicle 1
1410.0 1545.0 1409.0 1540.0 1421.0 1538.0 1421.0 1544.0 small-vehicle 1
1416.0 1505.0 1411.0 1505.0 1411.0 1494.0 1416.0 1494.0 small-vehicle 1
1421.0 1505.0 1416.0 1505.0 1415.0 1494.0 1421.0 1494.0 small-vehicle 1
1429.0 1085.0 1425.0 1084.0 1425.0 1074.0 1429.0 1074.0 small-vehicle 1
1434.0 1084.0 1430.0 1083.0 1429.0 1073.0 1435.0 1073.0 small-vehicle 1
1330.0 1494.0 1330.0 1499.0 1321.0 1498.0 1321.0 1493.0 small-vehicle 1
1487.0 504.0 1485.0 499.0 1495.0 497.0 1497.0 502.0 small-vehicle 1
1483.0 657.0 1483.0 652.0 1492.0 653.0 1492.0 658.0 small-vehicle 1
1480.0 940.0 1475.0 940.0 1474.0 930.0 1478.0 930.0 small-vehicle 1
1470.0 942.0 1465.0 941.0 1464.0 927.0 1470.0 928.0 small-vehicle 1
1475.0 857.0 1480.0 856.0 1480.0 870.0 1475.0 870.0 small-vehicle 1
1471.0 858.0 1475.0 858.0 1475.0 870.0 1470.0 870.0 small-vehicle 1
1429.0 486.0 1434.0 485.0 1437.0 493.0 1432.0 495.0 small-vehicle 1
1456.0 502.0 1456.0 508.0 1445.0 508.0 1445.0 501.0 small-vehicle 1
1431.0 515.0 1431.0 509.0 1443.0 509.0 1442.0 515.0 small-vehicle 1
1411.0 536.0 1417.0 536.0 1417.0 544.0 1412.0 544.0 small-vehicle 1
1483.0 500.0 1482.0 505.0 1471.0 502.0 1471.0 497.0 small-vehicle 1
1474.0 499.0 1474.0 493.0 1483.0 493.0 1484.0 498.0 small-vehicle 1
1494.0 489.0 1493.0 494.0 1477.0 492.0 1478.0 489.0 small-vehicle 1
1311.0 742.0 1311.0 735.0 1324.0 736.0 1325.0 742.0 small-vehicle 1
1483.0 485.0 1484.0 489.0 1474.0 489.0 1475.0 485.0 small-vehicle 1
1483.0 481.0 1483.0 486.0 1473.0 485.0 1473.0 481.0 small-vehicle 1
1494.0 476.0 1495.0 481.0 1483.0 480.0 1483.0 476.0 small-vehicle 1
1436.0 486.0 1440.0 484.0 1443.0 494.0 1439.0 496.0 small-vehicle 1
1448.0 486.0 1453.0 485.0 1456.0 495.0 1451.0 496.0 small-vehicle 1
1461.0 492.0 1457.0 494.0 1453.0 486.0 1457.0 484.0 small-vehicle 1
1442.0 486.0 1447.0 484.0 1451.0 494.0 1446.0 495.0 small-vehicle 1
290.0 502.0 296.0 502.0 300.0 517.0 293.0 519.0 large-vehicle 1
445.0 552.0 446.0 557.0 434.0 558.0 434.0 554.0 small-vehicle 1
472.0 548.0 474.0 543.0 487.0 550.0 486.0 555.0 small-vehicle 1
72.0 633.0 73.0 628.0 83.0 629.0 82.0 634.0 small-vehicle 1
1333.0 742.0 1334.0 736.0 1349.0 736.0 1349.0 743.0 small-vehicle 1
1304.0 755.0 1300.0 750.0 1310.0 744.0 1314.0 749.0 small-vehicle 1
1448.0 1079.0 1443.0 1078.0 1443.0 1065.0 1448.0 1066.0 small-vehicle 1
1408.0 1009.0 1413.0 1010.0 1413.0 1019.0 1408.0 1019.0 small-vehicle 1
1461.0 1073.0 1458.0 1077.0 1451.0 1069.0 1454.0 1066.0 small-vehicle 1
1465.0 1075.0 1470.0 1075.0 1470.0 1084.0 1465.0 1084.0 small-vehicle 1
1470.0 1074.0 1475.0 1073.0 1475.0 1085.0 1470.0 1085.0 small-vehicle 1
1484.0 1075.0 1489.0 1075.0 1488.0 1084.0 1484.0 1085.0 small-vehicle 1
1498.0 1085.0 1493.0 1085.0 1493.0 1075.0 1498.0 1075.0 small-vehicle 1
1444.0 1027.0 1448.0 1024.0 1454.0 1034.0 1451.0 1036.0 small-vehicle 1
1453.0 1027.0 1458.0 1024.0 1463.0 1033.0 1458.0 1036.0 small-vehicle 1
1460.0 1028.0 1464.0 1025.0 1468.0 1034.0 1464.0 1036.0 small-vehicle 1
1463.0 1026.0 1467.0 1025.0 1471.0 1034.0 1468.0 1035.0 small-vehicle 1
1468.0 1026.0 1472.0 1025.0 1476.0 1034.0 1473.0 1035.0 small-vehicle 1
1483.0 1026.0 1486.0 1021.0 1496.0 1026.0 1493.0 1031.0 small-vehicle 1
1412.0 1010.0 1417.0 1010.0 1417.0 1019.0 1412.0 1019.0 small-vehicle 1
1486.0 861.0 1491.0 862.0 1491.0 872.0 1487.0 872.0 small-vehicle 1
1408.0 992.0 1413.0 993.0 1413.0 1002.0 1408.0 1003.0 small-vehicle 1
1500.0 1005.0 1495.0 1005.0 1495.0 994.0 1499.0 994.0 small-vehicle 1
1489.0 984.0 1493.0 983.0 1495.0 995.0 1490.0 995.0 small-vehicle 1
1494.0 984.0 1498.0 983.0 1499.0 994.0 1495.0 994.0 small-vehicle 1
1443.0 930.0 1447.0 930.0 1447.0 939.0 1443.0 939.0 small-vehicle 1
1449.0 929.0 1454.0 929.0 1454.0 940.0 1449.0 940.0 small-vehicle 1
1486.0 929.0 1492.0 930.0 1493.0 939.0 1487.0 940.0 small-vehicle 1
1427.0 905.0 1421.0 905.0 1422.0 893.0 1427.0 893.0 small-vehicle 1
1426.0 880.0 1422.0 880.0 1423.0 871.0 1426.0 870.0 small-vehicle 1
1439.0 857.0 1445.0 856.0 1446.0 870.0 1440.0 870.0 small-vehicle 1
1481.0 861.0 1486.0 861.0 1486.0 872.0 1481.0 872.0 small-vehicle 1
1330.0 1504.0 1330.0 1507.0 1320.0 1509.0 1320.0 1505.0 small-vehicle 1
1279.0 1509.0 1277.0 1504.0 1286.0 1499.0 1287.0 1503.0 small-vehicle 1
1117.0 453.0 1112.0 453.0 1112.0 443.0 1117.0 443.0 small-vehicle 1
1436.0 435.0 1440.0 433.0 1445.0 441.0 1442.0 444.0 small-vehicle 1
1319.0 599.0 1325.0 599.0 1324.0 610.0 1319.0 610.0 small-vehicle 1
1321.0 579.0 1326.0 579.0 1325.0 593.0 1321.0 593.0 small-vehicle 1
1240.0 538.0 1241.0 534.0 1250.0 533.0 1250.0 538.0 small-vehicle 1
1447.0 251.0 1451.0 250.0 1453.0 260.0 1449.0 261.0 small-vehicle 1
1479.0 269.0 1474.0 268.0 1474.0 260.0 1479.0 260.0 small-vehicle 1
1441.0 408.0 1440.0 413.0 1430.0 413.0 1430.0 408.0 small-vehicle 1
1463.0 407.0 1463.0 413.0 1451.0 412.0 1451.0 408.0 small-vehicle 1
1361.0 441.0 1366.0 441.0 1366.0 452.0 1361.0 452.0 small-vehicle 1
1453.0 432.0 1458.0 429.0 1463.0 439.0 1459.0 442.0 small-vehicle 1
1449.0 434.0 1452.0 432.0 1456.0 439.0 1453.0 441.0 small-vehicle 1
1442.0 434.0 1447.0 432.0 1451.0 439.0 1448.0 442.0 small-vehicle 1
1439.0 441.0 1436.0 443.0 1431.0 434.0 1434.0 432.0 small-vehicle 1
1313.0 578.0 1318.0 578.0 1318.0 590.0 1313.0 590.0 small-vehicle 1
1423.0 435.0 1428.0 431.0 1433.0 440.0 1428.0 443.0 small-vehicle 1
1413.0 442.0 1418.0 442.0 1418.0 451.0 1414.0 451.0 small-vehicle 1
1413.0 458.0 1419.0 457.0 1418.0 468.0 1415.0 469.0 small-vehicle 1
1396.0 492.0 1390.0 491.0 1391.0 481.0 1396.0 480.0 small-vehicle 1
1396.0 509.0 1390.0 509.0 1390.0 495.0 1397.0 495.0 small-vehicle 1
1395.0 545.0 1391.0 545.0 1390.0 534.0 1395.0 534.0 small-vehicle 1
1414.0 496.0 1418.0 496.0 1418.0 505.0 1414.0 504.0 small-vehicle 1
1418.0 494.0 1414.0 494.0 1414.0 485.0 1419.0 484.0 small-vehicle 1
1426.0 449.0 1430.0 451.0 1426.0 459.0 1422.0 457.0 small-vehicle 1
1432.0 447.0 1437.0 451.0 1431.0 459.0 1428.0 456.0 small-vehicle 1
1438.0 448.0 1443.0 452.0 1438.0 460.0 1433.0 457.0 small-vehicle 1
1313.0 597.0 1318.0 596.0 1318.0 606.0 1313.0 606.0 small-vehicle 1
1305.0 542.0 1301.0 541.0 1300.0 532.0 1305.0 533.0 small-vehicle 1
1451.0 449.0 1456.0 452.0 1451.0 459.0 1447.0 456.0 small-vehicle 1
1251.0 425.0 1256.0 425.0 1255.0 436.0 1251.0 436.0 small-vehicle 1
1098.0 403.0 1098.0 406.0 1088.0 407.0 1088.0 403.0 small-vehicle 1
1139.0 404.0 1139.0 408.0 1129.0 409.0 1130.0 404.0 small-vehicle 1
1168.0 408.0 1168.0 404.0 1179.0 404.0 1180.0 409.0 small-vehicle 1
1203.0 431.0 1198.0 429.0 1201.0 420.0 1206.0 421.0 small-vehicle 1
1228.0 455.0 1223.0 455.0 1223.0 447.0 1228.0 446.0 small-vehicle 1
1227.0 424.0 1231.0 424.0 1231.0 434.0 1227.0 434.0 small-vehicle 1
1232.0 424.0 1237.0 424.0 1237.0 434.0 1232.0 434.0 small-vehicle 1
1242.0 434.0 1237.0 434.0 1237.0 424.0 1242.0 424.0 small-vehicle 1
1241.0 398.0 1241.0 403.0 1229.0 403.0 1228.0 398.0 small-vehicle 1
1320.0 399.0 1320.0 404.0 1309.0 405.0 1309.0 400.0 small-vehicle 1
1246.0 425.0 1251.0 425.0 1251.0 435.0 1246.0 435.0 small-vehicle 1
1248.0 456.0 1243.0 456.0 1243.0 444.0 1248.0 444.0 small-vehicle 1
1300.0 543.0 1295.0 543.0 1295.0 533.0 1300.0 533.0 small-vehicle 1
1257.0 456.0 1252.0 456.0 1253.0 446.0 1258.0 445.0 small-vehicle 1
1263.0 457.0 1258.0 457.0 1258.0 445.0 1264.0 445.0 small-vehicle 1
1287.0 442.0 1287.0 449.0 1274.0 449.0 1274.0 443.0 small-vehicle 1
1276.0 456.0 1276.0 451.0 1287.0 451.0 1287.0 456.0 small-vehicle 1
1275.0 542.0 1270.0 542.0 1271.0 532.0 1275.0 532.0 small-vehicle 1
1344.0 442.0 1349.0 441.0 1348.0 452.0 1343.0 452.0 small-vehicle 1
1304.0 518.0 1308.0 518.0 1308.0 532.0 1303.0 531.0 small-vehicle 1
1275.0 533.0 1280.0 532.0 1280.0 543.0 1275.0 543.0 small-vehicle 1
1281.0 533.0 1286.0 533.0 1285.0 542.0 1281.0 543.0 small-vehicle 1
1285.0 534.0 1291.0 533.0 1290.0 543.0 1285.0 543.0 small-vehicle 1
1291.0 533.0 1296.0 533.0 1295.0 544.0 1291.0 543.0 small-vehicle 1
1445.0 449.0 1450.0 451.0 1444.0 460.0 1440.0 457.0 small-vehicle 1
1458.0 448.0 1463.0 452.0 1457.0 461.0 1453.0 457.0 small-vehicle 1
1279.0 1499.0 1276.0 1493.0 1285.0 1489.0 1287.0 1495.0 small-vehicle 1
1213.0 1262.0 1219.0 1263.0 1216.0 1272.0 1212.0 1271.0 small-vehicle 1
1325.0 1070.0 1325.0 1066.0 1334.0 1066.0 1334.0 1070.0 small-vehicle 1
1326.0 1090.0 1326.0 1085.0 1336.0 1084.0 1336.0 1089.0 small-vehicle 1
1300.0 1100.0 1300.0 1095.0 1313.0 1095.0 1313.0 1101.0 small-vehicle 1
1360.0 1061.0 1361.0 1057.0 1371.0 1058.0 1371.0 1061.0 small-vehicle 1
1362.0 1066.0 1361.0 1060.0 1371.0 1061.0 1371.0 1066.0 small-vehicle 1
1336.0 1183.0 1336.0 1178.0 1346.0 1178.0 1346.0 1183.0 small-vehicle 1
1336.0 1202.0 1336.0 1197.0 1346.0 1197.0 1346.0 1202.0 small-vehicle 1
1336.0 1207.0 1336.0 1202.0 1346.0 1203.0 1346.0 1207.0 small-vehicle 1
1335.0 1230.0 1335.0 1226.0 1345.0 1226.0 1345.0 1230.0 small-vehicle 1
1345.0 1232.0 1345.0 1236.0 1334.0 1236.0 1334.0 1232.0 small-vehicle 1
1334.0 1241.0 1335.0 1237.0 1344.0 1237.0 1344.0 1241.0 small-vehicle 1
1219.0 1264.0 1223.0 1265.0 1221.0 1275.0 1216.0 1274.0 small-vehicle 1
1325.0 1061.0 1325.0 1056.0 1336.0 1056.0 1336.0 1061.0 small-vehicle 1
1358.0 1223.0 1352.0 1222.0 1353.0 1207.0 1358.0 1207.0 large-vehicle 1
1357.0 1229.0 1358.0 1224.0 1369.0 1225.0 1368.0 1231.0 small-vehicle 1
1358.0 1238.0 1359.0 1233.0 1370.0 1234.0 1370.0 1240.0 small-vehicle 1
1359.0 1244.0 1360.0 1239.0 1370.0 1240.0 1369.0 1245.0 small-vehicle 1
1360.0 1249.0 1360.0 1244.0 1369.0 1245.0 1369.0 1250.0 small-vehicle 1
1360.0 1255.0 1360.0 1250.0 1370.0 1250.0 1370.0 1255.0 small-vehicle 1
1361.0 1260.0 1361.0 1255.0 1369.0 1255.0 1370.0 1258.0 small-vehicle 1
1352.0 1337.0 1358.0 1337.0 1358.0 1350.0 1352.0 1350.0 small-vehicle 1
1257.0 1475.0 1252.0 1474.0 1252.0 1464.0 1258.0 1464.0 small-vehicle 1
1266.0 1474.0 1261.0 1473.0 1261.0 1462.0 1267.0 1462.0 small-vehicle 1
1280.0 1462.0 1285.0 1462.0 1285.0 1474.0 1280.0 1475.0 small-vehicle 1
1335.0 1061.0 1335.0 1065.0 1325.0 1065.0 1325.0 1061.0 small-vehicle 1
1335.0 1047.0 1335.0 1052.0 1325.0 1053.0 1324.0 1048.0 small-vehicle 1
1463.0 452.0 1468.0 454.0 1465.0 460.0 1460.0 459.0 small-vehicle 1
1290.0 911.0 1288.0 905.0 1296.0 901.0 1299.0 907.0 small-vehicle 1
1428.0 463.0 1433.0 462.0 1438.0 472.0 1434.0 474.0 small-vehicle 1
1436.0 464.0 1440.0 462.0 1445.0 471.0 1440.0 474.0 small-vehicle 1
1442.0 464.0 1447.0 462.0 1451.0 470.0 1447.0 472.0 small-vehicle 1
1394.0 575.0 1390.0 575.0 1389.0 563.0 1394.0 564.0 small-vehicle 1
1311.0 469.0 1306.0 472.0 1300.0 462.0 1306.0 459.0 small-vehicle 1
1383.0 711.0 1388.0 712.0 1388.0 722.0 1383.0 721.0 small-vehicle 1
1384.0 769.0 1384.0 775.0 1371.0 775.0 1371.0 770.0 small-vehicle 1
1307.0 740.0 1307.0 746.0 1293.0 746.0 1293.0 740.0 small-vehicle 1
1377.0 805.0 1377.0 799.0 1388.0 798.0 1388.0 803.0 small-vehicle 1
1367.0 845.0 1372.0 844.0 1374.0 853.0 1370.0 856.0 small-vehicle 1
1398.0 877.0 1403.0 877.0 1403.0 892.0 1397.0 891.0 small-vehicle 1
1288.0 903.0 1286.0 897.0 1294.0 891.0 1296.0 896.0 small-vehicle 1
1326.0 1041.0 1326.0 1036.0 1337.0 1036.0 1336.0 1042.0 small-vehicle 1
1303.0 963.0 1303.0 957.0 1312.0 959.0 1312.0 963.0 small-vehicle 1
1301.0 973.0 1301.0 968.0 1311.0 968.0 1311.0 973.0 small-vehicle 1
1336.0 981.0 1334.0 986.0 1324.0 985.0 1325.0 979.0 small-vehicle 1
1301.0 1035.0 1302.0 1029.0 1310.0 1029.0 1311.0 1035.0 small-vehicle 1
1301.0 1049.0 1300.0 1044.0 1311.0 1045.0 1311.0 1050.0 small-vehicle 1
1301.0 1059.0 1300.0 1054.0 1310.0 1053.0 1311.0 1058.0 small-vehicle 1
1309.0 1058.0 1310.0 1063.0 1300.0 1064.0 1300.0 1060.0 small-vehicle 1
1337.0 982.0 1338.0 976.0 1346.0 977.0 1346.0 981.0 small-vehicle 1
1346.0 986.0 1346.0 991.0 1336.0 989.0 1336.0 985.0 small-vehicle 1
1346.0 990.0 1346.0 995.0 1337.0 995.0 1335.0 991.0 small-vehicle 1
1336.0 1029.0 1336.0 1034.0 1323.0 1034.0 1324.0 1029.0 small-vehicle 1
994.0 1342.0 986.0 1266.0 1062.0 1260.0 1071.0 1332.0 baseball-diamond 0
