imagesource:GoogleEarth
gsd:0.582288368187
281.0 1034.0 287.0 1032.0 289.0 1044.0 283.0 1046.0 small-vehicle 1
67.0 8.0 76.0 7.0 80.0 20.0 71.0 23.0 small-vehicle 1
146.0 349.0 153.0 347.0 159.0 378.0 152.0 381.0 large-vehicle 1
201.0 589.0 208.0 587.0 217.0 627.0 211.0 628.0 large-vehicle 0
192.0 835.0 225.0 835.0 239.0 905.0 205.0 903.0 bridge 0
234.0 836.0 266.0 837.0 280.0 906.0 247.0 904.0 bridge 0
96.0 83.0 104.0 79.0 110.0 101.0 101.0 102.0 large-vehicle 0
88.0 72.0 92.0 69.0 97.0 83.0 90.0 85.0 small-vehicle 1
30.0 26.0 37.0 25.0 41.0 38.0 35.0 39.0 small-vehicle 1
248.0 877.0 254.0 876.0 257.0 887.0 251.0 888.0 small-vehicle 1
108.0 332.0 99.0 332.0 97.0 319.0 104.0 317.0 small-vehicle 1
162.0 424.0 170.0 422.0 174.0 443.0 166.0 442.0 large-vehicle 0
180.0 489.0 188.0 487.0 191.0 506.0 185.0 506.0 large-vehicle 0
181.0 533.0 189.0 531.0 193.0 543.0 186.0 543.0 small-vehicle 1
177.0 540.0 185.0 539.0 188.0 550.0 181.0 550.0 small-vehicle 1
239.0 775.0 245.0 775.0 248.0 785.0 243.0 786.0 small-vehicle 1
109.0 171.0 115.0 169.0 126.0 212.0 120.0 213.0 large-vehicle 0
