imagesource:GoogleEarth
gsd:0.57517310897
416.0 266.0 410.0 266.0 410.0 254.0 416.0 254.0 small-vehicle 1
404.0 256.0 410.0 256.0 410.0 265.0 405.0 265.0 small-vehicle 1
399.0 233.0 404.0 234.0 404.0 241.0 399.0 241.0 small-vehicle 1
388.0 232.0 394.0 233.0 394.0 241.0 389.0 240.0 small-vehicle 1
387.0 266.0 383.0 266.0 382.0 254.0 386.0 254.0 small-vehicle 1
381.0 264.0 377.0 264.0 376.0 254.0 380.0 254.0 small-vehicle 1
376.0 264.0 371.0 264.0 371.0 254.0 375.0 254.0 small-vehicle 1
370.0 264.0 364.0 264.0 364.0 254.0 369.0 254.0 small-vehicle 1
363.0 265.0 359.0 264.0 358.0 253.0 363.0 254.0 small-vehicle 1
357.0 241.0 357.0 246.0 349.0 246.0 349.0 241.0 small-vehicle 1
357.0 234.0 357.0 239.0 349.0 238.0 349.0 234.0 small-vehicle 1
357.0 223.0 357.0 227.0 349.0 227.0 349.0 222.0 small-vehicle 1
358.0 211.0 358.0 216.0 350.0 216.0 350.0 211.0 small-vehicle 1
384.0 465.0 387.0 460.0 394.0 467.0 391.0 471.0 small-vehicle 1
311.0 453.0 308.0 456.0 300.0 450.0 303.0 447.0 small-vehicle 1
370.0 500.0 369.0 503.0 358.0 498.0 361.0 494.0 small-vehicle 1
174.0 350.0 171.0 353.0 161.0 347.0 166.0 342.0 small-vehicle 1
167.0 336.0 165.0 342.0 156.0 335.0 159.0 330.0 small-vehicle 1
160.0 323.0 158.0 328.0 148.0 320.0 151.0 316.0 small-vehicle 1
91.0 269.0 87.0 273.0 80.0 267.0 83.0 263.0 small-vehicle 1
32.0 239.0 29.0 244.0 22.0 239.0 24.0 233.0 small-vehicle 1
243.0 110.0 247.0 109.0 248.0 119.0 243.0 119.0 small-vehicle 1
239.0 112.0 233.0 111.0 234.0 102.0 239.0 102.0 small-vehicle 1
252.0 86.0 257.0 86.0 258.0 98.0 251.0 98.0 small-vehicle 1
259.0 65.0 264.0 65.0 263.0 76.0 259.0 76.0 small-vehicle 1
234.0 27.0 228.0 27.0 226.0 14.0 234.0 14.0 small-vehicle 1
352.0 787.0 361.0 787.0 361.0 802.0 352.0 802.0 swimming-pool 0
388.0 228.0 383.0 227.0 383.0 216.0 388.0 216.0 small-vehicle 1
400.0 229.0 395.0 228.0 394.0 217.0 399.0 218.0 small-vehicle 1
406.0 228.0 402.0 227.0 400.0 217.0 405.0 217.0 small-vehicle 1
456.0 229.0 457.0 233.0 444.0 233.0 444.0 228.0 small-vehicle 1
213.0 620.0 208.0 619.0 209.0 609.0 214.0 610.0 small-vehicle 1
32.0 191.0 30.0 195.0 23.0 190.0 25.0 186.0 small-vehicle 1
460.0 156.0 459.0 160.0 451.0 159.0 451.0 155.0 small-vehicle 1
447.0 152.0 447.0 147.0 456.0 148.0 456.0 153.0 small-vehicle 1
387.0 134.0 389.0 131.0 396.0 136.0 396.0 140.0 small-vehicle 1
392.0 129.0 393.0 125.0 404.0 131.0 402.0 135.0 small-vehicle 1
385.0 118.0 383.0 121.0 377.0 114.0 379.0 112.0 small-vehicle 1
351.0 21.0 347.0 21.0 347.0 11.0 351.0 12.0 small-vehicle 1
456.0 211.0 456.0 217.0 445.0 216.0 444.0 210.0 small-vehicle 1
456.0 216.0 456.0 221.0 445.0 222.0 444.0 217.0 small-vehicle 1
456.0 223.0 456.0 227.0 445.0 227.0 445.0 223.0 small-vehicle 1
456.0 235.0 456.0 238.0 446.0 238.0 446.0 233.0 small-vehicle 1
411.0 230.0 407.0 230.0 406.0 218.0 412.0 218.0 small-vehicle 1
456.0 239.0 456.0 243.0 444.0 243.0 444.0 239.0 small-vehicle 1
426.0 202.0 420.0 202.0 421.0 193.0 426.0 194.0 small-vehicle 1
419.0 202.0 414.0 202.0 414.0 194.0 420.0 193.0 small-vehicle 1
409.0 203.0 404.0 202.0 403.0 192.0 409.0 193.0 small-vehicle 1
402.0 203.0 397.0 203.0 397.0 192.0 402.0 192.0 small-vehicle 1
392.0 193.0 396.0 193.0 396.0 202.0 391.0 203.0 small-vehicle 1
381.0 193.0 385.0 193.0 385.0 203.0 380.0 203.0 small-vehicle 1
372.0 192.0 378.0 193.0 378.0 202.0 373.0 202.0 small-vehicle 1
367.0 193.0 371.0 193.0 371.0 202.0 367.0 201.0 small-vehicle 1
366.0 201.0 362.0 201.0 362.0 191.0 366.0 191.0 small-vehicle 1
416.0 230.0 412.0 228.0 413.0 217.0 418.0 218.0 small-vehicle 1
299.0 393.0 301.0 387.0 335.0 413.0 332.0 419.0 large-vehicle 0
