imagesource:GoogleEarth
gsd:0.546004185972
2673.0 564.0 2673.0 558.0 2686.0 560.0 2687.0 565.0 small-vehicle 1
990.0 1323.0 990.0 1327.0 982.0 1327.0 983.0 1323.0 small-vehicle 1
351.0 1578.0 351.0 1582.0 344.0 1585.0 343.0 1580.0 small-vehicle 1
284.0 1487.0 288.0 1485.0 290.0 1492.0 286.0 1493.0 small-vehicle 1
281.0 1477.0 285.0 1475.0 287.0 1484.0 284.0 1485.0 small-vehicle 1
635.0 1518.0 635.0 1521.0 626.0 1526.0 624.0 1522.0 small-vehicle 1
601.0 1542.0 599.0 1537.0 610.0 1534.0 611.0 1539.0 small-vehicle 1
559.0 1331.0 557.0 1327.0 566.0 1323.0 569.0 1328.0 small-vehicle 1
534.0 1164.0 533.0 1158.0 543.0 1157.0 544.0 1161.0 small-vehicle 1
542.0 1185.0 541.0 1178.0 548.0 1177.0 550.0 1184.0 small-vehicle 1
569.0 1265.0 567.0 1260.0 577.0 1256.0 578.0 1262.0 small-vehicle 1
546.0 1256.0 547.0 1259.0 541.0 1264.0 538.0 1259.0 small-vehicle 1
542.0 1269.0 541.0 1264.0 550.0 1263.0 551.0 1267.0 small-vehicle 1
554.0 1274.0 556.0 1278.0 547.0 1281.0 545.0 1276.0 small-vehicle 1
580.0 1269.0 582.0 1274.0 573.0 1277.0 571.0 1273.0 small-vehicle 1
360.0 1148.0 363.0 1152.0 354.0 1157.0 353.0 1152.0 small-vehicle 1
197.0 1182.0 196.0 1178.0 204.0 1176.0 206.0 1180.0 small-vehicle 1
137.0 1103.0 136.0 1098.0 145.0 1096.0 145.0 1101.0 small-vehicle 1
328.0 1080.0 324.0 1075.0 333.0 1070.0 336.0 1074.0 small-vehicle 1
333.0 1586.0 333.0 1582.0 341.0 1579.0 341.0 1583.0 small-vehicle 1
427.0 1458.0 425.0 1453.0 436.0 1450.0 437.0 1455.0 small-vehicle 1
181.0 760.0 178.0 756.0 188.0 752.0 189.0 756.0 small-vehicle 1
830.0 1457.0 829.0 1462.0 820.0 1462.0 820.0 1457.0 small-vehicle 1
984.0 1390.0 984.0 1383.0 993.0 1386.0 991.0 1390.0 small-vehicle 1
954.0 1330.0 954.0 1325.0 964.0 1326.0 964.0 1331.0 small-vehicle 1
997.0 1267.0 997.0 1272.0 989.0 1272.0 989.0 1267.0 small-vehicle 1
1110.0 1241.0 1116.0 1243.0 1112.0 1253.0 1107.0 1251.0 small-vehicle 1
1102.0 1275.0 1107.0 1274.0 1109.0 1287.0 1103.0 1287.0 small-vehicle 1
1118.0 1341.0 1111.0 1342.0 1111.0 1329.0 1116.0 1329.0 small-vehicle 1
974.0 1642.0 974.0 1634.0 986.0 1635.0 986.0 1641.0 small-vehicle 1
746.0 1410.0 741.0 1410.0 742.0 1400.0 746.0 1400.0 small-vehicle 1
563.0 1675.0 559.0 1670.0 566.0 1665.0 570.0 1668.0 small-vehicle 1
711.0 1448.0 706.0 1446.0 711.0 1435.0 715.0 1437.0 small-vehicle 1
698.0 1631.0 693.0 1631.0 695.0 1620.0 701.0 1620.0 small-vehicle 1
850.0 1539.0 850.0 1544.0 839.0 1544.0 840.0 1539.0 small-vehicle 1
943.0 1648.0 942.0 1642.0 952.0 1643.0 953.0 1649.0 small-vehicle 1
955.0 1651.0 954.0 1657.0 943.0 1656.0 944.0 1651.0 small-vehicle 1
728.0 1626.0 730.0 1626.0 730.0 1636.0 727.0 1636.0 small-vehicle 1
761.0 1598.0 767.0 1598.0 767.0 1609.0 762.0 1610.0 small-vehicle 1
311.0 1018.0 312.0 1023.0 304.0 1026.0 302.0 1022.0 small-vehicle 1
514.0 881.0 516.0 878.0 524.0 883.0 521.0 887.0 small-vehicle 1
506.0 884.0 509.0 879.0 516.0 884.0 513.0 888.0 small-vehicle 1
1567.0 1191.0 1569.0 1197.0 1530.0 1208.0 1529.0 1202.0 large-vehicle 0
2082.0 1196.0 2080.0 1190.0 2122.0 1179.0 2124.0 1186.0 large-vehicle 0
1519.0 1245.0 1513.0 1246.0 1507.0 1220.0 1512.0 1217.0 large-vehicle 0
1500.0 1223.0 1491.0 1225.0 1478.0 1191.0 1485.0 1187.0 large-vehicle 0
1408.0 1182.0 1402.0 1183.0 1397.0 1163.0 1403.0 1162.0 large-vehicle 0
1451.0 1213.0 1445.0 1214.0 1436.0 1174.0 1441.0 1173.0 large-vehicle 0
1464.0 1131.0 1465.0 1136.0 1432.0 1144.0 1431.0 1137.0 large-vehicle 0
1525.0 1169.0 1526.0 1174.0 1494.0 1179.0 1492.0 1174.0 large-vehicle 0
1533.0 1256.0 1525.0 1257.0 1515.0 1221.0 1521.0 1217.0 large-vehicle 0
2193.0 1277.0 2192.0 1273.0 2218.0 1265.0 2219.0 1270.0 large-vehicle 0
1577.0 1294.0 1575.0 1298.0 1551.0 1290.0 1553.0 1284.0 large-vehicle 1
1644.0 1295.0 1641.0 1299.0 1607.0 1279.0 1610.0 1273.0 large-vehicle 0
1578.0 954.0 1581.0 950.0 1609.0 969.0 1606.0 973.0 large-vehicle 0
2194.0 1180.0 2202.0 1178.0 2212.0 1213.0 2204.0 1215.0 large-vehicle 0
2467.0 1625.0 2463.0 1629.0 2425.0 1607.0 2431.0 1600.0 large-vehicle 0
228.0 50.0 223.0 54.0 211.0 39.0 214.0 34.0 large-vehicle 0
485.0 336.0 481.0 342.0 453.0 314.0 458.0 308.0 large-vehicle 0
2244.0 1211.0 2250.0 1210.0 2261.0 1249.0 2253.0 1251.0 large-vehicle 0
295.0 159.0 351.0 154.0 543.0 356.0 483.0 360.0 bridge 0
317.0 733.0 316.0 727.0 325.0 726.0 326.0 732.0 small-vehicle 1
416.0 267.0 414.0 269.0 408.0 262.0 411.0 259.0 small-vehicle 1
536.0 632.0 540.0 633.0 540.0 643.0 536.0 644.0 small-vehicle 1
428.0 642.0 424.0 641.0 423.0 631.0 427.0 630.0 small-vehicle 1
327.0 624.0 322.0 624.0 321.0 614.0 326.0 613.0 small-vehicle 1
105.0 610.0 102.0 612.0 99.0 607.0 103.0 605.0 small-vehicle 1
371.0 430.0 366.0 430.0 366.0 421.0 370.0 420.0 small-vehicle 1
148.0 463.0 149.0 467.0 135.0 469.0 136.0 463.0 small-vehicle 1
462.0 303.0 458.0 306.0 451.0 300.0 453.0 294.0 small-vehicle 1
380.0 235.0 383.0 230.0 390.0 238.0 387.0 242.0 small-vehicle 1
588.0 164.0 643.0 163.0 861.0 366.0 804.0 367.0 bridge 0
294.0 124.0 289.0 127.0 284.0 118.0 289.0 116.0 small-vehicle 1
2703.0 596.0 2726.0 597.0 2726.0 609.0 2702.0 608.0 swimming-pool 0
623.0 1129.0 648.0 1133.0 657.0 1160.0 637.0 1168.0 swimming-pool 0
528.0 1094.0 547.0 1088.0 561.0 1128.0 542.0 1134.0 tennis-court 0
503.0 1103.0 522.0 1097.0 536.0 1137.0 517.0 1145.0 tennis-court 0
459.0 555.0 462.0 500.0 518.0 505.0 514.0 559.0 baseball-diamond 0
1762.0 249.0 1777.0 248.0 1776.0 316.0 1761.0 318.0 bridge 0
993.0 1381.0 993.0 1384.0 986.0 1384.0 986.0 1381.0 small-vehicle 1
1430.0 1236.0 1427.0 1242.0 1417.0 1235.0 1419.0 1231.0 small-vehicle 1
2623.0 1503.0 2623.0 1496.0 2636.0 1496.0 2638.0 1502.0 ship 1
1436.0 1335.0 1436.0 1331.0 1446.0 1330.0 1446.0 1335.0 small-vehicle 1
2202.0 1406.0 2205.0 1401.0 2213.0 1408.0 2210.0 1412.0 small-vehicle 1
2180.0 1382.0 2182.0 1378.0 2190.0 1383.0 2189.0 1387.0 small-vehicle 1
2025.0 1269.0 2027.0 1265.0 2036.0 1271.0 2033.0 1275.0 small-vehicle 1
1893.0 1188.0 1897.0 1184.0 1905.0 1192.0 1902.0 1196.0 small-vehicle 1
1824.0 1147.0 1827.0 1144.0 1834.0 1151.0 1832.0 1154.0 small-vehicle 1
1660.0 1030.0 1664.0 1027.0 1671.0 1035.0 1667.0 1038.0 small-vehicle 1
2162.0 1449.0 2160.0 1454.0 2143.0 1444.0 2145.0 1439.0 large-vehicle 1
2145.0 1439.0 2143.0 1443.0 2118.0 1429.0 2121.0 1425.0 large-vehicle 1
1807.0 1128.0 1810.0 1124.0 1825.0 1134.0 1822.0 1138.0 large-vehicle 1
2080.0 1393.0 2078.0 1396.0 2067.0 1391.0 2070.0 1386.0 small-vehicle 1
2031.0 1362.0 2028.0 1365.0 2019.0 1359.0 2022.0 1355.0 small-vehicle 1
1552.0 1309.0 1549.0 1313.0 1540.0 1308.0 1543.0 1303.0 small-vehicle 1
1750.0 1086.0 1753.0 1083.0 1762.0 1090.0 1759.0 1095.0 small-vehicle 1
1647.0 1014.0 1650.0 1011.0 1657.0 1019.0 1655.0 1021.0 small-vehicle 1
1456.0 871.0 1459.0 867.0 1467.0 874.0 1465.0 879.0 small-vehicle 1
1763.0 390.0 1758.0 390.0 1758.0 380.0 1763.0 379.0 small-vehicle 1
1420.0 317.0 1426.0 315.0 1430.0 327.0 1424.0 329.0 small-vehicle 1
2126.0 868.0 2124.0 863.0 2132.0 858.0 2135.0 864.0 small-vehicle 1
2124.0 903.0 2124.0 897.0 2131.0 894.0 2133.0 899.0 small-vehicle 1
2131.0 905.0 2132.0 912.0 2125.0 917.0 2121.0 912.0 small-vehicle 1
2182.0 817.0 2187.0 815.0 2191.0 826.0 2187.0 828.0 small-vehicle 1
2623.0 1511.0 2622.0 1505.0 2638.0 1505.0 2639.0 1511.0 ship 1
2636.0 1721.0 2633.0 1723.0 2624.0 1719.0 2628.0 1714.0 small-vehicle 1
2593.0 1719.0 2589.0 1723.0 2580.0 1718.0 2584.0 1712.0 small-vehicle 1
2567.0 1696.0 2564.0 1702.0 2553.0 1696.0 2556.0 1690.0 small-vehicle 1
2300.0 1453.0 2297.0 1457.0 2288.0 1451.0 2291.0 1446.0 small-vehicle 1
2269.0 1185.0 2267.0 1188.0 2257.0 1182.0 2260.0 1177.0 small-vehicle 1
2299.0 1025.0 2296.0 1018.0 2306.0 1015.0 2308.0 1021.0 small-vehicle 1
2210.0 825.0 2206.0 828.0 2202.0 818.0 2207.0 816.0 small-vehicle 1
2130.0 917.0 2132.0 922.0 2124.0 927.0 2121.0 922.0 small-vehicle 1
2121.0 1023.0 2121.0 1019.0 2129.0 1017.0 2129.0 1021.0 small-vehicle 1
2128.0 1000.0 2130.0 1003.0 2121.0 1008.0 2118.0 1005.0 small-vehicle 1
2106.0 1011.0 2106.0 1016.0 2096.0 1012.0 2097.0 1008.0 small-vehicle 1
2097.0 973.0 2099.0 970.0 2106.0 976.0 2103.0 979.0 small-vehicle 1
2094.0 959.0 2096.0 953.0 2107.0 959.0 2105.0 964.0 small-vehicle 1
2096.0 947.0 2097.0 941.0 2109.0 946.0 2106.0 952.0 small-vehicle 1
2099.0 936.0 2101.0 931.0 2109.0 937.0 2106.0 941.0 small-vehicle 1
1418.0 396.0 1418.0 391.0 1429.0 392.0 1429.0 397.0 small-vehicle 1
1270.0 376.0 1271.0 371.0 1282.0 373.0 1282.0 377.0 small-vehicle 1
1764.0 331.0 1760.0 331.0 1761.0 319.0 1765.0 319.0 small-vehicle 1
987.0 945.0 990.0 949.0 981.0 956.0 979.0 952.0 small-vehicle 1
1240.0 693.0 1243.0 689.0 1249.0 696.0 1246.0 699.0 small-vehicle 1
1333.0 798.0 1337.0 792.0 1345.0 800.0 1342.0 804.0 small-vehicle 1
895.0 667.0 891.0 669.0 883.0 662.0 887.0 658.0 small-vehicle 1
964.0 698.0 962.0 702.0 952.0 696.0 957.0 690.0 small-vehicle 1
1142.0 829.0 1138.0 833.0 1129.0 826.0 1133.0 821.0 small-vehicle 1
1182.0 846.0 1179.0 850.0 1170.0 845.0 1173.0 839.0 small-vehicle 1
1257.0 884.0 1254.0 889.0 1245.0 883.0 1249.0 879.0 small-vehicle 1
957.0 1273.0 957.0 1268.0 966.0 1269.0 965.0 1274.0 small-vehicle 1
1441.0 878.0 1443.0 873.0 1450.0 879.0 1448.0 883.0 small-vehicle 1
966.0 1048.0 967.0 1043.0 976.0 1043.0 976.0 1048.0 small-vehicle 1
984.0 1078.0 980.0 1078.0 981.0 1068.0 984.0 1068.0 small-vehicle 1
985.0 1088.0 981.0 1087.0 981.0 1078.0 985.0 1080.0 small-vehicle 1
1010.0 1660.0 1008.0 1656.0 1016.0 1649.0 1019.0 1654.0 small-vehicle 1
1392.0 1423.0 1391.0 1427.0 1380.0 1427.0 1379.0 1422.0 small-vehicle 1
1407.0 1386.0 1405.0 1380.0 1418.0 1379.0 1418.0 1384.0 small-vehicle 1
1412.0 1375.0 1410.0 1370.0 1421.0 1371.0 1422.0 1375.0 small-vehicle 1
1430.0 862.0 1434.0 856.0 1442.0 864.0 1439.0 868.0 small-vehicle 1
1063.0 566.0 1066.0 561.0 1074.0 567.0 1070.0 570.0 small-vehicle 1
1774.0 298.0 1770.0 298.0 1769.0 287.0 1773.0 287.0 small-vehicle 1
1527.0 1418.0 1527.0 1413.0 1535.0 1413.0 1535.0 1418.0 small-vehicle 1
1585.0 1385.0 1581.0 1388.0 1574.0 1380.0 1579.0 1376.0 small-vehicle 1
1581.0 1392.0 1576.0 1393.0 1570.0 1384.0 1574.0 1381.0 small-vehicle 1
1564.0 1422.0 1560.0 1424.0 1554.0 1415.0 1559.0 1412.0 small-vehicle 1
1575.0 1399.0 1571.0 1402.0 1565.0 1393.0 1570.0 1391.0 small-vehicle 1
1548.0 1383.0 1548.0 1378.0 1557.0 1379.0 1558.0 1383.0 small-vehicle 1
1540.0 1395.0 1540.0 1391.0 1551.0 1391.0 1550.0 1396.0 small-vehicle 1
1531.0 1410.0 1531.0 1405.0 1540.0 1404.0 1541.0 1409.0 small-vehicle 1
1555.0 1437.0 1550.0 1440.0 1545.0 1433.0 1550.0 1429.0 small-vehicle 1
1049.0 561.0 1052.0 558.0 1059.0 565.0 1057.0 568.0 small-vehicle 1
1531.0 1469.0 1527.0 1471.0 1523.0 1464.0 1527.0 1461.0 small-vehicle 1
1498.0 1467.0 1499.0 1460.0 1509.0 1461.0 1509.0 1467.0 small-vehicle 1
1394.0 626.0 1394.0 631.0 1381.0 632.0 1381.0 625.0 ship 1
1442.0 485.0 1437.0 485.0 1438.0 473.0 1442.0 473.0 small-vehicle 1
1293.0 503.0 1289.0 503.0 1289.0 489.0 1294.0 490.0 small-vehicle 1
1289.0 502.0 1283.0 501.0 1283.0 490.0 1289.0 491.0 small-vehicle 1
1283.0 501.0 1277.0 501.0 1276.0 491.0 1283.0 492.0 small-vehicle 1
815.0 354.0 818.0 349.0 851.0 378.0 845.0 384.0 large-vehicle 0
