imagesource:GoogleEarth
gsd:0.575693520363
73.0 6.0 77.0 4.0 81.0 15.0 76.0 17.0 small-vehicle 1
251.0 536.0 315.0 514.0 344.0 579.0 276.0 596.0 bridge 0
79.0 717.0 79.0 711.0 88.0 711.0 89.0 717.0 ship 1
71.0 710.0 72.0 706.0 82.0 709.0 79.0 714.0 ship 1
42.0 725.0 43.0 718.0 54.0 719.0 53.0 725.0 ship 1
100.0 69.0 104.0 69.0 107.0 76.0 103.0 76.0 small-vehicle 1
106.0 100.0 111.0 98.0 115.0 110.0 109.0 112.0 small-vehicle 1
406.0 775.0 411.0 772.0 416.0 781.0 411.0 784.0 small-vehicle 1
346.0 628.0 351.0 627.0 356.0 637.0 350.0 639.0 small-vehicle 1
304.0 551.0 309.0 549.0 312.0 559.0 308.0 561.0 small-vehicle 1
304.0 541.0 309.0 538.0 314.0 546.0 310.0 549.0 small-vehicle 1
251.0 433.0 256.0 431.0 261.0 441.0 256.0 443.0 small-vehicle 1
139.0 535.0 137.0 571.0 153.0 571.0 153.0 533.0 bridge 0
