imagesource:GoogleEarth
gsd:0.583131037681
720.0 1505.0 722.0 1501.0 731.0 1509.0 729.0 1512.0 small-vehicle 1
444.0 1236.0 440.0 1232.0 446.0 1225.0 449.0 1228.0 small-vehicle 1
468.0 1250.0 465.0 1248.0 469.0 1241.0 473.0 1243.0 small-vehicle 1
473.0 1244.0 476.0 1247.0 471.0 1254.0 468.0 1251.0 small-vehicle 1
476.0 1247.0 480.0 1250.0 476.0 1257.0 472.0 1256.0 small-vehicle 1
481.0 1249.0 484.0 1252.0 479.0 1260.0 476.0 1258.0 small-vehicle 1
492.0 1257.0 496.0 1260.0 491.0 1270.0 488.0 1269.0 small-vehicle 1
452.0 1256.0 456.0 1259.0 450.0 1267.0 448.0 1265.0 small-vehicle 1
449.0 1254.0 452.0 1256.0 447.0 1265.0 444.0 1262.0 small-vehicle 1
445.0 1251.0 449.0 1253.0 444.0 1262.0 440.0 1259.0 small-vehicle 1
442.0 1250.0 444.0 1252.0 440.0 1259.0 437.0 1257.0 small-vehicle 1
438.0 1247.0 442.0 1250.0 435.0 1259.0 432.0 1256.0 small-vehicle 1
434.0 1244.0 438.0 1247.0 431.0 1256.0 428.0 1253.0 small-vehicle 1
430.0 1242.0 434.0 1244.0 428.0 1253.0 424.0 1250.0 small-vehicle 1
426.0 1238.0 430.0 1241.0 424.0 1249.0 420.0 1247.0 small-vehicle 1
422.0 1236.0 426.0 1238.0 420.0 1247.0 416.0 1244.0 small-vehicle 1
417.0 1234.0 421.0 1236.0 416.0 1243.0 412.0 1241.0 small-vehicle 1
413.0 1230.0 417.0 1233.0 411.0 1241.0 408.0 1238.0 small-vehicle 1
410.0 1227.0 414.0 1230.0 407.0 1239.0 403.0 1236.0 small-vehicle 1
463.0 1249.0 459.0 1246.0 465.0 1238.0 469.0 1240.0 small-vehicle 1
441.0 1232.0 437.0 1230.0 443.0 1222.0 446.0 1225.0 small-vehicle 1
748.0 1614.0 750.0 1610.0 757.0 1615.0 755.0 1618.0 small-vehicle 1
437.0 1230.0 434.0 1227.0 439.0 1220.0 443.0 1222.0 small-vehicle 1
462.0 1194.0 466.0 1197.0 459.0 1205.0 456.0 1203.0 small-vehicle 1
496.0 1218.0 500.0 1221.0 494.0 1229.0 490.0 1226.0 small-vehicle 1
490.0 1215.0 495.0 1218.0 489.0 1226.0 485.0 1224.0 small-vehicle 1
426.0 1197.0 429.0 1200.0 423.0 1207.0 419.0 1205.0 small-vehicle 1
417.0 1217.0 412.0 1215.0 419.0 1206.0 423.0 1208.0 small-vehicle 1
423.0 1209.0 426.0 1211.0 419.0 1218.0 417.0 1216.0 small-vehicle 1
426.0 1211.0 430.0 1214.0 423.0 1221.0 419.0 1219.0 small-vehicle 1
430.0 1212.0 426.0 1209.0 432.0 1202.0 437.0 1205.0 small-vehicle 1
435.0 1215.0 431.0 1212.0 437.0 1205.0 440.0 1207.0 small-vehicle 1
439.0 1218.0 435.0 1215.0 440.0 1207.0 445.0 1209.0 small-vehicle 1
451.0 1216.0 455.0 1219.0 448.0 1226.0 444.0 1224.0 small-vehicle 1
456.0 1218.0 460.0 1221.0 453.0 1230.0 450.0 1227.0 small-vehicle 1
465.0 1236.0 461.0 1233.0 468.0 1225.0 472.0 1228.0 small-vehicle 1
470.0 1239.0 466.0 1236.0 472.0 1228.0 476.0 1230.0 small-vehicle 1
446.0 1209.0 449.0 1212.0 443.0 1220.0 440.0 1219.0 small-vehicle 1
428.0 1224.0 425.0 1221.0 430.0 1214.0 434.0 1217.0 small-vehicle 1
432.0 1227.0 429.0 1224.0 434.0 1216.0 438.0 1219.0 small-vehicle 1
407.0 1225.0 410.0 1228.0 403.0 1236.0 400.0 1234.0 small-vehicle 1
406.0 1251.0 402.0 1248.0 406.0 1239.0 411.0 1241.0 small-vehicle 1
410.0 1254.0 407.0 1250.0 413.0 1244.0 416.0 1245.0 small-vehicle 1
415.0 1246.0 419.0 1248.0 414.0 1255.0 410.0 1253.0 small-vehicle 1
377.0 1257.0 375.0 1255.0 380.0 1248.0 383.0 1251.0 small-vehicle 1
380.0 1260.0 378.0 1258.0 384.0 1249.0 388.0 1253.0 small-vehicle 1
385.0 1262.0 381.0 1259.0 388.0 1252.0 391.0 1256.0 large-vehicle 1
391.0 1256.0 395.0 1258.0 390.0 1265.0 386.0 1262.0 small-vehicle 1
396.0 1258.0 399.0 1262.0 392.0 1268.0 390.0 1265.0 small-vehicle 1
400.0 1262.0 403.0 1266.0 397.0 1272.0 394.0 1269.0 small-vehicle 1
445.0 1292.0 451.0 1296.0 444.0 1303.0 440.0 1300.0 small-vehicle 1
458.0 1298.0 462.0 1301.0 457.0 1309.0 452.0 1306.0 small-vehicle 1
460.0 1312.0 458.0 1308.0 463.0 1302.0 466.0 1305.0 small-vehicle 1
531.0 1259.0 533.0 1254.0 542.0 1260.0 540.0 1264.0 small-vehicle 1
527.0 1263.0 530.0 1259.0 539.0 1266.0 537.0 1269.0 small-vehicle 1
524.0 1270.0 526.0 1267.0 533.0 1272.0 530.0 1274.0 small-vehicle 1
520.0 1279.0 522.0 1275.0 530.0 1280.0 527.0 1284.0 small-vehicle 1
506.0 1291.0 509.0 1287.0 519.0 1295.0 516.0 1299.0 large-vehicle 1
501.0 1299.0 504.0 1294.0 516.0 1302.0 513.0 1307.0 large-vehicle 1
497.0 1305.0 500.0 1300.0 513.0 1309.0 511.0 1314.0 large-vehicle 1
495.0 1311.0 498.0 1306.0 509.0 1313.0 506.0 1317.0 large-vehicle 1
376.0 1255.0 374.0 1253.0 375.0 1246.0 379.0 1246.0 small-vehicle 1
372.0 1241.0 375.0 1244.0 371.0 1251.0 367.0 1248.0 small-vehicle 1
361.0 1236.0 363.0 1232.0 370.0 1237.0 367.0 1240.0 small-vehicle 1
475.0 1282.0 472.0 1279.0 476.0 1272.0 480.0 1273.0 small-vehicle 1
418.0 1257.0 415.0 1254.0 420.0 1248.0 424.0 1250.0 small-vehicle 1
421.0 1259.0 418.0 1256.0 423.0 1250.0 427.0 1253.0 small-vehicle 1
456.0 1259.0 459.0 1261.0 453.0 1269.0 450.0 1267.0 small-vehicle 1
458.0 1271.0 455.0 1268.0 460.0 1262.0 464.0 1264.0 small-vehicle 1
461.0 1273.0 459.0 1270.0 464.0 1265.0 468.0 1267.0 small-vehicle 1
467.0 1267.0 472.0 1269.0 467.0 1277.0 463.0 1275.0 small-vehicle 1
472.0 1279.0 468.0 1277.0 472.0 1269.0 477.0 1272.0 small-vehicle 1
486.0 1290.0 483.0 1287.0 489.0 1280.0 492.0 1282.0 small-vehicle 1
372.0 1233.0 371.0 1237.0 363.0 1233.0 365.0 1228.0 small-vehicle 1
431.0 1257.0 434.0 1259.0 429.0 1266.0 427.0 1264.0 small-vehicle 1
425.0 1263.0 422.0 1260.0 427.0 1253.0 431.0 1256.0 small-vehicle 1
422.0 1286.0 418.0 1282.0 423.0 1274.0 428.0 1278.0 small-vehicle 1
446.0 1267.0 450.0 1270.0 446.0 1277.0 442.0 1275.0 small-vehicle 1
371.0 1220.0 373.0 1216.0 381.0 1222.0 378.0 1226.0 small-vehicle 1
369.0 1224.0 371.0 1220.0 377.0 1226.0 375.0 1230.0 small-vehicle 1
366.0 1227.0 368.0 1224.0 374.0 1229.0 372.0 1232.0 small-vehicle 1
457.0 1192.0 460.0 1194.0 454.0 1203.0 450.0 1201.0 small-vehicle 1
443.0 1194.0 440.0 1192.0 446.0 1183.0 449.0 1186.0 small-vehicle 1
450.0 1200.0 448.0 1197.0 453.0 1190.0 458.0 1192.0 small-vehicle 1
510.0 1108.0 513.0 1110.0 508.0 1118.0 505.0 1116.0 small-vehicle 1
710.0 1687.0 708.0 1691.0 701.0 1686.0 703.0 1683.0 small-vehicle 1
606.0 1764.0 610.0 1760.0 616.0 1765.0 614.0 1768.0 small-vehicle 1
597.0 1781.0 600.0 1777.0 609.0 1783.0 605.0 1786.0 small-vehicle 1
660.0 1785.0 662.0 1780.0 670.0 1787.0 668.0 1790.0 small-vehicle 1
667.0 1794.0 664.0 1798.0 654.0 1791.0 657.0 1787.0 small-vehicle 1
506.0 978.0 502.0 975.0 507.0 968.0 510.0 971.0 small-vehicle 1
523.0 978.0 527.0 980.0 522.0 988.0 519.0 986.0 small-vehicle 1
428.0 915.0 431.0 916.0 426.0 925.0 422.0 923.0 small-vehicle 1
424.0 948.0 421.0 946.0 425.0 939.0 428.0 941.0 small-vehicle 1
456.0 945.0 458.0 941.0 465.0 946.0 463.0 949.0 small-vehicle 1
479.0 1028.0 476.0 1031.0 469.0 1026.0 472.0 1023.0 small-vehicle 1
455.0 1013.0 452.0 1017.0 444.0 1012.0 448.0 1007.0 small-vehicle 1
569.0 1141.0 566.0 1139.0 569.0 1132.0 573.0 1133.0 small-vehicle 1
527.0 1116.0 524.0 1114.0 529.0 1106.0 533.0 1108.0 small-vehicle 1
490.0 1105.0 486.0 1102.0 491.0 1094.0 495.0 1096.0 small-vehicle 1
497.0 1110.0 493.0 1107.0 498.0 1100.0 502.0 1102.0 small-vehicle 1
501.0 1113.0 497.0 1110.0 502.0 1103.0 506.0 1105.0 small-vehicle 1
737.0 1681.0 736.0 1685.0 728.0 1681.0 730.0 1676.0 small-vehicle 1
743.0 1674.0 742.0 1677.0 733.0 1673.0 734.0 1670.0 small-vehicle 1
719.0 1675.0 718.0 1679.0 709.0 1676.0 712.0 1672.0 small-vehicle 1
756.0 1638.0 758.0 1634.0 765.0 1638.0 763.0 1642.0 small-vehicle 1
743.0 1622.0 744.0 1618.0 751.0 1622.0 749.0 1626.0 small-vehicle 1
749.0 1628.0 748.0 1630.0 741.0 1626.0 743.0 1622.0 small-vehicle 1
746.0 1630.0 743.0 1633.0 737.0 1629.0 740.0 1626.0 small-vehicle 1
771.0 1612.0 774.0 1609.0 781.0 1614.0 779.0 1617.0 small-vehicle 1
776.0 1622.0 774.0 1626.0 766.0 1622.0 768.0 1617.0 small-vehicle 1
773.0 1630.0 770.0 1634.0 760.0 1629.0 763.0 1624.0 small-vehicle 1
758.0 1633.0 760.0 1629.0 769.0 1634.0 766.0 1638.0 small-vehicle 1
693.0 1634.0 696.0 1630.0 704.0 1636.0 700.0 1639.0 small-vehicle 1
720.0 1671.0 719.0 1673.0 711.0 1669.0 714.0 1666.0 small-vehicle 1
763.0 1642.0 761.0 1646.0 751.0 1640.0 754.0 1637.0 small-vehicle 1
736.0 1668.0 738.0 1665.0 745.0 1669.0 743.0 1672.0 small-vehicle 1
731.0 1654.0 729.0 1658.0 721.0 1654.0 723.0 1649.0 small-vehicle 1
703.0 1658.0 705.0 1654.0 712.0 1659.0 710.0 1663.0 small-vehicle 1
708.0 1668.0 705.0 1671.0 697.0 1666.0 699.0 1662.0 small-vehicle 1
716.0 1662.0 719.0 1658.0 727.0 1662.0 725.0 1667.0 small-vehicle 1
715.0 1667.0 717.0 1663.0 723.0 1667.0 722.0 1671.0 small-vehicle 1
506.0 1106.0 509.0 1108.0 505.0 1115.0 502.0 1113.0 small-vehicle 1
515.0 1108.0 512.0 1105.0 517.0 1099.0 520.0 1101.0 small-vehicle 1
439.0 1192.0 436.0 1189.0 442.0 1181.0 447.0 1183.0 small-vehicle 1
511.0 1104.0 508.0 1102.0 512.0 1096.0 516.0 1097.0 small-vehicle 1
491.0 1139.0 495.0 1141.0 490.0 1147.0 487.0 1146.0 small-vehicle 1
420.0 1157.0 418.0 1161.0 410.0 1155.0 413.0 1151.0 small-vehicle 1
413.0 1151.0 415.0 1148.0 422.0 1152.0 420.0 1155.0 small-vehicle 1
415.0 1148.0 418.0 1144.0 426.0 1150.0 423.0 1153.0 small-vehicle 1
413.0 1169.0 410.0 1172.0 402.0 1168.0 405.0 1163.0 small-vehicle 1
410.0 1172.0 407.0 1174.0 400.0 1170.0 403.0 1167.0 small-vehicle 1
406.0 1175.0 405.0 1179.0 396.0 1175.0 397.0 1171.0 small-vehicle 1
403.0 1180.0 402.0 1183.0 393.0 1179.0 395.0 1175.0 small-vehicle 1
403.0 1185.0 401.0 1188.0 392.0 1183.0 394.0 1180.0 small-vehicle 1
399.0 1190.0 397.0 1194.0 389.0 1187.0 392.0 1183.0 small-vehicle 1
396.0 1192.0 395.0 1195.0 388.0 1191.0 389.0 1187.0 small-vehicle 1
475.0 1151.0 478.0 1153.0 474.0 1162.0 471.0 1161.0 small-vehicle 1
480.0 1155.0 483.0 1158.0 477.0 1164.0 474.0 1162.0 small-vehicle 1
479.0 1191.0 484.0 1195.0 477.0 1203.0 474.0 1200.0 small-vehicle 1
475.0 1188.0 479.0 1190.0 473.0 1199.0 469.0 1196.0 small-vehicle 1
463.0 1192.0 458.0 1190.0 463.0 1182.0 468.0 1185.0 small-vehicle 1
435.0 1190.0 432.0 1186.0 438.0 1177.0 443.0 1180.0 small-vehicle 1
482.0 1131.0 486.0 1133.0 482.0 1141.0 479.0 1139.0 small-vehicle 1
479.0 1129.0 482.0 1131.0 478.0 1138.0 475.0 1136.0 small-vehicle 1
471.0 1133.0 467.0 1130.0 471.0 1123.0 475.0 1125.0 small-vehicle 1
465.0 1088.0 464.0 1091.0 455.0 1087.0 457.0 1083.0 small-vehicle 1
508.0 1102.0 504.0 1100.0 508.0 1093.0 512.0 1095.0 small-vehicle 1
503.0 1091.0 508.0 1093.0 503.0 1100.0 499.0 1098.0 small-vehicle 1
499.0 1097.0 495.0 1096.0 499.0 1089.0 503.0 1091.0 small-vehicle 1
495.0 1086.0 499.0 1088.0 495.0 1095.0 491.0 1093.0 small-vehicle 1
474.0 1077.0 471.0 1080.0 463.0 1075.0 465.0 1072.0 small-vehicle 1
471.0 1081.0 469.0 1084.0 461.0 1079.0 463.0 1076.0 small-vehicle 1
466.0 1084.0 463.0 1086.0 456.0 1082.0 458.0 1079.0 small-vehicle 1
463.0 1091.0 461.0 1095.0 453.0 1091.0 455.0 1088.0 small-vehicle 1
467.0 1130.0 463.0 1127.0 468.0 1120.0 472.0 1122.0 small-vehicle 1
458.0 1100.0 455.0 1103.0 448.0 1100.0 450.0 1096.0 small-vehicle 1
455.0 1104.0 454.0 1107.0 446.0 1104.0 448.0 1100.0 small-vehicle 1
452.0 1108.0 450.0 1111.0 443.0 1107.0 445.0 1104.0 small-vehicle 1
502.0 1129.0 506.0 1133.0 500.0 1141.0 496.0 1138.0 small-vehicle 1
498.0 1127.0 501.0 1130.0 497.0 1136.0 493.0 1135.0 small-vehicle 1
494.0 1124.0 497.0 1128.0 492.0 1134.0 489.0 1132.0 small-vehicle 1
489.0 1131.0 485.0 1129.0 490.0 1121.0 493.0 1123.0 small-vehicle 1
485.0 1319.0 488.0 1314.0 503.0 1324.0 500.0 1327.0 large-vehicle 1
35.0 1116.0 40.0 1113.0 44.0 1123.0 40.0 1125.0 small-vehicle 1
261.0 785.0 256.0 786.0 256.0 777.0 261.0 777.0 small-vehicle 1
99.0 620.0 95.0 623.0 90.0 615.0 93.0 612.0 small-vehicle 1
199.0 653.0 195.0 652.0 197.0 646.0 200.0 646.0 small-vehicle 1
202.0 673.0 198.0 673.0 198.0 664.0 202.0 664.0 small-vehicle 1
206.0 664.0 206.0 659.0 215.0 662.0 214.0 665.0 small-vehicle 1
208.0 655.0 208.0 650.0 217.0 652.0 217.0 655.0 small-vehicle 1
208.0 650.0 209.0 645.0 218.0 647.0 217.0 651.0 small-vehicle 1
182.0 635.0 179.0 636.0 179.0 626.0 182.0 626.0 small-vehicle 1
221.0 601.0 222.0 604.0 212.0 604.0 213.0 599.0 small-vehicle 1
220.0 595.0 221.0 599.0 212.0 599.0 212.0 595.0 small-vehicle 1
220.0 591.0 221.0 595.0 211.0 595.0 212.0 591.0 small-vehicle 1
84.0 547.0 89.0 545.0 94.0 553.0 89.0 556.0 small-vehicle 1
65.0 587.0 69.0 585.0 76.0 592.0 72.0 595.0 small-vehicle 1
70.0 585.0 75.0 582.0 81.0 589.0 77.0 593.0 small-vehicle 1
112.0 587.0 108.0 589.0 103.0 582.0 106.0 579.0 small-vehicle 1
107.0 589.0 104.0 591.0 98.0 584.0 102.0 581.0 small-vehicle 1
118.0 608.0 113.0 608.0 112.0 597.0 118.0 597.0 small-vehicle 1
106.0 602.0 110.0 601.0 114.0 608.0 110.0 611.0 small-vehicle 1
105.0 614.0 103.0 617.0 98.0 609.0 102.0 608.0 small-vehicle 1
178.0 636.0 175.0 637.0 173.0 627.0 177.0 627.0 small-vehicle 1
169.0 628.0 172.0 628.0 175.0 637.0 171.0 637.0 small-vehicle 1
170.0 636.0 166.0 637.0 164.0 629.0 167.0 628.0 small-vehicle 1
56.0 658.0 55.0 655.0 65.0 654.0 65.0 657.0 small-vehicle 1
70.0 684.0 70.0 687.0 59.0 689.0 59.0 685.0 small-vehicle 1
69.0 680.0 70.0 684.0 59.0 684.0 59.0 680.0 small-vehicle 1
69.0 674.0 69.0 678.0 60.0 679.0 59.0 676.0 small-vehicle 1
59.0 675.0 59.0 671.0 66.0 670.0 67.0 674.0 small-vehicle 1
58.0 671.0 57.0 667.0 66.0 665.0 67.0 670.0 small-vehicle 1
65.0 662.0 65.0 665.0 57.0 666.0 56.0 663.0 small-vehicle 1
64.0 658.0 65.0 661.0 57.0 662.0 56.0 659.0 small-vehicle 1
42.0 655.0 42.0 660.0 35.0 661.0 33.0 657.0 small-vehicle 1
161.0 630.0 164.0 630.0 166.0 639.0 162.0 639.0 small-vehicle 1
44.0 677.0 40.0 676.0 41.0 668.0 46.0 668.0 small-vehicle 1
43.0 660.0 44.0 665.0 35.0 665.0 35.0 662.0 small-vehicle 1
161.0 576.0 156.0 578.0 153.0 571.0 157.0 568.0 small-vehicle 1
199.0 692.0 195.0 693.0 194.0 684.0 198.0 684.0 small-vehicle 1
160.0 677.0 159.0 672.0 167.0 671.0 168.0 675.0 small-vehicle 1
159.0 672.0 158.0 668.0 166.0 666.0 168.0 670.0 small-vehicle 1
155.0 631.0 160.0 630.0 162.0 639.0 157.0 640.0 small-vehicle 1
94.0 612.0 98.0 610.0 103.0 618.0 100.0 620.0 small-vehicle 1
70.0 604.0 74.0 601.0 80.0 607.0 77.0 611.0 small-vehicle 1
83.0 655.0 79.0 656.0 78.0 647.0 82.0 646.0 small-vehicle 1
75.0 601.0 78.0 598.0 83.0 605.0 81.0 608.0 small-vehicle 1
177.0 581.0 177.0 576.0 188.0 576.0 189.0 580.0 small-vehicle 1
201.0 582.0 200.0 578.0 210.0 578.0 210.0 581.0 small-vehicle 1
205.0 552.0 206.0 557.0 198.0 557.0 198.0 553.0 small-vehicle 1
208.0 552.0 206.0 547.0 214.0 546.0 216.0 550.0 small-vehicle 1
198.0 553.0 197.0 549.0 204.0 547.0 205.0 552.0 small-vehicle 1
167.0 536.0 171.0 534.0 176.0 541.0 173.0 543.0 small-vehicle 1
195.0 548.0 194.0 544.0 201.0 542.0 202.0 546.0 small-vehicle 1
125.0 555.0 121.0 558.0 115.0 549.0 120.0 547.0 small-vehicle 1
168.0 525.0 165.0 528.0 159.0 520.0 163.0 517.0 small-vehicle 1
199.0 501.0 195.0 501.0 196.0 491.0 200.0 491.0 small-vehicle 1
42.0 475.0 41.0 479.0 32.0 476.0 33.0 472.0 small-vehicle 1
238.0 449.0 235.0 451.0 230.0 443.0 232.0 441.0 small-vehicle 1
201.0 428.0 201.0 424.0 210.0 426.0 209.0 430.0 small-vehicle 1
208.0 413.0 205.0 416.0 200.0 409.0 203.0 406.0 small-vehicle 1
81.0 671.0 99.0 667.0 107.0 707.0 88.0 710.0 tennis-court 0
1466.0 1088.0 1477.0 1104.0 1450.0 1122.0 1440.0 1104.0 swimming-pool 0
944.0 1136.0 974.0 1136.0 970.0 1154.0 945.0 1152.0 swimming-pool 0
178.0 589.0 177.0 584.0 189.0 585.0 190.0 589.0 small-vehicle 1
180.0 594.0 179.0 590.0 190.0 590.0 191.0 594.0 small-vehicle 1
180.0 599.0 179.0 595.0 189.0 594.0 190.0 598.0 small-vehicle 1
135.0 621.0 130.0 621.0 130.0 610.0 135.0 610.0 small-vehicle 1
52.0 628.0 49.0 630.0 43.0 623.0 46.0 620.0 small-vehicle 1
59.0 625.0 53.0 629.0 46.0 619.0 51.0 616.0 small-vehicle 1
77.0 637.0 76.0 634.0 86.0 630.0 87.0 633.0 small-vehicle 1
97.0 627.0 98.0 633.0 89.0 634.0 88.0 630.0 small-vehicle 1
107.0 626.0 108.0 631.0 99.0 632.0 98.0 628.0 small-vehicle 1
114.0 627.0 110.0 627.0 109.0 617.0 114.0 617.0 small-vehicle 1
113.0 617.0 118.0 617.0 119.0 626.0 114.0 627.0 small-vehicle 1
152.0 619.0 147.0 619.0 146.0 608.0 151.0 608.0 small-vehicle 1
180.0 605.0 179.0 600.0 190.0 599.0 191.0 602.0 small-vehicle 1
152.0 610.0 156.0 610.0 156.0 619.0 152.0 618.0 small-vehicle 1
164.0 615.0 159.0 615.0 159.0 606.0 163.0 605.0 small-vehicle 1
169.0 614.0 163.0 615.0 163.0 604.0 168.0 604.0 small-vehicle 1
202.0 616.0 201.0 611.0 211.0 610.0 210.0 615.0 small-vehicle 1
203.0 619.0 203.0 615.0 211.0 616.0 211.0 619.0 small-vehicle 1
210.0 619.0 209.0 624.0 200.0 622.0 201.0 618.0 small-vehicle 1
210.0 624.0 209.0 628.0 200.0 627.0 200.0 623.0 small-vehicle 1
79.0 655.0 74.0 656.0 73.0 646.0 77.0 646.0 small-vehicle 1
88.0 654.0 83.0 654.0 81.0 645.0 85.0 644.0 small-vehicle 1
322.0 761.0 322.0 764.0 313.0 762.0 313.0 758.0 small-vehicle 1
153.0 764.0 154.0 768.0 146.0 770.0 145.0 766.0 small-vehicle 1
178.0 765.0 177.0 761.0 187.0 759.0 188.0 762.0 small-vehicle 1
180.0 772.0 180.0 767.0 189.0 767.0 190.0 770.0 small-vehicle 1
179.0 776.0 179.0 771.0 188.0 772.0 189.0 776.0 small-vehicle 1
180.0 781.0 180.0 777.0 190.0 776.0 190.0 781.0 small-vehicle 1
182.0 785.0 180.0 782.0 189.0 781.0 190.0 785.0 small-vehicle 1
182.0 789.0 182.0 786.0 191.0 785.0 191.0 789.0 small-vehicle 1
130.0 792.0 130.0 787.0 138.0 787.0 139.0 791.0 small-vehicle 1
131.0 796.0 130.0 792.0 140.0 791.0 140.0 795.0 small-vehicle 1
131.0 800.0 131.0 796.0 141.0 796.0 141.0 799.0 small-vehicle 1
146.0 771.0 148.0 775.0 139.0 777.0 138.0 773.0 small-vehicle 1
144.0 766.0 146.0 770.0 138.0 772.0 136.0 768.0 small-vehicle 1
125.0 762.0 122.0 758.0 131.0 755.0 132.0 759.0 small-vehicle 1
120.0 748.0 120.0 744.0 129.0 742.0 130.0 746.0 small-vehicle 1
122.0 753.0 120.0 749.0 130.0 746.0 131.0 750.0 small-vehicle 1
141.0 740.0 142.0 743.0 133.0 745.0 133.0 741.0 small-vehicle 1
142.0 744.0 142.0 748.0 132.0 750.0 132.0 746.0 small-vehicle 1
150.0 737.0 152.0 741.0 143.0 744.0 142.0 741.0 small-vehicle 1
176.0 761.0 176.0 756.0 185.0 755.0 186.0 760.0 small-vehicle 1
175.0 755.0 175.0 751.0 184.0 750.0 185.0 755.0 small-vehicle 1
175.0 751.0 175.0 746.0 183.0 745.0 184.0 750.0 small-vehicle 1
196.0 751.0 195.0 747.0 205.0 747.0 205.0 751.0 small-vehicle 1
356.0 851.0 352.0 846.0 362.0 838.0 365.0 842.0 large-vehicle 1
332.0 866.0 331.0 862.0 338.0 859.0 340.0 863.0 small-vehicle 1
283.0 844.0 287.0 842.0 292.0 850.0 288.0 852.0 small-vehicle 1
334.0 808.0 335.0 811.0 329.0 814.0 326.0 811.0 small-vehicle 1
333.0 797.0 335.0 802.0 325.0 806.0 322.0 801.0 small-vehicle 1
190.0 731.0 190.0 727.0 199.0 727.0 199.0 731.0 small-vehicle 1
193.0 741.0 192.0 735.0 201.0 735.0 202.0 740.0 small-vehicle 1
194.0 745.0 194.0 742.0 203.0 742.0 203.0 745.0 small-vehicle 1
172.0 743.0 172.0 738.0 182.0 738.0 183.0 741.0 small-vehicle 1
197.0 759.0 197.0 755.0 207.0 754.0 207.0 759.0 small-vehicle 1
198.0 765.0 198.0 761.0 207.0 760.0 207.0 764.0 small-vehicle 1
202.0 773.0 201.0 768.0 209.0 767.0 211.0 771.0 small-vehicle 1
169.0 724.0 168.0 719.0 180.0 719.0 181.0 723.0 small-vehicle 1
169.0 728.0 168.0 724.0 180.0 723.0 182.0 728.0 small-vehicle 1
171.0 733.0 171.0 729.0 181.0 729.0 182.0 733.0 small-vehicle 1
172.0 738.0 172.0 734.0 181.0 733.0 182.0 736.0 small-vehicle 1
152.0 760.0 153.0 763.0 145.0 765.0 145.0 762.0 small-vehicle 1
147.0 774.0 147.0 770.0 155.0 769.0 156.0 772.0 small-vehicle 1
104.0 650.0 100.0 651.0 99.0 642.0 103.0 641.0 small-vehicle 1
151.0 779.0 148.0 775.0 156.0 773.0 158.0 776.0 small-vehicle 1
180.0 670.0 180.0 667.0 188.0 666.0 188.0 670.0 small-vehicle 1
180.0 663.0 178.0 659.0 187.0 657.0 188.0 661.0 small-vehicle 1
178.0 659.0 177.0 654.0 186.0 654.0 187.0 657.0 small-vehicle 1
177.0 654.0 176.0 650.0 185.0 649.0 186.0 653.0 small-vehicle 1
136.0 663.0 135.0 659.0 145.0 660.0 145.0 663.0 small-vehicle 1
137.0 671.0 136.0 667.0 146.0 667.0 146.0 672.0 small-vehicle 1
138.0 675.0 137.0 672.0 147.0 672.0 147.0 675.0 small-vehicle 1
143.0 695.0 142.0 691.0 151.0 690.0 152.0 694.0 small-vehicle 1
124.0 702.0 123.0 698.0 132.0 696.0 133.0 700.0 small-vehicle 1
122.0 698.0 122.0 694.0 132.0 692.0 132.0 696.0 small-vehicle 1
131.0 687.0 132.0 692.0 122.0 693.0 121.0 688.0 small-vehicle 1
126.0 682.0 128.0 686.0 120.0 689.0 118.0 685.0 small-vehicle 1
125.0 674.0 126.0 678.0 119.0 679.0 118.0 676.0 small-vehicle 1
119.0 670.0 117.0 665.0 125.0 664.0 126.0 668.0 small-vehicle 1
123.0 656.0 125.0 661.0 118.0 663.0 116.0 659.0 small-vehicle 1
114.0 649.0 109.0 649.0 107.0 640.0 112.0 640.0 small-vehicle 1
108.0 649.0 105.0 650.0 103.0 642.0 107.0 642.0 small-vehicle 1
162.0 682.0 161.0 678.0 169.0 676.0 170.0 680.0 small-vehicle 1
164.0 689.0 164.0 686.0 172.0 685.0 173.0 687.0 small-vehicle 1
166.0 693.0 164.0 690.0 173.0 687.0 174.0 691.0 small-vehicle 1
104.0 737.0 106.0 740.0 97.0 743.0 95.0 740.0 small-vehicle 1
103.0 802.0 102.0 798.0 111.0 797.0 112.0 800.0 small-vehicle 1
109.0 788.0 110.0 792.0 102.0 794.0 101.0 791.0 small-vehicle 1
116.0 784.0 116.0 788.0 108.0 789.0 107.0 786.0 small-vehicle 1
109.0 762.0 110.0 765.0 102.0 767.0 101.0 763.0 small-vehicle 1
103.0 758.0 104.0 761.0 96.0 764.0 95.0 760.0 small-vehicle 1
102.0 750.0 102.0 754.0 94.0 756.0 92.0 752.0 small-vehicle 1
100.0 743.0 101.0 747.0 92.0 748.0 91.0 745.0 small-vehicle 1
99.0 735.0 100.0 739.0 89.0 741.0 88.0 736.0 small-vehicle 1
165.0 698.0 165.0 694.0 173.0 693.0 173.0 696.0 small-vehicle 1
98.0 730.0 99.0 734.0 88.0 737.0 87.0 733.0 small-vehicle 1
342.0 687.0 337.0 686.0 337.0 678.0 342.0 678.0 small-vehicle 1
332.0 685.0 327.0 684.0 327.0 676.0 332.0 676.0 small-vehicle 1
144.0 703.0 143.0 699.0 152.0 697.0 153.0 701.0 small-vehicle 1
192.0 690.0 193.0 693.0 184.0 695.0 184.0 691.0 small-vehicle 1
187.0 674.0 190.0 678.0 181.0 681.0 180.0 677.0 small-vehicle 1
191.0 687.0 192.0 690.0 183.0 691.0 184.0 687.0 small-vehicle 1
754.0 1619.0 752.0 1622.0 744.0 1617.0 747.0 1613.0 small-vehicle 1
765.0 1603.0 763.0 1606.0 756.0 1602.0 758.0 1598.0 small-vehicle 1
1283.0 1095.0 1287.0 1093.0 1290.0 1102.0 1286.0 1103.0 small-vehicle 1
795.0 1270.0 790.0 1270.0 791.0 1261.0 796.0 1261.0 small-vehicle 1
884.0 1250.0 888.0 1249.0 888.0 1260.0 883.0 1259.0 small-vehicle 1
879.0 1249.0 883.0 1249.0 883.0 1259.0 879.0 1259.0 small-vehicle 1
879.0 1259.0 874.0 1259.0 874.0 1248.0 878.0 1248.0 small-vehicle 1
869.0 1256.0 864.0 1257.0 865.0 1246.0 869.0 1246.0 small-vehicle 1
901.0 1479.0 903.0 1483.0 896.0 1488.0 894.0 1484.0 large-vehicle 1
925.0 1492.0 923.0 1489.0 931.0 1485.0 933.0 1488.0 large-vehicle 1
940.0 1499.0 937.0 1495.0 946.0 1493.0 948.0 1497.0 large-vehicle 1
963.0 1514.0 962.0 1510.0 969.0 1507.0 971.0 1510.0 large-vehicle 1
956.0 1513.0 955.0 1509.0 963.0 1505.0 965.0 1509.0 large-vehicle 1
960.0 1519.0 963.0 1523.0 955.0 1528.0 952.0 1522.0 large-vehicle 1
955.0 1546.0 949.0 1547.0 950.0 1536.0 954.0 1537.0 large-vehicle 1
930.0 1589.0 933.0 1583.0 941.0 1589.0 939.0 1592.0 large-vehicle 1
575.0 1551.0 582.0 1552.0 581.0 1568.0 574.0 1568.0 large-vehicle 0
569.0 1549.0 574.0 1548.0 574.0 1561.0 568.0 1561.0 large-vehicle 1
547.0 1535.0 553.0 1536.0 551.0 1553.0 545.0 1552.0 large-vehicle 0
528.0 1525.0 535.0 1525.0 533.0 1549.0 526.0 1548.0 large-vehicle 0
520.0 1524.0 528.0 1524.0 526.0 1548.0 518.0 1548.0 large-vehicle 0
893.0 1251.0 899.0 1251.0 898.0 1261.0 893.0 1261.0 small-vehicle 1
800.0 1270.0 795.0 1270.0 796.0 1260.0 801.0 1260.0 small-vehicle 1
728.0 1623.0 730.0 1619.0 735.0 1624.0 734.0 1627.0 small-vehicle 1
810.0 1273.0 805.0 1272.0 806.0 1263.0 811.0 1263.0 small-vehicle 1
907.0 1080.0 902.0 1078.0 903.0 1069.0 908.0 1069.0 small-vehicle 1
897.0 1067.0 902.0 1067.0 902.0 1078.0 897.0 1079.0 small-vehicle 1
825.0 1123.0 820.0 1124.0 818.0 1116.0 821.0 1115.0 small-vehicle 1
897.0 1283.0 892.0 1284.0 893.0 1274.0 897.0 1275.0 small-vehicle 1
892.0 1284.0 888.0 1283.0 889.0 1274.0 893.0 1275.0 small-vehicle 1
888.0 1282.0 883.0 1282.0 883.0 1273.0 888.0 1273.0 small-vehicle 1
883.0 1282.0 879.0 1282.0 878.0 1272.0 883.0 1272.0 small-vehicle 1
874.0 1272.0 878.0 1272.0 878.0 1282.0 874.0 1282.0 small-vehicle 1
869.0 1272.0 873.0 1272.0 873.0 1281.0 870.0 1281.0 small-vehicle 1
865.0 1272.0 869.0 1272.0 868.0 1281.0 865.0 1281.0 small-vehicle 1
861.0 1272.0 864.0 1272.0 865.0 1280.0 861.0 1280.0 small-vehicle 1
855.0 1268.0 860.0 1268.0 860.0 1279.0 855.0 1278.0 small-vehicle 1
846.0 1278.0 842.0 1278.0 843.0 1270.0 847.0 1270.0 small-vehicle 1
850.0 1278.0 847.0 1278.0 847.0 1269.0 851.0 1270.0 small-vehicle 1
841.0 1277.0 836.0 1276.0 836.0 1267.0 842.0 1267.0 small-vehicle 1
824.0 1274.0 819.0 1273.0 819.0 1264.0 825.0 1265.0 small-vehicle 1
829.0 1276.0 825.0 1276.0 825.0 1265.0 830.0 1266.0 small-vehicle 1
864.0 1256.0 860.0 1256.0 860.0 1246.0 864.0 1246.0 small-vehicle 1
859.0 1256.0 856.0 1255.0 855.0 1246.0 859.0 1246.0 small-vehicle 1
855.0 1255.0 852.0 1255.0 851.0 1246.0 855.0 1245.0 small-vehicle 1
852.0 1255.0 847.0 1254.0 848.0 1245.0 852.0 1245.0 small-vehicle 1
790.0 1234.0 795.0 1235.0 793.0 1245.0 788.0 1244.0 small-vehicle 1
788.0 1244.0 784.0 1243.0 786.0 1233.0 791.0 1234.0 small-vehicle 1
784.0 1243.0 780.0 1241.0 782.0 1232.0 786.0 1232.0 small-vehicle 1
776.0 1233.0 781.0 1233.0 779.0 1242.0 775.0 1241.0 small-vehicle 1
772.0 1231.0 776.0 1232.0 774.0 1240.0 770.0 1240.0 small-vehicle 1
768.0 1230.0 773.0 1231.0 769.0 1240.0 765.0 1239.0 small-vehicle 1
763.0 1227.0 768.0 1229.0 765.0 1238.0 761.0 1237.0 small-vehicle 1
758.0 1227.0 763.0 1228.0 760.0 1237.0 756.0 1236.0 small-vehicle 1
753.0 1225.0 759.0 1227.0 756.0 1235.0 751.0 1234.0 small-vehicle 1
727.0 1186.0 731.0 1188.0 726.0 1197.0 722.0 1195.0 small-vehicle 1
800.0 1536.0 802.0 1532.0 810.0 1537.0 807.0 1540.0 small-vehicle 1
766.0 1499.0 767.0 1494.0 778.0 1496.0 777.0 1501.0 small-vehicle 1
802.0 1486.0 801.0 1490.0 792.0 1487.0 794.0 1482.0 small-vehicle 1
691.0 1485.0 695.0 1481.0 702.0 1486.0 699.0 1490.0 small-vehicle 1
727.0 1395.0 731.0 1398.0 726.0 1404.0 722.0 1402.0 small-vehicle 1
723.0 1392.0 726.0 1395.0 722.0 1401.0 718.0 1400.0 small-vehicle 1
719.0 1388.0 723.0 1391.0 718.0 1400.0 714.0 1397.0 small-vehicle 1
798.0 1238.0 802.0 1238.0 804.0 1247.0 799.0 1248.0 small-vehicle 1
803.0 1238.0 808.0 1238.0 808.0 1247.0 804.0 1247.0 small-vehicle 1
808.0 1240.0 813.0 1240.0 813.0 1248.0 808.0 1248.0 small-vehicle 1
806.0 701.0 810.0 704.0 803.0 712.0 799.0 709.0 small-vehicle 1
842.0 1244.0 845.0 1245.0 845.0 1253.0 841.0 1254.0 small-vehicle 1
832.0 1243.0 836.0 1243.0 836.0 1253.0 831.0 1252.0 small-vehicle 1
823.0 1241.0 828.0 1242.0 827.0 1251.0 822.0 1251.0 small-vehicle 1
863.0 1195.0 864.0 1190.0 876.0 1191.0 876.0 1195.0 small-vehicle 1
865.0 1090.0 861.0 1092.0 856.0 1084.0 860.0 1081.0 small-vehicle 1
786.0 696.0 784.0 693.0 791.0 686.0 794.0 689.0 small-vehicle 1
799.0 707.0 797.0 704.0 802.0 697.0 806.0 701.0 small-vehicle 1
774.0 625.0 776.0 630.0 768.0 634.0 766.0 629.0 small-vehicle 1
821.0 1250.0 818.0 1250.0 818.0 1239.0 822.0 1239.0 small-vehicle 1
747.0 550.0 747.0 546.0 756.0 546.0 756.0 550.0 small-vehicle 1
747.0 563.0 747.0 560.0 757.0 559.0 758.0 563.0 small-vehicle 1
753.0 489.0 755.0 485.0 763.0 489.0 761.0 494.0 small-vehicle 1
758.0 481.0 759.0 477.0 767.0 481.0 764.0 484.0 small-vehicle 1
745.0 461.0 749.0 461.0 749.0 470.0 745.0 469.0 small-vehicle 1
749.0 461.0 754.0 461.0 754.0 470.0 750.0 470.0 small-vehicle 1
790.0 434.0 792.0 430.0 800.0 435.0 799.0 439.0 small-vehicle 1
915.0 1081.0 911.0 1081.0 911.0 1071.0 915.0 1070.0 small-vehicle 1
916.0 1072.0 920.0 1072.0 921.0 1082.0 916.0 1082.0 small-vehicle 1
924.0 1082.0 921.0 1081.0 921.0 1072.0 924.0 1072.0 small-vehicle 1
1013.0 1283.0 1010.0 1283.0 1010.0 1272.0 1013.0 1272.0 small-vehicle 1
1437.0 391.0 1437.0 396.0 1428.0 395.0 1429.0 390.0 small-vehicle 1
1463.0 355.0 1464.0 350.0 1471.0 352.0 1471.0 356.0 small-vehicle 1
1465.0 350.0 1465.0 346.0 1473.0 347.0 1472.0 352.0 small-vehicle 1
1473.0 344.0 1472.0 347.0 1467.0 346.0 1467.0 342.0 small-vehicle 1
1474.0 339.0 1473.0 343.0 1466.0 342.0 1467.0 338.0 small-vehicle 1
1382.0 304.0 1382.0 299.0 1392.0 299.0 1392.0 304.0 small-vehicle 1
1381.0 298.0 1381.0 292.0 1393.0 293.0 1393.0 299.0 small-vehicle 1
1274.0 1085.0 1270.0 1087.0 1265.0 1081.0 1268.0 1078.0 small-vehicle 1
1255.0 1274.0 1257.0 1270.0 1265.0 1272.0 1264.0 1277.0 small-vehicle 1
1178.0 1219.0 1177.0 1224.0 1166.0 1220.0 1168.0 1215.0 small-vehicle 1
1151.0 1215.0 1153.0 1211.0 1163.0 1213.0 1162.0 1219.0 small-vehicle 1
1014.0 1550.0 1009.0 1548.0 1013.0 1540.0 1018.0 1543.0 small-vehicle 1
990.0 1506.0 984.0 1506.0 984.0 1495.0 990.0 1495.0 small-vehicle 1
1058.0 1277.0 1062.0 1278.0 1062.0 1287.0 1059.0 1287.0 small-vehicle 1
1058.0 1286.0 1053.0 1285.0 1054.0 1276.0 1058.0 1276.0 small-vehicle 1
1043.0 1285.0 1038.0 1285.0 1038.0 1273.0 1044.0 1274.0 small-vehicle 1
1029.0 1283.0 1024.0 1283.0 1024.0 1273.0 1029.0 1273.0 small-vehicle 1
1438.0 395.0 1438.0 391.0 1448.0 394.0 1447.0 398.0 small-vehicle 1
1447.0 400.0 1447.0 404.0 1436.0 401.0 1436.0 398.0 small-vehicle 1
1425.0 408.0 1425.0 403.0 1436.0 405.0 1435.0 409.0 small-vehicle 1
1371.0 1029.0 1375.0 1026.0 1379.0 1035.0 1374.0 1036.0 small-vehicle 1
1317.0 1065.0 1316.0 1061.0 1326.0 1059.0 1326.0 1063.0 small-vehicle 1
618.0 1432.0 622.0 1429.0 628.0 1433.0 626.0 1437.0 small-vehicle 1
685.0 1460.0 687.0 1455.0 696.0 1460.0 692.0 1465.0 small-vehicle 1
387.0 912.0 391.0 916.0 385.0 924.0 381.0 922.0 small-vehicle 1
637.0 466.0 632.0 467.0 627.0 460.0 632.0 457.0 small-vehicle 1
91.0 600.0 87.0 602.0 82.0 596.0 87.0 594.0 small-vehicle 1
87.0 604.0 84.0 606.0 78.0 598.0 83.0 596.0 small-vehicle 1
1442.0 1034.0 1438.0 1037.0 1433.0 1028.0 1438.0 1025.0 small-vehicle 1
1443.0 422.0 1441.0 425.0 1431.0 422.0 1432.0 418.0 small-vehicle 1
1380.0 1025.0 1383.0 1023.0 1387.0 1030.0 1383.0 1033.0 small-vehicle 1
1300.0 1054.0 1304.0 1053.0 1309.0 1061.0 1305.0 1064.0 small-vehicle 1
1477.0 1369.0 1479.0 1365.0 1487.0 1369.0 1485.0 1373.0 small-vehicle 1
1459.0 1362.0 1457.0 1367.0 1448.0 1361.0 1449.0 1358.0 small-vehicle 1
1479.0 501.0 1478.0 495.0 1487.0 495.0 1488.0 501.0 small-vehicle 1
1439.0 474.0 1434.0 472.0 1437.0 460.0 1442.0 462.0 small-vehicle 1
1418.0 441.0 1419.0 436.0 1429.0 437.0 1428.0 442.0 small-vehicle 1
1014.0 1274.0 1018.0 1274.0 1018.0 1283.0 1014.0 1283.0 small-vehicle 1
1004.0 1283.0 999.0 1283.0 999.0 1274.0 1004.0 1274.0 small-vehicle 1
928.0 1082.0 924.0 1081.0 925.0 1072.0 930.0 1073.0 small-vehicle 1
998.0 1282.0 994.0 1282.0 993.0 1273.0 998.0 1273.0 small-vehicle 1
1011.0 1251.0 1014.0 1250.0 1014.0 1259.0 1011.0 1258.0 small-vehicle 1
996.0 1250.0 1000.0 1249.0 1001.0 1259.0 997.0 1260.0 small-vehicle 1
996.0 1259.0 991.0 1259.0 991.0 1250.0 995.0 1250.0 small-vehicle 1
987.0 1250.0 991.0 1250.0 991.0 1259.0 987.0 1259.0 small-vehicle 1
982.0 1251.0 986.0 1250.0 987.0 1259.0 982.0 1259.0 small-vehicle 1
978.0 1251.0 981.0 1250.0 982.0 1258.0 978.0 1258.0 small-vehicle 1
978.0 1258.0 973.0 1258.0 973.0 1251.0 977.0 1250.0 small-vehicle 1
968.0 1250.0 972.0 1250.0 972.0 1258.0 969.0 1258.0 small-vehicle 1
963.0 1250.0 967.0 1250.0 968.0 1258.0 964.0 1259.0 small-vehicle 1
958.0 1250.0 963.0 1250.0 964.0 1259.0 959.0 1260.0 small-vehicle 1
958.0 1260.0 954.0 1260.0 954.0 1250.0 958.0 1249.0 small-vehicle 1
954.0 1260.0 950.0 1260.0 949.0 1250.0 953.0 1250.0 small-vehicle 1
949.0 1260.0 945.0 1260.0 945.0 1250.0 949.0 1250.0 small-vehicle 1
940.0 1250.0 944.0 1250.0 944.0 1260.0 940.0 1260.0 small-vehicle 1
973.0 1205.0 974.0 1210.0 961.0 1210.0 960.0 1205.0 small-vehicle 1
822.0 1116.0 825.0 1113.0 829.0 1121.0 826.0 1123.0 small-vehicle 1
939.0 1052.0 944.0 1052.0 943.0 1061.0 938.0 1060.0 small-vehicle 1
1015.0 1250.0 1019.0 1250.0 1018.0 1259.0 1014.0 1259.0 small-vehicle 1
1022.0 1267.0 1022.0 1263.0 1032.0 1264.0 1032.0 1268.0 small-vehicle 1
1048.0 1251.0 1053.0 1251.0 1053.0 1263.0 1048.0 1263.0 small-vehicle 1
951.0 1274.0 956.0 1274.0 956.0 1284.0 952.0 1284.0 small-vehicle 1
984.0 1275.0 989.0 1275.0 989.0 1284.0 985.0 1284.0 small-vehicle 1
979.0 1275.0 985.0 1275.0 984.0 1284.0 980.0 1284.0 small-vehicle 1
980.0 1285.0 975.0 1284.0 975.0 1275.0 980.0 1275.0 small-vehicle 1
975.0 1284.0 970.0 1283.0 971.0 1273.0 975.0 1273.0 small-vehicle 1
969.0 1284.0 965.0 1283.0 965.0 1274.0 969.0 1274.0 small-vehicle 1
961.0 1274.0 965.0 1274.0 965.0 1283.0 960.0 1283.0 small-vehicle 1
960.0 1284.0 956.0 1284.0 957.0 1274.0 960.0 1274.0 small-vehicle 1
951.0 1284.0 947.0 1283.0 947.0 1274.0 951.0 1274.0 small-vehicle 1
1067.0 1256.0 1071.0 1256.0 1070.0 1264.0 1066.0 1264.0 small-vehicle 1
1135.0 1220.0 1136.0 1215.0 1144.0 1215.0 1144.0 1220.0 small-vehicle 1
1094.0 1116.0 1097.0 1118.0 1092.0 1128.0 1089.0 1125.0 small-vehicle 1
1085.0 1122.0 1081.0 1119.0 1087.0 1110.0 1090.0 1112.0 small-vehicle 1
1056.0 1070.0 1061.0 1071.0 1059.0 1080.0 1054.0 1079.0 small-vehicle 1
1054.0 1078.0 1049.0 1077.0 1051.0 1068.0 1056.0 1069.0 small-vehicle 1
1080.0 1266.0 1075.0 1265.0 1077.0 1255.0 1082.0 1256.0 small-vehicle 1
1072.0 1255.0 1077.0 1256.0 1075.0 1265.0 1070.0 1265.0 small-vehicle 1
715.0 1386.0 719.0 1389.0 714.0 1396.0 710.0 1394.0 small-vehicle 1
711.0 1384.0 715.0 1387.0 710.0 1393.0 706.0 1392.0 small-vehicle 1
706.0 1382.0 710.0 1384.0 705.0 1392.0 701.0 1390.0 small-vehicle 1
658.0 1563.0 660.0 1559.0 667.0 1565.0 665.0 1569.0 small-vehicle 1
652.0 1529.0 650.0 1531.0 643.0 1527.0 645.0 1523.0 small-vehicle 1
648.0 1531.0 646.0 1535.0 640.0 1530.0 642.0 1526.0 small-vehicle 1
646.0 1535.0 643.0 1539.0 636.0 1535.0 639.0 1530.0 small-vehicle 1
643.0 1539.0 640.0 1541.0 633.0 1538.0 636.0 1534.0 small-vehicle 1
640.0 1543.0 638.0 1546.0 630.0 1541.0 633.0 1538.0 small-vehicle 1
639.0 1547.0 637.0 1550.0 628.0 1547.0 630.0 1543.0 small-vehicle 1
635.0 1551.0 633.0 1554.0 626.0 1550.0 628.0 1546.0 small-vehicle 1
631.0 1554.0 629.0 1557.0 623.0 1552.0 625.0 1549.0 small-vehicle 1
669.0 1521.0 671.0 1517.0 678.0 1522.0 676.0 1525.0 small-vehicle 1
663.0 1530.0 664.0 1527.0 671.0 1532.0 668.0 1535.0 small-vehicle 1
669.0 1536.0 665.0 1539.0 659.0 1534.0 661.0 1530.0 small-vehicle 1
666.0 1539.0 664.0 1541.0 657.0 1537.0 659.0 1534.0 small-vehicle 1
664.0 1542.0 662.0 1545.0 654.0 1540.0 656.0 1536.0 small-vehicle 1
701.0 1516.0 699.0 1519.0 689.0 1512.0 692.0 1509.0 small-vehicle 1
642.0 1562.0 645.0 1559.0 650.0 1563.0 648.0 1568.0 small-vehicle 1
640.0 1566.0 643.0 1563.0 648.0 1569.0 646.0 1572.0 small-vehicle 1
653.0 1574.0 655.0 1571.0 663.0 1575.0 660.0 1578.0 small-vehicle 1
645.0 1523.0 648.0 1519.0 655.0 1525.0 652.0 1528.0 small-vehicle 1
648.0 1518.0 651.0 1515.0 657.0 1521.0 655.0 1525.0 small-vehicle 1
650.0 1515.0 653.0 1512.0 660.0 1517.0 657.0 1520.0 small-vehicle 1
635.0 1510.0 638.0 1507.0 645.0 1511.0 643.0 1515.0 small-vehicle 1
607.0 1531.0 605.0 1535.0 596.0 1530.0 599.0 1526.0 small-vehicle 1
604.0 1536.0 601.0 1538.0 594.0 1533.0 596.0 1531.0 small-vehicle 1
658.0 1475.0 660.0 1472.0 669.0 1476.0 666.0 1480.0 small-vehicle 1
656.0 1479.0 657.0 1476.0 665.0 1480.0 663.0 1483.0 small-vehicle 1
653.0 1483.0 655.0 1480.0 663.0 1484.0 661.0 1487.0 small-vehicle 1
650.0 1487.0 653.0 1483.0 659.0 1488.0 657.0 1491.0 small-vehicle 1
648.0 1492.0 650.0 1488.0 658.0 1493.0 655.0 1496.0 small-vehicle 1
641.0 1515.0 638.0 1519.0 632.0 1514.0 635.0 1510.0 small-vehicle 1
664.0 1510.0 661.0 1514.0 654.0 1510.0 657.0 1505.0 small-vehicle 1
631.0 1518.0 633.0 1516.0 638.0 1520.0 636.0 1524.0 small-vehicle 1
628.0 1523.0 631.0 1519.0 638.0 1525.0 635.0 1529.0 small-vehicle 1
626.0 1527.0 628.0 1524.0 636.0 1530.0 632.0 1532.0 small-vehicle 1
623.0 1531.0 624.0 1528.0 632.0 1533.0 630.0 1536.0 small-vehicle 1
667.0 1491.0 670.0 1487.0 676.0 1491.0 674.0 1494.0 small-vehicle 1
663.0 1494.0 666.0 1491.0 673.0 1497.0 670.0 1500.0 small-vehicle 1
657.0 1505.0 660.0 1500.0 666.0 1504.0 664.0 1508.0 small-vehicle 1
655.0 1569.0 657.0 1565.0 664.0 1570.0 662.0 1573.0 small-vehicle 1
671.0 1558.0 668.0 1562.0 662.0 1558.0 664.0 1553.0 small-vehicle 1
612.0 1524.0 610.0 1526.0 603.0 1522.0 605.0 1518.0 small-vehicle 1
664.0 1553.0 666.0 1550.0 675.0 1555.0 672.0 1558.0 small-vehicle 1
680.0 1568.0 681.0 1565.0 688.0 1570.0 686.0 1573.0 small-vehicle 1
677.0 1573.0 680.0 1569.0 686.0 1574.0 684.0 1577.0 small-vehicle 1
675.0 1576.0 677.0 1573.0 683.0 1577.0 682.0 1580.0 small-vehicle 1
681.0 1581.0 679.0 1583.0 673.0 1579.0 675.0 1577.0 small-vehicle 1
679.0 1584.0 677.0 1587.0 669.0 1583.0 672.0 1580.0 small-vehicle 1
692.0 1572.0 694.0 1569.0 703.0 1575.0 701.0 1577.0 small-vehicle 1
695.0 1568.0 698.0 1564.0 706.0 1570.0 704.0 1573.0 small-vehicle 1
687.0 1580.0 689.0 1576.0 698.0 1582.0 695.0 1585.0 small-vehicle 1
687.0 1585.0 688.0 1581.0 695.0 1586.0 693.0 1589.0 small-vehicle 1
693.0 1590.0 692.0 1592.0 683.0 1588.0 684.0 1584.0 small-vehicle 1
688.0 1592.0 687.0 1596.0 681.0 1592.0 682.0 1588.0 small-vehicle 1
769.0 1533.0 767.0 1536.0 760.0 1531.0 763.0 1528.0 small-vehicle 1
714.0 1592.0 712.0 1596.0 704.0 1591.0 707.0 1587.0 small-vehicle 1
703.0 1595.0 705.0 1592.0 711.0 1597.0 709.0 1600.0 small-vehicle 1
700.0 1599.0 703.0 1596.0 709.0 1600.0 706.0 1604.0 small-vehicle 1
730.0 1596.0 726.0 1599.0 720.0 1594.0 722.0 1591.0 small-vehicle 1
708.0 1610.0 711.0 1606.0 718.0 1612.0 715.0 1615.0 small-vehicle 1
682.0 1565.0 684.0 1561.0 691.0 1567.0 688.0 1570.0 small-vehicle 1
684.0 1560.0 688.0 1556.0 694.0 1560.0 691.0 1565.0 small-vehicle 1
688.0 1556.0 691.0 1553.0 697.0 1557.0 695.0 1561.0 small-vehicle 1
634.0 1174.0 633.0 1177.0 625.0 1173.0 627.0 1170.0 small-vehicle 1
670.0 1550.0 672.0 1546.0 677.0 1551.0 676.0 1554.0 small-vehicle 1
682.0 1542.0 680.0 1546.0 673.0 1542.0 674.0 1538.0 small-vehicle 1
692.0 1549.0 694.0 1545.0 701.0 1549.0 699.0 1552.0 small-vehicle 1
700.0 1553.0 698.0 1555.0 690.0 1551.0 692.0 1548.0 small-vehicle 1
693.0 1161.0 691.0 1165.0 683.0 1161.0 684.0 1157.0 small-vehicle 1
661.0 1130.0 655.0 1128.0 658.0 1119.0 663.0 1121.0 small-vehicle 1
647.0 1137.0 646.0 1141.0 638.0 1137.0 640.0 1133.0 small-vehicle 1
624.0 1196.0 622.0 1199.0 613.0 1194.0 615.0 1190.0 small-vehicle 1
189.0 726.0 190.0 721.0 198.0 721.0 198.0 726.0 small-vehicle 1
585.0 1031.0 586.0 1029.0 594.0 1033.0 591.0 1037.0 small-vehicle 1
626.0 1000.0 627.0 1003.0 620.0 1005.0 619.0 1001.0 small-vehicle 1
641.0 973.0 645.0 973.0 645.0 982.0 640.0 981.0 small-vehicle 1
632.0 972.0 637.0 971.0 636.0 980.0 632.0 979.0 small-vehicle 1
611.0 995.0 609.0 992.0 616.0 988.0 617.0 992.0 small-vehicle 1
596.0 1013.0 601.0 1012.0 601.0 1021.0 597.0 1021.0 small-vehicle 1
588.0 1004.0 592.0 1005.0 591.0 1013.0 587.0 1012.0 small-vehicle 1
610.0 1527.0 608.0 1531.0 600.0 1526.0 602.0 1521.0 small-vehicle 1
615.0 1520.0 611.0 1523.0 604.0 1518.0 606.0 1515.0 small-vehicle 1
647.0 1342.0 650.0 1343.0 647.0 1351.0 644.0 1350.0 small-vehicle 1
573.0 1494.0 570.0 1497.0 563.0 1492.0 566.0 1489.0 small-vehicle 1
588.0 1419.0 589.0 1415.0 597.0 1419.0 594.0 1422.0 small-vehicle 1
577.0 1434.0 581.0 1431.0 588.0 1435.0 585.0 1439.0 small-vehicle 1
575.0 1455.0 573.0 1458.0 564.0 1453.0 566.0 1449.0 small-vehicle 1
562.0 1458.0 564.0 1454.0 572.0 1459.0 569.0 1462.0 small-vehicle 1
562.0 1463.0 563.0 1460.0 571.0 1463.0 569.0 1467.0 small-vehicle 1
567.0 1467.0 564.0 1470.0 556.0 1464.0 559.0 1461.0 small-vehicle 1
555.0 1470.0 558.0 1465.0 565.0 1471.0 563.0 1475.0 small-vehicle 1
559.0 1478.0 556.0 1481.0 550.0 1478.0 553.0 1474.0 small-vehicle 1
556.0 1482.0 554.0 1485.0 546.0 1481.0 548.0 1477.0 small-vehicle 1
544.0 1485.0 546.0 1482.0 553.0 1487.0 551.0 1490.0 small-vehicle 1
551.0 1490.0 548.0 1493.0 542.0 1488.0 544.0 1484.0 small-vehicle 1
539.0 1491.0 541.0 1489.0 548.0 1494.0 545.0 1497.0 small-vehicle 1
545.0 1498.0 543.0 1500.0 535.0 1496.0 538.0 1492.0 small-vehicle 1
593.0 1450.0 595.0 1446.0 603.0 1451.0 600.0 1454.0 small-vehicle 1
595.0 1445.0 597.0 1440.0 605.0 1445.0 603.0 1449.0 small-vehicle 1
599.0 1438.0 603.0 1435.0 610.0 1439.0 608.0 1443.0 small-vehicle 1
574.0 1476.0 576.0 1473.0 584.0 1478.0 581.0 1481.0 small-vehicle 1
592.0 1412.0 595.0 1407.0 605.0 1412.0 602.0 1416.0 small-vehicle 1
598.0 1404.0 601.0 1400.0 609.0 1404.0 606.0 1409.0 small-vehicle 1
645.0 1384.0 642.0 1387.0 634.0 1383.0 635.0 1378.0 small-vehicle 1
736.0 1482.0 738.0 1478.0 747.0 1483.0 744.0 1487.0 small-vehicle 1
789.0 1478.0 787.0 1481.0 779.0 1477.0 781.0 1473.0 small-vehicle 1
794.0 1519.0 796.0 1516.0 803.0 1520.0 801.0 1523.0 small-vehicle 1
778.0 1510.0 780.0 1506.0 787.0 1510.0 785.0 1514.0 small-vehicle 1
782.0 1502.0 784.0 1497.0 792.0 1502.0 791.0 1505.0 small-vehicle 1
761.0 1471.0 763.0 1467.0 771.0 1472.0 769.0 1476.0 small-vehicle 1
769.0 1477.0 768.0 1480.0 758.0 1475.0 761.0 1472.0 small-vehicle 1
757.0 1491.0 755.0 1494.0 747.0 1490.0 749.0 1486.0 small-vehicle 1
732.0 1451.0 734.0 1448.0 741.0 1452.0 739.0 1456.0 small-vehicle 1
631.0 1408.0 629.0 1411.0 621.0 1406.0 623.0 1402.0 small-vehicle 1
708.0 1460.0 710.0 1457.0 719.0 1461.0 717.0 1464.0 small-vehicle 1
693.0 1448.0 695.0 1445.0 702.0 1449.0 701.0 1453.0 small-vehicle 1
701.0 1442.0 703.0 1438.0 711.0 1442.0 709.0 1446.0 small-vehicle 1
635.0 1426.0 633.0 1430.0 626.0 1426.0 629.0 1422.0 small-vehicle 1
659.0 1438.0 661.0 1434.0 669.0 1437.0 667.0 1441.0 small-vehicle 1
669.0 1427.0 671.0 1423.0 680.0 1427.0 677.0 1430.0 small-vehicle 1
677.0 1411.0 680.0 1405.0 687.0 1410.0 685.0 1414.0 small-vehicle 1
566.0 1488.0 568.0 1485.0 575.0 1490.0 574.0 1493.0 small-vehicle 1
554.0 1509.0 556.0 1505.0 564.0 1509.0 561.0 1513.0 small-vehicle 1
611.0 1512.0 611.0 1508.0 619.0 1511.0 618.0 1515.0 small-vehicle 1
614.0 1440.0 617.0 1436.0 624.0 1441.0 622.0 1445.0 small-vehicle 1
607.0 1493.0 610.0 1489.0 617.0 1494.0 613.0 1498.0 small-vehicle 1
604.0 1496.0 606.0 1492.0 613.0 1497.0 610.0 1501.0 small-vehicle 1
601.0 1500.0 603.0 1496.0 610.0 1501.0 607.0 1505.0 small-vehicle 1
596.0 1509.0 599.0 1505.0 606.0 1510.0 604.0 1513.0 small-vehicle 1
648.0 1458.0 650.0 1454.0 657.0 1459.0 654.0 1461.0 small-vehicle 1
653.0 1461.0 650.0 1464.0 643.0 1459.0 645.0 1455.0 small-vehicle 1
643.0 1466.0 645.0 1462.0 652.0 1466.0 649.0 1470.0 small-vehicle 1
639.0 1468.0 642.0 1465.0 648.0 1470.0 646.0 1473.0 small-vehicle 1
635.0 1472.0 637.0 1470.0 645.0 1474.0 643.0 1478.0 small-vehicle 1
633.0 1476.0 635.0 1473.0 643.0 1477.0 640.0 1481.0 small-vehicle 1
630.0 1480.0 632.0 1476.0 640.0 1482.0 637.0 1485.0 small-vehicle 1
635.0 1489.0 633.0 1492.0 628.0 1488.0 629.0 1484.0 small-vehicle 1
633.0 1494.0 632.0 1497.0 623.0 1492.0 626.0 1487.0 small-vehicle 1
630.0 1496.0 628.0 1499.0 620.0 1496.0 622.0 1492.0 small-vehicle 1
617.0 1499.0 620.0 1496.0 627.0 1501.0 625.0 1504.0 small-vehicle 1
615.0 1504.0 615.0 1499.0 624.0 1505.0 622.0 1507.0 small-vehicle 1
622.0 1508.0 621.0 1511.0 612.0 1508.0 615.0 1503.0 small-vehicle 1
618.0 1473.0 620.0 1468.0 628.0 1473.0 625.0 1477.0 small-vehicle 1
623.0 1469.0 624.0 1465.0 632.0 1470.0 629.0 1474.0 small-vehicle 1
625.0 1464.0 627.0 1462.0 634.0 1466.0 633.0 1470.0 small-vehicle 1
578.0 1497.0 582.0 1493.0 588.0 1498.0 585.0 1502.0 small-vehicle 1
612.0 1444.0 614.0 1441.0 622.0 1446.0 620.0 1450.0 small-vehicle 1
609.0 1448.0 612.0 1445.0 618.0 1449.0 615.0 1453.0 small-vehicle 1
605.0 1452.0 608.0 1448.0 615.0 1453.0 613.0 1457.0 small-vehicle 1
598.0 1465.0 601.0 1460.0 608.0 1465.0 605.0 1469.0 small-vehicle 1
584.0 1485.0 587.0 1481.0 595.0 1487.0 592.0 1490.0 small-vehicle 1
584.0 1489.0 587.0 1486.0 593.0 1491.0 590.0 1493.0 small-vehicle 1
581.0 1493.0 584.0 1490.0 590.0 1494.0 588.0 1498.0 small-vehicle 1
575.0 1500.0 578.0 1496.0 584.0 1501.0 581.0 1504.0 small-vehicle 1
627.0 1462.0 630.0 1458.0 637.0 1462.0 635.0 1466.0 small-vehicle 1
573.0 1504.0 575.0 1501.0 582.0 1506.0 579.0 1509.0 small-vehicle 1
580.0 1509.0 576.0 1512.0 570.0 1507.0 572.0 1504.0 small-vehicle 1
577.0 1513.0 575.0 1516.0 567.0 1511.0 570.0 1508.0 small-vehicle 1
575.0 1516.0 572.0 1520.0 566.0 1515.0 569.0 1511.0 small-vehicle 1
645.0 1451.0 642.0 1454.0 634.0 1448.0 637.0 1445.0 small-vehicle 1
632.0 1452.0 635.0 1448.0 642.0 1454.0 639.0 1458.0 small-vehicle 1
630.0 1458.0 632.0 1453.0 640.0 1459.0 637.0 1462.0 small-vehicle 1
614.0 560.0 624.0 548.0 655.0 571.0 644.0 586.0 swimming-pool 0
