imagesource:GoogleEarth
gsd:0.285372044152
517.0 1016.0 524.0 1017.0 520.0 1034.0 514.0 1033.0 small-vehicle 1
704.0 538.0 684.0 688.0 540.0 663.0 566.0 517.0 baseball-diamond 0
534.0 355.0 552.0 210.0 696.0 226.0 681.0 374.0 baseball-diamond 0
988.0 592.0 916.0 630.0 879.0 559.0 949.0 517.0 baseball-diamond 0
1124.0 713.0 1131.0 602.0 1214.0 609.0 1212.0 726.0 baseball-diamond 0
981.0 780.0 979.0 876.0 878.0 871.0 880.0 771.0 baseball-diamond 0
82.0 75.0 116.0 75.0 116.0 97.0 82.0 97.0 swimming-pool 0
535.0 881.0 540.0 892.0 520.0 900.0 514.0 892.0 large-vehicle 0
658.0 882.0 652.0 891.0 634.0 880.0 639.0 870.0 large-vehicle 0
150.0 466.0 139.0 466.0 140.0 444.0 150.0 443.0 small-vehicle 1
509.0 867.0 508.0 857.0 526.0 855.0 527.0 863.0 small-vehicle 1
538.0 899.0 542.0 909.0 522.0 916.0 518.0 909.0 small-vehicle 1
502.0 1026.0 337.0 1082.0 272.0 915.0 438.0 865.0 baseball-diamond 0
520.0 1110.0 530.0 992.0 660.0 1002.0 656.0 1121.0 baseball-diamond 0
447.0 1155.0 446.0 1302.0 292.0 1297.0 293.0 1154.0 baseball-diamond 0
486.0 1162.0 625.0 1172.0 613.0 1313.0 474.0 1301.0 baseball-diamond 0
465.0 175.0 463.0 187.0 433.0 183.0 435.0 169.0 small-vehicle 1
624.0 1553.0 632.0 1553.0 631.0 1570.0 624.0 1570.0 small-vehicle 1
420.0 709.0 424.0 703.0 439.0 711.0 436.0 718.0 small-vehicle 1
933.0 1571.0 923.0 1570.0 924.0 1553.0 933.0 1553.0 small-vehicle 1
932.0 975.0 932.0 964.0 957.0 963.0 957.0 974.0 small-vehicle 1
1145.0 170.0 1145.0 162.0 1168.0 165.0 1167.0 173.0 small-vehicle 1
1041.0 86.0 1042.0 76.0 1065.0 77.0 1065.0 86.0 small-vehicle 1
1040.0 95.0 1040.0 86.0 1062.0 86.0 1063.0 96.0 small-vehicle 1
1068.0 107.0 1068.0 115.0 1045.0 116.0 1044.0 109.0 small-vehicle 1
1173.0 175.0 1174.0 186.0 1143.0 188.0 1143.0 175.0 large-vehicle 0
1077.0 323.0 1082.0 315.0 1101.0 327.0 1096.0 336.0 large-vehicle 0
1012.0 1027.0 1012.0 1037.0 993.0 1036.0 992.0 1026.0 large-vehicle 0
40.0 273.0 48.0 274.0 47.0 291.0 40.0 290.0 small-vehicle 1
52.0 616.0 53.0 608.0 75.0 610.0 75.0 617.0 small-vehicle 1
214.0 1543.0 222.0 1543.0 222.0 1560.0 214.0 1558.0 small-vehicle 1
491.0 1561.0 484.0 1560.0 484.0 1545.0 491.0 1544.0 small-vehicle 1
949.0 305.0 1034.0 305.0 1034.0 382.0 949.0 382.0 storage-tank 0
