imagesource:GoogleEarth
gsd:0.275423846441
614.0 112.0 617.0 122.0 596.0 128.0 592.0 120.0 small-vehicle 1
304.0 410.0 328.0 480.0 249.0 506.0 228.0 436.0 plane 0
987.0 44.0 985.0 36.0 1007.0 34.0 1009.0 43.0 small-vehicle 0
934.0 22.0 933.0 34.0 909.0 34.0 912.0 23.0 small-vehicle 0
936.0 34.0 935.0 45.0 913.0 43.0 914.0 33.0 small-vehicle 0
934.0 45.0 935.0 56.0 914.0 53.0 913.0 43.0 small-vehicle 0
933.0 58.0 945.0 59.0 944.0 79.0 936.0 80.0 small-vehicle 0
955.0 56.0 966.0 57.0 965.0 78.0 954.0 76.0 small-vehicle 0
952.0 128.0 939.0 128.0 936.0 106.0 948.0 106.0 small-vehicle 0
343.0 483.0 376.0 572.0 291.0 603.0 256.0 512.0 plane 0
276.0 337.0 299.0 403.0 223.0 429.0 200.0 360.0 plane 0
858.0 224.0 851.0 230.0 841.0 216.0 846.0 211.0 small-vehicle 1
667.0 354.0 688.0 414.0 634.0 433.0 615.0 371.0 plane 0
642.0 284.0 663.0 340.0 605.0 361.0 585.0 304.0 plane 0
460.0 293.0 488.0 364.0 414.0 395.0 387.0 324.0 plane 0
432.0 218.0 456.0 287.0 378.0 316.0 352.0 243.0 plane 0
1078.0 345.0 1085.0 238.0 1184.0 245.0 1175.0 355.0 plane 0
1020.0 243.0 932.0 241.0 934.0 142.0 1024.0 145.0 plane 0
509.0 595.0 505.0 585.0 546.0 570.0 549.0 581.0 large-vehicle 0
379.0 203.0 382.0 209.0 351.0 227.0 346.0 217.0 large-vehicle 0
985.0 34.0 983.0 26.0 1003.0 22.0 1004.0 32.0 small-vehicle 0
984.0 28.0 979.0 16.0 1002.0 13.0 1005.0 19.0 small-vehicle 0
1034.0 49.0 1032.0 37.0 1054.0 35.0 1057.0 45.0 small-vehicle 0
738.0 34.0 731.0 22.0 753.0 13.0 760.0 23.0 small-vehicle 0
848.0 233.0 841.0 237.0 832.0 221.0 841.0 217.0 small-vehicle 1
835.0 238.0 827.0 241.0 819.0 223.0 827.0 220.0 small-vehicle 1
1010.0 123.0 1001.0 125.0 995.0 106.0 1005.0 104.0 small-vehicle 1
979.0 107.0 989.0 107.0 990.0 127.0 980.0 127.0 small-vehicle 1
979.0 127.0 970.0 127.0 970.0 107.0 979.0 106.0 small-vehicle 1
987.0 56.0 986.0 47.0 1006.0 45.0 1007.0 55.0 small-vehicle 1
1036.0 56.0 1034.0 46.0 1057.0 43.0 1060.0 54.0 small-vehicle 1
1059.0 65.0 1059.0 75.0 1035.0 74.0 1036.0 64.0 small-vehicle 1
1035.0 86.0 1034.0 76.0 1062.0 75.0 1064.0 85.0 small-vehicle 1
340.0 223.0 341.0 231.0 319.0 235.0 318.0 228.0 small-vehicle 0
843.0 78.0 852.0 70.0 868.0 90.0 856.0 98.0 small-vehicle 0
1020.0 127.0 1011.0 127.0 1009.0 106.0 1019.0 106.0 small-vehicle 0
1043.0 128.0 1027.0 128.0 1028.0 105.0 1041.0 107.0 small-vehicle 0
1031.0 129.0 1020.0 129.0 1019.0 108.0 1029.0 107.0 small-vehicle 0
971.0 127.0 961.0 128.0 960.0 107.0 969.0 107.0 small-vehicle 0
976.0 58.0 984.0 58.0 988.0 75.0 978.0 76.0 small-vehicle 0
1032.0 34.0 1032.0 26.0 1051.0 25.0 1052.0 35.0 small-vehicle 0
441.0 181.0 445.0 189.0 404.0 206.0 399.0 195.0 large-vehicle 0
