imagesource:GoogleEarth
gsd:0.284927774573
454.0 1047.0 465.0 1041.0 478.0 1058.0 470.0 1063.0 small-vehicle 1
393.0 1058.0 394.0 1049.0 410.0 1051.0 411.0 1059.0 small-vehicle 0
461.0 1115.0 470.0 1111.0 476.0 1129.0 467.0 1131.0 small-vehicle 1
449.0 1089.0 459.0 1086.0 466.0 1103.0 456.0 1107.0 small-vehicle 1
457.0 1081.0 450.0 1086.0 440.0 1071.0 448.0 1066.0 small-vehicle 1
411.0 633.0 422.0 630.0 429.0 652.0 418.0 655.0 small-vehicle 1
400.0 638.0 411.0 636.0 417.0 657.0 407.0 660.0 small-vehicle 1
958.0 527.0 1020.0 388.0 1154.0 454.0 1092.0 583.0 baseball-diamond 0
749.0 434.0 658.0 392.0 705.0 301.0 793.0 346.0 baseball-diamond 0
600.0 1162.0 663.0 1162.0 663.0 1227.0 600.0 1227.0 roundabout 0
983.0 1178.0 1046.0 1178.0 1046.0 1245.0 983.0 1245.0 roundabout 0
588.0 58.0 654.0 58.0 654.0 123.0 588.0 123.0 roundabout 0
62.0 643.0 284.0 560.0 422.0 922.0 198.0 1005.0 soccer-ball-field 0
328.0 1358.0 561.0 1369.0 548.0 1753.0 315.0 1743.0 soccer-ball-field 0
1149.0 1730.0 1162.0 1460.0 591.0 1436.0 581.0 1708.0 ground-track-field 0
1017.0 1398.0 1211.0 1408.0 1195.0 1760.0 1001.0 1753.0 soccer-ball-field 0
682.0 1376.0 916.0 1386.0 900.0 1767.0 666.0 1757.0 soccer-ball-field 0
214.0 405.0 253.0 406.0 250.0 490.0 211.0 490.0 tennis-court 0
422.0 234.0 462.0 236.0 458.0 319.0 419.0 317.0 tennis-court 0
364.0 232.0 404.0 234.0 400.0 317.0 360.0 316.0 tennis-court 0
306.0 231.0 346.0 232.0 343.0 315.0 303.0 316.0 tennis-court 0
228.0 227.0 268.0 230.0 265.0 313.0 224.0 311.0 tennis-court 0
170.0 227.0 211.0 228.0 207.0 310.0 167.0 309.0 tennis-court 0
113.0 224.0 152.0 225.0 150.0 309.0 111.0 308.0 tennis-court 0
498.0 84.0 538.0 86.0 535.0 168.0 496.0 167.0 tennis-court 0
440.0 83.0 479.0 83.0 477.0 166.0 438.0 166.0 tennis-court 0
383.0 80.0 422.0 82.0 419.0 164.0 380.0 165.0 tennis-court 0
305.0 77.0 343.0 79.0 341.0 161.0 302.0 162.0 tennis-court 0
248.0 75.0 287.0 77.0 284.0 159.0 244.0 159.0 tennis-court 0
509.0 231.0 515.0 223.0 533.0 235.0 527.0 242.0 small-vehicle 0
370.0 1091.0 380.0 1087.0 387.0 1106.0 377.0 1109.0 small-vehicle 0
664.0 1082.0 663.0 1091.0 640.0 1089.0 639.0 1081.0 small-vehicle 1
396.0 1134.0 385.0 1136.0 378.0 1117.0 389.0 1116.0 small-vehicle 0
818.0 1086.0 820.0 1078.0 838.0 1082.0 836.0 1089.0 small-vehicle 1
1087.0 1207.0 1089.0 1200.0 1108.0 1205.0 1106.0 1212.0 small-vehicle 1
842.0 691.0 967.0 742.0 912.0 859.0 790.0 804.0 baseball-diamond 0
683.0 570.0 691.0 567.0 697.0 583.0 689.0 586.0 small-vehicle 1
666.0 665.0 671.0 672.0 654.0 680.0 650.0 673.0 small-vehicle 1
671.0 676.0 676.0 682.0 656.0 695.0 652.0 689.0 small-vehicle 1
601.0 1007.0 601.0 997.0 624.0 999.0 624.0 1009.0 small-vehicle 1
601.0 1026.0 601.0 1016.0 623.0 1017.0 622.0 1027.0 small-vehicle 1
601.0 1052.0 600.0 1045.0 620.0 1045.0 619.0 1052.0 small-vehicle 1
597.0 1061.0 598.0 1053.0 618.0 1054.0 617.0 1062.0 small-vehicle 1
601.0 1070.0 601.0 1063.0 621.0 1064.0 621.0 1071.0 small-vehicle 1
601.0 1080.0 600.0 1072.0 618.0 1073.0 618.0 1081.0 small-vehicle 1
597.0 1089.0 597.0 1081.0 617.0 1083.0 617.0 1090.0 small-vehicle 1
601.0 1100.0 600.0 1092.0 619.0 1093.0 619.0 1101.0 small-vehicle 1
365.0 1055.0 366.0 1045.0 388.0 1047.0 388.0 1057.0 small-vehicle 1
404.0 1088.0 413.0 1085.0 419.0 1103.0 410.0 1105.0 small-vehicle 1
396.0 1091.0 403.0 1089.0 408.0 1104.0 400.0 1107.0 small-vehicle 1
354.0 1097.0 363.0 1095.0 370.0 1112.0 361.0 1114.0 small-vehicle 1
383.0 1089.0 393.0 1087.0 398.0 1104.0 388.0 1104.0 small-vehicle 1
410.0 1132.0 418.0 1129.0 427.0 1145.0 418.0 1149.0 small-vehicle 1
429.0 1150.0 438.0 1147.0 446.0 1163.0 437.0 1168.0 small-vehicle 1
420.0 1155.0 428.0 1150.0 436.0 1166.0 428.0 1170.0 small-vehicle 1
312.0 1167.0 311.0 1174.0 296.0 1172.0 296.0 1165.0 small-vehicle 1
375.0 1154.0 384.0 1151.0 391.0 1168.0 383.0 1171.0 small-vehicle 0
391.0 1147.0 399.0 1145.0 406.0 1160.0 397.0 1163.0 small-vehicle 0
406.0 1149.0 416.0 1144.0 422.0 1160.0 413.0 1164.0 small-vehicle 0
391.0 1111.0 402.0 1109.0 406.0 1125.0 396.0 1128.0 small-vehicle 0
189.0 74.0 228.0 75.0 227.0 158.0 187.0 157.0 tennis-court 0
