imagesource:GoogleEarth
gsd:0.29258117546
103.0 793.0 115.0 795.0 112.0 818.0 103.0 818.0 small-vehicle 1
441.0 1279.0 403.0 1281.0 402.0 1251.0 439.0 1250.0 plane 0
280.0 1456.0 273.0 1463.0 261.0 1454.0 264.0 1447.0 small-vehicle 0
430.0 1632.0 400.0 1630.0 401.0 1609.0 432.0 1612.0 plane 0
421.0 1536.0 460.0 1537.0 458.0 1560.0 421.0 1560.0 plane 0
390.0 1472.0 412.0 1441.0 433.0 1457.0 411.0 1488.0 plane 0
450.0 1424.0 490.0 1426.0 489.0 1456.0 450.0 1454.0 plane 0
397.0 1413.0 440.0 1398.0 452.0 1430.0 413.0 1447.0 plane 0
348.0 1393.0 350.0 1350.0 379.0 1353.0 375.0 1395.0 plane 0
278.0 1354.0 273.0 1389.0 244.0 1385.0 249.0 1349.0 plane 0
497.0 1280.0 457.0 1281.0 457.0 1252.0 496.0 1252.0 plane 0
466.0 1245.0 426.0 1243.0 428.0 1208.0 468.0 1210.0 plane 0
468.0 1160.0 429.0 1159.0 429.0 1129.0 468.0 1130.0 plane 0
247.0 1472.0 239.0 1478.0 225.0 1462.0 233.0 1457.0 small-vehicle 0
413.0 802.0 477.0 809.0 473.0 860.0 407.0 856.0 plane 0
473.0 606.0 472.0 633.0 452.0 633.0 452.0 605.0 plane 0
446.0 579.0 445.0 611.0 426.0 610.0 427.0 579.0 plane 0
422.0 566.0 422.0 528.0 448.0 526.0 449.0 566.0 plane 0
479.0 555.0 475.0 593.0 447.0 589.0 451.0 551.0 plane 0
480.0 507.0 478.0 544.0 450.0 543.0 453.0 504.0 plane 0
442.0 311.0 439.0 349.0 408.0 347.0 412.0 308.0 plane 0
538.0 336.0 537.0 379.0 503.0 377.0 506.0 336.0 plane 0
540.0 264.0 538.0 302.0 512.0 301.0 515.0 262.0 plane 0
542.0 164.0 538.0 200.0 513.0 198.0 516.0 161.0 plane 0
257.0 1467.0 250.0 1473.0 238.0 1461.0 245.0 1455.0 small-vehicle 0
231.0 1411.0 241.0 1411.0 240.0 1432.0 230.0 1430.0 small-vehicle 0
61.0 791.0 70.0 791.0 68.0 813.0 60.0 813.0 large-vehicle 0
138.0 1098.0 130.0 1098.0 131.0 1078.0 139.0 1079.0 small-vehicle 0
306.0 785.0 298.0 786.0 297.0 760.0 307.0 759.0 large-vehicle 0
152.0 1080.0 160.0 1081.0 158.0 1099.0 150.0 1097.0 small-vehicle 1
418.0 1080.0 412.0 1079.0 411.0 1061.0 418.0 1062.0 small-vehicle 1
58.0 918.0 59.0 910.0 78.0 914.0 76.0 921.0 small-vehicle 1
81.0 750.0 89.0 751.0 87.0 765.0 79.0 763.0 small-vehicle 1
278.0 495.0 265.0 494.0 264.0 462.0 276.0 462.0 ship 1
141.0 1078.0 150.0 1079.0 149.0 1097.0 141.0 1097.0 small-vehicle 0
158.0 1144.0 150.0 1141.0 153.0 1119.0 162.0 1120.0 small-vehicle 0
90.0 1146.0 81.0 1147.0 77.0 1125.0 87.0 1124.0 small-vehicle 0
64.0 1126.0 72.0 1124.0 76.0 1144.0 67.0 1146.0 small-vehicle 0
310.0 788.0 311.0 779.0 331.0 783.0 330.0 790.0 small-vehicle 0
221.0 1410.0 231.0 1410.0 231.0 1428.0 222.0 1427.0 small-vehicle 0
38.0 789.0 48.0 789.0 47.0 810.0 38.0 810.0 small-vehicle 0
59.0 749.0 70.0 748.0 70.0 764.0 60.0 764.0 small-vehicle 0
276.0 498.0 283.0 497.0 284.0 512.0 276.0 513.0 small-vehicle 0
294.0 481.0 304.0 483.0 298.0 505.0 288.0 500.0 small-vehicle 0
181.0 1486.0 191.0 1486.0 189.0 1506.0 181.0 1505.0 small-vehicle 0
200.0 1485.0 211.0 1484.0 210.0 1503.0 201.0 1503.0 small-vehicle 0
242.0 1488.0 255.0 1488.0 255.0 1508.0 243.0 1509.0 small-vehicle 0
263.0 1488.0 275.0 1489.0 275.0 1506.0 263.0 1506.0 small-vehicle 0
198.0 1409.0 209.0 1409.0 209.0 1428.0 197.0 1428.0 small-vehicle 0
209.0 1409.0 219.0 1409.0 220.0 1428.0 211.0 1427.0 small-vehicle 0
442.0 111.0 442.0 147.0 417.0 148.0 418.0 108.0 plane 0
