imagesource:GoogleEarth
gsd:0.270569072061
2937.0 729.0 2934.0 740.0 2915.0 737.0 2919.0 725.0 small-vehicle 1
1348.0 231.0 1398.0 233.0 1396.0 271.0 1346.0 269.0 plane 0
724.0 1023.0 724.0 983.0 757.0 982.0 757.0 1025.0 plane 0
774.0 1170.0 732.0 1172.0 730.0 1133.0 773.0 1133.0 plane 0
743.0 1230.0 729.0 1193.0 758.0 1182.0 772.0 1219.0 plane 0
131.0 1216.0 125.0 1260.0 88.0 1255.0 93.0 1211.0 plane 0
723.0 786.0 726.0 750.0 756.0 752.0 754.0 789.0 plane 0
735.0 1237.0 779.0 1236.0 781.0 1273.0 737.0 1274.0 plane 0
1445.0 228.0 1487.0 236.0 1482.0 265.0 1441.0 258.0 plane 0
586.0 761.0 584.0 716.0 619.0 715.0 620.0 760.0 plane 0
1491.0 234.0 1532.0 242.0 1526.0 271.0 1485.0 264.0 plane 0
2789.0 490.0 2747.0 482.0 2753.0 449.0 2795.0 456.0 plane 0
2734.0 422.0 2771.0 426.0 2767.0 457.0 2729.0 453.0 plane 0
2745.0 477.0 2704.0 475.0 2707.0 447.0 2747.0 449.0 plane 0
2698.0 470.0 2657.0 466.0 2660.0 438.0 2702.0 442.0 plane 0
2645.0 409.0 2684.0 414.0 2681.0 442.0 2642.0 437.0 plane 0
586.0 804.0 584.0 765.0 617.0 766.0 618.0 803.0 plane 0
597.0 842.0 561.0 885.0 514.0 844.0 551.0 803.0 plane 0
2469.0 1167.0 2438.0 1144.0 2456.0 1122.0 2486.0 1146.0 plane 0
268.0 1186.0 222.0 1186.0 222.0 1147.0 268.0 1148.0 plane 0
1622.0 1055.0 1580.0 1055.0 1580.0 1024.0 1622.0 1026.0 plane 0
127.0 1275.0 128.0 1318.0 89.0 1319.0 88.0 1275.0 plane 0
203.0 1246.0 181.0 1284.0 148.0 1265.0 171.0 1226.0 plane 0
299.0 1280.0 299.0 1324.0 261.0 1326.0 262.0 1279.0 plane 0
160.0 1187.0 111.0 1187.0 112.0 1151.0 160.0 1151.0 plane 0
214.0 1189.0 165.0 1188.0 167.0 1150.0 216.0 1153.0 plane 0
321.0 1186.0 274.0 1185.0 277.0 1147.0 322.0 1149.0 plane 0
537.0 868.0 574.0 905.0 526.0 950.0 489.0 915.0 plane 0
363.0 1107.0 365.0 1157.0 317.0 1160.0 315.0 1109.0 plane 0
348.0 1052.0 347.0 1095.0 318.0 1096.0 319.0 1052.0 plane 0
360.0 943.0 358.0 981.0 333.0 981.0 333.0 943.0 plane 0
372.0 888.0 370.0 928.0 337.0 928.0 337.0 887.0 plane 0
413.0 861.0 380.0 885.0 362.0 858.0 396.0 835.0 plane 0
456.0 831.0 426.0 853.0 407.0 826.0 437.0 803.0 plane 0
2652.0 467.0 2613.0 462.0 2616.0 434.0 2656.0 439.0 plane 0
2603.0 406.0 2635.0 410.0 2630.0 438.0 2599.0 433.0 plane 0
2611.0 457.0 2568.0 451.0 2573.0 420.0 2615.0 426.0 plane 0
905.0 1296.0 916.0 1296.0 915.0 1315.0 906.0 1315.0 small-vehicle 1
771.0 1345.0 780.0 1345.0 780.0 1364.0 772.0 1364.0 small-vehicle 1
782.0 1346.0 789.0 1347.0 790.0 1364.0 781.0 1365.0 small-vehicle 1
801.0 1364.0 790.0 1364.0 790.0 1347.0 799.0 1346.0 small-vehicle 1
801.0 1348.0 813.0 1348.0 812.0 1365.0 801.0 1365.0 small-vehicle 1
851.0 1296.0 861.0 1295.0 859.0 1309.0 850.0 1309.0 small-vehicle 1
895.0 1295.0 905.0 1296.0 905.0 1314.0 895.0 1313.0 small-vehicle 1
917.0 1296.0 927.0 1295.0 927.0 1315.0 916.0 1313.0 small-vehicle 1
2510.0 392.0 2550.0 398.0 2546.0 425.0 2507.0 418.0 plane 0
947.0 1299.0 959.0 1298.0 959.0 1314.0 949.0 1314.0 small-vehicle 1
959.0 1297.0 970.0 1298.0 969.0 1313.0 960.0 1313.0 small-vehicle 1
971.0 1295.0 981.0 1295.0 980.0 1312.0 971.0 1312.0 small-vehicle 1
1010.0 1272.0 1019.0 1273.0 1019.0 1290.0 1009.0 1290.0 small-vehicle 1
996.0 1293.0 1005.0 1292.0 1004.0 1312.0 995.0 1310.0 small-vehicle 1
936.0 1235.0 927.0 1235.0 927.0 1218.0 934.0 1218.0 small-vehicle 1
769.0 1363.0 761.0 1363.0 759.0 1343.0 770.0 1344.0 small-vehicle 1
758.0 1366.0 748.0 1366.0 746.0 1344.0 758.0 1344.0 small-vehicle 1
632.0 1315.0 632.0 1325.0 605.0 1323.0 605.0 1314.0 small-vehicle 1
610.0 1314.0 609.0 1303.0 628.0 1305.0 629.0 1314.0 small-vehicle 1
606.0 1273.0 606.0 1262.0 631.0 1261.0 630.0 1271.0 small-vehicle 1
629.0 1137.0 628.0 1146.0 610.0 1145.0 609.0 1137.0 small-vehicle 1
610.0 1135.0 610.0 1127.0 630.0 1127.0 628.0 1135.0 small-vehicle 1
610.0 1114.0 610.0 1104.0 630.0 1106.0 629.0 1116.0 small-vehicle 1
624.0 1096.0 624.0 1104.0 603.0 1103.0 602.0 1095.0 small-vehicle 1
605.0 1050.0 605.0 1040.0 627.0 1043.0 627.0 1052.0 small-vehicle 1
610.0 1022.0 609.0 1010.0 628.0 1010.0 630.0 1019.0 small-vehicle 1
625.0 1000.0 626.0 1009.0 608.0 1009.0 608.0 1001.0 small-vehicle 1
606.0 999.0 606.0 990.0 630.0 990.0 630.0 999.0 small-vehicle 1
625.0 969.0 627.0 977.0 605.0 980.0 603.0 970.0 small-vehicle 1
610.0 989.0 610.0 978.0 629.0 981.0 630.0 989.0 small-vehicle 1
2432.0 435.0 2391.0 430.0 2394.0 397.0 2436.0 403.0 plane 0
2422.0 373.0 2464.0 380.0 2457.0 412.0 2417.0 404.0 plane 0
2924.0 1275.0 2925.0 1316.0 2896.0 1314.0 2897.0 1274.0 plane 0
2805.0 1198.0 2792.0 1158.0 2822.0 1147.0 2837.0 1187.0 plane 0
987.0 1291.0 976.0 1290.0 974.0 1272.0 986.0 1270.0 small-vehicle 1
2389.0 429.0 2343.0 423.0 2346.0 388.0 2393.0 393.0 plane 0
1827.0 419.0 1866.0 426.0 1863.0 452.0 1823.0 446.0 plane 0
1874.0 424.0 1917.0 433.0 1911.0 464.0 1869.0 456.0 plane 0
1920.0 432.0 1966.0 439.0 1961.0 469.0 1917.0 462.0 plane 0
2364.0 551.0 2358.0 630.0 2250.0 618.0 2258.0 543.0 plane 0
2185.0 597.0 2238.0 600.0 2235.0 661.0 2184.0 660.0 plane 0
2328.0 360.0 2374.0 364.0 2371.0 395.0 2325.0 392.0 plane 0
2520.0 445.0 2479.0 438.0 2482.0 409.0 2524.0 416.0 plane 0
1536.0 370.0 1584.0 378.0 1578.0 416.0 1529.0 408.0 plane 0
2564.0 452.0 2523.0 444.0 2529.0 412.0 2571.0 420.0 plane 0
2903.0 469.0 2926.0 473.0 2918.0 515.0 2893.0 509.0 helicopter 0
3011.0 480.0 3032.0 485.0 3023.0 527.0 3003.0 522.0 helicopter 0
3718.0 511.0 3700.0 549.0 3674.0 536.0 3691.0 496.0 plane 0
2628.0 578.0 2630.0 540.0 2660.0 542.0 2657.0 581.0 plane 0
2619.0 624.0 2623.0 582.0 2652.0 583.0 2650.0 627.0 plane 0
1633.0 392.0 1679.0 397.0 1676.0 426.0 1631.0 420.0 plane 0
1945.0 364.0 1909.0 357.0 1913.0 330.0 1948.0 334.0 plane 0
2892.0 1215.0 2890.0 1172.0 2923.0 1171.0 2924.0 1215.0 plane 0
1758.0 272.0 1799.0 279.0 1796.0 308.0 1754.0 301.0 plane 0
1306.0 215.0 1355.0 221.0 1350.0 260.0 1300.0 252.0 plane 0
1294.0 252.0 1332.0 256.0 1328.0 285.0 1291.0 281.0 plane 0
1394.0 222.0 1444.0 234.0 1437.0 272.0 1385.0 260.0 plane 0
1500.0 292.0 1458.0 285.0 1461.0 255.0 1505.0 261.0 plane 0
1637.0 317.0 1588.0 312.0 1593.0 276.0 1641.0 282.0 plane 0
1680.0 320.0 1642.0 312.0 1648.0 284.0 1686.0 291.0 plane 0
1769.0 334.0 1727.0 327.0 1732.0 297.0 1774.0 304.0 plane 0
1989.0 366.0 1954.0 360.0 1958.0 333.0 1994.0 338.0 plane 0
1856.0 347.0 1819.0 341.0 1823.0 312.0 1861.0 319.0 plane 0
1847.0 290.0 1889.0 296.0 1885.0 324.0 1844.0 320.0 plane 0
1901.0 359.0 1859.0 352.0 1864.0 319.0 1907.0 327.0 plane 0
1891.0 298.0 1933.0 304.0 1929.0 335.0 1886.0 328.0 plane 0
1934.0 304.0 1975.0 312.0 1970.0 342.0 1929.0 336.0 plane 0
1981.0 307.0 2025.0 314.0 2020.0 344.0 1978.0 337.0 plane 0
2607.0 589.0 2607.0 633.0 2578.0 633.0 2578.0 588.0 plane 0
2727.0 544.0 2733.0 589.0 2704.0 593.0 2698.0 549.0 plane 0
2728.0 626.0 2751.0 627.0 2749.0 658.0 2727.0 657.0 helicopter 0
3986.0 1172.0 4018.0 1211.0 3987.0 1236.0 3955.0 1199.0 plane 0
3639.0 843.0 3681.0 822.0 3699.0 856.0 3656.0 877.0 plane 0
3728.0 816.0 3758.0 856.0 3713.0 889.0 3681.0 850.0 plane 0
3756.0 857.0 3796.0 905.0 3753.0 941.0 3713.0 893.0 plane 0
3803.0 910.0 3833.0 951.0 3788.0 987.0 3756.0 945.0 plane 0
3840.0 951.0 3877.0 1001.0 3828.0 1039.0 3792.0 992.0 plane 0
3900.0 1042.0 3934.0 1078.0 3883.0 1124.0 3848.0 1088.0 plane 0
4062.0 1256.0 4114.0 1306.0 4063.0 1362.0 4010.0 1314.0 plane 0
2820.0 653.0 2860.0 650.0 2861.0 679.0 2821.0 681.0 plane 0
3177.0 1004.0 3086.0 1001.0 3089.0 926.0 3180.0 928.0 plane 0
2927.0 1004.0 2928.0 1042.0 2900.0 1043.0 2898.0 1004.0 plane 0
2891.0 1076.0 2889.0 1037.0 2922.0 1036.0 2924.0 1073.0 plane 0
2928.0 1073.0 2926.0 1108.0 2896.0 1104.0 2899.0 1069.0 plane 0
2888.0 1142.0 2884.0 1107.0 2917.0 1104.0 2919.0 1139.0 plane 0
2925.0 1141.0 2924.0 1179.0 2895.0 1177.0 2895.0 1140.0 plane 0
3592.0 876.0 3633.0 848.0 3651.0 875.0 3613.0 905.0 plane 0
3694.0 627.0 3735.0 633.0 3731.0 665.0 3689.0 657.0 plane 0
3648.0 621.0 3691.0 628.0 3686.0 655.0 3644.0 648.0 plane 0
3603.0 614.0 3644.0 622.0 3638.0 652.0 3596.0 644.0 plane 0
3541.0 632.0 3572.0 610.0 3590.0 637.0 3559.0 659.0 plane 0
3510.0 660.0 3541.0 638.0 3557.0 660.0 3526.0 683.0 plane 0
3496.0 758.0 3503.0 717.0 3541.0 724.0 3533.0 766.0 plane 0
3358.0 637.0 3345.0 709.0 3269.0 697.0 3284.0 623.0 plane 0
3028.0 781.0 3023.0 818.0 2993.0 814.0 2998.0 776.0 plane 0
3034.0 740.0 3027.0 775.0 3001.0 770.0 3008.0 733.0 plane 0
3045.0 695.0 3038.0 733.0 3009.0 729.0 3016.0 691.0 plane 0
3049.0 654.0 3043.0 691.0 3017.0 687.0 3022.0 649.0 plane 0
2938.0 801.0 2937.0 810.0 2905.0 806.0 2908.0 796.0 large-vehicle 0
2940.0 778.0 2939.0 788.0 2906.0 783.0 2908.0 773.0 large-vehicle 0
2954.0 658.0 2992.0 662.0 2990.0 694.0 2951.0 691.0 plane 0
2905.0 658.0 2941.0 659.0 2941.0 687.0 2906.0 686.0 plane 0
2862.0 650.0 2907.0 654.0 2903.0 686.0 2858.0 681.0 plane 0
913.0 1200.0 925.0 1199.0 925.0 1221.0 914.0 1222.0 small-vehicle 1
749.0 1296.0 759.0 1296.0 758.0 1315.0 748.0 1313.0 small-vehicle 1
767.0 1295.0 778.0 1295.0 776.0 1314.0 765.0 1313.0 small-vehicle 1
3349.0 1236.0 3353.0 1245.0 3334.0 1251.0 3330.0 1243.0 small-vehicle 1
3342.0 1145.0 3351.0 1149.0 3341.0 1166.0 3333.0 1163.0 small-vehicle 1
3349.0 1166.0 3353.0 1174.0 3335.0 1180.0 3332.0 1173.0 small-vehicle 1
3348.0 1178.0 3352.0 1186.0 3334.0 1195.0 3330.0 1185.0 small-vehicle 1
3335.0 1215.0 3331.0 1207.0 3351.0 1203.0 3353.0 1211.0 small-vehicle 1
3346.0 1211.0 3352.0 1220.0 3334.0 1228.0 3331.0 1219.0 small-vehicle 1
3350.0 1224.0 3353.0 1232.0 3338.0 1239.0 3333.0 1232.0 small-vehicle 1
3342.0 1247.0 3348.0 1256.0 3329.0 1264.0 3326.0 1255.0 small-vehicle 1
3288.0 1143.0 3299.0 1144.0 3297.0 1161.0 3287.0 1161.0 small-vehicle 1
3344.0 1258.0 3351.0 1265.0 3333.0 1276.0 3325.0 1269.0 small-vehicle 1
3475.0 1309.0 3464.0 1309.0 3464.0 1289.0 3474.0 1288.0 small-vehicle 1
3492.0 1225.0 3483.0 1224.0 3483.0 1205.0 3492.0 1205.0 small-vehicle 1
3515.0 1225.0 3505.0 1224.0 3505.0 1204.0 3514.0 1205.0 small-vehicle 1
3459.0 1207.0 3469.0 1207.0 3468.0 1225.0 3459.0 1225.0 small-vehicle 1
3457.0 1225.0 3447.0 1225.0 3449.0 1206.0 3458.0 1207.0 small-vehicle 1
3301.0 1141.0 3312.0 1143.0 3308.0 1163.0 3299.0 1161.0 small-vehicle 1
3276.0 1144.0 3286.0 1144.0 3286.0 1164.0 3275.0 1164.0 small-vehicle 1
836.0 1311.0 825.0 1311.0 825.0 1291.0 836.0 1292.0 small-vehicle 1
2660.0 774.0 2671.0 774.0 2671.0 796.0 2660.0 796.0 small-vehicle 1
2383.0 1186.0 2388.0 1194.0 2371.0 1202.0 2367.0 1195.0 small-vehicle 1
2368.0 1194.0 2362.0 1185.0 2383.0 1175.0 2388.0 1183.0 small-vehicle 1
2711.0 621.0 2711.0 606.0 2739.0 608.0 2738.0 621.0 small-vehicle 1
2625.0 772.0 2636.0 774.0 2635.0 790.0 2624.0 790.0 small-vehicle 1
2638.0 775.0 2649.0 775.0 2649.0 794.0 2637.0 792.0 small-vehicle 1
2649.0 774.0 2660.0 774.0 2660.0 794.0 2650.0 794.0 small-vehicle 1
2682.0 776.0 2693.0 775.0 2693.0 795.0 2683.0 795.0 small-vehicle 1
3047.0 949.0 3047.0 939.0 3069.0 941.0 3068.0 951.0 small-vehicle 1
2705.0 795.0 2695.0 794.0 2694.0 775.0 2704.0 775.0 small-vehicle 1
2716.0 796.0 2705.0 794.0 2706.0 773.0 2716.0 775.0 small-vehicle 1
2735.0 777.0 2746.0 776.0 2747.0 793.0 2738.0 794.0 small-vehicle 1
3075.0 1184.0 3075.0 1194.0 3050.0 1195.0 3049.0 1186.0 small-vehicle 1
3044.0 992.0 3034.0 992.0 3034.0 969.0 3045.0 969.0 small-vehicle 1
3058.0 993.0 3048.0 993.0 3047.0 975.0 3057.0 975.0 small-vehicle 1
3471.0 1150.0 3481.0 1149.0 3479.0 1171.0 3470.0 1171.0 small-vehicle 1
3468.0 1167.0 3459.0 1167.0 3460.0 1150.0 3469.0 1150.0 small-vehicle 1
3439.0 1150.0 3448.0 1149.0 3448.0 1167.0 3438.0 1167.0 small-vehicle 1
2385.0 1325.0 2383.0 1333.0 2364.0 1330.0 2365.0 1322.0 small-vehicle 1
1357.0 791.0 1347.0 790.0 1349.0 769.0 1358.0 770.0 small-vehicle 1
1336.0 791.0 1325.0 790.0 1326.0 768.0 1339.0 768.0 small-vehicle 1
1485.0 625.0 1496.0 628.0 1490.0 645.0 1481.0 643.0 small-vehicle 1
1511.0 625.0 1519.0 628.0 1517.0 643.0 1508.0 643.0 small-vehicle 1
1522.0 628.0 1532.0 629.0 1526.0 648.0 1517.0 644.0 small-vehicle 1
1534.0 628.0 1543.0 631.0 1538.0 652.0 1528.0 651.0 small-vehicle 1
2686.0 1222.0 2684.0 1212.0 2707.0 1212.0 2708.0 1222.0 small-vehicle 1
3435.0 1165.0 3425.0 1165.0 3427.0 1149.0 3437.0 1150.0 small-vehicle 1
2584.0 1226.0 2570.0 1222.0 2576.0 1198.0 2588.0 1199.0 small-vehicle 1
2678.0 1130.0 2678.0 1140.0 2655.0 1138.0 2655.0 1129.0 small-vehicle 1
2531.0 1211.0 2532.0 1220.0 2506.0 1221.0 2506.0 1211.0 small-vehicle 1
2537.0 1223.0 2537.0 1212.0 2560.0 1213.0 2560.0 1223.0 small-vehicle 1
3565.0 1071.0 3578.0 1071.0 3577.0 1094.0 3566.0 1094.0 small-vehicle 1
3298.0 1115.0 3311.0 1114.0 3310.0 1134.0 3298.0 1133.0 small-vehicle 1
1346.0 790.0 1337.0 788.0 1337.0 768.0 1348.0 770.0 small-vehicle 1
1388.0 791.0 1377.0 792.0 1377.0 770.0 1388.0 770.0 small-vehicle 1
1399.0 791.0 1390.0 791.0 1390.0 770.0 1400.0 769.0 small-vehicle 1
1440.0 1018.0 1450.0 1018.0 1449.0 1040.0 1440.0 1038.0 small-vehicle 1
648.0 900.0 657.0 900.0 656.0 921.0 647.0 922.0 small-vehicle 1
3412.0 1035.0 3420.0 1031.0 3429.0 1049.0 3420.0 1054.0 small-vehicle 1
3515.0 1072.0 3526.0 1072.0 3525.0 1089.0 3515.0 1089.0 small-vehicle 1
3495.0 1074.0 3505.0 1075.0 3503.0 1091.0 3493.0 1090.0 small-vehicle 1
3463.0 1071.0 3473.0 1070.0 3473.0 1090.0 3462.0 1091.0 small-vehicle 1
3440.0 1071.0 3450.0 1071.0 3450.0 1089.0 3440.0 1089.0 small-vehicle 1
3548.0 1138.0 3537.0 1138.0 3537.0 1118.0 3546.0 1118.0 small-vehicle 1
3510.0 1138.0 3501.0 1137.0 3501.0 1117.0 3509.0 1118.0 small-vehicle 1
3471.0 1120.0 3481.0 1121.0 3480.0 1139.0 3472.0 1139.0 small-vehicle 1
3471.0 1138.0 3460.0 1138.0 3460.0 1118.0 3472.0 1119.0 small-vehicle 1
3450.0 1138.0 3441.0 1138.0 3440.0 1121.0 3450.0 1122.0 small-vehicle 1
3354.0 1136.0 3344.0 1136.0 3345.0 1117.0 3354.0 1116.0 small-vehicle 1
3425.0 1170.0 3415.0 1170.0 3415.0 1148.0 3426.0 1149.0 small-vehicle 1
2368.0 1215.0 2362.0 1208.0 2383.0 1198.0 2388.0 1205.0 small-vehicle 1
2381.0 1208.0 2386.0 1219.0 2366.0 1228.0 2359.0 1219.0 small-vehicle 1
2385.0 1220.0 2388.0 1230.0 2365.0 1239.0 2361.0 1232.0 small-vehicle 1
1932.0 589.0 1941.0 583.0 1952.0 598.0 1944.0 604.0 small-vehicle 1
1453.0 619.0 1464.0 620.0 1461.0 638.0 1451.0 635.0 small-vehicle 1
1464.0 619.0 1477.0 621.0 1474.0 640.0 1461.0 640.0 small-vehicle 1
1214.0 487.0 1224.0 488.0 1221.0 510.0 1211.0 509.0 small-vehicle 1
1247.0 494.0 1259.0 496.0 1254.0 519.0 1243.0 516.0 small-vehicle 1
1439.0 320.0 1439.0 329.0 1415.0 326.0 1416.0 317.0 small-vehicle 1
1869.0 572.0 1869.0 562.0 1891.0 565.0 1892.0 576.0 small-vehicle 1
1933.0 570.0 1940.0 563.0 1954.0 575.0 1948.0 582.0 small-vehicle 1
1878.0 1083.0 1877.0 1074.0 1902.0 1074.0 1902.0 1084.0 small-vehicle 1
1961.0 573.0 1970.0 570.0 1976.0 589.0 1968.0 591.0 small-vehicle 1
1954.0 596.0 1965.0 600.0 1957.0 616.0 1948.0 612.0 small-vehicle 1
1934.0 919.0 1945.0 919.0 1942.0 941.0 1932.0 939.0 small-vehicle 1
1946.0 920.0 1954.0 921.0 1952.0 938.0 1944.0 938.0 small-vehicle 1
1900.0 1042.0 1901.0 1051.0 1879.0 1052.0 1878.0 1041.0 small-vehicle 1
1900.0 1053.0 1901.0 1060.0 1878.0 1061.0 1878.0 1052.0 small-vehicle 1
1449.0 636.0 1439.0 634.0 1443.0 617.0 1453.0 620.0 small-vehicle 1
1430.0 615.0 1441.0 617.0 1438.0 640.0 1427.0 637.0 small-vehicle 1
1416.0 613.0 1428.0 615.0 1425.0 639.0 1413.0 637.0 small-vehicle 1
1365.0 629.0 1365.0 638.0 1346.0 634.0 1348.0 625.0 small-vehicle 1
1421.0 789.0 1411.0 789.0 1411.0 769.0 1421.0 769.0 small-vehicle 1
1416.0 860.0 1426.0 860.0 1428.0 880.0 1417.0 880.0 small-vehicle 1
1461.0 1218.0 1472.0 1219.0 1473.0 1243.0 1461.0 1242.0 small-vehicle 1
1451.0 1220.0 1461.0 1220.0 1462.0 1239.0 1452.0 1239.0 small-vehicle 1
1439.0 1219.0 1449.0 1220.0 1448.0 1240.0 1438.0 1240.0 small-vehicle 1
1415.0 1220.0 1425.0 1221.0 1424.0 1240.0 1414.0 1240.0 small-vehicle 1
1405.0 1221.0 1414.0 1221.0 1413.0 1240.0 1404.0 1240.0 small-vehicle 1
1394.0 1221.0 1405.0 1221.0 1407.0 1240.0 1394.0 1238.0 small-vehicle 1
1381.0 1219.0 1392.0 1219.0 1392.0 1237.0 1381.0 1237.0 small-vehicle 1
1328.0 1218.0 1339.0 1218.0 1338.0 1240.0 1328.0 1240.0 small-vehicle 1
1317.0 1217.0 1327.0 1218.0 1328.0 1240.0 1317.0 1239.0 small-vehicle 1
1270.0 1219.0 1281.0 1218.0 1282.0 1237.0 1271.0 1236.0 small-vehicle 1
1282.0 1218.0 1293.0 1220.0 1294.0 1236.0 1282.0 1236.0 small-vehicle 1
1876.0 1074.0 1876.0 1063.0 1900.0 1063.0 1901.0 1074.0 small-vehicle 1
1700.0 1316.0 1700.0 1306.0 1723.0 1307.0 1721.0 1318.0 small-vehicle 1
2381.0 1232.0 2384.0 1241.0 2366.0 1252.0 2360.0 1244.0 small-vehicle 1
2100.0 1224.0 2110.0 1224.0 2110.0 1246.0 2100.0 1245.0 small-vehicle 1
2524.0 770.0 2538.0 772.0 2536.0 792.0 2523.0 790.0 small-vehicle 1
2547.0 772.0 2559.0 773.0 2558.0 790.0 2546.0 789.0 small-vehicle 1
2472.0 1056.0 2472.0 1046.0 2493.0 1049.0 2493.0 1059.0 small-vehicle 1
2037.0 1227.0 2050.0 1228.0 2049.0 1246.0 2037.0 1246.0 small-vehicle 1
2058.0 1246.0 2050.0 1247.0 2052.0 1225.0 2059.0 1226.0 small-vehicle 1
2063.0 1229.0 2071.0 1229.0 2069.0 1247.0 2062.0 1246.0 small-vehicle 1
2128.0 1224.0 2137.0 1224.0 2137.0 1243.0 2128.0 1242.0 small-vehicle 1
1714.0 1289.0 1714.0 1298.0 1695.0 1296.0 1695.0 1287.0 small-vehicle 1
2050.0 1299.0 2040.0 1301.0 2038.0 1281.0 2048.0 1281.0 small-vehicle 1
2055.0 1282.0 2063.0 1282.0 2065.0 1298.0 2056.0 1299.0 small-vehicle 1
2380.0 1290.0 2387.0 1299.0 2371.0 1310.0 2363.0 1302.0 small-vehicle 1
2379.0 1279.0 2386.0 1288.0 2366.0 1298.0 2360.0 1292.0 small-vehicle 1
2381.0 1265.0 2385.0 1274.0 2369.0 1283.0 2363.0 1276.0 small-vehicle 1
2383.0 1243.0 2388.0 1252.0 2364.0 1262.0 2360.0 1254.0 small-vehicle 1
2242.0 792.0 2252.0 794.0 2249.0 811.0 2239.0 809.0 small-vehicle 1
2196.0 792.0 2206.0 792.0 2206.0 811.0 2195.0 810.0 small-vehicle 1
2181.0 792.0 2194.0 792.0 2192.0 814.0 2181.0 813.0 small-vehicle 1
2156.0 791.0 2165.0 790.0 2163.0 812.0 2153.0 811.0 small-vehicle 1
2144.0 792.0 2153.0 792.0 2151.0 812.0 2142.0 811.0 small-vehicle 1
2117.0 787.0 2128.0 787.0 2128.0 808.0 2117.0 807.0 small-vehicle 1
2095.0 789.0 2106.0 789.0 2106.0 812.0 2094.0 812.0 small-vehicle 1
2050.0 788.0 2061.0 788.0 2060.0 807.0 2048.0 807.0 small-vehicle 1
2015.0 789.0 2025.0 789.0 2024.0 806.0 2014.0 805.0 small-vehicle 1
2417.0 648.0 2415.0 637.0 2441.0 638.0 2440.0 648.0 small-vehicle 1
2397.0 652.0 2386.0 651.0 2386.0 629.0 2398.0 631.0 small-vehicle 1
1983.0 1299.0 1974.0 1299.0 1974.0 1281.0 1983.0 1281.0 small-vehicle 1
1960.0 1278.0 1971.0 1280.0 1969.0 1298.0 1958.0 1297.0 small-vehicle 1
1950.0 1278.0 1960.0 1278.0 1959.0 1296.0 1948.0 1295.0 small-vehicle 1
1937.0 1297.0 1927.0 1298.0 1925.0 1278.0 1936.0 1278.0 small-vehicle 1
1926.0 1210.0 1937.0 1210.0 1937.0 1228.0 1927.0 1229.0 small-vehicle 1
1892.0 1225.0 1884.0 1223.0 1887.0 1205.0 1895.0 1206.0 small-vehicle 1
1272.0 232.0 1311.0 237.0 1307.0 263.0 1268.0 259.0 plane 0
