imagesource:GoogleEarth
gsd:0.57332761528
1656.0 438.0 1654.0 442.0 1643.0 435.0 1647.0 431.0 small-vehicle 1
454.0 410.0 452.0 414.0 442.0 413.0 443.0 409.0 small-vehicle 1
431.0 293.0 433.0 289.0 441.0 291.0 439.0 296.0 small-vehicle 1
436.0 379.0 436.0 383.0 428.0 383.0 428.0 378.0 small-vehicle 1
380.0 563.0 375.0 561.0 378.0 552.0 383.0 555.0 small-vehicle 1
386.0 553.0 382.0 552.0 384.0 543.0 388.0 544.0 small-vehicle 1
437.0 1265.0 438.0 1260.0 448.0 1260.0 448.0 1265.0 small-vehicle 1
479.0 1288.0 482.0 1284.0 489.0 1292.0 487.0 1295.0 small-vehicle 1
419.0 1200.0 414.0 1196.0 422.0 1190.0 425.0 1192.0 small-vehicle 1
568.0 585.0 568.0 588.0 557.0 587.0 558.0 584.0 small-vehicle 1
596.0 585.0 596.0 589.0 588.0 589.0 588.0 585.0 small-vehicle 1
467.0 420.0 467.0 424.0 458.0 424.0 458.0 420.0 small-vehicle 1
490.0 423.0 489.0 428.0 479.0 428.0 480.0 423.0 small-vehicle 1
454.0 391.0 454.0 395.0 444.0 396.0 444.0 391.0 small-vehicle 1
1590.0 416.0 1594.0 411.0 1601.0 416.0 1596.0 420.0 small-vehicle 1
357.0 484.0 354.0 486.0 348.0 479.0 350.0 476.0 small-vehicle 1
837.0 294.0 836.0 298.0 825.0 292.0 828.0 288.0 small-vehicle 1
635.0 1283.0 631.0 1283.0 627.0 1275.0 630.0 1272.0 small-vehicle 1
632.0 1285.0 634.0 1283.0 638.0 1289.0 635.0 1291.0 small-vehicle 1
636.0 1294.0 639.0 1290.0 644.0 1299.0 641.0 1302.0 small-vehicle 1
1239.0 278.0 1239.0 283.0 1231.0 283.0 1230.0 279.0 small-vehicle 1
1231.0 288.0 1231.0 283.0 1240.0 284.0 1240.0 286.0 small-vehicle 1
1232.0 291.0 1231.0 287.0 1240.0 287.0 1240.0 292.0 small-vehicle 1
1252.0 186.0 1256.0 187.0 1253.0 194.0 1249.0 194.0 small-vehicle 1
1320.0 190.0 1326.0 191.0 1323.0 200.0 1318.0 198.0 small-vehicle 1
1359.0 336.0 1363.0 338.0 1359.0 345.0 1355.0 343.0 small-vehicle 1
432.0 289.0 434.0 285.0 442.0 286.0 442.0 290.0 small-vehicle 1
488.0 241.0 493.0 241.0 493.0 251.0 488.0 251.0 small-vehicle 1
487.0 251.0 483.0 249.0 483.0 241.0 488.0 241.0 small-vehicle 1
475.0 227.0 470.0 228.0 471.0 217.0 476.0 217.0 small-vehicle 1
248.0 1052.0 206.0 1068.0 213.0 1082.0 252.0 1064.0 swimming-pool 0
307.0 1233.0 322.0 1232.0 324.0 1223.0 306.0 1224.0 swimming-pool 0
568.0 1223.0 590.0 1220.0 594.0 1236.0 562.0 1248.0 swimming-pool 0
333.0 931.0 318.0 949.0 332.0 960.0 348.0 943.0 swimming-pool 0
335.0 868.0 355.0 857.0 362.0 868.0 341.0 878.0 swimming-pool 0
864.0 1129.0 869.0 1124.0 881.0 1135.0 877.0 1141.0 swimming-pool 0
893.0 589.0 922.0 572.0 911.0 557.0 882.0 579.0 swimming-pool 0
1243.0 138.0 1257.0 144.0 1255.0 153.0 1238.0 146.0 swimming-pool 0
1391.0 93.0 1397.0 85.0 1406.0 95.0 1401.0 101.0 swimming-pool 1
1475.0 520.0 1625.0 520.0 1625.0 670.0 1475.0 670.0 roundabout 0
1686.0 131.0 1708.0 113.0 1721.0 128.0 1704.0 145.0 swimming-pool 0
561.0 288.0 581.0 288.0 581.0 333.0 561.0 333.0 tennis-court 0
667.0 333.0 687.0 333.0 687.0 375.0 667.0 375.0 tennis-court 0
698.0 333.0 719.0 333.0 719.0 376.0 698.0 376.0 tennis-court 0
623.0 410.0 643.0 410.0 643.0 452.0 623.0 452.0 tennis-court 0
592.0 408.0 610.0 408.0 610.0 451.0 592.0 451.0 tennis-court 0
527.0 408.0 548.0 408.0 548.0 450.0 527.0 450.0 tennis-court 0
1418.0 60.0 1416.0 66.0 1425.0 70.0 1429.0 64.0 swimming-pool 1
647.0 1136.0 664.0 1139.0 661.0 1152.0 643.0 1155.0 swimming-pool 1
806.0 1068.0 822.0 1076.0 817.0 1084.0 801.0 1077.0 swimming-pool 1
857.0 1268.0 872.0 1269.0 872.0 1261.0 857.0 1260.0 swimming-pool 1
436.0 161.0 442.0 162.0 441.0 171.0 436.0 170.0 small-vehicle 1
489.0 217.0 493.0 217.0 493.0 227.0 489.0 227.0 small-vehicle 1
1365.0 341.0 1370.0 343.0 1366.0 351.0 1362.0 349.0 small-vehicle 1
1368.0 369.0 1373.0 371.0 1369.0 380.0 1364.0 378.0 small-vehicle 1
1538.0 671.0 1536.0 674.0 1526.0 670.0 1529.0 666.0 small-vehicle 1
1563.0 303.0 1570.0 302.0 1570.0 312.0 1565.0 311.0 small-vehicle 1
1614.0 328.0 1616.0 323.0 1627.0 330.0 1624.0 335.0 small-vehicle 1
1586.0 421.0 1590.0 418.0 1596.0 424.0 1593.0 427.0 small-vehicle 1
1595.0 410.0 1597.0 406.0 1604.0 412.0 1602.0 415.0 small-vehicle 1
1607.0 393.0 1609.0 388.0 1616.0 394.0 1614.0 398.0 small-vehicle 1
1631.0 432.0 1628.0 435.0 1622.0 428.0 1623.0 425.0 small-vehicle 1
1619.0 433.0 1622.0 431.0 1628.0 437.0 1625.0 440.0 small-vehicle 1
1638.0 456.0 1635.0 459.0 1629.0 452.0 1632.0 450.0 small-vehicle 1
1632.0 463.0 1629.0 465.0 1623.0 458.0 1626.0 455.0 small-vehicle 1
1636.0 413.0 1639.0 408.0 1646.0 414.0 1642.0 418.0 small-vehicle 1
1632.0 392.0 1634.0 390.0 1641.0 396.0 1639.0 398.0 small-vehicle 1
1639.0 363.0 1636.0 365.0 1630.0 361.0 1633.0 358.0 small-vehicle 1
1694.0 454.0 1689.0 451.0 1696.0 441.0 1701.0 445.0 small-vehicle 1
1745.0 316.0 1747.0 313.0 1756.0 318.0 1753.0 321.0 small-vehicle 1
430.0 922.0 433.0 925.0 425.0 932.0 423.0 929.0 small-vehicle 1
639.0 1230.0 634.0 1233.0 630.0 1228.0 634.0 1225.0 small-vehicle 1
633.0 1222.0 637.0 1218.0 643.0 1226.0 638.0 1229.0 small-vehicle 1
7.0 1010.0 14.0 1007.0 19.0 1015.0 14.0 1018.0 small-vehicle 1
1007.0 602.0 1011.0 607.0 1004.0 615.0 999.0 611.0 small-vehicle 1
1386.0 355.0 1391.0 357.0 1387.0 364.0 1382.0 362.0 small-vehicle 1
1404.0 367.0 1409.0 371.0 1402.0 379.0 1398.0 376.0 small-vehicle 1
1210.0 1010.0 1206.0 1008.0 1211.0 998.0 1215.0 1002.0 small-vehicle 1
1441.0 424.0 1447.0 429.0 1439.0 439.0 1434.0 435.0 small-vehicle 1
1456.0 418.0 1452.0 415.0 1457.0 408.0 1463.0 410.0 small-vehicle 1
1583.0 311.0 1588.0 311.0 1590.0 319.0 1585.0 319.0 small-vehicle 1
1525.0 289.0 1530.0 289.0 1531.0 298.0 1526.0 297.0 small-vehicle 1
1375.0 349.0 1380.0 350.0 1375.0 358.0 1370.0 356.0 small-vehicle 1
1520.0 288.0 1524.0 288.0 1525.0 296.0 1521.0 297.0 small-vehicle 1
1398.0 364.0 1401.0 367.0 1396.0 374.0 1392.0 371.0 small-vehicle 1
1424.0 385.0 1429.0 388.0 1424.0 394.0 1421.0 393.0 small-vehicle 1
1430.0 390.0 1434.0 393.0 1427.0 398.0 1426.0 396.0 small-vehicle 1
1436.0 404.0 1433.0 402.0 1437.0 396.0 1442.0 398.0 small-vehicle 1
1486.0 447.0 1482.0 443.0 1487.0 437.0 1491.0 439.0 small-vehicle 1
1430.0 416.0 1434.0 419.0 1427.0 426.0 1423.0 423.0 small-vehicle 1
1434.0 432.0 1430.0 430.0 1437.0 421.0 1441.0 425.0 small-vehicle 1
1390.0 431.0 1393.0 429.0 1400.0 435.0 1397.0 439.0 small-vehicle 1
1458.0 441.0 1462.0 445.0 1454.0 453.0 1452.0 448.0 small-vehicle 1
1464.0 444.0 1468.0 448.0 1461.0 454.0 1459.0 450.0 small-vehicle 1
1474.0 453.0 1479.0 456.0 1473.0 464.0 1469.0 461.0 small-vehicle 1
1479.0 466.0 1475.0 463.0 1481.0 455.0 1485.0 458.0 small-vehicle 1
1506.0 483.0 1502.0 482.0 1504.0 473.0 1507.0 473.0 small-vehicle 1
1522.0 487.0 1516.0 486.0 1518.0 476.0 1522.0 476.0 small-vehicle 1
1532.0 485.0 1527.0 485.0 1527.0 476.0 1532.0 477.0 small-vehicle 1
1493.0 441.0 1498.0 444.0 1493.0 451.0 1489.0 449.0 small-vehicle 1
1561.0 487.0 1556.0 487.0 1555.0 476.0 1561.0 476.0 small-vehicle 1
1592.0 507.0 1592.0 502.0 1603.0 501.0 1604.0 505.0 small-vehicle 1
1577.0 43.0 1577.0 40.0 1587.0 40.0 1588.0 44.0 small-vehicle 1
1415.0 250.0 1417.0 245.0 1424.0 248.0 1422.0 252.0 small-vehicle 1
1469.0 269.0 1471.0 265.0 1478.0 268.0 1477.0 272.0 small-vehicle 1
1497.0 279.0 1502.0 279.0 1504.0 288.0 1499.0 289.0 small-vehicle 1
1508.0 283.0 1513.0 283.0 1512.0 292.0 1508.0 292.0 small-vehicle 1
637.0 215.0 636.0 257.0 651.0 257.0 652.0 215.0 swimming-pool 0
