imagesource:GoogleEarth
gsd:0.270762020883
4017.0 1194.0 4007.0 1200.0 3991.0 1185.0 3999.0 1176.0 small-vehicle 1
2369.0 629.0 2334.0 629.0 2334.0 602.0 2370.0 601.0 plane 0
3294.0 465.0 3334.0 465.0 3334.0 498.0 3295.0 498.0 plane 0
3656.0 391.0 3595.0 393.0 3593.0 337.0 3656.0 338.0 plane 0
3534.0 375.0 3480.0 375.0 3479.0 325.0 3535.0 327.0 plane 0
3501.0 391.0 3442.0 392.0 3441.0 336.0 3504.0 337.0 plane 0
3292.0 363.0 3335.0 366.0 3333.0 394.0 3290.0 390.0 plane 0
3125.0 840.0 3130.0 891.0 3092.0 894.0 3086.0 843.0 plane 0
3103.0 408.0 3106.0 450.0 3076.0 453.0 3071.0 411.0 plane 0
2447.0 700.0 2504.0 698.0 2505.0 740.0 2450.0 742.0 plane 0
2580.0 679.0 2572.0 638.0 2604.0 632.0 2609.0 673.0 plane 0
2636.0 624.0 2594.0 625.0 2593.0 592.0 2634.0 592.0 plane 0
2541.0 626.0 2500.0 628.0 2499.0 597.0 2539.0 595.0 plane 0
2462.0 629.0 2421.0 630.0 2422.0 597.0 2461.0 597.0 plane 0
2419.0 629.0 2379.0 631.0 2377.0 601.0 2418.0 600.0 plane 0
2851.0 520.0 2810.0 521.0 2808.0 492.0 2849.0 490.0 plane 0
2358.0 432.0 2328.0 433.0 2327.0 408.0 2358.0 408.0 plane 0
2793.0 523.0 2755.0 525.0 2753.0 495.0 2792.0 493.0 plane 0
2686.0 522.0 2649.0 526.0 2646.0 497.0 2683.0 492.0 plane 0
2643.0 525.0 2599.0 529.0 2597.0 492.0 2640.0 487.0 plane 0
2596.0 525.0 2554.0 525.0 2554.0 497.0 2596.0 497.0 plane 0
2454.0 529.0 2417.0 529.0 2416.0 502.0 2454.0 501.0 plane 0
2371.0 534.0 2327.0 534.0 2328.0 503.0 2370.0 503.0 plane 0
2862.0 416.0 2820.0 416.0 2818.0 387.0 2862.0 387.0 plane 0
2793.0 417.0 2751.0 422.0 2749.0 393.0 2789.0 388.0 plane 0
2686.0 426.0 2644.0 424.0 2645.0 394.0 2687.0 396.0 plane 0
2640.0 427.0 2597.0 426.0 2598.0 396.0 2641.0 397.0 plane 0
2590.0 423.0 2556.0 425.0 2554.0 399.0 2589.0 396.0 plane 0
2498.0 430.0 2459.0 431.0 2459.0 402.0 2497.0 402.0 plane 0
2456.0 430.0 2416.0 431.0 2415.0 401.0 2456.0 401.0 plane 0
3384.0 464.0 3425.0 462.0 3425.0 489.0 3385.0 492.0 plane 0
3479.0 460.0 3521.0 462.0 3520.0 493.0 3477.0 491.0 plane 0
3623.0 553.0 3665.0 552.0 3666.0 584.0 3625.0 586.0 plane 0
3670.0 551.0 3713.0 550.0 3713.0 582.0 3671.0 582.0 plane 0
2102.0 542.0 2058.0 544.0 2057.0 510.0 2100.0 508.0 plane 0
1938.0 562.0 1888.0 566.0 1885.0 521.0 1935.0 518.0 plane 0
1875.0 458.0 1832.0 454.0 1836.0 425.0 1877.0 427.0 plane 0
1798.0 407.0 1851.0 406.0 1851.0 452.0 1796.0 452.0 plane 0
1559.0 564.0 1517.0 565.0 1516.0 533.0 1558.0 532.0 plane 0
1363.0 497.0 1364.0 536.0 1334.0 535.0 1334.0 497.0 plane 0
1515.0 467.0 1473.0 468.0 1472.0 439.0 1514.0 438.0 plane 0
1560.0 466.0 1515.0 469.0 1512.0 435.0 1557.0 431.0 plane 0
1366.0 690.0 1368.0 718.0 1345.0 719.0 1344.0 691.0 plane 0
1282.0 681.0 1281.0 723.0 1249.0 724.0 1249.0 681.0 plane 0
1185.0 536.0 1188.0 577.0 1157.0 579.0 1154.0 538.0 plane 0
1187.0 492.0 1186.0 535.0 1155.0 534.0 1156.0 492.0 plane 0
244.0 751.0 285.0 750.0 286.0 790.0 244.0 791.0 plane 0
494.0 564.0 451.0 568.0 450.0 540.0 492.0 538.0 plane 0
420.0 540.0 459.0 539.0 459.0 561.0 420.0 562.0 plane 0
436.0 431.0 493.0 429.0 494.0 469.0 436.0 470.0 plane 0
1907.0 457.0 1854.0 450.0 1860.0 394.0 1913.0 399.0 plane 0
3572.0 1038.0 3568.0 996.0 3597.0 992.0 3601.0 1037.0 plane 0
3560.0 796.0 3606.0 796.0 3606.0 825.0 3561.0 826.0 plane 0
3983.0 1123.0 3982.0 1113.0 4023.0 1110.0 4023.0 1120.0 large-vehicle 0
4523.0 908.0 4518.0 824.0 4589.0 819.0 4594.0 904.0 plane 0
4445.0 909.0 4453.0 850.0 4501.0 855.0 4494.0 913.0 plane 0
4511.0 859.0 4453.0 850.0 4459.0 806.0 4514.0 811.0 plane 0
4557.0 832.0 4488.0 837.0 4484.0 763.0 4554.0 761.0 plane 0
4497.0 819.0 4438.0 817.0 4438.0 762.0 4498.0 764.0 plane 0
4448.0 827.0 4382.0 829.0 4379.0 756.0 4446.0 755.0 plane 0
3804.0 548.0 3852.0 543.0 3855.0 581.0 3809.0 586.0 plane 0
2410.0 432.0 2371.0 432.0 2369.0 402.0 2408.0 400.0 plane 0
2276.0 434.0 2238.0 435.0 2238.0 404.0 2277.0 404.0 plane 0
4028.0 1195.0 4021.0 1198.0 4008.0 1184.0 4015.0 1178.0 small-vehicle 1
1007.0 589.0 1008.0 626.0 980.0 627.0 981.0 587.0 plane 0
1465.0 568.0 1427.0 571.0 1424.0 534.0 1462.0 531.0 plane 0
1366.0 566.0 1370.0 630.0 1309.0 634.0 1304.0 572.0 plane 0
1367.0 642.0 1367.0 678.0 1340.0 678.0 1340.0 642.0 plane 0
1278.0 632.0 1278.0 658.0 1251.0 658.0 1251.0 632.0 plane 0
1274.0 576.0 1276.0 616.0 1247.0 618.0 1246.0 577.0 plane 0
1274.0 529.0 1274.0 569.0 1248.0 569.0 1249.0 528.0 plane 0
1186.0 632.0 1187.0 664.0 1159.0 665.0 1159.0 633.0 plane 0
1184.0 583.0 1185.0 624.0 1153.0 624.0 1153.0 584.0 plane 0
1091.0 427.0 1086.0 481.0 1035.0 477.0 1041.0 421.0 plane 0
1095.0 632.0 1098.0 669.0 1071.0 672.0 1068.0 634.0 plane 0
1097.0 585.0 1097.0 627.0 1065.0 626.0 1066.0 585.0 plane 0
1099.0 542.0 1100.0 580.0 1065.0 581.0 1065.0 542.0 plane 0
1009.0 632.0 1010.0 671.0 982.0 673.0 980.0 633.0 plane 0
1007.0 545.0 1009.0 583.0 971.0 584.0 970.0 545.0 plane 0
2212.0 434.0 2172.0 436.0 2170.0 405.0 2211.0 403.0 plane 0
1001.0 499.0 1002.0 538.0 973.0 537.0 974.0 499.0 plane 0
925.0 582.0 928.0 640.0 890.0 643.0 887.0 586.0 plane 0
915.0 544.0 917.0 589.0 885.0 590.0 883.0 546.0 plane 0
919.0 502.0 921.0 543.0 892.0 545.0 890.0 502.0 plane 0
917.0 456.0 920.0 493.0 882.0 496.0 881.0 458.0 plane 0
184.0 714.0 219.0 744.0 198.0 767.0 164.0 736.0 plane 0
497.0 664.0 452.0 663.0 452.0 634.0 497.0 635.0 plane 0
369.0 669.0 327.0 670.0 326.0 641.0 370.0 641.0 plane 0
297.0 634.0 338.0 635.0 337.0 663.0 296.0 662.0 plane 0
353.0 537.0 397.0 536.0 397.0 565.0 354.0 565.0 plane 0
299.0 573.0 265.0 576.0 263.0 547.0 298.0 545.0 plane 0
423.0 475.0 387.0 476.0 385.0 448.0 422.0 447.0 plane 0
355.0 444.0 394.0 443.0 395.0 471.0 357.0 473.0 plane 0
1508.0 565.0 1473.0 564.0 1474.0 538.0 1508.0 538.0 plane 0
1486.0 741.0 1530.0 777.0 1498.0 817.0 1454.0 783.0 plane 0
1511.0 745.0 1550.0 727.0 1565.0 759.0 1523.0 776.0 plane 0
1498.0 670.0 1456.0 669.0 1455.0 639.0 1498.0 639.0 plane 0
2148.0 439.0 2102.0 440.0 2101.0 411.0 2148.0 410.0 plane 0
2281.0 534.0 2237.0 535.0 2237.0 508.0 2281.0 507.0 plane 0
2187.0 534.0 2147.0 534.0 2147.0 505.0 2187.0 505.0 plane 0
2075.0 1028.0 2074.0 1072.0 2046.0 1071.0 2046.0 1027.0 plane 0
1887.0 744.0 1831.0 739.0 1835.0 692.0 1890.0 696.0 plane 0
1756.0 715.0 1767.0 659.0 1827.0 669.0 1820.0 722.0 plane 0
1756.0 665.0 1760.0 719.0 1705.0 722.0 1700.0 669.0 plane 0
1679.0 664.0 1633.0 666.0 1631.0 634.0 1676.0 631.0 plane 0
1721.0 665.0 1679.0 665.0 1678.0 638.0 1720.0 636.0 plane 0
1701.0 615.0 1742.0 621.0 1738.0 646.0 1699.0 640.0 plane 0
1770.0 665.0 1721.0 668.0 1718.0 631.0 1766.0 627.0 plane 0
1811.0 666.0 1768.0 663.0 1770.0 625.0 1815.0 631.0 plane 0
1804.0 632.0 1810.0 570.0 1876.0 576.0 1871.0 636.0 plane 0
1906.0 661.0 1990.0 654.0 1999.0 751.0 1913.0 756.0 plane 0
2035.0 719.0 2039.0 756.0 2011.0 759.0 2008.0 722.0 plane 0
1883.0 557.0 1843.0 557.0 1843.0 527.0 1883.0 528.0 plane 0
1842.0 563.0 1760.0 567.0 1755.0 518.0 1838.0 514.0 plane 0
1722.0 528.0 1770.0 524.0 1772.0 560.0 1725.0 563.0 plane 0
1667.0 525.0 1722.0 523.0 1723.0 571.0 1667.0 572.0 plane 0
1654.0 563.0 1609.0 567.0 1606.0 529.0 1652.0 527.0 plane 0
1606.0 562.0 1565.0 567.0 1562.0 535.0 1603.0 530.0 plane 0
1746.0 422.0 1696.0 441.0 1677.0 393.0 1730.0 377.0 plane 0
1707.0 483.0 1596.0 468.0 1612.0 380.0 1717.0 396.0 plane 0
1614.0 459.0 1564.0 460.0 1561.0 401.0 1613.0 399.0 plane 0
1630.0 665.0 1590.0 666.0 1588.0 637.0 1627.0 634.0 plane 0
1583.0 665.0 1542.0 662.0 1545.0 632.0 1584.0 635.0 plane 0
1536.0 668.0 1506.0 668.0 1506.0 638.0 1535.0 638.0 plane 0
2145.0 539.0 2103.0 540.0 2103.0 511.0 2143.0 510.0 plane 0
2504.0 526.0 2462.0 528.0 2462.0 499.0 2503.0 498.0 plane 0
2549.0 525.0 2507.0 528.0 2505.0 498.0 2547.0 496.0 plane 0
3185.0 1046.0 3195.0 1045.0 3197.0 1064.0 3188.0 1065.0 small-vehicle 1
3225.0 1112.0 3216.0 1111.0 3216.0 1092.0 3224.0 1092.0 small-vehicle 1
3187.0 1092.0 3196.0 1090.0 3197.0 1109.0 3188.0 1110.0 small-vehicle 1
3170.0 1095.0 3180.0 1095.0 3180.0 1116.0 3171.0 1116.0 small-vehicle 1
3171.0 1114.0 3162.0 1114.0 3162.0 1094.0 3170.0 1094.0 small-vehicle 1
3151.0 1095.0 3161.0 1095.0 3163.0 1115.0 3153.0 1116.0 small-vehicle 1
3152.0 1114.0 3143.0 1114.0 3141.0 1094.0 3151.0 1094.0 small-vehicle 1
3130.0 1095.0 3140.0 1095.0 3142.0 1114.0 3133.0 1116.0 small-vehicle 1
3132.0 1117.0 3120.0 1117.0 3121.0 1095.0 3131.0 1094.0 small-vehicle 1
3111.0 1097.0 3120.0 1097.0 3121.0 1118.0 3113.0 1118.0 small-vehicle 1
3112.0 1117.0 3104.0 1118.0 3104.0 1097.0 3112.0 1097.0 small-vehicle 1
3216.0 1047.0 3226.0 1045.0 3227.0 1066.0 3216.0 1066.0 small-vehicle 1
3205.0 1046.0 3216.0 1046.0 3216.0 1066.0 3206.0 1068.0 small-vehicle 1
3195.0 1045.0 3205.0 1045.0 3205.0 1065.0 3197.0 1065.0 small-vehicle 1
3169.0 1046.0 3179.0 1045.0 3180.0 1066.0 3170.0 1067.0 small-vehicle 1
2588.0 626.0 2546.0 628.0 2545.0 596.0 2587.0 594.0 plane 0
3159.0 1047.0 3170.0 1047.0 3170.0 1067.0 3161.0 1068.0 small-vehicle 1
3151.0 1048.0 3160.0 1047.0 3161.0 1067.0 3150.0 1068.0 small-vehicle 1
3149.0 1066.0 3140.0 1066.0 3140.0 1046.0 3151.0 1047.0 small-vehicle 1
3140.0 1072.0 3129.0 1071.0 3129.0 1048.0 3140.0 1048.0 small-vehicle 1
3112.0 1047.0 3123.0 1047.0 3123.0 1068.0 3111.0 1068.0 small-vehicle 1
3094.0 1047.0 3104.0 1047.0 3103.0 1068.0 3093.0 1069.0 small-vehicle 1
3084.0 1049.0 3093.0 1048.0 3092.0 1067.0 3084.0 1067.0 large-vehicle 0
3083.0 1070.0 3075.0 1070.0 3074.0 1049.0 3083.0 1048.0 small-vehicle 1
3074.0 1074.0 3063.0 1075.0 3060.0 1049.0 3073.0 1049.0 small-vehicle 1
3131.0 1015.0 3131.0 1026.0 3094.0 1028.0 3093.0 1016.0 large-vehicle 0
3115.0 989.0 3115.0 1000.0 3092.0 1001.0 3091.0 990.0 large-vehicle 0
2642.0 844.0 2629.0 844.0 2631.0 820.0 2644.0 820.0 small-vehicle 1
2599.0 826.0 2607.0 825.0 2608.0 847.0 2600.0 848.0 small-vehicle 1
3650.0 1085.0 3662.0 1085.0 3663.0 1110.0 3652.0 1110.0 small-vehicle 1
3677.0 1086.0 3687.0 1086.0 3688.0 1104.0 3678.0 1105.0 small-vehicle 1
4061.0 1170.0 4064.0 1162.0 4080.0 1174.0 4077.0 1181.0 small-vehicle 1
4070.0 1158.0 4074.0 1151.0 4089.0 1160.0 4086.0 1167.0 small-vehicle 1
491.0 750.0 491.0 738.0 512.0 739.0 512.0 749.0 small-vehicle 1
4689.0 1003.0 4698.0 1002.0 4699.0 1021.0 4691.0 1022.0 small-vehicle 1
4680.0 1003.0 4689.0 1004.0 4690.0 1024.0 4681.0 1023.0 small-vehicle 1
4647.0 1075.0 4638.0 1074.0 4638.0 1055.0 4646.0 1055.0 small-vehicle 1
4638.0 1074.0 4628.0 1074.0 4626.0 1055.0 4637.0 1054.0 small-vehicle 1
4627.0 1077.0 4618.0 1077.0 4617.0 1056.0 4625.0 1056.0 small-vehicle 1
4610.0 1058.0 4617.0 1057.0 4618.0 1075.0 4609.0 1076.0 small-vehicle 1
4598.0 1077.0 4588.0 1077.0 4587.0 1056.0 4597.0 1057.0 small-vehicle 1
4669.0 1006.0 4680.0 1005.0 4680.0 1025.0 4670.0 1026.0 small-vehicle 1
4662.0 1024.0 4650.0 1024.0 4649.0 1002.0 4660.0 1001.0 small-vehicle 1
4651.0 1022.0 4642.0 1022.0 4642.0 1005.0 4650.0 1004.0 small-vehicle 1
4631.0 1006.0 4641.0 1005.0 4641.0 1025.0 4631.0 1025.0 small-vehicle 1
4612.0 1006.0 4622.0 1006.0 4621.0 1026.0 4613.0 1026.0 small-vehicle 1
4601.0 1005.0 4613.0 1005.0 4613.0 1025.0 4602.0 1025.0 small-vehicle 1
4591.0 1008.0 4601.0 1007.0 4602.0 1026.0 4592.0 1026.0 small-vehicle 1
4582.0 1008.0 4591.0 1008.0 4591.0 1027.0 4583.0 1027.0 small-vehicle 1
4573.0 1008.0 4581.0 1008.0 4582.0 1026.0 4573.0 1026.0 small-vehicle 1
4562.0 1018.0 4553.0 1018.0 4551.0 999.0 4561.0 997.0 small-vehicle 1
4535.0 997.0 4544.0 996.0 4544.0 1015.0 4535.0 1015.0 small-vehicle 1
4522.0 999.0 4533.0 997.0 4532.0 1017.0 4523.0 1016.0 small-vehicle 1
4511.0 1001.0 4520.0 1001.0 4520.0 1018.0 4511.0 1018.0 small-vehicle 1
4545.0 1030.0 4549.0 1021.0 4570.0 1032.0 4566.0 1043.0 small-vehicle 1
4624.0 1152.0 4614.0 1153.0 4613.0 1130.0 4622.0 1130.0 small-vehicle 1
4596.0 1153.0 4586.0 1153.0 4585.0 1132.0 4596.0 1131.0 small-vehicle 1
4586.0 1150.0 4578.0 1151.0 4576.0 1133.0 4585.0 1132.0 small-vehicle 1
4543.0 1156.0 4533.0 1156.0 4533.0 1135.0 4543.0 1134.0 small-vehicle 1
4422.0 1159.0 4413.0 1161.0 4410.0 1140.0 4419.0 1139.0 small-vehicle 1
2636.0 789.0 2626.0 789.0 2628.0 769.0 2637.0 769.0 small-vehicle 1
2618.0 768.0 2626.0 768.0 2626.0 786.0 2618.0 787.0 small-vehicle 1
2605.0 769.0 2615.0 767.0 2617.0 790.0 2608.0 792.0 small-vehicle 1
1674.0 886.0 1664.0 885.0 1664.0 865.0 1673.0 865.0 small-vehicle 1
377.0 917.0 377.0 907.0 396.0 907.0 397.0 916.0 small-vehicle 1
395.0 897.0 395.0 906.0 376.0 905.0 375.0 897.0 small-vehicle 1
397.0 886.0 397.0 896.0 376.0 897.0 376.0 887.0 small-vehicle 1
411.0 870.0 422.0 870.0 423.0 889.0 412.0 888.0 small-vehicle 1
398.0 875.0 398.0 885.0 378.0 885.0 377.0 875.0 small-vehicle 1
393.0 862.0 394.0 871.0 376.0 871.0 375.0 863.0 small-vehicle 1
346.0 889.0 345.0 898.0 327.0 898.0 326.0 888.0 small-vehicle 1
328.0 882.0 328.0 871.0 348.0 873.0 347.0 883.0 small-vehicle 1
328.0 871.0 328.0 861.0 347.0 862.0 347.0 872.0 small-vehicle 1
395.0 834.0 385.0 834.0 384.0 816.0 395.0 817.0 small-vehicle 1
404.0 833.0 396.0 833.0 395.0 818.0 405.0 817.0 small-vehicle 1
407.0 816.0 417.0 816.0 418.0 835.0 407.0 835.0 small-vehicle 1
3809.0 451.0 3848.0 453.0 3847.0 482.0 3808.0 479.0 plane 0
3761.0 454.0 3803.0 453.0 3803.0 482.0 3762.0 483.0 plane 0
3713.0 450.0 3759.0 451.0 3759.0 483.0 3713.0 482.0 plane 0
3625.0 458.0 3661.0 457.0 3662.0 481.0 3627.0 483.0 plane 0
3573.0 456.0 3615.0 459.0 3613.0 490.0 3571.0 487.0 plane 0
3576.0 557.0 3617.0 554.0 3618.0 586.0 3577.0 587.0 plane 0
3432.0 462.0 3475.0 461.0 3476.0 492.0 3431.0 494.0 plane 0
3253.0 465.0 3291.0 465.0 3291.0 501.0 3253.0 500.0 plane 0
3380.0 360.0 3425.0 360.0 3425.0 396.0 3380.0 395.0 plane 0
3609.0 364.0 3560.0 367.0 3557.0 329.0 3605.0 324.0 plane 0
4386.0 830.0 4327.0 836.0 4322.0 781.0 4383.0 778.0 plane 0
4461.0 845.0 4422.0 845.0 4420.0 815.0 4460.0 813.0 plane 0
2740.0 524.0 2696.0 525.0 2695.0 490.0 2739.0 489.0 plane 0
2844.0 619.0 2800.0 618.0 2800.0 586.0 2845.0 586.0 plane 0
2684.0 622.0 2648.0 628.0 2644.0 600.0 2680.0 595.0 plane 0
1587.0 778.0 1599.0 775.0 1603.0 796.0 1591.0 798.0 small-vehicle 1
1734.0 919.0 1737.0 910.0 1759.0 920.0 1753.0 928.0 small-vehicle 1
2530.0 790.0 2521.0 791.0 2519.0 774.0 2527.0 773.0 small-vehicle 1
1732.0 899.0 1735.0 890.0 1756.0 899.0 1753.0 908.0 small-vehicle 1
2586.0 772.0 2594.0 773.0 2593.0 790.0 2586.0 789.0 small-vehicle 1
2575.0 773.0 2583.0 773.0 2583.0 789.0 2575.0 788.0 small-vehicle 1
2571.0 789.0 2564.0 788.0 2564.0 773.0 2572.0 773.0 small-vehicle 1
2562.0 790.0 2553.0 791.0 2552.0 773.0 2561.0 773.0 small-vehicle 1
2296.0 1126.0 2306.0 1126.0 2305.0 1143.0 2297.0 1143.0 small-vehicle 1
2287.0 1127.0 2297.0 1126.0 2296.0 1145.0 2286.0 1146.0 small-vehicle 1
2348.0 843.0 2336.0 843.0 2334.0 817.0 2347.0 818.0 small-vehicle 1
1904.0 794.0 1914.0 794.0 1915.0 816.0 1905.0 815.0 small-vehicle 1
1926.0 802.0 1916.0 801.0 1917.0 781.0 1926.0 782.0 small-vehicle 1
1793.0 881.0 1797.0 889.0 1783.0 896.0 1778.0 889.0 small-vehicle 1
1783.0 878.0 1777.0 870.0 1795.0 860.0 1799.0 868.0 small-vehicle 1
1795.0 850.0 1798.0 858.0 1782.0 866.0 1778.0 859.0 small-vehicle 1
1792.0 840.0 1796.0 849.0 1781.0 856.0 1776.0 850.0 small-vehicle 1
1791.0 830.0 1795.0 838.0 1782.0 847.0 1776.0 839.0 small-vehicle 1
1777.0 838.0 1772.0 829.0 1789.0 819.0 1795.0 827.0 small-vehicle 1
1790.0 810.0 1794.0 817.0 1776.0 826.0 1773.0 818.0 small-vehicle 1
1707.0 839.0 1711.0 829.0 1735.0 835.0 1732.0 846.0 small-vehicle 1
1783.0 908.0 1776.0 900.0 1793.0 888.0 1798.0 898.0 small-vehicle 1
1792.0 902.0 1798.0 911.0 1785.0 920.0 1777.0 911.0 small-vehicle 1
1709.0 860.0 1711.0 852.0 1729.0 859.0 1728.0 867.0 small-vehicle 1
1727.0 869.0 1724.0 876.0 1707.0 872.0 1710.0 862.0 small-vehicle 1
1728.0 879.0 1725.0 888.0 1706.0 882.0 1709.0 872.0 small-vehicle 1
1729.0 902.0 1726.0 912.0 1707.0 903.0 1710.0 894.0 small-vehicle 1
1732.0 856.0 1734.0 846.0 1754.0 853.0 1751.0 861.0 small-vehicle 1
1732.0 868.0 1734.0 858.0 1754.0 865.0 1752.0 874.0 small-vehicle 1
1733.0 879.0 1736.0 869.0 1754.0 876.0 1751.0 883.0 small-vehicle 1
1731.0 890.0 1732.0 880.0 1753.0 887.0 1751.0 897.0 small-vehicle 1
360.0 475.0 324.0 475.0 324.0 447.0 361.0 446.0 plane 0
