imagesource:GoogleEarth
gsd:0.283672911471
706.0 56.0 716.0 56.0 717.0 80.0 707.0 80.0 small-vehicle 1
317.0 761.0 318.0 751.0 338.0 751.0 338.0 760.0 small-vehicle 1
315.0 229.0 354.0 228.0 355.0 312.0 316.0 313.0 tennis-court 0
380.0 228.0 419.0 228.0 419.0 313.0 379.0 314.0 tennis-court 0
445.0 227.0 483.0 227.0 484.0 313.0 444.0 313.0 tennis-court 0
136.0 408.0 165.0 409.0 165.0 473.0 135.0 474.0 tennis-court 0
184.0 407.0 213.0 408.0 213.0 473.0 184.0 473.0 tennis-court 0
232.0 408.0 262.0 407.0 262.0 472.0 231.0 473.0 tennis-court 0
280.0 408.0 311.0 407.0 309.0 473.0 280.0 472.0 tennis-court 0
381.0 424.0 422.0 423.0 421.0 508.0 381.0 508.0 tennis-court 0
445.0 422.0 484.0 422.0 485.0 507.0 446.0 507.0 tennis-court 0
504.0 411.0 524.0 411.0 524.0 450.0 504.0 451.0 tennis-court 0
504.0 479.0 524.0 479.0 524.0 515.0 503.0 514.0 tennis-court 0
540.0 170.0 531.0 170.0 531.0 153.0 541.0 153.0 small-vehicle 1
728.0 802.0 728.0 811.0 706.0 811.0 705.0 803.0 small-vehicle 1
685.0 39.0 697.0 39.0 698.0 63.0 687.0 62.0 small-vehicle 1
596.0 335.0 596.0 326.0 614.0 326.0 614.0 334.0 small-vehicle 1
613.0 314.0 613.0 323.0 593.0 322.0 592.0 314.0 small-vehicle 1
591.0 295.0 590.0 286.0 609.0 285.0 610.0 295.0 small-vehicle 1
592.0 284.0 592.0 276.0 608.0 276.0 609.0 285.0 small-vehicle 1
610.0 247.0 611.0 256.0 592.0 257.0 591.0 248.0 small-vehicle 1
608.0 229.0 608.0 237.0 590.0 237.0 590.0 229.0 small-vehicle 1
664.0 268.0 655.0 268.0 654.0 252.0 663.0 252.0 small-vehicle 1
685.0 318.0 676.0 319.0 674.0 302.0 683.0 300.0 small-vehicle 1
692.0 254.0 682.0 255.0 681.0 235.0 690.0 235.0 small-vehicle 1
697.0 299.0 705.0 299.0 705.0 316.0 697.0 317.0 small-vehicle 1
684.0 301.0 693.0 301.0 694.0 317.0 686.0 317.0 small-vehicle 1
651.0 130.0 643.0 131.0 639.0 112.0 649.0 110.0 small-vehicle 1
251.0 228.0 290.0 229.0 290.0 313.0 250.0 313.0 tennis-court 0
