imagesource:GoogleEarth
gsd:0.283671853416
1291.0 145.0 1290.0 138.0 1312.0 139.0 1311.0 147.0 small-vehicle 1
1330.0 191.0 1330.0 200.0 1310.0 199.0 1309.0 190.0 small-vehicle 1
1266.0 137.0 1267.0 146.0 1246.0 147.0 1245.0 137.0 small-vehicle 1
1241.0 181.0 1241.0 190.0 1222.0 189.0 1222.0 181.0 small-vehicle 1
1243.0 138.0 1241.0 147.0 1224.0 145.0 1225.0 137.0 small-vehicle 1
1243.0 125.0 1242.0 134.0 1225.0 133.0 1225.0 124.0 small-vehicle 1
1241.0 114.0 1241.0 123.0 1226.0 123.0 1224.0 114.0 small-vehicle 1
1100.0 1097.0 1090.0 1096.0 1092.0 1074.0 1103.0 1075.0 small-vehicle 1
741.0 2144.0 741.0 2136.0 762.0 2137.0 761.0 2146.0 small-vehicle 1
424.0 2147.0 424.0 2138.0 445.0 2139.0 445.0 2148.0 small-vehicle 1
255.0 2138.0 253.0 2149.0 231.0 2148.0 231.0 2137.0 small-vehicle 1
108.0 2022.0 111.0 2014.0 128.0 2021.0 125.0 2028.0 small-vehicle 1
80.0 2147.0 79.0 2139.0 98.0 2139.0 98.0 2147.0 small-vehicle 1
676.0 1784.0 667.0 1782.0 669.0 1763.0 677.0 1766.0 small-vehicle 1
625.0 1738.0 616.0 1738.0 617.0 1716.0 627.0 1716.0 small-vehicle 1
1699.0 1392.0 1878.0 1391.0 1878.0 1476.0 1700.0 1477.0 swimming-pool 0
1522.0 1872.0 1410.0 1871.0 1409.0 1754.0 1525.0 1757.0 baseball-diamond 0
1097.0 1869.0 1096.0 1750.0 1208.0 1754.0 1207.0 1868.0 baseball-diamond 0
1500.0 1459.0 1504.0 1575.0 1387.0 1571.0 1385.0 1457.0 baseball-diamond 0
1093.0 1459.0 1215.0 1459.0 1208.0 1574.0 1095.0 1574.0 baseball-diamond 0
844.0 1605.0 687.0 1601.0 693.0 1454.0 842.0 1451.0 baseball-diamond 0
143.0 1604.0 141.0 1457.0 293.0 1458.0 292.0 1604.0 baseball-diamond 0
139.0 908.0 285.0 905.0 281.0 1058.0 139.0 1058.0 baseball-diamond 0
839.0 902.0 836.0 1038.0 705.0 1038.0 703.0 902.0 baseball-diamond 0
412.0 375.0 411.0 523.0 267.0 518.0 262.0 380.0 baseball-diamond 0
411.0 221.0 255.0 229.0 255.0 81.0 409.0 76.0 baseball-diamond 0
561.0 372.0 707.0 373.0 705.0 527.0 565.0 528.0 baseball-diamond 0
1244.0 135.0 1244.0 124.0 1264.0 126.0 1264.0 135.0 small-vehicle 1
1221.0 232.0 1220.0 225.0 1239.0 224.0 1239.0 233.0 small-vehicle 1
1855.0 861.0 1913.0 861.0 1913.0 954.0 1855.0 953.0 basketball-court 0
1377.0 202.0 1378.0 210.0 1361.0 212.0 1360.0 202.0 small-vehicle 1
1861.0 199.0 1862.0 208.0 1844.0 209.0 1842.0 198.0 small-vehicle 1
1822.0 220.0 1821.0 209.0 1848.0 209.0 1847.0 219.0 small-vehicle 1
1759.0 271.0 1759.0 259.0 1777.0 261.0 1777.0 271.0 small-vehicle 1
1777.0 251.0 1777.0 261.0 1757.0 260.0 1756.0 250.0 small-vehicle 1
1781.0 261.0 1781.0 250.0 1799.0 251.0 1799.0 259.0 small-vehicle 1
1800.0 218.0 1801.0 227.0 1780.0 229.0 1777.0 219.0 small-vehicle 1
1781.0 189.0 1780.0 199.0 1760.0 199.0 1759.0 188.0 small-vehicle 1
1713.0 186.0 1712.0 177.0 1731.0 178.0 1732.0 187.0 small-vehicle 1
1713.0 175.0 1712.0 166.0 1731.0 167.0 1731.0 175.0 small-vehicle 1
1824.0 164.0 1823.0 154.0 1839.0 154.0 1840.0 165.0 small-vehicle 1
1842.0 143.0 1843.0 154.0 1824.0 153.0 1823.0 144.0 small-vehicle 1
1841.0 133.0 1842.0 142.0 1824.0 143.0 1822.0 134.0 small-vehicle 1
1912.0 1125.0 1920.0 1124.0 1919.0 1139.0 1911.0 1140.0 small-vehicle 1
1581.0 1054.0 1591.0 1054.0 1591.0 1070.0 1582.0 1070.0 small-vehicle 1
1809.0 1140.0 1799.0 1140.0 1798.0 1122.0 1809.0 1122.0 small-vehicle 1
1797.0 1139.0 1787.0 1140.0 1785.0 1120.0 1796.0 1120.0 small-vehicle 1
1765.0 1187.0 1757.0 1187.0 1756.0 1171.0 1765.0 1171.0 small-vehicle 1
1755.0 1187.0 1745.0 1187.0 1745.0 1170.0 1755.0 1170.0 small-vehicle 1
1614.0 1151.0 1614.0 1160.0 1595.0 1160.0 1596.0 1150.0 small-vehicle 1
1778.0 1866.0 1783.0 1875.0 1760.0 1890.0 1753.0 1882.0 small-vehicle 1
1275.0 2128.0 1275.0 2136.0 1255.0 2137.0 1255.0 2127.0 small-vehicle 1
1257.0 1124.0 1266.0 1124.0 1267.0 1142.0 1257.0 1142.0 small-vehicle 1
1407.0 1188.0 1397.0 1189.0 1399.0 1169.0 1408.0 1170.0 small-vehicle 1
1362.0 925.0 1363.0 935.0 1339.0 936.0 1337.0 927.0 small-vehicle 1
1379.0 170.0 1379.0 178.0 1355.0 180.0 1355.0 170.0 small-vehicle 1
559.0 222.0 559.0 74.0 711.0 78.0 712.0 223.0 baseball-diamond 0
