imagesource:GoogleEarth
gsd:0.28603489718
868.0 685.0 860.0 683.0 857.0 666.0 867.0 665.0 small-vehicle 1
718.0 812.0 709.0 811.0 707.0 792.0 719.0 791.0 small-vehicle 1
665.0 1406.0 656.0 1406.0 655.0 1391.0 665.0 1389.0 small-vehicle 1
527.0 1405.0 517.0 1406.0 516.0 1383.0 527.0 1383.0 small-vehicle 1
409.0 1405.0 398.0 1404.0 402.0 1383.0 411.0 1386.0 small-vehicle 1
532.0 1247.0 532.0 1256.0 513.0 1257.0 513.0 1248.0 small-vehicle 1
607.0 1259.0 608.0 1250.0 626.0 1251.0 625.0 1260.0 small-vehicle 1
626.0 1242.0 626.0 1249.0 605.0 1249.0 606.0 1240.0 small-vehicle 1
509.0 922.0 498.0 922.0 496.0 898.0 507.0 898.0 small-vehicle 1
702.0 957.0 707.0 964.0 692.0 973.0 686.0 966.0 small-vehicle 1
702.0 812.0 694.0 812.0 694.0 795.0 704.0 795.0 small-vehicle 1
188.0 97.0 195.0 91.0 207.0 103.0 201.0 110.0 small-vehicle 0
598.0 806.0 588.0 806.0 588.0 788.0 598.0 789.0 small-vehicle 1
570.0 807.0 560.0 806.0 558.0 788.0 569.0 787.0 small-vehicle 1
542.0 744.0 552.0 740.0 562.0 758.0 552.0 764.0 small-vehicle 1
58.0 591.0 57.0 582.0 79.0 582.0 78.0 591.0 small-vehicle 1
56.0 582.0 58.0 572.0 81.0 574.0 79.0 582.0 small-vehicle 1
369.0 238.0 365.0 244.0 347.0 229.0 353.0 223.0 small-vehicle 1
222.0 221.0 220.0 230.0 201.0 226.0 204.0 216.0 small-vehicle 1
244.0 201.0 242.0 208.0 220.0 205.0 220.0 199.0 small-vehicle 1
685.0 1389.0 694.0 1391.0 690.0 1412.0 681.0 1412.0 small-vehicle 1
694.0 1390.0 704.0 1392.0 703.0 1414.0 691.0 1413.0 small-vehicle 1
715.0 1395.0 725.0 1396.0 722.0 1412.0 713.0 1411.0 small-vehicle 1
279.0 1561.0 289.0 1562.0 287.0 1579.0 278.0 1579.0 small-vehicle 1
968.0 134.0 963.0 139.0 948.0 128.0 955.0 122.0 small-vehicle 1
540.0 1403.0 529.0 1403.0 529.0 1385.0 540.0 1385.0 small-vehicle 1
727.0 1589.0 717.0 1589.0 717.0 1569.0 727.0 1568.0 small-vehicle 1
698.0 1592.0 687.0 1594.0 688.0 1573.0 698.0 1573.0 small-vehicle 1
684.0 1593.0 675.0 1594.0 673.0 1575.0 683.0 1576.0 small-vehicle 1
537.0 1567.0 549.0 1567.0 548.0 1590.0 536.0 1590.0 small-vehicle 1
500.0 1565.0 510.0 1565.0 510.0 1583.0 501.0 1583.0 small-vehicle 1
471.0 1564.0 482.0 1564.0 483.0 1583.0 474.0 1583.0 small-vehicle 1
446.0 1586.0 438.0 1585.0 438.0 1563.0 447.0 1563.0 small-vehicle 1
438.0 1584.0 429.0 1583.0 429.0 1565.0 438.0 1564.0 small-vehicle 1
353.0 1560.0 362.0 1561.0 362.0 1581.0 353.0 1581.0 small-vehicle 1
343.0 1562.0 352.0 1561.0 353.0 1580.0 344.0 1580.0 small-vehicle 1
335.0 1563.0 344.0 1563.0 343.0 1580.0 334.0 1580.0 small-vehicle 1
325.0 1562.0 334.0 1563.0 333.0 1581.0 325.0 1580.0 small-vehicle 1
315.0 1578.0 306.0 1578.0 307.0 1563.0 315.0 1562.0 small-vehicle 1
298.0 1563.0 306.0 1563.0 303.0 1579.0 295.0 1579.0 small-vehicle 1
289.0 1561.0 298.0 1561.0 296.0 1578.0 287.0 1578.0 small-vehicle 1
200.0 52.0 210.0 50.0 210.0 71.0 199.0 70.0 small-vehicle 0
906.0 1391.0 905.0 1401.0 887.0 1399.0 888.0 1389.0 small-vehicle 0
875.0 680.0 867.0 682.0 867.0 665.0 874.0 665.0 small-vehicle 1
285.0 585.0 382.0 621.0 344.0 722.0 253.0 683.0 plane 0
419.0 1319.0 346.0 1271.0 395.0 1200.0 465.0 1244.0 plane 0
344.0 1237.0 391.0 1240.0 389.0 1296.0 341.0 1294.0 plane 0
362.0 1174.0 399.0 1213.0 364.0 1251.0 327.0 1213.0 plane 0
353.0 1180.0 349.0 1238.0 297.0 1234.0 302.0 1176.0 plane 0
393.0 1138.0 388.0 1195.0 329.0 1189.0 335.0 1131.0 plane 0
390.0 1049.0 388.0 1097.0 331.0 1097.0 333.0 1045.0 plane 0
373.0 856.0 372.0 894.0 342.0 894.0 343.0 855.0 plane 0
376.0 726.0 375.0 765.0 349.0 765.0 348.0 725.0 plane 0
217.0 625.0 288.0 629.0 284.0 706.0 212.0 702.0 plane 0
906.0 1382.0 906.0 1390.0 886.0 1388.0 886.0 1381.0 small-vehicle 0
191.0 484.0 253.0 485.0 251.0 535.0 192.0 534.0 plane 0
419.0 393.0 369.0 389.0 375.0 328.0 423.0 333.0 plane 0
326.0 346.0 383.0 345.0 383.0 399.0 325.0 397.0 plane 0
342.0 395.0 276.0 392.0 280.0 323.0 345.0 328.0 plane 0
249.0 339.0 294.0 338.0 292.0 399.0 248.0 398.0 plane 0
247.0 381.0 189.0 373.0 195.0 327.0 252.0 333.0 plane 0
708.0 267.0 637.0 269.0 635.0 185.0 710.0 183.0 plane 0
718.0 614.0 685.0 724.0 543.0 683.0 575.0 569.0 plane 0
457.0 1363.0 385.0 1346.0 405.0 1265.0 477.0 1281.0 plane 0
749.0 921.0 790.0 964.0 744.0 1008.0 705.0 967.0 plane 0
749.0 530.0 718.0 567.0 669.0 525.0 702.0 490.0 plane 0
760.0 648.0 803.0 650.0 800.0 708.0 757.0 704.0 plane 0
658.0 938.0 658.0 950.0 637.0 949.0 638.0 937.0 small-vehicle 0
651.0 698.0 652.0 711.0 617.0 710.0 618.0 696.0 large-vehicle 0
540.0 791.0 552.0 791.0 552.0 813.0 542.0 815.0 small-vehicle 0
201.0 625.0 214.0 626.0 213.0 654.0 203.0 654.0 large-vehicle 0
214.0 183.0 214.0 171.0 253.0 174.0 252.0 185.0 large-vehicle 0
1062.0 1000.0 1007.0 1000.0 1009.0 939.0 1063.0 940.0 plane 0
932.0 1251.0 934.0 1288.0 909.0 1290.0 906.0 1253.0 plane 0
717.0 1244.0 672.0 1252.0 660.0 1192.0 706.0 1183.0 plane 0
257.0 481.0 328.0 481.0 328.0 550.0 257.0 549.0 plane 0
337.0 490.0 382.0 491.0 382.0 545.0 338.0 544.0 plane 0
373.0 813.0 373.0 853.0 347.0 853.0 346.0 813.0 plane 0
375.0 768.0 376.0 807.0 347.0 807.0 346.0 769.0 plane 0
950.0 1263.0 909.0 1228.0 943.0 1183.0 986.0 1217.0 plane 0
936.0 1204.0 929.0 1246.0 899.0 1240.0 905.0 1197.0 plane 0
931.0 995.0 991.0 999.0 987.0 1061.0 929.0 1057.0 plane 0
1020.0 993.0 959.0 992.0 960.0 931.0 1020.0 932.0 plane 0
959.0 981.0 918.0 979.0 920.0 925.0 963.0 926.0 plane 0
955.0 120.0 960.0 113.0 974.0 125.0 968.0 132.0 small-vehicle 1
971.0 111.0 979.0 104.0 988.0 115.0 983.0 123.0 small-vehicle 1
979.0 102.0 982.0 97.0 994.0 106.0 990.0 111.0 small-vehicle 1
1174.0 1608.0 1174.0 1600.0 1193.0 1601.0 1192.0 1609.0 small-vehicle 1
1070.0 1329.0 1080.0 1328.0 1081.0 1348.0 1072.0 1349.0 small-vehicle 1
1169.0 1390.0 1159.0 1391.0 1156.0 1373.0 1166.0 1372.0 small-vehicle 1
1144.0 1389.0 1133.0 1390.0 1130.0 1373.0 1142.0 1371.0 small-vehicle 1
1124.0 1390.0 1114.0 1391.0 1113.0 1373.0 1123.0 1373.0 small-vehicle 1
1088.0 1388.0 1078.0 1388.0 1078.0 1370.0 1087.0 1371.0 small-vehicle 1
1078.0 1389.0 1068.0 1389.0 1069.0 1372.0 1078.0 1372.0 small-vehicle 1
1050.0 1578.0 1058.0 1578.0 1058.0 1598.0 1051.0 1598.0 small-vehicle 1
1041.0 1579.0 1050.0 1578.0 1052.0 1599.0 1042.0 1598.0 small-vehicle 1
1161.0 1581.0 1172.0 1581.0 1176.0 1600.0 1164.0 1602.0 small-vehicle 1
983.0 94.0 988.0 86.0 1001.0 99.0 997.0 104.0 small-vehicle 1
1143.0 1599.0 1134.0 1599.0 1132.0 1579.0 1142.0 1579.0 small-vehicle 1
1086.0 1599.0 1075.0 1599.0 1076.0 1578.0 1087.0 1578.0 small-vehicle 1
1025.0 1579.0 1033.0 1581.0 1032.0 1598.0 1025.0 1598.0 small-vehicle 1
1025.0 1598.0 1017.0 1599.0 1015.0 1580.0 1024.0 1580.0 small-vehicle 1
997.0 1598.0 986.0 1600.0 986.0 1576.0 996.0 1577.0 small-vehicle 1
978.0 1578.0 985.0 1578.0 985.0 1595.0 979.0 1595.0 small-vehicle 1
978.0 1596.0 969.0 1597.0 969.0 1576.0 977.0 1577.0 small-vehicle 1
959.0 1577.0 968.0 1577.0 969.0 1595.0 960.0 1595.0 small-vehicle 1
1106.0 1330.0 1117.0 1330.0 1115.0 1351.0 1106.0 1349.0 small-vehicle 1
1135.0 1329.0 1145.0 1331.0 1144.0 1350.0 1134.0 1349.0 small-vehicle 1
1205.0 1227.0 1198.0 1228.0 1197.0 1210.0 1206.0 1210.0 small-vehicle 1
1045.0 684.0 1043.0 693.0 1019.0 691.0 1018.0 682.0 small-vehicle 1
57.0 252.0 56.0 263.0 33.0 262.0 33.0 252.0 small-vehicle 1
54.0 264.0 54.0 273.0 31.0 272.0 30.0 263.0 small-vehicle 1
54.0 274.0 52.0 282.0 31.0 282.0 31.0 273.0 small-vehicle 1
53.0 284.0 53.0 292.0 29.0 289.0 28.0 282.0 small-vehicle 1
53.0 294.0 52.0 302.0 29.0 302.0 30.0 292.0 small-vehicle 1
28.0 326.0 28.0 315.0 51.0 318.0 52.0 328.0 small-vehicle 1
1224.0 95.0 1214.0 94.0 1212.0 76.0 1223.0 76.0 small-vehicle 1
1221.0 48.0 1212.0 48.0 1212.0 30.0 1223.0 30.0 small-vehicle 1
1008.0 684.0 997.0 684.0 997.0 665.0 1007.0 665.0 small-vehicle 1
973.0 169.0 967.0 163.0 979.0 152.0 986.0 157.0 small-vehicle 1
1050.0 23.0 1055.0 16.0 1069.0 29.0 1064.0 34.0 small-vehicle 1
44.0 339.0 45.0 347.0 26.0 345.0 28.0 338.0 small-vehicle 1
28.0 354.0 28.0 346.0 45.0 348.0 45.0 355.0 small-vehicle 1
101.0 59.0 92.0 59.0 92.0 44.0 100.0 44.0 small-vehicle 1
1180.0 682.0 1180.0 689.0 1159.0 688.0 1159.0 680.0 small-vehicle 1
1194.0 365.0 1194.0 356.0 1216.0 356.0 1216.0 367.0 small-vehicle 1
1043.0 695.0 1044.0 704.0 1021.0 704.0 1019.0 693.0 small-vehicle 1
952.0 1576.0 959.0 1578.0 957.0 1596.0 949.0 1595.0 small-vehicle 1
941.0 1576.0 949.0 1577.0 947.0 1596.0 940.0 1594.0 small-vehicle 1
930.0 1575.0 940.0 1577.0 938.0 1594.0 930.0 1593.0 small-vehicle 1
798.0 814.0 790.0 812.0 790.0 793.0 799.0 795.0 small-vehicle 1
779.0 811.0 771.0 812.0 770.0 792.0 779.0 793.0 small-vehicle 1
743.0 813.0 732.0 813.0 731.0 789.0 743.0 789.0 small-vehicle 1
750.0 747.0 759.0 746.0 760.0 763.0 754.0 764.0 small-vehicle 1
1194.0 48.0 1185.0 48.0 1183.0 31.0 1194.0 31.0 small-vehicle 1
1167.0 334.0 1168.0 327.0 1185.0 329.0 1186.0 336.0 small-vehicle 1
1179.0 594.0 1179.0 603.0 1161.0 603.0 1159.0 594.0 small-vehicle 1
1112.0 564.0 1110.0 555.0 1129.0 555.0 1129.0 564.0 small-vehicle 1
1128.0 536.0 1128.0 546.0 1108.0 545.0 1106.0 535.0 small-vehicle 1
1113.0 516.0 1112.0 507.0 1127.0 506.0 1127.0 516.0 small-vehicle 1
1135.0 403.0 1136.0 413.0 1111.0 412.0 1110.0 403.0 small-vehicle 1
1117.0 381.0 1117.0 374.0 1132.0 375.0 1132.0 382.0 small-vehicle 1
1114.0 323.0 1113.0 317.0 1132.0 316.0 1133.0 324.0 small-vehicle 1
1045.0 55.0 1038.0 61.0 1019.0 48.0 1026.0 39.0 small-vehicle 1
1032.0 75.0 1023.0 82.0 1006.0 65.0 1014.0 57.0 small-vehicle 1
1003.0 75.0 1008.0 68.0 1020.0 80.0 1015.0 86.0 small-vehicle 1
997.0 82.0 1001.0 74.0 1013.0 85.0 1008.0 92.0 small-vehicle 1
1009.0 93.0 1003.0 97.0 990.0 86.0 995.0 80.0 small-vehicle 1
789.0 813.0 780.0 812.0 781.0 794.0 790.0 795.0 small-vehicle 1
809.0 814.0 801.0 814.0 800.0 794.0 809.0 796.0 small-vehicle 1
794.0 1589.0 784.0 1590.0 782.0 1570.0 792.0 1571.0 small-vehicle 1
820.0 815.0 809.0 815.0 811.0 797.0 820.0 798.0 small-vehicle 1
904.0 1366.0 899.0 1372.0 887.0 1361.0 893.0 1355.0 small-vehicle 1
907.0 1434.0 908.0 1442.0 887.0 1444.0 887.0 1434.0 small-vehicle 1
906.0 1422.0 906.0 1431.0 886.0 1432.0 885.0 1422.0 small-vehicle 1
887.0 1408.0 888.0 1397.0 908.0 1400.0 908.0 1409.0 small-vehicle 1
884.0 1420.0 884.0 1410.0 906.0 1411.0 906.0 1420.0 small-vehicle 1
866.0 1400.0 866.0 1408.0 843.0 1409.0 843.0 1400.0 small-vehicle 1
865.0 1389.0 865.0 1397.0 844.0 1396.0 843.0 1387.0 small-vehicle 1
879.0 1359.0 886.0 1366.0 876.0 1380.0 867.0 1374.0 small-vehicle 1
844.0 1341.0 844.0 1331.0 867.0 1331.0 866.0 1341.0 small-vehicle 1
844.0 1327.0 843.0 1317.0 864.0 1316.0 865.0 1326.0 small-vehicle 1
844.0 1316.0 845.0 1308.0 864.0 1309.0 864.0 1317.0 small-vehicle 1
844.0 1306.0 842.0 1297.0 864.0 1298.0 865.0 1307.0 small-vehicle 1
742.0 1256.0 742.0 1264.0 724.0 1264.0 723.0 1257.0 small-vehicle 1
874.0 918.0 873.0 927.0 851.0 926.0 851.0 915.0 small-vehicle 1
776.0 945.0 787.0 946.0 785.0 968.0 774.0 969.0 small-vehicle 1
850.0 812.0 840.0 812.0 839.0 795.0 848.0 795.0 small-vehicle 1
839.0 811.0 830.0 811.0 830.0 796.0 838.0 796.0 small-vehicle 1
827.0 635.0 708.0 732.0 587.0 573.0 715.0 482.0 plane 0
