imagesource:GoogleEarth
gsd:0.28348519266
623.0 717.0 614.0 712.0 624.0 695.0 633.0 701.0 small-vehicle 1
336.0 831.0 396.0 869.0 354.0 936.0 295.0 900.0 plane 0
835.0 453.0 881.0 486.0 857.0 521.0 809.0 487.0 plane 0
598.0 764.0 618.0 732.0 643.0 749.0 623.0 780.0 plane 0
580.0 801.0 598.0 768.0 624.0 784.0 603.0 817.0 plane 0
518.0 929.0 557.0 957.0 521.0 1010.0 481.0 982.0 plane 0
526.0 931.0 481.0 949.0 459.0 894.0 501.0 876.0 plane 0
545.0 916.0 526.0 949.0 502.0 936.0 522.0 902.0 plane 0
583.0 858.0 564.0 892.0 540.0 878.0 559.0 842.0 plane 0
471.0 835.0 495.0 799.0 524.0 818.0 499.0 854.0 plane 0
418.0 876.0 477.0 917.0 432.0 982.0 375.0 941.0 plane 0
301.0 674.0 400.0 743.0 305.0 882.0 209.0 807.0 plane 0
370.0 849.0 327.0 826.0 352.0 780.0 395.0 805.0 plane 0
860.0 1078.0 854.0 1072.0 864.0 1059.0 870.0 1064.0 small-vehicle 0
397.0 719.0 406.0 782.0 336.0 789.0 327.0 728.0 plane 0
316.0 669.0 342.0 629.0 389.0 663.0 363.0 701.0 plane 0
348.0 614.0 381.0 562.0 424.0 592.0 390.0 640.0 plane 0
373.0 585.0 413.0 529.0 472.0 575.0 427.0 629.0 plane 0
395.0 503.0 444.0 430.0 523.0 486.0 475.0 557.0 plane 0
465.0 403.0 511.0 342.0 582.0 395.0 537.0 456.0 plane 0
614.0 328.0 589.0 365.0 541.0 332.0 567.0 293.0 plane 0
566.0 314.0 606.0 259.0 659.0 296.0 618.0 356.0 plane 0
669.0 247.0 625.0 316.0 538.0 260.0 585.0 191.0 plane 0
603.0 216.0 636.0 168.0 676.0 197.0 640.0 246.0 plane 0
781.0 395.0 819.0 421.0 797.0 454.0 760.0 430.0 plane 0
890.0 218.0 928.0 242.0 908.0 274.0 870.0 253.0 plane 0
898.0 350.0 860.0 325.0 882.0 292.0 919.0 319.0 plane 0
940.0 392.0 898.0 458.0 817.0 406.0 863.0 337.0 plane 0
872.0 1062.0 864.0 1055.0 874.0 1041.0 882.0 1047.0 small-vehicle 0
885.0 1041.0 878.0 1035.0 890.0 1020.0 896.0 1025.0 small-vehicle 0
900.0 1018.0 893.0 1014.0 902.0 1000.0 908.0 1005.0 large-vehicle 0
911.0 1002.0 904.0 997.0 915.0 981.0 921.0 986.0 small-vehicle 0
922.0 983.0 916.0 979.0 923.0 967.0 930.0 973.0 small-vehicle 1
935.0 963.0 927.0 957.0 936.0 943.0 945.0 948.0 small-vehicle 0
950.0 939.0 943.0 934.0 954.0 920.0 961.0 926.0 small-vehicle 0
938.0 891.0 942.0 884.0 957.0 894.0 952.0 900.0 small-vehicle 0
959.0 883.0 955.0 889.0 942.0 880.0 947.0 874.0 small-vehicle 0
966.0 875.0 963.0 881.0 950.0 873.0 954.0 867.0 small-vehicle 0
973.0 868.0 969.0 874.0 954.0 865.0 958.0 858.0 small-vehicle 0
849.0 831.0 844.0 838.0 828.0 828.0 832.0 821.0 small-vehicle 0
657.0 739.0 650.0 733.0 660.0 717.0 667.0 722.0 small-vehicle 0
649.0 734.0 641.0 729.0 651.0 713.0 659.0 719.0 small-vehicle 0
947.0 378.0 910.0 351.0 932.0 320.0 968.0 346.0 plane 0
929.0 246.0 970.0 256.0 964.0 283.0 923.0 272.0 plane 0
752.0 609.0 788.0 631.0 768.0 664.0 733.0 643.0 plane 0
687.0 540.0 757.0 585.0 707.0 665.0 635.0 619.0 plane 0
532.0 947.0 583.0 950.0 579.0 996.0 528.0 992.0 plane 0
283.0 799.0 329.0 801.0 326.0 863.0 281.0 862.0 plane 0
883.0 860.0 916.0 810.0 953.0 839.0 922.0 886.0 plane 0
648.0 155.0 679.0 108.0 730.0 142.0 697.0 190.0 plane 0
