imagesource:GoogleEarth
gsd:0.289230635447
42.0 589.0 52.0 589.0 52.0 595.0 42.0 595.0 storage-tank 1
686.0 379.0 686.0 369.0 707.0 370.0 708.0 379.0 small-vehicle 1
695.0 398.0 698.0 389.0 716.0 397.0 713.0 405.0 small-vehicle 1
727.0 415.0 723.0 423.0 700.0 412.0 705.0 403.0 small-vehicle 1
729.0 439.0 726.0 447.0 706.0 437.0 712.0 429.0 small-vehicle 1
711.0 449.0 715.0 443.0 731.0 454.0 726.0 460.0 small-vehicle 1
712.0 462.0 718.0 456.0 733.0 469.0 728.0 475.0 small-vehicle 1
686.0 492.0 680.0 488.0 693.0 473.0 699.0 478.0 small-vehicle 1
686.0 504.0 680.0 497.0 694.0 485.0 701.0 492.0 small-vehicle 1
688.0 512.0 682.0 507.0 696.0 495.0 701.0 501.0 small-vehicle 1
654.0 590.0 653.0 582.0 671.0 580.0 672.0 588.0 small-vehicle 1
205.0 233.0 218.0 237.0 215.0 251.0 201.0 247.0 swimming-pool 1
8.0 255.0 16.0 255.0 16.0 264.0 8.0 264.0 storage-tank 1
9.0 263.0 18.0 263.0 18.0 270.0 9.0 270.0 storage-tank 1
13.0 270.0 21.0 270.0 21.0 278.0 13.0 278.0 storage-tank 1
17.0 277.0 25.0 277.0 25.0 284.0 17.0 284.0 storage-tank 1
20.0 283.0 28.0 283.0 28.0 291.0 20.0 291.0 storage-tank 1
21.0 291.0 31.0 291.0 31.0 299.0 21.0 299.0 storage-tank 1
23.0 299.0 31.0 299.0 31.0 307.0 23.0 307.0 storage-tank 1
25.0 308.0 34.0 308.0 34.0 315.0 25.0 315.0 storage-tank 1
25.0 316.0 35.0 316.0 35.0 322.0 25.0 322.0 storage-tank 1
27.0 322.0 36.0 322.0 36.0 330.0 27.0 330.0 storage-tank 1
27.0 329.0 36.0 329.0 36.0 338.0 27.0 338.0 storage-tank 1
28.0 339.0 39.0 339.0 39.0 346.0 28.0 346.0 storage-tank 1
31.0 347.0 39.0 347.0 39.0 353.0 31.0 353.0 storage-tank 1
32.0 355.0 41.0 355.0 41.0 362.0 32.0 362.0 storage-tank 1
31.0 362.0 43.0 362.0 43.0 370.0 31.0 370.0 storage-tank 1
690.0 389.0 689.0 379.0 712.0 380.0 712.0 388.0 small-vehicle 1
682.0 367.0 681.0 358.0 702.0 359.0 703.0 366.0 small-vehicle 1
35.0 378.0 46.0 378.0 46.0 387.0 35.0 387.0 storage-tank 1
671.0 359.0 670.0 349.0 694.0 350.0 695.0 359.0 small-vehicle 1
426.0 451.0 465.0 452.0 466.0 535.0 426.0 534.0 tennis-court 0
501.0 452.0 542.0 453.0 542.0 536.0 500.0 535.0 tennis-court 0
538.0 209.0 547.0 206.0 554.0 225.0 545.0 228.0 small-vehicle 1
538.0 244.0 538.0 253.0 518.0 252.0 518.0 243.0 small-vehicle 1
544.0 280.0 542.0 288.0 525.0 283.0 527.0 276.0 small-vehicle 1
531.0 293.0 531.0 285.0 547.0 288.0 546.0 294.0 small-vehicle 1
546.0 313.0 546.0 304.0 568.0 304.0 568.0 314.0 small-vehicle 1
576.0 276.0 569.0 282.0 553.0 267.0 561.0 261.0 small-vehicle 1
581.0 261.0 578.0 250.0 599.0 248.0 601.0 258.0 small-vehicle 1
590.0 270.0 588.0 259.0 610.0 258.0 611.0 268.0 small-vehicle 1
606.0 286.0 605.0 277.0 624.0 278.0 624.0 286.0 small-vehicle 1
617.0 294.0 615.0 285.0 633.0 287.0 634.0 294.0 small-vehicle 1
638.0 294.0 639.0 303.0 620.0 304.0 620.0 294.0 small-vehicle 1
645.0 303.0 647.0 311.0 631.0 313.0 629.0 305.0 small-vehicle 1
636.0 319.0 636.0 311.0 653.0 311.0 654.0 319.0 small-vehicle 1
656.0 320.0 657.0 328.0 643.0 329.0 641.0 321.0 small-vehicle 1
671.0 330.0 672.0 337.0 656.0 338.0 656.0 331.0 small-vehicle 1
665.0 348.0 664.0 340.0 682.0 341.0 683.0 348.0 small-vehicle 1
591.0 291.0 584.0 298.0 569.0 282.0 577.0 276.0 small-vehicle 1
610.0 310.0 603.0 316.0 589.0 302.0 597.0 296.0 small-vehicle 1
608.0 320.0 615.0 313.0 629.0 329.0 623.0 334.0 small-vehicle 1
645.0 346.0 637.0 350.0 623.0 337.0 632.0 330.0 small-vehicle 1
629.0 406.0 633.0 397.0 650.0 401.0 647.0 411.0 small-vehicle 1
627.0 397.0 629.0 389.0 649.0 393.0 648.0 401.0 small-vehicle 1
686.0 414.0 676.0 416.0 670.0 399.0 679.0 395.0 small-vehicle 1
34.0 371.0 43.0 371.0 43.0 378.0 34.0 378.0 storage-tank 1
36.0 386.0 45.0 386.0 45.0 394.0 36.0 394.0 storage-tank 1
44.0 582.0 52.0 582.0 52.0 588.0 44.0 588.0 storage-tank 1
106.0 345.0 117.0 345.0 117.0 355.0 106.0 355.0 storage-tank 1
169.0 276.0 180.0 276.0 180.0 288.0 169.0 288.0 storage-tank 1
163.0 286.0 176.0 286.0 176.0 298.0 163.0 298.0 storage-tank 1
164.0 299.0 176.0 299.0 176.0 310.0 164.0 310.0 storage-tank 1
166.0 310.0 177.0 310.0 177.0 322.0 166.0 322.0 storage-tank 1
171.0 321.0 181.0 321.0 181.0 333.0 171.0 333.0 storage-tank 1
176.0 332.0 187.0 332.0 187.0 343.0 176.0 343.0 storage-tank 1
185.0 340.0 196.0 340.0 196.0 350.0 185.0 350.0 storage-tank 1
196.0 345.0 208.0 345.0 208.0 358.0 196.0 358.0 storage-tank 1
207.0 352.0 219.0 352.0 219.0 363.0 207.0 363.0 storage-tank 1
219.0 353.0 230.0 353.0 230.0 365.0 219.0 365.0 storage-tank 1
232.0 354.0 243.0 354.0 243.0 365.0 232.0 365.0 storage-tank 1
46.0 475.0 53.0 475.0 53.0 483.0 46.0 483.0 storage-tank 1
47.0 484.0 56.0 484.0 56.0 490.0 47.0 490.0 storage-tank 1
46.0 490.0 55.0 490.0 55.0 498.0 46.0 498.0 storage-tank 1
46.0 498.0 56.0 498.0 56.0 505.0 46.0 505.0 storage-tank 1
47.0 505.0 56.0 505.0 56.0 513.0 47.0 513.0 storage-tank 1
46.0 512.0 56.0 512.0 56.0 521.0 46.0 521.0 storage-tank 1
48.0 520.0 56.0 520.0 56.0 528.0 48.0 528.0 storage-tank 1
46.0 528.0 55.0 528.0 55.0 537.0 46.0 537.0 storage-tank 1
46.0 536.0 55.0 536.0 55.0 544.0 46.0 544.0 storage-tank 1
45.0 543.0 54.0 543.0 54.0 552.0 45.0 552.0 storage-tank 1
44.0 552.0 55.0 552.0 55.0 559.0 44.0 559.0 storage-tank 1
46.0 560.0 54.0 560.0 54.0 566.0 46.0 566.0 storage-tank 1
46.0 566.0 54.0 566.0 54.0 573.0 46.0 573.0 storage-tank 1
45.0 573.0 53.0 573.0 53.0 582.0 45.0 582.0 storage-tank 1
104.0 333.0 115.0 333.0 115.0 344.0 104.0 344.0 storage-tank 1
109.0 356.0 119.0 356.0 119.0 365.0 109.0 365.0 storage-tank 1
38.0 395.0 48.0 395.0 48.0 403.0 38.0 403.0 storage-tank 1
111.0 365.0 123.0 365.0 123.0 375.0 111.0 375.0 storage-tank 1
40.0 404.0 50.0 404.0 50.0 413.0 40.0 413.0 storage-tank 1
39.0 414.0 50.0 414.0 50.0 423.0 39.0 423.0 storage-tank 1
41.0 291.0 50.0 291.0 50.0 299.0 41.0 299.0 storage-tank 1
41.0 298.0 51.0 298.0 51.0 306.0 41.0 306.0 storage-tank 1
43.0 305.0 52.0 305.0 52.0 313.0 43.0 313.0 storage-tank 1
44.0 311.0 53.0 311.0 53.0 319.0 44.0 319.0 storage-tank 1
43.0 319.0 53.0 319.0 53.0 328.0 43.0 328.0 storage-tank 1
46.0 328.0 55.0 328.0 55.0 335.0 46.0 335.0 storage-tank 1
46.0 335.0 56.0 335.0 56.0 343.0 46.0 343.0 storage-tank 1
50.0 355.0 58.0 355.0 58.0 364.0 50.0 364.0 storage-tank 1
53.0 384.0 61.0 384.0 61.0 393.0 53.0 393.0 storage-tank 1
54.0 394.0 63.0 394.0 63.0 404.0 54.0 404.0 storage-tank 1
83.0 339.0 94.0 339.0 94.0 351.0 83.0 351.0 storage-tank 1
86.0 351.0 97.0 351.0 97.0 361.0 86.0 361.0 storage-tank 1
88.0 360.0 100.0 360.0 100.0 370.0 88.0 370.0 storage-tank 1
92.0 371.0 102.0 371.0 102.0 382.0 92.0 382.0 storage-tank 1
93.0 381.0 106.0 381.0 106.0 391.0 93.0 391.0 storage-tank 1
97.0 391.0 109.0 391.0 109.0 402.0 97.0 402.0 storage-tank 1
95.0 343.0 106.0 343.0 106.0 352.0 95.0 352.0 storage-tank 1
97.0 353.0 108.0 353.0 108.0 362.0 97.0 362.0 storage-tank 1
100.0 363.0 111.0 363.0 111.0 373.0 100.0 373.0 storage-tank 1
104.0 372.0 114.0 372.0 114.0 383.0 104.0 383.0 storage-tank 1
106.0 383.0 116.0 383.0 116.0 393.0 106.0 393.0 storage-tank 1
116.0 385.0 128.0 385.0 128.0 396.0 116.0 396.0 storage-tank 1
114.0 375.0 126.0 375.0 126.0 385.0 114.0 385.0 storage-tank 1
177.0 272.0 254.0 272.0 254.0 342.0 177.0 342.0 swimming-pool 0
