imagesource:GoogleEarth
gsd:0.271805234768
2236.0 356.0 2242.0 346.0 2259.0 359.0 2253.0 371.0 small-vehicle 1
566.0 986.0 575.0 986.0 575.0 1004.0 566.0 1004.0 small-vehicle 1
381.0 965.0 392.0 965.0 392.0 990.0 382.0 990.0 small-vehicle 1
456.0 1013.0 446.0 1013.0 446.0 992.0 455.0 992.0 small-vehicle 1
501.0 969.0 501.0 959.0 518.0 957.0 519.0 968.0 small-vehicle 1
533.0 903.0 544.0 904.0 545.0 922.0 533.0 922.0 small-vehicle 1
480.0 768.0 480.0 779.0 461.0 778.0 461.0 769.0 small-vehicle 1
433.0 767.0 433.0 757.0 458.0 758.0 458.0 768.0 small-vehicle 1
684.0 722.0 683.0 714.0 706.0 714.0 706.0 722.0 small-vehicle 1
723.0 721.0 723.0 712.0 743.0 711.0 744.0 721.0 small-vehicle 1
554.0 986.0 564.0 986.0 564.0 1004.0 553.0 1004.0 small-vehicle 1
575.0 986.0 586.0 986.0 585.0 1005.0 576.0 1005.0 small-vehicle 1
33.0 894.0 33.0 886.0 53.0 888.0 53.0 896.0 small-vehicle 1
587.0 986.0 596.0 986.0 594.0 1006.0 586.0 1005.0 small-vehicle 1
607.0 986.0 617.0 986.0 617.0 1006.0 607.0 1005.0 small-vehicle 1
636.0 986.0 646.0 985.0 646.0 1005.0 636.0 1005.0 small-vehicle 1
647.0 986.0 657.0 987.0 658.0 1006.0 646.0 1005.0 small-vehicle 1
771.0 988.0 782.0 987.0 782.0 1008.0 771.0 1007.0 small-vehicle 1
814.0 986.0 823.0 986.0 823.0 1007.0 813.0 1006.0 small-vehicle 1
845.0 986.0 854.0 986.0 854.0 1004.0 845.0 1004.0 small-vehicle 1
855.0 986.0 863.0 986.0 863.0 1004.0 855.0 1005.0 small-vehicle 1
864.0 985.0 874.0 985.0 875.0 1003.0 864.0 1004.0 small-vehicle 1
370.0 966.0 380.0 965.0 381.0 985.0 370.0 985.0 small-vehicle 1
353.0 966.0 363.0 967.0 361.0 985.0 351.0 985.0 small-vehicle 1
335.0 968.0 346.0 968.0 345.0 990.0 334.0 989.0 small-vehicle 1
322.0 969.0 331.0 969.0 331.0 986.0 322.0 986.0 small-vehicle 1
36.0 918.0 35.0 909.0 58.0 910.0 58.0 918.0 small-vehicle 1
27.0 887.0 27.0 896.0 7.0 895.0 7.0 887.0 small-vehicle 1
29.0 897.0 28.0 906.0 8.0 906.0 8.0 896.0 small-vehicle 1
9.0 918.0 8.0 908.0 30.0 908.0 31.0 918.0 small-vehicle 1
98.0 959.0 108.0 958.0 108.0 976.0 99.0 976.0 small-vehicle 1
108.0 957.0 120.0 957.0 120.0 975.0 109.0 976.0 small-vehicle 1
120.0 953.0 128.0 953.0 129.0 969.0 120.0 969.0 small-vehicle 1
138.0 970.0 129.0 969.0 129.0 952.0 138.0 952.0 small-vehicle 1
148.0 974.0 139.0 973.0 138.0 951.0 150.0 952.0 small-vehicle 1
151.0 954.0 158.0 953.0 157.0 975.0 149.0 974.0 small-vehicle 1
90.0 1039.0 89.0 1031.0 111.0 1031.0 111.0 1040.0 small-vehicle 1
323.0 1084.0 313.0 1085.0 314.0 1066.0 323.0 1065.0 small-vehicle 1
376.0 1067.0 386.0 1066.0 386.0 1087.0 377.0 1086.0 small-vehicle 1
385.0 1068.0 396.0 1067.0 396.0 1087.0 386.0 1088.0 small-vehicle 1
406.0 1065.0 415.0 1065.0 416.0 1085.0 406.0 1084.0 small-vehicle 1
416.0 1065.0 424.0 1065.0 425.0 1084.0 417.0 1083.0 small-vehicle 1
425.0 1066.0 436.0 1066.0 436.0 1083.0 425.0 1083.0 small-vehicle 1
457.0 1065.0 466.0 1065.0 467.0 1083.0 457.0 1083.0 small-vehicle 1
475.0 1065.0 484.0 1065.0 483.0 1082.0 474.0 1082.0 small-vehicle 1
888.0 986.0 897.0 986.0 898.0 1006.0 888.0 1006.0 small-vehicle 1
897.0 986.0 908.0 986.0 909.0 1005.0 898.0 1006.0 small-vehicle 1
908.0 987.0 917.0 986.0 918.0 1005.0 909.0 1005.0 small-vehicle 1
809.0 1061.0 818.0 1062.0 818.0 1080.0 808.0 1080.0 small-vehicle 1
867.0 1079.0 856.0 1079.0 856.0 1059.0 866.0 1059.0 small-vehicle 1
880.0 1078.0 870.0 1078.0 868.0 1059.0 879.0 1059.0 small-vehicle 1
889.0 1078.0 881.0 1078.0 878.0 1058.0 888.0 1058.0 small-vehicle 1
901.0 1079.0 891.0 1079.0 889.0 1057.0 901.0 1057.0 small-vehicle 1
914.0 1081.0 903.0 1081.0 902.0 1056.0 913.0 1056.0 small-vehicle 1
924.0 1078.0 916.0 1078.0 913.0 1057.0 923.0 1057.0 small-vehicle 1
998.0 1075.0 987.0 1075.0 986.0 1055.0 996.0 1055.0 small-vehicle 1
1007.0 1076.0 999.0 1076.0 998.0 1056.0 1007.0 1056.0 small-vehicle 1
1019.0 1076.0 1009.0 1076.0 1007.0 1056.0 1017.0 1056.0 small-vehicle 1
906.0 1126.0 896.0 1126.0 897.0 1109.0 905.0 1108.0 small-vehicle 1
962.0 1126.0 953.0 1125.0 954.0 1108.0 962.0 1109.0 small-vehicle 1
965.0 1108.0 973.0 1109.0 973.0 1125.0 964.0 1124.0 small-vehicle 1
977.0 1107.0 986.0 1108.0 986.0 1126.0 977.0 1125.0 small-vehicle 1
996.0 1125.0 986.0 1124.0 987.0 1107.0 997.0 1107.0 small-vehicle 1
1006.0 1123.0 997.0 1123.0 997.0 1105.0 1006.0 1106.0 small-vehicle 1
1015.0 1124.0 1006.0 1124.0 1006.0 1106.0 1014.0 1106.0 small-vehicle 1
1026.0 1125.0 1017.0 1125.0 1016.0 1105.0 1026.0 1105.0 small-vehicle 1
1035.0 1125.0 1026.0 1125.0 1026.0 1107.0 1035.0 1106.0 small-vehicle 1
1048.0 1124.0 1038.0 1124.0 1037.0 1106.0 1047.0 1105.0 small-vehicle 1
821.0 1060.0 830.0 1060.0 830.0 1080.0 820.0 1080.0 small-vehicle 1
800.0 1061.0 807.0 1061.0 806.0 1081.0 799.0 1080.0 small-vehicle 1
916.0 985.0 928.0 985.0 929.0 1004.0 918.0 1005.0 small-vehicle 1
897.0 1127.0 887.0 1126.0 887.0 1110.0 897.0 1109.0 small-vehicle 1
928.0 984.0 938.0 984.0 940.0 1004.0 929.0 1004.0 small-vehicle 1
987.0 1023.0 986.0 1012.0 1011.0 1013.0 1012.0 1024.0 small-vehicle 1
608.0 1086.0 599.0 1085.0 599.0 1063.0 608.0 1063.0 small-vehicle 1
603.0 1094.0 603.0 1102.0 583.0 1101.0 583.0 1093.0 small-vehicle 1
599.0 1129.0 591.0 1127.0 590.0 1109.0 600.0 1109.0 small-vehicle 1
611.0 1129.0 601.0 1129.0 601.0 1108.0 611.0 1109.0 small-vehicle 1
613.0 1108.0 622.0 1108.0 622.0 1130.0 613.0 1130.0 small-vehicle 1
622.0 1108.0 631.0 1108.0 633.0 1127.0 622.0 1127.0 small-vehicle 1
642.0 1128.0 632.0 1127.0 632.0 1108.0 641.0 1108.0 small-vehicle 1
651.0 1105.0 662.0 1105.0 662.0 1130.0 650.0 1129.0 small-vehicle 1
783.0 1127.0 773.0 1128.0 773.0 1106.0 784.0 1106.0 small-vehicle 1
784.0 1111.0 793.0 1110.0 793.0 1127.0 784.0 1128.0 small-vehicle 1
803.0 1127.0 793.0 1126.0 794.0 1108.0 803.0 1108.0 small-vehicle 1
812.0 1126.0 803.0 1127.0 804.0 1109.0 812.0 1110.0 small-vehicle 1
822.0 1127.0 814.0 1127.0 813.0 1109.0 821.0 1109.0 small-vehicle 1
833.0 1126.0 823.0 1126.0 822.0 1107.0 832.0 1108.0 small-vehicle 1
843.0 1126.0 833.0 1127.0 833.0 1109.0 843.0 1109.0 small-vehicle 1
876.0 1126.0 866.0 1127.0 865.0 1108.0 876.0 1107.0 small-vehicle 1
876.0 1109.0 885.0 1110.0 886.0 1126.0 877.0 1127.0 small-vehicle 1
34.0 906.0 35.0 897.0 58.0 901.0 56.0 908.0 small-vehicle 1
72.0 904.0 61.0 905.0 56.0 884.0 67.0 882.0 small-vehicle 1
1175.0 1124.0 1165.0 1124.0 1165.0 1102.0 1175.0 1103.0 small-vehicle 1
2353.0 466.0 2333.0 504.0 2306.0 491.0 2328.0 451.0 plane 0
1805.0 649.0 1750.0 653.0 1748.0 604.0 1803.0 602.0 plane 0
1804.0 804.0 1773.0 779.0 1791.0 756.0 1822.0 779.0 plane 0
1808.0 814.0 1794.0 849.0 1764.0 836.0 1778.0 801.0 plane 0
2329.0 226.0 2283.0 243.0 2266.0 200.0 2313.0 183.0 plane 0
2263.0 269.0 2237.0 297.0 2217.0 278.0 2242.0 251.0 plane 0
2268.0 297.0 2243.0 331.0 2221.0 308.0 2245.0 280.0 plane 0
2300.0 285.0 2275.0 316.0 2254.0 301.0 2279.0 268.0 plane 0
2289.0 331.0 2264.0 362.0 2241.0 342.0 2265.0 312.0 plane 0
2328.0 386.0 2366.0 419.0 2346.0 442.0 2308.0 412.0 plane 0
2315.0 518.0 2291.0 552.0 2270.0 534.0 2293.0 502.0 plane 0
101.0 876.0 101.0 867.0 121.0 866.0 122.0 876.0 small-vehicle 1
2226.0 587.0 2259.0 611.0 2240.0 637.0 2206.0 610.0 plane 0
2179.0 661.0 2148.0 685.0 2128.0 661.0 2156.0 636.0 plane 0
2376.0 610.0 2451.0 602.0 2457.0 677.0 2386.0 684.0 plane 0
2462.0 608.0 2542.0 608.0 2542.0 676.0 2464.0 675.0 plane 0
2544.0 600.0 2609.0 595.0 2614.0 665.0 2550.0 670.0 plane 0
2664.0 1121.0 2684.0 1141.0 2656.0 1167.0 2636.0 1147.0 helicopter 0
2716.0 1001.0 2763.0 1037.0 2739.0 1071.0 2693.0 1037.0 plane 0
2420.0 326.0 2380.0 289.0 2413.0 251.0 2454.0 288.0 plane 0
2474.0 358.0 2433.0 335.0 2451.0 301.0 2492.0 324.0 plane 0
1747.0 641.0 1708.0 644.0 1705.0 613.0 1745.0 611.0 plane 0
1697.0 649.0 1650.0 649.0 1648.0 608.0 1697.0 607.0 plane 0
1632.0 640.0 1609.0 611.0 1630.0 593.0 1652.0 622.0 plane 0
1602.0 584.0 1599.0 548.0 1633.0 546.0 1635.0 582.0 plane 0
489.0 365.0 523.0 367.0 521.0 395.0 486.0 392.0 plane 0
596.0 356.0 637.0 357.0 637.0 396.0 597.0 395.0 plane 0
749.0 302.0 710.0 302.0 709.0 272.0 749.0 272.0 plane 0
806.0 297.0 768.0 297.0 767.0 269.0 805.0 268.0 plane 0
869.0 279.0 831.0 292.0 821.0 264.0 859.0 249.0 plane 0
930.0 258.0 891.0 273.0 881.0 243.0 917.0 227.0 plane 0
1111.0 255.0 1071.0 253.0 1074.0 213.0 1112.0 215.0 plane 0
767.0 355.0 811.0 354.0 811.0 387.0 768.0 388.0 plane 0
836.0 353.0 875.0 343.0 882.0 370.0 844.0 381.0 plane 0
958.0 316.0 999.0 314.0 999.0 339.0 960.0 340.0 plane 0
1015.0 306.0 1058.0 307.0 1056.0 335.0 1015.0 335.0 plane 0
1131.0 308.0 1169.0 308.0 1167.0 340.0 1131.0 338.0 plane 0
1242.0 305.0 1285.0 307.0 1283.0 336.0 1241.0 334.0 plane 0
1298.0 307.0 1339.0 308.0 1338.0 336.0 1297.0 335.0 plane 0
1354.0 304.0 1396.0 307.0 1393.0 336.0 1352.0 332.0 plane 0
1411.0 304.0 1453.0 306.0 1452.0 335.0 1410.0 334.0 plane 0
1590.0 407.0 1587.0 367.0 1618.0 365.0 1620.0 407.0 plane 0
1594.0 449.0 1592.0 412.0 1618.0 413.0 1619.0 449.0 plane 0
1596.0 491.0 1594.0 451.0 1626.0 451.0 1628.0 490.0 plane 0
2420.0 359.0 2382.0 328.0 2406.0 300.0 2443.0 330.0 plane 0
343.0 691.0 342.0 731.0 310.0 731.0 309.0 689.0 plane 0
310.0 737.0 309.0 774.0 283.0 773.0 283.0 735.0 plane 0
1317.0 655.0 1357.0 656.0 1357.0 680.0 1316.0 680.0 plane 0
1393.0 243.0 1355.0 242.0 1355.0 216.0 1394.0 215.0 plane 0
1338.0 244.0 1296.0 242.0 1298.0 214.0 1337.0 215.0 plane 0
2146.0 733.0 2184.0 765.0 2166.0 788.0 2126.0 756.0 plane 0
310.0 595.0 313.0 642.0 276.0 644.0 273.0 594.0 plane 0
307.0 688.0 306.0 735.0 269.0 734.0 270.0 687.0 plane 0
429.0 362.0 468.0 362.0 468.0 395.0 429.0 394.0 plane 0
542.0 365.0 580.0 365.0 580.0 390.0 543.0 390.0 plane 0
1080.0 883.0 1124.0 884.0 1123.0 913.0 1080.0 913.0 plane 0
1132.0 954.0 1176.0 952.0 1177.0 986.0 1134.0 987.0 plane 0
1186.0 951.0 1224.0 955.0 1222.0 980.0 1184.0 978.0 plane 0
1580.0 732.0 1640.0 738.0 1635.0 784.0 1575.0 777.0 plane 0
42.0 533.0 42.0 540.0 23.0 541.0 22.0 533.0 small-vehicle 1
50.0 581.0 49.0 570.0 72.0 569.0 73.0 578.0 small-vehicle 1
75.0 598.0 74.0 610.0 51.0 610.0 51.0 597.0 small-vehicle 1
75.0 612.0 74.0 623.0 52.0 622.0 52.0 611.0 small-vehicle 1
245.0 668.0 255.0 669.0 255.0 690.0 245.0 690.0 small-vehicle 1
124.0 752.0 123.0 742.0 148.0 742.0 148.0 752.0 small-vehicle 1
85.0 837.0 75.0 834.0 80.0 811.0 89.0 813.0 small-vehicle 1
63.0 861.0 73.0 861.0 74.0 878.0 64.0 878.0 small-vehicle 1
1446.0 243.0 1414.0 243.0 1414.0 214.0 1448.0 215.0 plane 0
1211.0 681.0 1176.0 682.0 1176.0 658.0 1212.0 659.0 plane 0
348.0 736.0 347.0 777.0 318.0 775.0 320.0 736.0 plane 0
1341.0 951.0 1384.0 951.0 1384.0 981.0 1344.0 983.0 plane 0
313.0 805.0 282.0 824.0 265.0 797.0 296.0 777.0 plane 0
340.0 803.0 303.0 817.0 293.0 791.0 329.0 776.0 plane 0
361.0 803.0 328.0 815.0 319.0 791.0 351.0 778.0 plane 0
325.0 825.0 326.0 874.0 265.0 876.0 264.0 827.0 plane 0
373.0 813.0 374.0 859.0 322.0 858.0 319.0 815.0 plane 0
515.0 861.0 549.0 863.0 548.0 894.0 515.0 894.0 plane 0
597.0 835.0 597.0 876.0 561.0 876.0 562.0 835.0 plane 0
633.0 889.0 586.0 859.0 606.0 826.0 653.0 856.0 plane 0
636.0 828.0 679.0 847.0 664.0 881.0 620.0 858.0 plane 0
687.0 840.0 723.0 858.0 709.0 884.0 674.0 866.0 plane 0
744.0 877.0 710.0 867.0 718.0 842.0 752.0 851.0 plane 0
773.0 846.0 813.0 847.0 812.0 876.0 773.0 875.0 plane 0
816.0 845.0 852.0 825.0 865.0 849.0 829.0 869.0 plane 0
844.0 863.0 874.0 832.0 898.0 854.0 870.0 884.0 plane 0
866.0 861.0 891.0 812.0 955.0 846.0 932.0 891.0 plane 0
1052.0 793.0 1090.0 794.0 1090.0 820.0 1051.0 820.0 plane 0
1076.0 915.0 1075.0 954.0 1043.0 953.0 1043.0 914.0 plane 0
1089.0 958.0 1127.0 959.0 1127.0 985.0 1087.0 984.0 plane 0
1271.0 958.0 1311.0 956.0 1312.0 983.0 1273.0 986.0 plane 0
1155.0 1126.0 1145.0 1126.0 1146.0 1107.0 1155.0 1106.0 small-vehicle 1
1196.0 1123.0 1186.0 1124.0 1185.0 1104.0 1195.0 1104.0 small-vehicle 1
2545.0 958.0 2552.0 951.0 2571.0 967.0 2564.0 973.0 small-vehicle 1
2115.0 497.0 2105.0 499.0 2100.0 481.0 2110.0 479.0 small-vehicle 1
1858.0 1117.0 1849.0 1117.0 1852.0 1095.0 1860.0 1095.0 small-vehicle 1
1838.0 1117.0 1828.0 1116.0 1833.0 1093.0 1842.0 1095.0 small-vehicle 1
1966.0 1146.0 1965.0 1137.0 1984.0 1137.0 1984.0 1147.0 small-vehicle 1
2084.0 1146.0 2077.0 1139.0 2094.0 1124.0 2102.0 1133.0 small-vehicle 1
2014.0 1059.0 2028.0 1062.0 2019.0 1093.0 2007.0 1089.0 small-vehicle 1
2076.0 509.0 2064.0 510.0 2061.0 489.0 2071.0 488.0 small-vehicle 1
2072.0 487.0 2080.0 486.0 2084.0 503.0 2075.0 504.0 small-vehicle 1
2093.0 499.0 2085.0 501.0 2080.0 485.0 2088.0 483.0 small-vehicle 1
2104.0 500.0 2094.0 502.0 2090.0 483.0 2100.0 481.0 small-vehicle 1
2124.0 494.0 2112.0 495.0 2109.0 479.0 2118.0 476.0 small-vehicle 1
1831.0 964.0 1841.0 962.0 1846.0 982.0 1835.0 983.0 small-vehicle 1
2068.0 447.0 2070.0 439.0 2086.0 442.0 2084.0 450.0 small-vehicle 1
2086.0 431.0 2085.0 440.0 2064.0 437.0 2066.0 427.0 small-vehicle 1
2088.0 412.0 2087.0 420.0 2070.0 417.0 2070.0 409.0 small-vehicle 1
2091.0 402.0 2090.0 411.0 2070.0 406.0 2073.0 398.0 small-vehicle 1
2074.0 397.0 2076.0 388.0 2097.0 394.0 2094.0 402.0 small-vehicle 1
2075.0 386.0 2077.0 376.0 2098.0 381.0 2095.0 390.0 small-vehicle 1
2078.0 365.0 2079.0 357.0 2097.0 361.0 2096.0 369.0 small-vehicle 1
2079.0 353.0 2080.0 344.0 2099.0 349.0 2099.0 358.0 small-vehicle 1
2082.0 343.0 2086.0 335.0 2104.0 342.0 2101.0 350.0 small-vehicle 1
1873.0 1115.0 1863.0 1115.0 1865.0 1096.0 1875.0 1096.0 small-vehicle 1
1892.0 1117.0 1882.0 1116.0 1885.0 1096.0 1892.0 1097.0 small-vehicle 1
1882.0 1117.0 1872.0 1116.0 1875.0 1097.0 1883.0 1098.0 small-vehicle 1
1903.0 1117.0 1893.0 1118.0 1892.0 1098.0 1902.0 1097.0 small-vehicle 1
1854.0 962.0 1862.0 960.0 1864.0 976.0 1856.0 977.0 small-vehicle 1
1862.0 959.0 1871.0 957.0 1874.0 975.0 1865.0 977.0 small-vehicle 1
1929.0 849.0 1929.0 838.0 1954.0 838.0 1955.0 848.0 small-vehicle 1
2013.0 899.0 2011.0 891.0 2031.0 887.0 2033.0 897.0 small-vehicle 1
2034.0 864.0 2036.0 874.0 2008.0 873.0 2008.0 863.0 small-vehicle 1
2032.0 852.0 2033.0 860.0 2009.0 860.0 2009.0 853.0 small-vehicle 1
2009.0 852.0 2008.0 840.0 2030.0 842.0 2030.0 852.0 small-vehicle 1
2033.0 815.0 2032.0 824.0 2009.0 823.0 2010.0 812.0 small-vehicle 1
2026.0 736.0 2026.0 746.0 2004.0 743.0 2005.0 735.0 small-vehicle 1
2030.0 724.0 2030.0 734.0 2004.0 733.0 2004.0 722.0 small-vehicle 1
2032.0 702.0 2030.0 711.0 2005.0 711.0 2004.0 700.0 small-vehicle 1
2008.0 698.0 2008.0 689.0 2033.0 690.0 2032.0 700.0 small-vehicle 1
2034.0 674.0 2036.0 681.0 2013.0 685.0 2012.0 675.0 small-vehicle 1
2130.0 733.0 2162.0 728.0 2161.0 690.0 2127.0 693.0 plane 0
1960.0 1117.0 1952.0 1117.0 1951.0 1099.0 1960.0 1099.0 small-vehicle 1
1951.0 1116.0 1943.0 1117.0 1942.0 1100.0 1950.0 1099.0 small-vehicle 1
1940.0 1118.0 1932.0 1117.0 1932.0 1100.0 1941.0 1100.0 small-vehicle 1
1928.0 1118.0 1919.0 1115.0 1922.0 1097.0 1930.0 1099.0 small-vehicle 1
1917.0 1118.0 1908.0 1116.0 1909.0 1096.0 1919.0 1096.0 small-vehicle 1
2097.0 311.0 2105.0 303.0 2119.0 316.0 2113.0 323.0 small-vehicle 1
1694.0 465.0 1700.0 473.0 1685.0 480.0 1680.0 473.0 small-vehicle 1
1670.0 452.0 1665.0 441.0 1690.0 432.0 1694.0 441.0 small-vehicle 1
2505.0 883.0 2512.0 877.0 2526.0 889.0 2520.0 894.0 small-vehicle 1
2549.0 865.0 2544.0 872.0 2526.0 861.0 2533.0 853.0 small-vehicle 1
2588.0 888.0 2582.0 894.0 2566.0 884.0 2574.0 875.0 small-vehicle 1
2586.0 913.0 2592.0 906.0 2606.0 918.0 2601.0 923.0 small-vehicle 1
2574.0 930.0 2580.0 922.0 2593.0 933.0 2587.0 940.0 small-vehicle 1
2567.0 934.0 2572.0 928.0 2588.0 942.0 2581.0 947.0 small-vehicle 1
2548.0 987.0 2543.0 994.0 2530.0 982.0 2536.0 976.0 small-vehicle 1
2557.0 1013.0 2564.0 1005.0 2582.0 1020.0 2575.0 1026.0 small-vehicle 1
2595.0 1006.0 2589.0 1012.0 2575.0 1000.0 2581.0 994.0 small-vehicle 1
2615.0 910.0 2608.0 919.0 2592.0 906.0 2599.0 896.0 small-vehicle 1
2602.0 958.0 2608.0 950.0 2628.0 966.0 2624.0 974.0 small-vehicle 1
2616.0 984.0 2610.0 991.0 2590.0 976.0 2598.0 968.0 small-vehicle 1
2744.0 871.0 2736.0 877.0 2720.0 861.0 2727.0 855.0 small-vehicle 1
155.0 1119.0 156.0 1112.0 176.0 1115.0 174.0 1121.0 small-vehicle 1
449.0 1114.0 458.0 1113.0 459.0 1130.0 451.0 1130.0 small-vehicle 1
507.0 1128.0 498.0 1128.0 498.0 1110.0 506.0 1110.0 small-vehicle 1
527.0 1129.0 518.0 1129.0 517.0 1112.0 527.0 1112.0 small-vehicle 1
537.0 1130.0 529.0 1129.0 529.0 1111.0 537.0 1111.0 small-vehicle 1
549.0 1129.0 539.0 1128.0 538.0 1108.0 549.0 1108.0 small-vehicle 1
591.0 1131.0 583.0 1132.0 582.0 1110.0 591.0 1111.0 small-vehicle 1
2513.0 875.0 2518.0 867.0 2532.0 880.0 2528.0 887.0 small-vehicle 1
2500.0 892.0 2504.0 884.0 2519.0 895.0 2514.0 901.0 small-vehicle 1
1660.0 415.0 1660.0 404.0 1680.0 404.0 1681.0 414.0 small-vehicle 1
2476.0 918.0 2485.0 912.0 2499.0 925.0 2492.0 932.0 small-vehicle 1
1657.0 392.0 1657.0 379.0 1682.0 380.0 1683.0 392.0 small-vehicle 1
1657.0 374.0 1655.0 364.0 1678.0 364.0 1678.0 375.0 small-vehicle 1
1662.0 330.0 1662.0 321.0 1680.0 324.0 1678.0 333.0 small-vehicle 1
1665.0 308.0 1668.0 298.0 1690.0 305.0 1685.0 314.0 small-vehicle 1
1675.0 284.0 1678.0 276.0 1696.0 285.0 1692.0 293.0 small-vehicle 1
1685.0 268.0 1690.0 261.0 1708.0 272.0 1703.0 280.0 small-vehicle 1
1688.0 257.0 1694.0 248.0 1712.0 262.0 1706.0 269.0 small-vehicle 1
1727.0 206.0 1735.0 200.0 1751.0 217.0 1745.0 222.0 small-vehicle 1
1753.0 198.0 1762.0 192.0 1773.0 211.0 1764.0 215.0 small-vehicle 1
1835.0 464.0 1841.0 457.0 1855.0 469.0 1851.0 476.0 small-vehicle 1
1831.0 446.0 1838.0 440.0 1853.0 453.0 1847.0 459.0 small-vehicle 1
2456.0 1133.0 2465.0 1131.0 2472.0 1153.0 2463.0 1157.0 small-vehicle 1
2499.0 1142.0 2500.0 1150.0 2482.0 1150.0 2481.0 1143.0 small-vehicle 1
2524.0 1083.0 2518.0 1089.0 2505.0 1079.0 2512.0 1071.0 small-vehicle 1
2538.0 1065.0 2533.0 1073.0 2520.0 1063.0 2528.0 1055.0 small-vehicle 1
2504.0 1016.0 2511.0 1008.0 2525.0 1020.0 2519.0 1026.0 small-vehicle 1
2535.0 1002.0 2529.0 1008.0 2515.0 998.0 2523.0 991.0 small-vehicle 1
2435.0 966.0 2443.0 959.0 2457.0 971.0 2450.0 979.0 small-vehicle 1
2470.0 926.0 2476.0 919.0 2490.0 931.0 2485.0 939.0 small-vehicle 1
1845.0 962.0 1854.0 961.0 1856.0 982.0 1847.0 981.0 small-vehicle 1
1869.0 1049.0 1879.0 1050.0 1879.0 1070.0 1869.0 1070.0 small-vehicle 1
1227.0 1125.0 1215.0 1124.0 1214.0 1102.0 1226.0 1103.0 small-vehicle 1
1492.0 1122.0 1483.0 1122.0 1483.0 1103.0 1493.0 1103.0 small-vehicle 1
1375.0 1123.0 1366.0 1123.0 1365.0 1107.0 1375.0 1107.0 small-vehicle 1
1398.0 1103.0 1409.0 1103.0 1411.0 1123.0 1399.0 1123.0 small-vehicle 1
1422.0 1122.0 1412.0 1122.0 1410.0 1104.0 1421.0 1104.0 small-vehicle 1
1390.0 1074.0 1380.0 1073.0 1380.0 1057.0 1391.0 1058.0 small-vehicle 1
1422.0 1074.0 1413.0 1074.0 1412.0 1059.0 1421.0 1058.0 small-vehicle 1
1440.0 1076.0 1430.0 1076.0 1430.0 1057.0 1440.0 1058.0 small-vehicle 1
1377.0 1103.0 1387.0 1103.0 1387.0 1122.0 1377.0 1122.0 small-vehicle 1
1471.0 1122.0 1463.0 1121.0 1463.0 1104.0 1471.0 1103.0 small-vehicle 1
1483.0 1122.0 1472.0 1122.0 1472.0 1103.0 1483.0 1103.0 small-vehicle 1
1502.0 1123.0 1493.0 1124.0 1493.0 1106.0 1502.0 1105.0 small-vehicle 1
1869.0 1070.0 1858.0 1071.0 1859.0 1049.0 1869.0 1049.0 small-vehicle 1
1512.0 1123.0 1504.0 1123.0 1503.0 1102.0 1513.0 1102.0 small-vehicle 1
1543.0 1106.0 1552.0 1106.0 1552.0 1123.0 1544.0 1123.0 small-vehicle 1
1563.0 1123.0 1554.0 1123.0 1554.0 1104.0 1563.0 1104.0 small-vehicle 1
1565.0 1104.0 1572.0 1104.0 1573.0 1123.0 1564.0 1124.0 small-vehicle 1
1583.0 1122.0 1574.0 1123.0 1573.0 1104.0 1583.0 1104.0 small-vehicle 1
1583.0 1105.0 1591.0 1104.0 1593.0 1124.0 1584.0 1124.0 small-vehicle 1
1592.0 1104.0 1602.0 1104.0 1603.0 1123.0 1593.0 1124.0 small-vehicle 1
1655.0 1057.0 1666.0 1057.0 1667.0 1077.0 1656.0 1077.0 small-vehicle 1
1718.0 1129.0 1717.0 1139.0 1700.0 1138.0 1700.0 1128.0 small-vehicle 1
1365.0 1123.0 1357.0 1122.0 1357.0 1107.0 1365.0 1107.0 small-vehicle 1
1351.0 1058.0 1360.0 1058.0 1360.0 1077.0 1352.0 1077.0 small-vehicle 1
1449.0 984.0 1449.0 976.0 1470.0 976.0 1470.0 985.0 small-vehicle 1
1455.0 974.0 1454.0 965.0 1471.0 965.0 1472.0 974.0 small-vehicle 1
1280.0 1060.0 1290.0 1059.0 1290.0 1079.0 1281.0 1079.0 small-vehicle 1
1258.0 1058.0 1269.0 1058.0 1270.0 1079.0 1259.0 1078.0 small-vehicle 1
1247.0 1058.0 1257.0 1058.0 1258.0 1079.0 1248.0 1080.0 small-vehicle 1
1289.0 1058.0 1298.0 1058.0 1299.0 1078.0 1291.0 1079.0 small-vehicle 1
1298.0 1058.0 1308.0 1058.0 1309.0 1077.0 1298.0 1078.0 small-vehicle 1
1030.0 811.0 1020.0 810.0 1020.0 790.0 1030.0 790.0 small-vehicle 1
1038.0 813.0 1030.0 808.0 1036.0 792.0 1045.0 796.0 small-vehicle 1
1172.0 668.0 1172.0 678.0 1151.0 679.0 1151.0 669.0 small-vehicle 1
1240.0 668.0 1240.0 677.0 1217.0 677.0 1217.0 668.0 small-vehicle 1
1078.0 514.0 1078.0 503.0 1101.0 503.0 1101.0 515.0 small-vehicle 1
1096.0 466.0 1096.0 476.0 1071.0 475.0 1072.0 465.0 small-vehicle 1
1358.0 417.0 1354.0 409.0 1377.0 400.0 1381.0 409.0 small-vehicle 1
1445.0 406.0 1445.0 416.0 1421.0 415.0 1421.0 404.0 small-vehicle 1
1478.0 410.0 1476.0 420.0 1453.0 420.0 1453.0 408.0 small-vehicle 1
1421.0 405.0 1421.0 417.0 1393.0 418.0 1393.0 404.0 ship 0
1401.0 731.0 1401.0 720.0 1423.0 721.0 1424.0 731.0 small-vehicle 1
1347.0 819.0 1347.0 810.0 1364.0 810.0 1364.0 820.0 small-vehicle 1
1416.0 879.0 1417.0 889.0 1394.0 890.0 1393.0 880.0 small-vehicle 1
1450.0 963.0 1451.0 954.0 1471.0 955.0 1469.0 965.0 small-vehicle 1
1477.0 1057.0 1488.0 1056.0 1488.0 1076.0 1478.0 1075.0 small-vehicle 1
1441.0 1057.0 1448.0 1058.0 1448.0 1076.0 1440.0 1076.0 small-vehicle 1
1498.0 1077.0 1488.0 1077.0 1488.0 1055.0 1498.0 1055.0 small-vehicle 1
1663.0 977.0 1663.0 987.0 1646.0 987.0 1645.0 978.0 small-vehicle 1
1690.0 985.0 1700.0 985.0 1701.0 1002.0 1691.0 1002.0 small-vehicle 1
1711.0 999.0 1701.0 1000.0 1703.0 978.0 1712.0 978.0 small-vehicle 1
1722.0 1002.0 1712.0 1001.0 1713.0 982.0 1722.0 983.0 small-vehicle 1
1742.0 1005.0 1733.0 1005.0 1732.0 983.0 1742.0 984.0 small-vehicle 1
1763.0 984.0 1758.0 991.0 1740.0 976.0 1747.0 969.0 small-vehicle 1
1520.0 882.0 1519.0 891.0 1500.0 890.0 1499.0 882.0 small-vehicle 1
1498.0 901.0 1500.0 892.0 1521.0 894.0 1519.0 906.0 small-vehicle 1
1562.0 872.0 1553.0 873.0 1552.0 854.0 1561.0 853.0 small-vehicle 1
1650.0 846.0 1640.0 847.0 1638.0 827.0 1648.0 827.0 small-vehicle 1
1650.0 869.0 1639.0 867.0 1640.0 847.0 1651.0 848.0 small-vehicle 1
1658.0 870.0 1651.0 870.0 1651.0 850.0 1658.0 849.0 small-vehicle 1
1695.0 866.0 1683.0 866.0 1683.0 842.0 1695.0 842.0 small-vehicle 1
1696.0 1052.0 1707.0 1051.0 1707.0 1072.0 1697.0 1072.0 small-vehicle 1
1707.0 1050.0 1717.0 1050.0 1718.0 1071.0 1708.0 1070.0 small-vehicle 1
1718.0 1050.0 1728.0 1050.0 1728.0 1071.0 1719.0 1071.0 small-vehicle 1
1737.0 1067.0 1728.0 1068.0 1728.0 1050.0 1736.0 1050.0 small-vehicle 1
1830.0 1050.0 1840.0 1049.0 1839.0 1068.0 1831.0 1069.0 small-vehicle 1
1849.0 1067.0 1841.0 1066.0 1840.0 1049.0 1849.0 1049.0 small-vehicle 1
1858.0 1067.0 1850.0 1068.0 1850.0 1047.0 1859.0 1048.0 small-vehicle 1
1643.0 975.0 1642.0 965.0 1668.0 969.0 1667.0 977.0 small-vehicle 1
1647.0 996.0 1646.0 987.0 1665.0 988.0 1665.0 996.0 small-vehicle 1
1499.0 1058.0 1509.0 1057.0 1508.0 1077.0 1499.0 1076.0 small-vehicle 1
1644.0 989.0 1644.0 1000.0 1626.0 998.0 1625.0 989.0 small-vehicle 1
1517.0 1077.0 1509.0 1077.0 1508.0 1057.0 1517.0 1057.0 small-vehicle 1
1518.0 1057.0 1527.0 1056.0 1527.0 1076.0 1518.0 1076.0 small-vehicle 1
1528.0 1056.0 1537.0 1056.0 1537.0 1076.0 1527.0 1075.0 small-vehicle 1
1538.0 1056.0 1548.0 1056.0 1547.0 1075.0 1538.0 1075.0 small-vehicle 1
1526.0 1089.0 1526.0 1078.0 1548.0 1079.0 1548.0 1089.0 small-vehicle 1
1567.0 1073.0 1558.0 1073.0 1558.0 1055.0 1568.0 1055.0 small-vehicle 1
1581.0 1057.0 1588.0 1057.0 1587.0 1075.0 1579.0 1075.0 small-vehicle 1
1587.0 1056.0 1596.0 1055.0 1598.0 1070.0 1588.0 1071.0 small-vehicle 1
1625.0 1076.0 1616.0 1076.0 1617.0 1056.0 1626.0 1056.0 small-vehicle 1
1636.0 1073.0 1627.0 1072.0 1627.0 1054.0 1637.0 1055.0 small-vehicle 1
1498.0 973.0 1497.0 963.0 1519.0 965.0 1519.0 974.0 small-vehicle 1
1500.0 985.0 1501.0 975.0 1520.0 975.0 1521.0 986.0 small-vehicle 1
1571.0 990.0 1570.0 998.0 1551.0 997.0 1551.0 990.0 small-vehicle 1
1571.0 977.0 1572.0 987.0 1551.0 987.0 1551.0 977.0 small-vehicle 1
1575.0 987.0 1574.0 976.0 1595.0 977.0 1595.0 987.0 small-vehicle 1
1572.0 995.0 1573.0 987.0 1597.0 989.0 1597.0 997.0 small-vehicle 1
1626.0 967.0 1624.0 956.0 1644.0 958.0 1643.0 967.0 small-vehicle 1
1668.0 957.0 1668.0 966.0 1645.0 966.0 1645.0 958.0 small-vehicle 1
1644.0 977.0 1645.0 986.0 1626.0 987.0 1626.0 978.0 small-vehicle 1
524.0 304.0 483.0 304.0 484.0 275.0 524.0 274.0 plane 0
