imagesource:GoogleEarth
gsd:0.571497522832
29.0 123.0 28.0 120.0 36.0 117.0 37.0 120.0 small-vehicle 1
95.0 844.0 95.0 841.0 103.0 840.0 103.0 843.0 small-vehicle 1
99.0 707.0 99.0 703.0 106.0 703.0 106.0 706.0 small-vehicle 1
98.0 711.0 98.0 708.0 105.0 709.0 106.0 711.0 small-vehicle 1
99.0 718.0 99.0 715.0 107.0 715.0 107.0 718.0 small-vehicle 1
98.0 723.0 99.0 719.0 107.0 720.0 107.0 723.0 small-vehicle 1
97.0 729.0 97.0 726.0 105.0 726.0 104.0 729.0 small-vehicle 1
65.0 732.0 65.0 728.0 72.0 728.0 73.0 732.0 small-vehicle 1
66.0 725.0 66.0 723.0 73.0 722.0 74.0 725.0 small-vehicle 1
98.0 757.0 97.0 755.0 105.0 754.0 106.0 757.0 small-vehicle 1
96.0 839.0 96.0 835.0 104.0 836.0 104.0 838.0 small-vehicle 1
95.0 850.0 95.0 846.0 102.0 847.0 102.0 848.0 small-vehicle 1
511.0 214.0 514.0 212.0 517.0 220.0 515.0 221.0 small-vehicle 1
94.0 857.0 94.0 854.0 101.0 854.0 101.0 857.0 small-vehicle 1
94.0 864.0 94.0 860.0 102.0 861.0 102.0 864.0 small-vehicle 1
36.0 722.0 36.0 718.0 45.0 718.0 45.0 722.0 small-vehicle 1
63.0 763.0 64.0 758.0 72.0 758.0 72.0 762.0 small-vehicle 1
63.0 795.0 63.0 792.0 72.0 792.0 72.0 796.0 small-vehicle 1
63.0 801.0 63.0 798.0 71.0 798.0 71.0 802.0 small-vehicle 1
61.0 808.0 62.0 804.0 71.0 804.0 71.0 808.0 small-vehicle 1
61.0 816.0 61.0 810.0 70.0 811.0 70.0 814.0 small-vehicle 1
61.0 821.0 61.0 817.0 69.0 818.0 69.0 820.0 small-vehicle 1
99.0 701.0 99.0 698.0 109.0 697.0 108.0 700.0 small-vehicle 1
517.0 211.0 520.0 209.0 522.0 216.0 519.0 219.0 small-vehicle 1
46.0 123.0 44.0 120.0 51.0 116.0 53.0 120.0 small-vehicle 1
419.0 324.0 423.0 325.0 418.0 345.0 413.0 344.0 large-vehicle 0
573.0 330.0 514.0 326.0 518.0 266.0 579.0 269.0 baseball-diamond 0
254.0 35.0 317.0 35.0 317.0 96.0 254.0 96.0 storage-tank 0
610.0 226.0 629.0 227.0 627.0 268.0 608.0 268.0 tennis-court 0
638.0 228.0 657.0 229.0 656.0 270.0 636.0 270.0 tennis-court 0
698.0 268.0 715.0 269.0 716.0 312.0 697.0 311.0 tennis-court 0
670.0 267.0 688.0 268.0 687.0 309.0 668.0 309.0 tennis-court 0
606.0 290.0 626.0 291.0 623.0 333.0 604.0 332.0 tennis-court 0
635.0 292.0 654.0 293.0 652.0 334.0 633.0 333.0 tennis-court 0
415.0 299.0 419.0 304.0 403.0 318.0 399.0 314.0 large-vehicle 0
233.0 863.0 329.0 849.0 301.0 658.0 206.0 673.0 soccer-ball-field 0
524.0 208.0 527.0 206.0 531.0 214.0 528.0 216.0 small-vehicle 1
318.0 594.0 169.0 609.0 220.0 928.0 355.0 913.0 ground-track-field 0
88.0 11.0 88.0 8.0 96.0 7.0 97.0 11.0 small-vehicle 1
88.0 21.0 87.0 16.0 97.0 17.0 97.0 22.0 small-vehicle 1
61.0 67.0 61.0 63.0 69.0 64.0 69.0 69.0 small-vehicle 1
61.0 108.0 59.0 104.0 66.0 101.0 68.0 103.0 small-vehicle 1
42.0 118.0 40.0 114.0 48.0 110.0 50.0 113.0 small-vehicle 1
87.0 95.0 85.0 91.0 93.0 87.0 95.0 90.0 small-vehicle 1
536.0 205.0 539.0 203.0 543.0 211.0 539.0 211.0 small-vehicle 1
529.0 205.0 532.0 204.0 537.0 213.0 532.0 214.0 small-vehicle 1
61.0 826.0 61.0 823.0 67.0 823.0 68.0 826.0 small-vehicle 1
61.0 832.0 61.0 829.0 67.0 829.0 68.0 831.0 small-vehicle 1
72.0 832.0 71.0 829.0 78.0 829.0 79.0 832.0 small-vehicle 1
98.0 781.0 98.0 777.0 104.0 777.0 104.0 780.0 small-vehicle 1
72.0 822.0 72.0 818.0 80.0 818.0 79.0 821.0 small-vehicle 1
95.0 825.0 95.0 821.0 102.0 820.0 102.0 824.0 small-vehicle 1
72.0 839.0 72.0 836.0 79.0 836.0 79.0 840.0 small-vehicle 1
60.0 840.0 60.0 836.0 69.0 835.0 70.0 840.0 small-vehicle 1
61.0 845.0 60.0 842.0 68.0 842.0 68.0 845.0 small-vehicle 1
71.0 845.0 70.0 841.0 79.0 841.0 78.0 845.0 small-vehicle 1
96.0 809.0 96.0 806.0 104.0 806.0 104.0 809.0 small-vehicle 1
96.0 803.0 95.0 801.0 103.0 801.0 103.0 804.0 small-vehicle 1
96.0 798.0 96.0 796.0 103.0 796.0 103.0 799.0 small-vehicle 1
96.0 774.0 96.0 771.0 104.0 771.0 104.0 774.0 small-vehicle 1
75.0 751.0 75.0 747.0 81.0 747.0 82.0 751.0 small-vehicle 1
97.0 769.0 97.0 765.0 105.0 766.0 105.0 769.0 small-vehicle 1
97.0 762.0 96.0 759.0 105.0 760.0 105.0 763.0 small-vehicle 1
523.0 183.0 526.0 183.0 524.0 192.0 521.0 191.0 small-vehicle 1
60.0 19.0 60.0 14.0 68.0 14.0 69.0 18.0 small-vehicle 1
46.0 47.0 50.0 47.0 50.0 57.0 46.0 57.0 small-vehicle 1
46.0 66.0 46.0 63.0 55.0 63.0 54.0 67.0 small-vehicle 1
32.0 63.0 31.0 59.0 40.0 59.0 40.0 63.0 small-vehicle 1
27.0 73.0 32.0 72.0 32.0 80.0 28.0 80.0 small-vehicle 1
35.0 128.0 34.0 124.0 41.0 121.0 43.0 125.0 small-vehicle 1
72.0 815.0 72.0 811.0 80.0 811.0 80.0 816.0 small-vehicle 1
72.0 798.0 73.0 793.0 82.0 794.0 81.0 798.0 small-vehicle 1
74.0 762.0 73.0 759.0 81.0 759.0 81.0 762.0 small-vehicle 1
73.0 755.0 73.0 753.0 80.0 753.0 80.0 756.0 small-vehicle 1
71.0 826.0 72.0 823.0 79.0 823.0 79.0 826.0 small-vehicle 1
37.0 697.0 37.0 694.0 44.0 695.0 44.0 698.0 small-vehicle 1
37.0 703.0 37.0 700.0 44.0 701.0 44.0 704.0 small-vehicle 1
37.0 710.0 37.0 706.0 45.0 706.0 45.0 710.0 small-vehicle 1
36.0 718.0 36.0 713.0 44.0 713.0 44.0 716.0 small-vehicle 1
36.0 728.0 36.0 725.0 44.0 725.0 44.0 728.0 small-vehicle 1
38.0 733.0 37.0 729.0 45.0 729.0 45.0 733.0 small-vehicle 1
36.0 739.0 36.0 735.0 44.0 736.0 44.0 739.0 small-vehicle 1
36.0 746.0 36.0 742.0 43.0 742.0 43.0 746.0 small-vehicle 1
36.0 751.0 36.0 748.0 42.0 747.0 42.0 751.0 small-vehicle 1
35.0 756.0 35.0 754.0 42.0 754.0 42.0 756.0 small-vehicle 1
75.0 708.0 74.0 704.0 82.0 704.0 82.0 708.0 small-vehicle 1
74.0 715.0 74.0 712.0 82.0 712.0 82.0 716.0 small-vehicle 1
75.0 732.0 75.0 728.0 82.0 729.0 83.0 731.0 small-vehicle 1
75.0 738.0 74.0 735.0 81.0 735.0 82.0 738.0 small-vehicle 1
64.0 738.0 64.0 735.0 71.0 735.0 71.0 738.0 small-vehicle 1
75.0 744.0 75.0 741.0 82.0 741.0 82.0 745.0 small-vehicle 1
63.0 751.0 63.0 747.0 71.0 747.0 71.0 751.0 small-vehicle 1
63.0 757.0 62.0 752.0 72.0 753.0 72.0 756.0 small-vehicle 1
294.0 142.0 366.0 132.0 373.0 207.0 301.0 216.0 baseball-diamond 0
