imagesource:GoogleEarth
gsd:0.57565975799
1082.0 352.0 1086.0 348.0 1090.0 357.0 1086.0 359.0 small-vehicle 1
412.0 435.0 414.0 438.0 408.0 443.0 406.0 440.0 small-vehicle 1
410.0 317.0 414.0 317.0 413.0 325.0 410.0 325.0 small-vehicle 1
405.0 321.0 408.0 320.0 410.0 326.0 406.0 327.0 small-vehicle 1
399.0 325.0 401.0 323.0 405.0 329.0 403.0 331.0 small-vehicle 1
394.0 329.0 396.0 326.0 400.0 333.0 398.0 334.0 small-vehicle 1
388.0 333.0 389.0 330.0 396.0 335.0 393.0 337.0 small-vehicle 1
379.0 341.0 379.0 338.0 385.0 337.0 386.0 341.0 small-vehicle 1
300.0 408.0 298.0 404.0 305.0 400.0 306.0 402.0 small-vehicle 1
331.0 415.0 334.0 419.0 326.0 422.0 324.0 420.0 small-vehicle 1
355.0 409.0 356.0 411.0 350.0 417.0 349.0 415.0 small-vehicle 1
351.0 405.0 353.0 409.0 347.0 414.0 345.0 411.0 small-vehicle 1
347.0 402.0 349.0 404.0 343.0 410.0 341.0 408.0 small-vehicle 1
344.0 393.0 347.0 397.0 340.0 401.0 338.0 399.0 small-vehicle 1
341.0 389.0 343.0 391.0 338.0 395.0 336.0 394.0 small-vehicle 1
350.0 373.0 351.0 376.0 344.0 381.0 342.0 379.0 small-vehicle 1
353.0 382.0 354.0 385.0 348.0 390.0 346.0 388.0 small-vehicle 1
355.0 386.0 357.0 389.0 350.0 393.0 348.0 391.0 small-vehicle 1
358.0 389.0 360.0 391.0 353.0 397.0 352.0 394.0 small-vehicle 1
360.0 393.0 362.0 396.0 355.0 401.0 352.0 397.0 small-vehicle 1
370.0 407.0 372.0 409.0 365.0 413.0 362.0 410.0 small-vehicle 1
377.0 417.0 380.0 420.0 371.0 426.0 368.0 423.0 small-vehicle 1
381.0 426.0 383.0 429.0 376.0 433.0 373.0 431.0 small-vehicle 1
397.0 449.0 399.0 452.0 393.0 457.0 391.0 454.0 small-vehicle 1
400.0 453.0 402.0 456.0 395.0 460.0 393.0 457.0 small-vehicle 1
420.0 481.0 422.0 484.0 413.0 489.0 411.0 487.0 small-vehicle 1
422.0 486.0 423.0 488.0 414.0 494.0 412.0 492.0 small-vehicle 1
426.0 493.0 429.0 497.0 421.0 501.0 418.0 499.0 small-vehicle 1
427.0 499.0 428.0 503.0 421.0 507.0 420.0 504.0 small-vehicle 1
429.0 458.0 430.0 462.0 424.0 467.0 421.0 464.0 small-vehicle 1
422.0 452.0 424.0 455.0 417.0 459.0 415.0 458.0 small-vehicle 1
352.0 344.0 355.0 346.0 351.0 354.0 348.0 351.0 small-vehicle 1
331.0 329.0 334.0 326.0 337.0 331.0 334.0 334.0 small-vehicle 1
297.0 360.0 299.0 363.0 292.0 367.0 290.0 365.0 small-vehicle 1
847.0 22.0 846.0 17.0 856.0 15.0 857.0 18.0 small-vehicle 1
343.0 439.0 361.0 428.0 384.0 464.0 366.0 475.0 tennis-court 0
376.0 494.0 394.0 482.0 417.0 517.0 400.0 529.0 tennis-court 0
349.0 510.0 367.0 499.0 390.0 535.0 372.0 545.0 tennis-court 0
358.0 569.0 476.0 497.0 643.0 762.0 526.0 837.0 ground-track-field 0
413.0 608.0 487.0 564.0 590.0 727.0 518.0 772.0 soccer-ball-field 1
728.0 774.0 772.0 836.0 707.0 871.0 665.0 814.0 baseball-diamond 0
687.0 952.0 663.0 913.0 706.0 893.0 729.0 928.0 baseball-diamond 0
853.0 808.0 858.0 818.0 837.0 830.0 831.0 821.0 tennis-court 1
860.0 821.0 865.0 829.0 844.0 843.0 838.0 834.0 tennis-court 1
867.0 832.0 874.0 841.0 852.0 855.0 846.0 846.0 tennis-court 1
804.0 779.0 838.0 758.0 850.0 775.0 815.0 796.0 basketball-court 1
792.0 759.0 826.0 739.0 837.0 755.0 801.0 776.0 basketball-court 1
852.0 778.0 863.0 795.0 827.0 819.0 815.0 801.0 basketball-court 1
618.0 985.0 621.0 980.0 628.0 987.0 627.0 990.0 small-vehicle 1
290.0 352.0 293.0 355.0 285.0 360.0 283.0 356.0 small-vehicle 1
549.0 912.0 553.0 908.0 558.0 915.0 554.0 918.0 small-vehicle 1
527.0 887.0 531.0 885.0 536.0 891.0 534.0 894.0 small-vehicle 1
439.0 786.0 442.0 784.0 446.0 790.0 444.0 793.0 small-vehicle 1
415.0 756.0 417.0 752.0 421.0 758.0 420.0 761.0 small-vehicle 1
371.0 711.0 375.0 706.0 381.0 715.0 377.0 718.0 small-vehicle 1
374.0 701.0 376.0 697.0 382.0 707.0 378.0 708.0 small-vehicle 1
334.0 651.0 338.0 647.0 344.0 656.0 341.0 659.0 small-vehicle 1
293.0 592.0 298.0 588.0 302.0 597.0 299.0 599.0 small-vehicle 1
219.0 468.0 221.0 464.0 228.0 472.0 225.0 474.0 small-vehicle 1
168.0 405.0 171.0 402.0 178.0 412.0 173.0 414.0 small-vehicle 1
306.0 329.0 308.0 332.0 303.0 338.0 300.0 335.0 small-vehicle 1
311.0 338.0 313.0 342.0 306.0 346.0 304.0 342.0 small-vehicle 1
313.0 343.0 316.0 346.0 309.0 351.0 307.0 349.0 small-vehicle 1
418.0 443.0 419.0 447.0 413.0 450.0 411.0 448.0 small-vehicle 1
410.0 431.0 412.0 434.0 405.0 439.0 402.0 437.0 small-vehicle 1
1202.0 171.0 1198.0 172.0 1196.0 164.0 1199.0 163.0 small-vehicle 1
406.0 427.0 408.0 430.0 401.0 435.0 398.0 433.0 small-vehicle 1
1060.0 312.0 1064.0 311.0 1066.0 318.0 1063.0 318.0 small-vehicle 1
684.0 633.0 687.0 637.0 678.0 641.0 676.0 638.0 small-vehicle 1
926.0 639.0 928.0 637.0 933.0 644.0 931.0 646.0 small-vehicle 1
932.0 648.0 934.0 645.0 939.0 652.0 937.0 654.0 small-vehicle 1
814.0 651.0 816.0 648.0 822.0 654.0 821.0 656.0 small-vehicle 1
541.0 332.0 541.0 335.0 535.0 339.0 533.0 337.0 small-vehicle 1
546.0 340.0 547.0 344.0 541.0 347.0 539.0 344.0 small-vehicle 1
550.0 349.0 552.0 352.0 545.0 354.0 544.0 351.0 small-vehicle 1
595.0 422.0 597.0 425.0 589.0 429.0 588.0 427.0 small-vehicle 1
562.0 368.0 564.0 372.0 557.0 376.0 555.0 373.0 small-vehicle 1
535.0 369.0 537.0 372.0 531.0 377.0 529.0 374.0 small-vehicle 1
322.0 407.0 324.0 410.0 318.0 414.0 316.0 412.0 small-vehicle 1
573.0 318.0 575.0 321.0 566.0 326.0 565.0 323.0 small-vehicle 1
841.0 601.0 843.0 598.0 848.0 606.0 846.0 608.0 small-vehicle 1
765.0 573.0 768.0 570.0 773.0 579.0 769.0 581.0 small-vehicle 1
678.0 505.0 679.0 501.0 686.0 503.0 685.0 507.0 small-vehicle 1
680.0 492.0 682.0 495.0 677.0 501.0 674.0 498.0 small-vehicle 1
632.0 461.0 633.0 459.0 640.0 464.0 638.0 466.0 small-vehicle 1
636.0 457.0 637.0 455.0 643.0 460.0 642.0 461.0 small-vehicle 1
1034.0 56.0 1038.0 56.0 1038.0 65.0 1035.0 66.0 small-vehicle 1
1038.0 82.0 1040.0 80.0 1044.0 88.0 1041.0 90.0 small-vehicle 1
1059.0 130.0 1062.0 126.0 1068.0 133.0 1066.0 135.0 small-vehicle 1
1147.0 172.0 1146.0 167.0 1156.0 167.0 1156.0 171.0 small-vehicle 1
1141.0 160.0 1140.0 156.0 1147.0 156.0 1148.0 160.0 small-vehicle 1
1195.0 151.0 1196.0 148.0 1203.0 148.0 1203.0 151.0 small-vehicle 1
1145.0 69.0 1145.0 64.0 1155.0 65.0 1155.0 68.0 small-vehicle 1
1086.0 175.0 1084.0 172.0 1088.0 165.0 1091.0 167.0 small-vehicle 1
1189.0 176.0 1185.0 175.0 1188.0 168.0 1190.0 169.0 small-vehicle 1
1208.0 171.0 1205.0 172.0 1203.0 164.0 1206.0 163.0 small-vehicle 1
937.0 518.0 934.0 520.0 929.0 513.0 930.0 511.0 small-vehicle 1
931.0 656.0 933.0 658.0 926.0 662.0 925.0 661.0 small-vehicle 1
934.0 660.0 935.0 662.0 930.0 666.0 929.0 664.0 small-vehicle 1
532.0 319.0 535.0 322.0 527.0 328.0 524.0 325.0 small-vehicle 1
402.0 425.0 404.0 427.0 398.0 432.0 397.0 430.0 small-vehicle 1
390.0 392.0 392.0 396.0 383.0 401.0 381.0 398.0 small-vehicle 1
383.0 382.0 385.0 386.0 377.0 391.0 374.0 389.0 small-vehicle 1
627.0 396.0 628.0 400.0 620.0 404.0 619.0 401.0 small-vehicle 1
608.0 368.0 610.0 372.0 602.0 377.0 599.0 375.0 small-vehicle 1
602.0 360.0 603.0 363.0 595.0 368.0 594.0 365.0 small-vehicle 1
597.0 353.0 599.0 356.0 590.0 359.0 588.0 358.0 small-vehicle 1
594.0 348.0 595.0 351.0 589.0 355.0 587.0 354.0 small-vehicle 1
587.0 335.0 589.0 338.0 581.0 344.0 579.0 342.0 small-vehicle 1
583.0 331.0 585.0 334.0 579.0 341.0 576.0 337.0 small-vehicle 1
555.0 351.0 557.0 355.0 548.0 361.0 546.0 357.0 small-vehicle 1
568.0 352.0 569.0 356.0 563.0 361.0 562.0 357.0 small-vehicle 1
574.0 361.0 575.0 363.0 570.0 368.0 568.0 366.0 small-vehicle 1
548.0 279.0 550.0 282.0 543.0 286.0 540.0 284.0 small-vehicle 1
961.0 655.0 962.0 658.0 956.0 662.0 954.0 660.0 small-vehicle 1
505.0 319.0 506.0 322.0 499.0 327.0 497.0 325.0 small-vehicle 1
511.0 332.0 513.0 336.0 506.0 341.0 505.0 338.0 small-vehicle 1
590.0 414.0 592.0 417.0 585.0 421.0 584.0 419.0 small-vehicle 1
522.0 348.0 524.0 352.0 517.0 357.0 515.0 356.0 small-vehicle 1
676.0 517.0 673.0 518.0 668.0 509.0 669.0 507.0 small-vehicle 1
671.0 519.0 667.0 521.0 663.0 514.0 664.0 510.0 small-vehicle 1
666.0 524.0 663.0 524.0 657.0 517.0 660.0 516.0 small-vehicle 1
635.0 512.0 637.0 516.0 628.0 520.0 627.0 517.0 small-vehicle 1
734.0 562.0 736.0 567.0 728.0 571.0 725.0 568.0 small-vehicle 1
674.0 653.0 677.0 651.0 682.0 658.0 679.0 660.0 small-vehicle 1
958.0 695.0 959.0 699.0 953.0 702.0 952.0 699.0 small-vehicle 1
951.0 687.0 954.0 690.0 948.0 695.0 947.0 693.0 small-vehicle 1
939.0 667.0 940.0 669.0 934.0 673.0 932.0 670.0 small-vehicle 1
315.0 455.0 333.0 444.0 356.0 481.0 337.0 491.0 tennis-court 0
