imagesource:GoogleEarth
gsd:0.285587764518
256.0 363.0 308.0 363.0 311.0 408.0 255.0 410.0 basketball-court 0
257.0 221.0 262.0 221.0 260.0 237.0 253.0 235.0 small-vehicle 1
697.0 178.0 695.0 170.0 714.0 172.0 714.0 177.0 small-vehicle 1
696.0 169.0 694.0 161.0 711.0 161.0 712.0 167.0 small-vehicle 1
695.0 155.0 696.0 150.0 711.0 152.0 710.0 158.0 small-vehicle 1
653.0 73.0 660.0 72.0 662.0 89.0 652.0 89.0 small-vehicle 1
633.0 174.0 633.0 168.0 649.0 170.0 648.0 176.0 small-vehicle 1
633.0 154.0 634.0 147.0 649.0 148.0 650.0 153.0 small-vehicle 1
391.0 217.0 399.0 218.0 398.0 234.0 390.0 234.0 small-vehicle 1
382.0 220.0 389.0 219.0 389.0 236.0 383.0 236.0 small-vehicle 1
370.0 220.0 376.0 218.0 376.0 237.0 371.0 237.0 small-vehicle 1
352.0 219.0 359.0 219.0 358.0 235.0 353.0 235.0 small-vehicle 1
317.0 221.0 322.0 220.0 323.0 235.0 318.0 235.0 small-vehicle 1
294.0 222.0 301.0 221.0 299.0 236.0 294.0 236.0 small-vehicle 1
286.0 220.0 292.0 220.0 292.0 235.0 285.0 235.0 small-vehicle 1
86.0 929.0 92.0 929.0 93.0 946.0 86.0 946.0 small-vehicle 1
217.0 215.0 216.0 209.0 232.0 209.0 232.0 214.0 small-vehicle 1
216.0 187.0 216.0 179.0 230.0 179.0 231.0 187.0 small-vehicle 1
216.0 175.0 216.0 169.0 228.0 169.0 229.0 175.0 small-vehicle 1
216.0 146.0 216.0 142.0 230.0 141.0 230.0 146.0 small-vehicle 1
269.0 540.0 403.0 566.0 371.0 700.0 240.0 669.0 baseball-diamond 0
567.0 330.0 564.0 418.0 475.0 415.0 478.0 324.0 baseball-diamond 0
235.0 302.0 326.0 302.0 325.0 356.0 235.0 356.0 basketball-court 0
480.0 1023.0 505.0 1030.0 505.0 1038.0 479.0 1039.0 swimming-pool 0
320.0 1000.0 332.0 1008.0 318.0 1032.0 306.0 1024.0 swimming-pool 0
382.0 1002.0 373.0 1010.0 394.0 1032.0 404.0 1023.0 swimming-pool 0
106.0 1030.0 137.0 1030.0 137.0 1045.0 106.0 1045.0 swimming-pool 0
314.0 189.0 350.0 189.0 350.0 208.0 314.0 208.0 swimming-pool 0
691.0 337.0 691.0 329.0 707.0 330.0 707.0 336.0 small-vehicle 1
692.0 356.0 689.0 349.0 706.0 348.0 706.0 355.0 small-vehicle 1
693.0 370.0 693.0 363.0 709.0 362.0 709.0 371.0 small-vehicle 1
631.0 336.0 630.0 328.0 649.0 328.0 649.0 334.0 small-vehicle 1
51.0 532.0 57.0 531.0 57.0 548.0 51.0 548.0 small-vehicle 1
696.0 306.0 695.0 300.0 711.0 300.0 712.0 307.0 small-vehicle 1
468.0 208.0 475.0 207.0 475.0 220.0 468.0 220.0 small-vehicle 1
702.0 913.0 709.0 912.0 710.0 928.0 704.0 928.0 small-vehicle 1
295.0 932.0 298.0 926.0 314.0 934.0 309.0 939.0 small-vehicle 1
327.0 921.0 332.0 927.0 320.0 938.0 315.0 932.0 small-vehicle 1
425.0 917.0 430.0 916.0 432.0 932.0 425.0 933.0 small-vehicle 1
434.0 914.0 442.0 912.0 441.0 932.0 436.0 933.0 small-vehicle 1
590.0 910.0 597.0 910.0 596.0 926.0 589.0 926.0 small-vehicle 1
617.0 945.0 618.0 939.0 633.0 940.0 633.0 948.0 small-vehicle 1
619.0 1037.0 619.0 1028.0 634.0 1029.0 635.0 1038.0 small-vehicle 1
674.0 999.0 673.0 992.0 691.0 992.0 688.0 1001.0 small-vehicle 1
673.0 990.0 673.0 984.0 689.0 984.0 689.0 990.0 small-vehicle 1
683.0 677.0 683.0 668.0 700.0 667.0 702.0 674.0 small-vehicle 1
686.0 664.0 682.0 656.0 702.0 654.0 702.0 661.0 small-vehicle 1
95.0 769.0 96.0 761.0 115.0 761.0 116.0 768.0 small-vehicle 1
79.0 611.0 88.0 611.0 85.0 625.0 80.0 625.0 small-vehicle 1
26.0 533.0 32.0 533.0 33.0 546.0 27.0 546.0 small-vehicle 1
36.0 533.0 44.0 532.0 45.0 550.0 37.0 549.0 small-vehicle 1
170.0 556.0 176.0 561.0 166.0 571.0 162.0 567.0 small-vehicle 1
210.0 454.0 218.0 454.0 219.0 471.0 210.0 473.0 small-vehicle 1
35.0 288.0 44.0 289.0 43.0 308.0 35.0 308.0 small-vehicle 1
630.0 527.0 628.0 520.0 648.0 519.0 648.0 527.0 small-vehicle 1
631.0 496.0 630.0 488.0 648.0 487.0 648.0 495.0 small-vehicle 1
632.0 348.0 631.0 338.0 650.0 340.0 650.0 346.0 small-vehicle 1
65.0 148.0 87.0 148.0 87.0 193.0 65.0 193.0 swimming-pool 0
