imagesource:GoogleEarth
gsd:0.280979280875
124.0 1251.0 136.0 1255.0 122.0 1272.0 115.0 1269.0 small-vehicle 1
248.0 902.0 248.0 891.0 270.0 892.0 268.0 902.0 small-vehicle 0
1012.0 794.0 881.0 734.0 921.0 620.0 1059.0 681.0 plane 0
468.0 803.0 598.0 860.0 555.0 962.0 424.0 905.0 plane 0
27.0 1060.0 62.0 1060.0 62.0 1094.0 27.0 1094.0 storage-tank 0
53.0 1104.0 84.0 1104.0 84.0 1136.0 53.0 1136.0 storage-tank 0
279.0 330.0 237.0 312.0 265.0 254.0 306.0 276.0 helicopter 0
158.0 277.0 119.0 256.0 149.0 205.0 186.0 225.0 helicopter 0
180.0 455.0 219.0 472.0 197.0 527.0 157.0 508.0 helicopter 0
185.0 1094.0 195.0 1099.0 189.0 1115.0 179.0 1112.0 small-vehicle 0
194.0 1097.0 205.0 1101.0 198.0 1121.0 188.0 1116.0 small-vehicle 0
204.0 1103.0 213.0 1109.0 208.0 1124.0 199.0 1119.0 small-vehicle 0
215.0 1108.0 225.0 1113.0 218.0 1126.0 210.0 1124.0 small-vehicle 1
223.0 1110.0 234.0 1115.0 226.0 1133.0 216.0 1128.0 small-vehicle 0
128.0 1066.0 139.0 1072.0 130.0 1091.0 120.0 1088.0 small-vehicle 0
158.0 1134.0 168.0 1139.0 162.0 1155.0 152.0 1151.0 small-vehicle 0
166.0 1136.0 177.0 1141.0 171.0 1159.0 163.0 1155.0 small-vehicle 0
196.0 1149.0 208.0 1154.0 199.0 1172.0 190.0 1167.0 small-vehicle 0
228.0 1183.0 216.0 1178.0 225.0 1160.0 235.0 1164.0 large-vehicle 0
945.0 1009.0 1085.0 1073.0 1043.0 1173.0 902.0 1111.0 plane 0
