imagesource:GoogleEarth
gsd:0.268682995207
408.0 824.0 416.0 824.0 416.0 844.0 408.0 844.0 small-vehicle 1
568.0 442.0 568.0 434.0 592.0 437.0 592.0 443.0 small-vehicle 0
641.0 325.0 650.0 226.0 749.0 236.0 738.0 339.0 baseball-diamond 0
685.0 618.0 727.0 621.0 721.0 710.0 679.0 706.0 tennis-court 0
738.0 622.0 781.0 625.0 775.0 713.0 732.0 710.0 tennis-court 0
1264.0 464.0 1268.0 308.0 1425.0 312.0 1421.0 472.0 baseball-diamond 0
1011.0 633.0 1139.0 635.0 1131.0 704.0 1009.0 683.0 swimming-pool 0
1190.0 637.0 1283.0 643.0 1278.0 731.0 1190.0 730.0 baseball-diamond 0
1721.0 575.0 2136.0 597.0 2125.0 787.0 1708.0 761.0 soccer-ball-field 0
240.0 524.0 247.0 524.0 246.0 539.0 240.0 540.0 small-vehicle 0
560.0 760.0 561.0 750.0 581.0 753.0 579.0 763.0 small-vehicle 1
249.0 521.0 255.0 521.0 256.0 540.0 250.0 541.0 small-vehicle 1
625.0 427.0 632.0 425.0 632.0 444.0 625.0 444.0 small-vehicle 1
195.0 666.0 196.0 658.0 214.0 660.0 214.0 667.0 small-vehicle 1
194.0 684.0 195.0 678.0 214.0 679.0 213.0 685.0 small-vehicle 1
273.0 792.0 280.0 791.0 281.0 804.0 273.0 809.0 small-vehicle 1
510.0 758.0 510.0 748.0 527.0 748.0 528.0 756.0 small-vehicle 1
537.0 760.0 536.0 751.0 554.0 750.0 554.0 758.0 small-vehicle 1
510.0 377.0 408.0 364.0 433.0 265.0 536.0 278.0 baseball-diamond 0
