imagesource:GoogleEarth
gsd:1.18296076009
239.0 1137.0 262.0 1137.0 262.0 1160.0 239.0 1160.0 roundabout 0
509.0 1543.0 539.0 1543.0 539.0 1570.0 509.0 1570.0 roundabout 0
405.0 1449.0 432.0 1449.0 432.0 1476.0 405.0 1476.0 roundabout 0
506.0 1964.0 536.0 1964.0 536.0 1993.0 506.0 1993.0 roundabout 0
708.0 1729.0 740.0 1729.0 740.0 1759.0 708.0 1759.0 roundabout 0
1242.0 1864.0 1270.0 1864.0 1270.0 1891.0 1242.0 1891.0 roundabout 0
1095.0 1835.0 1123.0 1835.0 1123.0 1864.0 1095.0 1864.0 roundabout 0
549.0 1189.0 579.0 1189.0 579.0 1216.0 549.0 1216.0 roundabout 0
1425.0 1383.0 1448.0 1383.0 1448.0 1409.0 1425.0 1409.0 roundabout 0
2733.0 1441.0 2773.0 1441.0 2773.0 1488.0 2733.0 1488.0 roundabout 0
2182.0 1106.0 2206.0 1106.0 2206.0 1136.0 2182.0 1136.0 roundabout 0
1955.0 1125.0 1981.0 1125.0 1981.0 1153.0 1955.0 1153.0 roundabout 0
1605.0 832.0 1633.0 832.0 1633.0 865.0 1605.0 865.0 roundabout 0
1349.0 652.0 1375.0 652.0 1375.0 680.0 1349.0 680.0 roundabout 0
1252.0 559.0 1278.0 559.0 1278.0 589.0 1252.0 589.0 roundabout 0
948.0 385.0 973.0 385.0 973.0 410.0 948.0 410.0 roundabout 0
