imagesource:GoogleEarth
gsd:0.591565900513
2409.0 1374.0 2457.0 1499.0 2436.0 1508.0 2387.0 1382.0 harbor 0
1815.0 2037.0 1855.0 2037.0 1855.0 2076.0 1815.0 2076.0 storage-tank 0
2118.0 1744.0 2175.0 1744.0 2175.0 1802.0 2118.0 1802.0 storage-tank 0
2196.0 1716.0 2271.0 1716.0 2271.0 1785.0 2196.0 1785.0 storage-tank 0
2234.0 1795.0 2312.0 1795.0 2312.0 1868.0 2234.0 1868.0 storage-tank 0
2314.0 1632.0 2354.0 1632.0 2354.0 1669.0 2314.0 1669.0 storage-tank 0
2268.0 1652.0 2308.0 1652.0 2308.0 1693.0 2268.0 1693.0 storage-tank 0
2291.0 1696.0 2323.0 1696.0 2323.0 1729.0 2291.0 1729.0 storage-tank 0
2049.0 1779.0 2105.0 1779.0 2105.0 1838.0 2049.0 1838.0 storage-tank 0
2170.0 1842.0 2228.0 1842.0 2228.0 1905.0 2170.0 1905.0 storage-tank 0
1971.0 1819.0 2032.0 1819.0 2032.0 1877.0 1971.0 1877.0 storage-tank 0
2110.0 1517.0 2200.0 1517.0 2200.0 1612.0 2110.0 1612.0 storage-tank 0
2099.0 1882.0 2158.0 1882.0 2158.0 1938.0 2099.0 1938.0 storage-tank 0
2024.0 1917.0 2086.0 1917.0 2086.0 1976.0 2024.0 1976.0 storage-tank 0
1604.0 1990.0 1640.0 1990.0 1640.0 2028.0 1604.0 2028.0 storage-tank 0
1702.0 1940.0 1736.0 1940.0 1736.0 1976.0 1702.0 1976.0 storage-tank 0
1720.0 1978.0 1760.0 1978.0 1760.0 2016.0 1720.0 2016.0 storage-tank 0
1772.0 1951.0 1812.0 1951.0 1812.0 1990.0 1772.0 1990.0 storage-tank 0
1794.0 1997.0 1835.0 1997.0 1835.0 2033.0 1794.0 2033.0 storage-tank 0
1741.0 2021.0 1778.0 2021.0 1778.0 2058.0 1741.0 2058.0 storage-tank 0
2211.0 1466.0 2306.0 1466.0 2306.0 1563.0 2211.0 1563.0 storage-tank 0
1837.0 1702.0 1874.0 1702.0 1874.0 1739.0 1837.0 1739.0 storage-tank 0
1956.0 1949.0 2017.0 1949.0 2017.0 2010.0 1956.0 2010.0 storage-tank 0
1856.0 1027.0 1915.0 1027.0 1915.0 1083.0 1856.0 1083.0 storage-tank 0
1890.0 1090.0 1962.0 1090.0 1962.0 1161.0 1890.0 1161.0 storage-tank 0
1933.0 1163.0 2031.0 1163.0 2031.0 1260.0 1933.0 1260.0 storage-tank 0
1996.0 1285.0 2092.0 1285.0 2092.0 1380.0 1996.0 1380.0 storage-tank 0
2059.0 1399.0 2158.0 1399.0 2158.0 1500.0 2059.0 1500.0 storage-tank 0
1694.0 1256.0 1824.0 1256.0 1824.0 1387.0 1694.0 1387.0 storage-tank 0
1590.0 1571.0 1716.0 1571.0 1716.0 1697.0 1590.0 1697.0 storage-tank 0
1804.0 1471.0 1928.0 1471.0 1928.0 1591.0 1804.0 1591.0 storage-tank 0
1488.0 1369.0 1612.0 1369.0 1612.0 1495.0 1488.0 1495.0 storage-tank 0
1773.0 1717.0 1836.0 1717.0 1836.0 1777.0 1773.0 1777.0 storage-tank 0
1706.0 1756.0 1766.0 1756.0 1766.0 1815.0 1706.0 1815.0 storage-tank 0
1950.0 1631.0 2007.0 1631.0 2007.0 1688.0 1950.0 1688.0 storage-tank 0
1609.0 1072.0 1718.0 1072.0 1718.0 1182.0 1609.0 1182.0 storage-tank 0
1515.0 886.0 1623.0 886.0 1623.0 991.0 1515.0 991.0 storage-tank 0
1300.0 993.0 1411.0 993.0 1411.0 1098.0 1300.0 1098.0 storage-tank 0
1397.0 1178.0 1509.0 1178.0 1509.0 1289.0 1397.0 1289.0 storage-tank 0
1161.0 1280.0 1290.0 1280.0 1290.0 1404.0 1161.0 1404.0 storage-tank 0
1436.0 1847.0 1527.0 1847.0 1527.0 1941.0 1436.0 1941.0 storage-tank 0
1635.0 1791.0 1692.0 1791.0 1692.0 1848.0 1635.0 1848.0 storage-tank 0
1764.0 2065.0 1799.0 2065.0 1799.0 2104.0 1764.0 2104.0 storage-tank 0
1915.0 1850.0 1939.0 1850.0 1939.0 1877.0 1915.0 1877.0 storage-tank 0
2528.0 1479.0 2545.0 1533.0 2376.0 1587.0 2358.0 1539.0 harbor 0
2116.0 2430.0 2114.0 2425.0 2142.0 2411.0 2144.0 2416.0 large-vehicle 1
1597.0 3103.0 1600.0 3107.0 1572.0 3124.0 1570.0 3119.0 large-vehicle 1
1493.0 3183.0 1498.0 3186.0 1485.0 3208.0 1482.0 3207.0 large-vehicle 1
1478.0 3209.0 1481.0 3211.0 1470.0 3238.0 1466.0 3235.0 large-vehicle 1
1461.0 3246.0 1465.0 3248.0 1454.0 3273.0 1450.0 3270.0 large-vehicle 1
1451.0 3259.0 1446.0 3256.0 1461.0 3229.0 1464.0 3231.0 large-vehicle 1
2070.0 2459.0 2073.0 2468.0 2044.0 2482.0 2040.0 2474.0 large-vehicle 1
2080.0 2475.0 2083.0 2481.0 2056.0 2494.0 2054.0 2489.0 large-vehicle 1
2114.0 2509.0 2118.0 2507.0 2128.0 2536.0 2123.0 2538.0 large-vehicle 1
2183.0 2420.0 2187.0 2418.0 2196.0 2444.0 2190.0 2446.0 large-vehicle 1
1475.0 2370.0 1511.0 2374.0 1510.0 2410.0 1470.0 2406.0 storage-tank 0
2176.0 2422.0 2181.0 2419.0 2189.0 2449.0 2184.0 2450.0 large-vehicle 1
2170.0 2423.0 2176.0 2422.0 2182.0 2450.0 2177.0 2452.0 large-vehicle 1
2162.0 2427.0 2166.0 2425.0 2176.0 2454.0 2170.0 2455.0 large-vehicle 1
2151.0 2432.0 2155.0 2431.0 2165.0 2456.0 2160.0 2458.0 large-vehicle 1
2144.0 2439.0 2149.0 2437.0 2159.0 2467.0 2154.0 2468.0 large-vehicle 1
2137.0 2444.0 2141.0 2441.0 2152.0 2469.0 2146.0 2471.0 large-vehicle 1
2125.0 2187.0 2133.0 2194.0 2110.0 2219.0 2103.0 2212.0 large-vehicle 1
2107.0 2176.0 2118.0 2182.0 2103.0 2211.0 2092.0 2206.0 large-vehicle 1
1633.0 3074.0 1635.0 3080.0 1610.0 3093.0 1607.0 3088.0 large-vehicle 1
2182.0 785.0 2226.0 950.0 1910.0 1048.0 1858.0 876.0 harbor 0
1930.0 1884.0 1956.0 1884.0 1956.0 1907.0 1930.0 1907.0 storage-tank 0
2880.0 2214.0 2879.0 2235.0 2603.0 2222.0 2603.0 2200.0 harbor 0
2199.0 2019.0 2240.0 2019.0 2240.0 2063.0 2199.0 2063.0 storage-tank 0
2152.0 2045.0 2195.0 2045.0 2195.0 2086.0 2152.0 2086.0 storage-tank 0
2397.0 1785.0 2432.0 1785.0 2432.0 1820.0 2397.0 1820.0 storage-tank 0
1680.0 2262.0 1708.0 2262.0 1708.0 2292.0 1680.0 2292.0 storage-tank 0
1625.0 2035.0 1651.0 2035.0 1651.0 2054.0 1625.0 2054.0 storage-tank 0
2633.0 2788.0 2665.0 2815.0 2563.0 2931.0 2532.0 2902.0 harbor 0
2389.0 2817.0 2410.0 2794.0 2518.0 2887.0 2493.0 2912.0 ship 0
2407.0 1143.0 2422.0 1140.0 2428.0 1180.0 2416.0 1181.0 ship 0
2375.0 1096.0 2399.0 1092.0 2413.0 1171.0 2389.0 1176.0 ship 1
2364.0 1785.0 2389.0 1785.0 2389.0 1809.0 2364.0 1809.0 storage-tank 0
2456.0 1332.0 2490.0 1322.0 2516.0 1408.0 2481.0 1418.0 ship 1
1865.0 1991.0 1884.0 1991.0 1884.0 2014.0 1865.0 2014.0 storage-tank 0
1872.0 2016.0 1898.0 2016.0 1898.0 2038.0 1872.0 2038.0 storage-tank 0
1886.0 2044.0 1920.0 2044.0 1920.0 2072.0 1886.0 2072.0 storage-tank 0
2364.0 1715.0 2398.0 1715.0 2398.0 1750.0 2364.0 1750.0 storage-tank 0
2352.0 1762.0 2377.0 1762.0 2377.0 1783.0 2352.0 1783.0 storage-tank 0
2321.0 1777.0 2346.0 1777.0 2346.0 1798.0 2321.0 1798.0 storage-tank 0
2334.0 1800.0 2360.0 1800.0 2360.0 1823.0 2334.0 1823.0 storage-tank 0
1065.0 1083.0 1191.0 1083.0 1191.0 1210.0 1065.0 1210.0 storage-tank 0
