imagesource:GoogleEarth
gsd:2.36906795676
1904.0 449.0 1898.0 446.0 1904.0 434.0 1909.0 435.0 ship 1
1256.0 1688.0 1248.0 1684.0 1252.0 1674.0 1260.0 1676.0 ship 1
1879.0 2030.0 1881.0 2040.0 1833.0 2048.0 1832.0 2036.0 ship 0
1620.0 2256.0 1623.0 2272.0 1539.0 2280.0 1538.0 2263.0 ship 0
1931.0 2304.0 1933.0 2322.0 1850.0 2334.0 1848.0 2316.0 ship 0
1641.0 2691.0 1643.0 2702.0 1574.0 2716.0 1571.0 2704.0 ship 0
1742.0 2920.0 1744.0 2934.0 1647.0 2947.0 1646.0 2928.0 ship 0
1616.0 3232.0 1622.0 3238.0 1612.0 3248.0 1605.0 3243.0 ship 1
1969.0 3366.0 1972.0 3384.0 1842.0 3402.0 1840.0 3380.0 ship 0
1565.0 3605.0 1567.0 3619.0 1487.0 3633.0 1485.0 3616.0 ship 0
1506.0 3945.0 1516.0 3942.0 1520.0 3961.0 1512.0 3962.0 ship 0
1684.0 3958.0 1688.0 3967.0 1628.0 3993.0 1622.0 3983.0 ship 0
1719.0 4270.0 1708.0 4268.0 1718.0 4226.0 1728.0 4228.0 ship 0
1909.0 4185.0 1916.0 4191.0 1890.0 4224.0 1882.0 4216.0 ship 0
1832.0 4277.0 1837.0 4283.0 1812.0 4314.0 1807.0 4308.0 ship 1
1811.0 4293.0 1816.0 4298.0 1802.0 4316.0 1797.0 4310.0 ship 1
2061.0 4085.0 2068.0 4081.0 2084.0 4102.0 2078.0 4107.0 harbor 0
2470.0 3364.0 2469.0 3380.0 2369.0 3370.0 2370.0 3351.0 ship 0
2105.0 2808.0 2104.0 2826.0 2006.0 2827.0 2007.0 2807.0 ship 0
2550.0 2570.0 2553.0 2586.0 2475.0 2594.0 2474.0 2579.0 ship 0
2302.0 2412.0 2303.0 2425.0 2224.0 2430.0 2222.0 2417.0 ship 0
2214.0 2084.0 2224.0 2088.0 2209.0 2140.0 2198.0 2137.0 ship 0
2533.0 1938.0 2540.0 1941.0 2513.0 1988.0 2505.0 1983.0 ship 0
1945.0 1782.0 1942.0 1793.0 1880.0 1776.0 1884.0 1765.0 ship 0
1577.0 1664.0 1574.0 1678.0 1495.0 1668.0 1498.0 1653.0 ship 0
1804.0 4321.0 1926.0 4181.0 1976.0 4223.0 1847.0 4360.0 harbor 0
1794.0 1620.0 1788.0 1634.0 1710.0 1608.0 1716.0 1593.0 ship 0
618.0 3479.0 618.0 3489.0 584.0 3487.0 584.0 3476.0 ship 1
898.0 4179.0 898.0 4188.0 849.0 4187.0 850.0 4177.0 ship 0
1314.0 4226.0 1318.0 4236.0 1248.0 4260.0 1243.0 4249.0 ship 1
1304.0 4222.0 1307.0 4228.0 1264.0 4243.0 1261.0 4236.0 ship 1
1186.0 3799.0 1185.0 3817.0 1101.0 3812.0 1103.0 3793.0 ship 0
984.0 3543.0 989.0 3554.0 928.0 3578.0 924.0 3567.0 ship 0
1303.0 3188.0 1305.0 3200.0 1230.0 3214.0 1229.0 3204.0 ship 0
1260.0 3186.0 1263.0 3197.0 1222.0 3206.0 1219.0 3195.0 ship 0
926.0 3010.0 929.0 3023.0 849.0 3035.0 848.0 3022.0 ship 0
681.0 2640.0 683.0 2650.0 644.0 2659.0 642.0 2649.0 ship 1
664.0 2638.0 666.0 2643.0 641.0 2650.0 639.0 2644.0 ship 0
896.0 2566.0 898.0 2572.0 863.0 2584.0 859.0 2576.0 ship 0
1100.0 2497.0 1103.0 2507.0 1058.0 2516.0 1056.0 2506.0 ship 0
1284.0 2244.0 1285.0 2261.0 1194.0 2265.0 1193.0 2248.0 ship 0
1109.0 1561.0 1110.0 1570.0 1070.0 1571.0 1070.0 1562.0 ship 1
1236.0 1425.0 1233.0 1435.0 1189.0 1419.0 1194.0 1411.0 ship 0
1110.0 1333.0 1104.0 1342.0 1067.0 1320.0 1072.0 1312.0 ship 0
1601.0 451.0 1592.0 450.0 1593.0 438.0 1602.0 440.0 ship 1
1973.0 91.0 1965.0 94.0 1958.0 73.0 1966.0 71.0 ship 0
1505.0 1198.0 1498.0 1204.0 1472.0 1185.0 1478.0 1176.0 ship 0
1359.0 1377.0 1357.0 1383.0 1323.0 1372.0 1326.0 1366.0 ship 0
2501.0 1838.0 2501.0 1854.0 2424.0 1852.0 2425.0 1833.0 ship 0
2321.0 1823.0 2321.0 1832.0 2276.0 1830.0 2275.0 1820.0 ship 0
2499.0 1653.0 2500.0 1669.0 2420.0 1678.0 2418.0 1658.0 ship 0
2033.0 1510.0 2028.0 1519.0 1987.0 1502.0 1991.0 1491.0 ship 0
1947.0 4331.0 1959.0 4331.0 1959.0 4344.0 1947.0 4344.0 storage-tank 1
1905.0 4327.0 1927.0 4327.0 1927.0 4349.0 1905.0 4349.0 storage-tank 0
1890.0 4342.0 1907.0 4342.0 1907.0 4358.0 1890.0 4358.0 storage-tank 0
1897.0 4363.0 1912.0 4363.0 1912.0 4379.0 1897.0 4379.0 storage-tank 0
1908.0 4374.0 1926.0 4374.0 1926.0 4388.0 1908.0 4388.0 storage-tank 0
1935.0 4342.0 1947.0 4342.0 1947.0 4358.0 1935.0 4358.0 storage-tank 0
1949.0 4345.0 1959.0 4345.0 1959.0 4359.0 1949.0 4359.0 storage-tank 1
1945.0 4360.0 1957.0 4360.0 1957.0 4372.0 1945.0 4372.0 storage-tank 1
1933.0 4361.0 1944.0 4361.0 1944.0 4371.0 1933.0 4371.0 storage-tank 1
1934.0 4370.0 1945.0 4370.0 1945.0 4383.0 1934.0 4383.0 storage-tank 1
1933.0 4385.0 1947.0 4385.0 1947.0 4394.0 1933.0 4394.0 storage-tank 1
1945.0 4372.0 1956.0 4372.0 1956.0 4385.0 1945.0 4385.0 storage-tank 1
1948.0 4385.0 1959.0 4385.0 1959.0 4397.0 1948.0 4397.0 storage-tank 1
904.0 3299.0 905.0 3309.0 861.0 3312.0 859.0 3301.0 ship 0
1092.0 1696.0 1097.0 1701.0 1094.0 1708.0 1088.0 1705.0 ship 1
1182.0 1682.0 1175.0 1679.0 1180.0 1667.0 1187.0 1669.0 ship 1
489.0 2287.0 494.0 2294.0 482.0 2305.0 476.0 2299.0 ship 1
237.0 2484.0 239.0 2490.0 226.0 2496.0 225.0 2491.0 ship 1
361.0 2468.0 357.0 2471.0 349.0 2463.0 354.0 2459.0 ship 1
420.0 2249.0 415.0 2250.0 413.0 2239.0 417.0 2237.0 ship 1
737.0 1865.0 732.0 1862.0 737.0 1852.0 742.0 1855.0 ship 1
2040.0 4303.0 2051.0 4303.0 2051.0 4315.0 2040.0 4315.0 storage-tank 1
2030.0 4311.0 2042.0 4311.0 2042.0 4322.0 2030.0 4322.0 storage-tank 1
2021.0 4318.0 2034.0 4318.0 2034.0 4330.0 2021.0 4330.0 storage-tank 1
3064.0 3391.0 3062.0 3406.0 2979.0 3392.0 2984.0 3374.0 ship 0
2139.0 1465.0 2130.0 1467.0 2127.0 1454.0 2136.0 1452.0 ship 1
2439.0 1141.0 2422.0 1154.0 2340.0 1053.0 2360.0 1035.0 ship 0
2096.0 206.0 2084.0 205.0 2087.0 160.0 2098.0 160.0 ship 0
2519.0 74.0 2520.0 83.0 2478.0 84.0 2478.0 74.0 ship 0
2637.0 441.0 2634.0 454.0 2553.0 442.0 2557.0 426.0 ship 0
2995.0 352.0 2998.0 367.0 2918.0 382.0 2916.0 365.0 ship 0
3212.0 715.0 3217.0 729.0 3123.0 759.0 3118.0 741.0 ship 0
2951.0 2457.0 2956.0 2475.0 2859.0 2496.0 2854.0 2476.0 ship 0
2722.0 2820.0 2722.0 2833.0 2651.0 2834.0 2653.0 2821.0 ship 0
3480.0 1532.0 3491.0 1542.0 3408.0 1640.0 3396.0 1629.0 ship 0
1985.0 4325.0 2004.0 4325.0 2004.0 4346.0 1985.0 4346.0 storage-tank 0
435.0 2666.0 440.0 2674.0 409.0 2699.0 402.0 2691.0 ship 1
3540.0 485.0 3552.0 487.0 3538.0 558.0 3526.0 555.0 ship 0
2011.0 4273.0 2036.0 4273.0 2036.0 4297.0 2011.0 4297.0 storage-tank 0
1986.0 4289.0 2015.0 4289.0 2015.0 4314.0 1986.0 4314.0 storage-tank 0
1963.0 4304.0 1988.0 4304.0 1988.0 4332.0 1963.0 4332.0 storage-tank 0
2001.0 4313.0 2020.0 4313.0 2020.0 4335.0 2001.0 4335.0 storage-tank 0
2043.0 4286.0 2054.0 4286.0 2054.0 4298.0 2043.0 4298.0 storage-tank 1
2034.0 4292.0 2044.0 4292.0 2044.0 4305.0 2034.0 4305.0 storage-tank 1
2024.0 4300.0 2034.0 4300.0 2034.0 4313.0 2024.0 4313.0 storage-tank 1
326.0 3462.0 331.0 3466.0 302.0 3492.0 296.0 3486.0 ship 1
