imagesource:GoogleEarth
gsd:0.591651892864
198.0 690.0 197.0 684.0 225.0 679.0 226.0 685.0 large-vehicle 1
589.0 301.0 592.0 300.0 593.0 308.0 590.0 309.0 small-vehicle 1
600.0 299.0 602.0 298.0 604.0 305.0 601.0 305.0 small-vehicle 1
570.0 339.0 572.0 338.0 575.0 345.0 572.0 346.0 small-vehicle 1
550.0 345.0 553.0 344.0 557.0 352.0 554.0 353.0 small-vehicle 1
479.0 272.0 482.0 271.0 483.0 279.0 481.0 280.0 small-vehicle 1
557.0 245.0 560.0 243.0 562.0 252.0 559.0 253.0 small-vehicle 1
552.0 249.0 555.0 247.0 557.0 255.0 554.0 256.0 small-vehicle 1
525.0 261.0 529.0 260.0 531.0 269.0 528.0 270.0 small-vehicle 1
520.0 262.0 525.0 261.0 527.0 270.0 523.0 270.0 small-vehicle 1
513.0 265.0 516.0 264.0 519.0 272.0 515.0 273.0 small-vehicle 1
505.0 268.0 509.0 266.0 510.0 274.0 507.0 275.0 small-vehicle 1
500.0 288.0 503.0 287.0 506.0 296.0 503.0 297.0 small-vehicle 1
507.0 287.0 511.0 285.0 513.0 293.0 510.0 294.0 small-vehicle 1
522.0 299.0 526.0 298.0 528.0 305.0 524.0 306.0 small-vehicle 1
537.0 315.0 540.0 314.0 542.0 322.0 539.0 323.0 small-vehicle 1
741.0 412.0 742.0 415.0 734.0 420.0 733.0 417.0 small-vehicle 1
528.0 281.0 531.0 280.0 533.0 287.0 530.0 288.0 small-vehicle 1
533.0 280.0 536.0 279.0 537.0 287.0 534.0 287.0 small-vehicle 1
595.0 300.0 598.0 299.0 599.0 305.0 596.0 306.0 small-vehicle 1
584.0 303.0 587.0 302.0 589.0 309.0 585.0 310.0 small-vehicle 1
482.0 293.0 485.0 292.0 487.0 301.0 483.0 302.0 small-vehicle 1
579.0 305.0 583.0 304.0 584.0 310.0 580.0 311.0 small-vehicle 1
1556.0 1187.0 1629.0 1187.0 1629.0 1260.0 1556.0 1260.0 storage-tank 0
1487.0 1216.0 1557.0 1216.0 1557.0 1286.0 1487.0 1286.0 storage-tank 0
1413.0 1240.0 1487.0 1240.0 1487.0 1310.0 1413.0 1310.0 storage-tank 0
1343.0 1268.0 1414.0 1268.0 1414.0 1338.0 1343.0 1338.0 storage-tank 0
823.0 1008.0 842.0 1025.0 836.0 1031.0 817.0 1016.0 large-vehicle 1
993.0 1128.0 1011.0 1142.0 1006.0 1150.0 988.0 1136.0 large-vehicle 1
972.0 1144.0 989.0 1157.0 984.0 1164.0 968.0 1150.0 large-vehicle 1
613.0 1524.0 605.0 1521.0 610.0 1505.0 618.0 1507.0 large-vehicle 1
1865.0 1875.0 1880.0 1887.0 1875.0 1893.0 1861.0 1882.0 large-vehicle 1
1750.0 1777.0 1763.0 1790.0 1759.0 1794.0 1746.0 1783.0 large-vehicle 1
551.0 274.0 555.0 273.0 557.0 282.0 552.0 282.0 small-vehicle 1
634.0 312.0 634.0 316.0 625.0 316.0 624.0 313.0 small-vehicle 1
630.0 318.0 630.0 322.0 621.0 321.0 621.0 318.0 small-vehicle 1
596.0 329.0 600.0 329.0 600.0 336.0 597.0 336.0 small-vehicle 1
592.0 330.0 595.0 330.0 596.0 337.0 594.0 337.0 small-vehicle 1
587.0 333.0 589.0 332.0 592.0 340.0 589.0 340.0 small-vehicle 1
582.0 335.0 586.0 334.0 588.0 342.0 584.0 343.0 small-vehicle 1
478.0 294.0 482.0 293.0 482.0 302.0 479.0 302.0 small-vehicle 1
554.0 293.0 558.0 292.0 560.0 301.0 556.0 301.0 small-vehicle 1
514.0 300.0 516.0 299.0 518.0 308.0 516.0 308.0 small-vehicle 1
492.0 327.0 495.0 325.0 496.0 333.0 494.0 334.0 small-vehicle 1
523.0 358.0 526.0 357.0 529.0 364.0 526.0 365.0 small-vehicle 1
487.0 271.0 491.0 270.0 492.0 277.0 489.0 278.0 small-vehicle 1
496.0 269.0 499.0 268.0 500.0 276.0 497.0 277.0 small-vehicle 1
493.0 291.0 495.0 290.0 497.0 297.0 494.0 298.0 small-vehicle 1
538.0 279.0 541.0 278.0 542.0 286.0 539.0 286.0 small-vehicle 1
543.0 278.0 544.0 277.0 547.0 284.0 545.0 285.0 small-vehicle 1
546.0 276.0 549.0 275.0 551.0 281.0 549.0 282.0 small-vehicle 1
604.0 326.0 607.0 325.0 609.0 332.0 606.0 333.0 small-vehicle 1
613.0 322.0 615.0 320.0 618.0 327.0 616.0 327.0 small-vehicle 1
603.0 278.0 606.0 278.0 608.0 285.0 605.0 286.0 small-vehicle 1
595.0 281.0 599.0 279.0 601.0 287.0 597.0 288.0 small-vehicle 1
589.0 283.0 593.0 281.0 596.0 289.0 592.0 290.0 small-vehicle 1
545.0 313.0 549.0 312.0 551.0 319.0 547.0 320.0 small-vehicle 1
561.0 327.0 564.0 326.0 566.0 333.0 563.0 334.0 small-vehicle 1
536.0 333.0 538.0 332.0 541.0 338.0 538.0 339.0 small-vehicle 1
505.0 303.0 507.0 302.0 508.0 310.0 507.0 310.0 small-vehicle 1
509.0 301.0 511.0 301.0 512.0 308.0 510.0 309.0 small-vehicle 1
497.0 325.0 499.0 324.0 501.0 332.0 498.0 333.0 small-vehicle 1
487.0 327.0 491.0 326.0 492.0 335.0 489.0 336.0 small-vehicle 1
578.0 252.0 581.0 251.0 582.0 260.0 578.0 261.0 small-vehicle 1
709.0 311.0 714.0 312.0 713.0 322.0 708.0 322.0 small-vehicle 1
583.0 252.0 587.0 251.0 588.0 260.0 584.0 261.0 small-vehicle 1
590.0 255.0 593.0 255.0 594.0 264.0 590.0 264.0 small-vehicle 1
564.0 291.0 567.0 291.0 568.0 300.0 565.0 300.0 small-vehicle 1
499.0 359.0 503.0 357.0 503.0 367.0 500.0 367.0 small-vehicle 1
505.0 361.0 509.0 361.0 510.0 368.0 507.0 369.0 small-vehicle 1
432.0 692.0 433.0 688.0 441.0 690.0 440.0 694.0 small-vehicle 1
298.0 686.0 297.0 682.0 307.0 681.0 308.0 685.0 small-vehicle 1
314.0 676.0 314.0 672.0 324.0 672.0 324.0 676.0 small-vehicle 1
353.0 690.0 353.0 687.0 364.0 687.0 364.0 691.0 small-vehicle 1
477.0 712.0 478.0 710.0 486.0 715.0 485.0 717.0 small-vehicle 1
633.0 855.0 636.0 851.0 645.0 859.0 642.0 863.0 small-vehicle 1
939.0 1115.0 942.0 1113.0 951.0 1119.0 949.0 1122.0 small-vehicle 1
922.0 1083.0 925.0 1080.0 931.0 1086.0 928.0 1088.0 small-vehicle 1
1025.0 1169.0 1028.0 1164.0 1035.0 1171.0 1031.0 1173.0 small-vehicle 1
798.0 1186.0 796.0 1182.0 805.0 1176.0 807.0 1179.0 small-vehicle 1
884.0 1121.0 886.0 1126.0 878.0 1129.0 876.0 1125.0 small-vehicle 1
605.0 253.0 609.0 252.0 609.0 260.0 606.0 261.0 small-vehicle 1
1515.0 1290.0 1588.0 1290.0 1588.0 1356.0 1515.0 1356.0 storage-tank 0
