imagesource:GoogleEarth
gsd:1.08438150715
52.0 281.0 48.0 272.0 92.0 257.0 95.0 266.0 ship 0
50.0 270.0 46.0 262.0 91.0 248.0 93.0 256.0 ship 0
244.0 160.0 242.0 151.0 285.0 140.0 288.0 147.0 ship 0
455.0 92.0 450.0 85.0 492.0 67.0 495.0 74.0 ship 0
447.0 86.0 443.0 77.0 486.0 57.0 490.0 65.0 ship 0
444.0 76.0 439.0 67.0 484.0 47.0 487.0 58.0 ship 0
438.0 66.0 435.0 58.0 478.0 39.0 481.0 48.0 ship 0
434.0 57.0 430.0 48.0 474.0 30.0 477.0 39.0 ship 0
429.0 48.0 424.0 40.0 469.0 21.0 473.0 29.0 ship 0
