imagesource:GoogleEarth
gsd:1.08428887054
24.0 477.0 21.0 470.0 52.0 460.0 54.0 467.0 ship 1
543.0 114.0 540.0 107.0 577.0 95.0 579.0 100.0 ship 0
216.0 161.0 214.0 153.0 260.0 140.0 262.0 148.0 ship 0
81.0 292.0 78.0 286.0 112.0 270.0 114.0 276.0 ship 0
85.0 300.0 81.0 293.0 116.0 277.0 119.0 283.0 ship 0
285.0 257.0 276.0 255.0 283.0 216.0 293.0 217.0 ship 1
237.0 249.0 233.0 243.0 269.0 224.0 272.0 231.0 ship 0
438.0 100.0 445.0 96.0 472.0 131.0 465.0 136.0 ship 0
550.0 95.0 546.0 91.0 579.0 68.0 583.0 74.0 ship 0
540.0 106.0 538.0 100.0 575.0 88.0 578.0 93.0 ship 0
545.0 120.0 543.0 115.0 579.0 102.0 581.0 108.0 ship 0
28.0 486.0 25.0 479.0 55.0 469.0 59.0 476.0 ship 1
457.0 246.0 464.0 245.0 464.0 270.0 457.0 270.0 ship 1
465.0 247.0 470.0 245.0 472.0 269.0 465.0 270.0 ship 1
472.0 245.0 477.0 244.0 477.0 269.0 473.0 270.0 ship 1
477.0 236.0 485.0 234.0 486.0 269.0 480.0 268.0 ship 1
487.0 246.0 492.0 246.0 495.0 273.0 488.0 274.0 ship 1
12.0 517.0 8.0 510.0 35.0 499.0 39.0 507.0 ship 1
72.0 491.0 76.0 497.0 48.0 509.0 44.0 504.0 ship 1
30.0 494.0 27.0 488.0 56.0 478.0 59.0 485.0 ship 1
375.0 96.0 371.0 90.0 409.0 72.0 413.0 77.0 ship 0
