imagesource:GoogleEarth
gsd:1.08425144634
672.0 538.0 668.0 532.0 701.0 512.0 705.0 519.0 ship 0
470.0 186.0 469.0 179.0 509.0 170.0 510.0 178.0 ship 0
241.0 117.0 239.0 111.0 276.0 101.0 278.0 109.0 ship 0
244.0 124.0 243.0 118.0 278.0 109.0 279.0 116.0 ship 0
244.0 133.0 242.0 127.0 278.0 116.0 280.0 124.0 ship 0
402.0 109.0 399.0 104.0 442.0 91.0 444.0 98.0 ship 1
557.0 47.0 555.0 39.0 592.0 29.0 595.0 35.0 ship 0
596.0 103.0 594.0 95.0 634.0 85.0 636.0 93.0 ship 0
469.0 179.0 467.0 172.0 508.0 163.0 510.0 170.0 ship 0
471.0 193.0 470.0 187.0 510.0 178.0 510.0 185.0 ship 1
675.0 545.0 671.0 539.0 706.0 518.0 710.0 526.0 ship 0
204.0 329.0 201.0 323.0 238.0 302.0 241.0 308.0 ship 1
206.0 337.0 202.0 331.0 238.0 309.0 242.0 315.0 ship 1
211.0 344.0 208.0 338.0 242.0 317.0 246.0 323.0 ship 1
113.0 461.0 108.0 453.0 145.0 434.0 149.0 441.0 ship 1
571.0 458.0 570.0 451.0 607.0 446.0 609.0 454.0 ship 1
664.0 523.0 660.0 517.0 694.0 497.0 698.0 504.0 ship 0
666.0 532.0 662.0 525.0 698.0 506.0 701.0 512.0 ship 0
239.0 110.0 237.0 105.0 274.0 94.0 277.0 101.0 ship 0
