imagesource:GoogleEarth
gsd:1.11584434744
430.0 483.0 426.0 481.0 446.0 445.0 451.0 448.0 ship 1
296.0 587.0 292.0 585.0 310.0 552.0 315.0 553.0 ship 0
566.0 139.0 564.0 145.0 523.0 138.0 524.0 131.0 ship 0
563.0 147.0 561.0 151.0 521.0 144.0 521.0 139.0 ship 0
560.0 153.0 558.0 160.0 521.0 153.0 522.0 145.0 ship 0
554.0 161.0 552.0 166.0 517.0 161.0 519.0 154.0 ship 1
555.0 169.0 555.0 175.0 521.0 171.0 521.0 165.0 ship 0
560.0 177.0 559.0 182.0 518.0 179.0 519.0 172.0 ship 0
558.0 183.0 558.0 188.0 518.0 187.0 518.0 182.0 ship 0
516.0 190.0 509.0 190.0 507.0 153.0 515.0 152.0 ship 1
555.0 190.0 555.0 196.0 515.0 197.0 515.0 191.0 ship 0
463.0 401.0 459.0 395.0 491.0 375.0 496.0 382.0 ship 1
440.0 442.0 446.0 445.0 425.0 477.0 420.0 474.0 ship 0
300.0 546.0 308.0 549.0 292.0 584.0 283.0 580.0 ship 0
531.0 248.0 537.0 249.0 533.0 278.0 525.0 277.0 ship 1
247.0 513.0 251.0 508.0 291.0 531.0 287.0 537.0 ship 0
245.0 520.0 248.0 514.0 286.0 536.0 283.0 541.0 ship 0
234.0 522.0 236.0 517.0 273.0 538.0 271.0 542.0 ship 0
231.0 526.0 233.0 522.0 268.0 540.0 266.0 544.0 ship 0
226.0 531.0 228.0 526.0 266.0 546.0 263.0 551.0 ship 0
223.0 538.0 227.0 533.0 264.0 553.0 261.0 559.0 ship 0
222.0 544.0 225.0 540.0 260.0 559.0 256.0 564.0 ship 0
221.0 552.0 225.0 546.0 262.0 569.0 258.0 573.0 ship 0
218.0 559.0 222.0 554.0 257.0 574.0 252.0 580.0 ship 0
235.0 690.0 240.0 696.0 212.0 723.0 207.0 717.0 ship 0
220.0 730.0 214.0 725.0 241.0 696.0 246.0 701.0 ship 0
568.0 133.0 566.0 138.0 526.0 130.0 527.0 125.0 ship 0
