imagesource:GoogleEarth
gsd:1.11520247711
200.0 219.0 195.0 215.0 221.0 183.0 226.0 190.0 ship 1
160.0 326.0 156.0 323.0 175.0 290.0 179.0 293.0 ship 1
153.0 324.0 148.0 321.0 168.0 288.0 173.0 291.0 ship 1
146.0 319.0 141.0 317.0 161.0 285.0 166.0 289.0 ship 1
188.0 252.0 195.0 253.0 183.0 290.0 177.0 288.0 ship 1
181.0 249.0 187.0 250.0 175.0 288.0 169.0 287.0 ship 1
175.0 247.0 180.0 248.0 168.0 286.0 162.0 283.0 ship 1
230.0 183.0 235.0 179.0 263.0 207.0 258.0 212.0 ship 1
232.0 174.0 236.0 169.0 265.0 198.0 261.0 202.0 ship 1
231.0 165.0 235.0 159.0 266.0 185.0 262.0 189.0 ship 1
239.0 151.0 246.0 146.0 274.0 178.0 268.0 183.0 ship 0
277.0 124.0 276.0 116.0 308.0 107.0 310.0 112.0 ship 0
304.0 80.0 309.0 86.0 286.0 112.0 279.0 107.0 ship 1
304.0 78.0 308.0 72.0 340.0 99.0 335.0 103.0 ship 1
311.0 74.0 315.0 68.0 343.0 90.0 338.0 95.0 ship 1
