imagesource:GoogleEarth
gsd:0.561037387484
2740.0 125.0 2745.0 123.0 2757.0 154.0 2752.0 155.0 bridge 0
1937.0 1915.0 2076.0 1876.0 2103.0 1973.0 1963.0 2011.0 ground-track-field 0
298.0 1815.0 462.0 1790.0 474.0 1853.0 307.0 1880.0 ground-track-field 0
2453.0 1637.0 2473.0 1632.0 2484.0 1676.0 2465.0 1679.0 tennis-court 0
2484.0 1628.0 2502.0 1625.0 2513.0 1665.0 2496.0 1669.0 tennis-court 0
2513.0 1622.0 2530.0 1617.0 2541.0 1655.0 2524.0 1660.0 tennis-court 0
2542.0 1613.0 2557.0 1607.0 2570.0 1647.0 2554.0 1653.0 tennis-court 0
76.0 1414.0 213.0 1360.0 235.0 1419.0 96.0 1474.0 ground-track-field 0
154.0 1395.0 194.0 1378.0 204.0 1401.0 162.0 1418.0 basketball-court 0
116.0 1434.0 162.0 1416.0 170.0 1442.0 125.0 1461.0 basketball-court 0
165.0 1418.0 207.0 1402.0 214.0 1427.0 172.0 1446.0 basketball-court 0
346.0 1823.0 373.0 1816.0 384.0 1861.0 355.0 1867.0 basketball-court 0
390.0 1814.0 416.0 1807.0 428.0 1857.0 400.0 1865.0 basketball-court 0
1964.0 1930.0 1991.0 1923.0 2005.0 1973.0 1978.0 1981.0 basketball-court 0
2710.0 38.0 2715.0 35.0 2730.0 71.0 2724.0 73.0 bridge 0
1990.0 1919.0 2032.0 1909.0 2037.0 1930.0 1996.0 1941.0 basketball-court 0
2001.0 1952.0 2042.0 1943.0 2048.0 1966.0 2007.0 1978.0 basketball-court 0
2374.0 1793.0 2395.0 1787.0 2409.0 1828.0 2389.0 1835.0 tennis-court 0
2311.0 1822.0 2338.0 1815.0 2349.0 1866.0 2323.0 1872.0 basketball-court 0
2327.0 1890.0 2353.0 1885.0 2367.0 1933.0 2340.0 1942.0 basketball-court 0
2296.0 1758.0 2323.0 1749.0 2334.0 1801.0 2307.0 1808.0 basketball-court 0
2282.0 1708.0 2308.0 1702.0 2319.0 1748.0 2295.0 1754.0 basketball-court 0
2055.0 1776.0 2095.0 1766.0 2099.0 1784.0 2059.0 1797.0 tennis-court 0
2061.0 1803.0 2102.0 1791.0 2106.0 1810.0 2065.0 1821.0 tennis-court 0
2660.0 65.0 2671.0 58.0 2689.0 93.0 2675.0 97.0 bridge 0
2703.0 148.0 2714.0 143.0 2727.0 171.0 2717.0 176.0 bridge 0
2353.0 1744.0 2449.0 1717.0 2488.0 1876.0 2392.0 1900.0 ground-track-field 0
