imagesource:GoogleEarth
gsd:0.562647784615
650.0 1447.0 714.0 1447.0 714.0 1517.0 650.0 1517.0 roundabout 0
1530.0 1791.0 1604.0 1788.0 1615.0 1933.0 1528.0 1933.0 ground-track-field 0
523.0 1794.0 541.0 1793.0 540.0 1836.0 522.0 1836.0 tennis-court 0
551.0 1795.0 568.0 1796.0 568.0 1837.0 548.0 1836.0 tennis-court 0
580.0 1798.0 598.0 1797.0 595.0 1839.0 578.0 1838.0 tennis-court 0
805.0 1577.0 880.0 1582.0 878.0 1704.0 795.0 1701.0 ground-track-field 0
520.0 1716.0 545.0 1718.0 543.0 1759.0 518.0 1760.0 basketball-court 0
556.0 1715.0 587.0 1717.0 584.0 1760.0 556.0 1759.0 basketball-court 0
594.0 1718.0 623.0 1720.0 622.0 1763.0 593.0 1762.0 basketball-court 0
1880.0 1229.0 2025.0 1270.0 2015.0 1342.0 1866.0 1298.0 ground-track-field 0
575.0 1447.0 641.0 1447.0 641.0 1512.0 575.0 1512.0 roundabout 0
2257.0 1873.0 2323.0 1902.0 2274.0 2019.0 2202.0 1992.0 ground-track-field 0
2102.0 1399.0 2255.0 1444.0 2235.0 1529.0 2080.0 1484.0 ground-track-field 0
1703.0 363.0 1720.0 389.0 1683.0 422.0 1657.0 395.0 basketball-court 0
1753.0 397.0 1772.0 422.0 1732.0 458.0 1710.0 429.0 basketball-court 0
574.0 1378.0 628.0 1378.0 628.0 1433.0 574.0 1433.0 storage-tank 0
462.0 1712.0 462.0 1781.0 395.0 1779.0 395.0 1704.0 baseball-diamond 0
652.0 1371.0 714.0 1371.0 714.0 1433.0 652.0 1433.0 roundabout 0
2474.0 951.0 2476.0 1122.0 2437.0 1249.0 2382.0 1232.0 bridge 0
