imagesource:GoogleEarth
gsd:0.279847761417
1496.0 768.0 1505.0 763.0 1520.0 790.0 1512.0 795.0 large-vehicle 1
1506.0 765.0 1514.0 760.0 1536.0 796.0 1528.0 801.0 large-vehicle 1
1467.0 807.0 1464.0 797.0 1483.0 790.0 1487.0 799.0 small-vehicle 1
1462.0 780.0 1460.0 772.0 1478.0 766.0 1481.0 773.0 small-vehicle 1
1020.0 927.0 1025.0 921.0 1038.0 937.0 1031.0 941.0 small-vehicle 1
985.0 878.0 990.0 875.0 1000.0 891.0 995.0 895.0 small-vehicle 1
1135.0 936.0 1141.0 932.0 1150.0 947.0 1143.0 951.0 small-vehicle 1
1143.0 923.0 1148.0 918.0 1157.0 931.0 1151.0 935.0 small-vehicle 1
1095.0 865.0 1101.0 861.0 1108.0 876.0 1101.0 879.0 small-vehicle 1
1063.0 787.0 1069.0 783.0 1077.0 797.0 1071.0 802.0 small-vehicle 1
1039.0 771.0 1044.0 766.0 1053.0 782.0 1047.0 786.0 small-vehicle 1
979.0 720.0 975.0 715.0 986.0 707.0 991.0 713.0 small-vehicle 1
973.0 713.0 969.0 707.0 982.0 699.0 986.0 705.0 small-vehicle 1
961.0 697.0 958.0 689.0 973.0 683.0 977.0 691.0 small-vehicle 1
887.0 702.0 893.0 698.0 902.0 714.0 896.0 717.0 small-vehicle 1
943.0 580.0 949.0 577.0 958.0 593.0 952.0 596.0 small-vehicle 1
931.0 583.0 938.0 579.0 946.0 596.0 940.0 599.0 small-vehicle 1
785.0 500.0 792.0 496.0 802.0 513.0 794.0 516.0 small-vehicle 1
886.0 467.0 894.0 464.0 900.0 479.0 894.0 482.0 small-vehicle 1
860.0 442.0 866.0 439.0 875.0 454.0 868.0 458.0 small-vehicle 1
678.0 119.0 683.0 114.0 693.0 131.0 687.0 134.0 small-vehicle 1
814.0 330.0 821.0 327.0 831.0 343.0 823.0 348.0 small-vehicle 1
795.0 320.0 801.0 316.0 811.0 333.0 805.0 336.0 small-vehicle 1
756.0 257.0 761.0 253.0 770.0 268.0 765.0 272.0 small-vehicle 1
682.0 299.0 689.0 294.0 698.0 309.0 692.0 315.0 small-vehicle 1
662.0 243.0 667.0 240.0 677.0 252.0 672.0 257.0 small-vehicle 1
629.0 194.0 635.0 190.0 647.0 206.0 642.0 209.0 small-vehicle 1
590.0 146.0 595.0 141.0 605.0 155.0 600.0 158.0 small-vehicle 1
543.0 49.0 548.0 45.0 557.0 61.0 553.0 63.0 small-vehicle 1
523.0 33.0 527.0 30.0 535.0 42.0 531.0 45.0 small-vehicle 1
606.0 17.0 612.0 13.0 620.0 26.0 614.0 29.0 small-vehicle 1
1381.0 979.0 1377.0 971.0 1390.0 963.0 1394.0 970.0 small-vehicle 1
1322.0 1006.0 1318.0 998.0 1332.0 991.0 1336.0 999.0 small-vehicle 1
1283.0 1022.0 1280.0 1015.0 1296.0 1008.0 1299.0 1015.0 small-vehicle 1
1509.0 1852.0 1514.0 1848.0 1524.0 1865.0 1518.0 1867.0 small-vehicle 1
1514.0 759.0 1521.0 754.0 1543.0 789.0 1535.0 794.0 large-vehicle 1
1525.0 754.0 1533.0 749.0 1552.0 782.0 1545.0 787.0 large-vehicle 1
1535.0 749.0 1542.0 744.0 1560.0 773.0 1551.0 778.0 large-vehicle 1
1550.0 750.0 1558.0 746.0 1572.0 768.0 1564.0 773.0 small-vehicle 1
1562.0 751.0 1569.0 746.0 1581.0 766.0 1574.0 771.0 small-vehicle 1
1594.0 779.0 1601.0 775.0 1609.0 790.0 1603.0 794.0 small-vehicle 1
1603.0 774.0 1610.0 771.0 1618.0 785.0 1610.0 789.0 small-vehicle 1
1613.0 767.0 1618.0 764.0 1626.0 777.0 1622.0 781.0 small-vehicle 1
1413.0 1396.0 1420.0 1391.0 1429.0 1405.0 1422.0 1409.0 small-vehicle 1
1416.0 1430.0 1422.0 1426.0 1430.0 1438.0 1425.0 1443.0 small-vehicle 1
1610.0 1746.0 1616.0 1741.0 1625.0 1758.0 1619.0 1761.0 small-vehicle 1
1600.0 1751.0 1605.0 1748.0 1613.0 1764.0 1608.0 1767.0 small-vehicle 1
1525.0 1856.0 1530.0 1852.0 1540.0 1868.0 1533.0 1871.0 small-vehicle 1
1487.0 1780.0 1493.0 1775.0 1504.0 1796.0 1497.0 1799.0 small-vehicle 1
1066.0 1018.0 1071.0 1012.0 1083.0 1028.0 1076.0 1033.0 small-vehicle 1
1539.0 1645.0 1548.0 1642.0 1556.0 1658.0 1549.0 1662.0 small-vehicle 1
1436.0 1685.0 1441.0 1682.0 1451.0 1696.0 1445.0 1699.0 small-vehicle 1
1379.0 1599.0 1384.0 1597.0 1391.0 1610.0 1388.0 1613.0 small-vehicle 1
1363.0 1570.0 1368.0 1565.0 1378.0 1582.0 1372.0 1587.0 small-vehicle 1
1352.0 1526.0 1357.0 1522.0 1367.0 1538.0 1362.0 1541.0 small-vehicle 1
1335.0 1519.0 1341.0 1516.0 1350.0 1530.0 1345.0 1532.0 small-vehicle 1
1294.0 1441.0 1299.0 1437.0 1310.0 1451.0 1305.0 1456.0 small-vehicle 1
1294.0 1416.0 1301.0 1412.0 1310.0 1429.0 1304.0 1433.0 small-vehicle 1
1253.0 1369.0 1261.0 1364.0 1271.0 1380.0 1264.0 1385.0 small-vehicle 1
1326.0 1264.0 1332.0 1259.0 1342.0 1276.0 1336.0 1280.0 small-vehicle 1
1112.0 1104.0 1118.0 1099.0 1128.0 1116.0 1122.0 1120.0 small-vehicle 1
1244.0 1125.0 1251.0 1122.0 1258.0 1136.0 1252.0 1140.0 small-vehicle 1
1200.0 1049.0 1208.0 1045.0 1216.0 1060.0 1209.0 1064.0 small-vehicle 1
1430.0 1467.0 1460.0 1454.0 1700.0 1860.0 1667.0 1880.0 bridge 0
