imagesource:GoogleEarth
gsd:0.521405268176
1730.0 601.0 1795.0 550.0 1825.0 589.0 1755.0 640.0 soccer-ball-field 0
1634.0 724.0 1658.0 719.0 1666.0 764.0 1641.0 769.0 tennis-court 0
1157.0 578.0 1457.0 614.0 1408.0 1037.0 1105.0 977.0 ground-track-field 0
1198.0 636.0 1384.0 659.0 1343.0 985.0 1148.0 955.0 ground-track-field 0
1401.0 571.0 1663.0 400.0 1770.0 546.0 1489.0 721.0 ground-track-field 0
1461.0 565.0 1645.0 449.0 1721.0 559.0 1545.0 679.0 soccer-ball-field 0
707.0 1590.0 756.0 1579.0 788.0 1804.0 743.0 1804.0 bridge 0
1571.0 1276.0 1618.0 1286.0 1604.0 1344.0 1556.0 1336.0 soccer-ball-field 0
1273.0 1249.0 1392.0 1270.0 1375.0 1345.0 1254.0 1315.0 ground-track-field 0
1712.0 666.0 1736.0 660.0 1744.0 709.0 1722.0 713.0 tennis-court 0
1745.0 659.0 1768.0 655.0 1777.0 701.0 1755.0 706.0 tennis-court 0
1785.0 652.0 1810.0 648.0 1819.0 697.0 1794.0 701.0 tennis-court 0
1818.0 648.0 1842.0 642.0 1851.0 692.0 1828.0 696.0 tennis-court 0
1726.0 748.0 1750.0 741.0 1757.0 790.0 1736.0 793.0 tennis-court 0
1756.0 741.0 1788.0 736.0 1794.0 786.0 1768.0 790.0 tennis-court 0
1799.0 735.0 1826.0 730.0 1834.0 780.0 1808.0 781.0 tennis-court 0
1834.0 730.0 1857.0 726.0 1866.0 774.0 1842.0 778.0 tennis-court 0
1223.0 692.0 1352.0 709.0 1324.0 934.0 1189.0 904.0 soccer-ball-field 0
