imagesource:GoogleEarth
gsd:0.524574850952
161.0 748.0 519.0 764.0 482.0 1208.0 127.0 1166.0 ground-track-field 0
1355.0 1566.0 1421.0 1534.0 1440.0 1574.0 1375.0 1596.0 soccer-ball-field 0
252.0 824.0 442.0 847.0 403.0 1156.0 218.0 1136.0 ground-track-field 0
792.0 828.0 855.0 804.0 880.0 880.0 816.0 904.0 tennis-court 0
764.0 753.0 817.0 729.0 835.0 774.0 784.0 796.0 tennis-court 0
662.0 590.0 750.0 557.0 818.0 724.0 730.0 761.0 ground-track-field 0
526.0 728.0 645.0 664.0 734.0 852.0 608.0 912.0 soccer-ball-field 0
482.0 662.0 645.0 588.0 783.0 924.0 606.0 986.0 ground-track-field 0
272.0 877.0 408.0 893.0 388.0 1095.0 241.0 1077.0 soccer-ball-field 0
