imagesource:GoogleEarth
gsd:0.88683952493
902.0 263.0 915.0 263.0 915.0 277.0 902.0 277.0 storage-tank 1
899.0 249.0 914.0 249.0 914.0 263.0 899.0 263.0 storage-tank 0
887.0 267.0 898.0 267.0 898.0 280.0 887.0 280.0 storage-tank 1
885.0 252.0 897.0 252.0 897.0 265.0 885.0 265.0 storage-tank 1
900.0 282.0 922.0 282.0 922.0 304.0 900.0 304.0 storage-tank 0
925.0 274.0 945.0 274.0 945.0 303.0 925.0 303.0 storage-tank 0
895.0 335.0 917.0 335.0 917.0 359.0 895.0 359.0 storage-tank 0
890.0 305.0 920.0 305.0 920.0 333.0 890.0 333.0 storage-tank 0
1984.0 673.0 2059.0 665.0 2074.0 782.0 1994.0 793.0 soccer-ball-field 1
1870.0 687.0 1965.0 682.0 1987.0 877.0 1890.0 883.0 ground-track-field 0
1158.0 320.0 1134.0 314.0 1175.0 114.0 1198.0 116.0 ship 0
1066.0 826.0 1435.0 730.0 1446.0 768.0 1079.0 869.0 bridge 0
1190.0 1154.0 1209.0 1144.0 1330.0 1425.0 1309.0 1432.0 harbor 0
