imagesource:GoogleEarth
gsd:0.49092835252
1077.0 1683.0 1149.0 1683.0 1149.0 1758.0 1077.0 1758.0 roundabout 0
892.0 882.0 895.0 884.0 890.0 892.0 886.0 890.0 small-vehicle 1
917.0 918.0 921.0 918.0 921.0 928.0 916.0 927.0 small-vehicle 1
916.0 912.0 920.0 915.0 915.0 923.0 910.0 921.0 small-vehicle 1
912.0 907.0 916.0 910.0 911.0 919.0 907.0 916.0 small-vehicle 1
902.0 895.0 906.0 896.0 903.0 905.0 898.0 903.0 small-vehicle 1
897.0 891.0 902.0 894.0 897.0 903.0 893.0 901.0 small-vehicle 1
895.0 887.0 899.0 889.0 894.0 898.0 890.0 896.0 small-vehicle 1
888.0 877.0 892.0 880.0 887.0 888.0 884.0 886.0 small-vehicle 1
898.0 933.0 896.0 929.0 906.0 926.0 907.0 930.0 small-vehicle 1
884.0 874.0 887.0 875.0 883.0 883.0 880.0 881.0 small-vehicle 1
880.0 870.0 883.0 872.0 879.0 880.0 875.0 878.0 small-vehicle 1
877.0 876.0 872.0 874.0 876.0 866.0 880.0 868.0 small-vehicle 1
875.0 859.0 878.0 863.0 873.0 870.0 869.0 868.0 small-vehicle 1
907.0 954.0 905.0 949.0 914.0 947.0 916.0 951.0 small-vehicle 1
904.0 947.0 904.0 942.0 915.0 941.0 915.0 945.0 small-vehicle 1
924.0 921.0 927.0 924.0 922.0 932.0 918.0 929.0 small-vehicle 1
927.0 925.0 930.0 928.0 926.0 935.0 921.0 933.0 small-vehicle 1
945.0 931.0 942.0 934.0 935.0 927.0 938.0 923.0 small-vehicle 1
936.0 920.0 933.0 923.0 926.0 916.0 929.0 913.0 small-vehicle 1
926.0 907.0 922.0 910.0 915.0 903.0 919.0 900.0 small-vehicle 1
917.0 898.0 914.0 900.0 908.0 892.0 912.0 891.0 small-vehicle 1
911.0 888.0 908.0 891.0 901.0 884.0 904.0 881.0 small-vehicle 1
879.0 841.0 877.0 845.0 868.0 842.0 870.0 838.0 small-vehicle 1
909.0 842.0 911.0 846.0 902.0 850.0 900.0 847.0 small-vehicle 1
937.0 856.0 941.0 854.0 945.0 862.0 941.0 864.0 small-vehicle 1
972.0 864.0 974.0 868.0 965.0 873.0 962.0 869.0 small-vehicle 1
966.0 856.0 969.0 860.0 960.0 866.0 957.0 862.0 small-vehicle 1
1039.0 976.0 1036.0 980.0 1029.0 972.0 1032.0 968.0 small-vehicle 1
985.0 993.0 988.0 998.0 980.0 1004.0 977.0 999.0 small-vehicle 1
1166.0 540.0 1169.0 543.0 1164.0 549.0 1160.0 547.0 small-vehicle 1
1010.0 400.0 1010.0 405.0 999.0 405.0 1000.0 399.0 small-vehicle 1
956.0 407.0 956.0 412.0 947.0 413.0 946.0 408.0 small-vehicle 1
900.0 938.0 899.0 934.0 908.0 931.0 909.0 935.0 small-vehicle 1
892.0 929.0 891.0 925.0 901.0 922.0 903.0 926.0 small-vehicle 1
835.0 438.0 834.0 434.0 842.0 432.0 843.0 435.0 small-vehicle 1
629.0 597.0 632.0 594.0 639.0 600.0 636.0 603.0 small-vehicle 1
630.0 569.0 625.0 568.0 627.0 560.0 631.0 561.0 small-vehicle 1
632.0 565.0 635.0 566.0 634.0 574.0 630.0 573.0 small-vehicle 1
638.0 572.0 640.0 575.0 637.0 581.0 633.0 579.0 small-vehicle 1
642.0 576.0 645.0 579.0 640.0 586.0 637.0 584.0 small-vehicle 1
651.0 591.0 649.0 595.0 641.0 590.0 643.0 586.0 small-vehicle 1
645.0 595.0 643.0 599.0 635.0 593.0 637.0 590.0 small-vehicle 1
628.0 598.0 623.0 596.0 628.0 587.0 631.0 589.0 small-vehicle 1
889.0 923.0 888.0 919.0 897.0 918.0 898.0 922.0 small-vehicle 1
622.0 593.0 618.0 590.0 623.0 583.0 626.0 586.0 small-vehicle 1
619.0 587.0 615.0 584.0 619.0 577.0 622.0 579.0 small-vehicle 1
615.0 581.0 610.0 578.0 615.0 571.0 619.0 573.0 small-vehicle 1
610.0 578.0 607.0 575.0 611.0 568.0 614.0 571.0 small-vehicle 1
606.0 572.0 602.0 570.0 607.0 562.0 611.0 565.0 small-vehicle 1
602.0 568.0 596.0 566.0 600.0 557.0 605.0 559.0 small-vehicle 1
624.0 554.0 628.0 555.0 624.0 564.0 621.0 562.0 small-vehicle 1
620.0 563.0 616.0 563.0 617.0 553.0 621.0 553.0 small-vehicle 1
610.0 552.0 614.0 552.0 614.0 562.0 609.0 561.0 small-vehicle 1
885.0 788.0 887.0 792.0 877.0 796.0 875.0 792.0 small-vehicle 1
838.0 848.0 841.0 844.0 849.0 849.0 846.0 852.0 small-vehicle 1
834.0 852.0 836.0 849.0 844.0 853.0 843.0 856.0 small-vehicle 1
829.0 855.0 831.0 851.0 839.0 856.0 838.0 859.0 small-vehicle 1
825.0 861.0 827.0 856.0 837.0 860.0 835.0 864.0 small-vehicle 1
855.0 865.0 857.0 868.0 848.0 871.0 846.0 867.0 small-vehicle 1
859.0 869.0 860.0 874.0 851.0 876.0 850.0 872.0 small-vehicle 1
862.0 875.0 863.0 879.0 853.0 882.0 851.0 878.0 small-vehicle 1
864.0 879.0 865.0 882.0 856.0 885.0 855.0 882.0 small-vehicle 1
863.0 889.0 861.0 885.0 871.0 883.0 872.0 887.0 small-vehicle 1
866.0 893.0 865.0 889.0 875.0 887.0 875.0 892.0 small-vehicle 1
869.0 898.0 868.0 894.0 877.0 893.0 878.0 898.0 small-vehicle 1
876.0 906.0 874.0 902.0 883.0 899.0 885.0 903.0 small-vehicle 1
878.0 911.0 877.0 907.0 888.0 905.0 889.0 910.0 small-vehicle 1
924.0 410.0 925.0 415.0 916.0 417.0 915.0 412.0 small-vehicle 1
806.0 449.0 804.0 445.0 815.0 441.0 816.0 446.0 small-vehicle 1
381.0 2046.0 378.0 2042.0 387.0 2037.0 390.0 2041.0 small-vehicle 1
376.0 2116.0 378.0 2120.0 371.0 2125.0 369.0 2120.0 small-vehicle 1
365.0 2119.0 368.0 2123.0 360.0 2128.0 357.0 2124.0 small-vehicle 1
387.0 2135.0 390.0 2140.0 382.0 2143.0 380.0 2140.0 small-vehicle 1
384.0 2131.0 387.0 2136.0 379.0 2139.0 377.0 2136.0 small-vehicle 1
382.0 2129.0 383.0 2132.0 376.0 2136.0 374.0 2133.0 small-vehicle 1
381.0 2124.0 383.0 2129.0 375.0 2132.0 373.0 2128.0 small-vehicle 1
379.0 2120.0 381.0 2124.0 373.0 2129.0 371.0 2125.0 small-vehicle 1
374.0 2113.0 376.0 2117.0 369.0 2120.0 366.0 2116.0 small-vehicle 1
308.0 2073.0 309.0 2077.0 301.0 2080.0 299.0 2076.0 small-vehicle 1
373.0 2109.0 374.0 2113.0 366.0 2116.0 364.0 2112.0 small-vehicle 1
385.0 2114.0 388.0 2118.0 381.0 2123.0 378.0 2119.0 small-vehicle 1
383.0 2110.0 385.0 2114.0 378.0 2118.0 376.0 2114.0 small-vehicle 1
325.0 2068.0 328.0 2073.0 319.0 2078.0 317.0 2073.0 small-vehicle 1
296.0 2083.0 298.0 2088.0 290.0 2091.0 288.0 2087.0 small-vehicle 1
358.0 2080.0 354.0 2083.0 348.0 2073.0 353.0 2071.0 small-vehicle 1
1350.0 2131.0 1362.0 2124.0 1368.0 2132.0 1355.0 2140.0 swimming-pool 1
1167.0 1612.0 1164.0 1609.0 1172.0 1603.0 1174.0 1607.0 small-vehicle 1
1450.0 940.0 1446.0 936.0 1456.0 929.0 1460.0 934.0 small-vehicle 1
370.0 2125.0 372.0 2129.0 365.0 2134.0 363.0 2130.0 small-vehicle 1
356.0 2119.0 358.0 2123.0 350.0 2128.0 348.0 2124.0 small-vehicle 1
358.0 2124.0 360.0 2127.0 353.0 2131.0 351.0 2128.0 small-vehicle 1
360.0 2127.0 362.0 2131.0 355.0 2135.0 353.0 2131.0 small-vehicle 1
346.0 2125.0 349.0 2130.0 341.0 2133.0 338.0 2129.0 small-vehicle 1
348.0 2130.0 351.0 2133.0 343.0 2137.0 341.0 2134.0 small-vehicle 1
352.0 2133.0 354.0 2137.0 346.0 2140.0 344.0 2137.0 small-vehicle 1
364.0 2134.0 366.0 2138.0 358.0 2142.0 356.0 2138.0 small-vehicle 1
362.0 2130.0 364.0 2135.0 357.0 2138.0 354.0 2134.0 small-vehicle 1
373.0 2132.0 376.0 2137.0 368.0 2141.0 366.0 2137.0 small-vehicle 1
375.0 2137.0 378.0 2140.0 371.0 2144.0 368.0 2141.0 small-vehicle 1
354.0 2136.0 356.0 2140.0 348.0 2144.0 345.0 2141.0 small-vehicle 1
339.0 2131.0 342.0 2136.0 335.0 2139.0 332.0 2135.0 small-vehicle 1
343.0 2137.0 345.0 2140.0 338.0 2145.0 335.0 2141.0 small-vehicle 1
317.0 2069.0 319.0 2074.0 310.0 2077.0 308.0 2072.0 small-vehicle 1
214.0 2137.0 216.0 2142.0 207.0 2145.0 205.0 2141.0 small-vehicle 1
525.0 559.0 526.0 563.0 516.0 566.0 514.0 563.0 small-vehicle 1
1170.0 1669.0 1173.0 1672.0 1165.0 1678.0 1162.0 1675.0 small-vehicle 1
216.0 2116.0 217.0 2119.0 208.0 2122.0 208.0 2118.0 small-vehicle 1
215.0 2110.0 216.0 2115.0 207.0 2118.0 206.0 2113.0 small-vehicle 1
214.0 2107.0 215.0 2111.0 206.0 2113.0 205.0 2109.0 small-vehicle 1
204.0 2109.0 206.0 2114.0 198.0 2116.0 196.0 2112.0 small-vehicle 1
1235.0 1608.0 1232.0 1611.0 1225.0 1603.0 1229.0 1601.0 small-vehicle 1
1164.0 1606.0 1160.0 1602.0 1167.0 1597.0 1170.0 1601.0 small-vehicle 1
405.0 1869.0 404.0 1873.0 395.0 1873.0 395.0 1868.0 small-vehicle 1
213.0 2133.0 214.0 2137.0 205.0 2141.0 203.0 2137.0 small-vehicle 1
169.0 1401.0 166.0 1398.0 173.0 1393.0 176.0 1397.0 small-vehicle 1
140.0 1402.0 138.0 1398.0 147.0 1392.0 149.0 1395.0 small-vehicle 1
305.0 868.0 306.0 872.0 297.0 873.0 296.0 869.0 small-vehicle 1
37.0 700.0 37.0 696.0 46.0 693.0 47.0 697.0 small-vehicle 1
97.0 685.0 97.0 690.0 88.0 692.0 87.0 687.0 small-vehicle 1
226.0 646.0 227.0 650.0 219.0 654.0 217.0 649.0 small-vehicle 1
206.0 2114.0 207.0 2118.0 199.0 2120.0 198.0 2117.0 small-vehicle 1
207.0 2118.0 208.0 2122.0 199.0 2125.0 199.0 2120.0 small-vehicle 1
196.0 2111.0 197.0 2117.0 189.0 2119.0 187.0 2115.0 small-vehicle 1
197.0 2116.0 199.0 2121.0 190.0 2123.0 189.0 2119.0 small-vehicle 1
199.0 2121.0 199.0 2125.0 190.0 2128.0 189.0 2124.0 small-vehicle 1
186.0 2114.0 188.0 2119.0 179.0 2121.0 178.0 2117.0 small-vehicle 1
217.0 2119.0 218.0 2123.0 210.0 2126.0 208.0 2122.0 small-vehicle 1
218.0 2123.0 220.0 2127.0 211.0 2129.0 209.0 2126.0 small-vehicle 1
220.0 2127.0 221.0 2131.0 213.0 2133.0 211.0 2129.0 small-vehicle 1
221.0 2131.0 223.0 2134.0 215.0 2137.0 213.0 2134.0 small-vehicle 1
223.0 2135.0 224.0 2139.0 216.0 2141.0 214.0 2138.0 small-vehicle 1
199.0 2124.0 200.0 2129.0 191.0 2132.0 190.0 2128.0 small-vehicle 1
200.0 2129.0 201.0 2133.0 193.0 2136.0 192.0 2132.0 small-vehicle 1
202.0 2133.0 203.0 2137.0 194.0 2141.0 193.0 2136.0 small-vehicle 1
208.0 2122.0 209.0 2127.0 201.0 2130.0 199.0 2125.0 small-vehicle 1
209.0 2127.0 211.0 2130.0 202.0 2134.0 200.0 2130.0 small-vehicle 1
211.0 2130.0 213.0 2133.0 203.0 2138.0 202.0 2134.0 small-vehicle 1
1246.0 574.0 1268.0 452.0 1482.0 492.0 1462.0 618.0 soccer-ball-field 0
