imagesource:GoogleEarth
gsd:0.961530822634
1722.0 868.0 1749.0 868.0 1749.0 893.0 1722.0 893.0 roundabout 0
428.0 1685.0 448.0 1685.0 448.0 1705.0 428.0 1705.0 roundabout 0
1118.0 1177.0 1164.0 1177.0 1164.0 1220.0 1118.0 1220.0 roundabout 0
1063.0 687.0 1107.0 687.0 1107.0 731.0 1063.0 731.0 storage-tank 0
1129.0 660.0 1163.0 660.0 1163.0 694.0 1129.0 694.0 storage-tank 0
1110.0 618.0 1146.0 618.0 1146.0 656.0 1110.0 656.0 storage-tank 0
1048.0 616.0 1085.0 616.0 1085.0 656.0 1048.0 656.0 storage-tank 0
364.0 2055.0 371.0 2044.0 376.0 2047.0 371.0 2058.0 swimming-pool 1
170.0 2014.0 175.0 2009.0 184.0 2017.0 179.0 2022.0 swimming-pool 1
314.0 2002.0 322.0 1993.0 327.0 1997.0 321.0 2006.0 swimming-pool 1
270.0 1956.0 276.0 1950.0 281.0 1954.0 275.0 1960.0 swimming-pool 1
39.0 1184.0 47.0 1179.0 51.0 1186.0 42.0 1190.0 swimming-pool 1
1195.0 993.0 1212.0 1019.0 1199.0 1026.0 1182.0 1001.0 bridge 0
354.0 1624.0 382.0 1645.0 379.0 1651.0 350.0 1630.0 bridge 0
442.0 1007.0 502.0 1095.0 363.0 1206.0 304.0 1121.0 ground-track-field 0
