imagesource:GoogleEarth
gsd:0.957347130425
983.0 13.0 1022.0 13.0 1022.0 50.0 983.0 50.0 storage-tank 0
934.0 20.0 971.0 20.0 971.0 60.0 934.0 60.0 storage-tank 0
1105.0 762.0 1134.0 762.0 1134.0 793.0 1105.0 793.0 roundabout 0
48.0 1012.0 56.0 1009.0 59.0 1023.0 51.0 1025.0 swimming-pool 1
779.0 1694.0 813.0 1694.0 813.0 1731.0 779.0 1731.0 roundabout 0
647.0 1251.0 688.0 1251.0 688.0 1293.0 647.0 1293.0 roundabout 0
730.0 1089.0 771.0 1089.0 771.0 1130.0 730.0 1130.0 roundabout 0
685.0 920.0 701.0 920.0 701.0 935.0 685.0 935.0 roundabout 0
