imagesource:GoogleEarth
gsd:0.987945957495
1767.0 2252.0 1771.0 2253.0 1768.0 2261.0 1764.0 2260.0 large-vehicle 1
1415.0 1840.0 1413.0 1835.0 1426.0 1829.0 1428.0 1833.0 large-vehicle 1
738.0 1239.0 742.0 1239.0 744.0 1254.0 739.0 1254.0 large-vehicle 1
1039.0 2039.0 1044.0 2036.0 1051.0 2051.0 1047.0 2053.0 large-vehicle 1
162.0 1640.0 167.0 1639.0 170.0 1647.0 164.0 1649.0 swimming-pool 1
715.0 1208.0 718.0 1208.0 718.0 1212.0 716.0 1212.0 small-vehicle 1
711.0 1019.0 713.0 1019.0 714.0 1024.0 711.0 1024.0 small-vehicle 1
673.0 1015.0 671.0 1013.0 673.0 1010.0 675.0 1011.0 small-vehicle 1
580.0 1178.0 577.0 1176.0 580.0 1173.0 582.0 1174.0 small-vehicle 1
672.0 1130.0 674.0 1130.0 677.0 1133.0 675.0 1134.0 small-vehicle 1
656.0 1125.0 656.0 1122.0 661.0 1123.0 661.0 1125.0 small-vehicle 1
1788.0 2002.0 1793.0 2002.0 1793.0 2018.0 1788.0 2018.0 large-vehicle 0
1498.0 1677.0 1502.0 1680.0 1495.0 1694.0 1491.0 1693.0 large-vehicle 0
736.0 669.0 740.0 670.0 738.0 685.0 733.0 685.0 large-vehicle 0
1590.0 1611.0 1594.0 1609.0 1596.0 1621.0 1593.0 1622.0 large-vehicle 1
847.0 1632.0 850.0 1630.0 857.0 1643.0 853.0 1645.0 large-vehicle 1
1011.0 1979.0 1015.0 1977.0 1019.0 1987.0 1015.0 1989.0 large-vehicle 1
1078.0 2164.0 1074.0 2166.0 1067.0 2152.0 1071.0 2150.0 large-vehicle 0
998.0 2003.0 994.0 2004.0 985.0 1989.0 990.0 1987.0 large-vehicle 0
1014.0 1995.0 1017.0 1993.0 1025.0 2007.0 1021.0 2009.0 large-vehicle 0
732.0 1308.0 729.0 1310.0 725.0 1295.0 730.0 1294.0 large-vehicle 0
130.0 929.0 127.0 935.0 112.0 923.0 115.0 919.0 large-vehicle 0
157.0 948.0 154.0 951.0 138.0 941.0 142.0 936.0 large-vehicle 0
551.0 449.0 610.0 490.0 534.0 605.0 469.0 555.0 ground-track-field 0
514.0 339.0 569.0 382.0 492.0 489.0 434.0 447.0 ground-track-field 0
580.0 563.0 599.0 576.0 573.0 613.0 555.0 600.0 tennis-court 1
534.0 1217.0 531.0 1220.0 517.0 1211.0 520.0 1207.0 large-vehicle 1
598.0 1147.0 601.0 1149.0 592.0 1160.0 590.0 1158.0 large-vehicle 1
691.0 965.0 688.0 965.0 689.0 952.0 692.0 952.0 large-vehicle 1
717.0 839.0 720.0 839.0 720.0 853.0 716.0 854.0 large-vehicle 1
1401.0 1543.0 1403.0 1540.0 1410.0 1545.0 1408.0 1547.0 large-vehicle 1
1397.0 1552.0 1399.0 1548.0 1406.0 1554.0 1404.0 1556.0 large-vehicle 1
1394.0 1554.0 1396.0 1552.0 1404.0 1557.0 1403.0 1560.0 large-vehicle 1
1623.0 1923.0 1619.0 1921.0 1622.0 1913.0 1626.0 1914.0 large-vehicle 1
1470.0 1848.0 1472.0 1846.0 1480.0 1852.0 1477.0 1855.0 large-vehicle 1
1592.0 1892.0 1594.0 1889.0 1609.0 1900.0 1607.0 1903.0 large-vehicle 0
1614.0 2016.0 1616.0 2013.0 1631.0 2019.0 1630.0 2021.0 large-vehicle 0
1276.0 2261.0 1273.0 2264.0 1261.0 2256.0 1262.0 2253.0 large-vehicle 1
1198.0 1969.0 1200.0 1972.0 1193.0 1977.0 1191.0 1973.0 large-vehicle 1
1206.0 1962.0 1209.0 1964.0 1201.0 1970.0 1199.0 1967.0 large-vehicle 1
1222.0 1950.0 1225.0 1952.0 1214.0 1960.0 1213.0 1957.0 large-vehicle 1
1127.0 1610.0 1129.0 1607.0 1138.0 1612.0 1136.0 1615.0 large-vehicle 1
1263.0 1918.0 1266.0 1922.0 1253.0 1931.0 1250.0 1929.0 large-vehicle 0
1283.0 2200.0 1284.0 2203.0 1269.0 2209.0 1267.0 2206.0 large-vehicle 0
1316.0 2247.0 1319.0 2249.0 1314.0 2266.0 1311.0 2265.0 large-vehicle 0
1288.0 2252.0 1286.0 2255.0 1274.0 2247.0 1276.0 2244.0 large-vehicle 1
1266.0 2141.0 1269.0 2139.0 1277.0 2155.0 1274.0 2157.0 large-vehicle 0
909.0 1772.0 912.0 1770.0 918.0 1781.0 915.0 1783.0 large-vehicle 1
909.0 1825.0 906.0 1827.0 899.0 1812.0 901.0 1810.0 large-vehicle 0
920.0 1846.0 917.0 1848.0 914.0 1842.0 917.0 1839.0 large-vehicle 1
787.0 1265.0 789.0 1267.0 777.0 1284.0 774.0 1281.0 large-vehicle 1
698.0 1107.0 694.0 1107.0 692.0 1089.0 697.0 1088.0 large-vehicle 1
711.0 878.0 714.0 878.0 713.0 891.0 710.0 891.0 large-vehicle 1
421.0 509.0 437.0 497.0 464.0 533.0 447.0 546.0 tennis-court 1
