imagesource:GoogleEarth
gsd:0.486339076177
1250.0 1843.0 1247.0 1846.0 1239.0 1841.0 1242.0 1837.0 small-vehicle 1
919.0 286.0 913.0 282.0 936.0 254.0 943.0 260.0 large-vehicle 0
876.0 629.0 870.0 626.0 880.0 612.0 887.0 615.0 large-vehicle 1
794.0 420.0 788.0 414.0 799.0 402.0 805.0 408.0 large-vehicle 1
645.0 346.0 645.0 342.0 655.0 342.0 655.0 347.0 small-vehicle 1
560.0 1380.0 564.0 1382.0 559.0 1390.0 555.0 1387.0 large-vehicle 1
1039.0 719.0 1036.0 720.0 1034.0 711.0 1038.0 711.0 small-vehicle 1
680.0 1655.0 676.0 1658.0 666.0 1651.0 669.0 1645.0 large-vehicle 1
704.0 1275.0 697.0 1276.0 697.0 1259.0 703.0 1259.0 large-vehicle 0
209.0 1087.0 212.0 1081.0 242.0 1093.0 239.0 1098.0 large-vehicle 0
725.0 807.0 720.0 802.0 743.0 777.0 748.0 780.0 large-vehicle 0
613.0 929.0 609.0 924.0 632.0 901.0 637.0 906.0 large-vehicle 0
124.0 1174.0 120.0 1179.0 98.0 1165.0 102.0 1159.0 large-vehicle 0
480.0 1325.0 478.0 1330.0 466.0 1328.0 468.0 1322.0 small-vehicle 1
439.0 1154.0 441.0 1158.0 434.0 1165.0 430.0 1162.0 small-vehicle 1
563.0 997.0 559.0 993.0 565.0 987.0 569.0 991.0 small-vehicle 1
707.0 832.0 711.0 836.0 703.0 845.0 699.0 840.0 small-vehicle 1
619.0 344.0 620.0 339.0 630.0 343.0 629.0 349.0 small-vehicle 1
464.0 286.0 467.0 282.0 475.0 289.0 471.0 293.0 small-vehicle 1
616.0 411.0 703.0 411.0 703.0 492.0 616.0 492.0 roundabout 0
1244.0 1213.0 1250.0 1203.0 1275.0 1220.0 1269.0 1230.0 bridge 0
1139.0 1736.0 1289.0 1864.0 1275.0 1877.0 1122.0 1757.0 bridge 0
988.0 1601.0 1013.0 1559.0 1038.0 1575.0 1011.0 1617.0 bridge 0
903.0 482.0 906.0 486.0 899.0 493.0 896.0 490.0 small-vehicle 1
1017.0 235.0 1011.0 235.0 1010.0 216.0 1017.0 216.0 large-vehicle 0
1360.0 1978.0 1356.0 1980.0 1352.0 1972.0 1354.0 1969.0 small-vehicle 1
987.0 281.0 979.0 282.0 976.0 246.0 984.0 245.0 large-vehicle 0
919.0 590.0 915.0 586.0 921.0 579.0 924.0 581.0 small-vehicle 1
981.0 552.0 985.0 555.0 978.0 562.0 974.0 559.0 small-vehicle 1
749.0 829.0 751.0 833.0 745.0 840.0 742.0 837.0 small-vehicle 1
835.0 678.0 831.0 674.0 843.0 660.0 848.0 664.0 large-vehicle 1
857.0 461.0 863.0 461.0 864.0 493.0 858.0 493.0 large-vehicle 1
841.0 471.0 847.0 471.0 847.0 505.0 841.0 504.0 large-vehicle 1
824.0 418.0 828.0 418.0 828.0 433.0 824.0 434.0 large-vehicle 1
779.0 434.0 775.0 430.0 786.0 418.0 791.0 422.0 large-vehicle 1
949.0 1212.0 950.0 1205.0 963.0 1207.0 963.0 1213.0 small-vehicle 1
858.0 1710.0 862.0 1706.0 869.0 1715.0 865.0 1719.0 small-vehicle 1
518.0 1628.0 513.0 1628.0 512.0 1614.0 517.0 1614.0 large-vehicle 1
433.0 1308.0 431.0 1312.0 420.0 1308.0 423.0 1303.0 small-vehicle 1
248.0 1297.0 244.0 1293.0 252.0 1285.0 255.0 1288.0 small-vehicle 1
316.0 1240.0 313.0 1236.0 321.0 1227.0 324.0 1230.0 small-vehicle 1
216.0 871.0 216.0 863.0 252.0 865.0 251.0 873.0 large-vehicle 1
502.0 807.0 506.0 810.0 496.0 824.0 491.0 822.0 large-vehicle 1
1336.0 1931.0 1341.0 1929.0 1344.0 1937.0 1339.0 1939.0 small-vehicle 1
1203.0 229.0 1198.0 226.0 1203.0 218.0 1207.0 219.0 small-vehicle 1
1187.0 235.0 1183.0 234.0 1187.0 225.0 1191.0 226.0 small-vehicle 1
880.0 504.0 885.0 508.0 873.0 521.0 868.0 517.0 large-vehicle 0
917.0 360.0 909.0 362.0 909.0 327.0 914.0 327.0 large-vehicle 0
301.0 1218.0 366.0 1153.0 415.0 1198.0 344.0 1265.0 bridge 0
