imagesource:GoogleEarth
gsd:0.495729929785
1622.0 119.0 1627.0 119.0 1628.0 129.0 1622.0 129.0 small-vehicle 1
247.0 465.0 247.0 471.0 234.0 471.0 234.0 465.0 small-vehicle 1
367.0 458.0 365.0 463.0 352.0 456.0 355.0 451.0 small-vehicle 1
366.0 464.0 364.0 469.0 351.0 463.0 354.0 458.0 small-vehicle 1
361.0 471.0 362.0 476.0 349.0 478.0 349.0 472.0 small-vehicle 1
213.0 441.0 213.0 435.0 225.0 435.0 225.0 440.0 small-vehicle 1
227.0 449.0 227.0 454.0 214.0 453.0 214.0 449.0 small-vehicle 1
230.0 455.0 230.0 459.0 218.0 459.0 218.0 454.0 small-vehicle 1
249.0 447.0 248.0 453.0 231.0 453.0 231.0 447.0 small-vehicle 1
248.0 454.0 248.0 459.0 233.0 459.0 234.0 453.0 small-vehicle 1
249.0 460.0 248.0 464.0 234.0 464.0 234.0 459.0 small-vehicle 1
231.0 465.0 231.0 471.0 221.0 471.0 220.0 466.0 small-vehicle 1
371.0 458.0 369.0 454.0 378.0 451.0 380.0 455.0 small-vehicle 1
263.0 465.0 264.0 470.0 251.0 470.0 251.0 465.0 small-vehicle 1
261.0 471.0 262.0 476.0 250.0 476.0 250.0 470.0 small-vehicle 1
248.0 477.0 248.0 483.0 234.0 484.0 234.0 477.0 small-vehicle 1
264.0 476.0 264.0 482.0 250.0 482.0 251.0 477.0 small-vehicle 1
285.0 478.0 289.0 482.0 281.0 489.0 277.0 485.0 small-vehicle 1
293.0 477.0 297.0 479.0 290.0 488.0 286.0 484.0 small-vehicle 1
300.0 477.0 304.0 480.0 297.0 487.0 294.0 484.0 small-vehicle 1
307.0 477.0 311.0 481.0 306.0 488.0 301.0 485.0 small-vehicle 1
315.0 476.0 318.0 479.0 313.0 486.0 309.0 483.0 small-vehicle 1
362.0 446.0 362.0 440.0 371.0 440.0 371.0 445.0 small-vehicle 1
367.0 452.0 364.0 455.0 355.0 450.0 358.0 445.0 small-vehicle 1
343.0 446.0 348.0 446.0 349.0 456.0 344.0 457.0 small-vehicle 1
308.0 397.0 314.0 398.0 310.0 409.0 305.0 408.0 small-vehicle 1
342.0 499.0 346.0 497.0 351.0 510.0 346.0 512.0 small-vehicle 1
334.0 500.0 339.0 499.0 344.0 514.0 338.0 515.0 small-vehicle 1
409.0 492.0 411.0 496.0 406.0 500.0 404.0 496.0 small-vehicle 1
400.0 502.0 401.0 506.0 394.0 510.0 391.0 507.0 small-vehicle 1
191.0 419.0 196.0 419.0 196.0 428.0 191.0 428.0 small-vehicle 1
204.0 412.0 204.0 406.0 219.0 407.0 219.0 413.0 small-vehicle 1
233.0 411.0 233.0 406.0 247.0 406.0 247.0 411.0 small-vehicle 1
294.0 395.0 300.0 397.0 295.0 411.0 290.0 409.0 small-vehicle 1
301.0 396.0 306.0 397.0 303.0 411.0 297.0 409.0 small-vehicle 1
319.0 397.0 325.0 400.0 321.0 408.0 316.0 406.0 small-vehicle 1
358.0 441.0 357.0 445.0 346.0 440.0 349.0 436.0 small-vehicle 1
325.0 399.0 331.0 401.0 326.0 410.0 322.0 408.0 small-vehicle 1
358.0 435.0 360.0 431.0 369.0 435.0 367.0 439.0 small-vehicle 1
202.0 418.0 208.0 419.0 208.0 431.0 201.0 430.0 small-vehicle 1
208.0 416.0 213.0 416.0 213.0 431.0 208.0 430.0 small-vehicle 1
214.0 415.0 220.0 416.0 219.0 428.0 213.0 427.0 small-vehicle 1
220.0 417.0 225.0 417.0 225.0 428.0 220.0 427.0 small-vehicle 1
226.0 417.0 232.0 417.0 232.0 430.0 226.0 430.0 small-vehicle 1
233.0 413.0 238.0 413.0 239.0 426.0 234.0 426.0 small-vehicle 1
241.0 421.0 247.0 421.0 246.0 432.0 240.0 431.0 small-vehicle 1
321.0 477.0 326.0 480.0 319.0 488.0 315.0 485.0 small-vehicle 1
343.0 461.0 349.0 461.0 349.0 471.0 343.0 472.0 small-vehicle 1
348.0 499.0 353.0 496.0 357.0 507.0 353.0 509.0 small-vehicle 1
212.0 1211.0 215.0 1211.0 217.0 1219.0 214.0 1220.0 small-vehicle 1
175.0 953.0 180.0 952.0 181.0 960.0 177.0 961.0 small-vehicle 1
199.0 946.0 201.0 951.0 193.0 954.0 191.0 950.0 small-vehicle 1
563.0 929.0 559.0 926.0 565.0 919.0 568.0 922.0 small-vehicle 1
185.0 1122.0 180.0 1124.0 177.0 1115.0 181.0 1112.0 small-vehicle 1
205.0 1137.0 201.0 1139.0 197.0 1130.0 201.0 1128.0 small-vehicle 1
347.0 1144.0 348.0 1151.0 336.0 1154.0 335.0 1148.0 small-vehicle 1
354.0 1148.0 350.0 1149.0 347.0 1139.0 351.0 1139.0 small-vehicle 1
350.0 1150.0 351.0 1155.0 342.0 1157.0 341.0 1152.0 small-vehicle 1
176.0 1201.0 174.0 1197.0 185.0 1193.0 186.0 1198.0 small-vehicle 1
88.0 1195.0 84.0 1197.0 80.0 1189.0 83.0 1186.0 small-vehicle 1
577.0 886.0 578.0 889.0 568.0 891.0 568.0 888.0 small-vehicle 1
22.0 1208.0 21.0 1204.0 29.0 1200.0 30.0 1203.0 small-vehicle 1
24.0 1211.0 23.0 1206.0 31.0 1205.0 31.0 1210.0 small-vehicle 1
51.0 1220.0 51.0 1216.0 59.0 1215.0 59.0 1219.0 small-vehicle 1
63.0 1224.0 62.0 1220.0 70.0 1217.0 70.0 1222.0 small-vehicle 1
59.0 1214.0 58.0 1210.0 67.0 1208.0 67.0 1212.0 small-vehicle 1
26.0 1224.0 25.0 1220.0 32.0 1217.0 34.0 1221.0 small-vehicle 1
58.0 1252.0 54.0 1255.0 49.0 1246.0 52.0 1244.0 small-vehicle 1
65.0 1235.0 66.0 1239.0 58.0 1242.0 57.0 1239.0 small-vehicle 1
35.0 1250.0 34.0 1246.0 42.0 1243.0 43.0 1247.0 small-vehicle 1
548.0 907.0 546.0 903.0 555.0 902.0 556.0 906.0 small-vehicle 1
577.0 877.0 576.0 881.0 568.0 882.0 567.0 878.0 small-vehicle 1
197.0 456.0 198.0 461.0 185.0 465.0 184.0 460.0 small-vehicle 1
223.0 628.0 228.0 629.0 223.0 638.0 219.0 636.0 small-vehicle 1
194.0 450.0 196.0 455.0 183.0 459.0 182.0 455.0 small-vehicle 1
200.0 461.0 202.0 467.0 187.0 469.0 186.0 463.0 small-vehicle 1
201.0 467.0 202.0 472.0 189.0 474.0 189.0 469.0 small-vehicle 1
202.0 473.0 202.0 478.0 190.0 480.0 190.0 475.0 small-vehicle 1
206.0 476.0 207.0 482.0 193.0 484.0 192.0 479.0 small-vehicle 1
209.0 481.0 211.0 487.0 195.0 491.0 193.0 485.0 small-vehicle 1
210.0 488.0 210.0 493.0 194.0 496.0 193.0 490.0 small-vehicle 1
166.0 540.0 167.0 551.0 149.0 552.0 148.0 541.0 swimming-pool 0
177.0 576.0 186.0 575.0 187.0 585.0 178.0 586.0 swimming-pool 1
207.0 757.0 208.0 763.0 197.0 764.0 196.0 759.0 small-vehicle 1
493.0 859.0 497.0 858.0 499.0 867.0 495.0 869.0 small-vehicle 1
314.0 795.0 315.0 800.0 306.0 802.0 305.0 797.0 small-vehicle 1
218.0 877.0 212.0 877.0 211.0 864.0 216.0 864.0 small-vehicle 1
219.0 887.0 214.0 887.0 213.0 878.0 218.0 878.0 small-vehicle 1
285.0 926.0 281.0 927.0 278.0 919.0 282.0 918.0 small-vehicle 1
298.0 923.0 294.0 924.0 290.0 915.0 294.0 914.0 small-vehicle 1
333.0 892.0 334.0 897.0 327.0 899.0 326.0 895.0 small-vehicle 1
482.0 873.0 478.0 874.0 476.0 866.0 480.0 864.0 small-vehicle 1
481.0 865.0 485.0 863.0 488.0 870.0 485.0 871.0 small-vehicle 1
488.0 862.0 491.0 861.0 493.0 869.0 490.0 870.0 small-vehicle 1
355.0 495.0 360.0 495.0 361.0 503.0 357.0 503.0 small-vehicle 1
357.0 490.0 362.0 488.0 367.0 499.0 361.0 501.0 small-vehicle 1
90.0 1220.0 94.0 1219.0 98.0 1229.0 93.0 1231.0 small-vehicle 1
245.0 334.0 245.0 339.0 236.0 340.0 236.0 335.0 small-vehicle 1
168.0 378.0 168.0 383.0 157.0 385.0 156.0 381.0 small-vehicle 1
170.0 356.0 165.0 358.0 162.0 344.0 166.0 343.0 small-vehicle 1
167.0 340.0 173.0 339.0 176.0 354.0 169.0 355.0 small-vehicle 1
174.0 340.0 180.0 339.0 181.0 352.0 176.0 353.0 small-vehicle 1
193.0 340.0 193.0 345.0 181.0 347.0 180.0 342.0 small-vehicle 1
205.0 340.0 205.0 344.0 194.0 345.0 193.0 340.0 small-vehicle 1
202.0 338.0 201.0 334.0 212.0 332.0 212.0 336.0 small-vehicle 1
219.0 337.0 219.0 343.0 208.0 343.0 208.0 339.0 small-vehicle 1
231.0 335.0 232.0 341.0 220.0 342.0 220.0 336.0 small-vehicle 1
246.0 332.0 245.0 327.0 255.0 324.0 256.0 330.0 small-vehicle 1
163.0 369.0 163.0 375.0 150.0 376.0 150.0 370.0 small-vehicle 1
260.0 332.0 260.0 338.0 248.0 339.0 248.0 333.0 small-vehicle 1
273.0 330.0 272.0 335.0 263.0 337.0 262.0 332.0 small-vehicle 1
216.0 355.0 217.0 360.0 205.0 361.0 205.0 355.0 small-vehicle 1
231.0 354.0 231.0 359.0 218.0 360.0 218.0 355.0 small-vehicle 1
220.0 354.0 219.0 349.0 233.0 347.0 234.0 352.0 small-vehicle 1
236.0 352.0 236.0 346.0 248.0 345.0 248.0 350.0 small-vehicle 1
251.0 350.0 251.0 345.0 262.0 343.0 262.0 349.0 small-vehicle 1
267.0 349.0 266.0 343.0 277.0 341.0 277.0 347.0 small-vehicle 1
282.0 346.0 281.0 341.0 292.0 339.0 293.0 346.0 small-vehicle 1
164.0 374.0 164.0 380.0 152.0 381.0 151.0 377.0 small-vehicle 1
158.0 363.0 159.0 368.0 147.0 370.0 146.0 364.0 small-vehicle 1
309.0 344.0 310.0 350.0 297.0 351.0 297.0 346.0 small-vehicle 1
172.0 395.0 173.0 400.0 162.0 403.0 160.0 398.0 small-vehicle 1
32.0 344.0 28.0 343.0 31.0 333.0 35.0 335.0 small-vehicle 1
144.0 352.0 146.0 357.0 134.0 360.0 133.0 355.0 small-vehicle 1
146.0 358.0 147.0 364.0 133.0 366.0 132.0 361.0 small-vehicle 1
145.0 365.0 146.0 370.0 134.0 372.0 132.0 366.0 small-vehicle 1
147.0 376.0 148.0 381.0 136.0 382.0 135.0 377.0 small-vehicle 1
139.0 388.0 138.0 383.0 152.0 381.0 153.0 386.0 small-vehicle 1
139.0 394.0 139.0 390.0 153.0 387.0 153.0 392.0 small-vehicle 1
141.0 398.0 141.0 394.0 153.0 393.0 154.0 398.0 small-vehicle 1
170.0 389.0 171.0 395.0 156.0 397.0 156.0 392.0 small-vehicle 1
159.0 399.0 159.0 405.0 142.0 405.0 143.0 399.0 small-vehicle 1
88.0 478.0 88.0 474.0 97.0 473.0 97.0 478.0 small-vehicle 1
157.0 405.0 156.0 410.0 143.0 411.0 143.0 406.0 small-vehicle 1
158.0 410.0 158.0 415.0 146.0 417.0 145.0 412.0 small-vehicle 1
174.0 408.0 174.0 413.0 158.0 414.0 159.0 409.0 small-vehicle 1
175.0 412.0 176.0 418.0 161.0 420.0 161.0 415.0 small-vehicle 1
176.0 418.0 176.0 423.0 165.0 425.0 164.0 420.0 small-vehicle 1
178.0 423.0 179.0 427.0 166.0 430.0 165.0 426.0 small-vehicle 1
180.0 433.0 181.0 437.0 169.0 440.0 168.0 435.0 small-vehicle 1
181.0 437.0 182.0 442.0 171.0 445.0 170.0 440.0 small-vehicle 1
182.0 442.0 183.0 446.0 174.0 450.0 172.0 445.0 small-vehicle 1
296.0 344.0 295.0 339.0 308.0 338.0 308.0 343.0 small-vehicle 1
295.0 346.0 295.0 352.0 281.0 352.0 281.0 347.0 small-vehicle 1
363.0 488.0 368.0 486.0 374.0 496.0 370.0 499.0 small-vehicle 1
326.0 364.0 332.0 364.0 333.0 374.0 326.0 374.0 small-vehicle 1
279.0 386.0 279.0 381.0 294.0 380.0 294.0 386.0 small-vehicle 1
285.0 380.0 285.0 374.0 296.0 374.0 297.0 380.0 small-vehicle 1
299.0 378.0 300.0 374.0 311.0 373.0 311.0 377.0 small-vehicle 1
298.0 385.0 297.0 379.0 310.0 378.0 311.0 384.0 small-vehicle 1
317.0 329.0 323.0 327.0 324.0 341.0 318.0 342.0 small-vehicle 1
324.0 335.0 329.0 335.0 330.0 346.0 324.0 346.0 small-vehicle 1
325.0 349.0 330.0 348.0 331.0 359.0 326.0 359.0 small-vehicle 1
319.0 346.0 324.0 345.0 325.0 357.0 321.0 358.0 small-vehicle 1
320.0 363.0 326.0 363.0 327.0 372.0 321.0 373.0 small-vehicle 1
369.0 371.0 373.0 367.0 381.0 378.0 376.0 381.0 small-vehicle 1
270.0 381.0 270.0 376.0 279.0 376.0 279.0 380.0 small-vehicle 1
379.0 402.0 381.0 407.0 368.0 412.0 366.0 405.0 small-vehicle 1
396.0 424.0 393.0 430.0 381.0 423.0 384.0 418.0 small-vehicle 1
392.0 441.0 394.0 435.0 407.0 441.0 404.0 446.0 small-vehicle 1
405.0 448.0 409.0 443.0 418.0 452.0 415.0 456.0 small-vehicle 1
422.0 455.0 423.0 460.0 412.0 464.0 410.0 459.0 small-vehicle 1
421.0 471.0 424.0 474.0 420.0 480.0 417.0 478.0 small-vehicle 1
386.0 470.0 391.0 467.0 398.0 476.0 395.0 479.0 small-vehicle 1
381.0 477.0 384.0 473.0 394.0 481.0 391.0 485.0 small-vehicle 1
376.0 481.0 381.0 478.0 387.0 486.0 383.0 489.0 small-vehicle 1
262.0 389.0 262.0 384.0 276.0 382.0 277.0 387.0 small-vehicle 1
244.0 390.0 244.0 385.0 257.0 385.0 256.0 390.0 small-vehicle 1
278.0 350.0 278.0 354.0 268.0 355.0 268.0 351.0 small-vehicle 1
297.0 364.0 298.0 369.0 285.0 370.0 285.0 365.0 small-vehicle 1
262.0 350.0 262.0 355.0 250.0 356.0 250.0 351.0 small-vehicle 1
247.0 352.0 246.0 357.0 235.0 357.0 235.0 353.0 small-vehicle 1
220.0 370.0 220.0 365.0 231.0 364.0 231.0 369.0 small-vehicle 1
236.0 368.0 236.0 364.0 246.0 362.0 246.0 367.0 small-vehicle 1
251.0 366.0 251.0 361.0 263.0 359.0 263.0 365.0 small-vehicle 1
279.0 358.0 279.0 363.0 268.0 364.0 268.0 359.0 small-vehicle 1
284.0 362.0 284.0 356.0 292.0 356.0 292.0 362.0 small-vehicle 1
297.0 361.0 297.0 355.0 308.0 356.0 308.0 361.0 small-vehicle 1
311.0 363.0 312.0 367.0 299.0 369.0 299.0 364.0 small-vehicle 1
281.0 365.0 282.0 370.0 269.0 372.0 269.0 367.0 small-vehicle 1
254.0 383.0 254.0 379.0 265.0 377.0 265.0 382.0 small-vehicle 1
266.0 367.0 266.0 372.0 251.0 374.0 251.0 368.0 small-vehicle 1
249.0 368.0 250.0 374.0 235.0 375.0 236.0 369.0 small-vehicle 1
234.0 371.0 234.0 375.0 223.0 376.0 222.0 370.0 small-vehicle 1
223.0 371.0 223.0 377.0 209.0 378.0 209.0 372.0 small-vehicle 1
207.0 393.0 202.0 395.0 193.0 378.0 198.0 375.0 small-vehicle 1
199.0 394.0 194.0 397.0 186.0 384.0 191.0 380.0 small-vehicle 1
213.0 395.0 212.0 389.0 226.0 387.0 226.0 394.0 small-vehicle 1
229.0 393.0 229.0 387.0 242.0 386.0 241.0 392.0 small-vehicle 1
240.0 384.0 240.0 380.0 250.0 378.0 251.0 382.0 small-vehicle 1
63.0 1228.0 62.0 1224.0 70.0 1223.0 70.0 1226.0 small-vehicle 1
133.0 1245.0 129.0 1246.0 126.0 1238.0 129.0 1237.0 small-vehicle 1
1605.0 312.0 1610.0 312.0 1610.0 328.0 1605.0 328.0 small-vehicle 1
1531.0 489.0 1530.0 485.0 1540.0 484.0 1540.0 487.0 small-vehicle 1
1466.0 431.0 1462.0 432.0 1461.0 423.0 1464.0 423.0 small-vehicle 1
1460.0 432.0 1456.0 433.0 1456.0 423.0 1459.0 423.0 small-vehicle 1
1452.0 434.0 1448.0 434.0 1447.0 425.0 1451.0 424.0 small-vehicle 1
1436.0 436.0 1431.0 437.0 1429.0 429.0 1433.0 428.0 small-vehicle 1
1539.0 403.0 1538.0 399.0 1546.0 397.0 1547.0 401.0 small-vehicle 1
1502.0 439.0 1506.0 441.0 1504.0 448.0 1500.0 447.0 small-vehicle 1
1520.0 446.0 1521.0 450.0 1510.0 451.0 1509.0 447.0 small-vehicle 1
1561.0 466.0 1560.0 470.0 1551.0 470.0 1551.0 466.0 small-vehicle 1
1562.0 484.0 1561.0 488.0 1552.0 488.0 1553.0 483.0 small-vehicle 1
1525.0 486.0 1526.0 490.0 1516.0 491.0 1516.0 487.0 small-vehicle 1
1474.0 421.0 1477.0 420.0 1479.0 429.0 1475.0 429.0 small-vehicle 1
1528.0 467.0 1528.0 464.0 1537.0 463.0 1537.0 467.0 small-vehicle 1
1521.0 463.0 1522.0 467.0 1514.0 469.0 1513.0 465.0 small-vehicle 1
1502.0 481.0 1503.0 485.0 1495.0 487.0 1494.0 483.0 small-vehicle 1
1502.0 476.0 1503.0 481.0 1492.0 482.0 1491.0 477.0 small-vehicle 1
1491.0 470.0 1489.0 465.0 1499.0 464.0 1499.0 469.0 small-vehicle 1
1514.0 496.0 1517.0 499.0 1512.0 504.0 1509.0 502.0 small-vehicle 1
1496.0 515.0 1496.0 511.0 1507.0 508.0 1507.0 512.0 small-vehicle 1
1538.0 528.0 1536.0 530.0 1528.0 524.0 1531.0 521.0 small-vehicle 1
1531.0 534.0 1529.0 536.0 1521.0 530.0 1524.0 527.0 small-vehicle 1
1473.0 429.0 1470.0 430.0 1468.0 421.0 1471.0 420.0 small-vehicle 1
1461.0 362.0 1466.0 362.0 1467.0 372.0 1462.0 372.0 small-vehicle 1
1500.0 553.0 1497.0 555.0 1492.0 549.0 1495.0 547.0 small-vehicle 1
1475.0 332.0 1480.0 331.0 1481.0 344.0 1476.0 344.0 small-vehicle 1
1548.0 313.0 1548.0 318.0 1534.0 319.0 1534.0 313.0 small-vehicle 1
1534.0 324.0 1540.0 323.0 1541.0 336.0 1535.0 337.0 small-vehicle 1
1527.0 323.0 1532.0 320.0 1535.0 333.0 1530.0 335.0 small-vehicle 1
1519.0 323.0 1524.0 322.0 1526.0 335.0 1521.0 336.0 small-vehicle 1
1511.0 323.0 1516.0 322.0 1519.0 335.0 1514.0 336.0 small-vehicle 1
1503.0 326.0 1509.0 324.0 1512.0 337.0 1507.0 338.0 small-vehicle 1
1498.0 327.0 1504.0 328.0 1505.0 339.0 1499.0 339.0 small-vehicle 1
1487.0 330.0 1492.0 330.0 1493.0 342.0 1488.0 342.0 small-vehicle 1
1482.0 331.0 1487.0 331.0 1486.0 343.0 1482.0 342.0 small-vehicle 1
1468.0 332.0 1474.0 331.0 1475.0 344.0 1470.0 345.0 small-vehicle 1
1421.0 413.0 1423.0 410.0 1432.0 416.0 1429.0 419.0 small-vehicle 1
1456.0 338.0 1461.0 336.0 1465.0 348.0 1460.0 350.0 small-vehicle 1
1450.0 338.0 1455.0 337.0 1457.0 350.0 1452.0 351.0 small-vehicle 1
1432.0 341.0 1437.0 341.0 1439.0 352.0 1434.0 353.0 small-vehicle 1
1426.0 341.0 1432.0 341.0 1433.0 356.0 1427.0 356.0 small-vehicle 1
1412.0 393.0 1409.0 387.0 1421.0 383.0 1422.0 388.0 small-vehicle 1
1444.0 403.0 1448.0 403.0 1449.0 412.0 1444.0 412.0 small-vehicle 1
1449.0 401.0 1453.0 401.0 1454.0 413.0 1449.0 413.0 small-vehicle 1
1549.0 382.0 1545.0 383.0 1544.0 373.0 1548.0 372.0 small-vehicle 1
1569.0 368.0 1572.0 367.0 1573.0 375.0 1570.0 376.0 small-vehicle 1
1523.0 541.0 1519.0 543.0 1513.0 536.0 1517.0 535.0 small-vehicle 1
1475.0 568.0 1472.0 569.0 1467.0 562.0 1470.0 559.0 small-vehicle 1
1571.0 308.0 1570.0 303.0 1585.0 303.0 1585.0 309.0 small-vehicle 1
1178.0 902.0 1181.0 904.0 1177.0 912.0 1173.0 909.0 small-vehicle 1
1274.0 717.0 1271.0 718.0 1265.0 710.0 1268.0 708.0 small-vehicle 1
1263.0 721.0 1260.0 723.0 1254.0 715.0 1258.0 713.0 small-vehicle 1
1259.0 725.0 1255.0 727.0 1250.0 719.0 1253.0 717.0 small-vehicle 1
1202.0 719.0 1202.0 715.0 1210.0 714.0 1210.0 718.0 small-vehicle 1
1190.0 736.0 1186.0 736.0 1184.0 726.0 1188.0 726.0 small-vehicle 1
1200.0 706.0 1198.0 703.0 1206.0 699.0 1207.0 703.0 small-vehicle 1
1170.0 741.0 1171.0 746.0 1158.0 749.0 1156.0 745.0 small-vehicle 1
1199.0 782.0 1197.0 780.0 1203.0 774.0 1206.0 777.0 small-vehicle 1
1175.0 798.0 1177.0 801.0 1171.0 806.0 1169.0 804.0 small-vehicle 1
1105.0 1152.0 1105.0 1148.0 1114.0 1147.0 1114.0 1152.0 small-vehicle 1
1283.0 710.0 1280.0 712.0 1273.0 704.0 1276.0 701.0 small-vehicle 1
1228.0 1133.0 1229.0 1137.0 1219.0 1137.0 1219.0 1133.0 small-vehicle 1
1213.0 1151.0 1209.0 1150.0 1214.0 1141.0 1218.0 1143.0 small-vehicle 1
1555.0 1128.0 1555.0 1132.0 1543.0 1132.0 1543.0 1128.0 small-vehicle 1
1180.0 1279.0 1176.0 1277.0 1181.0 1269.0 1184.0 1272.0 small-vehicle 1
1118.0 1338.0 1116.0 1333.0 1125.0 1329.0 1126.0 1334.0 small-vehicle 1
1601.0 341.0 1605.0 339.0 1606.0 350.0 1603.0 351.0 small-vehicle 1
1587.0 343.0 1592.0 341.0 1594.0 351.0 1589.0 352.0 small-vehicle 1
1591.0 315.0 1596.0 316.0 1594.0 326.0 1589.0 326.0 small-vehicle 1
1596.0 313.0 1602.0 313.0 1601.0 326.0 1596.0 327.0 small-vehicle 1
1279.0 714.0 1275.0 716.0 1269.0 706.0 1272.0 704.0 small-vehicle 1
1249.0 710.0 1247.0 708.0 1253.0 703.0 1255.0 705.0 small-vehicle 1
1448.0 572.0 1452.0 570.0 1457.0 579.0 1454.0 580.0 small-vehicle 1
1331.0 676.0 1328.0 678.0 1322.0 672.0 1325.0 669.0 small-vehicle 1
1451.0 558.0 1447.0 559.0 1441.0 552.0 1444.0 550.0 small-vehicle 1
1446.0 548.0 1450.0 546.0 1454.0 554.0 1450.0 556.0 small-vehicle 1
1220.0 509.0 1216.0 510.0 1213.0 500.0 1217.0 499.0 small-vehicle 1
1203.0 529.0 1199.0 531.0 1196.0 522.0 1199.0 520.0 small-vehicle 1
1190.0 643.0 1189.0 638.0 1200.0 636.0 1201.0 640.0 small-vehicle 1
1331.0 634.0 1330.0 630.0 1338.0 625.0 1339.0 630.0 small-vehicle 1
1334.0 654.0 1333.0 650.0 1342.0 647.0 1342.0 651.0 small-vehicle 1
1336.0 657.0 1335.0 655.0 1342.0 653.0 1343.0 655.0 small-vehicle 1
1338.0 662.0 1336.0 658.0 1344.0 656.0 1346.0 659.0 small-vehicle 1
1328.0 680.0 1324.0 681.0 1320.0 673.0 1323.0 671.0 small-vehicle 1
1277.0 684.0 1279.0 681.0 1284.0 688.0 1282.0 690.0 small-vehicle 1
1323.0 680.0 1320.0 682.0 1315.0 675.0 1318.0 673.0 small-vehicle 1
1320.0 682.0 1317.0 685.0 1311.0 678.0 1314.0 675.0 small-vehicle 1
1315.0 685.0 1312.0 688.0 1307.0 679.0 1310.0 677.0 small-vehicle 1
1295.0 699.0 1293.0 696.0 1299.0 691.0 1301.0 694.0 small-vehicle 1
1322.0 681.0 1324.0 684.0 1319.0 689.0 1316.0 687.0 small-vehicle 1
1293.0 695.0 1291.0 693.0 1296.0 688.0 1298.0 691.0 small-vehicle 1
1288.0 687.0 1286.0 683.0 1293.0 680.0 1295.0 683.0 small-vehicle 1
1286.0 683.0 1283.0 681.0 1289.0 677.0 1291.0 679.0 small-vehicle 1
1284.0 680.0 1283.0 676.0 1290.0 672.0 1292.0 675.0 small-vehicle 1
1583.0 315.0 1589.0 315.0 1588.0 326.0 1583.0 327.0 small-vehicle 1
1420.0 344.0 1427.0 344.0 1426.0 358.0 1421.0 358.0 small-vehicle 1
8.0 1313.0 7.0 1309.0 15.0 1308.0 16.0 1312.0 small-vehicle 1
875.0 1179.0 875.0 1174.0 884.0 1173.0 884.0 1177.0 small-vehicle 1
961.0 1818.0 965.0 1818.0 965.0 1827.0 961.0 1827.0 small-vehicle 1
984.0 1428.0 979.0 1428.0 980.0 1419.0 985.0 1419.0 small-vehicle 1
993.0 1363.0 988.0 1363.0 989.0 1353.0 994.0 1354.0 small-vehicle 1
984.0 1341.0 980.0 1338.0 984.0 1332.0 988.0 1334.0 small-vehicle 1
1024.0 1317.0 1020.0 1317.0 1017.0 1307.0 1021.0 1307.0 small-vehicle 1
1050.0 1337.0 1049.0 1341.0 1041.0 1339.0 1042.0 1334.0 small-vehicle 1
1063.0 1345.0 1063.0 1341.0 1072.0 1340.0 1072.0 1344.0 small-vehicle 1
765.0 1206.0 763.0 1202.0 771.0 1198.0 773.0 1202.0 small-vehicle 1
863.0 1202.0 866.0 1205.0 862.0 1210.0 859.0 1208.0 small-vehicle 1
889.0 1179.0 888.0 1174.0 897.0 1173.0 898.0 1178.0 small-vehicle 1
88.0 1803.0 92.0 1801.0 96.0 1810.0 92.0 1812.0 small-vehicle 1
846.0 1168.0 849.0 1165.0 857.0 1172.0 853.0 1174.0 small-vehicle 1
816.0 1168.0 812.0 1165.0 817.0 1158.0 821.0 1161.0 small-vehicle 1
857.0 1119.0 860.0 1122.0 855.0 1129.0 852.0 1127.0 small-vehicle 1
1023.0 1216.0 1018.0 1215.0 1021.0 1205.0 1025.0 1206.0 small-vehicle 1
1014.0 1240.0 1010.0 1239.0 1013.0 1230.0 1017.0 1231.0 small-vehicle 1
1043.0 1159.0 1038.0 1157.0 1042.0 1146.0 1046.0 1147.0 small-vehicle 1
1059.0 1116.0 1054.0 1115.0 1059.0 1103.0 1063.0 1105.0 small-vehicle 1
805.0 1169.0 861.0 1169.0 861.0 1224.0 805.0 1224.0 roundabout 0
914.0 1055.0 918.0 1057.0 913.0 1064.0 910.0 1062.0 small-vehicle 1
89.0 1968.0 89.0 1973.0 75.0 1972.0 75.0 1968.0 small-vehicle 1
56.0 1704.0 52.0 1706.0 49.0 1697.0 53.0 1695.0 small-vehicle 1
982.0 979.0 977.0 976.0 984.0 967.0 988.0 969.0 small-vehicle 1
85.0 1334.0 89.0 1334.0 89.0 1343.0 85.0 1343.0 small-vehicle 1
365.0 1221.0 364.0 1217.0 374.0 1215.0 375.0 1220.0 small-vehicle 1
361.0 1231.0 360.0 1226.0 369.0 1225.0 370.0 1229.0 small-vehicle 1
477.0 1224.0 476.0 1229.0 466.0 1228.0 466.0 1223.0 small-vehicle 1
548.0 1237.0 548.0 1242.0 540.0 1241.0 540.0 1237.0 small-vehicle 1
603.0 1219.0 602.0 1215.0 612.0 1213.0 612.0 1217.0 small-vehicle 1
618.0 1210.0 612.0 1211.0 611.0 1201.0 616.0 1201.0 small-vehicle 1
477.0 1235.0 484.0 1235.0 485.0 1252.0 479.0 1253.0 large-vehicle 0
478.0 1254.0 485.0 1254.0 485.0 1272.0 479.0 1272.0 large-vehicle 0
80.0 1357.0 81.0 1362.0 69.0 1366.0 67.0 1361.0 small-vehicle 1
91.0 1328.0 88.0 1329.0 85.0 1321.0 89.0 1319.0 small-vehicle 1
46.0 1643.0 51.0 1642.0 52.0 1649.0 48.0 1650.0 small-vehicle 1
211.0 1432.0 215.0 1431.0 218.0 1442.0 213.0 1442.0 small-vehicle 1
122.0 1478.0 125.0 1476.0 130.0 1484.0 127.0 1486.0 small-vehicle 1
152.0 1462.0 156.0 1460.0 160.0 1469.0 156.0 1471.0 small-vehicle 1
13.0 1561.0 18.0 1560.0 21.0 1568.0 16.0 1570.0 small-vehicle 1
20.0 1557.0 24.0 1556.0 27.0 1565.0 22.0 1567.0 small-vehicle 1
16.0 1546.0 20.0 1545.0 22.0 1553.0 18.0 1555.0 small-vehicle 1
25.0 1574.0 30.0 1572.0 32.0 1581.0 28.0 1582.0 small-vehicle 1
30.0 1585.0 35.0 1584.0 37.0 1594.0 32.0 1595.0 small-vehicle 1
43.0 1632.0 48.0 1630.0 50.0 1639.0 46.0 1641.0 small-vehicle 1
957.0 1008.0 960.0 1011.0 954.0 1018.0 951.0 1015.0 small-vehicle 1
897.0 8.0 934.0 8.0 934.0 47.0 897.0 47.0 storage-tank 0
1544.0 172.0 1546.0 169.0 1562.0 175.0 1559.0 179.0 ship 1
1496.0 196.0 1493.0 200.0 1482.0 194.0 1485.0 190.0 small-vehicle 1
1537.0 210.0 1536.0 215.0 1525.0 212.0 1527.0 207.0 small-vehicle 1
1530.0 220.0 1529.0 224.0 1519.0 224.0 1519.0 219.0 small-vehicle 1
1526.0 225.0 1525.0 230.0 1514.0 230.0 1514.0 225.0 small-vehicle 1
1507.0 237.0 1508.0 232.0 1522.0 232.0 1521.0 237.0 small-vehicle 1
1520.0 238.0 1520.0 243.0 1508.0 242.0 1509.0 237.0 small-vehicle 1
1517.0 159.0 1516.0 164.0 1505.0 161.0 1506.0 156.0 small-vehicle 1
1505.0 178.0 1503.0 183.0 1493.0 179.0 1495.0 174.0 small-vehicle 1
1501.0 186.0 1500.0 189.0 1490.0 186.0 1491.0 181.0 small-vehicle 1
1498.0 191.0 1496.0 196.0 1486.0 190.0 1489.0 185.0 small-vehicle 1
1475.0 205.0 1477.0 201.0 1486.0 206.0 1483.0 210.0 small-vehicle 1
1547.0 217.0 1546.0 222.0 1535.0 219.0 1536.0 214.0 small-vehicle 1
1556.0 178.0 1554.0 184.0 1545.0 180.0 1546.0 175.0 small-vehicle 1
1554.0 164.0 1557.0 159.0 1568.0 166.0 1566.0 170.0 small-vehicle 1
1562.0 154.0 1565.0 149.0 1574.0 155.0 1571.0 160.0 small-vehicle 1
1558.0 159.0 1562.0 155.0 1569.0 160.0 1567.0 164.0 small-vehicle 1
1576.0 125.0 1571.0 127.0 1565.0 117.0 1569.0 114.0 ship 1
1573.0 130.0 1569.0 132.0 1564.0 122.0 1567.0 120.0 ship 1
1567.0 128.0 1564.0 130.0 1558.0 122.0 1562.0 119.0 ship 1
1565.0 144.0 1567.0 139.0 1582.0 146.0 1580.0 151.0 ship 1
1569.0 142.0 1569.0 137.0 1582.0 139.0 1581.0 144.0 ship 1
1549.0 212.0 1546.0 217.0 1537.0 211.0 1540.0 207.0 small-vehicle 1
1548.0 223.0 1547.0 228.0 1532.0 225.0 1533.0 220.0 small-vehicle 1
1351.0 317.0 1357.0 317.0 1357.0 329.0 1351.0 329.0 small-vehicle 1
1531.0 168.0 1529.0 172.0 1521.0 167.0 1524.0 164.0 small-vehicle 1
1448.0 242.0 1453.0 237.0 1465.0 248.0 1462.0 253.0 small-vehicle 1
1586.0 121.0 1581.0 124.0 1573.0 110.0 1578.0 106.0 small-vehicle 1
1555.0 125.0 1558.0 123.0 1562.0 132.0 1559.0 134.0 small-vehicle 1
1558.0 135.0 1552.0 138.0 1549.0 126.0 1553.0 124.0 small-vehicle 1
1551.0 136.0 1547.0 139.0 1541.0 126.0 1546.0 124.0 small-vehicle 1
1546.0 142.0 1542.0 144.0 1534.0 130.0 1540.0 127.0 small-vehicle 1
1540.0 143.0 1537.0 145.0 1533.0 134.0 1536.0 133.0 small-vehicle 1
1539.0 158.0 1536.0 161.0 1526.0 154.0 1530.0 150.0 small-vehicle 1
1535.0 163.0 1532.0 167.0 1525.0 162.0 1527.0 158.0 small-vehicle 1
1526.0 172.0 1524.0 176.0 1512.0 171.0 1514.0 166.0 small-vehicle 1
1544.0 230.0 1542.0 235.0 1528.0 231.0 1530.0 225.0 small-vehicle 1
1524.0 177.0 1522.0 181.0 1513.0 177.0 1513.0 173.0 small-vehicle 1
1519.0 183.0 1517.0 187.0 1506.0 181.0 1509.0 176.0 small-vehicle 1
1517.0 189.0 1516.0 193.0 1505.0 188.0 1507.0 184.0 small-vehicle 1
1508.0 207.0 1504.0 209.0 1497.0 199.0 1502.0 197.0 small-vehicle 1
1499.0 221.0 1496.0 225.0 1484.0 218.0 1487.0 213.0 small-vehicle 1
1494.0 227.0 1491.0 231.0 1481.0 224.0 1484.0 220.0 small-vehicle 1
1506.0 249.0 1506.0 243.0 1518.0 243.0 1518.0 248.0 small-vehicle 1
1519.0 250.0 1520.0 245.0 1530.0 246.0 1530.0 251.0 small-vehicle 1
1523.0 236.0 1523.0 232.0 1536.0 233.0 1535.0 239.0 small-vehicle 1
248.0 1630.0 260.0 1689.0 348.0 1668.0 330.0 1614.0 basketball-court 0
