imagesource:GoogleEarth
gsd:0.483370624513
1306.0 1171.0 1312.0 1174.0 1305.0 1192.0 1298.0 1190.0 large-vehicle 0
868.0 1740.0 868.0 1745.0 859.0 1745.0 859.0 1740.0 small-vehicle 1
991.0 1684.0 990.0 1681.0 997.0 1677.0 999.0 1680.0 small-vehicle 1
982.0 1690.0 979.0 1687.0 988.0 1681.0 989.0 1684.0 small-vehicle 1
970.0 1695.0 969.0 1691.0 976.0 1688.0 978.0 1692.0 small-vehicle 1
954.0 1700.0 952.0 1694.0 962.0 1690.0 964.0 1694.0 small-vehicle 1
942.0 1705.0 941.0 1701.0 950.0 1698.0 951.0 1702.0 small-vehicle 1
905.0 1737.0 900.0 1737.0 901.0 1731.0 904.0 1730.0 small-vehicle 1
882.0 1731.0 882.0 1735.0 872.0 1736.0 872.0 1732.0 small-vehicle 1
883.0 1737.0 884.0 1742.0 874.0 1743.0 874.0 1739.0 small-vehicle 1
826.0 1739.0 826.0 1744.0 816.0 1744.0 816.0 1738.0 small-vehicle 1
936.0 1679.0 938.0 1676.0 946.0 1680.0 944.0 1683.0 small-vehicle 1
729.0 1717.0 727.0 1721.0 719.0 1718.0 720.0 1714.0 small-vehicle 1
906.0 1766.0 902.0 1766.0 901.0 1756.0 906.0 1756.0 small-vehicle 1
909.0 1767.0 914.0 1766.0 914.0 1776.0 909.0 1776.0 small-vehicle 1
910.0 1780.0 914.0 1781.0 915.0 1790.0 910.0 1790.0 small-vehicle 1
912.0 1837.0 907.0 1837.0 906.0 1826.0 910.0 1825.0 small-vehicle 1
925.0 1851.0 920.0 1851.0 920.0 1842.0 924.0 1842.0 small-vehicle 1
913.0 1872.0 909.0 1872.0 908.0 1864.0 912.0 1863.0 small-vehicle 1
913.0 1891.0 909.0 1891.0 909.0 1883.0 913.0 1882.0 small-vehicle 1
948.0 1685.0 949.0 1680.0 957.0 1681.0 957.0 1685.0 small-vehicle 1
913.0 1687.0 916.0 1686.0 917.0 1694.0 913.0 1695.0 small-vehicle 1
1293.0 1204.0 1299.0 1206.0 1291.0 1223.0 1285.0 1222.0 large-vehicle 0
689.0 1368.0 685.0 1368.0 686.0 1355.0 690.0 1356.0 small-vehicle 1
887.0 1365.0 882.0 1365.0 882.0 1356.0 886.0 1355.0 small-vehicle 1
888.0 1378.0 883.0 1377.0 882.0 1368.0 887.0 1367.0 small-vehicle 1
889.0 1392.0 884.0 1391.0 885.0 1383.0 889.0 1382.0 small-vehicle 1
890.0 1419.0 885.0 1419.0 885.0 1406.0 890.0 1406.0 small-vehicle 1
899.0 1414.0 904.0 1414.0 904.0 1423.0 899.0 1423.0 small-vehicle 1
891.0 1448.0 887.0 1449.0 885.0 1441.0 889.0 1441.0 small-vehicle 1
891.0 1467.0 887.0 1467.0 887.0 1458.0 891.0 1458.0 small-vehicle 1
925.0 1483.0 926.0 1487.0 919.0 1489.0 917.0 1485.0 small-vehicle 1
1012.0 1501.0 1012.0 1506.0 1002.0 1508.0 1001.0 1503.0 small-vehicle 1
911.0 1691.0 907.0 1692.0 907.0 1683.0 911.0 1683.0 small-vehicle 1
856.0 1529.0 857.0 1533.0 846.0 1535.0 845.0 1531.0 small-vehicle 1
864.0 1534.0 865.0 1538.0 854.0 1540.0 853.0 1536.0 small-vehicle 1
899.0 1557.0 894.0 1557.0 893.0 1546.0 898.0 1545.0 small-vehicle 1
900.0 1594.0 895.0 1594.0 893.0 1582.0 898.0 1582.0 small-vehicle 1
693.0 1574.0 694.0 1579.0 682.0 1582.0 680.0 1578.0 small-vehicle 1
900.0 1618.0 896.0 1617.0 896.0 1607.0 900.0 1607.0 small-vehicle 1
897.0 1645.0 893.0 1645.0 893.0 1638.0 897.0 1638.0 small-vehicle 1
910.0 1675.0 906.0 1676.0 905.0 1665.0 910.0 1664.0 small-vehicle 1
918.0 1952.0 912.0 1953.0 911.0 1941.0 916.0 1941.0 small-vehicle 1
931.0 2075.0 926.0 2076.0 924.0 2066.0 929.0 2066.0 small-vehicle 1
947.0 2154.0 942.0 2157.0 938.0 2145.0 943.0 2144.0 small-vehicle 1
117.0 1867.0 123.0 1865.0 126.0 1880.0 120.0 1882.0 small-vehicle 1
442.0 1822.0 443.0 1826.0 434.0 1830.0 432.0 1826.0 small-vehicle 1
439.0 1804.0 440.0 1807.0 432.0 1810.0 430.0 1807.0 small-vehicle 1
398.0 1809.0 399.0 1814.0 388.0 1815.0 387.0 1810.0 small-vehicle 1
398.0 1804.0 398.0 1809.0 386.0 1810.0 386.0 1806.0 small-vehicle 1
398.0 1794.0 398.0 1800.0 387.0 1801.0 387.0 1796.0 small-vehicle 1
25.0 1828.0 28.0 1832.0 19.0 1838.0 16.0 1834.0 small-vehicle 1
77.0 1802.0 79.0 1806.0 71.0 1812.0 68.0 1807.0 small-vehicle 1
166.0 1803.0 169.0 1807.0 161.0 1811.0 159.0 1807.0 small-vehicle 1
280.0 1792.0 283.0 1792.0 280.0 1802.0 277.0 1801.0 small-vehicle 1
506.0 2188.0 501.0 2189.0 499.0 2180.0 503.0 2179.0 small-vehicle 1
611.0 1537.0 608.0 1535.0 614.0 1529.0 617.0 1532.0 small-vehicle 1
609.0 1590.0 609.0 1594.0 600.0 1596.0 599.0 1592.0 small-vehicle 1
514.0 1584.0 514.0 1579.0 523.0 1576.0 524.0 1580.0 small-vehicle 1
340.0 1681.0 343.0 1685.0 335.0 1690.0 332.0 1686.0 small-vehicle 1
338.0 1655.0 336.0 1652.0 344.0 1647.0 346.0 1650.0 small-vehicle 1
230.0 1699.0 228.0 1696.0 237.0 1691.0 239.0 1696.0 small-vehicle 1
119.0 1760.0 116.0 1756.0 123.0 1752.0 125.0 1756.0 small-vehicle 1
107.0 1756.0 105.0 1753.0 112.0 1749.0 114.0 1753.0 small-vehicle 1
483.0 1830.0 492.0 1831.0 491.0 1838.0 484.0 1838.0 swimming-pool 1
150.0 1982.0 155.0 1983.0 153.0 1994.0 148.0 1993.0 small-vehicle 1
111.0 2035.0 115.0 2038.0 109.0 2045.0 106.0 2042.0 small-vehicle 1
34.0 2080.0 33.0 2075.0 42.0 2073.0 43.0 2077.0 small-vehicle 1
447.0 2061.0 443.0 2062.0 442.0 2051.0 446.0 2051.0 small-vehicle 1
444.0 2068.0 447.0 2070.0 442.0 2077.0 438.0 2075.0 small-vehicle 1
422.0 2064.0 424.0 2057.0 443.0 2061.0 441.0 2068.0 large-vehicle 0
136.0 2108.0 130.0 2111.0 115.0 2080.0 121.0 2076.0 large-vehicle 0
155.0 2009.0 158.0 2013.0 143.0 2024.0 139.0 2021.0 large-vehicle 0
163.0 2162.0 157.0 2164.0 148.0 2146.0 153.0 2143.0 large-vehicle 0
243.0 2083.0 243.0 2087.0 234.0 2088.0 234.0 2083.0 small-vehicle 1
242.0 2079.0 242.0 2083.0 233.0 2082.0 234.0 2078.0 small-vehicle 1
242.0 2072.0 242.0 2077.0 233.0 2078.0 233.0 2074.0 small-vehicle 1
170.0 2147.0 166.0 2148.0 163.0 2143.0 167.0 2141.0 small-vehicle 1
227.0 2053.0 225.0 2049.0 234.0 2045.0 235.0 2050.0 small-vehicle 1
225.0 2046.0 223.0 2041.0 232.0 2038.0 234.0 2042.0 small-vehicle 1
219.0 2033.0 217.0 2029.0 228.0 2025.0 230.0 2030.0 small-vehicle 1
217.0 2027.0 215.0 2023.0 226.0 2019.0 227.0 2023.0 small-vehicle 1
216.0 2020.0 214.0 2016.0 224.0 2011.0 226.0 2016.0 small-vehicle 1
213.0 2013.0 212.0 2009.0 221.0 2005.0 222.0 2009.0 small-vehicle 1
211.0 2008.0 210.0 2003.0 220.0 1999.0 221.0 2003.0 small-vehicle 1
896.0 1366.0 901.0 1366.0 901.0 1373.0 896.0 1373.0 small-vehicle 1
905.0 1372.0 905.0 1367.0 913.0 1366.0 913.0 1371.0 small-vehicle 1
886.0 1349.0 881.0 1348.0 881.0 1339.0 886.0 1340.0 small-vehicle 1
1147.0 302.0 1152.0 303.0 1152.0 313.0 1148.0 313.0 small-vehicle 1
1160.0 409.0 1160.0 415.0 1142.0 414.0 1143.0 408.0 large-vehicle 0
1183.0 345.0 1187.0 345.0 1186.0 352.0 1183.0 352.0 small-vehicle 1
1182.0 331.0 1186.0 330.0 1187.0 340.0 1183.0 341.0 small-vehicle 1
1188.0 328.0 1182.0 327.0 1183.0 319.0 1187.0 319.0 small-vehicle 1
1182.0 306.0 1186.0 306.0 1187.0 316.0 1183.0 316.0 small-vehicle 1
1148.0 331.0 1153.0 331.0 1152.0 340.0 1148.0 340.0 small-vehicle 1
1141.0 341.0 1136.0 341.0 1136.0 329.0 1141.0 329.0 small-vehicle 1
1153.0 303.0 1158.0 303.0 1158.0 312.0 1153.0 312.0 small-vehicle 1
1139.0 241.0 1144.0 241.0 1143.0 250.0 1139.0 249.0 small-vehicle 1
882.0 162.0 882.0 159.0 892.0 158.0 892.0 162.0 small-vehicle 1
1139.0 228.0 1143.0 228.0 1144.0 237.0 1139.0 238.0 small-vehicle 1
1138.0 213.0 1143.0 214.0 1143.0 223.0 1138.0 223.0 small-vehicle 1
1091.0 140.0 1086.0 140.0 1086.0 127.0 1091.0 127.0 small-vehicle 1
1163.0 125.0 1163.0 120.0 1175.0 122.0 1174.0 126.0 small-vehicle 1
745.0 260.0 801.0 260.0 801.0 314.0 745.0 314.0 roundabout 0
881.0 130.0 881.0 125.0 891.0 124.0 891.0 129.0 small-vehicle 1
883.0 145.0 883.0 141.0 892.0 142.0 891.0 146.0 small-vehicle 1
883.0 151.0 883.0 147.0 893.0 147.0 892.0 151.0 small-vehicle 1
1181.0 457.0 1186.0 458.0 1185.0 467.0 1181.0 467.0 small-vehicle 1
1293.0 481.0 1297.0 481.0 1296.0 490.0 1291.0 490.0 small-vehicle 1
1292.0 492.0 1297.0 493.0 1295.0 501.0 1291.0 500.0 small-vehicle 1
1055.0 547.0 1053.0 543.0 1063.0 542.0 1063.0 546.0 small-vehicle 1
1581.0 1358.0 1578.0 1361.0 1568.0 1354.0 1570.0 1352.0 small-vehicle 1
1815.0 1511.0 1813.0 1516.0 1803.0 1514.0 1804.0 1509.0 small-vehicle 1
1764.0 1503.0 1764.0 1508.0 1754.0 1506.0 1755.0 1501.0 small-vehicle 1
1697.0 1483.0 1697.0 1489.0 1685.0 1487.0 1686.0 1482.0 small-vehicle 1
1661.0 1485.0 1661.0 1490.0 1651.0 1489.0 1651.0 1485.0 small-vehicle 1
1565.0 1468.0 1565.0 1474.0 1552.0 1474.0 1552.0 1468.0 small-vehicle 1
1555.0 1481.0 1555.0 1486.0 1544.0 1485.0 1545.0 1480.0 small-vehicle 1
1399.0 1477.0 1400.0 1481.0 1388.0 1481.0 1388.0 1477.0 small-vehicle 1
1433.0 1438.0 1432.0 1443.0 1423.0 1444.0 1423.0 1439.0 small-vehicle 1
1363.0 1464.0 1363.0 1469.0 1352.0 1468.0 1353.0 1463.0 small-vehicle 1
1265.0 1443.0 1265.0 1448.0 1256.0 1450.0 1255.0 1445.0 small-vehicle 1
1230.0 1454.0 1230.0 1458.0 1222.0 1458.0 1222.0 1454.0 small-vehicle 1
1228.0 1474.0 1229.0 1480.0 1216.0 1482.0 1216.0 1477.0 small-vehicle 1
1122.0 1487.0 1123.0 1492.0 1111.0 1494.0 1111.0 1489.0 small-vehicle 1
1098.0 1457.0 1098.0 1452.0 1107.0 1452.0 1107.0 1457.0 small-vehicle 1
1150.0 1141.0 1211.0 1141.0 1211.0 1202.0 1150.0 1202.0 roundabout 0
1062.0 565.0 1060.0 561.0 1069.0 558.0 1071.0 563.0 small-vehicle 1
883.0 157.0 882.0 154.0 892.0 153.0 892.0 157.0 small-vehicle 1
892.0 165.0 891.0 168.0 883.0 169.0 883.0 165.0 small-vehicle 1
887.0 1334.0 882.0 1334.0 882.0 1325.0 887.0 1325.0 small-vehicle 1
874.0 1177.0 868.0 1178.0 867.0 1169.0 872.0 1168.0 small-vehicle 1
843.0 914.0 847.0 913.0 849.0 922.0 845.0 923.0 small-vehicle 1
846.0 984.0 840.0 985.0 839.0 974.0 844.0 974.0 small-vehicle 1
861.0 1079.0 856.0 1079.0 854.0 1068.0 858.0 1067.0 small-vehicle 1
869.0 1146.0 864.0 1147.0 863.0 1137.0 868.0 1137.0 small-vehicle 1
761.0 1191.0 765.0 1193.0 758.0 1201.0 755.0 1197.0 small-vehicle 1
830.0 1160.0 831.0 1165.0 820.0 1166.0 821.0 1161.0 small-vehicle 1
848.0 1160.0 848.0 1164.0 838.0 1165.0 838.0 1161.0 small-vehicle 1
865.0 1165.0 863.0 1169.0 852.0 1165.0 855.0 1161.0 small-vehicle 1
875.0 1199.0 870.0 1199.0 868.0 1189.0 873.0 1189.0 small-vehicle 1
882.0 175.0 882.0 170.0 892.0 169.0 892.0 173.0 small-vehicle 1
875.0 1212.0 870.0 1213.0 869.0 1203.0 874.0 1202.0 small-vehicle 1
877.0 1230.0 871.0 1230.0 870.0 1219.0 875.0 1219.0 small-vehicle 1
879.0 1246.0 874.0 1247.0 872.0 1236.0 877.0 1235.0 small-vehicle 1
882.0 1241.0 886.0 1241.0 887.0 1252.0 882.0 1252.0 small-vehicle 1
881.0 1265.0 875.0 1266.0 874.0 1254.0 879.0 1254.0 small-vehicle 1
882.0 1310.0 878.0 1310.0 878.0 1300.0 882.0 1299.0 small-vehicle 1
884.0 1319.0 879.0 1319.0 879.0 1310.0 884.0 1309.0 small-vehicle 1
892.0 1305.0 897.0 1305.0 897.0 1315.0 892.0 1315.0 small-vehicle 1
839.0 889.0 842.0 888.0 844.0 898.0 840.0 899.0 small-vehicle 1
836.0 862.0 832.0 864.0 829.0 852.0 834.0 851.0 small-vehicle 1
820.0 849.0 816.0 849.0 814.0 840.0 818.0 839.0 small-vehicle 1
822.0 813.0 826.0 812.0 829.0 820.0 825.0 822.0 small-vehicle 1
883.0 179.0 883.0 175.0 893.0 175.0 893.0 179.0 small-vehicle 1
891.0 203.0 891.0 207.0 881.0 207.0 881.0 203.0 small-vehicle 1
881.0 220.0 881.0 215.0 891.0 212.0 891.0 217.0 small-vehicle 1
792.0 319.0 795.0 321.0 793.0 327.0 789.0 326.0 small-vehicle 1
777.0 425.0 771.0 425.0 771.0 415.0 776.0 415.0 small-vehicle 1
891.0 462.0 895.0 462.0 895.0 471.0 891.0 471.0 small-vehicle 1
890.0 471.0 886.0 471.0 886.0 462.0 890.0 463.0 small-vehicle 1
780.0 481.0 775.0 482.0 774.0 471.0 778.0 471.0 small-vehicle 1
782.0 569.0 778.0 569.0 777.0 561.0 781.0 561.0 small-vehicle 1
778.0 601.0 772.0 602.0 771.0 591.0 776.0 590.0 small-vehicle 1
787.0 612.0 782.0 612.0 781.0 603.0 786.0 602.0 small-vehicle 1
971.0 559.0 969.0 555.0 978.0 550.0 980.0 555.0 small-vehicle 1
874.0 560.0 878.0 563.0 874.0 570.0 869.0 569.0 small-vehicle 1
880.0 558.0 877.0 556.0 883.0 548.0 887.0 550.0 small-vehicle 1
810.0 640.0 815.0 640.0 816.0 648.0 811.0 649.0 small-vehicle 1
791.0 667.0 786.0 667.0 785.0 656.0 791.0 656.0 small-vehicle 1
801.0 736.0 796.0 737.0 793.0 726.0 797.0 725.0 small-vehicle 1
445.0 1611.0 442.0 1605.0 474.0 1590.0 476.0 1597.0 large-vehicle 0
