imagesource:GoogleEarth
gsd:1.01442549492
966.0 626.0 993.0 626.0 993.0 652.0 966.0 652.0 roundabout 0
694.0 1719.0 697.0 1718.0 698.0 1727.0 695.0 1728.0 large-vehicle 1
690.0 1720.0 693.0 1719.0 695.0 1728.0 693.0 1729.0 large-vehicle 1
686.0 1720.0 689.0 1718.0 691.0 1726.0 688.0 1727.0 large-vehicle 1
593.0 1735.0 631.0 1735.0 631.0 1772.0 593.0 1772.0 roundabout 0
308.0 1658.0 336.0 1658.0 336.0 1686.0 308.0 1686.0 roundabout 0
545.0 503.0 548.0 502.0 548.0 508.0 545.0 508.0 small-vehicle 1
118.0 524.0 121.0 526.0 119.0 531.0 116.0 530.0 small-vehicle 1
