imagesource:GoogleEarth
gsd:0.938689284084
524.0 297.0 528.0 297.0 529.0 301.0 525.0 301.0 swimming-pool 1
500.0 186.0 506.0 186.0 505.0 196.0 500.0 196.0 swimming-pool 1
1739.0 691.0 1796.0 696.0 1794.0 710.0 1738.0 705.0 bridge 0
1459.0 1989.0 1532.0 2005.0 1528.0 2020.0 1454.0 2006.0 bridge 0
213.0 434.0 238.0 438.0 236.0 448.0 211.0 445.0 bridge 0
196.0 703.0 222.0 701.0 222.0 714.0 197.0 717.0 bridge 0
329.0 1229.0 353.0 1189.0 366.0 1198.0 343.0 1236.0 bridge 0
535.0 1877.0 573.0 1882.0 571.0 1902.0 533.0 1898.0 bridge 0
