imagesource:GoogleEarth
gsd:0.995827937215
752.0 2254.0 771.0 2254.0 771.0 2275.0 752.0 2275.0 storage-tank 0
684.0 2238.0 704.0 2238.0 704.0 2260.0 684.0 2260.0 storage-tank 0
664.0 2228.0 686.0 2228.0 686.0 2252.0 664.0 2252.0 storage-tank 0
659.0 2260.0 673.0 2260.0 673.0 2272.0 659.0 2272.0 storage-tank 1
650.0 2250.0 661.0 2250.0 661.0 2264.0 650.0 2264.0 storage-tank 1
610.0 2247.0 643.0 2247.0 643.0 2282.0 610.0 2282.0 storage-tank 0
616.0 2206.0 660.0 2206.0 660.0 2248.0 616.0 2248.0 storage-tank 0
953.0 1098.0 988.0 1098.0 988.0 1130.0 953.0 1130.0 roundabout 0
1053.0 813.0 1085.0 813.0 1085.0 842.0 1053.0 842.0 roundabout 0
364.0 620.0 428.0 654.0 418.0 668.0 353.0 637.0 bridge 0
549.0 468.0 588.0 510.0 575.0 522.0 536.0 478.0 bridge 0
