imagesource:GoogleEarth
gsd:0.898736599503
1957.0 1783.0 1976.0 1783.0 1976.0 1802.0 1957.0 1802.0 roundabout 0
1087.0 293.0 1100.0 293.0 1100.0 306.0 1087.0 306.0 roundabout 1
1148.0 609.0 1165.0 609.0 1165.0 626.0 1148.0 626.0 roundabout 0
166.0 1756.0 186.0 1756.0 186.0 1774.0 166.0 1774.0 roundabout 0
2392.0 465.0 2412.0 537.0 2301.0 570.0 2278.0 499.0 soccer-ball-field 0
823.0 245.0 916.0 225.0 956.0 416.0 862.0 440.0 ground-track-field 0
841.0 284.0 916.0 267.0 939.0 379.0 862.0 396.0 soccer-ball-field 0
998.0 174.0 1078.0 183.0 1070.0 299.0 991.0 292.0 soccer-ball-field 0
1226.0 890.0 1301.0 897.0 1299.0 1006.0 1220.0 1002.0 soccer-ball-field 0
