imagesource:GoogleEarth
gsd:1.01181877398
1318.0 56.0 1319.0 51.0 1331.0 57.0 1330.0 61.0 large-vehicle 1
1055.0 205.0 1052.0 201.0 1071.0 193.0 1072.0 197.0 large-vehicle 1
677.0 1516.0 681.0 1514.0 684.0 1526.0 681.0 1528.0 large-vehicle 1
1177.0 2527.0 1174.0 2530.0 1161.0 2513.0 1166.0 2508.0 large-vehicle 1
1147.0 298.0 1142.0 300.0 1135.0 284.0 1139.0 280.0 large-vehicle 1
1154.0 304.0 1159.0 301.0 1167.0 318.0 1163.0 321.0 large-vehicle 1
1054.0 337.0 1058.0 334.0 1067.0 352.0 1064.0 356.0 large-vehicle 1
1131.0 230.0 1128.0 232.0 1121.0 213.0 1124.0 211.0 large-vehicle 1
1147.0 261.0 1143.0 263.0 1134.0 247.0 1137.0 243.0 large-vehicle 1
1117.0 235.0 1114.0 238.0 1106.0 220.0 1111.0 218.0 large-vehicle 1
1124.0 284.0 1122.0 279.0 1136.0 274.0 1137.0 279.0 large-vehicle 1
1114.0 186.0 1112.0 180.0 1129.0 174.0 1131.0 179.0 large-vehicle 1
1134.0 173.0 1132.0 169.0 1146.0 163.0 1146.0 167.0 large-vehicle 1
1031.0 204.0 1030.0 198.0 1047.0 192.0 1049.0 197.0 large-vehicle 1
805.0 451.0 808.0 452.0 803.0 468.0 800.0 467.0 large-vehicle 1
1079.0 98.0 1077.0 93.0 1093.0 87.0 1095.0 91.0 large-vehicle 1
1090.0 88.0 1088.0 84.0 1100.0 78.0 1101.0 83.0 large-vehicle 1
1130.0 75.0 1128.0 71.0 1146.0 65.0 1146.0 68.0 large-vehicle 1
1137.0 96.0 1136.0 93.0 1156.0 84.0 1156.0 88.0 large-vehicle 1
990.0 25.0 995.0 26.0 988.0 45.0 985.0 42.0 large-vehicle 1
1019.0 13.0 1023.0 13.0 1016.0 32.0 1012.0 31.0 large-vehicle 1
1026.0 10.0 1031.0 11.0 1025.0 31.0 1022.0 28.0 large-vehicle 1
1041.0 5.0 1044.0 7.0 1038.0 23.0 1035.0 22.0 large-vehicle 1
1055.0 1.0 1059.0 2.0 1052.0 20.0 1048.0 18.0 large-vehicle 1
1108.0 5.0 1113.0 5.0 1106.0 21.0 1103.0 20.0 large-vehicle 1
1094.0 8.0 1098.0 9.0 1091.0 31.0 1088.0 29.0 large-vehicle 1
808.0 460.0 812.0 461.0 806.0 476.0 803.0 474.0 large-vehicle 1
802.0 445.0 805.0 446.0 800.0 463.0 796.0 461.0 large-vehicle 1
1416.0 200.0 1415.0 196.0 1426.0 189.0 1427.0 193.0 large-vehicle 1
789.0 357.0 793.0 355.0 801.0 372.0 798.0 375.0 large-vehicle 1
1653.0 1058.0 1620.0 1069.0 1609.0 1026.0 1646.0 1015.0 plane 0
1705.0 1044.0 1666.0 1055.0 1655.0 1013.0 1696.0 1003.0 plane 0
1790.0 1019.0 1760.0 1027.0 1747.0 988.0 1784.0 976.0 plane 0
227.0 589.0 246.0 589.0 246.0 607.0 227.0 607.0 roundabout 0
1692.0 328.0 1730.0 328.0 1730.0 368.0 1692.0 368.0 roundabout 0
1439.0 742.0 1451.0 742.0 1451.0 753.0 1439.0 753.0 roundabout 1
1565.0 2043.0 1584.0 2043.0 1584.0 2061.0 1565.0 2061.0 roundabout 0
689.0 1611.0 694.0 1609.0 699.0 1623.0 695.0 1627.0 large-vehicle 1
631.0 1417.0 637.0 1415.0 640.0 1434.0 635.0 1435.0 large-vehicle 1
523.0 647.0 527.0 644.0 530.0 655.0 527.0 658.0 large-vehicle 1
451.0 504.0 455.0 501.0 462.0 510.0 459.0 514.0 large-vehicle 1
798.0 375.0 801.0 372.0 808.0 389.0 806.0 391.0 large-vehicle 1
799.0 436.0 804.0 440.0 797.0 454.0 794.0 451.0 large-vehicle 1
800.0 392.0 804.0 389.0 811.0 406.0 808.0 408.0 large-vehicle 1
791.0 373.0 796.0 369.0 802.0 385.0 799.0 388.0 large-vehicle 1
778.0 380.0 781.0 382.0 775.0 398.0 773.0 396.0 large-vehicle 1
780.0 390.0 785.0 392.0 777.0 411.0 774.0 408.0 large-vehicle 1
783.0 395.0 786.0 397.0 781.0 414.0 777.0 412.0 large-vehicle 1
786.0 401.0 790.0 402.0 786.0 420.0 781.0 419.0 large-vehicle 1
788.0 409.0 793.0 409.0 788.0 425.0 783.0 424.0 large-vehicle 1
791.0 414.0 795.0 417.0 790.0 430.0 787.0 429.0 large-vehicle 1
793.0 422.0 797.0 423.0 791.0 441.0 788.0 440.0 large-vehicle 1
794.0 430.0 798.0 432.0 793.0 445.0 789.0 443.0 large-vehicle 1
796.0 436.0 799.0 437.0 794.0 450.0 791.0 449.0 large-vehicle 1
1085.0 13.0 1090.0 14.0 1086.0 32.0 1081.0 32.0 large-vehicle 1
1072.0 15.0 1076.0 15.0 1072.0 37.0 1068.0 37.0 large-vehicle 1
1068.0 16.0 1072.0 18.0 1067.0 37.0 1063.0 37.0 large-vehicle 1
1509.0 860.0 1508.0 855.0 1522.0 849.0 1524.0 853.0 large-vehicle 1
1603.0 133.0 1604.0 128.0 1618.0 134.0 1616.0 140.0 large-vehicle 1
1402.0 116.0 1408.0 114.0 1415.0 131.0 1411.0 133.0 large-vehicle 1
1411.0 136.0 1415.0 132.0 1422.0 147.0 1419.0 150.0 large-vehicle 1
1417.0 151.0 1421.0 148.0 1428.0 164.0 1424.0 166.0 large-vehicle 1
1424.0 168.0 1429.0 165.0 1435.0 182.0 1431.0 184.0 large-vehicle 1
1433.0 190.0 1437.0 187.0 1445.0 206.0 1440.0 210.0 large-vehicle 1
1570.0 861.0 1568.0 864.0 1556.0 858.0 1557.0 853.0 large-vehicle 1
1591.0 829.0 1596.0 829.0 1596.0 847.0 1591.0 847.0 large-vehicle 1
1629.0 847.0 1628.0 843.0 1640.0 839.0 1641.0 843.0 large-vehicle 1
1671.0 835.0 1671.0 831.0 1684.0 826.0 1684.0 829.0 large-vehicle 1
1677.0 840.0 1675.0 836.0 1686.0 831.0 1687.0 835.0 large-vehicle 1
1509.0 865.0 1508.0 862.0 1523.0 855.0 1525.0 860.0 large-vehicle 1
1059.0 23.0 1063.0 24.0 1057.0 43.0 1054.0 42.0 large-vehicle 1
1511.0 871.0 1509.0 867.0 1525.0 860.0 1525.0 866.0 large-vehicle 1
1455.0 888.0 1459.0 887.0 1463.0 902.0 1459.0 904.0 large-vehicle 1
1481.0 893.0 1486.0 896.0 1479.0 911.0 1475.0 909.0 large-vehicle 1
1492.0 917.0 1493.0 913.0 1509.0 919.0 1508.0 924.0 large-vehicle 1
1596.0 1099.0 1594.0 1094.0 1608.0 1089.0 1610.0 1094.0 large-vehicle 1
1613.0 1091.0 1612.0 1087.0 1626.0 1084.0 1627.0 1089.0 large-vehicle 1
1397.0 2046.0 1397.0 2043.0 1410.0 2044.0 1409.0 2047.0 large-vehicle 1
1700.0 2022.0 1701.0 2018.0 1714.0 2024.0 1712.0 2028.0 large-vehicle 1
1708.0 2031.0 1709.0 2025.0 1720.0 2032.0 1718.0 2038.0 large-vehicle 1
1618.0 1620.0 1618.0 1615.0 1629.0 1614.0 1630.0 1620.0 large-vehicle 1
1410.0 184.0 1408.0 180.0 1421.0 173.0 1421.0 177.0 large-vehicle 1
1452.0 50.0 1454.0 43.0 1472.0 54.0 1470.0 60.0 large-vehicle 1
1195.0 444.0 1193.0 439.0 1205.0 436.0 1206.0 441.0 large-vehicle 1
1338.0 399.0 1336.0 395.0 1348.0 392.0 1348.0 396.0 large-vehicle 1
1337.0 404.0 1337.0 400.0 1348.0 397.0 1348.0 401.0 large-vehicle 1
1051.0 23.0 1054.0 24.0 1050.0 44.0 1047.0 43.0 large-vehicle 1
1036.0 29.0 1040.0 30.0 1034.0 51.0 1030.0 47.0 large-vehicle 1
1040.0 29.0 1044.0 30.0 1040.0 52.0 1036.0 51.0 large-vehicle 1
1023.0 35.0 1026.0 36.0 1020.0 56.0 1017.0 55.0 large-vehicle 1
1004.0 43.0 1010.0 45.0 1004.0 63.0 999.0 61.0 large-vehicle 1
1004.0 75.0 1004.0 70.0 1020.0 76.0 1018.0 81.0 large-vehicle 1
1030.0 62.0 1030.0 58.0 1048.0 67.0 1047.0 69.0 large-vehicle 1
1084.0 49.0 1084.0 44.0 1095.0 49.0 1094.0 53.0 large-vehicle 1
1283.0 47.0 1283.0 43.0 1300.0 50.0 1300.0 55.0 large-vehicle 1
1298.0 31.0 1298.0 26.0 1314.0 33.0 1313.0 40.0 large-vehicle 1
1275.0 78.0 1274.0 74.0 1294.0 66.0 1295.0 70.0 large-vehicle 1
1221.0 139.0 1226.0 137.0 1231.0 150.0 1228.0 154.0 large-vehicle 1
1196.0 147.0 1200.0 144.0 1209.0 164.0 1205.0 165.0 large-vehicle 1
1220.0 170.0 1225.0 167.0 1232.0 183.0 1228.0 187.0 large-vehicle 1
1231.0 160.0 1235.0 158.0 1240.0 175.0 1236.0 176.0 large-vehicle 1
1234.0 210.0 1239.0 206.0 1244.0 222.0 1240.0 224.0 large-vehicle 1
1243.0 227.0 1248.0 224.0 1254.0 242.0 1250.0 244.0 large-vehicle 1
1248.0 227.0 1252.0 225.0 1258.0 242.0 1254.0 243.0 large-vehicle 1
1249.0 245.0 1255.0 242.0 1262.0 262.0 1257.0 264.0 large-vehicle 1
1259.0 267.0 1264.0 263.0 1267.0 280.0 1264.0 282.0 large-vehicle 1
1350.0 469.0 1354.0 466.0 1361.0 485.0 1358.0 488.0 large-vehicle 1
1344.0 428.0 1342.0 421.0 1355.0 418.0 1356.0 424.0 large-vehicle 1
1343.0 420.0 1342.0 417.0 1353.0 411.0 1354.0 415.0 large-vehicle 1
1634.0 873.0 1666.0 864.0 1675.0 896.0 1645.0 906.0 plane 0
