imagesource:GoogleEarth
gsd:0.977117016915
818.0 438.0 839.0 438.0 839.0 462.0 818.0 462.0 storage-tank 0
792.0 406.0 821.0 406.0 821.0 434.0 792.0 434.0 storage-tank 0
584.0 1389.0 623.0 1325.0 713.0 1384.0 675.0 1443.0 soccer-ball-field 1
814.0 1370.0 877.0 1411.0 821.0 1507.0 757.0 1466.0 soccer-ball-field 1
1400.0 447.0 1432.0 429.0 1444.0 446.0 1412.0 463.0 bridge 0
1543.0 608.0 1571.0 588.0 1587.0 605.0 1558.0 625.0 bridge 0
1800.0 786.0 1807.0 749.0 1823.0 751.0 1815.0 790.0 bridge 0
567.0 2003.0 615.0 2029.0 601.0 2062.0 553.0 2042.0 swimming-pool 0
572.0 245.0 594.0 245.0 594.0 269.0 572.0 269.0 storage-tank 0
602.0 247.0 637.0 247.0 637.0 280.0 602.0 280.0 storage-tank 0
653.0 223.0 688.0 223.0 688.0 257.0 653.0 257.0 storage-tank 0
688.0 205.0 721.0 205.0 721.0 238.0 688.0 238.0 storage-tank 0
676.0 255.0 710.0 255.0 710.0 287.0 676.0 287.0 storage-tank 0
629.0 281.0 663.0 281.0 663.0 313.0 629.0 313.0 storage-tank 0
646.0 336.0 671.0 336.0 671.0 365.0 646.0 365.0 storage-tank 0
675.0 331.0 700.0 331.0 700.0 358.0 675.0 358.0 storage-tank 0
707.0 298.0 740.0 298.0 740.0 329.0 707.0 329.0 storage-tank 0
738.0 272.0 771.0 272.0 771.0 305.0 738.0 305.0 storage-tank 0
675.0 364.0 716.0 364.0 716.0 403.0 675.0 403.0 storage-tank 0
729.0 323.0 763.0 323.0 763.0 360.0 729.0 360.0 storage-tank 0
760.0 301.0 793.0 301.0 793.0 337.0 760.0 337.0 storage-tank 0
806.0 272.0 836.0 272.0 836.0 306.0 806.0 306.0 storage-tank 0
823.0 303.0 856.0 303.0 856.0 334.0 823.0 334.0 storage-tank 0
846.0 333.0 877.0 333.0 877.0 363.0 846.0 363.0 storage-tank 0
866.0 364.0 896.0 364.0 896.0 391.0 866.0 391.0 storage-tank 0
791.0 346.0 821.0 346.0 821.0 377.0 791.0 377.0 storage-tank 0
765.0 367.0 794.0 367.0 794.0 398.0 765.0 398.0 storage-tank 0
717.0 410.0 760.0 410.0 760.0 452.0 717.0 452.0 storage-tank 0
755.0 447.0 794.0 447.0 794.0 488.0 755.0 488.0 storage-tank 0
820.0 384.0 851.0 384.0 851.0 416.0 820.0 416.0 storage-tank 0
839.0 416.0 872.0 416.0 872.0 449.0 839.0 449.0 storage-tank 0
619.0 1318.0 649.0 1269.0 739.0 1328.0 710.0 1378.0 soccer-ball-field 0
