imagesource:GoogleEarth
gsd:0.571451051192
1304.0 3096.0 1359.0 3096.0 1359.0 3160.0 1304.0 3160.0 storage-tank 0
1526.0 771.0 1469.0 789.0 1438.0 727.0 1499.0 704.0 plane 0
1376.0 837.0 1337.0 860.0 1308.0 802.0 1355.0 779.0 plane 0
1288.0 877.0 1220.0 872.0 1228.0 798.0 1291.0 801.0 plane 0
1168.0 862.0 1118.0 836.0 1149.0 775.0 1201.0 798.0 plane 0
1032.0 625.0 1008.0 574.0 1067.0 544.0 1092.0 600.0 plane 0
1448.0 147.0 1391.0 169.0 1362.0 90.0 1419.0 69.0 plane 0
1372.0 339.0 1435.0 311.0 1467.0 381.0 1400.0 411.0 plane 0
1141.0 2078.0 1082.0 2147.0 991.0 2052.0 1061.0 1986.0 plane 0
1186.0 1495.0 1230.0 1588.0 1137.0 1625.0 1100.0 1527.0 plane 0
1078.0 1412.0 1130.0 1444.0 1098.0 1495.0 1045.0 1454.0 plane 0
974.0 1355.0 1030.0 1359.0 1030.0 1427.0 965.0 1417.0 plane 0
870.0 1404.0 926.0 1381.0 952.0 1441.0 894.0 1464.0 plane 0
571.0 1457.0 635.0 1480.0 607.0 1546.0 539.0 1512.0 plane 0
507.0 1269.0 488.0 1319.0 416.0 1279.0 446.0 1236.0 plane 0
587.0 1257.0 527.0 1280.0 494.0 1206.0 550.0 1179.0 plane 0
726.0 1178.0 664.0 1201.0 632.0 1134.0 694.0 1101.0 plane 0
849.0 865.0 870.0 917.0 816.0 942.0 794.0 892.0 plane 0
804.0 778.0 841.0 847.0 776.0 875.0 745.0 806.0 plane 0
1337.0 654.0 1366.0 714.0 1310.0 741.0 1284.0 684.0 plane 0
1611.0 754.0 1549.0 735.0 1559.0 667.0 1622.0 682.0 plane 0
2884.0 104.0 2862.0 52.0 2920.0 31.0 2943.0 88.0 plane 0
1674.0 831.0 1638.0 748.0 1725.0 719.0 1758.0 804.0 plane 0
2936.0 201.0 2911.0 149.0 2961.0 125.0 2985.0 182.0 plane 0
2978.0 295.0 2960.0 247.0 3011.0 225.0 3034.0 275.0 plane 0
3123.0 575.0 3103.0 525.0 3152.0 505.0 3174.0 560.0 plane 0
2805.0 2429.0 2763.0 2450.0 2729.0 2385.0 2778.0 2368.0 plane 0
1911.0 396.0 1921.0 464.0 1851.0 474.0 1843.0 402.0 plane 0
2949.0 1661.0 2994.0 1640.0 3027.0 1704.0 2980.0 1728.0 plane 0
2339.0 1142.0 2291.0 1160.0 2264.0 1088.0 2309.0 1067.0 plane 0
2208.0 1909.0 2202.0 1817.0 2296.0 1811.0 2297.0 1908.0 plane 0
2178.0 1805.0 2156.0 1760.0 2214.0 1738.0 2231.0 1787.0 plane 0
1918.0 1636.0 1866.0 1640.0 1852.0 1572.0 1906.0 1569.0 plane 0
1854.0 1675.0 1796.0 1675.0 1791.0 1607.0 1846.0 1607.0 plane 0
1639.0 1728.0 1549.0 1661.0 1610.0 1561.0 1710.0 1620.0 plane 0
1432.0 1434.0 1410.0 1372.0 1471.0 1349.0 1497.0 1412.0 plane 0
1379.0 1304.0 1376.0 1237.0 1442.0 1232.0 1448.0 1302.0 plane 0
1536.0 1069.0 1584.0 1049.0 1612.0 1101.0 1562.0 1130.0 plane 0
1607.0 1034.0 1657.0 1014.0 1681.0 1070.0 1632.0 1092.0 plane 0
1721.0 921.0 1754.0 874.0 1808.0 917.0 1774.0 968.0 plane 0
622.0 889.0 651.0 945.0 577.0 981.0 544.0 925.0 plane 0
