imagesource:GoogleEarth
gsd:0.273417040106
2674.0 1150.0 2804.0 1201.0 2744.0 1361.0 2608.0 1299.0 plane 0
3274.0 1324.0 3505.0 1314.0 3533.0 1556.0 3290.0 1566.0 plane 0
2967.0 1266.0 3099.0 1321.0 3044.0 1446.0 2911.0 1380.0 plane 0
3027.0 3055.0 3072.0 2942.0 3181.0 2989.0 3132.0 3101.0 plane 0
2979.0 3166.0 3017.0 3072.0 3125.0 3121.0 3082.0 3210.0 plane 0
2925.0 3285.0 2961.0 3196.0 3070.0 3239.0 3031.0 3334.0 plane 0
3604.0 3342.0 3552.0 3471.0 3412.0 3410.0 3466.0 3280.0 plane 0
1600.0 3704.0 1464.0 3651.0 1521.0 3523.0 1655.0 3569.0 plane 0
1336.0 3541.0 1194.0 3479.0 1249.0 3334.0 1389.0 3387.0 plane 0
919.0 3447.0 777.0 3386.0 834.0 3265.0 967.0 3310.0 plane 0
151.0 2567.0 294.0 2612.0 234.0 2765.0 85.0 2711.0 plane 0
1398.0 1972.0 1270.0 1920.0 1316.0 1802.0 1448.0 1856.0 plane 0
1691.0 2096.0 1566.0 2040.0 1614.0 1917.0 1746.0 1974.0 plane 0
2009.0 2677.0 2140.0 2731.0 2085.0 2867.0 1954.0 2802.0 plane 0
2260.0 34.0 2215.0 135.0 2082.0 71.0 2127.0 20.0 plane 1
3127.0 2803.0 3168.0 2689.0 3262.0 2725.0 3222.0 2840.0 plane 0
1760.0 3839.0 1626.0 3785.0 1667.0 3654.0 1811.0 3706.0 plane 0
4326.0 3963.0 4366.0 4072.0 4266.0 4114.0 4217.0 3994.0 plane 0
4170.0 2002.0 4127.0 2131.0 3965.0 2064.0 4012.0 1940.0 plane 0
1754.0 377.0 1525.0 461.0 1436.0 204.0 1665.0 132.0 plane 0
1637.0 654.0 1677.0 855.0 1473.0 875.0 1420.0 682.0 plane 0
3649.0 3467.0 3737.0 3496.0 3709.0 3608.0 3612.0 3572.0 plane 0
2049.0 878.0 2175.0 931.0 2131.0 1055.0 2010.0 1005.0 plane 0
2823.0 1210.0 2943.0 1255.0 2889.0 1407.0 2767.0 1362.0 plane 0
3083.0 2928.0 3110.0 2829.0 3235.0 2870.0 3200.0 2975.0 plane 0
946.0 396.0 1087.0 445.0 1040.0 583.0 885.0 525.0 plane 0
1899.0 825.0 2027.0 874.0 1978.0 1011.0 1841.0 951.0 plane 0
3547.0 3500.0 3508.0 3605.0 3386.0 3548.0 3430.0 3447.0 plane 0
2344.0 1007.0 2470.0 1067.0 2415.0 1194.0 2280.0 1126.0 plane 0
