imagesource:GoogleEarth
gsd:0.530552743119
721.0 3853.0 758.0 3823.0 807.0 3885.0 768.0 3915.0 plane 0
4874.0 627.0 4902.0 648.0 4874.0 682.0 4846.0 655.0 plane 0
3945.0 998.0 3994.0 962.0 4035.0 1019.0 3987.0 1052.0 plane 0
4932.0 646.0 4957.0 674.0 4932.0 698.0 4902.0 670.0 plane 0
4977.0 604.0 5005.0 626.0 4980.0 656.0 4950.0 630.0 plane 0
5029.0 557.0 5059.0 583.0 5034.0 616.0 4996.0 589.0 plane 0
5081.0 517.0 5101.0 543.0 5077.0 570.0 5052.0 538.0 plane 0
5067.0 449.0 5102.0 477.0 5069.0 510.0 5041.0 481.0 plane 0
5025.0 497.0 5047.0 519.0 5019.0 551.0 4994.0 523.0 plane 0
4970.0 540.0 4998.0 559.0 4972.0 593.0 4945.0 569.0 plane 0
4925.0 579.0 4953.0 601.0 4923.0 638.0 4897.0 612.0 plane 0
4826.0 667.0 4847.0 697.0 4821.0 721.0 4803.0 695.0 plane 0
551.0 3998.0 600.0 3963.0 643.0 4021.0 600.0 4061.0 plane 0
4879.0 692.0 4910.0 720.0 4882.0 743.0 4852.0 716.0 plane 0
4570.0 897.0 4524.0 932.0 4477.0 871.0 4528.0 828.0 plane 0
4750.0 738.0 4700.0 776.0 4663.0 718.0 4708.0 681.0 plane 0
4813.0 666.0 4788.0 685.0 4759.0 649.0 4787.0 627.0 plane 0
4874.0 610.0 4850.0 629.0 4818.0 598.0 4850.0 570.0 plane 0
4936.0 555.0 4905.0 579.0 4880.0 543.0 4911.0 518.0 plane 0
4993.0 501.0 4971.0 524.0 4945.0 488.0 4968.0 465.0 plane 0
5040.0 466.0 5013.0 491.0 4987.0 459.0 5019.0 430.0 plane 0
4423.0 569.0 4470.0 528.0 4522.0 593.0 4472.0 635.0 plane 0
3863.0 1066.0 3905.0 1034.0 3950.0 1088.0 3904.0 1127.0 plane 0
3776.0 1150.0 3812.0 1125.0 3839.0 1160.0 3802.0 1190.0 plane 0
3685.0 1232.0 3723.0 1204.0 3754.0 1242.0 3718.0 1278.0 plane 0
3472.0 1525.0 3425.0 1557.0 3386.0 1503.0 3428.0 1465.0 plane 0
398.0 3964.0 438.0 4004.0 391.0 4052.0 343.0 4001.0 plane 0
504.0 4373.0 466.0 4325.0 519.0 4281.0 560.0 4337.0 plane 0
1128.0 4036.0 1096.0 4093.0 1038.0 4049.0 1070.0 3994.0 plane 0
1355.0 3809.0 1310.0 3845.0 1266.0 3790.0 1313.0 3756.0 plane 0
1438.0 3736.0 1404.0 3768.0 1356.0 3718.0 1400.0 3681.0 plane 0
1531.0 3681.0 1492.0 3710.0 1438.0 3645.0 1482.0 3612.0 plane 0
1047.0 3565.0 1092.0 3528.0 1136.0 3587.0 1088.0 3624.0 plane 0
1508.0 3471.0 1504.0 3531.0 1417.0 3523.0 1423.0 3466.0 plane 0
2186.0 3110.0 2123.0 3127.0 2102.0 3060.0 2171.0 3040.0 plane 0
1703.0 3524.0 1651.0 3554.0 1615.0 3487.0 1673.0 3458.0 plane 0
1983.0 3274.0 1949.0 3311.0 1896.0 3256.0 1939.0 3213.0 plane 0
1821.0 3200.0 1790.0 3149.0 1839.0 3116.0 1870.0 3173.0 plane 0
1699.0 2985.0 1737.0 2950.0 1781.0 3005.0 1743.0 3038.0 plane 0
1756.0 2928.0 1794.0 2898.0 1841.0 2950.0 1798.0 2987.0 plane 0
1818.0 2879.0 1851.0 2851.0 1899.0 2906.0 1858.0 2934.0 plane 0
2388.0 2457.0 2350.0 2491.0 2307.0 2434.0 2348.0 2399.0 plane 0
2537.0 2328.0 2491.0 2368.0 2443.0 2306.0 2492.0 2266.0 plane 0
3067.0 1904.0 3022.0 1940.0 2976.0 1879.0 3026.0 1844.0 plane 0
3379.0 1609.0 3336.0 1641.0 3291.0 1586.0 3343.0 1552.0 plane 0
4573.0 452.0 4608.0 428.0 4641.0 467.0 4607.0 498.0 plane 0
