imagesource:GoogleEarth
gsd:0.243928732814
210.0 400.0 202.0 398.0 209.0 380.0 218.0 382.0 small-vehicle 0
270.0 289.0 257.0 283.0 268.0 265.0 278.0 270.0 small-vehicle 0
764.0 580.0 803.0 547.0 873.0 622.0 832.0 657.0 tennis-court 0
692.0 565.0 666.0 525.0 749.0 475.0 779.0 516.0 tennis-court 0
245.0 727.0 271.0 686.0 354.0 733.0 328.0 771.0 tennis-court 0
208.0 791.0 233.0 750.0 320.0 801.0 293.0 842.0 tennis-court 0
169.0 862.0 192.0 821.0 279.0 872.0 253.0 912.0 tennis-court 0
130.0 928.0 155.0 886.0 241.0 937.0 215.0 979.0 tennis-court 0
495.0 181.0 885.0 56.0 971.0 312.0 574.0 437.0 soccer-ball-field 0
