imagesource:GoogleEarth
gsd:0.253210232938
658.0 1065.0 763.0 1019.0 840.0 1188.0 739.0 1235.0 soccer-ball-field 0
533.0 452.0 526.0 451.0 527.0 437.0 535.0 437.0 small-vehicle 1
350.0 186.0 553.0 215.0 546.0 253.0 344.0 233.0 swimming-pool 0
344.0 233.0 546.0 254.0 536.0 325.0 334.0 297.0 swimming-pool 0
149.0 636.0 191.0 621.0 226.0 713.0 182.0 730.0 tennis-court 0
214.0 613.0 257.0 599.0 291.0 687.0 248.0 704.0 tennis-court 0
282.0 588.0 325.0 571.0 359.0 664.0 315.0 679.0 tennis-court 0
349.0 564.0 392.0 547.0 429.0 637.0 383.0 653.0 tennis-court 0
244.0 832.0 228.0 787.0 320.0 753.0 335.0 797.0 tennis-court 0
466.0 750.0 451.0 706.0 544.0 674.0 559.0 718.0 tennis-court 0
568.0 599.0 614.0 583.0 645.0 675.0 601.0 689.0 tennis-court 0
379.0 1175.0 658.0 1156.0 688.0 1594.0 407.0 1614.0 soccer-ball-field 0
262.0 867.0 666.0 722.0 754.0 957.0 349.0 1109.0 soccer-ball-field 0
301.0 31.0 304.0 37.0 289.0 41.0 287.0 35.0 small-vehicle 0
593.0 457.0 593.0 451.0 608.0 452.0 608.0 459.0 small-vehicle 0
663.0 467.0 663.0 458.0 681.0 462.0 679.0 470.0 small-vehicle 0
879.0 1652.0 875.0 1645.0 896.0 1637.0 900.0 1644.0 small-vehicle 1
665.0 454.0 665.0 448.0 683.0 450.0 681.0 457.0 small-vehicle 0
663.0 444.0 663.0 436.0 680.0 438.0 680.0 445.0 small-vehicle 0
714.0 612.0 716.0 620.0 697.0 626.0 693.0 617.0 small-vehicle 0
714.0 645.0 718.0 653.0 705.0 658.0 701.0 650.0 small-vehicle 1
720.0 657.0 725.0 666.0 706.0 672.0 701.0 663.0 small-vehicle 0
271.0 951.0 265.0 952.0 259.0 936.0 265.0 932.0 small-vehicle 0
241.0 971.0 237.0 964.0 254.0 957.0 256.0 965.0 small-vehicle 0
235.0 961.0 232.0 951.0 248.0 945.0 252.0 954.0 small-vehicle 0
475.0 33.0 483.0 32.0 485.0 49.0 477.0 49.0 small-vehicle 0
488.0 38.0 497.0 36.0 498.0 57.0 489.0 58.0 small-vehicle 0
549.0 59.0 558.0 57.0 563.0 75.0 553.0 76.0 small-vehicle 0
734.0 343.0 729.0 348.0 710.0 335.0 716.0 327.0 small-vehicle 1
659.0 432.0 660.0 425.0 680.0 427.0 680.0 434.0 small-vehicle 1
266.0 79.0 316.0 84.0 313.0 109.0 263.0 100.0 swimming-pool 0
