imagesource:GoogleEarth
gsd:0.241815074096
977.0 206.0 973.0 214.0 954.0 204.0 958.0 197.0 small-vehicle 0
1344.0 1207.0 1729.0 1171.0 1768.0 1912.0 1423.0 1930.0 ground-track-field 0
64.0 10.0 61.0 2.0 82.0 0.0 84.0 8.0 small-vehicle 0
14.0 115.0 7.0 115.0 7.0 96.0 15.0 96.0 small-vehicle 0
242.0 12.0 242.0 4.0 263.0 4.0 263.0 12.0 small-vehicle 0
197.0 12.0 197.0 4.0 217.0 6.0 217.0 15.0 small-vehicle 0
173.0 11.0 175.0 3.0 194.0 5.0 194.0 12.0 small-vehicle 0
37.0 16.0 36.0 9.0 59.0 3.0 60.0 12.0 small-vehicle 0
1401.0 1364.0 1696.0 1330.0 1738.0 1766.0 1453.0 1795.0 soccer-ball-field 0
224.0 886.0 277.0 890.0 261.0 992.0 209.0 986.0 tennis-court 0
1697.0 526.0 1685.0 532.0 1671.0 506.0 1681.0 500.0 small-vehicle 0
141.0 873.0 192.0 879.0 174.0 982.0 126.0 973.0 tennis-court 1
247.0 724.0 297.0 728.0 282.0 831.0 232.0 824.0 tennis-court 0
164.0 712.0 212.0 719.0 197.0 818.0 148.0 812.0 tennis-court 0
261.0 558.0 306.0 561.0 295.0 670.0 246.0 664.0 tennis-court 0
331.0 420.0 377.0 424.0 363.0 523.0 317.0 515.0 tennis-court 0
252.0 406.0 301.0 414.0 288.0 515.0 239.0 508.0 tennis-court 0
181.0 398.0 232.0 404.0 217.0 506.0 167.0 499.0 tennis-court 0
150.0 9.0 150.0 1.0 174.0 1.0 170.0 11.0 small-vehicle 1
218.0 13.0 218.0 5.0 242.0 5.0 240.0 14.0 small-vehicle 1
264.0 11.0 263.0 3.0 285.0 6.0 285.0 12.0 small-vehicle 1
292.0 15.0 293.0 5.0 322.0 8.0 320.0 16.0 small-vehicle 1
1217.0 546.0 1224.0 551.0 1211.0 566.0 1205.0 561.0 small-vehicle 0
996.0 506.0 996.0 496.0 1022.0 499.0 1021.0 508.0 small-vehicle 1
1219.0 1163.0 1210.0 1163.0 1207.0 1145.0 1217.0 1144.0 small-vehicle 1
1409.0 1138.0 1398.0 1138.0 1397.0 1116.0 1407.0 1115.0 small-vehicle 1
1349.0 1118.0 1359.0 1119.0 1356.0 1139.0 1346.0 1137.0 small-vehicle 1
1293.0 1105.0 1299.0 1107.0 1296.0 1123.0 1288.0 1121.0 small-vehicle 0
588.0 1329.0 578.0 1327.0 580.0 1309.0 590.0 1311.0 small-vehicle 0
590.0 1070.0 590.0 1061.0 610.0 1061.0 611.0 1069.0 small-vehicle 1
877.0 339.0 869.0 344.0 862.0 325.0 870.0 322.0 small-vehicle 1
885.0 375.0 874.0 378.0 869.0 360.0 880.0 357.0 small-vehicle 1
493.0 192.0 483.0 191.0 486.0 172.0 496.0 173.0 small-vehicle 1
875.0 114.0 866.0 119.0 854.0 104.0 861.0 98.0 small-vehicle 1
387.0 19.0 388.0 11.0 415.0 14.0 414.0 23.0 small-vehicle 1
460.0 21.0 460.0 14.0 485.0 16.0 483.0 22.0 small-vehicle 1
321.0 15.0 323.0 8.0 338.0 7.0 337.0 15.0 small-vehicle 1
798.0 1086.0 1082.0 1161.0 976.0 1590.0 680.0 1502.0 soccer-ball-field 0
