imagesource:GoogleEarth
gsd:0.243530960115
705.0 265.0 712.0 270.0 703.0 282.0 697.0 277.0 small-vehicle 0
1004.0 293.0 1012.0 301.0 994.0 320.0 986.0 313.0 small-vehicle 0
647.0 209.0 655.0 214.0 645.0 229.0 636.0 226.0 small-vehicle 0
638.0 200.0 645.0 206.0 632.0 222.0 624.0 217.0 small-vehicle 0
593.0 190.0 586.0 184.0 600.0 169.0 607.0 174.0 small-vehicle 0
563.0 137.0 568.0 142.0 559.0 153.0 555.0 149.0 small-vehicle 1
537.0 141.0 530.0 134.0 540.0 117.0 549.0 122.0 small-vehicle 0
526.0 108.0 532.0 114.0 521.0 127.0 515.0 122.0 small-vehicle 0
493.0 74.0 503.0 79.0 491.0 94.0 482.0 90.0 small-vehicle 0
486.0 65.0 492.0 71.0 480.0 86.0 473.0 80.0 small-vehicle 0
461.0 68.0 453.0 63.0 465.0 48.0 472.0 54.0 small-vehicle 0
438.0 25.0 445.0 29.0 431.0 48.0 424.0 44.0 small-vehicle 0
905.0 634.0 939.0 664.0 875.0 741.0 839.0 711.0 tennis-court 0
960.0 909.0 996.0 940.0 929.0 1016.0 892.0 984.0 tennis-court 0
813.0 781.0 852.0 812.0 785.0 888.0 749.0 856.0 tennis-court 0
757.0 731.0 794.0 763.0 728.0 839.0 692.0 806.0 tennis-court 0
829.0 1048.0 866.0 1080.0 801.0 1153.0 764.0 1123.0 tennis-court 0
771.0 998.0 806.0 1029.0 741.0 1105.0 706.0 1074.0 tennis-court 0
700.0 938.0 737.0 968.0 672.0 1045.0 634.0 1014.0 tennis-court 0
643.0 888.0 680.0 917.0 615.0 997.0 579.0 965.0 tennis-court 0
590.0 840.0 626.0 874.0 557.0 944.0 520.0 913.0 tennis-court 0
668.0 224.0 674.0 230.0 661.0 245.0 654.0 240.0 small-vehicle 1
614.0 202.0 607.0 197.0 620.0 182.0 626.0 186.0 small-vehicle 1
602.0 196.0 597.0 189.0 610.0 175.0 616.0 179.0 small-vehicle 1
929.0 431.0 920.0 425.0 932.0 410.0 940.0 417.0 small-vehicle 0
925.0 1421.0 924.0 1412.0 947.0 1412.0 945.0 1421.0 small-vehicle 1
765.0 1424.0 765.0 1415.0 786.0 1417.0 787.0 1424.0 small-vehicle 1
622.0 1414.0 622.0 1405.0 644.0 1407.0 643.0 1415.0 small-vehicle 1
411.0 1371.0 412.0 1361.0 433.0 1366.0 430.0 1374.0 small-vehicle 0
382.0 1032.0 387.0 1025.0 401.0 1038.0 395.0 1043.0 small-vehicle 0
375.0 1040.0 379.0 1035.0 392.0 1047.0 387.0 1053.0 small-vehicle 1
933.0 477.0 926.0 472.0 938.0 458.0 944.0 465.0 small-vehicle 1
824.0 465.0 817.0 460.0 829.0 445.0 837.0 450.0 small-vehicle 0
985.0 316.0 991.0 322.0 979.0 336.0 973.0 330.0 small-vehicle 0
559.0 165.0 560.0 154.0 581.0 158.0 581.0 166.0 small-vehicle 1
802.0 450.0 798.0 445.0 811.0 429.0 817.0 434.0 small-vehicle 1
816.0 460.0 807.0 454.0 818.0 438.0 826.0 444.0 small-vehicle 1
784.0 430.0 778.0 423.0 789.0 410.0 796.0 418.0 small-vehicle 1
754.0 406.0 746.0 399.0 763.0 384.0 772.0 390.0 small-vehicle 1
92.0 334.0 83.0 328.0 94.0 312.0 103.0 317.0 small-vehicle 1
453.0 61.0 442.0 55.0 453.0 38.0 461.0 43.0 small-vehicle 1
507.0 117.0 500.0 110.0 512.0 95.0 519.0 99.0 small-vehicle 1
545.0 146.0 539.0 140.0 548.0 127.0 557.0 131.0 small-vehicle 1
382.0 357.0 595.0 541.0 333.0 864.0 107.0 671.0 soccer-ball-field 0
