imagesource:GoogleEarth
gsd:0.120029367135
1567.0 946.0 1577.0 934.0 1598.0 954.0 1587.0 965.0 small-vehicle 0
383.0 1867.0 389.0 1879.0 365.0 1893.0 357.0 1883.0 small-vehicle 0
1311.0 1955.0 1322.0 1965.0 1299.0 1996.0 1285.0 1984.0 small-vehicle 0
1125.0 1874.0 1139.0 1881.0 1122.0 1912.0 1109.0 1905.0 small-vehicle 0
435.0 1903.0 446.0 1918.0 412.0 1939.0 401.0 1924.0 small-vehicle 1
455.0 1918.0 464.0 1934.0 434.0 1951.0 425.0 1934.0 small-vehicle 1
491.0 1946.0 500.0 1962.0 474.0 1976.0 464.0 1960.0 small-vehicle 1
477.0 1931.0 484.0 1947.0 455.0 1960.0 448.0 1944.0 small-vehicle 0
423.0 1888.0 432.0 1904.0 398.0 1923.0 392.0 1906.0 small-vehicle 0
367.0 1850.0 375.0 1868.0 344.0 1881.0 338.0 1867.0 small-vehicle 0
1436.0 1899.0 1446.0 1890.0 1467.0 1916.0 1457.0 1925.0 small-vehicle 0
344.0 1839.0 352.0 1851.0 321.0 1869.0 312.0 1858.0 small-vehicle 0
325.0 1822.0 334.0 1836.0 300.0 1858.0 291.0 1845.0 large-vehicle 0
1094.0 861.0 1153.0 782.0 1316.0 898.0 1257.0 978.0 tennis-court 0
1086.0 342.0 1142.0 259.0 1310.0 375.0 1252.0 456.0 tennis-court 0
1010.0 448.0 1066.0 369.0 1234.0 486.0 1175.0 562.0 tennis-court 0
929.0 558.0 989.0 474.0 1158.0 596.0 1098.0 675.0 tennis-court 0
847.0 681.0 900.0 603.0 1067.0 718.0 1011.0 797.0 tennis-court 0
1503.0 1850.0 1488.0 1861.0 1453.0 1816.0 1469.0 1805.0 large-vehicle 0
1302.0 1622.0 1322.0 1636.0 1287.0 1689.0 1265.0 1675.0 large-vehicle 0
1562.0 1257.0 1580.0 1272.0 1500.0 1373.0 1481.0 1357.0 large-vehicle 0
1541.0 425.0 1530.0 440.0 1490.0 414.0 1502.0 397.0 small-vehicle 0
1601.0 1879.0 1614.0 1892.0 1583.0 1914.0 1574.0 1902.0 small-vehicle 0
1535.0 460.0 1545.0 447.0 1583.0 470.0 1574.0 483.0 small-vehicle 0
1362.0 1185.0 1347.0 1173.0 1376.0 1134.0 1391.0 1144.0 small-vehicle 0
401.0 1874.0 411.0 1892.0 378.0 1909.0 368.0 1897.0 small-vehicle 1
1562.0 1093.0 1568.0 1078.0 1604.0 1106.0 1595.0 1117.0 small-vehicle 1
1554.0 1112.0 1561.0 1103.0 1589.0 1124.0 1581.0 1129.0 small-vehicle 1
1530.0 1136.0 1537.0 1127.0 1573.0 1156.0 1565.0 1163.0 small-vehicle 1
1430.0 1933.0 1444.0 1922.0 1469.0 1956.0 1454.0 1963.0 small-vehicle 0
1283.0 1510.0 1291.0 1498.0 1322.0 1520.0 1315.0 1531.0 small-vehicle 0
527.0 1980.0 545.0 1985.0 539.0 2012.0 522.0 2013.0 small-vehicle 0
1039.0 1921.0 1030.0 1934.0 992.0 1908.0 1002.0 1894.0 small-vehicle 0
1568.0 769.0 1577.0 754.0 1607.0 777.0 1599.0 789.0 small-vehicle 0
1547.0 793.0 1557.0 779.0 1588.0 802.0 1579.0 815.0 small-vehicle 0
1526.0 826.0 1531.0 812.0 1566.0 832.0 1559.0 846.0 small-vehicle 0
1471.0 882.0 1477.0 869.0 1516.0 889.0 1511.0 901.0 small-vehicle 0
1518.0 1170.0 1525.0 1156.0 1558.0 1177.0 1551.0 1189.0 small-vehicle 0
785.0 779.0 1289.0 1149.0 748.0 1872.0 251.0 1496.0 soccer-ball-field 0
