imagesource:GoogleEarth
gsd:0.25969468601
546.0 880.0 538.0 873.0 547.0 860.0 555.0 864.0 small-vehicle 1
459.0 740.0 454.0 735.0 460.0 725.0 467.0 730.0 small-vehicle 1
282.0 742.0 286.0 734.0 300.0 746.0 296.0 752.0 small-vehicle 0
299.0 720.0 304.0 714.0 316.0 722.0 312.0 729.0 small-vehicle 1
64.0 131.0 60.0 124.0 73.0 114.0 78.0 120.0 small-vehicle 0
111.0 100.0 108.0 94.0 124.0 85.0 128.0 92.0 small-vehicle 0
133.0 88.0 130.0 80.0 144.0 73.0 147.0 80.0 small-vehicle 0
155.0 77.0 150.0 70.0 166.0 62.0 170.0 69.0 small-vehicle 0
352.0 6.0 354.0 16.0 337.0 23.0 333.0 15.0 small-vehicle 0
453.0 765.0 446.0 759.0 455.0 748.0 462.0 753.0 small-vehicle 1
87.0 2006.0 88.0 2014.0 67.0 2010.0 67.0 2002.0 small-vehicle 1
444.0 758.0 439.0 752.0 447.0 740.0 455.0 747.0 small-vehicle 1
438.0 749.0 434.0 745.0 441.0 732.0 448.0 737.0 small-vehicle 1
431.0 745.0 426.0 740.0 432.0 730.0 439.0 732.0 small-vehicle 1
424.0 738.0 416.0 732.0 423.0 722.0 432.0 726.0 small-vehicle 1
111.0 1346.0 116.0 1339.0 128.0 1355.0 124.0 1359.0 small-vehicle 0
92.0 1328.0 97.0 1323.0 111.0 1338.0 105.0 1343.0 small-vehicle 0
120.0 1457.0 111.0 1451.0 120.0 1437.0 128.0 1443.0 small-vehicle 0
413.0 625.0 418.0 630.0 409.0 642.0 402.0 636.0 small-vehicle 0
405.0 617.0 413.0 623.0 401.0 636.0 394.0 631.0 small-vehicle 0
367.0 635.0 372.0 629.0 386.0 639.0 381.0 646.0 small-vehicle 0
355.0 651.0 359.0 645.0 371.0 653.0 367.0 660.0 small-vehicle 1
737.0 1345.0 489.0 1601.0 1.0 1182.0 220.0 929.0 ground-track-field 0
600.0 739.0 843.0 781.0 770.0 1175.0 521.0 1133.0 soccer-ball-field 0
598.0 295.0 848.0 302.0 833.0 717.0 580.0 701.0 soccer-ball-field 0
275.0 1696.0 321.0 1699.0 314.0 1793.0 270.0 1790.0 tennis-court 0
346.0 1701.0 391.0 1703.0 385.0 1798.0 339.0 1795.0 tennis-court 0
416.0 1705.0 460.0 1709.0 454.0 1802.0 411.0 1800.0 tennis-court 0
300.0 1851.0 345.0 1854.0 339.0 1947.0 294.0 1944.0 tennis-court 0
360.0 1855.0 404.0 1857.0 398.0 1951.0 353.0 1948.0 tennis-court 0
418.0 1859.0 464.0 1861.0 462.0 1958.0 413.0 1953.0 tennis-court 1
499.0 208.0 505.0 201.0 520.0 214.0 515.0 221.0 small-vehicle 0
505.0 199.0 511.0 191.0 527.0 204.0 520.0 212.0 small-vehicle 0
500.0 755.0 507.0 760.0 497.0 776.0 488.0 771.0 small-vehicle 0
533.0 804.0 540.0 810.0 529.0 824.0 522.0 819.0 small-vehicle 0
460.0 658.0 467.0 663.0 455.0 678.0 448.0 673.0 small-vehicle 0
343.0 666.0 348.0 659.0 363.0 671.0 357.0 677.0 small-vehicle 0
102.0 1686.0 91.0 1688.0 79.0 1648.0 91.0 1646.0 large-vehicle 0
294.0 67.0 286.0 68.0 279.0 49.0 286.0 46.0 small-vehicle 1
306.0 64.0 295.0 65.0 291.0 46.0 298.0 44.0 small-vehicle 1
190.0 693.0 195.0 687.0 209.0 699.0 204.0 705.0 small-vehicle 0
208.0 758.0 215.0 764.0 200.0 777.0 195.0 772.0 small-vehicle 0
46.0 873.0 41.0 869.0 48.0 856.0 55.0 858.0 small-vehicle 1
98.0 836.0 94.0 842.0 80.0 836.0 82.0 828.0 small-vehicle 0
23.0 931.0 14.0 926.0 21.0 910.0 30.0 912.0 small-vehicle 0
3.0 1258.0 8.0 1252.0 19.0 1262.0 15.0 1269.0 small-vehicle 1
80.0 1462.0 83.0 1455.0 98.0 1461.0 94.0 1468.0 small-vehicle 0
131.0 1441.0 121.0 1437.0 132.0 1421.0 139.0 1426.0 small-vehicle 1
84.0 1579.0 74.0 1578.0 75.0 1560.0 83.0 1559.0 small-vehicle 1
91.0 1759.0 81.0 1760.0 80.0 1740.0 88.0 1740.0 small-vehicle 1
400.0 1623.0 390.0 1622.0 393.0 1601.0 404.0 1602.0 small-vehicle 1
53.0 1923.0 53.0 1915.0 70.0 1915.0 70.0 1924.0 small-vehicle 1
99.0 1987.0 89.0 1987.0 89.0 1970.0 97.0 1969.0 small-vehicle 0
98.0 2039.0 89.0 2037.0 92.0 2014.0 101.0 2015.0 small-vehicle 0
21.0 2194.0 16.0 2189.0 28.0 2178.0 33.0 2183.0 small-vehicle 0
66.0 2136.0 57.0 2131.0 63.0 2115.0 72.0 2120.0 small-vehicle 1
174.0 698.0 168.0 694.0 175.0 682.0 182.0 685.0 small-vehicle 1
65.0 730.0 72.0 725.0 83.0 739.0 79.0 745.0 small-vehicle 0
318.0 49.0 310.0 51.0 306.0 29.0 314.0 29.0 small-vehicle 1
36.0 737.0 41.0 732.0 55.0 744.0 48.0 749.0 small-vehicle 0
329.0 46.0 320.0 48.0 318.0 29.0 326.0 29.0 small-vehicle 1
181.0 119.0 174.0 125.0 165.0 106.0 171.0 102.0 small-vehicle 1
169.0 124.0 163.0 127.0 154.0 109.0 160.0 104.0 small-vehicle 1
159.0 129.0 151.0 130.0 145.0 114.0 150.0 110.0 small-vehicle 1
606.0 220.0 612.0 226.0 596.0 237.0 591.0 232.0 small-vehicle 1
394.0 372.0 396.0 368.0 411.0 378.0 409.0 384.0 small-vehicle 1
408.0 386.0 413.0 379.0 426.0 388.0 424.0 393.0 small-vehicle 1
46.0 723.0 50.0 719.0 62.0 730.0 60.0 735.0 small-vehicle 1
304.0 710.0 307.0 703.0 323.0 716.0 320.0 720.0 small-vehicle 1
284.0 733.0 289.0 724.0 304.0 735.0 299.0 742.0 small-vehicle 1
270.0 748.0 275.0 741.0 292.0 755.0 287.0 761.0 small-vehicle 1
250.0 778.0 255.0 771.0 271.0 786.0 267.0 790.0 small-vehicle 1
416.0 710.0 409.0 706.0 418.0 689.0 428.0 694.0 small-vehicle 1
51.0 751.0 56.0 746.0 68.0 758.0 65.0 763.0 small-vehicle 1
62.0 712.0 69.0 707.0 80.0 719.0 74.0 724.0 small-vehicle 0
112.0 1240.0 279.0 1041.0 591.0 1297.0 426.0 1500.0 soccer-ball-field 0
