imagesource:GoogleEarth
gsd:0.243543577237
1658.0 1566.0 1669.0 1558.0 1694.0 1596.0 1683.0 1604.0 large-vehicle 0
1847.0 1875.0 1854.0 1869.0 1870.0 1884.0 1863.0 1891.0 small-vehicle 0
778.0 247.0 824.0 240.0 837.0 338.0 791.0 344.0 tennis-court 0
801.0 408.0 847.0 401.0 861.0 499.0 817.0 505.0 tennis-court 0
877.0 398.0 922.0 391.0 936.0 486.0 891.0 494.0 tennis-court 0
1257.0 563.0 1272.0 561.0 1275.0 594.0 1260.0 595.0 large-vehicle 0
1316.0 982.0 1325.0 978.0 1333.0 1001.0 1325.0 1005.0 small-vehicle 0
1519.0 1407.0 1525.0 1402.0 1537.0 1418.0 1529.0 1423.0 small-vehicle 0
1570.0 1437.0 1579.0 1432.0 1590.0 1450.0 1583.0 1454.0 small-vehicle 0
1488.0 1330.0 1496.0 1324.0 1507.0 1341.0 1498.0 1346.0 small-vehicle 0
1434.0 1223.0 1442.0 1219.0 1452.0 1237.0 1443.0 1242.0 small-vehicle 0
1296.0 862.0 1307.0 860.0 1314.0 884.0 1304.0 887.0 small-vehicle 0
1266.0 670.0 1275.0 669.0 1278.0 689.0 1269.0 690.0 small-vehicle 1
1895.0 1842.0 1903.0 1835.0 1918.0 1852.0 1910.0 1859.0 small-vehicle 0
1727.0 1744.0 1735.0 1737.0 1746.0 1755.0 1737.0 1759.0 small-vehicle 0
161.0 40.0 427.0 1.0 492.0 418.0 220.0 460.0 soccer-ball-field 1
1222.0 21.0 1229.0 21.0 1231.0 38.0 1223.0 39.0 small-vehicle 0
1235.0 10.0 1245.0 11.0 1245.0 28.0 1235.0 30.0 small-vehicle 0
1223.0 49.0 1231.0 48.0 1231.0 67.0 1223.0 66.0 small-vehicle 0
1235.0 92.0 1243.0 92.0 1243.0 111.0 1236.0 110.0 small-vehicle 0
1249.0 106.0 1258.0 106.0 1258.0 121.0 1250.0 121.0 small-vehicle 0
1449.0 67.0 1459.0 65.0 1461.0 85.0 1452.0 84.0 small-vehicle 0
1948.0 237.0 1938.0 238.0 1933.0 222.0 1942.0 219.0 small-vehicle 0
1956.0 208.0 1964.0 205.0 1970.0 225.0 1962.0 225.0 small-vehicle 0
2044.0 154.0 2044.0 144.0 2068.0 148.0 2065.0 159.0 small-vehicle 0
2064.0 173.0 2064.0 183.0 2044.0 180.0 2044.0 169.0 small-vehicle 0
2061.0 528.0 2053.0 530.0 2047.0 514.0 2055.0 511.0 small-vehicle 0
330.0 1615.0 341.0 1620.0 334.0 1641.0 322.0 1637.0 small-vehicle 1
754.0 97.0 800.0 90.0 816.0 188.0 770.0 195.0 tennis-court 0
446.0 1001.0 481.0 998.0 490.0 1080.0 453.0 1083.0 swimming-pool 0
560.0 1718.0 548.0 1711.0 556.0 1691.0 567.0 1696.0 small-vehicle 1
236.0 1416.0 281.0 1411.0 292.0 1511.0 247.0 1516.0 tennis-court 0
217.0 2477.0 229.0 2441.0 644.0 2577.0 633.0 2616.0 ship 0
79.0 2022.0 75.0 2041.0 12.0 2030.0 13.0 2013.0 ship 0
1241.0 2402.0 1263.0 2366.0 1637.0 2591.0 1611.0 2631.0 ship 0
232.0 777.0 280.0 772.0 291.0 871.0 244.0 878.0 tennis-court 0
161.0 786.0 208.0 780.0 219.0 877.0 173.0 883.0 tennis-court 0
67.0 796.0 112.0 791.0 122.0 890.0 76.0 894.0 tennis-court 0
144.0 614.0 191.0 609.0 201.0 709.0 153.0 715.0 tennis-court 0
41.0 1261.0 88.0 1254.0 101.0 1355.0 53.0 1360.0 tennis-court 0
114.0 1253.0 161.0 1248.0 173.0 1347.0 124.0 1350.0 tennis-court 0
210.0 1242.0 256.0 1238.0 268.0 1335.0 220.0 1341.0 tennis-court 0
282.0 1234.0 328.0 1229.0 339.0 1327.0 293.0 1333.0 tennis-court 0
273.0 1005.0 322.0 1000.0 332.0 1097.0 282.0 1103.0 tennis-court 0
306.0 1410.0 352.0 1405.0 362.0 1502.0 316.0 1508.0 tennis-court 0
771.0 2242.0 779.0 2213.0 1041.0 2298.0 1031.0 2326.0 ship 0
375.0 1401.0 421.0 1396.0 431.0 1494.0 386.0 1500.0 tennis-court 0
473.0 1477.0 519.0 1471.0 531.0 1566.0 485.0 1571.0 tennis-court 0
545.0 1466.0 591.0 1460.0 605.0 1560.0 556.0 1565.0 tennis-court 0
960.0 551.0 1004.0 821.0 616.0 882.0 571.0 611.0 soccer-ball-field 0
879.0 1122.0 918.0 1096.0 978.0 1173.0 939.0 1201.0 tennis-court 0
941.0 1078.0 981.0 1050.0 1038.0 1129.0 1001.0 1157.0 tennis-court 0
1002.0 1033.0 1039.0 1006.0 1098.0 1085.0 1060.0 1113.0 tennis-court 0
1063.0 990.0 1100.0 960.0 1161.0 1041.0 1124.0 1070.0 tennis-court 1
936.0 1271.0 974.0 1245.0 1030.0 1325.0 994.0 1351.0 tennis-court 0
1057.0 1184.0 1097.0 1157.0 1154.0 1236.0 1117.0 1262.0 tennis-court 0
997.0 1228.0 1035.0 1199.0 1095.0 1282.0 1056.0 1308.0 tennis-court 0
1050.0 1579.0 1088.0 1551.0 1148.0 1629.0 1109.0 1655.0 tennis-court 0
358.0 1694.0 349.0 1691.0 355.0 1670.0 364.0 1672.0 small-vehicle 1
34.0 1998.0 28.0 1995.0 32.0 1975.0 40.0 1977.0 small-vehicle 1
1840.0 2128.0 2047.0 2226.0 1885.0 2568.0 1676.0 2466.0 basketball-court 0
2001.0 327.0 2008.0 323.0 2018.0 344.0 2011.0 346.0 small-vehicle 1
1512.0 23.0 1513.0 32.0 1493.0 33.0 1491.0 24.0 small-vehicle 0
1778.0 112.0 1777.0 104.0 1798.0 100.0 1799.0 110.0 small-vehicle 0
1813.0 131.0 1804.0 129.0 1808.0 110.0 1818.0 112.0 small-vehicle 0
1316.0 162.0 1306.0 160.0 1306.0 140.0 1316.0 140.0 small-vehicle 0
1735.0 97.0 1732.0 87.0 1755.0 83.0 1758.0 91.0 small-vehicle 1
1883.0 21.0 1895.0 20.0 1899.0 42.0 1890.0 44.0 small-vehicle 1
1924.0 63.0 1933.0 63.0 1936.0 80.0 1927.0 84.0 small-vehicle 1
1859.0 94.0 1859.0 86.0 1875.0 83.0 1876.0 91.0 small-vehicle 1
1958.0 132.0 1961.0 124.0 1981.0 130.0 1979.0 138.0 small-vehicle 1
1971.0 161.0 1973.0 154.0 1993.0 159.0 1992.0 169.0 small-vehicle 1
1929.0 194.0 1935.0 191.0 1940.0 213.0 1934.0 213.0 small-vehicle 1
1969.0 289.0 1965.0 291.0 1955.0 272.0 1962.0 268.0 small-vehicle 1
2008.0 350.0 2017.0 346.0 2027.0 368.0 2019.0 372.0 small-vehicle 1
1476.0 37.0 1484.0 38.0 1486.0 54.0 1477.0 57.0 small-vehicle 1
1607.0 243.0 1599.0 243.0 1595.0 228.0 1603.0 226.0 small-vehicle 1
1451.0 362.0 1450.0 352.0 1470.0 352.0 1472.0 362.0 small-vehicle 1
1510.0 362.0 1509.0 352.0 1530.0 353.0 1532.0 363.0 small-vehicle 1
1553.0 373.0 1544.0 373.0 1541.0 353.0 1552.0 352.0 small-vehicle 1
2072.0 509.0 2080.0 505.0 2088.0 527.0 2080.0 529.0 small-vehicle 1
1482.0 1462.0 1489.0 1457.0 1505.0 1479.0 1497.0 1483.0 small-vehicle 1
1736.0 1670.0 1744.0 1664.0 1758.0 1680.0 1753.0 1686.0 small-vehicle 1
2066.0 2078.0 2072.0 2071.0 2090.0 2086.0 2083.0 2094.0 small-vehicle 1
459.0 1096.0 495.0 1091.0 501.0 1167.0 463.0 1171.0 swimming-pool 0
46.0 1880.0 114.0 1659.0 477.0 1776.0 405.0 1998.0 basketball-court 0
469.0 2010.0 538.0 1788.0 896.0 1908.0 826.0 2124.0 basketball-court 0
1591.0 1984.0 1796.0 2079.0 1634.0 2429.0 1424.0 2322.0 basketball-court 0
1488.0 20.0 1488.0 10.0 1508.0 10.0 1509.0 18.0 small-vehicle 1
1422.0 68.0 1433.0 67.0 1435.0 88.0 1426.0 88.0 small-vehicle 1
46.0 1999.0 39.0 1997.0 41.0 1980.0 49.0 1981.0 small-vehicle 1
967.0 1516.0 975.0 1523.0 958.0 1535.0 953.0 1527.0 small-vehicle 0
58.0 2003.0 48.0 2000.0 52.0 1980.0 59.0 1980.0 small-vehicle 1
9.0 1991.0 2.0 1987.0 6.0 1967.0 16.0 1969.0 small-vehicle 0
1134.0 1950.0 1137.0 1943.0 1155.0 1951.0 1153.0 1958.0 small-vehicle 1
1150.0 1826.0 1156.0 1822.0 1165.0 1842.0 1156.0 1844.0 small-vehicle 1
1059.0 1672.0 1061.0 1663.0 1081.0 1667.0 1079.0 1676.0 small-vehicle 1
1050.0 1661.0 1051.0 1653.0 1070.0 1658.0 1070.0 1665.0 small-vehicle 1
1042.0 1649.0 1043.0 1642.0 1060.0 1644.0 1060.0 1651.0 small-vehicle 1
1033.0 1636.0 1034.0 1629.0 1052.0 1630.0 1054.0 1639.0 small-vehicle 1
1022.0 1626.0 1023.0 1617.0 1044.0 1620.0 1044.0 1627.0 small-vehicle 1
1013.0 1615.0 1014.0 1606.0 1035.0 1610.0 1035.0 1618.0 small-vehicle 1
1006.0 1605.0 1008.0 1597.0 1027.0 1600.0 1028.0 1608.0 small-vehicle 1
1001.0 1593.0 1002.0 1585.0 1020.0 1589.0 1020.0 1596.0 small-vehicle 1
1349.0 1032.0 1355.0 1028.0 1365.0 1045.0 1358.0 1049.0 small-vehicle 1
1237.0 164.0 1245.0 163.0 1246.0 183.0 1238.0 185.0 small-vehicle 1
1354.0 1087.0 1358.0 1082.0 1369.0 1101.0 1364.0 1105.0 small-vehicle 1
1379.0 1143.0 1388.0 1139.0 1398.0 1160.0 1389.0 1162.0 small-vehicle 1
1275.0 811.0 1282.0 808.0 1288.0 829.0 1280.0 830.0 small-vehicle 1
1139.0 665.0 1149.0 661.0 1156.0 687.0 1147.0 688.0 small-vehicle 1
1267.0 537.0 1274.0 536.0 1277.0 553.0 1270.0 554.0 small-vehicle 1
1250.0 468.0 1257.0 468.0 1259.0 490.0 1251.0 491.0 small-vehicle 1
974.0 326.0 965.0 328.0 959.0 310.0 967.0 306.0 small-vehicle 1
1249.0 3.0 1257.0 3.0 1255.0 22.0 1248.0 22.0 small-vehicle 1
1236.0 43.0 1244.0 42.0 1243.0 57.0 1237.0 57.0 small-vehicle 1
1234.0 65.0 1242.0 63.0 1242.0 83.0 1234.0 83.0 small-vehicle 1
1224.0 81.0 1231.0 81.0 1230.0 101.0 1222.0 99.0 small-vehicle 1
1234.0 131.0 1244.0 131.0 1243.0 149.0 1233.0 150.0 small-vehicle 1
675.0 2184.0 663.0 2228.0 252.0 2098.0 268.0 2053.0 ship 0
