imagesource:GoogleEarth
gsd:0.238110113416
1168.0 300.0 1165.0 290.0 1187.0 288.0 1188.0 298.0 small-vehicle 0
1440.0 785.0 1428.0 789.0 1423.0 765.0 1435.0 761.0 small-vehicle 0
821.0 1716.0 814.0 1625.0 1001.0 1613.0 1003.0 1703.0 soccer-ball-field 0
846.0 806.0 1137.0 786.0 1172.0 1221.0 881.0 1250.0 soccer-ball-field 0
756.0 662.0 1186.0 638.0 1241.0 1352.0 822.0 1379.0 ground-track-field 0
1040.0 4.0 1085.0 1.0 1095.0 99.0 1049.0 100.0 tennis-court 0
1107.0 2.0 1148.0 1.0 1158.0 93.0 1114.0 96.0 tennis-court 0
829.0 186.0 877.0 182.0 883.0 281.0 836.0 288.0 tennis-court 0
922.0 179.0 972.0 174.0 979.0 274.0 930.0 278.0 tennis-court 0
996.0 172.0 1044.0 166.0 1050.0 269.0 1002.0 273.0 tennis-court 0
1078.0 165.0 1127.0 161.0 1135.0 261.0 1086.0 267.0 tennis-court 0
1151.0 158.0 1200.0 153.0 1205.0 253.0 1158.0 257.0 tennis-court 0
776.0 394.0 826.0 391.0 833.0 492.0 785.0 496.0 tennis-court 0
854.0 387.0 902.0 384.0 909.0 485.0 860.0 490.0 tennis-court 0
940.0 380.0 989.0 376.0 996.0 478.0 946.0 484.0 tennis-court 0
1016.0 374.0 1067.0 370.0 1076.0 471.0 1025.0 476.0 tennis-court 0
103.0 1445.0 98.0 1442.0 105.0 1420.0 112.0 1424.0 small-vehicle 1
1319.0 720.0 1318.0 710.0 1341.0 713.0 1341.0 720.0 small-vehicle 1
1398.0 654.0 1397.0 648.0 1415.0 645.0 1416.0 652.0 small-vehicle 1
1402.0 677.0 1399.0 667.0 1421.0 665.0 1421.0 673.0 small-vehicle 1
1403.0 773.0 1412.0 769.0 1420.0 787.0 1412.0 790.0 small-vehicle 0
141.0 662.0 432.0 637.0 473.0 1096.0 176.0 1122.0 soccer-ball-field 0
