imagesource:GoogleEarth
gsd:0.126472632763
646.0 1388.0 643.0 1372.0 687.0 1372.0 687.0 1389.0 small-vehicle 1
625.0 1139.0 620.0 1121.0 662.0 1118.0 665.0 1132.0 small-vehicle 1
889.0 746.0 885.0 726.0 926.0 726.0 927.0 742.0 small-vehicle 0
878.0 312.0 967.0 299.0 997.0 488.0 903.0 505.0 tennis-court 0
657.0 332.0 745.0 320.0 772.0 508.0 683.0 526.0 tennis-court 0
495.0 361.0 584.0 347.0 614.0 535.0 523.0 549.0 tennis-court 0
706.0 690.0 798.0 679.0 831.0 856.0 731.0 870.0 tennis-court 1
546.0 691.0 634.0 677.0 657.0 861.0 570.0 878.0 tennis-court 0
402.0 709.0 492.0 697.0 515.0 887.0 426.0 899.0 tennis-court 0
256.0 732.0 347.0 719.0 372.0 906.0 281.0 923.0 tennis-court 0
99.0 754.0 190.0 740.0 216.0 929.0 127.0 944.0 tennis-court 0
1.0 1208.0 156.0 1181.0 201.0 1526.0 39.0 1552.0 soccer-ball-field 0
159.0 1184.0 335.0 1159.0 383.0 1502.0 203.0 1528.0 basketball-court 0
808.0 1038.0 1541.0 930.0 1615.0 2320.0 974.0 2338.0 ground-track-field 0
927.0 1284.0 1473.0 1209.0 1589.0 2048.0 1047.0 2118.0 soccer-ball-field 0
