imagesource:GoogleEarth
gsd:0.127793141125
604.0 1167.0 595.0 1151.0 627.0 1139.0 632.0 1156.0 small-vehicle 1
583.0 1156.0 588.0 1173.0 557.0 1185.0 549.0 1170.0 small-vehicle 0
540.0 1175.0 546.0 1192.0 512.0 1204.0 505.0 1190.0 small-vehicle 0
495.0 1194.0 501.0 1206.0 474.0 1219.0 469.0 1206.0 small-vehicle 0
302.0 1234.0 292.0 1219.0 318.0 1192.0 330.0 1205.0 small-vehicle 0
471.0 1085.0 462.0 1071.0 494.0 1047.0 504.0 1061.0 small-vehicle 0
434.0 1109.0 425.0 1094.0 457.0 1075.0 464.0 1086.0 small-vehicle 0
651.0 1075.0 645.0 1059.0 689.0 1044.0 697.0 1061.0 large-vehicle 0
644.0 1042.0 630.0 1049.0 616.0 1020.0 630.0 1013.0 large-vehicle 0
