imagesource:GoogleEarth
gsd:0.214586170094
428.0 1905.0 428.0 1893.0 455.0 1896.0 453.0 1906.0 small-vehicle 1
1742.0 2643.0 1750.0 2627.0 1793.0 2642.0 1783.0 2660.0 ship 0
1707.0 2727.0 1713.0 2709.0 1755.0 2724.0 1751.0 2739.0 ship 0
1781.0 2706.0 1773.0 2726.0 1714.0 2703.0 1722.0 2680.0 ship 1
1692.0 2722.0 1685.0 2737.0 1637.0 2721.0 1644.0 2705.0 ship 0
1696.0 2701.0 1688.0 2718.0 1651.0 2702.0 1658.0 2683.0 ship 0
1669.0 2673.0 1675.0 2656.0 1711.0 2669.0 1705.0 2686.0 ship 0
1730.0 2665.0 1739.0 2644.0 1792.0 2667.0 1783.0 2685.0 ship 1
1717.0 2651.0 1711.0 2667.0 1666.0 2651.0 1671.0 2635.0 ship 0
1558.0 2941.0 1561.0 2926.0 1591.0 2937.0 1588.0 2952.0 ship 1
1751.0 2628.0 1760.0 2605.0 1824.0 2629.0 1813.0 2652.0 ship 0
1728.0 2628.0 1719.0 2650.0 1672.0 2636.0 1681.0 2613.0 ship 0
1740.0 2602.0 1737.0 2586.0 1770.0 2582.0 1771.0 2600.0 ship 0
1415.0 2919.0 1420.0 2906.0 1460.0 2920.0 1455.0 2935.0 ship 0
1421.0 2901.0 1423.0 2887.0 1457.0 2895.0 1454.0 2910.0 ship 1
1424.0 2886.0 1427.0 2873.0 1463.0 2883.0 1459.0 2897.0 ship 1
1697.0 2744.0 1706.0 2727.0 1750.0 2739.0 1740.0 2757.0 ship 0
1691.0 2768.0 1698.0 2746.0 1749.0 2760.0 1740.0 2782.0 ship 0
1682.0 2787.0 1688.0 2769.0 1736.0 2784.0 1728.0 2803.0 ship 0
1665.0 2770.0 1660.0 2785.0 1615.0 2767.0 1621.0 2751.0 ship 0
1607.0 2783.0 1613.0 2767.0 1660.0 2785.0 1653.0 2802.0 ship 0
1610.0 2800.0 1615.0 2786.0 1651.0 2800.0 1646.0 2814.0 ship 1
1662.0 2833.0 1667.0 2815.0 1711.0 2832.0 1705.0 2849.0 ship 0
1606.0 2817.0 1611.0 2802.0 1645.0 2814.0 1639.0 2830.0 ship 1
1651.0 2847.0 1656.0 2833.0 1707.0 2853.0 1702.0 2867.0 ship 0
1597.0 2831.0 1602.0 2817.0 1639.0 2831.0 1632.0 2846.0 ship 0
1647.0 2866.0 1652.0 2852.0 1688.0 2865.0 1682.0 2877.0 ship 0
1632.0 2848.0 1628.0 2857.0 1592.0 2841.0 1596.0 2832.0 ship 0
1627.0 2858.0 1622.0 2869.0 1587.0 2855.0 1593.0 2840.0 ship 0
1632.0 2894.0 1639.0 2878.0 1676.0 2892.0 1670.0 2907.0 ship 0
1626.0 2911.0 1633.0 2895.0 1674.0 2909.0 1668.0 2926.0 ship 0
1615.0 2884.0 1610.0 2897.0 1571.0 2883.0 1576.0 2867.0 ship 0
1610.0 2900.0 1604.0 2910.0 1570.0 2899.0 1574.0 2888.0 ship 0
1427.0 2872.0 1430.0 2859.0 1469.0 2870.0 1466.0 2882.0 ship 1
1431.0 2858.0 1434.0 2844.0 1469.0 2856.0 1466.0 2867.0 ship 1
1433.0 2842.0 1438.0 2827.0 1477.0 2842.0 1473.0 2855.0 ship 1
1473.0 2669.0 1477.0 2652.0 1523.0 2665.0 1519.0 2680.0 ship 0
1492.0 2522.0 1489.0 2539.0 1443.0 2532.0 1445.0 2514.0 ship 0
1503.0 2553.0 1505.0 2539.0 1562.0 2551.0 1559.0 2564.0 ship 0
1486.0 2545.0 1482.0 2561.0 1422.0 2551.0 1426.0 2533.0 ship 0
1483.0 2561.0 1479.0 2579.0 1433.0 2571.0 1436.0 2553.0 ship 0
1479.0 2581.0 1474.0 2597.0 1414.0 2586.0 1417.0 2569.0 ship 0
1474.0 2600.0 1470.0 2615.0 1433.0 2606.0 1436.0 2592.0 ship 1
1488.0 2611.0 1494.0 2591.0 1546.0 2606.0 1541.0 2625.0 ship 0
1641.0 2584.0 1622.0 2578.0 1644.0 2538.0 1661.0 2547.0 ship 0
1470.0 2617.0 1465.0 2633.0 1417.0 2624.0 1420.0 2604.0 ship 0
1466.0 2633.0 1461.0 2650.0 1422.0 2642.0 1426.0 2626.0 ship 0
1462.0 2650.0 1458.0 2665.0 1428.0 2656.0 1432.0 2642.0 ship 1
1459.0 2664.0 1455.0 2680.0 1413.0 2672.0 1417.0 2657.0 ship 1
1483.0 2633.0 1487.0 2616.0 1532.0 2629.0 1526.0 2644.0 ship 0
1479.0 2652.0 1484.0 2633.0 1533.0 2646.0 1526.0 2665.0 ship 0
1471.0 2688.0 1477.0 2669.0 1518.0 2681.0 1513.0 2697.0 ship 0
1417.0 2838.0 1414.0 2852.0 1380.0 2845.0 1383.0 2829.0 ship 0
1467.0 2704.0 1472.0 2686.0 1515.0 2698.0 1510.0 2715.0 ship 0
1463.0 2721.0 1469.0 2705.0 1512.0 2717.0 1506.0 2734.0 ship 0
1512.0 2736.0 1507.0 2753.0 1457.0 2738.0 1461.0 2721.0 ship 0
1408.0 2700.0 1412.0 2685.0 1452.0 2695.0 1447.0 2711.0 ship 1
1447.0 2712.0 1443.0 2726.0 1403.0 2716.0 1405.0 2701.0 ship 0
1445.0 2727.0 1440.0 2741.0 1400.0 2733.0 1403.0 2717.0 ship 0
1400.0 2750.0 1405.0 2733.0 1441.0 2742.0 1436.0 2758.0 ship 1
1451.0 2777.0 1456.0 2755.0 1502.0 2769.0 1498.0 2791.0 ship 0
1430.0 2784.0 1433.0 2772.0 1394.0 2763.0 1389.0 2776.0 ship 0
1388.0 2791.0 1392.0 2777.0 1430.0 2786.0 1426.0 2800.0 ship 0
1441.0 2811.0 1447.0 2795.0 1494.0 2809.0 1489.0 2824.0 ship 1
1388.0 2807.0 1391.0 2794.0 1426.0 2801.0 1423.0 2814.0 ship 0
1387.0 2819.0 1390.0 2808.0 1424.0 2815.0 1420.0 2828.0 ship 0
1383.0 2832.0 1386.0 2820.0 1421.0 2828.0 1417.0 2840.0 ship 1
1571.0 2918.0 1576.0 2904.0 1605.0 2914.0 1599.0 2926.0 ship 1
1601.0 2961.0 1608.0 2946.0 1646.0 2962.0 1639.0 2976.0 ship 0
1717.0 3164.0 1722.0 3156.0 1738.0 3169.0 1734.0 3176.0 small-vehicle 1
128.0 53.0 119.0 48.0 127.0 26.0 137.0 28.0 small-vehicle 1
642.0 474.0 644.0 464.0 663.0 468.0 662.0 478.0 small-vehicle 1
35.0 337.0 38.0 329.0 55.0 339.0 50.0 345.0 small-vehicle 1
113.0 242.0 122.0 246.0 116.0 271.0 105.0 269.0 small-vehicle 1
124.0 240.0 115.0 237.0 122.0 215.0 130.0 217.0 small-vehicle 1
572.0 226.0 568.0 218.0 591.0 211.0 593.0 218.0 small-vehicle 1
349.0 191.0 338.0 185.0 350.0 162.0 358.0 166.0 small-vehicle 1
135.0 121.0 126.0 116.0 135.0 92.0 143.0 94.0 small-vehicle 1
1596.0 2977.0 1601.0 2963.0 1641.0 2976.0 1636.0 2991.0 ship 0
120.0 111.0 111.0 106.0 121.0 87.0 128.0 89.0 small-vehicle 1
100.0 103.0 92.0 100.0 100.0 80.0 108.0 84.0 small-vehicle 1
63.0 85.0 54.0 80.0 64.0 62.0 73.0 65.0 small-vehicle 1
894.0 2007.0 899.0 1991.0 955.0 2002.0 950.0 2022.0 large-vehicle 1
900.0 1975.0 904.0 1957.0 961.0 1968.0 958.0 1986.0 large-vehicle 1
713.0 1909.0 715.0 1895.0 778.0 1902.0 774.0 1916.0 large-vehicle 1
715.0 481.0 714.0 471.0 735.0 470.0 734.0 479.0 small-vehicle 1
835.0 485.0 834.0 476.0 853.0 472.0 853.0 482.0 small-vehicle 1
640.0 499.0 640.0 491.0 663.0 495.0 662.0 501.0 small-vehicle 1
570.0 476.0 578.0 477.0 573.0 500.0 566.0 501.0 small-vehicle 1
798.0 566.0 796.0 556.0 816.0 554.0 816.0 562.0 small-vehicle 1
546.0 666.0 554.0 665.0 554.0 688.0 544.0 689.0 small-vehicle 1
558.0 716.0 561.0 706.0 581.0 713.0 578.0 722.0 small-vehicle 1
552.0 735.0 551.0 727.0 572.0 730.0 571.0 740.0 small-vehicle 1
566.0 608.0 564.0 600.0 591.0 598.0 590.0 605.0 small-vehicle 1
57.0 664.0 54.0 670.0 34.0 658.0 41.0 650.0 small-vehicle 1
52.0 674.0 50.0 680.0 31.0 674.0 32.0 664.0 small-vehicle 1
21.0 694.0 25.0 686.0 41.0 692.0 38.0 701.0 small-vehicle 1
8.0 761.0 9.0 753.0 27.0 756.0 26.0 764.0 small-vehicle 1
79.0 745.0 80.0 737.0 103.0 740.0 101.0 747.0 small-vehicle 1
82.0 758.0 82.0 750.0 99.0 753.0 98.0 761.0 small-vehicle 1
74.0 772.0 76.0 762.0 101.0 769.0 99.0 774.0 small-vehicle 1
74.0 785.0 77.0 778.0 96.0 784.0 93.0 790.0 small-vehicle 1
771.0 1930.0 781.0 1916.0 828.0 1945.0 819.0 1959.0 large-vehicle 1
808.0 2670.0 826.0 2670.0 827.0 2628.0 811.0 2625.0 ship 0
1098.0 3075.0 1112.0 3076.0 1111.0 3100.0 1097.0 3103.0 ship 0
1795.0 3032.0 1805.0 3020.0 1836.0 3038.0 1828.0 3053.0 ship 0
1576.0 2988.0 1566.0 3007.0 1521.0 2985.0 1530.0 2965.0 ship 0
1584.0 3003.0 1590.0 2988.0 1622.0 3001.0 1616.0 3016.0 ship 1
1575.0 3022.0 1585.0 3004.0 1625.0 3026.0 1613.0 3043.0 ship 0
1974.0 2755.0 1988.0 2764.0 1729.0 3124.0 1717.0 3113.0 harbor 0
1947.0 2795.0 1937.0 2811.0 1899.0 2793.0 1909.0 2776.0 ship 0
2030.0 2816.0 2017.0 2841.0 1956.0 2811.0 1972.0 2784.0 ship 0
1913.0 2875.0 1925.0 2855.0 1966.0 2883.0 1955.0 2901.0 ship 0
1910.0 2847.0 1900.0 2863.0 1870.0 2847.0 1879.0 2829.0 ship 0
1887.0 2880.0 1874.0 2897.0 1835.0 2872.0 1847.0 2856.0 ship 0
1846.0 2955.0 1860.0 2938.0 1895.0 2967.0 1881.0 2985.0 ship 0
1853.0 2924.0 1840.0 2942.0 1798.0 2914.0 1810.0 2897.0 ship 0
1819.0 2973.0 1808.0 2988.0 1771.0 2967.0 1781.0 2952.0 ship 1
1814.0 3007.0 1823.0 2992.0 1856.0 3014.0 1848.0 3028.0 ship 0
1806.0 3019.0 1814.0 3008.0 1853.0 3030.0 1845.0 3044.0 ship 1
1760.0 2997.0 1768.0 2984.0 1797.0 3003.0 1788.0 3015.0 ship 0
1080.0 3086.0 1091.0 3093.0 1080.0 3120.0 1067.0 3114.0 ship 0
1748.0 3010.0 1758.0 2996.0 1789.0 3016.0 1780.0 3028.0 ship 1
1779.0 3030.0 1770.0 3040.0 1746.0 3023.0 1752.0 3013.0 ship 0
1770.0 3041.0 1762.0 3051.0 1738.0 3035.0 1745.0 3024.0 ship 0
1729.0 3046.0 1736.0 3035.0 1762.0 3052.0 1756.0 3061.0 ship 1
1748.0 3071.0 1737.0 3083.0 1710.0 3065.0 1721.0 3052.0 ship 0
1742.0 3108.0 1751.0 3094.0 1780.0 3116.0 1773.0 3126.0 ship 0
1732.0 3120.0 1741.0 3107.0 1779.0 3132.0 1770.0 3146.0 ship 0
1727.0 3099.0 1719.0 3112.0 1682.0 3088.0 1688.0 3074.0 ship 0
1899.0 3204.0 1912.0 3204.0 1914.0 3232.0 1900.0 3232.0 ship 1
1959.0 3126.0 1949.0 3118.0 1969.0 3091.0 1979.0 3098.0 ship 0
1975.0 3121.0 1985.0 3128.0 1969.0 3150.0 1957.0 3144.0 ship 1
1917.0 3155.0 1927.0 3164.0 1909.0 3181.0 1898.0 3171.0 ship 0
1940.0 3161.0 1950.0 3168.0 1934.0 3187.0 1922.0 3179.0 ship 0
2067.0 2630.0 2073.0 2612.0 2099.0 2621.0 2093.0 2637.0 ship 0
1498.0 2503.0 1492.0 2522.0 1425.0 2512.0 1429.0 2489.0 ship 0
1447.0 2489.0 1452.0 2470.0 1502.0 2480.0 1498.0 2499.0 ship 1
1506.0 2540.0 1510.0 2518.0 1567.0 2529.0 1563.0 2551.0 ship 0
1723.0 1749.0 1720.0 1725.0 1792.0 1722.0 1794.0 1746.0 ship 0
1070.0 1367.0 1043.0 1356.0 1073.0 1302.0 1101.0 1313.0 ship 0
1491.0 1553.0 1508.0 1560.0 1568.0 1412.0 1551.0 1407.0 harbor 0
2383.0 2961.0 2439.0 3002.0 2286.0 3202.0 2233.0 3161.0 harbor 0
2383.0 1566.0 2385.0 1554.0 2456.0 1567.0 2453.0 1580.0 bridge 0
1974.0 1471.0 2043.0 1484.0 2040.0 1497.0 1971.0 1485.0 bridge 0
1560.0 1746.0 1555.0 1718.0 1778.0 1693.0 1782.0 1718.0 harbor 0
1714.0 1655.0 1734.0 1655.0 1734.0 1700.0 1714.0 1699.0 ship 0
1511.0 2517.0 1515.0 2500.0 1573.0 2509.0 1569.0 2528.0 ship 0
1602.0 1672.0 1619.0 1670.0 1625.0 1709.0 1606.0 1713.0 ship 0
1811.0 1681.0 1794.0 1686.0 1787.0 1648.0 1805.0 1645.0 ship 0
1643.0 1760.0 1639.0 1736.0 1712.0 1728.0 1715.0 1755.0 ship 0
1630.0 1655.0 1651.0 1653.0 1651.0 1706.0 1634.0 1708.0 ship 0
1695.0 1702.0 1678.0 1702.0 1681.0 1664.0 1699.0 1665.0 ship 0
1759.0 1658.0 1775.0 1657.0 1778.0 1691.0 1761.0 1694.0 ship 0
1095.0 1381.0 1068.0 1374.0 1089.0 1322.0 1115.0 1328.0 ship 0
1031.0 1414.0 1013.0 1406.0 1039.0 1360.0 1056.0 1370.0 ship 0
1047.0 1428.0 1029.0 1421.0 1052.0 1373.0 1070.0 1379.0 ship 0
1005.0 1470.0 982.0 1460.0 1011.0 1409.0 1032.0 1419.0 ship 0
974.0 1529.0 948.0 1519.0 971.0 1471.0 996.0 1479.0 ship 0
932.0 1595.0 910.0 1584.0 940.0 1529.0 962.0 1538.0 ship 0
973.0 1617.0 967.0 1644.0 900.0 1629.0 908.0 1600.0 ship 0
1040.0 1636.0 1032.0 1664.0 971.0 1647.0 979.0 1617.0 ship 0
1113.0 1657.0 1107.0 1688.0 1039.0 1669.0 1047.0 1637.0 ship 0
1145.0 1546.0 1176.0 1553.0 1158.0 1622.0 1127.0 1615.0 ship 0
1126.0 1618.0 1153.0 1622.0 1143.0 1679.0 1113.0 1674.0 ship 0
1578.0 1713.0 1562.0 1714.0 1561.0 1689.0 1577.0 1689.0 ship 0
1418.0 1752.0 1396.0 1747.0 1413.0 1683.0 1434.0 1688.0 ship 0
1068.0 2007.0 1045.0 2004.0 1056.0 1951.0 1081.0 1955.0 ship 0
1308.0 2249.0 1267.0 2241.0 1293.0 2132.0 1332.0 2140.0 ship 0
1210.0 2287.0 1200.0 2262.0 1251.0 2244.0 1262.0 2266.0 ship 0
1154.0 2286.0 1154.0 2268.0 1200.0 2265.0 1202.0 2284.0 ship 0
1770.0 1650.0 1756.0 1651.0 1753.0 1618.0 1770.0 1616.0 ship 0
1804.0 1602.0 1785.0 1605.0 1778.0 1561.0 1795.0 1558.0 ship 0
1742.0 1566.0 1763.0 1563.0 1769.0 1609.0 1750.0 1613.0 ship 0
1362.0 1361.0 1371.0 1332.0 1438.0 1357.0 1428.0 1387.0 ship 0
319.0 1636.0 337.0 1636.0 337.0 1649.0 319.0 1649.0 storage-tank 0
312.0 1654.0 329.0 1654.0 329.0 1669.0 312.0 1669.0 storage-tank 0
311.0 1669.0 329.0 1669.0 329.0 1683.0 311.0 1683.0 storage-tank 0
438.0 2154.0 441.0 2167.0 379.0 2178.0 376.0 2163.0 large-vehicle 0
1564.0 1188.0 1542.0 1189.0 1542.0 1143.0 1565.0 1143.0 ship 0
1501.0 1128.0 1499.0 1098.0 1481.0 1099.0 1485.0 1129.0 ship 0
2036.0 1355.0 2019.0 1360.0 2011.0 1326.0 2028.0 1320.0 ship 0
1963.0 1454.0 1948.0 1453.0 1951.0 1425.0 1965.0 1426.0 ship 0
2461.0 696.0 2478.0 696.0 2478.0 715.0 2461.0 715.0 storage-tank 0
2588.0 669.0 2607.0 669.0 2607.0 687.0 2588.0 687.0 storage-tank 0
1582.0 1119.0 1565.0 1118.0 1565.0 1081.0 1581.0 1080.0 ship 0
1175.0 1284.0 1186.0 1258.0 1245.0 1281.0 1232.0 1308.0 ship 0
1238.0 1307.0 1247.0 1284.0 1297.0 1303.0 1292.0 1322.0 ship 0
1297.0 1327.0 1302.0 1303.0 1362.0 1324.0 1355.0 1346.0 ship 0
1478.0 1374.0 1475.0 1388.0 1434.0 1380.0 1437.0 1363.0 ship 0
1794.0 1543.0 1778.0 1545.0 1771.0 1512.0 1789.0 1509.0 ship 0
1531.0 1399.0 1525.0 1415.0 1476.0 1399.0 1485.0 1380.0 ship 0
1529.0 1412.0 1541.0 1408.0 1546.0 1427.0 1534.0 1433.0 ship 0
1502.0 1435.0 1519.0 1442.0 1503.0 1477.0 1486.0 1472.0 ship 0
1525.0 1431.0 1543.0 1439.0 1519.0 1494.0 1498.0 1488.0 ship 0
1497.0 1549.0 1484.0 1547.0 1491.0 1521.0 1505.0 1525.0 ship 0
1631.0 1443.0 1626.0 1457.0 1572.0 1435.0 1579.0 1419.0 ship 0
1540.0 1482.0 1545.0 1468.0 1584.0 1484.0 1578.0 1498.0 ship 0
1579.0 1503.0 1575.0 1512.0 1533.0 1498.0 1537.0 1486.0 ship 0
1531.0 1552.0 1511.0 1546.0 1524.0 1509.0 1542.0 1515.0 ship 0
1666.0 1282.0 1649.0 1282.0 1651.0 1237.0 1669.0 1237.0 ship 0
1651.0 1421.0 1638.0 1420.0 1641.0 1389.0 1656.0 1390.0 ship 0
1709.0 1491.0 1711.0 1475.0 1745.0 1486.0 1742.0 1501.0 ship 0
1737.0 1518.0 1757.0 1515.0 1764.0 1548.0 1742.0 1553.0 ship 0
1790.0 1499.0 1771.0 1503.0 1763.0 1461.0 1784.0 1458.0 ship 0
1029.0 2296.0 1029.0 2272.0 1090.0 2273.0 1090.0 2297.0 ship 0
966.0 2299.0 966.0 2272.0 1030.0 2273.0 1029.0 2297.0 ship 0
903.0 2296.0 902.0 2274.0 961.0 2273.0 961.0 2295.0 ship 0
1006.0 2513.0 1004.0 2532.0 946.0 2532.0 946.0 2514.0 ship 0
1019.0 2423.0 1019.0 2404.0 1064.0 2405.0 1065.0 2422.0 ship 0
1017.0 2462.0 1015.0 2443.0 1063.0 2443.0 1065.0 2461.0 ship 0
1078.0 2459.0 1077.0 2481.0 1017.0 2480.0 1017.0 2459.0 ship 0
1057.0 2479.0 1057.0 2497.0 1014.0 2497.0 1014.0 2480.0 ship 0
1020.0 2516.0 1018.0 2497.0 1066.0 2498.0 1066.0 2516.0 ship 0
963.0 2396.0 963.0 2379.0 1005.0 2379.0 1003.0 2396.0 ship 0
960.0 2414.0 960.0 2396.0 1004.0 2398.0 1004.0 2415.0 ship 0
966.0 2430.0 966.0 2414.0 1004.0 2415.0 1003.0 2431.0 ship 0
956.0 2449.0 955.0 2433.0 1004.0 2434.0 1005.0 2451.0 ship 0
1005.0 2450.0 1004.0 2466.0 953.0 2466.0 953.0 2450.0 ship 0
1005.0 2467.0 1004.0 2482.0 950.0 2482.0 951.0 2466.0 ship 0
1005.0 2483.0 1003.0 2499.0 950.0 2498.0 949.0 2483.0 ship 0
1004.0 2499.0 1004.0 2516.0 944.0 2518.0 943.0 2499.0 ship 0
1023.0 2531.0 1024.0 2516.0 1070.0 2516.0 1069.0 2533.0 ship 0
1001.0 2335.0 1019.0 2335.0 1021.0 2533.0 1003.0 2534.0 harbor 0
1019.0 2382.0 1019.0 2361.0 1081.0 2362.0 1080.0 2382.0 ship 0
1142.0 2465.0 1139.0 2442.0 1200.0 2437.0 1203.0 2461.0 ship 0
1141.0 2467.0 1165.0 2471.0 1153.0 2528.0 1129.0 2525.0 ship 0
1211.0 2470.0 1193.0 2458.0 1231.0 2401.0 1254.0 2414.0 ship 0
1209.0 2505.0 1210.0 2482.0 1269.0 2486.0 1267.0 2508.0 ship 0
1208.0 2525.0 1208.0 2505.0 1267.0 2507.0 1265.0 2529.0 ship 0
1205.0 2550.0 1206.0 2527.0 1266.0 2530.0 1264.0 2554.0 ship 0
1206.0 2569.0 1207.0 2550.0 1272.0 2553.0 1270.0 2573.0 ship 0
1203.0 2588.0 1204.0 2569.0 1263.0 2575.0 1262.0 2595.0 ship 0
1270.0 2833.0 1282.0 2818.0 1317.0 2841.0 1307.0 2858.0 ship 0
1369.0 2873.0 1360.0 2889.0 1308.0 2858.0 1319.0 2840.0 ship 0
1742.0 2595.0 1764.0 2603.0 1577.0 3022.0 1561.0 3010.0 harbor 0
2019.0 3049.0 2034.0 3062.0 1885.0 3228.0 1870.0 3218.0 harbor 0
1517.0 2498.0 1519.0 2480.0 1559.0 2485.0 1558.0 2501.0 ship 0
1505.0 2470.0 1521.0 2474.0 1417.0 2916.0 1401.0 2912.0 harbor 0
1019.0 2404.0 1018.0 2384.0 1075.0 2385.0 1075.0 2406.0 ship 0
1065.0 2344.0 1065.0 2360.0 1015.0 2361.0 1014.0 2344.0 ship 0
831.0 2298.0 829.0 2273.0 898.0 2273.0 897.0 2299.0 ship 0
874.0 2384.0 873.0 2401.0 821.0 2400.0 821.0 2383.0 ship 0
817.0 2266.0 822.0 2286.0 760.0 2305.0 751.0 2282.0 ship 0
710.0 2289.0 710.0 2273.0 748.0 2273.0 747.0 2288.0 ship 0
690.0 2274.0 712.0 2273.0 714.0 2329.0 689.0 2330.0 ship 0
707.0 2372.0 689.0 2371.0 688.0 2332.0 709.0 2332.0 ship 0
720.0 2450.0 693.0 2454.0 687.0 2385.0 714.0 2383.0 ship 0
714.0 2521.0 690.0 2520.0 691.0 2450.0 716.0 2450.0 ship 0
704.0 2533.0 705.0 2510.0 775.0 2508.0 776.0 2533.0 ship 0
632.0 2393.0 628.0 2377.0 660.0 2371.0 663.0 2387.0 ship 0
811.0 2338.0 827.0 2338.0 829.0 2533.0 813.0 2533.0 harbor 0
815.0 2345.0 815.0 2360.0 777.0 2360.0 776.0 2345.0 ship 0
812.0 2362.0 812.0 2376.0 772.0 2376.0 773.0 2364.0 ship 0
772.0 2390.0 772.0 2376.0 814.0 2375.0 813.0 2388.0 ship 0
877.0 2344.0 877.0 2362.0 823.0 2363.0 823.0 2344.0 ship 0
826.0 2384.0 825.0 2365.0 891.0 2366.0 890.0 2385.0 ship 0
827.0 2421.0 828.0 2400.0 883.0 2401.0 882.0 2420.0 ship 0
1004.0 2347.0 1004.0 2361.0 963.0 2362.0 963.0 2346.0 ship 0
885.0 2425.0 886.0 2441.0 826.0 2443.0 826.0 2424.0 ship 0
886.0 2443.0 886.0 2460.0 827.0 2461.0 828.0 2442.0 ship 0
816.0 2387.0 817.0 2405.0 776.0 2408.0 773.0 2390.0 ship 0
815.0 2421.0 815.0 2433.0 777.0 2435.0 776.0 2421.0 ship 0
815.0 2435.0 814.0 2451.0 784.0 2451.0 783.0 2434.0 ship 0
778.0 2467.0 777.0 2451.0 814.0 2450.0 814.0 2465.0 ship 0
770.0 2485.0 770.0 2467.0 814.0 2467.0 814.0 2486.0 ship 0
829.0 2478.0 829.0 2462.0 875.0 2462.0 874.0 2476.0 ship 0
828.0 2497.0 828.0 2480.0 874.0 2481.0 874.0 2498.0 ship 0
828.0 2515.0 829.0 2498.0 874.0 2497.0 873.0 2516.0 ship 0
890.0 2516.0 890.0 2532.0 830.0 2532.0 829.0 2516.0 ship 0
773.0 2533.0 771.0 2517.0 812.0 2516.0 812.0 2532.0 ship 0
776.0 2499.0 777.0 2484.0 816.0 2484.0 815.0 2498.0 ship 0
775.0 2515.0 774.0 2500.0 814.0 2499.0 814.0 2515.0 ship 0
63.0 804.0 63.0 794.0 86.0 794.0 85.0 803.0 small-vehicle 1
507.0 687.0 517.0 688.0 509.0 716.0 501.0 714.0 small-vehicle 1
320.0 789.0 327.0 793.0 313.0 812.0 306.0 808.0 small-vehicle 1
1205.0 1144.0 1214.0 1139.0 1221.0 1156.0 1213.0 1159.0 small-vehicle 0
2058.0 975.0 2058.0 964.0 2085.0 967.0 2084.0 976.0 small-vehicle 1
1669.0 903.0 1670.0 895.0 1690.0 897.0 1688.0 905.0 small-vehicle 1
1642.0 903.0 1642.0 893.0 1665.0 896.0 1664.0 907.0 small-vehicle 1
1621.0 902.0 1621.0 894.0 1642.0 894.0 1641.0 902.0 small-vehicle 1
1627.0 1182.0 1628.0 1170.0 1653.0 1171.0 1652.0 1181.0 small-vehicle 1
1898.0 1077.0 1897.0 1068.0 1917.0 1070.0 1916.0 1077.0 small-vehicle 0
1267.0 1130.0 1277.0 1128.0 1283.0 1149.0 1274.0 1152.0 small-vehicle 0
2114.0 646.0 2116.0 639.0 2141.0 642.0 2137.0 651.0 small-vehicle 1
1257.0 1131.0 1267.0 1131.0 1270.0 1153.0 1261.0 1153.0 small-vehicle 0
1221.0 1097.0 1216.0 1087.0 1239.0 1081.0 1243.0 1088.0 small-vehicle 0
1484.0 1073.0 1481.0 1062.0 1503.0 1058.0 1504.0 1066.0 small-vehicle 0
1343.0 1064.0 1341.0 1052.0 1365.0 1049.0 1366.0 1061.0 small-vehicle 1
1307.0 1076.0 1303.0 1065.0 1325.0 1061.0 1328.0 1070.0 small-vehicle 1
1254.0 1084.0 1251.0 1075.0 1275.0 1070.0 1275.0 1079.0 small-vehicle 1
2106.0 1009.0 2112.0 1010.0 2107.0 1031.0 2099.0 1028.0 small-vehicle 1
1955.0 1034.0 1964.0 1034.0 1958.0 1057.0 1951.0 1057.0 small-vehicle 1
1898.0 1090.0 1899.0 1082.0 1923.0 1082.0 1921.0 1090.0 small-vehicle 1
2207.0 1042.0 2213.0 1043.0 2207.0 1061.0 2202.0 1060.0 small-vehicle 1
2218.0 1047.0 2227.0 1048.0 2222.0 1066.0 2217.0 1064.0 small-vehicle 1
2257.0 1058.0 2264.0 1059.0 2259.0 1080.0 2251.0 1077.0 small-vehicle 1
2240.0 1107.0 2246.0 1110.0 2239.0 1131.0 2233.0 1128.0 small-vehicle 1
2416.0 1101.0 2407.0 1108.0 2390.0 1096.0 2396.0 1086.0 small-vehicle 1
2333.0 1097.0 2339.0 1101.0 2331.0 1120.0 2324.0 1115.0 small-vehicle 1
2324.0 1150.0 2333.0 1152.0 2324.0 1171.0 2318.0 1169.0 small-vehicle 1
2268.0 1066.0 2279.0 1069.0 2270.0 1095.0 2262.0 1091.0 small-vehicle 0
2320.0 1092.0 2327.0 1094.0 2321.0 1112.0 2316.0 1109.0 small-vehicle 0
2655.0 799.0 2663.0 801.0 2651.0 825.0 2645.0 821.0 small-vehicle 0
2659.0 963.0 2654.0 955.0 2671.0 940.0 2677.0 945.0 small-vehicle 0
2709.0 835.0 2718.0 837.0 2710.0 856.0 2703.0 855.0 small-vehicle 1
2918.0 1046.0 2908.0 1044.0 2911.0 1018.0 2922.0 1021.0 small-vehicle 1
2903.0 1277.0 2913.0 1277.0 2910.0 1303.0 2899.0 1302.0 small-vehicle 1
1244.0 1136.0 1252.0 1134.0 1257.0 1156.0 1252.0 1157.0 small-vehicle 1
1232.0 1139.0 1239.0 1136.0 1244.0 1158.0 1236.0 1159.0 small-vehicle 1
1219.0 1139.0 1227.0 1137.0 1232.0 1159.0 1226.0 1161.0 small-vehicle 1
1016.0 737.0 1013.0 730.0 1033.0 726.0 1033.0 736.0 small-vehicle 1
1981.0 499.0 1979.0 511.0 1958.0 508.0 1956.0 497.0 small-vehicle 0
2186.0 744.0 2213.0 751.0 2206.0 770.0 2181.0 765.0 swimming-pool 0
1636.0 465.0 1635.0 456.0 1658.0 457.0 1656.0 466.0 small-vehicle 1
1639.0 477.0 1638.0 469.0 1656.0 469.0 1656.0 475.0 small-vehicle 1
1639.0 488.0 1639.0 481.0 1657.0 481.0 1656.0 490.0 small-vehicle 1
1634.0 500.0 1634.0 493.0 1656.0 495.0 1654.0 501.0 small-vehicle 1
1632.0 512.0 1633.0 503.0 1656.0 508.0 1655.0 515.0 small-vehicle 1
1628.0 524.0 1628.0 517.0 1650.0 519.0 1649.0 527.0 small-vehicle 1
1529.0 577.0 1529.0 571.0 1547.0 572.0 1546.0 578.0 small-vehicle 1
1426.0 677.0 1433.0 682.0 1420.0 699.0 1413.0 695.0 small-vehicle 1
1397.0 407.0 1406.0 407.0 1406.0 433.0 1396.0 433.0 small-vehicle 1
1397.0 440.0 1406.0 441.0 1403.0 457.0 1396.0 457.0 small-vehicle 1
1023.0 773.0 1018.0 765.0 1039.0 759.0 1040.0 765.0 small-vehicle 1
1020.0 754.0 1018.0 747.0 1039.0 741.0 1040.0 749.0 small-vehicle 1
1154.0 551.0 1152.0 543.0 1179.0 546.0 1177.0 552.0 small-vehicle 1
1193.0 1145.0 1200.0 1140.0 1207.0 1163.0 1201.0 1166.0 small-vehicle 1
1057.0 552.0 1057.0 542.0 1081.0 542.0 1081.0 551.0 small-vehicle 1
1028.0 552.0 1027.0 544.0 1048.0 544.0 1048.0 552.0 small-vehicle 1
955.0 553.0 954.0 545.0 974.0 542.0 975.0 551.0 small-vehicle 1
870.0 1055.0 865.0 1047.0 884.0 1040.0 887.0 1048.0 small-vehicle 1
897.0 1043.0 895.0 1037.0 912.0 1029.0 914.0 1037.0 small-vehicle 1
988.0 929.0 995.0 926.0 1005.0 951.0 997.0 952.0 small-vehicle 1
990.0 909.0 985.0 900.0 1004.0 891.0 1007.0 898.0 small-vehicle 1
1246.0 953.0 1246.0 945.0 1263.0 944.0 1264.0 951.0 small-vehicle 1
1275.0 951.0 1272.0 944.0 1296.0 940.0 1296.0 946.0 small-vehicle 1
1305.0 946.0 1304.0 939.0 1322.0 938.0 1322.0 944.0 small-vehicle 1
1351.0 942.0 1348.0 932.0 1371.0 930.0 1371.0 940.0 small-vehicle 1
1154.0 1107.0 1151.0 1098.0 1174.0 1094.0 1175.0 1101.0 small-vehicle 1
1099.0 1090.0 1109.0 1087.0 1115.0 1107.0 1107.0 1109.0 small-vehicle 1
1122.0 1171.0 1118.0 1163.0 1136.0 1155.0 1140.0 1163.0 small-vehicle 1
1954.0 1248.0 1955.0 1238.0 1978.0 1244.0 1976.0 1252.0 small-vehicle 1
1945.0 1264.0 1947.0 1251.0 1970.0 1256.0 1968.0 1266.0 small-vehicle 1
1848.0 1261.0 1839.0 1257.0 1854.0 1232.0 1862.0 1238.0 small-vehicle 1
1418.0 2962.0 1420.0 2971.0 1403.0 2977.0 1400.0 2967.0 small-vehicle 1
1319.0 2977.0 1316.0 2985.0 1297.0 2978.0 1300.0 2971.0 small-vehicle 0
1077.0 3034.0 1087.0 3031.0 1090.0 3054.0 1080.0 3055.0 small-vehicle 0
1430.0 2970.0 1434.0 2978.0 1417.0 2988.0 1412.0 2982.0 small-vehicle 0
1505.0 3013.0 1513.0 3020.0 1497.0 3038.0 1490.0 3033.0 small-vehicle 0
1515.0 3024.0 1523.0 3028.0 1513.0 3046.0 1503.0 3040.0 small-vehicle 0
1565.0 3061.0 1571.0 3065.0 1556.0 3078.0 1550.0 3073.0 small-vehicle 0
1461.0 3054.0 1465.0 3051.0 1483.0 3065.0 1478.0 3069.0 small-vehicle 0
1192.0 2982.0 1191.0 2994.0 1167.0 2993.0 1166.0 2982.0 small-vehicle 1
1212.0 2978.0 1211.0 2970.0 1231.0 2974.0 1231.0 2980.0 small-vehicle 1
1253.0 2983.0 1253.0 2975.0 1274.0 2972.0 1272.0 2985.0 small-vehicle 1
1292.0 2925.0 1294.0 2917.0 1318.0 2923.0 1315.0 2931.0 small-vehicle 1
1348.0 2950.0 1338.0 2947.0 1347.0 2924.0 1355.0 2927.0 small-vehicle 1
1367.0 2968.0 1360.0 2960.0 1376.0 2947.0 1381.0 2954.0 small-vehicle 1
1405.0 2952.0 1407.0 2958.0 1389.0 2967.0 1384.0 2959.0 small-vehicle 1
1442.0 2975.0 1447.0 2981.0 1431.0 2996.0 1424.0 2989.0 small-vehicle 1
1194.0 2970.0 1194.0 2980.0 1170.0 2980.0 1167.0 2970.0 small-vehicle 0
1452.0 2980.0 1459.0 2984.0 1446.0 3000.0 1440.0 2996.0 small-vehicle 1
1464.0 2987.0 1472.0 2991.0 1456.0 3009.0 1451.0 3007.0 small-vehicle 1
1478.0 2997.0 1484.0 3002.0 1469.0 3018.0 1463.0 3012.0 small-vehicle 1
1492.0 3004.0 1497.0 3009.0 1487.0 3026.0 1482.0 3024.0 small-vehicle 1
1531.0 3035.0 1536.0 3039.0 1521.0 3055.0 1516.0 3049.0 small-vehicle 1
1551.0 3051.0 1556.0 3060.0 1539.0 3073.0 1534.0 3066.0 small-vehicle 1
1569.0 3087.0 1563.0 3081.0 1579.0 3064.0 1585.0 3071.0 small-vehicle 1
1587.0 3094.0 1581.0 3092.0 1590.0 3070.0 1597.0 3072.0 small-vehicle 1
1602.0 3080.0 1610.0 3083.0 1598.0 3099.0 1591.0 3097.0 small-vehicle 1
1634.0 3098.0 1637.0 3107.0 1620.0 3112.0 1620.0 3106.0 small-vehicle 1
1653.0 3106.0 1660.0 3113.0 1644.0 3126.0 1637.0 3118.0 small-vehicle 1
1519.0 3106.0 1526.0 3100.0 1540.0 3114.0 1533.0 3119.0 small-vehicle 1
1555.0 3141.0 1546.0 3139.0 1551.0 3112.0 1560.0 3113.0 small-vehicle 1
1704.0 3168.0 1711.0 3163.0 1724.0 3180.0 1717.0 3184.0 small-vehicle 1
1291.0 2890.0 1294.0 2896.0 1276.0 2907.0 1272.0 2899.0 small-vehicle 0
1101.0 3031.0 1109.0 3029.0 1111.0 3053.0 1102.0 3055.0 small-vehicle 1
1596.0 1259.0 1604.0 1261.0 1596.0 1281.0 1586.0 1278.0 small-vehicle 1
854.0 2191.0 843.0 2191.0 844.0 2169.0 855.0 2170.0 small-vehicle 0
1693.0 1406.0 1683.0 1412.0 1667.0 1392.0 1679.0 1385.0 small-vehicle 1
1665.0 1388.0 1660.0 1395.0 1645.0 1383.0 1648.0 1376.0 small-vehicle 1
1635.0 1384.0 1634.0 1392.0 1615.0 1388.0 1618.0 1378.0 small-vehicle 1
1398.0 1308.0 1389.0 1303.0 1397.0 1283.0 1405.0 1286.0 small-vehicle 1
1410.0 1313.0 1401.0 1308.0 1408.0 1289.0 1418.0 1290.0 small-vehicle 1
1422.0 1320.0 1415.0 1316.0 1424.0 1295.0 1430.0 1297.0 small-vehicle 1
1305.0 1258.0 1308.0 1251.0 1330.0 1259.0 1325.0 1268.0 small-vehicle 1
1015.0 1275.0 1005.0 1269.0 1017.0 1247.0 1025.0 1250.0 small-vehicle 1
1060.0 1256.0 1070.0 1262.0 1058.0 1279.0 1050.0 1277.0 small-vehicle 1
973.0 1426.0 966.0 1421.0 975.0 1402.0 984.0 1408.0 small-vehicle 1
672.0 2001.0 680.0 2001.0 674.0 2023.0 666.0 2023.0 small-vehicle 1
650.0 2053.0 658.0 2056.0 650.0 2075.0 643.0 2071.0 small-vehicle 1
900.0 2119.0 891.0 2116.0 897.0 2093.0 905.0 2094.0 small-vehicle 0
830.0 2117.0 820.0 2117.0 822.0 2096.0 831.0 2094.0 small-vehicle 0
848.0 2121.0 835.0 2118.0 837.0 2089.0 851.0 2090.0 small-vehicle 0
969.0 2985.0 973.0 2972.0 997.0 2977.0 994.0 2987.0 small-vehicle 1
985.0 2733.0 985.0 2724.0 1003.0 2724.0 1003.0 2735.0 small-vehicle 1
1116.0 2594.0 1117.0 2584.0 1138.0 2585.0 1138.0 2594.0 small-vehicle 1
1182.0 2847.0 1187.0 2852.0 1172.0 2866.0 1167.0 2861.0 small-vehicle 1
923.0 2738.0 922.0 2730.0 942.0 2733.0 941.0 2741.0 small-vehicle 1
921.0 2751.0 921.0 2743.0 941.0 2743.0 939.0 2753.0 small-vehicle 1
983.0 2747.0 982.0 2738.0 1003.0 2739.0 1003.0 2748.0 small-vehicle 1
982.0 2758.0 982.0 2752.0 1004.0 2751.0 1003.0 2757.0 small-vehicle 1
985.0 2771.0 985.0 2763.0 1004.0 2763.0 1003.0 2771.0 small-vehicle 1
1001.0 2775.0 999.0 2784.0 981.0 2782.0 980.0 2775.0 small-vehicle 1
980.0 2797.0 980.0 2788.0 999.0 2791.0 997.0 2801.0 small-vehicle 1
964.0 2832.0 966.0 2824.0 985.0 2827.0 983.0 2835.0 small-vehicle 1
962.0 2844.0 962.0 2838.0 987.0 2840.0 985.0 2848.0 small-vehicle 1
982.0 2855.0 982.0 2863.0 965.0 2861.0 963.0 2854.0 small-vehicle 1
978.0 2973.0 974.0 2964.0 993.0 2959.0 996.0 2966.0 small-vehicle 1
2004.0 617.0 2001.0 625.0 1980.0 623.0 1982.0 613.0 small-vehicle 0
1957.0 534.0 1957.0 522.0 1975.0 527.0 1973.0 535.0 small-vehicle 1
362.0 781.0 369.0 786.0 358.0 802.0 352.0 801.0 small-vehicle 1
144.0 1448.0 154.0 1446.0 153.0 1475.0 145.0 1475.0 small-vehicle 1
97.0 1839.0 106.0 1839.0 107.0 1860.0 97.0 1860.0 small-vehicle 1
106.0 1579.0 104.0 1572.0 126.0 1570.0 126.0 1577.0 small-vehicle 1
212.0 1478.0 201.0 1478.0 201.0 1448.0 211.0 1450.0 small-vehicle 1
198.0 1474.0 189.0 1474.0 189.0 1452.0 200.0 1450.0 small-vehicle 1
170.0 1452.0 176.0 1451.0 175.0 1472.0 168.0 1473.0 small-vehicle 1
156.0 1451.0 165.0 1449.0 165.0 1475.0 157.0 1476.0 small-vehicle 1
504.0 1460.0 513.0 1457.0 519.0 1481.0 509.0 1485.0 small-vehicle 1
1962.0 491.0 1962.0 483.0 1982.0 486.0 1981.0 492.0 small-vehicle 1
372.0 1470.0 372.0 1460.0 392.0 1464.0 392.0 1472.0 small-vehicle 1
324.0 1443.0 321.0 1432.0 350.0 1435.0 348.0 1443.0 small-vehicle 1
296.0 1439.0 298.0 1431.0 317.0 1434.0 315.0 1444.0 small-vehicle 1
231.0 1389.0 240.0 1389.0 237.0 1408.0 227.0 1407.0 small-vehicle 1
227.0 1407.0 219.0 1407.0 222.0 1385.0 229.0 1385.0 small-vehicle 1
206.0 1409.0 198.0 1409.0 201.0 1384.0 209.0 1384.0 small-vehicle 1
108.0 1835.0 116.0 1834.0 119.0 1857.0 110.0 1859.0 small-vehicle 1
123.0 1956.0 121.0 1947.0 141.0 1946.0 141.0 1956.0 small-vehicle 1
130.0 1932.0 122.0 1932.0 121.0 1913.0 129.0 1912.0 small-vehicle 1
652.0 1748.0 653.0 1737.0 676.0 1743.0 674.0 1751.0 small-vehicle 1
698.0 1420.0 704.0 1425.0 689.0 1441.0 682.0 1437.0 small-vehicle 1
711.0 1432.0 716.0 1438.0 697.0 1452.0 693.0 1446.0 small-vehicle 1
714.0 1449.0 717.0 1456.0 698.0 1465.0 697.0 1457.0 small-vehicle 1
719.0 1460.0 722.0 1468.0 704.0 1476.0 702.0 1468.0 small-vehicle 1
727.0 1483.0 732.0 1491.0 711.0 1499.0 709.0 1490.0 small-vehicle 1
733.0 1501.0 736.0 1506.0 720.0 1518.0 717.0 1511.0 small-vehicle 1
855.0 1517.0 847.0 1514.0 854.0 1491.0 863.0 1493.0 small-vehicle 1
837.0 1553.0 829.0 1550.0 838.0 1527.0 848.0 1532.0 small-vehicle 1
820.0 1625.0 812.0 1619.0 819.0 1600.0 829.0 1603.0 small-vehicle 1
741.0 1592.0 742.0 1583.0 765.0 1586.0 764.0 1595.0 small-vehicle 1
728.0 1551.0 723.0 1544.0 739.0 1537.0 745.0 1545.0 small-vehicle 1
656.0 1522.0 649.0 1513.0 670.0 1501.0 677.0 1512.0 small-vehicle 1
649.0 1540.0 657.0 1539.0 659.0 1561.0 651.0 1561.0 small-vehicle 1
193.0 1406.0 184.0 1403.0 188.0 1380.0 195.0 1380.0 small-vehicle 1
179.0 1401.0 172.0 1400.0 177.0 1377.0 183.0 1378.0 small-vehicle 1
111.0 1407.0 112.0 1400.0 129.0 1402.0 129.0 1409.0 small-vehicle 1
782.0 1191.0 781.0 1182.0 803.0 1182.0 804.0 1189.0 small-vehicle 1
448.0 901.0 452.0 894.0 471.0 906.0 467.0 912.0 small-vehicle 1
205.0 869.0 215.0 875.0 202.0 898.0 194.0 892.0 small-vehicle 1
253.0 901.0 261.0 905.0 245.0 926.0 239.0 922.0 small-vehicle 1
338.0 931.0 346.0 936.0 333.0 955.0 327.0 952.0 small-vehicle 1
360.0 942.0 368.0 946.0 357.0 968.0 349.0 965.0 small-vehicle 1
67.0 915.0 69.0 906.0 92.0 916.0 85.0 927.0 small-vehicle 1
235.0 947.0 244.0 947.0 243.0 969.0 234.0 969.0 small-vehicle 1
281.0 1019.0 286.0 1009.0 304.0 1022.0 299.0 1032.0 small-vehicle 1
324.0 1092.0 322.0 1079.0 347.0 1079.0 347.0 1089.0 small-vehicle 1
595.0 1095.0 605.0 1099.0 595.0 1120.0 586.0 1118.0 small-vehicle 0
609.0 1098.0 617.0 1105.0 603.0 1123.0 596.0 1116.0 small-vehicle 0
623.0 1104.0 631.0 1108.0 618.0 1128.0 611.0 1124.0 small-vehicle 0
768.0 1117.0 780.0 1120.0 771.0 1140.0 761.0 1139.0 small-vehicle 0
484.0 1116.0 476.0 1110.0 489.0 1091.0 497.0 1098.0 small-vehicle 1
787.0 1217.0 788.0 1227.0 767.0 1229.0 764.0 1219.0 small-vehicle 1
113.0 1395.0 113.0 1388.0 133.0 1389.0 133.0 1399.0 small-vehicle 1
775.0 1252.0 773.0 1263.0 752.0 1260.0 753.0 1250.0 small-vehicle 1
768.0 1315.0 773.0 1308.0 792.0 1319.0 788.0 1327.0 small-vehicle 1
766.0 1361.0 772.0 1352.0 788.0 1365.0 781.0 1373.0 small-vehicle 1
695.0 1292.0 688.0 1300.0 670.0 1284.0 677.0 1275.0 small-vehicle 1
571.0 1281.0 573.0 1271.0 594.0 1279.0 592.0 1288.0 small-vehicle 1
488.0 1287.0 491.0 1276.0 512.0 1282.0 509.0 1293.0 small-vehicle 1
506.0 1312.0 509.0 1306.0 529.0 1311.0 528.0 1318.0 small-vehicle 1
477.0 1319.0 480.0 1308.0 500.0 1315.0 498.0 1324.0 small-vehicle 1
474.0 1337.0 476.0 1330.0 502.0 1335.0 499.0 1343.0 small-vehicle 1
471.0 1350.0 474.0 1341.0 496.0 1351.0 494.0 1358.0 small-vehicle 1
426.0 1314.0 429.0 1306.0 450.0 1310.0 450.0 1319.0 small-vehicle 1
424.0 1336.0 428.0 1326.0 449.0 1334.0 446.0 1342.0 small-vehicle 1
119.0 1372.0 120.0 1364.0 140.0 1368.0 140.0 1377.0 small-vehicle 1
115.0 1385.0 115.0 1377.0 136.0 1382.0 135.0 1391.0 small-vehicle 1
913.0 1513.0 918.0 1517.0 908.0 1536.0 901.0 1534.0 small-vehicle 1
924.0 1491.0 931.0 1493.0 924.0 1514.0 918.0 1509.0 small-vehicle 1
882.0 1591.0 891.0 1596.0 880.0 1613.0 873.0 1610.0 small-vehicle 1
849.0 2646.0 859.0 2645.0 857.0 2667.0 849.0 2666.0 small-vehicle 1
462.0 2508.0 461.0 2500.0 483.0 2501.0 481.0 2509.0 small-vehicle 1
465.0 2522.0 463.0 2511.0 481.0 2511.0 482.0 2520.0 small-vehicle 1
466.0 2549.0 465.0 2540.0 486.0 2539.0 486.0 2547.0 small-vehicle 1
468.0 2562.0 467.0 2551.0 487.0 2551.0 488.0 2561.0 small-vehicle 1
467.0 2588.0 466.0 2579.0 487.0 2578.0 489.0 2586.0 small-vehicle 1
403.0 2465.0 399.0 2457.0 424.0 2453.0 425.0 2462.0 small-vehicle 1
406.0 2502.0 404.0 2492.0 429.0 2491.0 429.0 2500.0 small-vehicle 1
414.0 2525.0 412.0 2516.0 434.0 2513.0 434.0 2523.0 small-vehicle 1
413.0 2539.0 412.0 2532.0 434.0 2530.0 435.0 2537.0 small-vehicle 1
469.0 2608.0 468.0 2600.0 490.0 2597.0 492.0 2605.0 small-vehicle 1
494.0 2608.0 495.0 2616.0 473.0 2621.0 470.0 2613.0 small-vehicle 1
638.0 2530.0 636.0 2521.0 656.0 2520.0 656.0 2530.0 small-vehicle 1
636.0 2563.0 637.0 2551.0 660.0 2553.0 659.0 2562.0 small-vehicle 1
660.0 2624.0 668.0 2627.0 660.0 2648.0 653.0 2646.0 small-vehicle 1
866.0 2631.0 874.0 2632.0 872.0 2651.0 864.0 2651.0 small-vehicle 1
461.0 2474.0 459.0 2464.0 479.0 2462.0 482.0 2470.0 small-vehicle 1
904.0 2629.0 913.0 2627.0 915.0 2650.0 906.0 2652.0 small-vehicle 1
921.0 2626.0 930.0 2626.0 927.0 2648.0 920.0 2648.0 small-vehicle 1
740.0 2659.0 728.0 2660.0 730.0 2624.0 744.0 2625.0 ship 0
710.0 2658.0 697.0 2659.0 696.0 2624.0 709.0 2624.0 ship 0
946.0 2653.0 935.0 2652.0 937.0 2622.0 948.0 2623.0 ship 0
948.0 2628.0 956.0 2627.0 955.0 2648.0 948.0 2648.0 small-vehicle 1
505.0 2784.0 507.0 2793.0 480.0 2797.0 479.0 2787.0 small-vehicle 1
1128.0 45.0 1136.0 46.0 1132.0 68.0 1125.0 67.0 small-vehicle 1
1995.0 382.0 1993.0 391.0 1976.0 389.0 1978.0 380.0 small-vehicle 1
2159.0 328.0 2167.0 330.0 2159.0 348.0 2153.0 346.0 small-vehicle 1
2194.0 340.0 2202.0 340.0 2197.0 361.0 2187.0 360.0 small-vehicle 1
2207.0 340.0 2215.0 342.0 2210.0 362.0 2203.0 360.0 small-vehicle 1
2222.0 346.0 2229.0 349.0 2224.0 367.0 2218.0 366.0 small-vehicle 1
1966.0 444.0 1969.0 435.0 1986.0 441.0 1982.0 447.0 small-vehicle 1
463.0 2498.0 462.0 2488.0 482.0 2487.0 483.0 2497.0 small-vehicle 1
401.0 2444.0 400.0 2434.0 420.0 2432.0 422.0 2441.0 small-vehicle 1
875.0 1605.0 867.0 1601.0 877.0 1584.0 884.0 1587.0 small-vehicle 1
497.0 2052.0 507.0 2051.0 500.0 2078.0 491.0 2076.0 small-vehicle 1
897.0 1536.0 909.0 1539.0 897.0 1560.0 888.0 1554.0 small-vehicle 1
164.0 1577.0 161.0 1569.0 185.0 1567.0 186.0 1575.0 small-vehicle 1
277.0 1568.0 279.0 1559.0 295.0 1560.0 293.0 1569.0 small-vehicle 1
766.0 1740.0 774.0 1742.0 762.0 1765.0 756.0 1761.0 small-vehicle 1
726.0 1822.0 717.0 1816.0 727.0 1792.0 734.0 1796.0 small-vehicle 1
743.0 1828.0 734.0 1822.0 744.0 1800.0 754.0 1805.0 small-vehicle 1
253.0 1652.0 260.0 1650.0 263.0 1672.0 256.0 1672.0 small-vehicle 1
254.0 1680.0 264.0 1680.0 262.0 1704.0 252.0 1703.0 small-vehicle 1
256.0 1730.0 266.0 1729.0 266.0 1751.0 256.0 1751.0 small-vehicle 1
685.0 1935.0 675.0 1930.0 684.0 1909.0 693.0 1911.0 small-vehicle 1
121.0 1979.0 120.0 1971.0 144.0 1970.0 144.0 1980.0 small-vehicle 1
123.0 1994.0 122.0 1986.0 144.0 1983.0 145.0 1992.0 small-vehicle 1
135.0 2058.0 128.0 2064.0 114.0 2046.0 123.0 2038.0 small-vehicle 1
469.0 2040.0 479.0 2044.0 473.0 2069.0 462.0 2067.0 small-vehicle 1
595.0 2108.0 588.0 2100.0 601.0 2080.0 610.0 2088.0 small-vehicle 1
457.0 2458.0 458.0 2450.0 480.0 2451.0 479.0 2460.0 small-vehicle 1
630.0 2112.0 622.0 2106.0 637.0 2087.0 644.0 2092.0 small-vehicle 1
515.0 2154.0 511.0 2146.0 536.0 2134.0 539.0 2145.0 small-vehicle 1
530.0 2174.0 526.0 2166.0 547.0 2157.0 550.0 2165.0 small-vehicle 1
568.0 2161.0 562.0 2157.0 573.0 2144.0 580.0 2148.0 small-vehicle 1
605.0 2120.0 612.0 2129.0 593.0 2141.0 586.0 2135.0 small-vehicle 1
449.0 2349.0 448.0 2341.0 470.0 2343.0 469.0 2349.0 small-vehicle 1
450.0 2365.0 450.0 2355.0 473.0 2356.0 473.0 2362.0 small-vehicle 1
450.0 2377.0 450.0 2368.0 476.0 2371.0 476.0 2378.0 small-vehicle 1
454.0 2389.0 453.0 2379.0 477.0 2381.0 478.0 2389.0 small-vehicle 1
457.0 2400.0 456.0 2392.0 476.0 2391.0 476.0 2398.0 small-vehicle 1
457.0 2413.0 455.0 2405.0 479.0 2403.0 478.0 2412.0 small-vehicle 1
457.0 2424.0 457.0 2414.0 479.0 2415.0 479.0 2425.0 small-vehicle 1
456.0 2435.0 456.0 2427.0 481.0 2429.0 479.0 2438.0 small-vehicle 1
456.0 2450.0 456.0 2439.0 479.0 2439.0 480.0 2449.0 small-vehicle 1
783.0 1592.0 775.0 1575.0 810.0 1560.0 817.0 1578.0 large-vehicle 0
