imagesource:GoogleEarth
gsd:0.576424775326
705.0 923.0 711.0 902.0 763.0 912.0 757.0 936.0 swimming-pool 0
1722.0 1492.0 1750.0 1492.0 1750.0 1521.0 1722.0 1521.0 storage-tank 0
1104.0 217.0 1136.0 217.0 1136.0 255.0 1104.0 255.0 storage-tank 0
1052.0 249.0 1088.0 249.0 1088.0 286.0 1052.0 286.0 storage-tank 0
1094.0 259.0 1126.0 259.0 1126.0 294.0 1094.0 294.0 storage-tank 0
1128.0 288.0 1144.0 288.0 1144.0 304.0 1128.0 304.0 storage-tank 0
691.0 350.0 716.0 350.0 716.0 376.0 691.0 376.0 roundabout 0
1439.0 576.0 1457.0 506.0 1529.0 525.0 1511.0 596.0 plane 0
1399.0 725.0 1418.0 650.0 1490.0 668.0 1472.0 745.0 plane 0
1362.0 847.0 1383.0 772.0 1470.0 794.0 1451.0 869.0 plane 0
1297.0 1088.0 1317.0 1021.0 1403.0 1041.0 1383.0 1112.0 plane 0
1754.0 847.0 1737.0 916.0 1662.0 897.0 1681.0 824.0 plane 0
1654.0 1186.0 1631.0 1254.0 1563.0 1231.0 1587.0 1164.0 plane 0
1609.0 1298.0 1568.0 1367.0 1494.0 1329.0 1535.0 1261.0 plane 0
1168.0 1684.0 1127.0 1705.0 1101.0 1659.0 1144.0 1638.0 plane 0
1112.0 1709.0 1067.0 1732.0 1033.0 1676.0 1080.0 1650.0 plane 0
748.0 1901.0 727.0 1860.0 771.0 1837.0 793.0 1880.0 plane 0
564.0 1620.0 539.0 1622.0 539.0 1592.0 563.0 1591.0 helicopter 0
711.0 1497.0 750.0 1514.0 732.0 1560.0 692.0 1546.0 plane 0
778.0 1487.0 838.0 1462.0 868.0 1523.0 811.0 1553.0 plane 0
869.0 1442.0 929.0 1414.0 969.0 1487.0 910.0 1518.0 plane 0
1482.0 1548.0 1531.0 1490.0 1968.0 1777.0 1968.0 1870.0 bridge 1
1883.0 387.0 1911.0 458.0 1970.0 438.0 1971.0 355.0 bridge 1
1062.0 208.0 1098.0 208.0 1098.0 244.0 1062.0 244.0 storage-tank 0
