imagesource:GoogleEarth
gsd:0.117605709974
2175.0 518.0 2167.0 500.0 2205.0 488.0 2210.0 506.0 small-vehicle 1
1932.0 460.0 1927.0 441.0 1973.0 431.0 1976.0 449.0 small-vehicle 1
795.0 1320.0 812.0 1313.0 828.0 1354.0 812.0 1361.0 small-vehicle 0
815.0 1312.0 832.0 1305.0 849.0 1342.0 834.0 1350.0 small-vehicle 0
674.0 1420.0 658.0 1427.0 643.0 1385.0 658.0 1380.0 small-vehicle 0
654.0 1421.0 640.0 1427.0 624.0 1389.0 640.0 1383.0 small-vehicle 0
603.0 1401.0 621.0 1392.0 636.0 1432.0 619.0 1437.0 small-vehicle 0
678.0 1705.0 672.0 1690.0 708.0 1675.0 713.0 1690.0 small-vehicle 0
685.0 1727.0 679.0 1709.0 715.0 1695.0 722.0 1710.0 small-vehicle 0
703.0 1763.0 698.0 1746.0 735.0 1733.0 740.0 1750.0 small-vehicle 0
691.0 1768.0 697.0 1788.0 657.0 1803.0 649.0 1785.0 small-vehicle 0
858.0 1874.0 838.0 1876.0 838.0 1834.0 854.0 1832.0 small-vehicle 0
277.0 2135.0 290.0 2149.0 263.0 2172.0 252.0 2158.0 small-vehicle 0
194.0 1980.0 207.0 1970.0 232.0 1998.0 217.0 2009.0 small-vehicle 0
199.0 1751.0 223.0 1760.0 196.0 1839.0 172.0 1834.0 large-vehicle 0
197.0 1478.0 177.0 1474.0 188.0 1438.0 205.0 1441.0 small-vehicle 0
351.0 1052.0 334.0 1050.0 345.0 1012.0 360.0 1017.0 small-vehicle 0
458.0 735.0 439.0 729.0 452.0 686.0 469.0 690.0 small-vehicle 0
499.0 687.0 483.0 677.0 499.0 643.0 514.0 652.0 small-vehicle 0
488.0 565.0 471.0 559.0 484.0 524.0 498.0 530.0 small-vehicle 0
668.0 536.0 667.0 518.0 705.0 520.0 706.0 536.0 small-vehicle 0
518.0 473.0 500.0 468.0 510.0 435.0 527.0 442.0 small-vehicle 0
550.0 385.0 533.0 380.0 545.0 346.0 561.0 351.0 small-vehicle 0
648.0 292.0 664.0 297.0 652.0 333.0 635.0 328.0 small-vehicle 0
612.0 179.0 627.0 188.0 614.0 221.0 597.0 211.0 small-vehicle 0
65.0 590.0 60.0 571.0 94.0 559.0 101.0 576.0 small-vehicle 0
690.0 1634.0 672.0 1646.0 626.0 1570.0 648.0 1556.0 large-vehicle 0
1037.0 1505.0 1059.0 1495.0 1091.0 1573.0 1069.0 1583.0 large-vehicle 0
583.0 1409.0 602.0 1401.0 618.0 1439.0 600.0 1447.0 large-vehicle 0
982.0 1423.0 997.0 1417.0 1012.0 1454.0 994.0 1462.0 small-vehicle 0
1228.0 1757.0 1212.0 1765.0 1199.0 1721.0 1214.0 1714.0 small-vehicle 0
1251.0 1745.0 1233.0 1755.0 1220.0 1715.0 1238.0 1708.0 small-vehicle 0
1694.0 1577.0 1676.0 1584.0 1665.0 1548.0 1681.0 1542.0 small-vehicle 0
814.0 1869.0 798.0 1871.0 793.0 1833.0 807.0 1830.0 small-vehicle 1
119.0 2053.0 226.0 2053.0 226.0 2162.0 119.0 2162.0 roundabout 0
1934.0 183.0 1935.0 165.0 1977.0 165.0 1977.0 184.0 small-vehicle 0
1849.0 168.0 1844.0 152.0 1881.0 139.0 1887.0 154.0 small-vehicle 0
1815.0 152.0 1811.0 135.0 1844.0 128.0 1848.0 144.0 small-vehicle 0
1728.0 170.0 1724.0 151.0 1759.0 145.0 1762.0 164.0 small-vehicle 0
1680.0 178.0 1678.0 163.0 1713.0 157.0 1716.0 174.0 small-vehicle 0
1406.0 273.0 1391.0 259.0 1421.0 223.0 1436.0 235.0 small-vehicle 0
755.0 34.0 772.0 42.0 755.0 82.0 735.0 73.0 small-vehicle 0
847.0 523.0 845.0 504.0 889.0 500.0 891.0 518.0 small-vehicle 0
770.0 532.0 769.0 515.0 810.0 513.0 812.0 530.0 small-vehicle 0
1677.0 1588.0 1655.0 1596.0 1642.0 1555.0 1661.0 1548.0 small-vehicle 0
1740.0 1560.0 1720.0 1567.0 1708.0 1532.0 1725.0 1524.0 small-vehicle 0
1279.0 1735.0 1260.0 1743.0 1250.0 1707.0 1266.0 1700.0 small-vehicle 0
1704.0 1501.0 1687.0 1512.0 1672.0 1477.0 1687.0 1469.0 small-vehicle 0
1651.0 1595.0 1635.0 1603.0 1624.0 1568.0 1639.0 1562.0 small-vehicle 0
1619.0 1607.0 1603.0 1616.0 1587.0 1578.0 1604.0 1570.0 small-vehicle 0
1532.0 1638.0 1514.0 1646.0 1502.0 1609.0 1519.0 1602.0 small-vehicle 0
1508.0 1647.0 1489.0 1653.0 1476.0 1617.0 1494.0 1609.0 small-vehicle 0
1481.0 1657.0 1465.0 1666.0 1454.0 1631.0 1468.0 1627.0 small-vehicle 0
1451.0 1672.0 1431.0 1680.0 1417.0 1643.0 1434.0 1636.0 small-vehicle 0
1423.0 1683.0 1406.0 1691.0 1393.0 1652.0 1409.0 1647.0 small-vehicle 0
1372.0 1657.0 1388.0 1650.0 1401.0 1686.0 1386.0 1692.0 small-vehicle 0
1360.0 1708.0 1341.0 1716.0 1328.0 1672.0 1342.0 1666.0 small-vehicle 0
1341.0 1715.0 1325.0 1720.0 1311.0 1684.0 1328.0 1677.0 small-vehicle 0
1316.0 1721.0 1299.0 1729.0 1290.0 1693.0 1305.0 1689.0 small-vehicle 0
561.0 1416.0 581.0 1409.0 598.0 1448.0 578.0 1456.0 large-vehicle 0
