imagesource:GoogleEarth
gsd:0.131754523152
694.0 821.0 693.0 835.0 663.0 834.0 660.0 821.0 small-vehicle 0
692.0 797.0 693.0 812.0 663.0 812.0 662.0 797.0 small-vehicle 0
611.0 690.0 609.0 668.0 686.0 660.0 687.0 681.0 large-vehicle 0
571.0 661.0 572.0 638.0 685.0 633.0 686.0 655.0 large-vehicle 0
572.0 595.0 572.0 573.0 683.0 571.0 684.0 594.0 large-vehicle 0
610.0 501.0 610.0 480.0 679.0 479.0 680.0 500.0 large-vehicle 0
591.0 429.0 590.0 406.0 677.0 400.0 678.0 423.0 large-vehicle 0
604.0 399.0 603.0 379.0 676.0 377.0 676.0 397.0 large-vehicle 0
601.0 375.0 600.0 355.0 676.0 350.0 676.0 371.0 large-vehicle 0
601.0 343.0 601.0 323.0 674.0 320.0 675.0 341.0 large-vehicle 0
597.0 320.0 594.0 297.0 674.0 290.0 676.0 314.0 large-vehicle 0
557.0 175.0 558.0 152.0 671.0 149.0 671.0 171.0 large-vehicle 0
557.0 139.0 558.0 117.0 669.0 115.0 670.0 137.0 large-vehicle 0
555.0 85.0 553.0 62.0 668.0 55.0 669.0 76.0 large-vehicle 0
196.0 755.0 214.0 744.0 260.0 813.0 241.0 825.0 large-vehicle 0
246.0 839.0 267.0 826.0 297.0 877.0 277.0 890.0 large-vehicle 0
278.0 890.0 297.0 878.0 345.0 946.0 325.0 958.0 large-vehicle 0
332.0 970.0 351.0 959.0 392.0 1022.0 372.0 1034.0 large-vehicle 0
476.0 1154.0 457.0 1165.0 422.0 1111.0 441.0 1099.0 large-vehicle 0
628.0 1026.0 627.0 1005.0 695.0 1002.0 697.0 1023.0 large-vehicle 0
623.0 1058.0 623.0 1037.0 696.0 1032.0 698.0 1054.0 large-vehicle 0
614.0 1087.0 614.0 1066.0 698.0 1062.0 699.0 1083.0 large-vehicle 0
612.0 1116.0 611.0 1096.0 671.0 1093.0 671.0 1112.0 large-vehicle 0
630.0 714.0 630.0 693.0 686.0 690.0 687.0 712.0 large-vehicle 0
380.0 258.0 380.0 237.0 447.0 235.0 447.0 257.0 large-vehicle 0
642.0 965.0 641.0 945.0 693.0 943.0 693.0 962.0 large-vehicle 0
168.0 553.0 150.0 553.0 150.0 507.0 166.0 506.0 large-vehicle 0
693.0 777.0 693.0 787.0 664.0 788.0 664.0 775.0 small-vehicle 0
476.0 850.0 471.0 838.0 501.0 832.0 506.0 844.0 small-vehicle 1
471.0 889.0 471.0 877.0 502.0 874.0 504.0 887.0 small-vehicle 1
471.0 1057.0 471.0 1045.0 510.0 1045.0 508.0 1057.0 small-vehicle 1
666.0 1168.0 666.0 1179.0 641.0 1182.0 639.0 1169.0 small-vehicle 0
658.0 896.0 657.0 883.0 687.0 884.0 688.0 898.0 small-vehicle 0
473.0 955.0 472.0 943.0 505.0 940.0 506.0 956.0 small-vehicle 0
386.0 466.0 386.0 451.0 416.0 452.0 416.0 464.0 small-vehicle 0
387.0 442.0 387.0 428.0 421.0 425.0 422.0 440.0 small-vehicle 0
653.0 985.0 653.0 968.0 695.0 966.0 696.0 983.0 large-vehicle 0
380.0 282.0 380.0 265.0 426.0 263.0 427.0 281.0 large-vehicle 0
647.0 940.0 646.0 923.0 691.0 922.0 692.0 939.0 large-vehicle 0
626.0 108.0 625.0 90.0 667.0 89.0 668.0 106.0 large-vehicle 0
633.0 22.0 633.0 39.0 582.0 40.0 582.0 22.0 large-vehicle 0
385.0 420.0 385.0 404.0 427.0 402.0 428.0 418.0 large-vehicle 0
387.0 399.0 386.0 382.0 428.0 380.0 430.0 398.0 large-vehicle 0
385.0 379.0 385.0 362.0 429.0 360.0 430.0 378.0 large-vehicle 0
384.0 354.0 384.0 338.0 429.0 338.0 429.0 355.0 large-vehicle 0
383.0 331.0 383.0 315.0 429.0 313.0 429.0 330.0 large-vehicle 0
382.0 305.0 383.0 289.0 428.0 288.0 428.0 305.0 large-vehicle 0
607.0 1141.0 607.0 1118.0 672.0 1115.0 673.0 1137.0 large-vehicle 0
