imagesource:GoogleEarth
gsd:0.114076130714
241.0 624.0 238.0 609.0 270.0 604.0 271.0 618.0 small-vehicle 1
835.0 593.0 831.0 571.0 932.0 552.0 934.0 575.0 large-vehicle 0
807.0 427.0 803.0 405.0 904.0 386.0 909.0 410.0 large-vehicle 0
812.0 457.0 809.0 432.0 911.0 415.0 915.0 439.0 large-vehicle 0
817.0 484.0 813.0 460.0 916.0 442.0 919.0 467.0 large-vehicle 0
822.0 511.0 819.0 488.0 919.0 470.0 923.0 492.0 large-vehicle 0
827.0 537.0 822.0 516.0 923.0 497.0 926.0 520.0 large-vehicle 0
831.0 567.0 827.0 543.0 927.0 525.0 930.0 549.0 large-vehicle 0
841.0 621.0 836.0 597.0 937.0 578.0 941.0 603.0 large-vehicle 0
574.0 592.0 577.0 613.0 534.0 617.0 530.0 595.0 small-vehicle 0
845.0 650.0 840.0 625.0 941.0 606.0 946.0 631.0 large-vehicle 0
850.0 677.0 844.0 653.0 946.0 633.0 950.0 659.0 large-vehicle 0
851.0 704.0 846.0 680.0 951.0 663.0 954.0 687.0 large-vehicle 0
857.0 733.0 852.0 707.0 955.0 689.0 959.0 714.0 large-vehicle 0
862.0 760.0 857.0 736.0 959.0 718.0 963.0 740.0 large-vehicle 0
867.0 788.0 863.0 763.0 964.0 744.0 969.0 768.0 large-vehicle 0
860.0 388.0 835.0 380.0 872.0 281.0 895.0 289.0 large-vehicle 0
827.0 391.0 804.0 382.0 841.0 286.0 863.0 293.0 large-vehicle 0
793.0 402.0 771.0 394.0 808.0 292.0 829.0 298.0 large-vehicle 0
761.0 406.0 739.0 398.0 775.0 298.0 797.0 304.0 large-vehicle 0
729.0 412.0 707.0 405.0 744.0 303.0 766.0 308.0 large-vehicle 0
698.0 419.0 675.0 410.0 710.0 309.0 732.0 315.0 large-vehicle 0
665.0 423.0 643.0 416.0 680.0 314.0 702.0 320.0 large-vehicle 0
634.0 428.0 612.0 420.0 648.0 320.0 669.0 326.0 large-vehicle 0
601.0 435.0 579.0 428.0 614.0 327.0 635.0 332.0 large-vehicle 0
570.0 441.0 547.0 433.0 582.0 332.0 603.0 337.0 large-vehicle 0
540.0 446.0 516.0 437.0 550.0 337.0 571.0 342.0 large-vehicle 0
506.0 453.0 483.0 446.0 520.0 343.0 541.0 349.0 large-vehicle 0
474.0 460.0 451.0 451.0 486.0 348.0 508.0 355.0 large-vehicle 0
442.0 465.0 420.0 457.0 456.0 355.0 476.0 360.0 large-vehicle 0
410.0 470.0 387.0 462.0 423.0 360.0 445.0 366.0 large-vehicle 0
378.0 475.0 355.0 467.0 389.0 366.0 410.0 371.0 large-vehicle 0
347.0 482.0 323.0 472.0 356.0 372.0 378.0 377.0 large-vehicle 0
873.0 814.0 868.0 790.0 971.0 772.0 974.0 794.0 large-vehicle 0
692.0 509.0 695.0 531.0 595.0 551.0 590.0 528.0 large-vehicle 0
696.0 538.0 700.0 560.0 598.0 578.0 595.0 554.0 large-vehicle 0
39.0 504.0 35.0 478.0 138.0 462.0 141.0 486.0 large-vehicle 0
529.0 599.0 531.0 620.0 492.0 626.0 488.0 607.0 small-vehicle 0
326.0 635.0 324.0 616.0 362.0 608.0 364.0 630.0 small-vehicle 0
322.0 50.0 339.0 45.0 346.0 82.0 327.0 86.0 small-vehicle 0
529.0 730.0 526.0 714.0 560.0 708.0 564.0 724.0 small-vehicle 0
527.0 704.0 523.0 688.0 562.0 679.0 567.0 696.0 small-vehicle 0
511.0 677.0 507.0 659.0 546.0 652.0 552.0 669.0 small-vehicle 0
500.0 651.0 495.0 636.0 532.0 631.0 532.0 646.0 small-vehicle 0
531.0 589.0 527.0 568.0 565.0 565.0 568.0 582.0 small-vehicle 0
558.0 540.0 562.0 556.0 530.0 562.0 526.0 546.0 small-vehicle 0
265.0 791.0 262.0 775.0 294.0 769.0 297.0 782.0 small-vehicle 0
380.0 658.0 395.0 653.0 402.0 689.0 387.0 692.0 small-vehicle 0
371.0 610.0 384.0 606.0 391.0 639.0 378.0 642.0 small-vehicle 0
359.0 564.0 374.0 562.0 382.0 596.0 368.0 601.0 small-vehicle 0
23.0 481.0 27.0 505.0 2.0 510.0 3.0 484.0 large-vehicle 1
458.0 770.0 481.0 767.0 498.0 875.0 474.0 879.0 large-vehicle 0
701.0 563.0 705.0 589.0 601.0 605.0 598.0 581.0 large-vehicle 0
428.0 775.0 451.0 771.0 468.0 882.0 445.0 884.0 large-vehicle 0
520.0 762.0 516.0 737.0 614.0 721.0 618.0 747.0 large-vehicle 0
524.0 789.0 520.0 766.0 619.0 749.0 622.0 772.0 large-vehicle 0
529.0 819.0 525.0 794.0 622.0 777.0 626.0 800.0 large-vehicle 0
534.0 845.0 530.0 821.0 628.0 804.0 632.0 828.0 large-vehicle 0
537.0 873.0 535.0 850.0 633.0 832.0 637.0 856.0 large-vehicle 0
742.0 813.0 747.0 836.0 648.0 855.0 643.0 830.0 large-vehicle 0
738.0 783.0 743.0 808.0 642.0 825.0 637.0 802.0 large-vehicle 0
733.0 755.0 738.0 780.0 637.0 798.0 633.0 772.0 large-vehicle 0
725.0 702.0 729.0 727.0 628.0 746.0 623.0 720.0 large-vehicle 0
719.0 674.0 723.0 697.0 621.0 714.0 618.0 692.0 large-vehicle 0
716.0 646.0 720.0 671.0 616.0 688.0 611.0 664.0 large-vehicle 0
710.0 618.0 714.0 642.0 612.0 660.0 608.0 637.0 large-vehicle 0
707.0 591.0 712.0 615.0 608.0 634.0 604.0 609.0 large-vehicle 0
313.0 488.0 290.0 479.0 322.0 376.0 345.0 382.0 large-vehicle 0
