imagesource:GoogleEarth
gsd:0.106162053209
1513.0 246.0 1509.0 261.0 1470.0 247.0 1476.0 231.0 small-vehicle 0
1296.0 555.0 1318.0 536.0 1388.0 609.0 1366.0 629.0 large-vehicle 0
669.0 340.0 669.0 311.0 836.0 308.0 837.0 337.0 large-vehicle 0
733.0 803.0 707.0 805.0 698.0 706.0 724.0 703.0 large-vehicle 0
914.0 621.0 932.0 607.0 1003.0 678.0 985.0 697.0 large-vehicle 0
1040.0 672.0 1020.0 689.0 948.0 601.0 970.0 584.0 large-vehicle 0
1114.0 691.0 1091.0 708.0 1021.0 628.0 1043.0 611.0 large-vehicle 0
963.0 550.0 985.0 535.0 1040.0 605.0 1019.0 622.0 large-vehicle 0
980.0 520.0 1001.0 506.0 1060.0 578.0 1039.0 597.0 large-vehicle 0
1143.0 675.0 1120.0 693.0 1048.0 613.0 1069.0 596.0 large-vehicle 0
1179.0 669.0 1157.0 686.0 1086.0 606.0 1108.0 590.0 large-vehicle 0
1224.0 672.0 1202.0 688.0 1133.0 605.0 1153.0 591.0 large-vehicle 0
1268.0 673.0 1248.0 690.0 1186.0 621.0 1205.0 604.0 large-vehicle 0
1316.0 681.0 1295.0 699.0 1224.0 613.0 1246.0 596.0 large-vehicle 0
1345.0 671.0 1325.0 688.0 1256.0 606.0 1278.0 590.0 large-vehicle 0
1372.0 648.0 1345.0 668.0 1285.0 587.0 1308.0 571.0 large-vehicle 0
1214.0 512.0 1236.0 493.0 1306.0 569.0 1284.0 590.0 large-vehicle 0
558.0 455.0 586.0 451.0 594.0 508.0 565.0 512.0 large-vehicle 0
1191.0 530.0 1210.0 514.0 1272.0 579.0 1250.0 597.0 large-vehicle 0
1150.0 524.0 1170.0 509.0 1236.0 586.0 1214.0 604.0 large-vehicle 0
1105.0 521.0 1124.0 504.0 1194.0 583.0 1173.0 603.0 large-vehicle 0
1074.0 529.0 1095.0 513.0 1154.0 589.0 1132.0 607.0 large-vehicle 0
1039.0 541.0 1061.0 524.0 1110.0 588.0 1087.0 606.0 large-vehicle 0
1122.0 123.0 1133.0 98.0 1261.0 151.0 1250.0 174.0 large-vehicle 1
1385.0 810.0 1385.0 782.0 1490.0 783.0 1489.0 810.0 large-vehicle 0
1466.0 492.0 1430.0 480.0 1453.0 411.0 1485.0 419.0 large-vehicle 0
346.0 466.0 372.0 462.0 379.0 523.0 353.0 526.0 large-vehicle 0
373.0 462.0 403.0 459.0 410.0 521.0 379.0 525.0 large-vehicle 0
404.0 462.0 435.0 460.0 441.0 515.0 410.0 519.0 large-vehicle 0
435.0 457.0 462.0 453.0 470.0 520.0 442.0 522.0 large-vehicle 0
464.0 455.0 490.0 450.0 502.0 513.0 474.0 519.0 large-vehicle 0
492.0 451.0 519.0 446.0 530.0 507.0 502.0 512.0 large-vehicle 0
670.0 373.0 669.0 346.0 833.0 342.0 834.0 368.0 large-vehicle 0
892.0 328.0 857.0 324.0 867.0 232.0 901.0 236.0 large-vehicle 0
956.0 328.0 922.0 325.0 932.0 233.0 966.0 237.0 large-vehicle 0
988.0 336.0 956.0 332.0 967.0 240.0 1000.0 243.0 large-vehicle 0
336.0 559.0 335.0 530.0 440.0 525.0 442.0 552.0 large-vehicle 0
449.0 552.0 448.0 525.0 545.0 523.0 546.0 549.0 large-vehicle 0
341.0 585.0 339.0 559.0 438.0 555.0 438.0 582.0 large-vehicle 0
445.0 583.0 445.0 555.0 552.0 550.0 554.0 578.0 large-vehicle 0
341.0 618.0 343.0 590.0 453.0 592.0 452.0 621.0 large-vehicle 0
558.0 406.0 559.0 435.0 444.0 441.0 443.0 412.0 large-vehicle 0
1536.0 808.0 1537.0 780.0 1645.0 782.0 1645.0 811.0 large-vehicle 0
1532.0 765.0 1531.0 740.0 1618.0 737.0 1619.0 763.0 large-vehicle 0
1634.0 757.0 1635.0 733.0 1708.0 732.0 1708.0 756.0 large-vehicle 0
1596.0 724.0 1600.0 699.0 1693.0 705.0 1691.0 730.0 large-vehicle 0
1596.0 696.0 1595.0 671.0 1702.0 670.0 1701.0 697.0 large-vehicle 0
1579.0 666.0 1579.0 641.0 1684.0 641.0 1684.0 665.0 large-vehicle 0
1589.0 637.0 1591.0 613.0 1701.0 614.0 1701.0 639.0 large-vehicle 0
1592.0 610.0 1595.0 584.0 1701.0 586.0 1700.0 613.0 large-vehicle 0
1587.0 577.0 1588.0 552.0 1693.0 554.0 1692.0 581.0 large-vehicle 0
1593.0 532.0 1595.0 505.0 1707.0 509.0 1705.0 536.0 large-vehicle 0
1560.0 525.0 1524.0 521.0 1539.0 429.0 1572.0 431.0 large-vehicle 0
1509.0 521.0 1475.0 515.0 1495.0 423.0 1528.0 429.0 large-vehicle 0
1423.0 486.0 1389.0 478.0 1409.0 400.0 1442.0 405.0 large-vehicle 0
1386.0 457.0 1352.0 447.0 1372.0 382.0 1404.0 389.0 large-vehicle 0
1343.0 439.0 1309.0 430.0 1330.0 359.0 1363.0 365.0 large-vehicle 0
1292.0 435.0 1256.0 427.0 1282.0 336.0 1314.0 343.0 large-vehicle 0
1249.0 420.0 1215.0 411.0 1245.0 323.0 1277.0 332.0 large-vehicle 0
1215.0 390.0 1179.0 384.0 1196.0 307.0 1230.0 311.0 large-vehicle 0
1171.0 385.0 1137.0 377.0 1159.0 286.0 1192.0 291.0 large-vehicle 0
1138.0 372.0 1106.0 371.0 1113.0 295.0 1146.0 295.0 large-vehicle 0
1102.0 361.0 1067.0 358.0 1078.0 265.0 1110.0 266.0 large-vehicle 0
1053.0 338.0 1019.0 332.0 1038.0 250.0 1070.0 255.0 large-vehicle 0
1020.0 350.0 986.0 344.0 1003.0 241.0 1035.0 245.0 large-vehicle 0
530.0 449.0 556.0 446.0 563.0 501.0 536.0 505.0 large-vehicle 0
1027.0 760.0 1049.0 773.0 1022.0 820.0 999.0 806.0 large-vehicle 0
1509.0 333.0 1503.0 350.0 1462.0 338.0 1468.0 321.0 small-vehicle 0
105.0 932.0 122.0 945.0 86.0 977.0 75.0 962.0 small-vehicle 1
8.0 842.0 30.0 841.0 32.0 887.0 13.0 890.0 small-vehicle 0
20.0 967.0 38.0 968.0 43.0 1013.0 22.0 1014.0 small-vehicle 0
299.0 471.0 324.0 472.0 319.0 514.0 299.0 514.0 small-vehicle 0
45.0 573.0 64.0 578.0 50.0 615.0 34.0 608.0 small-vehicle 1
70.0 609.0 84.0 617.0 61.0 651.0 46.0 643.0 small-vehicle 1
78.0 645.0 89.0 656.0 65.0 684.0 53.0 675.0 small-vehicle 1
80.0 679.0 91.0 687.0 69.0 714.0 57.0 705.0 small-vehicle 1
83.0 704.0 99.0 713.0 70.0 746.0 59.0 733.0 small-vehicle 1
85.0 740.0 97.0 755.0 68.0 783.0 58.0 771.0 small-vehicle 1
90.0 776.0 102.0 788.0 67.0 817.0 59.0 804.0 small-vehicle 1
93.0 802.0 108.0 820.0 76.0 844.0 65.0 832.0 small-vehicle 1
97.0 839.0 111.0 849.0 80.0 877.0 71.0 866.0 small-vehicle 1
100.0 871.0 110.0 882.0 78.0 912.0 69.0 902.0 small-vehicle 1
104.0 903.0 120.0 915.0 85.0 945.0 75.0 929.0 small-vehicle 1
110.0 969.0 121.0 987.0 87.0 1013.0 75.0 996.0 small-vehicle 1
1076.0 755.0 1099.0 772.0 1061.0 826.0 1036.0 807.0 large-vehicle 0
113.0 1001.0 126.0 1015.0 94.0 1039.0 83.0 1026.0 small-vehicle 1
1084.0 997.0 1103.0 996.0 1107.0 1039.0 1089.0 1041.0 small-vehicle 1
1089.0 1043.0 1109.0 1039.0 1108.0 1074.0 1089.0 1077.0 small-vehicle 1
1710.0 342.0 1714.0 329.0 1750.0 340.0 1744.0 353.0 small-vehicle 1
1759.0 362.0 1769.0 346.0 1800.0 367.0 1789.0 379.0 small-vehicle 1
1619.0 282.0 1600.0 282.0 1603.0 240.0 1621.0 242.0 small-vehicle 1
1103.0 192.0 1107.0 177.0 1150.0 193.0 1145.0 205.0 small-vehicle 1
1149.0 203.0 1153.0 188.0 1192.0 210.0 1184.0 225.0 small-vehicle 1
1187.0 224.0 1192.0 209.0 1230.0 227.0 1223.0 240.0 small-vehicle 1
1225.0 237.0 1231.0 224.0 1264.0 239.0 1256.0 253.0 small-vehicle 1
1772.0 182.0 1758.0 169.0 1793.0 143.0 1805.0 156.0 small-vehicle 1
1831.0 56.0 1849.0 51.0 1861.0 90.0 1843.0 97.0 small-vehicle 1
1094.0 78.0 1088.0 93.0 1048.0 77.0 1057.0 59.0 small-vehicle 1
967.0 44.0 973.0 29.0 1008.0 45.0 1002.0 60.0 small-vehicle 1
1330.0 858.0 1330.0 840.0 1366.0 838.0 1365.0 855.0 small-vehicle 0
1138.0 1002.0 1160.0 1002.0 1156.0 1041.0 1136.0 1037.0 small-vehicle 0
1082.0 933.0 1107.0 933.0 1106.0 972.0 1087.0 972.0 small-vehicle 0
1132.0 921.0 1149.0 921.0 1150.0 965.0 1130.0 962.0 small-vehicle 0
1112.0 774.0 1130.0 787.0 1100.0 830.0 1082.0 819.0 large-vehicle 0
1201.0 764.0 1224.0 774.0 1204.0 823.0 1178.0 813.0 large-vehicle 0
1242.0 757.0 1264.0 770.0 1232.0 824.0 1209.0 808.0 large-vehicle 0
1322.0 762.0 1344.0 779.0 1306.0 834.0 1282.0 815.0 large-vehicle 0
1354.0 769.0 1374.0 785.0 1343.0 828.0 1321.0 813.0 large-vehicle 0
325.0 471.0 347.0 468.0 353.0 520.0 329.0 523.0 large-vehicle 0
1840.0 34.0 1855.0 26.0 1871.0 62.0 1857.0 70.0 small-vehicle 0
1792.0 225.0 1778.0 214.0 1802.0 184.0 1816.0 196.0 small-vehicle 0
1787.0 253.0 1783.0 269.0 1738.0 256.0 1745.0 240.0 small-vehicle 0
1556.0 278.0 1562.0 261.0 1595.0 278.0 1590.0 292.0 small-vehicle 0
1804.0 387.0 1811.0 368.0 1855.0 387.0 1851.0 403.0 small-vehicle 0
1768.0 458.0 1774.0 440.0 1818.0 456.0 1815.0 474.0 small-vehicle 0
1512.0 350.0 1520.0 338.0 1556.0 351.0 1550.0 365.0 small-vehicle 0
970.0 135.0 977.0 116.0 1009.0 134.0 1004.0 152.0 small-vehicle 0
1014.0 156.0 1022.0 134.0 1057.0 153.0 1051.0 174.0 small-vehicle 0
1063.0 176.0 1067.0 154.0 1103.0 167.0 1098.0 189.0 small-vehicle 0
1091.0 94.0 1095.0 77.0 1131.0 91.0 1124.0 110.0 small-vehicle 0
1006.0 62.0 1016.0 46.0 1051.0 65.0 1042.0 80.0 small-vehicle 0
1123.0 22.0 1133.0 8.0 1166.0 23.0 1154.0 47.0 small-vehicle 0
1182.0 57.0 1188.0 37.0 1222.0 50.0 1218.0 68.0 small-vehicle 0
1601.0 195.0 1592.0 213.0 1556.0 193.0 1565.0 173.0 small-vehicle 0
1645.0 212.0 1641.0 231.0 1597.0 216.0 1601.0 192.0 small-vehicle 0
1676.0 400.0 1671.0 419.0 1636.0 405.0 1641.0 385.0 small-vehicle 0
1721.0 414.0 1713.0 436.0 1674.0 418.0 1684.0 397.0 small-vehicle 0
1726.0 441.0 1734.0 424.0 1764.0 436.0 1756.0 455.0 small-vehicle 0
1517.0 264.0 1522.0 243.0 1555.0 259.0 1550.0 279.0 small-vehicle 0
376.0 366.0 357.0 373.0 332.0 333.0 355.0 324.0 small-vehicle 0
265.0 353.0 281.0 365.0 249.0 383.0 238.0 368.0 small-vehicle 0
1085.0 853.0 1102.0 851.0 1103.0 887.0 1086.0 887.0 small-vehicle 0
208.0 251.0 195.0 229.0 324.0 154.0 337.0 176.0 large-vehicle 0
