imagesource:GoogleEarth
gsd:0.111375307433
6100.0 4225.0 6111.0 4217.0 6143.0 4243.0 6128.0 4259.0 small-vehicle 0
2424.0 1313.0 2425.0 1330.0 2395.0 1332.0 2394.0 1315.0 small-vehicle 0
2210.0 295.0 2221.0 307.0 2194.0 329.0 2185.0 316.0 small-vehicle 0
2150.0 336.0 2161.0 351.0 2134.0 375.0 2121.0 360.0 small-vehicle 0
2276.0 407.0 2286.0 424.0 2256.0 442.0 2245.0 425.0 small-vehicle 0
2237.0 432.0 2246.0 447.0 2217.0 467.0 2209.0 452.0 small-vehicle 0
2420.0 334.0 2413.0 321.0 2443.0 303.0 2452.0 318.0 small-vehicle 0
2334.0 392.0 2324.0 376.0 2361.0 355.0 2369.0 370.0 small-vehicle 0
2293.0 417.0 2285.0 403.0 2320.0 381.0 2329.0 396.0 small-vehicle 0
2284.0 230.0 2296.0 242.0 2268.0 270.0 2256.0 256.0 small-vehicle 0
2318.0 201.0 2330.0 215.0 2302.0 241.0 2289.0 228.0 small-vehicle 0
2528.0 420.0 2512.0 428.0 2490.0 393.0 2504.0 383.0 small-vehicle 0
2563.0 395.0 2545.0 405.0 2524.0 366.0 2539.0 357.0 small-vehicle 0
2444.0 487.0 2427.0 498.0 2404.0 459.0 2419.0 449.0 small-vehicle 0
2320.0 849.0 2337.0 847.0 2342.0 889.0 2326.0 891.0 small-vehicle 0
2405.0 1151.0 2402.0 1131.0 2444.0 1125.0 2447.0 1144.0 small-vehicle 0
2208.0 1162.0 2206.0 1145.0 2249.0 1139.0 2252.0 1159.0 small-vehicle 0
2159.0 1169.0 2157.0 1153.0 2196.0 1146.0 2198.0 1163.0 small-vehicle 0
2391.0 1190.0 2395.0 1209.0 2359.0 1214.0 2357.0 1197.0 small-vehicle 0
2558.0 1106.0 2561.0 1124.0 2521.0 1130.0 2519.0 1111.0 small-vehicle 0
2429.0 1192.0 2437.0 1207.0 2405.0 1227.0 2396.0 1212.0 small-vehicle 0
2395.0 1215.0 2397.0 1231.0 2362.0 1236.0 2361.0 1221.0 small-vehicle 0
2445.0 1223.0 2450.0 1240.0 2412.0 1247.0 2410.0 1227.0 small-vehicle 0
2491.0 1239.0 2510.0 1237.0 2514.0 1270.0 2498.0 1272.0 small-vehicle 0
2452.0 1262.0 2454.0 1281.0 2412.0 1289.0 2410.0 1269.0 small-vehicle 0
2506.0 1284.0 2524.0 1281.0 2527.0 1323.0 2512.0 1324.0 small-vehicle 0
2466.0 1309.0 2467.0 1326.0 2425.0 1328.0 2426.0 1312.0 small-vehicle 0
2125.0 275.0 2106.0 279.0 2103.0 231.0 2122.0 228.0 small-vehicle 0
2143.0 262.0 2122.0 267.0 2118.0 220.0 2134.0 215.0 small-vehicle 0
2173.0 186.0 2153.0 190.0 2147.0 144.0 2164.0 142.0 small-vehicle 0
1839.0 1033.0 1858.0 1027.0 1869.0 1062.0 1853.0 1067.0 small-vehicle 0
2137.0 2858.0 2131.0 2843.0 2158.0 2833.0 2166.0 2845.0 small-vehicle 0
1753.0 2935.0 1753.0 2918.0 1786.0 2919.0 1787.0 2935.0 small-vehicle 0
1626.0 2935.0 1626.0 2918.0 1668.0 2921.0 1668.0 2938.0 small-vehicle 0
1595.0 2714.0 1578.0 2704.0 1599.0 2668.0 1615.0 2677.0 small-vehicle 0
1672.0 2743.0 1656.0 2741.0 1661.0 2702.0 1679.0 2704.0 small-vehicle 0
1531.0 2494.0 1513.0 2492.0 1516.0 2447.0 1534.0 2448.0 small-vehicle 0
1894.0 2533.0 1896.0 2514.0 1932.0 2515.0 1932.0 2531.0 small-vehicle 0
1754.0 2349.0 1774.0 2345.0 1782.0 2391.0 1762.0 2395.0 small-vehicle 0
1524.0 2391.0 1541.0 2391.0 1537.0 2431.0 1521.0 2430.0 small-vehicle 0
1528.0 2343.0 1548.0 2345.0 1545.0 2383.0 1525.0 2381.0 small-vehicle 0
1547.0 858.0 1542.0 839.0 1580.0 828.0 1585.0 843.0 small-vehicle 0
1853.0 1070.0 1870.0 1067.0 1880.0 1107.0 1862.0 1112.0 small-vehicle 0
2183.0 230.0 2164.0 238.0 2154.0 194.0 2170.0 189.0 small-vehicle 0
1866.0 1114.0 1881.0 1111.0 1889.0 1146.0 1873.0 1149.0 small-vehicle 0
2035.0 1226.0 2038.0 1241.0 2002.0 1245.0 1998.0 1230.0 small-vehicle 0
2111.0 1239.0 2128.0 1242.0 2121.0 1279.0 2104.0 1275.0 small-vehicle 0
2165.0 1275.0 2145.0 1274.0 2154.0 1235.0 2171.0 1238.0 small-vehicle 0
1937.0 1389.0 1956.0 1386.0 1962.0 1422.0 1946.0 1426.0 small-vehicle 0
1947.0 1430.0 1964.0 1426.0 1974.0 1467.0 1956.0 1471.0 small-vehicle 0
1808.0 510.0 1802.0 494.0 1835.0 478.0 1844.0 495.0 small-vehicle 0
1855.0 491.0 1844.0 471.0 1884.0 455.0 1892.0 471.0 small-vehicle 0
2084.0 245.0 2066.0 246.0 2059.0 206.0 2076.0 203.0 small-vehicle 0
2104.0 230.0 2086.0 234.0 2081.0 189.0 2101.0 186.0 small-vehicle 0
2127.0 218.0 2109.0 221.0 2104.0 179.0 2122.0 177.0 small-vehicle 0
2430.0 1330.0 2434.0 1351.0 2389.0 1357.0 2387.0 1336.0 small-vehicle 0
2470.0 1328.0 2471.0 1345.0 2435.0 1350.0 2434.0 1330.0 small-vehicle 0
6205.0 4017.0 6187.0 4005.0 6215.0 3967.0 6232.0 3981.0 small-vehicle 0
2476.0 1347.0 2479.0 1364.0 2436.0 1366.0 2434.0 1350.0 small-vehicle 0
2658.0 2779.0 2658.0 2761.0 2698.0 2764.0 2698.0 2780.0 small-vehicle 0
2691.0 2829.0 2687.0 2810.0 2725.0 2800.0 2729.0 2815.0 small-vehicle 0
2670.0 2807.0 2670.0 2787.0 2711.0 2784.0 2715.0 2802.0 small-vehicle 0
2739.0 2856.0 2732.0 2841.0 2765.0 2821.0 2772.0 2836.0 small-vehicle 0
2821.0 2847.0 2805.0 2847.0 2810.0 2813.0 2824.0 2815.0 small-vehicle 0
2831.0 2801.0 2812.0 2800.0 2816.0 2757.0 2833.0 2758.0 small-vehicle 0
2835.0 2748.0 2816.0 2747.0 2821.0 2701.0 2837.0 2701.0 small-vehicle 0
2841.0 2712.0 2835.0 2694.0 2881.0 2674.0 2886.0 2692.0 small-vehicle 0
2843.0 2735.0 2838.0 2719.0 2878.0 2700.0 2884.0 2718.0 small-vehicle 0
2844.0 2755.0 2840.0 2742.0 2876.0 2725.0 2883.0 2742.0 small-vehicle 0
2840.0 2781.0 2834.0 2762.0 2873.0 2750.0 2878.0 2766.0 small-vehicle 0
2838.0 2808.0 2833.0 2793.0 2869.0 2777.0 2878.0 2792.0 small-vehicle 0
2835.0 2833.0 2829.0 2816.0 2866.0 2803.0 2870.0 2818.0 small-vehicle 0
2834.0 2856.0 2829.0 2841.0 2865.0 2828.0 2869.0 2844.0 small-vehicle 0
2843.0 2464.0 2834.0 2446.0 2869.0 2427.0 2880.0 2442.0 small-vehicle 0
2465.0 2395.0 2465.0 2378.0 2506.0 2381.0 2506.0 2397.0 small-vehicle 0
2849.0 1885.0 2855.0 1868.0 2895.0 1882.0 2891.0 1896.0 small-vehicle 0
2693.0 1777.0 2698.0 1760.0 2736.0 1774.0 2732.0 1789.0 small-vehicle 0
2778.0 1863.0 2784.0 1848.0 2818.0 1858.0 2813.0 1874.0 small-vehicle 0
2670.0 1260.0 2656.0 1243.0 2693.0 1216.0 2706.0 1231.0 large-vehicle 0
2681.0 1285.0 2667.0 1267.0 2703.0 1240.0 2716.0 1258.0 large-vehicle 0
2920.0 1247.0 2901.0 1248.0 2898.0 1209.0 2915.0 1208.0 large-vehicle 0
2707.0 1005.0 2726.0 1003.0 2729.0 1038.0 2714.0 1040.0 small-vehicle 0
2794.0 987.0 2810.0 986.0 2815.0 1022.0 2799.0 1022.0 small-vehicle 0
2819.0 982.0 2838.0 981.0 2840.0 1020.0 2823.0 1020.0 small-vehicle 0
2765.0 2806.0 2755.0 2818.0 2724.0 2795.0 2734.0 2783.0 small-vehicle 0
2775.0 2784.0 2764.0 2795.0 2735.0 2771.0 2744.0 2758.0 small-vehicle 0
2741.0 2757.0 2733.0 2772.0 2702.0 2745.0 2713.0 2733.0 small-vehicle 0
2701.0 2649.0 2714.0 2637.0 2742.0 2663.0 2730.0 2678.0 small-vehicle 0
2434.0 1352.0 2437.0 1370.0 2396.0 1375.0 2392.0 1356.0 small-vehicle 0
2474.0 1367.0 2476.0 1381.0 2442.0 1391.0 2440.0 1371.0 small-vehicle 0
2444.0 1431.0 2439.0 1411.0 2480.0 1400.0 2485.0 1421.0 small-vehicle 0
2562.0 1418.0 2552.0 1431.0 2514.0 1402.0 2526.0 1386.0 small-vehicle 0
2570.0 1458.0 2560.0 1474.0 2529.0 1453.0 2539.0 1437.0 small-vehicle 0
2437.0 1628.0 2454.0 1635.0 2440.0 1666.0 2425.0 1658.0 small-vehicle 0
2322.0 1703.0 2327.0 1685.0 2359.0 1697.0 2352.0 1713.0 small-vehicle 0
2490.0 2688.0 2485.0 2671.0 2521.0 2652.0 2528.0 2672.0 small-vehicle 0
2366.0 2768.0 2360.0 2753.0 2388.0 2743.0 2393.0 2757.0 small-vehicle 0
2222.0 2775.0 2216.0 2755.0 2254.0 2744.0 2260.0 2761.0 small-vehicle 0
2727.0 2617.0 2741.0 2607.0 2760.0 2640.0 2748.0 2647.0 small-vehicle 0
2690.0 2668.0 2701.0 2656.0 2726.0 2678.0 2717.0 2693.0 small-vehicle 0
2785.0 2769.0 2774.0 2780.0 2745.0 2755.0 2754.0 2740.0 small-vehicle 0
2670.0 2694.0 2679.0 2676.0 2712.0 2698.0 2706.0 2711.0 small-vehicle 0
2659.0 2716.0 2666.0 2700.0 2707.0 2717.0 2701.0 2735.0 small-vehicle 0
2654.0 2740.0 2658.0 2725.0 2699.0 2739.0 2696.0 2753.0 small-vehicle 0
2800.0 2669.0 2786.0 2679.0 2765.0 2647.0 2774.0 2637.0 small-vehicle 0
2781.0 2626.0 2763.0 2635.0 2749.0 2600.0 2763.0 2593.0 small-vehicle 0
2776.0 2704.0 2764.0 2718.0 2742.0 2689.0 2755.0 2679.0 small-vehicle 0
2786.0 2683.0 2771.0 2693.0 2750.0 2662.0 2764.0 2651.0 small-vehicle 0
2764.0 2718.0 2751.0 2734.0 2721.0 2708.0 2733.0 2691.0 small-vehicle 0
2754.0 2739.0 2746.0 2753.0 2712.0 2728.0 2723.0 2713.0 small-vehicle 0
2798.0 2687.0 2819.0 2690.0 2810.0 2729.0 2793.0 2726.0 small-vehicle 0
2771.0 2712.0 2786.0 2715.0 2783.0 2746.0 2768.0 2745.0 small-vehicle 0
1813.0 2839.0 1813.0 2822.0 1843.0 2822.0 1847.0 2838.0 small-vehicle 0
1958.0 2829.0 1954.0 2810.0 1993.0 2804.0 2002.0 2823.0 small-vehicle 0
1952.0 2917.0 1948.0 2900.0 1989.0 2889.0 1994.0 2906.0 small-vehicle 0
2200.0 3106.0 2183.0 3108.0 2176.0 3069.0 2189.0 3064.0 small-vehicle 0
5444.0 2907.0 5433.0 2891.0 5469.0 2866.0 5480.0 2880.0 large-vehicle 0
5939.0 288.0 5942.0 313.0 5849.0 324.0 5844.0 299.0 large-vehicle 1
6030.0 2472.0 6041.0 2456.0 6084.0 2476.0 6074.0 2496.0 large-vehicle 0
6612.0 1631.0 6628.0 1640.0 6600.0 1680.0 6587.0 1671.0 large-vehicle 0
174.0 402.0 191.0 401.0 195.0 445.0 180.0 444.0 small-vehicle 0
199.0 643.0 219.0 641.0 224.0 683.0 206.0 683.0 small-vehicle 0
72.0 669.0 51.0 668.0 49.0 629.0 69.0 628.0 small-vehicle 0
79.0 986.0 62.0 986.0 62.0 946.0 75.0 945.0 small-vehicle 0
665.0 926.0 652.0 932.0 634.0 898.0 651.0 890.0 small-vehicle 0
405.0 1209.0 413.0 1227.0 370.0 1241.0 363.0 1227.0 small-vehicle 0
260.0 1318.0 278.0 1318.0 279.0 1361.0 258.0 1362.0 small-vehicle 0
559.0 1376.0 569.0 1392.0 536.0 1415.0 526.0 1401.0 small-vehicle 0
568.0 1162.0 572.0 1185.0 521.0 1197.0 517.0 1177.0 small-vehicle 0
645.0 1143.0 649.0 1164.0 607.0 1173.0 604.0 1154.0 small-vehicle 0
705.0 1127.0 708.0 1146.0 665.0 1157.0 662.0 1134.0 small-vehicle 0
63.0 1573.0 41.0 1573.0 41.0 1532.0 58.0 1534.0 small-vehicle 0
268.0 1588.0 288.0 1588.0 287.0 1625.0 270.0 1625.0 small-vehicle 0
162.0 1686.0 181.0 1686.0 183.0 1733.0 165.0 1733.0 small-vehicle 0
275.0 1839.0 295.0 1840.0 292.0 1886.0 274.0 1883.0 small-vehicle 0
515.0 1793.0 528.0 1806.0 506.0 1829.0 491.0 1816.0 small-vehicle 0
528.0 1806.0 542.0 1819.0 518.0 1846.0 504.0 1833.0 small-vehicle 0
553.0 1829.0 567.0 1844.0 544.0 1868.0 529.0 1856.0 small-vehicle 0
594.0 1861.0 608.0 1874.0 583.0 1901.0 570.0 1891.0 small-vehicle 0
478.0 1970.0 454.0 1970.0 451.0 1923.0 473.0 1923.0 small-vehicle 0
268.0 1958.0 285.0 1958.0 284.0 1990.0 271.0 1990.0 small-vehicle 0
5379.0 2834.0 5372.0 2850.0 5324.0 2837.0 5330.0 2819.0 large-vehicle 0
5086.0 2767.0 5092.0 2748.0 5136.0 2762.0 5132.0 2779.0 large-vehicle 0
5537.0 3592.0 5552.0 3608.0 5519.0 3638.0 5504.0 3624.0 large-vehicle 0
2344.0 1150.0 2340.0 1128.0 2391.0 1121.0 2394.0 1144.0 large-vehicle 0
656.0 2011.0 658.0 1988.0 724.0 1996.0 720.0 2020.0 large-vehicle 0
153.0 2232.0 176.0 2233.0 176.0 2292.0 149.0 2292.0 large-vehicle 0
641.0 2136.0 640.0 2149.0 576.0 2146.0 575.0 2128.0 large-vehicle 1
582.0 2276.0 562.0 2273.0 571.0 2215.0 588.0 2216.0 large-vehicle 0
1523.0 559.0 1513.0 579.0 1460.0 552.0 1472.0 529.0 large-vehicle 0
1997.0 104.0 2011.0 92.0 2039.0 122.0 2025.0 134.0 large-vehicle 1
2175.0 98.0 2155.0 106.0 2127.0 60.0 2146.0 50.0 large-vehicle 0
1994.0 2195.0 2013.0 2196.0 2009.0 2245.0 1990.0 2243.0 large-vehicle 0
2052.0 2839.0 2045.0 2819.0 2098.0 2805.0 2104.0 2825.0 large-vehicle 0
2312.0 2750.0 2305.0 2731.0 2354.0 2714.0 2359.0 2736.0 large-vehicle 0
2472.0 1583.0 2452.0 1577.0 2472.0 1520.0 2491.0 1526.0 large-vehicle 0
2754.0 1105.0 2745.0 1084.0 2804.0 1064.0 2810.0 1088.0 large-vehicle 0
5503.0 3618.0 5489.0 3603.0 5523.0 3571.0 5536.0 3588.0 large-vehicle 0
2814.0 1148.0 2815.0 1170.0 2771.0 1175.0 2768.0 1152.0 large-vehicle 0
2913.0 1137.0 2933.0 1136.0 2939.0 1179.0 2920.0 1183.0 large-vehicle 0
3223.0 272.0 3216.0 252.0 3264.0 238.0 3271.0 256.0 large-vehicle 0
3236.0 2870.0 3213.0 2868.0 3220.0 2812.0 3241.0 2815.0 large-vehicle 0
3504.0 2928.0 3502.0 2900.0 3564.0 2901.0 3566.0 2928.0 large-vehicle 0
4783.0 3348.0 4778.0 3327.0 4831.0 3322.0 4833.0 3343.0 large-vehicle 0
4840.0 3370.0 4854.0 3382.0 4817.0 3418.0 4803.0 3404.0 large-vehicle 1
4765.0 3348.0 4799.0 3352.0 4796.0 3370.0 4748.0 3367.0 large-vehicle 1
4886.0 348.0 4880.0 325.0 4932.0 320.0 4933.0 343.0 large-vehicle 0
5486.0 3532.0 5500.0 3547.0 5465.0 3583.0 5451.0 3566.0 large-vehicle 0
5484.0 3600.0 5470.0 3584.0 5504.0 3552.0 5517.0 3564.0 large-vehicle 0
162.0 1998.0 180.0 1999.0 179.0 2043.0 164.0 2043.0 small-vehicle 0
402.0 2113.0 406.0 2096.0 439.0 2103.0 437.0 2119.0 small-vehicle 0
493.0 2148.0 492.0 2126.0 538.0 2124.0 540.0 2144.0 small-vehicle 0
1188.0 2919.0 1188.0 2937.0 1142.0 2931.0 1143.0 2914.0 small-vehicle 0
1422.0 2351.0 1440.0 2354.0 1435.0 2396.0 1414.0 2394.0 small-vehicle 0
1417.0 2352.0 1400.0 2351.0 1403.0 2312.0 1419.0 2314.0 small-vehicle 0
1378.0 2345.0 1395.0 2348.0 1390.0 2389.0 1374.0 2387.0 small-vehicle 0
1440.0 2350.0 1422.0 2349.0 1425.0 2312.0 1443.0 2313.0 small-vehicle 0
1370.0 2535.0 1350.0 2533.0 1357.0 2492.0 1374.0 2494.0 small-vehicle 0
1394.0 2539.0 1375.0 2538.0 1378.0 2496.0 1397.0 2496.0 small-vehicle 0
1415.0 2535.0 1398.0 2534.0 1402.0 2501.0 1418.0 2501.0 small-vehicle 0
1417.0 2545.0 1434.0 2546.0 1433.0 2590.0 1412.0 2587.0 small-vehicle 0
1375.0 2537.0 1395.0 2542.0 1389.0 2583.0 1370.0 2581.0 small-vehicle 0
1370.0 2576.0 1349.0 2575.0 1352.0 2534.0 1370.0 2534.0 small-vehicle 0
1309.0 2803.0 1310.0 2786.0 1349.0 2791.0 1347.0 2809.0 small-vehicle 0
1187.0 2945.0 1185.0 2963.0 1152.0 2960.0 1153.0 2942.0 small-vehicle 0
918.0 1965.0 917.0 1984.0 881.0 1980.0 883.0 1963.0 small-vehicle 0
1178.0 2990.0 1175.0 3005.0 1143.0 3002.0 1145.0 2985.0 small-vehicle 0
1125.0 2985.0 1123.0 3001.0 1088.0 2996.0 1090.0 2980.0 small-vehicle 0
1074.0 2986.0 1070.0 3002.0 1037.0 2995.0 1040.0 2978.0 small-vehicle 0
1071.0 3010.0 1069.0 3030.0 1023.0 3021.0 1026.0 3003.0 small-vehicle 0
1862.0 4240.0 1879.0 4235.0 1892.0 4278.0 1878.0 4284.0 small-vehicle 0
1800.0 4172.0 1780.0 4178.0 1773.0 4140.0 1789.0 4136.0 small-vehicle 0
1777.0 4071.0 1760.0 4073.0 1758.0 4023.0 1778.0 4022.0 small-vehicle 0
1787.0 3928.0 1767.0 3922.0 1780.0 3879.0 1801.0 3887.0 small-vehicle 0
2043.0 3561.0 2059.0 3573.0 2034.0 3604.0 2018.0 3591.0 small-vehicle 0
1996.0 3561.0 1978.0 3548.0 2010.0 3510.0 2024.0 3522.0 large-vehicle 0
2123.0 3378.0 2109.0 3369.0 2132.0 3330.0 2147.0 3340.0 small-vehicle 0
1407.0 2226.0 1408.0 2207.0 1447.0 2213.0 1447.0 2231.0 small-vehicle 0
922.0 1937.0 918.0 1957.0 888.0 1952.0 888.0 1935.0 small-vehicle 0
266.0 2146.0 283.0 2147.0 284.0 2188.0 263.0 2187.0 small-vehicle 0
197.0 3067.0 214.0 3073.0 206.0 3106.0 188.0 3104.0 small-vehicle 0
63.0 2265.0 46.0 2264.0 46.0 2223.0 64.0 2224.0 small-vehicle 0
502.0 2213.0 522.0 2216.0 516.0 2266.0 498.0 2261.0 small-vehicle 0
535.0 2213.0 557.0 2217.0 549.0 2266.0 528.0 2261.0 small-vehicle 0
266.0 2278.0 282.0 2279.0 281.0 2321.0 265.0 2319.0 small-vehicle 0
342.0 2437.0 341.0 2458.0 301.0 2456.0 303.0 2436.0 small-vehicle 0
265.0 2506.0 282.0 2502.0 290.0 2533.0 274.0 2538.0 small-vehicle 0
138.0 2564.0 154.0 2566.0 150.0 2602.0 134.0 2598.0 small-vehicle 0
231.0 2723.0 225.0 2705.0 266.0 2694.0 272.0 2711.0 small-vehicle 0
181.0 2741.0 174.0 2722.0 219.0 2707.0 226.0 2724.0 small-vehicle 0
251.0 2894.0 245.0 2912.0 207.0 2893.0 215.0 2878.0 small-vehicle 0
213.0 3020.0 230.0 3025.0 221.0 3057.0 205.0 3052.0 small-vehicle 0
1173.0 63.0 1190.0 57.0 1204.0 96.0 1188.0 104.0 small-vehicle 0
926.0 1915.0 925.0 1933.0 887.0 1929.0 888.0 1911.0 small-vehicle 0
1258.0 106.0 1243.0 113.0 1229.0 76.0 1245.0 69.0 small-vehicle 0
1279.0 153.0 1262.0 161.0 1249.0 126.0 1264.0 122.0 small-vehicle 0
1264.0 165.0 1279.0 158.0 1292.0 194.0 1278.0 200.0 small-vehicle 0
1284.0 214.0 1298.0 206.0 1314.0 247.0 1298.0 254.0 small-vehicle 0
1404.0 375.0 1388.0 381.0 1375.0 341.0 1389.0 335.0 small-vehicle 0
1422.0 413.0 1405.0 420.0 1393.0 386.0 1409.0 380.0 small-vehicle 0
1409.0 430.0 1425.0 421.0 1449.0 458.0 1431.0 468.0 small-vehicle 0
952.0 1031.0 944.0 1016.0 972.0 1002.0 978.0 1015.0 small-vehicle 0
974.0 1230.0 993.0 1225.0 1005.0 1269.0 988.0 1274.0 small-vehicle 0
1055.0 1412.0 1068.0 1401.0 1096.0 1432.0 1087.0 1444.0 small-vehicle 0
923.0 1889.0 922.0 1904.0 892.0 1900.0 893.0 1885.0 small-vehicle 0
2881.0 1025.0 2862.0 1028.0 2858.0 984.0 2873.0 980.0 large-vehicle 0
2903.0 1024.0 2885.0 1026.0 2878.0 977.0 2898.0 976.0 large-vehicle 0
2763.0 257.0 2755.0 241.0 2786.0 223.0 2794.0 234.0 small-vehicle 0
5325.0 1199.0 5328.0 1216.0 5288.0 1227.0 5283.0 1207.0 small-vehicle 0
6253.0 680.0 6268.0 676.0 6277.0 710.0 6261.0 716.0 small-vehicle 0
6228.0 766.0 6227.0 787.0 6187.0 789.0 6188.0 767.0 small-vehicle 0
6549.0 1157.0 6542.0 1172.0 6511.0 1158.0 6518.0 1144.0 small-vehicle 0
6263.0 2196.0 6268.0 2181.0 6301.0 2195.0 6296.0 2209.0 small-vehicle 0
6261.0 2182.0 6252.0 2195.0 6224.0 2172.0 6235.0 2160.0 small-vehicle 0
6179.0 2098.0 6164.0 2106.0 6149.0 2070.0 6163.0 2062.0 small-vehicle 0
6128.0 2023.0 6143.0 2017.0 6157.0 2055.0 6144.0 2060.0 small-vehicle 0
6087.0 1924.0 6102.0 1919.0 6115.0 1953.0 6101.0 1959.0 small-vehicle 0
6047.0 1830.0 6063.0 1821.0 6076.0 1858.0 6062.0 1866.0 small-vehicle 0
6360.0 1059.0 6361.0 1044.0 6396.0 1041.0 6396.0 1056.0 small-vehicle 0
6237.0 1060.0 6242.0 1074.0 6276.0 1068.0 6274.0 1054.0 small-vehicle 0
6188.0 1066.0 6191.0 1079.0 6221.0 1076.0 6222.0 1062.0 small-vehicle 0
5027.0 2777.0 5044.0 2783.0 5032.0 2815.0 5016.0 2813.0 small-vehicle 0
5049.0 2789.0 5062.0 2794.0 5052.0 2821.0 5038.0 2816.0 small-vehicle 0
5070.0 2795.0 5086.0 2802.0 5073.0 2832.0 5058.0 2826.0 small-vehicle 0
4006.0 2181.0 4011.0 2165.0 4046.0 2179.0 4041.0 2194.0 small-vehicle 0
3768.0 2114.0 3770.0 2097.0 3806.0 2105.0 3803.0 2121.0 small-vehicle 0
4298.0 2053.0 4309.0 2038.0 4338.0 2064.0 4328.0 2078.0 small-vehicle 0
3955.0 976.0 3968.0 965.0 3992.0 989.0 3976.0 1001.0 small-vehicle 0
4071.0 967.0 4081.0 955.0 4110.0 983.0 4097.0 990.0 small-vehicle 0
4096.0 956.0 4109.0 943.0 4135.0 970.0 4122.0 986.0 small-vehicle 0
4153.0 952.0 4167.0 943.0 4189.0 968.0 4175.0 980.0 small-vehicle 0
3968.0 1328.0 3987.0 1325.0 3993.0 1367.0 3977.0 1372.0 small-vehicle 0
4759.0 1425.0 4779.0 1423.0 4776.0 1463.0 4761.0 1462.0 small-vehicle 0
4710.0 1195.0 4729.0 1190.0 4731.0 1229.0 4715.0 1233.0 small-vehicle 0
4230.0 408.0 4232.0 426.0 4272.0 422.0 4272.0 404.0 small-vehicle 0
4278.0 402.0 4282.0 417.0 4315.0 412.0 4313.0 398.0 small-vehicle 0
4331.0 395.0 4334.0 416.0 4378.0 407.0 4375.0 387.0 small-vehicle 0
5295.0 325.0 5299.0 342.0 5329.0 334.0 5326.0 320.0 small-vehicle 0
5289.0 879.0 5291.0 894.0 5251.0 898.0 5249.0 884.0 small-vehicle 0
5236.0 887.0 5238.0 901.0 5202.0 906.0 5201.0 891.0 small-vehicle 0
5196.0 892.0 5198.0 907.0 5163.0 909.0 5162.0 894.0 small-vehicle 0
5021.0 926.0 5017.0 909.0 5057.0 906.0 5059.0 924.0 small-vehicle 0
5540.0 832.0 5538.0 814.0 5576.0 812.0 5576.0 826.0 small-vehicle 0
5583.0 828.0 5581.0 809.0 5620.0 806.0 5622.0 824.0 small-vehicle 0
5637.0 822.0 5635.0 804.0 5677.0 799.0 5676.0 817.0 small-vehicle 0
5686.0 800.0 5688.0 815.0 5721.0 810.0 5720.0 796.0 small-vehicle 0
5803.0 784.0 5804.0 804.0 5763.0 806.0 5760.0 788.0 small-vehicle 0
5771.0 319.0 5771.0 334.0 5738.0 335.0 5737.0 322.0 small-vehicle 0
5646.0 334.0 5647.0 352.0 5612.0 356.0 5610.0 337.0 small-vehicle 0
5250.0 281.0 5251.0 298.0 5215.0 303.0 5213.0 285.0 small-vehicle 0
4382.0 390.0 4385.0 409.0 4426.0 401.0 4422.0 382.0 small-vehicle 0
5200.0 288.0 5202.0 305.0 5166.0 310.0 5162.0 291.0 small-vehicle 0
5150.0 295.0 5151.0 310.0 5114.0 314.0 5113.0 298.0 small-vehicle 0
5065.0 306.0 5067.0 320.0 5101.0 317.0 5101.0 303.0 small-vehicle 0
5016.0 310.0 5019.0 329.0 5057.0 324.0 5055.0 307.0 small-vehicle 0
4839.0 334.0 4842.0 351.0 4872.0 346.0 4871.0 331.0 small-vehicle 0
4723.0 348.0 4725.0 366.0 4762.0 361.0 4761.0 344.0 small-vehicle 0
4780.0 383.0 4781.0 400.0 4820.0 394.0 4817.0 379.0 small-vehicle 0
4636.0 359.0 4639.0 373.0 4677.0 367.0 4676.0 353.0 small-vehicle 0
4584.0 366.0 4586.0 380.0 4621.0 376.0 4620.0 363.0 small-vehicle 0
4533.0 370.0 4535.0 386.0 4567.0 380.0 4566.0 366.0 small-vehicle 0
4476.0 378.0 4477.0 395.0 4519.0 391.0 4519.0 375.0 small-vehicle 0
4787.0 1533.0 4808.0 1526.0 4818.0 1563.0 4797.0 1567.0 small-vehicle 0
4879.0 1801.0 4898.0 1791.0 4908.0 1833.0 4896.0 1837.0 small-vehicle 0
4446.0 1666.0 4462.0 1661.0 4476.0 1697.0 4457.0 1705.0 small-vehicle 0
4942.0 497.0 4944.0 517.0 4901.0 524.0 4896.0 505.0 small-vehicle 0
2680.0 1546.0 2700.0 1546.0 2707.0 1598.0 2685.0 1598.0 small-vehicle 0
2042.0 1244.0 2056.0 1250.0 2044.0 1278.0 2033.0 1273.0 small-vehicle 0
4578.0 550.0 4579.0 568.0 4542.0 569.0 4540.0 552.0 small-vehicle 0
4639.0 535.0 4643.0 558.0 4602.0 566.0 4596.0 544.0 small-vehicle 0
3968.0 457.0 3963.0 439.0 4011.0 432.0 4012.0 449.0 small-vehicle 0
4024.0 448.0 4023.0 430.0 4061.0 429.0 4063.0 447.0 small-vehicle 0
3844.0 513.0 3839.0 486.0 4120.0 458.0 4121.0 484.0 large-vehicle 0
3927.0 626.0 3929.0 647.0 3894.0 648.0 3891.0 630.0 small-vehicle 0
3519.0 2667.0 3533.0 2625.0 3955.0 2766.0 3939.0 2805.0 large-vehicle 0
4833.0 1666.0 4852.0 1658.0 4863.0 1704.0 4844.0 1709.0 small-vehicle 0
5149.0 893.0 5151.0 909.0 5109.0 917.0 5104.0 900.0 small-vehicle 0
6498.0 1129.0 6504.0 1109.0 6550.0 1124.0 6540.0 1143.0 small-vehicle 0
2927.0 1848.0 2931.0 1831.0 2966.0 1847.0 2962.0 1861.0 small-vehicle 0
6177.0 1064.0 6178.0 1085.0 6137.0 1084.0 6135.0 1064.0 small-vehicle 0
6295.0 2211.0 6303.0 2196.0 6351.0 2211.0 6343.0 2229.0 small-vehicle 0
6449.0 2442.0 6434.0 2438.0 6441.0 2401.0 6459.0 2405.0 small-vehicle 0
6424.0 2439.0 6444.0 2443.0 6438.0 2486.0 6417.0 2483.0 small-vehicle 0
6152.0 2537.0 6159.0 2522.0 6201.0 2536.0 6196.0 2550.0 small-vehicle 0
6207.0 2552.0 6210.0 2531.0 6255.0 2543.0 6250.0 2562.0 small-vehicle 0
6247.0 2565.0 6256.0 2544.0 6301.0 2565.0 6293.0 2583.0 small-vehicle 0
6498.0 3729.0 6482.0 3719.0 6514.0 3693.0 6527.0 3710.0 small-vehicle 0
6238.0 3562.0 6248.0 3547.0 6289.0 3561.0 6284.0 3579.0 small-vehicle 0
6140.0 3532.0 6146.0 3516.0 6185.0 3532.0 6179.0 3547.0 small-vehicle 0
6254.0 3937.0 6268.0 3949.0 6238.0 3975.0 6224.0 3964.0 small-vehicle 0
3022.0 1856.0 3018.0 1875.0 2981.0 1863.0 2987.0 1847.0 small-vehicle 0
2871.0 1830.0 2877.0 1812.0 2924.0 1829.0 2920.0 1845.0 small-vehicle 0
4496.0 1821.0 4519.0 1814.0 4533.0 1852.0 4515.0 1860.0 small-vehicle 0
5945.0 798.0 5951.0 820.0 5917.0 825.0 5909.0 805.0 small-vehicle 0
4574.0 1996.0 4593.0 1987.0 4601.0 2018.0 4586.0 2023.0 small-vehicle 0
4395.0 2113.0 4397.0 2097.0 4434.0 2109.0 4427.0 2127.0 small-vehicle 0
4480.0 1770.0 4494.0 1760.0 4510.0 1794.0 4491.0 1798.0 small-vehicle 0
4692.0 2556.0 4709.0 2562.0 4702.0 2595.0 4683.0 2595.0 small-vehicle 0
6656.0 3211.0 6638.0 3211.0 6636.0 3173.0 6652.0 3171.0 small-vehicle 0
6491.0 2965.0 6498.0 2946.0 6534.0 2954.0 6528.0 2975.0 small-vehicle 0
6265.0 2903.0 6269.0 2881.0 6304.0 2889.0 6299.0 2909.0 small-vehicle 0
6049.0 2846.0 6059.0 2826.0 6107.0 2841.0 6099.0 2860.0 small-vehicle 0
5960.0 2416.0 5969.0 2399.0 5998.0 2418.0 5985.0 2438.0 small-vehicle 0
5201.0 1571.0 5187.0 1576.0 5175.0 1539.0 5189.0 1536.0 small-vehicle 0
5151.0 1472.0 5167.0 1463.0 5182.0 1507.0 5164.0 1509.0 small-vehicle 0
6005.0 791.0 6010.0 813.0 5981.0 817.0 5973.0 800.0 small-vehicle 0
2341.0 1747.0 2331.0 1734.0 2352.0 1715.0 2363.0 1728.0 small-vehicle 0
948.0 399.0 942.0 386.0 975.0 376.0 977.0 389.0 small-vehicle 1
864.0 419.0 859.0 407.0 908.0 390.0 912.0 407.0 small-vehicle 1
755.0 1701.0 745.0 1708.0 714.0 1682.0 727.0 1670.0 small-vehicle 1
323.0 2176.0 308.0 2176.0 305.0 2134.0 325.0 2135.0 small-vehicle 1
2909.0 1039.0 2904.0 1025.0 2940.0 1019.0 2944.0 1033.0 small-vehicle 1
2944.0 1042.0 2945.0 1056.0 2914.0 1060.0 2912.0 1043.0 small-vehicle 1
2870.0 1142.0 2873.0 1158.0 2835.0 1165.0 2829.0 1150.0 small-vehicle 1
2874.0 1104.0 2875.0 1120.0 2844.0 1123.0 2839.0 1107.0 small-vehicle 1
792.0 1581.0 808.0 1591.0 775.0 1624.0 760.0 1614.0 small-vehicle 0
2706.0 2849.0 2698.0 2833.0 2739.0 2806.0 2749.0 2825.0 small-vehicle 0
1645.0 2832.0 1649.0 2813.0 1686.0 2819.0 1684.0 2839.0 small-vehicle 0
5239.0 1218.0 5241.0 1233.0 5207.0 1243.0 5204.0 1226.0 small-vehicle 0
5489.0 1293.0 5504.0 1290.0 5512.0 1328.0 5497.0 1333.0 small-vehicle 0
2776.0 277.0 2768.0 261.0 2796.0 247.0 2804.0 261.0 small-vehicle 0
5547.0 1450.0 5529.0 1454.0 5522.0 1417.0 5537.0 1413.0 small-vehicle 0
4787.0 3030.0 4782.0 3051.0 4741.0 3033.0 4747.0 3016.0 small-vehicle 0
4790.0 3079.0 4789.0 3098.0 4747.0 3087.0 4749.0 3070.0 small-vehicle 0
4723.0 3132.0 4742.0 3136.0 4733.0 3174.0 4715.0 3169.0 small-vehicle 0
4702.0 3131.0 4717.0 3133.0 4709.0 3169.0 4694.0 3166.0 small-vehicle 0
4698.0 3174.0 4722.0 3178.0 4712.0 3212.0 4696.0 3207.0 small-vehicle 0
4674.0 3123.0 4692.0 3128.0 4683.0 3163.0 4668.0 3159.0 small-vehicle 0
4649.0 3119.0 4669.0 3123.0 4660.0 3158.0 4645.0 3154.0 small-vehicle 0
4628.0 3117.0 4644.0 3121.0 4637.0 3155.0 4622.0 3151.0 small-vehicle 0
4663.0 3169.0 4680.0 3173.0 4669.0 3213.0 4652.0 3210.0 small-vehicle 0
4641.0 3165.0 4657.0 3167.0 4649.0 3208.0 4633.0 3204.0 small-vehicle 0
4619.0 3159.0 4634.0 3163.0 4624.0 3199.0 4608.0 3197.0 small-vehicle 0
4594.0 3159.0 4613.0 3164.0 4604.0 3202.0 4591.0 3198.0 small-vehicle 0
4387.0 3283.0 4399.0 3272.0 4424.0 3302.0 4411.0 3311.0 small-vehicle 0
4470.0 3351.0 4460.0 3363.0 4429.0 3331.0 4440.0 3322.0 small-vehicle 0
4823.0 3296.0 4823.0 3280.0 4863.0 3282.0 4862.0 3298.0 small-vehicle 0
4848.0 3486.0 4837.0 3472.0 4865.0 3442.0 4878.0 3453.0 small-vehicle 0
4882.0 3461.0 4893.0 3473.0 4864.0 3497.0 4854.0 3485.0 small-vehicle 0
4884.0 3518.0 4873.0 3505.0 4902.0 3473.0 4914.0 3486.0 small-vehicle 0
4936.0 3445.0 4945.0 3459.0 4920.0 3485.0 4908.0 3471.0 small-vehicle 0
5028.0 3410.0 5039.0 3423.0 5015.0 3447.0 5004.0 3438.0 small-vehicle 0
4947.0 3323.0 4960.0 3336.0 4930.0 3363.0 4917.0 3351.0 small-vehicle 0
4964.0 3338.0 4975.0 3350.0 4951.0 3376.0 4937.0 3363.0 small-vehicle 0
4952.0 3391.0 4962.0 3380.0 4989.0 3410.0 4978.0 3422.0 small-vehicle 0
5075.0 3460.0 5085.0 3470.0 5062.0 3494.0 5052.0 3481.0 small-vehicle 0
5090.0 3473.0 5100.0 3485.0 5076.0 3509.0 5065.0 3496.0 small-vehicle 0
4734.0 3013.0 4727.0 3030.0 4692.0 3013.0 4697.0 2995.0 small-vehicle 0
4690.0 2995.0 4682.0 3012.0 4646.0 2993.0 4653.0 2978.0 small-vehicle 0
4614.0 3005.0 4603.0 2988.0 4635.0 2960.0 4647.0 2974.0 small-vehicle 0
4015.0 2476.0 4033.0 2481.0 4025.0 2520.0 4008.0 2513.0 small-vehicle 0
2994.0 1914.0 2986.0 1934.0 2951.0 1918.0 2955.0 1899.0 small-vehicle 0
3040.0 2078.0 3019.0 2073.0 3032.0 2030.0 3052.0 2037.0 small-vehicle 0
3177.0 2240.0 3169.0 2222.0 3200.0 2207.0 3211.0 2224.0 small-vehicle 0
3009.0 2767.0 2988.0 2767.0 2992.0 2717.0 3012.0 2717.0 large-vehicle 0
3154.0 2877.0 3134.0 2877.0 3136.0 2833.0 3155.0 2833.0 small-vehicle 0
3267.0 482.0 3265.0 464.0 3301.0 457.0 3304.0 478.0 small-vehicle 0
3169.0 286.0 3165.0 268.0 3211.0 256.0 3214.0 274.0 large-vehicle 0
3067.0 359.0 3088.0 359.0 3088.0 403.0 3067.0 402.0 large-vehicle 0
3981.0 2335.0 3984.0 2315.0 4024.0 2331.0 4018.0 2349.0 small-vehicle 0
3948.0 2362.0 3967.0 2369.0 3953.0 2410.0 3933.0 2404.0 small-vehicle 0
3921.0 2358.0 3939.0 2364.0 3928.0 2401.0 3909.0 2396.0 small-vehicle 0
3985.0 2472.0 4003.0 2480.0 3991.0 2512.0 3974.0 2507.0 small-vehicle 0
4579.0 2945.0 4599.0 2952.0 4580.0 2987.0 4566.0 2981.0 small-vehicle 0
4096.0 2482.0 4090.0 2502.0 4051.0 2486.0 4057.0 2469.0 small-vehicle 0
4082.0 2524.0 4075.0 2543.0 4038.0 2531.0 4045.0 2512.0 small-vehicle 0
4302.0 3048.0 4312.0 3061.0 4284.0 3082.0 4273.0 3067.0 small-vehicle 0
4328.0 3054.0 4336.0 3069.0 4302.0 3090.0 4292.0 3075.0 small-vehicle 0
4342.0 3069.0 4353.0 3086.0 4316.0 3109.0 4307.0 3094.0 small-vehicle 0
4279.0 3152.0 4269.0 3162.0 4246.0 3138.0 4258.0 3126.0 small-vehicle 0
4494.0 2906.0 4491.0 2925.0 4456.0 2913.0 4459.0 2899.0 small-vehicle 0
4498.0 2920.0 4514.0 2927.0 4502.0 2957.0 4487.0 2949.0 small-vehicle 0
4520.0 2924.0 4538.0 2932.0 4524.0 2969.0 4505.0 2962.0 small-vehicle 0
4538.0 2939.0 4553.0 2947.0 4540.0 2979.0 4525.0 2974.0 small-vehicle 0
4558.0 2942.0 4573.0 2947.0 4562.0 2981.0 4548.0 2976.0 small-vehicle 0
5088.0 3532.0 5073.0 3518.0 5104.0 3488.0 5117.0 3500.0 small-vehicle 0
5044.0 3426.0 5056.0 3437.0 5034.0 3461.0 5021.0 3451.0 small-vehicle 0
4937.0 3498.0 4927.0 3487.0 4950.0 3461.0 4959.0 3473.0 small-vehicle 0
5489.0 2760.0 5483.0 2779.0 5444.0 2764.0 5450.0 2747.0 small-vehicle 0
5572.0 3633.0 5584.0 3647.0 5552.0 3676.0 5539.0 3663.0 small-vehicle 0
5588.0 3655.0 5600.0 3672.0 5568.0 3701.0 5553.0 3683.0 small-vehicle 0
5462.0 3508.0 5474.0 3523.0 5447.0 3547.0 5436.0 3534.0 small-vehicle 0
5819.0 3436.0 5824.0 3420.0 5867.0 3431.0 5861.0 3446.0 small-vehicle 0
5733.0 3410.0 5738.0 3394.0 5777.0 3407.0 5772.0 3422.0 small-vehicle 0
5733.0 3357.0 5713.0 3351.0 5724.0 3312.0 5743.0 3317.0 small-vehicle 0
5920.0 3411.0 5904.0 3407.0 5917.0 3363.0 5929.0 3367.0 small-vehicle 0
5933.0 3364.0 5916.0 3359.0 5927.0 3317.0 5944.0 3322.0 small-vehicle 0
5743.0 2748.0 5748.0 2730.0 5785.0 2743.0 5780.0 2759.0 small-vehicle 0
5411.0 2642.0 5417.0 2627.0 5453.0 2640.0 5449.0 2653.0 small-vehicle 0
5486.0 2873.0 5478.0 2860.0 5509.0 2839.0 5518.0 2852.0 small-vehicle 0
5369.0 2826.0 5376.0 2810.0 5413.0 2826.0 5407.0 2842.0 small-vehicle 0
5489.0 3773.0 5474.0 3760.0 5509.0 3726.0 5521.0 3740.0 small-vehicle 0
5284.0 2864.0 5288.0 2845.0 5327.0 2854.0 5323.0 2875.0 small-vehicle 0
5663.0 2801.0 5659.0 2785.0 5699.0 2786.0 5700.0 2800.0 small-vehicle 0
5413.0 2772.0 5420.0 2756.0 5450.0 2770.0 5445.0 2785.0 small-vehicle 0
5563.0 2828.0 5557.0 2815.0 5591.0 2800.0 5597.0 2813.0 small-vehicle 0
5793.0 2128.0 5808.0 2122.0 5818.0 2153.0 5805.0 2157.0 small-vehicle 0
5758.0 2048.0 5774.0 2041.0 5786.0 2071.0 5770.0 2078.0 small-vehicle 0
5741.0 2006.0 5756.0 2001.0 5769.0 2034.0 5756.0 2042.0 small-vehicle 0
5722.0 1962.0 5737.0 1955.0 5750.0 1994.0 5737.0 2001.0 small-vehicle 0
5690.0 1892.0 5705.0 1885.0 5721.0 1921.0 5709.0 1927.0 small-vehicle 0
5547.0 1511.0 5561.0 1506.0 5576.0 1548.0 5560.0 1554.0 small-vehicle 0
5560.0 1504.0 5544.0 1507.0 5534.0 1468.0 5550.0 1463.0 small-vehicle 0
5554.0 3613.0 5569.0 3631.0 5537.0 3661.0 5521.0 3646.0 small-vehicle 0
4894.0 3609.0 4905.0 3623.0 4880.0 3647.0 4867.0 3635.0 small-vehicle 0
4950.0 3516.0 4938.0 3503.0 4964.0 3477.0 4973.0 3490.0 small-vehicle 0
4954.0 3670.0 4966.0 3682.0 4941.0 3708.0 4929.0 3694.0 small-vehicle 0
4993.0 3511.0 5003.0 3524.0 4979.0 3548.0 4967.0 3538.0 small-vehicle 0
4992.0 3567.0 4980.0 3556.0 5012.0 3525.0 5020.0 3537.0 small-vehicle 0
5097.0 3697.0 5105.0 3715.0 5068.0 3728.0 5063.0 3711.0 small-vehicle 0
5060.0 3662.0 5069.0 3677.0 5037.0 3695.0 5029.0 3677.0 small-vehicle 0
5041.0 3630.0 5057.0 3646.0 5029.0 3671.0 5014.0 3655.0 small-vehicle 0
5137.0 3857.0 5150.0 3870.0 5120.0 3901.0 5107.0 3887.0 small-vehicle 0
5075.0 3794.0 5089.0 3809.0 5060.0 3839.0 5046.0 3824.0 small-vehicle 0
5044.0 3764.0 5059.0 3779.0 5030.0 3807.0 5017.0 3794.0 small-vehicle 0
5027.0 3749.0 5040.0 3762.0 5016.0 3789.0 5000.0 3777.0 small-vehicle 0
4999.0 3716.0 5011.0 3727.0 4985.0 3751.0 4975.0 3740.0 small-vehicle 0
4973.0 3683.0 4984.0 3698.0 4953.0 3729.0 4940.0 3714.0 small-vehicle 0
4925.0 3698.0 4909.0 3684.0 4940.0 3656.0 4951.0 3669.0 small-vehicle 0
4897.0 3665.0 4883.0 3654.0 4912.0 3625.0 4923.0 3638.0 small-vehicle 0
4883.0 3596.0 4894.0 3609.0 4867.0 3634.0 4854.0 3623.0 small-vehicle 0
4835.0 3604.0 4824.0 3595.0 4849.0 3569.0 4859.0 3579.0 small-vehicle 0
4821.0 3591.0 4807.0 3575.0 4833.0 3549.0 4845.0 3562.0 small-vehicle 0
4806.0 3568.0 4793.0 3555.0 4819.0 3531.0 4831.0 3544.0 small-vehicle 0
4925.0 3547.0 4909.0 3532.0 4935.0 3503.0 4950.0 3519.0 small-vehicle 0
4933.0 3565.0 4921.0 3551.0 4950.0 3521.0 4962.0 3532.0 small-vehicle 0
4949.0 3577.0 4937.0 3565.0 4964.0 3539.0 4978.0 3552.0 small-vehicle 0
4962.0 3598.0 4949.0 3586.0 4980.0 3556.0 4990.0 3568.0 small-vehicle 0
4993.0 3627.0 4978.0 3613.0 5009.0 3579.0 5022.0 3595.0 small-vehicle 0
4982.0 3609.0 4966.0 3595.0 4995.0 3567.0 5008.0 3578.0 small-vehicle 0
4912.0 3681.0 4898.0 3669.0 4927.0 3638.0 4942.0 3653.0 small-vehicle 0
392.0 924.0 375.0 935.0 274.0 709.0 297.0 700.0 large-vehicle 0
