imagesource:GoogleEarth
gsd:0.110723602331
1566.0 703.0 1562.0 688.0 1597.0 688.0 1601.0 702.0 small-vehicle 0
605.0 1621.0 623.0 1619.0 628.0 1656.0 612.0 1659.0 small-vehicle 0
800.0 1187.0 798.0 1171.0 840.0 1164.0 845.0 1181.0 small-vehicle 0
822.0 1209.0 818.0 1193.0 862.0 1184.0 867.0 1200.0 small-vehicle 0
848.0 1226.0 843.0 1210.0 883.0 1203.0 888.0 1219.0 small-vehicle 0
893.0 1830.0 904.0 1815.0 931.0 1842.0 920.0 1854.0 small-vehicle 0
759.0 1844.0 770.0 1831.0 802.0 1865.0 790.0 1878.0 small-vehicle 0
897.0 1886.0 906.0 1872.0 939.0 1899.0 928.0 1914.0 small-vehicle 0
652.0 1658.0 667.0 1656.0 675.0 1698.0 659.0 1702.0 small-vehicle 0
627.0 1643.0 644.0 1641.0 650.0 1675.0 633.0 1677.0 small-vehicle 0
559.0 1595.0 574.0 1592.0 581.0 1631.0 565.0 1633.0 small-vehicle 0
3191.0 353.0 3192.0 373.0 3140.0 371.0 3139.0 351.0 large-vehicle 0
529.0 1569.0 547.0 1569.0 549.0 1608.0 534.0 1609.0 small-vehicle 0
173.0 1168.0 176.0 1150.0 213.0 1157.0 210.0 1173.0 small-vehicle 0
179.0 1146.0 184.0 1130.0 215.0 1138.0 213.0 1154.0 small-vehicle 0
202.0 1080.0 208.0 1062.0 242.0 1078.0 235.0 1095.0 small-vehicle 0
211.0 1055.0 219.0 1038.0 257.0 1057.0 249.0 1073.0 small-vehicle 0
275.0 1016.0 263.0 1034.0 228.0 1014.0 240.0 993.0 small-vehicle 0
284.0 996.0 275.0 1010.0 251.0 994.0 259.0 979.0 small-vehicle 0
365.0 838.0 362.0 814.0 415.0 810.0 416.0 836.0 large-vehicle 0
850.0 1072.0 868.0 1072.0 869.0 1116.0 850.0 1115.0 small-vehicle 0
1025.0 1235.0 1048.0 1235.0 1045.0 1279.0 1028.0 1279.0 small-vehicle 0
913.0 1286.0 910.0 1266.0 950.0 1265.0 952.0 1282.0 small-vehicle 0
784.0 1169.0 780.0 1149.0 817.0 1144.0 822.0 1160.0 small-vehicle 0
1624.0 329.0 1643.0 329.0 1644.0 365.0 1627.0 366.0 small-vehicle 0
1565.0 208.0 1548.0 207.0 1551.0 168.0 1568.0 170.0 small-vehicle 0
1406.0 206.0 1406.0 189.0 1444.0 189.0 1446.0 207.0 small-vehicle 0
1402.0 166.0 1401.0 146.0 1444.0 144.0 1444.0 164.0 small-vehicle 0
1499.0 51.0 1511.0 37.0 1545.0 66.0 1534.0 81.0 small-vehicle 0
1103.0 565.0 1089.0 559.0 1108.0 531.0 1122.0 539.0 small-vehicle 0
1154.0 562.0 1142.0 555.0 1162.0 529.0 1176.0 537.0 small-vehicle 0
1183.0 562.0 1169.0 553.0 1187.0 525.0 1203.0 534.0 small-vehicle 0
1209.0 562.0 1197.0 551.0 1223.0 521.0 1234.0 531.0 small-vehicle 0
1074.0 350.0 1077.0 364.0 1038.0 369.0 1037.0 353.0 small-vehicle 0
1113.0 335.0 1118.0 354.0 1078.0 360.0 1072.0 344.0 small-vehicle 0
868.0 567.0 869.0 588.0 826.0 589.0 824.0 570.0 small-vehicle 0
889.0 578.0 887.0 562.0 928.0 553.0 937.0 572.0 small-vehicle 0
774.0 742.0 757.0 742.0 753.0 702.0 769.0 701.0 small-vehicle 0
856.0 771.0 874.0 768.0 876.0 806.0 859.0 808.0 small-vehicle 0
738.0 1131.0 732.0 1111.0 769.0 1104.0 774.0 1118.0 small-vehicle 0
759.0 1147.0 755.0 1131.0 798.0 1124.0 800.0 1143.0 small-vehicle 0
270.0 870.0 272.0 890.0 206.0 898.0 202.0 879.0 large-vehicle 0
2916.0 886.0 2926.0 868.0 2966.0 898.0 2958.0 913.0 large-vehicle 0
1078.0 567.0 1063.0 562.0 1081.0 532.0 1097.0 535.0 small-vehicle 0
924.0 1136.0 938.0 1138.0 935.0 1182.0 919.0 1180.0 large-vehicle 0
1645.0 327.0 1661.0 326.0 1664.0 366.0 1646.0 367.0 large-vehicle 0
1521.0 232.0 1518.0 213.0 1565.0 209.0 1568.0 229.0 large-vehicle 0
1512.0 289.0 1509.0 269.0 1562.0 265.0 1563.0 286.0 large-vehicle 0
1546.0 551.0 1546.0 571.0 1502.0 574.0 1500.0 554.0 large-vehicle 0
1390.0 714.0 1388.0 696.0 1431.0 694.0 1432.0 711.0 large-vehicle 0
1397.0 59.0 1413.0 48.0 1449.0 87.0 1435.0 100.0 large-vehicle 0
1465.0 34.0 1446.0 34.0 1445.0 1.0 1465.0 2.0 large-vehicle 1
1350.0 267.0 1346.0 248.0 1398.0 243.0 1400.0 263.0 large-vehicle 0
889.0 1266.0 886.0 1245.0 933.0 1240.0 936.0 1257.0 large-vehicle 0
2599.0 96.0 2587.0 108.0 2558.0 82.0 2569.0 70.0 large-vehicle 0
860.0 1850.0 870.0 1840.0 905.0 1870.0 896.0 1883.0 large-vehicle 0
847.0 1319.0 835.0 1330.0 800.0 1299.0 811.0 1286.0 large-vehicle 0
826.0 1058.0 842.0 1057.0 846.0 1100.0 830.0 1100.0 large-vehicle 0
746.0 731.0 729.0 732.0 724.0 686.0 741.0 685.0 large-vehicle 0
580.0 1604.0 599.0 1603.0 606.0 1646.0 586.0 1650.0 large-vehicle 0
332.0 1546.0 315.0 1551.0 300.0 1507.0 318.0 1503.0 large-vehicle 0
304.0 1529.0 286.0 1538.0 270.0 1497.0 287.0 1489.0 large-vehicle 0
189.0 1105.0 196.0 1088.0 233.0 1098.0 229.0 1115.0 large-vehicle 0
1670.0 326.0 1687.0 326.0 1690.0 367.0 1672.0 368.0 large-vehicle 0
1698.0 326.0 1716.0 326.0 1720.0 366.0 1702.0 367.0 large-vehicle 0
1548.0 507.0 1547.0 488.0 1590.0 486.0 1590.0 507.0 large-vehicle 0
1546.0 545.0 1543.0 528.0 1590.0 521.0 1593.0 540.0 large-vehicle 0
2563.0 67.0 2551.0 78.0 2521.0 49.0 2533.0 38.0 large-vehicle 0
2494.0 641.0 2513.0 641.0 2516.0 684.0 2497.0 684.0 large-vehicle 0
2448.0 320.0 2447.0 303.0 2492.0 304.0 2491.0 319.0 large-vehicle 1
2412.0 330.0 2410.0 347.0 2367.0 344.0 2368.0 325.0 large-vehicle 0
2165.0 718.0 2161.0 688.0 2312.0 677.0 2315.0 708.0 large-vehicle 0
2260.0 362.0 2244.0 360.0 2243.0 314.0 2258.0 315.0 large-vehicle 0
2198.0 312.0 2216.0 311.0 2218.0 350.0 2201.0 352.0 large-vehicle 0
2205.0 86.0 2194.0 100.0 2160.0 72.0 2172.0 56.0 large-vehicle 0
2146.0 357.0 2128.0 358.0 2125.0 315.0 2144.0 315.0 large-vehicle 0
2076.0 313.0 2095.0 313.0 2098.0 353.0 2080.0 353.0 large-vehicle 0
1997.0 21.0 2018.0 18.0 2023.0 72.0 2005.0 73.0 large-vehicle 1
1871.0 36.0 1883.0 48.0 1918.0 9.0 1906.0 1.0 large-vehicle 0
1740.0 1105.0 1760.0 1107.0 1758.0 1166.0 1738.0 1166.0 large-vehicle 0
1721.0 325.0 1736.0 326.0 1738.0 366.0 1723.0 366.0 large-vehicle 0
1767.0 60.0 1748.0 62.0 1744.0 17.0 1762.0 15.0 large-vehicle 0
1652.0 1034.0 1670.0 1034.0 1671.0 1080.0 1654.0 1080.0 large-vehicle 0
1628.0 1006.0 1643.0 1006.0 1648.0 1048.0 1630.0 1051.0 large-vehicle 0
1741.0 320.0 1759.0 320.0 1761.0 361.0 1743.0 361.0 small-vehicle 0
1711.0 564.0 1712.0 586.0 1671.0 590.0 1668.0 567.0 small-vehicle 0
1705.0 545.0 1707.0 564.0 1669.0 566.0 1667.0 546.0 small-vehicle 0
3024.0 799.0 3046.0 798.0 3050.0 836.0 3029.0 837.0 small-vehicle 0
3151.0 904.0 3167.0 904.0 3169.0 942.0 3154.0 944.0 small-vehicle 0
3213.0 1119.0 3201.0 1133.0 3175.0 1108.0 3185.0 1094.0 small-vehicle 0
3130.0 1071.0 3142.0 1057.0 3171.0 1082.0 3160.0 1096.0 small-vehicle 0
3041.0 994.0 3055.0 980.0 3086.0 1007.0 3074.0 1019.0 small-vehicle 0
3048.0 973.0 3036.0 988.0 3003.0 957.0 3014.0 944.0 small-vehicle 0
3124.0 883.0 3144.0 884.0 3143.0 920.0 3125.0 920.0 small-vehicle 0
3075.0 840.0 3095.0 839.0 3094.0 878.0 3075.0 878.0 small-vehicle 0
3050.0 821.0 3070.0 820.0 3073.0 859.0 3055.0 859.0 small-vehicle 0
3002.0 775.0 3018.0 774.0 3018.0 814.0 3003.0 813.0 small-vehicle 0
1546.0 577.0 1547.0 594.0 1508.0 595.0 1506.0 577.0 small-vehicle 0
2977.0 758.0 2993.0 758.0 2994.0 794.0 2978.0 795.0 small-vehicle 0
2952.0 734.0 2973.0 735.0 2975.0 774.0 2955.0 774.0 small-vehicle 0
2803.0 629.0 2822.0 626.0 2824.0 661.0 2809.0 664.0 small-vehicle 0
2925.0 712.0 2945.0 711.0 2947.0 746.0 2928.0 748.0 small-vehicle 0
3179.0 777.0 3189.0 764.0 3225.0 800.0 3212.0 807.0 small-vehicle 0
2872.0 849.0 2881.0 836.0 2918.0 860.0 2907.0 875.0 small-vehicle 0
2950.0 570.0 2964.0 555.0 2994.0 584.0 2981.0 597.0 small-vehicle 0
2904.0 697.0 2922.0 699.0 2920.0 732.0 2903.0 730.0 small-vehicle 0
3175.0 929.0 3194.0 928.0 3196.0 967.0 3177.0 968.0 small-vehicle 0
3199.0 946.0 3219.0 947.0 3218.0 986.0 3200.0 986.0 small-vehicle 0
3224.0 973.0 3244.0 976.0 3244.0 1014.0 3225.0 1016.0 small-vehicle 0
3250.0 996.0 3268.0 995.0 3268.0 1027.0 3251.0 1027.0 small-vehicle 0
2468.0 9.0 2485.0 0.0 2509.0 23.0 2501.0 31.0 small-vehicle 0
1947.0 321.0 1967.0 320.0 1966.0 357.0 1950.0 358.0 small-vehicle 0
1889.0 322.0 1908.0 320.0 1904.0 357.0 1890.0 357.0 small-vehicle 0
1867.0 320.0 1883.0 317.0 1885.0 359.0 1869.0 355.0 small-vehicle 0
3193.0 1736.0 3201.0 1719.0 3236.0 1744.0 3226.0 1758.0 small-vehicle 0
3251.0 1727.0 3239.0 1742.0 3209.0 1714.0 3223.0 1700.0 small-vehicle 0
3213.0 1568.0 3196.0 1553.0 3224.0 1527.0 3239.0 1543.0 small-vehicle 0
3184.0 1599.0 3168.0 1585.0 3192.0 1558.0 3208.0 1573.0 small-vehicle 0
3164.0 1588.0 3179.0 1602.0 3151.0 1628.0 3138.0 1615.0 small-vehicle 0
3116.0 1668.0 3100.0 1652.0 3133.0 1621.0 3146.0 1635.0 small-vehicle 0
3095.0 1657.0 3112.0 1672.0 3084.0 1698.0 3068.0 1682.0 small-vehicle 0
3067.0 1693.0 3080.0 1704.0 3050.0 1732.0 3036.0 1718.0 small-vehicle 0
3113.0 197.0 3113.0 179.0 3149.0 179.0 3150.0 197.0 small-vehicle 0
3015.0 60.0 3033.0 48.0 3055.0 79.0 3041.0 92.0 small-vehicle 0
2988.0 83.0 3000.0 74.0 3026.0 109.0 3014.0 116.0 small-vehicle 0
3102.0 151.0 3101.0 135.0 3143.0 130.0 3146.0 146.0 small-vehicle 0
3111.0 215.0 3113.0 199.0 3150.0 202.0 3149.0 217.0 small-vehicle 0
2774.0 630.0 2793.0 625.0 2805.0 669.0 2785.0 674.0 small-vehicle 0
3079.0 369.0 3081.0 352.0 3119.0 355.0 3117.0 370.0 small-vehicle 0
2318.0 181.0 2298.0 184.0 2296.0 145.0 2310.0 142.0 small-vehicle 0
2368.0 974.0 2368.0 953.0 2413.0 945.0 2415.0 966.0 small-vehicle 0
1808.0 1170.0 1831.0 1174.0 1823.0 1218.0 1801.0 1214.0 small-vehicle 0
1726.0 1252.0 1723.0 1235.0 1761.0 1233.0 1764.0 1245.0 small-vehicle 0
1549.0 1155.0 1536.0 1167.0 1503.0 1138.0 1513.0 1125.0 small-vehicle 1
1575.0 1131.0 1571.0 1115.0 1613.0 1106.0 1616.0 1123.0 small-vehicle 0
1694.0 1070.0 1714.0 1071.0 1715.0 1113.0 1694.0 1113.0 small-vehicle 0
1509.0 1068.0 1506.0 1049.0 1545.0 1042.0 1550.0 1062.0 small-vehicle 0
1585.0 960.0 1603.0 960.0 1603.0 1004.0 1586.0 1003.0 small-vehicle 0
1559.0 941.0 1576.0 941.0 1579.0 985.0 1561.0 984.0 small-vehicle 1
1537.0 795.0 1536.0 814.0 1496.0 814.0 1494.0 796.0 small-vehicle 0
1720.0 632.0 1724.0 653.0 1676.0 655.0 1677.0 635.0 small-vehicle 0
1564.0 658.0 1564.0 638.0 1606.0 637.0 1607.0 657.0 small-vehicle 0
1554.0 620.0 1554.0 638.0 1515.0 640.0 1513.0 623.0 small-vehicle 0
1563.0 637.0 1563.0 617.0 1604.0 616.0 1605.0 636.0 small-vehicle 0
1549.0 600.0 1551.0 618.0 1511.0 619.0 1511.0 602.0 small-vehicle 0
1557.0 614.0 1557.0 597.0 1600.0 595.0 1601.0 614.0 small-vehicle 0
1557.0 591.0 1554.0 573.0 1595.0 569.0 1600.0 589.0 small-vehicle 0
1559.0 569.0 1557.0 550.0 1594.0 548.0 1595.0 565.0 small-vehicle 0
2297.0 1017.0 2293.0 999.0 2331.0 994.0 2333.0 1011.0 small-vehicle 0
2414.0 967.0 2430.0 968.0 2430.0 1009.0 2411.0 1006.0 small-vehicle 0
2204.0 29.0 2187.0 43.0 2159.0 15.0 2170.0 2.0 small-vehicle 0
2436.0 985.0 2454.0 986.0 2451.0 1024.0 2435.0 1022.0 small-vehicle 0
2644.0 156.0 2655.0 143.0 2685.0 169.0 2674.0 183.0 small-vehicle 0
2394.0 228.0 2378.0 230.0 2371.0 186.0 2386.0 183.0 small-vehicle 0
2368.0 228.0 2345.0 229.0 2344.0 186.0 2364.0 184.0 small-vehicle 0
2341.0 227.0 2323.0 230.0 2320.0 189.0 2335.0 186.0 small-vehicle 0
2299.0 189.0 2318.0 187.0 2321.0 230.0 2297.0 229.0 small-vehicle 0
2160.0 304.0 2177.0 303.0 2179.0 345.0 2163.0 345.0 small-vehicle 0
2479.0 1277.0 2465.0 1290.0 2439.0 1261.0 2450.0 1249.0 small-vehicle 0
2471.0 1172.0 2469.0 1151.0 2509.0 1150.0 2511.0 1168.0 small-vehicle 0
2491.0 1194.0 2487.0 1173.0 2525.0 1168.0 2529.0 1186.0 small-vehicle 0
2606.0 1137.0 2628.0 1138.0 2623.0 1171.0 2606.0 1170.0 small-vehicle 0
2428.0 1132.0 2422.0 1114.0 2471.0 1107.0 2474.0 1127.0 small-vehicle 0
2406.0 1114.0 2401.0 1096.0 2439.0 1089.0 2443.0 1107.0 small-vehicle 0
2359.0 1073.0 2359.0 1052.0 2400.0 1051.0 2404.0 1070.0 small-vehicle 0
2384.0 1096.0 2380.0 1076.0 2425.0 1071.0 2426.0 1087.0 small-vehicle 0
2544.0 1087.0 2563.0 1086.0 2561.0 1120.0 2543.0 1120.0 small-vehicle 0
2519.0 1070.0 2541.0 1071.0 2538.0 1110.0 2517.0 1108.0 small-vehicle 0
2476.0 1024.0 2498.0 1024.0 2494.0 1065.0 2476.0 1064.0 small-vehicle 0
245.0 727.0 262.0 728.0 262.0 773.0 243.0 773.0 large-vehicle 0
