imagesource:GoogleEarth
gsd:0.126304719609
371.0 688.0 363.0 702.0 332.0 679.0 340.0 666.0 small-vehicle 0
235.0 552.0 262.0 572.0 273.0 557.0 246.0 539.0 small-vehicle 1
268.0 354.0 261.0 367.0 232.0 349.0 241.0 335.0 small-vehicle 0
239.0 334.0 250.0 318.0 282.0 339.0 273.0 355.0 small-vehicle 0
281.0 339.0 290.0 328.0 318.0 346.0 310.0 360.0 small-vehicle 0
256.0 302.0 267.0 288.0 299.0 310.0 289.0 323.0 small-vehicle 0
356.0 247.0 342.0 238.0 364.0 208.0 378.0 217.0 small-vehicle 0
338.0 237.0 323.0 228.0 346.0 194.0 362.0 203.0 small-vehicle 0
57.0 448.0 68.0 431.0 100.0 452.0 91.0 467.0 small-vehicle 0
108.0 436.0 99.0 450.0 68.0 431.0 77.0 417.0 small-vehicle 0
131.0 407.0 103.0 387.0 91.0 401.0 120.0 423.0 small-vehicle 0
150.0 376.0 140.0 391.0 111.0 371.0 121.0 359.0 small-vehicle 0
158.0 362.0 149.0 376.0 122.0 358.0 131.0 345.0 small-vehicle 0
174.0 347.0 161.0 363.0 134.0 342.0 147.0 326.0 small-vehicle 0
200.0 303.0 189.0 317.0 167.0 299.0 176.0 286.0 small-vehicle 0
236.0 260.0 224.0 276.0 192.0 255.0 204.0 238.0 small-vehicle 0
277.0 203.0 265.0 220.0 235.0 199.0 246.0 182.0 small-vehicle 0
303.0 378.0 294.0 393.0 262.0 371.0 272.0 357.0 small-vehicle 0
250.0 382.0 238.0 399.0 208.0 375.0 220.0 359.0 small-vehicle 0
280.0 408.0 271.0 423.0 240.0 400.0 249.0 386.0 small-vehicle 0
365.0 363.0 374.0 350.0 407.0 372.0 398.0 386.0 small-vehicle 1
284.0 542.0 274.0 557.0 243.0 534.0 255.0 519.0 small-vehicle 1
263.0 501.0 274.0 486.0 309.0 508.0 298.0 524.0 small-vehicle 1
279.0 488.0 289.0 475.0 319.0 494.0 312.0 507.0 small-vehicle 1
289.0 476.0 299.0 460.0 330.0 480.0 322.0 494.0 small-vehicle 1
299.0 459.0 310.0 444.0 339.0 467.0 331.0 480.0 small-vehicle 1
317.0 427.0 328.0 413.0 364.0 436.0 352.0 454.0 small-vehicle 1
413.0 293.0 400.0 284.0 423.0 257.0 436.0 267.0 small-vehicle 0
264.0 418.0 254.0 431.0 229.0 412.0 238.0 398.0 small-vehicle 0
157.0 517.0 167.0 501.0 203.0 521.0 192.0 539.0 small-vehicle 0
135.0 478.0 144.0 464.0 178.0 485.0 168.0 501.0 small-vehicle 0
176.0 486.0 187.0 473.0 217.0 493.0 207.0 510.0 small-vehicle 0
196.0 456.0 185.0 471.0 156.0 451.0 166.0 436.0 small-vehicle 0
233.0 479.0 221.0 496.0 189.0 473.0 201.0 457.0 small-vehicle 0
236.0 398.0 225.0 413.0 194.0 388.0 206.0 373.0 small-vehicle 0
288.0 186.0 278.0 202.0 249.0 182.0 258.0 165.0 small-vehicle 0
