imagesource:GoogleEarth
gsd:0.113145075333
216.0 1189.0 206.0 1213.0 152.0 1191.0 161.0 1169.0 large-vehicle 0
222.0 1159.0 211.0 1181.0 157.0 1159.0 167.0 1138.0 large-vehicle 0
416.0 531.0 407.0 556.0 330.0 526.0 340.0 503.0 large-vehicle 0
399.0 560.0 389.0 587.0 320.0 558.0 330.0 533.0 large-vehicle 0
389.0 590.0 380.0 614.0 307.0 584.0 317.0 561.0 large-vehicle 0
381.0 619.0 372.0 644.0 303.0 616.0 312.0 592.0 large-vehicle 0
367.0 649.0 357.0 673.0 281.0 643.0 291.0 619.0 large-vehicle 0
353.0 676.0 345.0 699.0 292.0 678.0 301.0 656.0 large-vehicle 0
342.0 704.0 333.0 729.0 263.0 702.0 272.0 679.0 large-vehicle 0
316.0 759.0 306.0 784.0 237.0 756.0 247.0 733.0 large-vehicle 0
302.0 788.0 292.0 813.0 223.0 785.0 233.0 761.0 large-vehicle 0
284.0 815.0 274.0 840.0 203.0 813.0 212.0 789.0 large-vehicle 0
286.0 847.0 277.0 870.0 204.0 843.0 214.0 821.0 large-vehicle 0
270.0 871.0 263.0 896.0 188.0 872.0 195.0 848.0 large-vehicle 0
258.0 903.0 249.0 929.0 156.0 893.0 165.0 871.0 large-vehicle 0
246.0 933.0 237.0 957.0 169.0 931.0 179.0 908.0 large-vehicle 0
233.0 961.0 223.0 986.0 157.0 960.0 167.0 936.0 large-vehicle 0
220.0 990.0 210.0 1013.0 138.0 984.0 148.0 962.0 large-vehicle 0
211.0 1018.0 200.0 1043.0 134.0 1016.0 143.0 993.0 large-vehicle 0
196.0 1047.0 185.0 1070.0 121.0 1043.0 131.0 1020.0 large-vehicle 0
186.0 1076.0 176.0 1099.0 109.0 1072.0 118.0 1050.0 large-vehicle 0
173.0 1103.0 163.0 1129.0 92.0 1099.0 100.0 1077.0 large-vehicle 0
161.0 1133.0 149.0 1156.0 81.0 1126.0 90.0 1104.0 large-vehicle 0
426.0 504.0 415.0 528.0 342.0 498.0 353.0 474.0 large-vehicle 0
436.0 473.0 424.0 500.0 352.0 468.0 363.0 444.0 large-vehicle 0
448.0 443.0 438.0 469.0 372.0 440.0 383.0 418.0 large-vehicle 0
1222.0 563.0 1250.0 574.0 1223.0 645.0 1193.0 633.0 large-vehicle 0
237.0 1132.0 225.0 1156.0 173.0 1131.0 183.0 1109.0 large-vehicle 0
250.0 1102.0 240.0 1124.0 187.0 1101.0 197.0 1080.0 large-vehicle 0
1488.0 677.0 1516.0 685.0 1493.0 756.0 1464.0 746.0 large-vehicle 0
1461.0 658.0 1489.0 668.0 1461.0 742.0 1433.0 730.0 large-vehicle 0
1433.0 646.0 1459.0 657.0 1431.0 730.0 1402.0 718.0 large-vehicle 0
1403.0 633.0 1432.0 643.0 1400.0 719.0 1371.0 705.0 large-vehicle 0
1375.0 616.0 1402.0 627.0 1369.0 709.0 1342.0 696.0 large-vehicle 0
1343.0 608.0 1370.0 620.0 1341.0 695.0 1313.0 681.0 large-vehicle 0
1315.0 597.0 1342.0 608.0 1311.0 681.0 1284.0 668.0 large-vehicle 0
1193.0 547.0 1223.0 557.0 1193.0 631.0 1164.0 619.0 large-vehicle 0
460.0 415.0 449.0 440.0 394.0 415.0 405.0 394.0 large-vehicle 0
974.0 461.0 1001.0 469.0 974.0 538.0 946.0 527.0 large-vehicle 0
884.0 418.0 913.0 429.0 883.0 504.0 855.0 494.0 large-vehicle 0
417.0 865.0 443.0 875.0 413.0 946.0 386.0 937.0 large-vehicle 0
457.0 760.0 485.0 769.0 456.0 843.0 429.0 834.0 large-vehicle 0
500.0 674.0 526.0 684.0 496.0 753.0 470.0 743.0 large-vehicle 0
555.0 529.0 582.0 539.0 552.0 611.0 525.0 600.0 large-vehicle 0
592.0 454.0 619.0 464.0 590.0 532.0 564.0 522.0 large-vehicle 0
483.0 359.0 472.0 384.0 399.0 355.0 409.0 331.0 large-vehicle 0
466.0 386.0 455.0 411.0 383.0 382.0 393.0 359.0 large-vehicle 0
148.0 1161.0 139.0 1183.0 65.0 1157.0 74.0 1134.0 large-vehicle 0
