imagesource:GoogleEarth
gsd:0.116325514978
903.0 464.0 919.0 473.0 899.0 506.0 882.0 495.0 small-vehicle 0
389.0 742.0 403.0 750.0 384.0 781.0 368.0 772.0 small-vehicle 0
493.0 854.0 512.0 865.0 481.0 913.0 460.0 902.0 large-vehicle 0
531.0 809.0 547.0 820.0 518.0 858.0 503.0 845.0 large-vehicle 0
501.0 798.0 519.0 810.0 493.0 848.0 474.0 834.0 large-vehicle 0
464.0 849.0 480.0 858.0 453.0 902.0 437.0 891.0 large-vehicle 0
444.0 844.0 459.0 852.0 427.0 897.0 412.0 887.0 large-vehicle 0
475.0 796.0 493.0 804.0 468.0 844.0 450.0 833.0 large-vehicle 0
458.0 774.0 476.0 784.0 447.0 823.0 432.0 812.0 large-vehicle 0
458.0 739.0 473.0 750.0 444.0 787.0 428.0 775.0 large-vehicle 0
425.0 782.0 440.0 793.0 412.0 831.0 396.0 820.0 large-vehicle 0
426.0 821.0 440.0 830.0 417.0 864.0 401.0 855.0 small-vehicle 0
413.0 748.0 430.0 756.0 410.0 790.0 394.0 782.0 small-vehicle 0
388.0 786.0 406.0 795.0 373.0 843.0 354.0 831.0 large-vehicle 0
395.0 693.0 411.0 703.0 387.0 739.0 371.0 729.0 large-vehicle 0
553.0 820.0 568.0 830.0 535.0 880.0 519.0 870.0 large-vehicle 0
364.0 730.0 383.0 741.0 350.0 789.0 332.0 778.0 large-vehicle 0
351.0 835.0 367.0 847.0 337.0 882.0 322.0 871.0 large-vehicle 0
322.0 825.0 337.0 836.0 311.0 869.0 295.0 857.0 small-vehicle 0
363.0 775.0 379.0 785.0 348.0 831.0 331.0 819.0 large-vehicle 0
262.0 614.0 282.0 625.0 249.0 672.0 229.0 660.0 large-vehicle 0
228.0 665.0 245.0 675.0 212.0 723.0 194.0 709.0 large-vehicle 0
251.0 677.0 269.0 687.0 240.0 731.0 222.0 720.0 large-vehicle 0
191.0 714.0 208.0 727.0 176.0 774.0 156.0 761.0 large-vehicle 0
184.0 665.0 202.0 674.0 153.0 742.0 135.0 729.0 large-vehicle 0
168.0 633.0 185.0 643.0 152.0 690.0 133.0 676.0 large-vehicle 0
131.0 682.0 150.0 693.0 118.0 736.0 101.0 723.0 large-vehicle 0
209.0 573.0 228.0 586.0 194.0 633.0 175.0 619.0 large-vehicle 0
516.0 873.0 534.0 883.0 504.0 928.0 487.0 917.0 large-vehicle 0
571.0 836.0 589.0 845.0 559.0 897.0 539.0 885.0 large-vehicle 0
279.0 637.0 295.0 648.0 272.0 682.0 256.0 671.0 small-vehicle 0
578.0 1000.0 597.0 1010.0 566.0 1060.0 544.0 1048.0 large-vehicle 0
829.0 1114.0 848.0 1126.0 799.0 1194.0 779.0 1180.0 large-vehicle 0
788.0 1120.0 808.0 1133.0 757.0 1199.0 737.0 1183.0 large-vehicle 0
792.0 1028.0 813.0 1041.0 767.0 1108.0 746.0 1095.0 large-vehicle 0
737.0 1104.0 760.0 1116.0 721.0 1173.0 698.0 1162.0 large-vehicle 0
836.0 1057.0 858.0 1070.0 820.0 1126.0 798.0 1110.0 large-vehicle 0
779.0 1002.0 797.0 1013.0 755.0 1074.0 735.0 1063.0 large-vehicle 0
713.0 1042.0 731.0 1056.0 684.0 1121.0 665.0 1108.0 large-vehicle 0
676.0 1039.0 698.0 1054.0 654.0 1111.0 635.0 1097.0 large-vehicle 0
653.0 1022.0 673.0 1036.0 630.0 1094.0 610.0 1078.0 large-vehicle 0
732.0 962.0 752.0 973.0 710.0 1040.0 687.0 1027.0 large-vehicle 0
713.0 937.0 732.0 950.0 679.0 1026.0 661.0 1013.0 large-vehicle 0
616.0 995.0 634.0 1007.0 587.0 1076.0 566.0 1062.0 large-vehicle 0
561.0 983.0 579.0 993.0 546.0 1042.0 528.0 1030.0 large-vehicle 0
597.0 847.0 616.0 857.0 584.0 905.0 563.0 894.0 large-vehicle 0
546.0 968.0 563.0 979.0 529.0 1028.0 512.0 1014.0 large-vehicle 0
524.0 951.0 542.0 962.0 509.0 1013.0 490.0 1000.0 large-vehicle 0
598.0 938.0 615.0 949.0 584.0 991.0 565.0 979.0 large-vehicle 0
582.0 914.0 600.0 925.0 568.0 974.0 549.0 962.0 large-vehicle 0
561.0 902.0 578.0 913.0 548.0 960.0 528.0 948.0 large-vehicle 0
538.0 887.0 558.0 897.0 525.0 944.0 507.0 933.0 large-vehicle 0
505.0 938.0 521.0 948.0 487.0 996.0 470.0 984.0 large-vehicle 0
483.0 919.0 501.0 928.0 469.0 978.0 450.0 966.0 large-vehicle 0
460.0 912.0 476.0 922.0 445.0 967.0 430.0 957.0 large-vehicle 0
436.0 897.0 453.0 906.0 421.0 954.0 403.0 940.0 large-vehicle 0
635.0 887.0 651.0 896.0 622.0 938.0 606.0 926.0 large-vehicle 0
648.0 911.0 665.0 920.0 637.0 961.0 621.0 949.0 large-vehicle 0
219.0 621.0 234.0 630.0 211.0 666.0 195.0 656.0 small-vehicle 0
151.0 558.0 141.0 572.0 113.0 551.0 122.0 538.0 small-vehicle 0
921.0 479.0 936.0 490.0 914.0 517.0 899.0 506.0 small-vehicle 0
1189.0 839.0 1198.0 822.0 1241.0 845.0 1233.0 860.0 small-vehicle 1
1106.0 582.0 1091.0 569.0 1118.0 539.0 1133.0 553.0 small-vehicle 0
1124.0 599.0 1109.0 587.0 1133.0 558.0 1148.0 569.0 small-vehicle 0
1140.0 619.0 1126.0 605.0 1158.0 568.0 1174.0 581.0 large-vehicle 0
1173.0 644.0 1160.0 633.0 1189.0 602.0 1202.0 613.0 small-vehicle 0
1193.0 664.0 1176.0 654.0 1200.0 618.0 1215.0 627.0 small-vehicle 0
1211.0 680.0 1196.0 669.0 1224.0 635.0 1239.0 646.0 small-vehicle 0
1230.0 698.0 1215.0 689.0 1234.0 659.0 1248.0 667.0 small-vehicle 0
989.0 627.0 1000.0 614.0 1048.0 649.0 1037.0 665.0 large-vehicle 0
974.0 646.0 986.0 632.0 1034.0 666.0 1022.0 680.0 large-vehicle 0
1219.0 780.0 1230.0 767.0 1265.0 791.0 1254.0 807.0 small-vehicle 1
1209.0 798.0 1219.0 783.0 1255.0 807.0 1246.0 822.0 small-vehicle 1
1195.0 814.0 1206.0 799.0 1253.0 828.0 1244.0 844.0 small-vehicle 1
1135.0 929.0 1152.0 940.0 1108.0 1003.0 1088.0 989.0 large-vehicle 1
1062.0 537.0 1047.0 526.0 1069.0 498.0 1083.0 509.0 small-vehicle 0
1043.0 937.0 1061.0 950.0 1026.0 999.0 1006.0 986.0 large-vehicle 1
234.0 912.0 246.0 896.0 322.0 949.0 310.0 963.0 large-vehicle 0
307.0 694.0 322.0 703.0 297.0 740.0 281.0 730.0 small-vehicle 0
346.0 723.0 361.0 733.0 336.0 770.0 321.0 760.0 small-vehicle 0
278.0 733.0 292.0 744.0 268.0 779.0 253.0 767.0 small-vehicle 0
299.0 745.0 314.0 756.0 287.0 792.0 271.0 780.0 small-vehicle 0
315.0 759.0 330.0 771.0 305.0 803.0 291.0 792.0 small-vehicle 1
269.0 785.0 282.0 796.0 257.0 832.0 243.0 821.0 small-vehicle 0
288.0 798.0 303.0 808.0 277.0 844.0 261.0 833.0 small-vehicle 0
1001.0 278.0 988.0 296.0 936.0 255.0 948.0 238.0 large-vehicle 0
710.0 363.0 728.0 374.0 701.0 413.0 685.0 402.0 small-vehicle 0
883.0 447.0 899.0 457.0 875.0 490.0 860.0 480.0 small-vehicle 0
1092.0 565.0 1077.0 555.0 1098.0 526.0 1112.0 535.0 small-vehicle 0
1046.0 522.0 1032.0 513.0 1052.0 486.0 1067.0 494.0 small-vehicle 0
126.0 591.0 115.0 606.0 88.0 588.0 96.0 574.0 small-vehicle 0
621.0 270.0 634.0 277.0 617.0 304.0 603.0 296.0 small-vehicle 0
366.0 586.0 357.0 604.0 303.0 571.0 315.0 553.0 large-vehicle 0
346.0 283.0 333.0 274.0 357.0 240.0 371.0 248.0 large-vehicle 0
713.0 44.0 702.0 60.0 660.0 27.0 670.0 13.0 large-vehicle 0
806.0 27.0 814.0 17.0 839.0 34.0 832.0 45.0 small-vehicle 0
558.0 162.0 545.0 154.0 565.0 126.0 578.0 134.0 small-vehicle 0
577.0 175.0 562.0 165.0 580.0 138.0 595.0 147.0 small-vehicle 0
596.0 147.0 609.0 156.0 590.0 185.0 576.0 177.0 small-vehicle 1
623.0 210.0 609.0 201.0 630.0 174.0 645.0 184.0 small-vehicle 0
675.0 247.0 659.0 237.0 677.0 213.0 694.0 222.0 small-vehicle 1
691.0 263.0 677.0 253.0 697.0 223.0 712.0 232.0 small-vehicle 0
640.0 273.0 654.0 283.0 633.0 311.0 619.0 302.0 small-vehicle 0
574.0 232.0 587.0 240.0 571.0 266.0 557.0 257.0 small-vehicle 0
735.0 300.0 720.0 289.0 746.0 255.0 760.0 266.0 small-vehicle 0
1031.0 508.0 1016.0 498.0 1037.0 468.0 1051.0 478.0 small-vehicle 0
757.0 306.0 743.0 298.0 761.0 270.0 776.0 280.0 small-vehicle 0
772.0 317.0 759.0 308.0 780.0 282.0 793.0 292.0 small-vehicle 0
787.0 334.0 773.0 325.0 796.0 294.0 810.0 303.0 small-vehicle 0
808.0 346.0 793.0 337.0 813.0 308.0 827.0 316.0 small-vehicle 0
829.0 358.0 814.0 349.0 834.0 320.0 849.0 328.0 small-vehicle 0
846.0 372.0 830.0 361.0 850.0 331.0 866.0 341.0 small-vehicle 0
863.0 382.0 848.0 372.0 870.0 341.0 885.0 350.0 small-vehicle 0
880.0 396.0 864.0 385.0 887.0 352.0 902.0 362.0 small-vehicle 0
899.0 405.0 883.0 396.0 903.0 363.0 918.0 374.0 small-vehicle 1
916.0 417.0 901.0 408.0 921.0 380.0 935.0 390.0 small-vehicle 0
947.0 440.0 932.0 430.0 951.0 404.0 964.0 413.0 small-vehicle 0
1015.0 493.0 1000.0 483.0 1022.0 452.0 1035.0 461.0 small-vehicle 0
881.0 1092.0 901.0 1104.0 855.0 1172.0 835.0 1157.0 large-vehicle 0
