imagesource:GoogleEarth
gsd:0.121644374484
970.0 69.0 971.0 85.0 935.0 88.0 933.0 71.0 small-vehicle 0
428.0 507.0 444.0 506.0 449.0 546.0 434.0 549.0 small-vehicle 1
190.0 254.0 176.0 240.0 209.0 206.0 223.0 220.0 small-vehicle 0
126.0 349.0 142.0 349.0 140.0 396.0 120.0 395.0 small-vehicle 0
220.0 348.0 237.0 353.0 227.0 390.0 210.0 384.0 small-vehicle 0
247.0 346.0 263.0 352.0 251.0 387.0 236.0 380.0 small-vehicle 0
269.0 345.0 284.0 348.0 275.0 382.0 260.0 377.0 small-vehicle 0
295.0 342.0 311.0 348.0 300.0 378.0 284.0 371.0 small-vehicle 0
317.0 341.0 334.0 347.0 322.0 381.0 306.0 376.0 small-vehicle 1
342.0 340.0 357.0 344.0 346.0 377.0 332.0 373.0 small-vehicle 0
363.0 343.0 377.0 347.0 368.0 379.0 353.0 375.0 small-vehicle 0
392.0 335.0 410.0 340.0 397.0 377.0 381.0 371.0 small-vehicle 0
293.0 403.0 317.0 403.0 318.0 497.0 292.0 498.0 large-vehicle 0
370.0 523.0 386.0 521.0 389.0 551.0 374.0 552.0 small-vehicle 0
390.0 520.0 405.0 519.0 410.0 556.0 396.0 558.0 small-vehicle 1
432.0 553.0 417.0 554.0 410.0 518.0 425.0 515.0 small-vehicle 0
496.0 524.0 487.0 536.0 460.0 513.0 471.0 500.0 small-vehicle 1
170.0 177.0 168.0 158.0 207.0 155.0 209.0 175.0 small-vehicle 0
520.0 518.0 510.0 531.0 487.0 514.0 496.0 500.0 small-vehicle 0
506.0 503.0 515.0 489.0 553.0 512.0 546.0 526.0 small-vehicle 1
575.0 503.0 567.0 518.0 533.0 496.0 542.0 482.0 small-vehicle 0
416.0 434.0 428.0 439.0 418.0 467.0 404.0 460.0 small-vehicle 0
435.0 437.0 450.0 441.0 440.0 476.0 424.0 472.0 small-vehicle 0
422.0 405.0 434.0 401.0 444.0 434.0 431.0 437.0 small-vehicle 0
484.0 430.0 498.0 433.0 491.0 466.0 477.0 463.0 small-vehicle 0
549.0 428.0 548.0 412.0 581.0 408.0 583.0 426.0 small-vehicle 0
544.0 393.0 541.0 373.0 582.0 367.0 585.0 386.0 small-vehicle 0
443.0 330.0 459.0 336.0 444.0 371.0 429.0 364.0 small-vehicle 0
490.0 328.0 506.0 332.0 497.0 366.0 480.0 360.0 small-vehicle 0
517.0 324.0 531.0 330.0 518.0 362.0 504.0 356.0 small-vehicle 0
339.0 209.0 359.0 206.0 370.0 287.0 347.0 290.0 large-vehicle 0
368.0 203.0 390.0 201.0 400.0 285.0 377.0 288.0 large-vehicle 0
169.0 197.0 168.0 179.0 208.0 176.0 210.0 194.0 small-vehicle 0
166.0 155.0 165.0 139.0 202.0 135.0 204.0 153.0 small-vehicle 0
968.0 25.0 971.0 42.0 939.0 46.0 937.0 29.0 small-vehicle 0
262.0 1070.0 239.0 1071.0 234.0 968.0 257.0 966.0 large-vehicle 0
138.0 1212.0 161.0 1210.0 172.0 1287.0 147.0 1291.0 large-vehicle 0
171.0 1210.0 194.0 1208.0 206.0 1301.0 182.0 1305.0 large-vehicle 0
204.0 1207.0 226.0 1206.0 234.0 1302.0 210.0 1304.0 large-vehicle 0
263.0 1200.0 286.0 1197.0 299.0 1279.0 273.0 1283.0 large-vehicle 0
324.0 1193.0 347.0 1188.0 368.0 1282.0 344.0 1288.0 large-vehicle 0
383.0 1162.0 407.0 1155.0 427.0 1236.0 404.0 1242.0 large-vehicle 0
413.0 1153.0 435.0 1148.0 457.0 1225.0 434.0 1233.0 large-vehicle 0
441.0 1140.0 466.0 1134.0 487.0 1217.0 462.0 1224.0 large-vehicle 0
539.0 1156.0 559.0 1152.0 581.0 1218.0 562.0 1225.0 large-vehicle 0
583.0 1140.0 603.0 1132.0 630.0 1195.0 609.0 1204.0 large-vehicle 0
97.0 1057.0 72.0 1057.0 67.0 980.0 93.0 978.0 large-vehicle 0
165.0 1069.0 142.0 1071.0 135.0 975.0 157.0 973.0 large-vehicle 0
196.0 1049.0 172.0 1050.0 167.0 974.0 190.0 972.0 large-vehicle 0
227.0 1051.0 204.0 1050.0 200.0 971.0 224.0 970.0 large-vehicle 0
293.0 1062.0 269.0 1062.0 263.0 966.0 286.0 964.0 large-vehicle 0
164.0 136.0 163.0 119.0 195.0 115.0 196.0 134.0 small-vehicle 0
342.0 1124.0 316.0 1127.0 303.0 1024.0 327.0 1022.0 large-vehicle 0
363.0 1041.0 339.0 1041.0 331.0 961.0 354.0 958.0 large-vehicle 0
397.0 1050.0 373.0 1053.0 362.0 960.0 386.0 957.0 large-vehicle 0
493.0 1045.0 470.0 1046.0 463.0 952.0 486.0 950.0 large-vehicle 0
524.0 1028.0 498.0 1028.0 496.0 949.0 519.0 948.0 large-vehicle 0
559.0 1024.0 534.0 1026.0 528.0 947.0 550.0 945.0 large-vehicle 0
589.0 1022.0 565.0 1023.0 561.0 944.0 583.0 942.0 large-vehicle 0
653.0 1011.0 635.0 1010.0 632.0 972.0 651.0 971.0 small-vehicle 0
763.0 929.0 751.0 942.0 716.0 918.0 726.0 902.0 large-vehicle 0
758.0 949.0 749.0 964.0 710.0 940.0 720.0 924.0 large-vehicle 0
761.0 975.0 754.0 992.0 715.0 973.0 723.0 954.0 large-vehicle 0
53.0 79.0 63.0 71.0 83.0 94.0 72.0 104.0 small-vehicle 0
108.0 132.0 118.0 125.0 137.0 152.0 125.0 159.0 small-vehicle 0
107.0 204.0 121.0 202.0 122.0 237.0 108.0 237.0 small-vehicle 0
434.0 197.0 458.0 194.0 467.0 279.0 441.0 282.0 large-vehicle 0
465.0 195.0 490.0 192.0 501.0 276.0 477.0 280.0 large-vehicle 0
501.0 200.0 523.0 198.0 530.0 255.0 507.0 259.0 large-vehicle 0
814.0 395.0 813.0 375.0 860.0 373.0 861.0 395.0 small-vehicle 0
760.0 905.0 758.0 890.0 792.0 885.0 794.0 902.0 small-vehicle 0
760.0 923.0 758.0 908.0 790.0 906.0 791.0 921.0 small-vehicle 0
762.0 947.0 762.0 929.0 796.0 925.0 797.0 942.0 small-vehicle 0
932.0 853.0 933.0 872.0 892.0 874.0 892.0 854.0 small-vehicle 0
842.0 839.0 841.0 818.0 886.0 813.0 887.0 836.0 small-vehicle 0
967.0 811.0 983.0 815.0 973.0 853.0 956.0 847.0 small-vehicle 0
992.0 782.0 990.0 768.0 1018.0 764.0 1020.0 780.0 small-vehicle 0
989.0 764.0 988.0 749.0 1018.0 745.0 1019.0 761.0 small-vehicle 0
986.0 743.0 985.0 726.0 1014.0 724.0 1017.0 740.0 small-vehicle 0
986.0 721.0 984.0 706.0 1017.0 702.0 1019.0 718.0 small-vehicle 0
976.0 660.0 974.0 642.0 1007.0 640.0 1008.0 659.0 small-vehicle 0
976.0 622.0 974.0 604.0 1009.0 601.0 1010.0 619.0 small-vehicle 0
970.0 581.0 969.0 563.0 1007.0 560.0 1009.0 578.0 small-vehicle 0
948.0 395.0 946.0 374.0 997.0 370.0 999.0 390.0 small-vehicle 0
813.0 415.0 814.0 396.0 861.0 394.0 860.0 415.0 small-vehicle 0
533.0 194.0 556.0 190.0 568.0 269.0 543.0 272.0 large-vehicle 0
822.0 459.0 821.0 442.0 854.0 440.0 854.0 457.0 small-vehicle 0
822.0 522.0 818.0 501.0 869.0 493.0 871.0 515.0 small-vehicle 0
917.0 513.0 919.0 533.0 873.0 534.0 873.0 515.0 small-vehicle 0
920.0 534.0 921.0 554.0 874.0 558.0 874.0 536.0 small-vehicle 0
873.0 578.0 872.0 558.0 919.0 556.0 919.0 577.0 small-vehicle 0
873.0 606.0 874.0 586.0 924.0 585.0 923.0 607.0 small-vehicle 0
924.0 624.0 924.0 646.0 874.0 647.0 875.0 626.0 small-vehicle 0
869.0 630.0 869.0 652.0 824.0 653.0 824.0 631.0 small-vehicle 0
863.0 684.0 859.0 667.0 894.0 661.0 897.0 677.0 small-vehicle 0
849.0 1132.0 833.0 1140.0 817.0 1111.0 832.0 1103.0 small-vehicle 0
825.0 1203.0 813.0 1188.0 850.0 1165.0 861.0 1179.0 small-vehicle 0
704.0 1224.0 704.0 1206.0 751.0 1200.0 753.0 1221.0 small-vehicle 0
1029.0 1103.0 1021.0 1080.0 1106.0 1048.0 1115.0 1068.0 large-vehicle 0
965.0 46.0 965.0 63.0 933.0 61.0 934.0 45.0 small-vehicle 0
757.0 882.0 754.0 867.0 787.0 863.0 791.0 879.0 small-vehicle 0
757.0 863.0 756.0 846.0 788.0 843.0 791.0 860.0 small-vehicle 0
751.0 841.0 749.0 825.0 786.0 820.0 789.0 836.0 small-vehicle 0
749.0 803.0 746.0 785.0 781.0 780.0 785.0 798.0 small-vehicle 0
565.0 186.0 588.0 185.0 597.0 262.0 574.0 263.0 large-vehicle 0
599.0 198.0 622.0 197.0 627.0 256.0 605.0 258.0 large-vehicle 0
265.0 108.0 242.0 108.0 241.0 50.0 263.0 49.0 large-vehicle 0
344.0 103.0 321.0 104.0 314.0 45.0 340.0 43.0 large-vehicle 0
560.0 80.0 539.0 82.0 533.0 27.0 557.0 25.0 large-vehicle 0
634.0 180.0 658.0 177.0 667.0 263.0 642.0 265.0 large-vehicle 0
670.0 180.0 693.0 177.0 701.0 244.0 676.0 247.0 large-vehicle 0
699.0 182.0 721.0 180.0 729.0 249.0 704.0 250.0 large-vehicle 0
728.0 169.0 752.0 167.0 760.0 251.0 735.0 253.0 large-vehicle 0
748.0 67.0 724.0 67.0 722.0 13.0 745.0 12.0 large-vehicle 0
825.0 63.0 800.0 64.0 795.0 8.0 820.0 5.0 large-vehicle 0
718.0 359.0 717.0 343.0 751.0 341.0 753.0 358.0 small-vehicle 0
684.0 382.0 685.0 365.0 720.0 365.0 721.0 384.0 small-vehicle 0
762.0 379.0 765.0 396.0 729.0 403.0 726.0 384.0 small-vehicle 0
728.0 423.0 725.0 405.0 763.0 400.0 766.0 419.0 small-vehicle 0
729.0 442.0 728.0 425.0 760.0 423.0 762.0 440.0 small-vehicle 0
731.0 463.0 730.0 444.0 763.0 443.0 765.0 461.0 small-vehicle 0
732.0 483.0 730.0 466.0 761.0 463.0 763.0 481.0 small-vehicle 0
731.0 507.0 729.0 489.0 764.0 487.0 765.0 506.0 small-vehicle 0
705.0 527.0 705.0 510.0 741.0 508.0 742.0 526.0 small-vehicle 0
745.0 545.0 741.0 528.0 771.0 524.0 774.0 541.0 small-vehicle 0
724.0 568.0 723.0 548.0 759.0 547.0 760.0 566.0 small-vehicle 0
737.0 585.0 736.0 568.0 771.0 566.0 771.0 583.0 small-vehicle 0
752.0 616.0 753.0 635.0 709.0 639.0 709.0 619.0 small-vehicle 0
800.0 577.0 780.0 567.0 810.0 528.0 825.0 538.0 small-vehicle 0
743.0 716.0 744.0 697.0 780.0 697.0 780.0 715.0 small-vehicle 0
745.0 737.0 744.0 720.0 780.0 719.0 780.0 737.0 small-vehicle 0
752.0 760.0 749.0 744.0 783.0 741.0 785.0 757.0 small-vehicle 0
751.0 778.0 750.0 764.0 782.0 761.0 784.0 778.0 small-vehicle 0
111.0 1208.0 133.0 1206.0 144.0 1291.0 120.0 1294.0 large-vehicle 0
