imagesource:GoogleEarth
gsd:0.113167723958
1014.0 176.0 999.0 165.0 1023.0 137.0 1038.0 149.0 small-vehicle 0
1303.0 438.0 1303.0 416.0 1436.0 410.0 1437.0 436.0 large-vehicle 0
1159.0 1034.0 1161.0 1058.0 1078.0 1063.0 1076.0 1042.0 large-vehicle 0
1186.0 1003.0 1187.0 1028.0 1095.0 1030.0 1094.0 1006.0 large-vehicle 0
1188.0 969.0 1188.0 994.0 1113.0 996.0 1113.0 971.0 large-vehicle 0
1202.0 924.0 1202.0 949.0 1115.0 948.0 1115.0 925.0 large-vehicle 0
1207.0 894.0 1208.0 918.0 1114.0 922.0 1113.0 897.0 large-vehicle 0
1208.0 867.0 1207.0 892.0 1113.0 888.0 1114.0 864.0 large-vehicle 0
1301.0 299.0 1300.0 275.0 1432.0 267.0 1432.0 293.0 large-vehicle 0
1351.0 536.0 1352.0 511.0 1438.0 510.0 1438.0 534.0 large-vehicle 0
1321.0 1055.0 1320.0 1031.0 1452.0 1023.0 1453.0 1048.0 large-vehicle 0
1354.0 570.0 1354.0 547.0 1441.0 543.0 1441.0 566.0 large-vehicle 0
1356.0 605.0 1355.0 580.0 1441.0 575.0 1442.0 601.0 large-vehicle 0
409.0 668.0 409.0 644.0 516.0 639.0 517.0 663.0 large-vehicle 0
423.0 851.0 423.0 827.0 522.0 824.0 523.0 849.0 large-vehicle 0
400.0 1129.0 400.0 1106.0 530.0 1100.0 531.0 1126.0 large-vehicle 0
400.0 1162.0 400.0 1139.0 531.0 1134.0 532.0 1158.0 large-vehicle 0
261.0 1335.0 241.0 1335.0 239.0 1275.0 260.0 1275.0 large-vehicle 0
1145.0 1069.0 1147.0 1093.0 1057.0 1098.0 1057.0 1075.0 large-vehicle 0
1320.0 1023.0 1319.0 998.0 1451.0 992.0 1452.0 1016.0 large-vehicle 0
1175.0 515.0 1173.0 538.0 1136.0 537.0 1132.0 514.0 small-vehicle 0
1006.0 99.0 993.0 114.0 955.0 83.0 968.0 67.0 large-vehicle 0
1129.0 490.0 1125.0 470.0 1170.0 466.0 1169.0 491.0 small-vehicle 0
1408.0 1181.0 1406.0 1161.0 1447.0 1162.0 1447.0 1182.0 small-vehicle 0
254.0 440.0 253.0 460.0 221.0 459.0 220.0 442.0 small-vehicle 0
184.0 526.0 183.0 506.0 218.0 509.0 218.0 524.0 small-vehicle 0
129.0 525.0 128.0 544.0 95.0 542.0 93.0 526.0 small-vehicle 0
127.0 417.0 128.0 434.0 92.0 436.0 91.0 419.0 small-vehicle 0
975.0 109.0 960.0 124.0 922.0 89.0 936.0 74.0 large-vehicle 0
1077.0 170.0 1062.0 156.0 1097.0 121.0 1112.0 133.0 large-vehicle 0
1362.0 985.0 1362.0 962.0 1449.0 958.0 1450.0 982.0 large-vehicle 0
1510.0 1184.0 1510.0 1158.0 1563.0 1157.0 1563.0 1181.0 large-vehicle 1
1126.0 1228.0 1125.0 1205.0 1274.0 1198.0 1275.0 1221.0 large-vehicle 0
1041.0 1230.0 1040.0 1206.0 1112.0 1203.0 1114.0 1227.0 large-vehicle 0
937.0 1233.0 936.0 1209.0 1033.0 1205.0 1034.0 1230.0 large-vehicle 0
820.0 1235.0 818.0 1212.0 917.0 1206.0 918.0 1230.0 large-vehicle 0
699.0 1239.0 698.0 1216.0 797.0 1211.0 798.0 1236.0 large-vehicle 0
1318.0 919.0 1318.0 896.0 1448.0 892.0 1450.0 916.0 large-vehicle 0
272.0 689.0 297.0 689.0 300.0 834.0 275.0 834.0 large-vehicle 0
