imagesource:GoogleEarth
gsd:0.108583794708
2069.0 527.0 2078.0 536.0 2053.0 555.0 2043.0 542.0 small-vehicle 0
748.0 1067.0 723.0 1068.0 719.0 978.0 745.0 976.0 large-vehicle 0
408.0 1034.0 409.0 1061.0 322.0 1062.0 323.0 1037.0 large-vehicle 0
221.0 1214.0 220.0 1189.0 296.0 1184.0 297.0 1210.0 large-vehicle 0
111.0 1214.0 110.0 1189.0 192.0 1188.0 193.0 1212.0 large-vehicle 0
2.0 1218.0 2.0 1193.0 51.0 1191.0 51.0 1215.0 large-vehicle 1
786.0 1279.0 786.0 1256.0 865.0 1254.0 865.0 1277.0 large-vehicle 0
892.0 1276.0 893.0 1252.0 974.0 1251.0 974.0 1275.0 large-vehicle 0
999.0 1276.0 999.0 1250.0 1082.0 1249.0 1083.0 1273.0 large-vehicle 0
857.0 1225.0 855.0 1201.0 957.0 1193.0 959.0 1219.0 large-vehicle 0
706.0 1226.0 705.0 1199.0 797.0 1197.0 798.0 1222.0 large-vehicle 0
780.0 1063.0 752.0 1063.0 754.0 972.0 781.0 972.0 large-vehicle 0
1774.0 1192.0 1772.0 1177.0 1816.0 1175.0 1818.0 1191.0 small-vehicle 0
815.0 1066.0 785.0 1067.0 789.0 979.0 817.0 978.0 large-vehicle 0
890.0 1087.0 865.0 1089.0 861.0 1028.0 885.0 1026.0 large-vehicle 0
852.0 1044.0 826.0 1045.0 825.0 964.0 853.0 963.0 large-vehicle 0
920.0 1042.0 892.0 1043.0 890.0 960.0 917.0 959.0 large-vehicle 0
953.0 1039.0 923.0 1040.0 920.0 959.0 949.0 959.0 large-vehicle 0
987.0 1039.0 959.0 1039.0 956.0 959.0 985.0 958.0 large-vehicle 0
1060.0 1095.0 1031.0 1097.0 1023.0 957.0 1051.0 955.0 large-vehicle 0
1092.0 1036.0 1063.0 1037.0 1058.0 954.0 1086.0 953.0 large-vehicle 0
1129.0 1096.0 1100.0 1097.0 1094.0 954.0 1121.0 953.0 large-vehicle 0
544.0 869.0 569.0 869.0 571.0 919.0 548.0 920.0 large-vehicle 0
568.0 865.0 545.0 865.0 543.0 813.0 567.0 812.0 large-vehicle 0
565.0 778.0 544.0 778.0 543.0 728.0 563.0 727.0 large-vehicle 0
539.0 659.0 560.0 659.0 562.0 708.0 541.0 709.0 large-vehicle 0
432.0 111.0 433.0 137.0 296.0 140.0 295.0 115.0 large-vehicle 0
433.0 143.0 434.0 168.0 296.0 172.0 296.0 147.0 large-vehicle 0
434.0 175.0 435.0 201.0 297.0 205.0 296.0 180.0 large-vehicle 0
370.0 211.0 370.0 237.0 298.0 238.0 297.0 212.0 large-vehicle 0
371.0 242.0 372.0 268.0 298.0 270.0 298.0 244.0 large-vehicle 0
373.0 277.0 373.0 302.0 299.0 303.0 299.0 278.0 large-vehicle 0
359.0 330.0 359.0 351.0 299.0 351.0 300.0 330.0 large-vehicle 0
375.0 360.0 375.0 385.0 301.0 387.0 300.0 361.0 large-vehicle 0
441.0 486.0 441.0 511.0 305.0 515.0 305.0 489.0 large-vehicle 0
437.0 606.0 438.0 626.0 384.0 628.0 384.0 606.0 large-vehicle 0
441.0 676.0 442.0 698.0 388.0 700.0 388.0 678.0 large-vehicle 0
442.0 746.0 443.0 767.0 394.0 767.0 394.0 746.0 large-vehicle 0
445.0 816.0 445.0 837.0 397.0 834.0 398.0 813.0 large-vehicle 0
328.0 913.0 328.0 890.0 386.0 888.0 386.0 911.0 large-vehicle 0
342.0 609.0 342.0 630.0 309.0 629.0 308.0 609.0 large-vehicle 1
342.0 645.0 342.0 665.0 310.0 666.0 309.0 645.0 large-vehicle 1
343.0 677.0 344.0 698.0 311.0 699.0 311.0 679.0 large-vehicle 1
345.0 747.0 346.0 768.0 313.0 769.0 313.0 748.0 large-vehicle 1
559.0 656.0 538.0 657.0 536.0 605.0 558.0 604.0 large-vehicle 0
1191.0 1035.0 1164.0 1036.0 1161.0 951.0 1188.0 950.0 large-vehicle 0
1257.0 1041.0 1230.0 1041.0 1229.0 955.0 1255.0 954.0 large-vehicle 0
1286.0 1034.0 1261.0 1034.0 1259.0 950.0 1283.0 948.0 large-vehicle 0
1893.0 638.0 1894.0 662.0 1820.0 666.0 1820.0 642.0 large-vehicle 0
1905.0 753.0 1907.0 776.0 1824.0 781.0 1824.0 757.0 large-vehicle 0
1907.0 825.0 1908.0 849.0 1826.0 854.0 1825.0 829.0 large-vehicle 0
2059.0 860.0 2082.0 859.0 2086.0 922.0 2063.0 922.0 large-vehicle 0
2063.0 942.0 2089.0 940.0 2091.0 1034.0 2065.0 1033.0 large-vehicle 0
2064.0 1136.0 2091.0 1136.0 2098.0 1221.0 2068.0 1223.0 large-vehicle 1
2071.0 1231.0 2094.0 1230.0 2094.0 1317.0 2070.0 1316.0 large-vehicle 1
1905.0 1185.0 1897.0 1166.0 1957.0 1140.0 1966.0 1160.0 large-vehicle 1
1892.0 860.0 1892.0 884.0 1827.0 886.0 1827.0 861.0 large-vehicle 0
738.0 86.0 762.0 86.0 766.0 215.0 739.0 216.0 large-vehicle 0
1305.0 70.0 1330.0 69.0 1337.0 197.0 1310.0 199.0 large-vehicle 0
1422.0 64.0 1448.0 63.0 1453.0 194.0 1426.0 195.0 large-vehicle 0
1447.0 1354.0 1446.0 1333.0 1511.0 1329.0 1512.0 1352.0 large-vehicle 0
2026.0 492.0 2038.0 473.0 2091.0 500.0 2079.0 522.0 large-vehicle 0
1798.0 337.0 1821.0 347.0 1789.0 391.0 1772.0 375.0 small-vehicle 0
1819.0 405.0 1800.0 390.0 1821.0 354.0 1839.0 361.0 small-vehicle 0
807.0 1227.0 801.0 1204.0 844.0 1202.0 847.0 1224.0 small-vehicle 0
707.0 1272.0 702.0 1254.0 746.0 1251.0 750.0 1272.0 small-vehicle 0
1527.0 1348.0 1522.0 1322.0 1568.0 1326.0 1568.0 1351.0 small-vehicle 0
1590.0 1347.0 1590.0 1324.0 1633.0 1327.0 1632.0 1351.0 small-vehicle 0
1899.0 671.0 1901.0 694.0 1821.0 701.0 1820.0 676.0 large-vehicle 0
1894.0 608.0 1894.0 632.0 1818.0 632.0 1819.0 608.0 large-vehicle 0
1313.0 1032.0 1288.0 1031.0 1287.0 950.0 1311.0 949.0 large-vehicle 0
1894.0 568.0 1895.0 593.0 1818.0 596.0 1817.0 572.0 large-vehicle 0
1343.0 1034.0 1317.0 1035.0 1315.0 950.0 1342.0 951.0 large-vehicle 0
1491.0 1084.0 1463.0 1083.0 1461.0 943.0 1489.0 941.0 large-vehicle 0
1535.0 1012.0 1509.0 1013.0 1505.0 941.0 1533.0 940.0 large-vehicle 0
1509.0 1018.0 1535.0 1017.0 1540.0 1095.0 1514.0 1096.0 large-vehicle 0
1580.0 1080.0 1551.0 1080.0 1549.0 941.0 1575.0 939.0 large-vehicle 0
1620.0 1074.0 1593.0 1074.0 1589.0 988.0 1615.0 987.0 large-vehicle 0
1642.0 1012.0 1619.0 1011.0 1618.0 938.0 1642.0 937.0 large-vehicle 0
1677.0 1018.0 1652.0 1019.0 1648.0 941.0 1674.0 939.0 large-vehicle 0
1718.0 1017.0 1693.0 1018.0 1688.0 937.0 1713.0 936.0 large-vehicle 0
1775.0 1006.0 1753.0 1007.0 1751.0 945.0 1774.0 945.0 large-vehicle 0
1693.0 1196.0 1693.0 1177.0 1758.0 1174.0 1759.0 1195.0 large-vehicle 0
1611.0 1203.0 1611.0 1178.0 1689.0 1175.0 1689.0 1200.0 large-vehicle 0
1581.0 1178.0 1582.0 1203.0 1527.0 1203.0 1527.0 1178.0 large-vehicle 0
1345.0 1210.0 1345.0 1188.0 1435.0 1182.0 1437.0 1207.0 large-vehicle 0
1230.0 1215.0 1229.0 1187.0 1321.0 1185.0 1322.0 1213.0 large-vehicle 0
1255.0 1268.0 1257.0 1240.0 1410.0 1237.0 1411.0 1263.0 large-vehicle 0
1869.0 475.0 1871.0 502.0 1814.0 505.0 1814.0 477.0 large-vehicle 0
1858.0 513.0 1858.0 534.0 1816.0 535.0 1815.0 513.0 large-vehicle 1
1869.0 541.0 1869.0 562.0 1816.0 562.0 1816.0 541.0 large-vehicle 0
432.0 78.0 432.0 102.0 295.0 107.0 294.0 83.0 large-vehicle 0
