imagesource:GoogleEarth
gsd:0.116348175973
225.0 512.0 225.0 529.0 184.0 524.0 185.0 511.0 small-vehicle 0
559.0 638.0 559.0 655.0 518.0 651.0 520.0 634.0 small-vehicle 0
607.0 813.0 588.0 812.0 590.0 757.0 608.0 758.0 small-vehicle 0
633.0 812.0 615.0 811.0 618.0 763.0 636.0 764.0 small-vehicle 0
687.0 814.0 666.0 815.0 668.0 764.0 687.0 765.0 small-vehicle 0
666.0 820.0 683.0 821.0 680.0 869.0 662.0 867.0 small-vehicle 0
612.0 816.0 630.0 817.0 628.0 865.0 609.0 864.0 small-vehicle 0
563.0 816.0 578.0 817.0 576.0 857.0 559.0 856.0 small-vehicle 0
455.0 816.0 473.0 816.0 471.0 863.0 451.0 863.0 small-vehicle 0
431.0 811.0 450.0 813.0 446.0 863.0 425.0 862.0 small-vehicle 0
632.0 984.0 616.0 982.0 620.0 944.0 636.0 946.0 small-vehicle 0
715.0 983.0 697.0 982.0 700.0 944.0 717.0 945.0 small-vehicle 0
739.0 986.0 722.0 984.0 725.0 948.0 741.0 949.0 small-vehicle 0
768.0 989.0 750.0 988.0 752.0 949.0 769.0 950.0 small-vehicle 0
793.0 988.0 773.0 987.0 773.0 951.0 792.0 951.0 small-vehicle 0
817.0 992.0 797.0 990.0 801.0 950.0 820.0 952.0 small-vehicle 0
696.0 820.0 713.0 821.0 711.0 860.0 692.0 858.0 small-vehicle 0
773.0 773.0 791.0 775.0 789.0 817.0 770.0 815.0 small-vehicle 0
814.0 829.0 794.0 828.0 798.0 783.0 816.0 783.0 small-vehicle 0
578.0 810.0 560.0 809.0 563.0 766.0 580.0 767.0 small-vehicle 0
499.0 807.0 480.0 807.0 483.0 758.0 500.0 759.0 small-vehicle 0
429.0 742.0 447.0 743.0 445.0 793.0 426.0 793.0 small-vehicle 0
295.0 755.0 294.0 773.0 254.0 772.0 254.0 753.0 small-vehicle 0
296.0 202.0 297.0 184.0 329.0 187.0 328.0 205.0 small-vehicle 0
286.0 254.0 287.0 236.0 327.0 240.0 325.0 256.0 small-vehicle 0
283.0 309.0 283.0 293.0 322.0 293.0 322.0 310.0 small-vehicle 0
280.0 360.0 281.0 343.0 322.0 347.0 320.0 364.0 small-vehicle 0
324.0 396.0 323.0 413.0 281.0 411.0 282.0 394.0 small-vehicle 0
270.0 566.0 270.0 548.0 312.0 550.0 312.0 568.0 small-vehicle 0
266.0 668.0 267.0 649.0 307.0 652.0 306.0 671.0 small-vehicle 0
252.0 800.0 253.0 782.0 295.0 783.0 295.0 800.0 small-vehicle 0
405.0 389.0 406.0 373.0 441.0 373.0 441.0 390.0 small-vehicle 0
370.0 974.0 353.0 972.0 354.0 932.0 371.0 933.0 small-vehicle 0
301.0 927.0 320.0 927.0 319.0 973.0 300.0 972.0 small-vehicle 0
125.0 851.0 105.0 850.0 107.0 809.0 125.0 809.0 small-vehicle 0
112.0 898.0 93.0 896.0 97.0 858.0 115.0 859.0 small-vehicle 0
449.0 242.0 448.0 257.0 407.0 256.0 407.0 240.0 small-vehicle 0
448.0 292.0 448.0 307.0 409.0 306.0 410.0 292.0 small-vehicle 0
403.0 363.0 404.0 346.0 442.0 346.0 443.0 363.0 small-vehicle 0
772.0 825.0 789.0 825.0 789.0 865.0 771.0 865.0 small-vehicle 0
837.0 875.0 821.0 874.0 824.0 836.0 840.0 837.0 small-vehicle 0
847.0 831.0 862.0 832.0 860.0 870.0 844.0 869.0 small-vehicle 0
405.0 335.0 405.0 311.0 445.0 311.0 447.0 333.0 small-vehicle 1
1421.0 757.0 1437.0 758.0 1434.0 794.0 1418.0 793.0 small-vehicle 0
1499.0 760.0 1516.0 761.0 1512.0 806.0 1493.0 804.0 small-vehicle 0
1438.0 918.0 1421.0 917.0 1422.0 882.0 1440.0 882.0 small-vehicle 0
1462.0 928.0 1443.0 926.0 1447.0 880.0 1465.0 882.0 small-vehicle 0
1393.0 78.0 1393.0 93.0 1353.0 91.0 1353.0 76.0 small-vehicle 0
221.0 185.0 243.0 186.0 240.0 233.0 217.0 230.0 small-vehicle 0
237.0 379.0 241.0 401.0 193.0 400.0 193.0 381.0 small-vehicle 0
789.0 62.0 789.0 41.0 837.0 45.0 834.0 60.0 small-vehicle 1
1314.0 750.0 1331.0 752.0 1328.0 797.0 1310.0 796.0 small-vehicle 0
183.0 710.0 206.0 716.0 202.0 767.0 181.0 768.0 small-vehicle 1
530.0 586.0 532.0 567.0 580.0 578.0 575.0 594.0 small-vehicle 1
458.0 755.0 477.0 754.0 472.0 800.0 453.0 800.0 small-vehicle 1
659.0 990.0 637.0 987.0 642.0 935.0 661.0 937.0 small-vehicle 1
915.0 882.0 893.0 883.0 895.0 831.0 918.0 835.0 small-vehicle 1
301.0 846.0 298.0 863.0 245.0 859.0 247.0 840.0 small-vehicle 0
1133.0 522.0 1151.0 522.0 1143.0 577.0 1126.0 572.0 small-vehicle 0
1364.0 752.0 1382.0 752.0 1381.0 796.0 1362.0 796.0 small-vehicle 0
1284.0 750.0 1300.0 750.0 1301.0 790.0 1284.0 789.0 small-vehicle 0
872.0 832.0 889.0 833.0 886.0 874.0 869.0 872.0 small-vehicle 0
979.0 832.0 997.0 834.0 994.0 878.0 975.0 876.0 small-vehicle 0
893.0 821.0 877.0 820.0 881.0 783.0 896.0 784.0 small-vehicle 0
917.0 826.0 900.0 825.0 903.0 785.0 920.0 785.0 small-vehicle 0
946.0 828.0 929.0 828.0 929.0 791.0 946.0 791.0 small-vehicle 0
970.0 827.0 954.0 827.0 956.0 789.0 971.0 790.0 small-vehicle 0
999.0 827.0 982.0 826.0 985.0 788.0 1001.0 789.0 small-vehicle 0
1009.0 790.0 1024.0 792.0 1020.0 828.0 1004.0 825.0 small-vehicle 0
952.0 839.0 969.0 840.0 968.0 881.0 950.0 881.0 small-vehicle 0
1006.0 836.0 1024.0 837.0 1021.0 878.0 1002.0 877.0 small-vehicle 0
1233.0 905.0 1214.0 904.0 1216.0 867.0 1234.0 868.0 small-vehicle 0
927.0 838.0 946.0 839.0 944.0 879.0 924.0 878.0 small-vehicle 0
989.0 952.0 1006.0 953.0 1004.0 999.0 985.0 997.0 small-vehicle 0
957.0 956.0 975.0 957.0 973.0 1001.0 954.0 999.0 small-vehicle 0
906.0 959.0 924.0 961.0 923.0 998.0 904.0 996.0 small-vehicle 0
992.0 566.0 998.0 546.0 1036.0 557.0 1031.0 578.0 small-vehicle 0
933.0 615.0 933.0 597.0 986.0 599.0 986.0 617.0 small-vehicle 0
1181.0 906.0 1164.0 908.0 1161.0 875.0 1177.0 873.0 small-vehicle 0
297.0 176.0 298.0 161.0 332.0 164.0 331.0 179.0 small-vehicle 0
