imagesource:GoogleEarth
gsd:0.228044873663
1276.0 836.0 1274.0 827.0 1296.0 826.0 1296.0 835.0 small-vehicle 1
495.0 100.0 503.0 100.0 504.0 121.0 495.0 121.0 small-vehicle 0
796.0 559.0 805.0 559.0 804.0 578.0 795.0 578.0 small-vehicle 0
699.0 584.0 709.0 585.0 707.0 605.0 697.0 604.0 small-vehicle 0
705.0 674.0 695.0 674.0 696.0 652.0 705.0 652.0 large-vehicle 0
801.0 687.0 811.0 688.0 810.0 714.0 799.0 713.0 large-vehicle 0
751.0 687.0 760.0 687.0 759.0 706.0 749.0 706.0 large-vehicle 0
714.0 684.0 724.0 685.0 723.0 709.0 713.0 709.0 large-vehicle 0
700.0 769.0 691.0 769.0 692.0 749.0 701.0 749.0 large-vehicle 0
771.0 774.0 763.0 774.0 763.0 753.0 771.0 753.0 large-vehicle 0
671.0 852.0 672.0 844.0 692.0 845.0 692.0 854.0 large-vehicle 0
783.0 880.0 783.0 889.0 760.0 888.0 761.0 878.0 large-vehicle 0
882.0 888.0 882.0 897.0 859.0 896.0 859.0 887.0 large-vehicle 0
858.0 944.0 867.0 945.0 866.0 965.0 856.0 965.0 small-vehicle 0
869.0 1031.0 859.0 1030.0 860.0 1012.0 869.0 1013.0 small-vehicle 0
855.0 1032.0 847.0 1033.0 847.0 1014.0 855.0 1015.0 small-vehicle 0
844.0 1031.0 835.0 1031.0 834.0 1010.0 843.0 1010.0 small-vehicle 0
738.0 1024.0 728.0 1024.0 729.0 1005.0 737.0 1005.0 small-vehicle 0
726.0 1025.0 716.0 1025.0 717.0 1004.0 725.0 1005.0 small-vehicle 0
701.0 1024.0 691.0 1024.0 691.0 1002.0 700.0 1002.0 small-vehicle 0
665.0 1021.0 657.0 1021.0 656.0 1001.0 665.0 1001.0 small-vehicle 0
722.0 934.0 731.0 935.0 731.0 955.0 722.0 955.0 small-vehicle 0
735.0 937.0 744.0 936.0 745.0 957.0 735.0 958.0 small-vehicle 0
690.0 935.0 697.0 935.0 697.0 955.0 689.0 955.0 small-vehicle 0
655.0 936.0 663.0 935.0 663.0 956.0 654.0 956.0 small-vehicle 0
497.0 202.0 488.0 201.0 489.0 180.0 498.0 181.0 small-vehicle 0
442.0 149.0 452.0 149.0 451.0 175.0 441.0 174.0 small-vehicle 0
738.0 556.0 747.0 556.0 747.0 577.0 737.0 576.0 small-vehicle 0
676.0 554.0 685.0 553.0 686.0 577.0 676.0 577.0 small-vehicle 0
814.0 494.0 823.0 495.0 822.0 517.0 812.0 516.0 large-vehicle 0
1072.0 763.0 1062.0 763.0 1063.0 738.0 1072.0 739.0 small-vehicle 0
1321.0 892.0 1321.0 882.0 1339.0 883.0 1339.0 892.0 small-vehicle 0
1316.0 924.0 1316.0 933.0 1296.0 932.0 1297.0 923.0 small-vehicle 0
1289.0 924.0 1288.0 934.0 1269.0 932.0 1270.0 923.0 small-vehicle 0
994.0 208.0 1003.0 208.0 1002.0 233.0 992.0 232.0 small-vehicle 0
995.0 184.0 1004.0 185.0 1004.0 206.0 994.0 206.0 small-vehicle 0
979.0 228.0 968.0 228.0 969.0 205.0 979.0 205.0 small-vehicle 0
918.0 228.0 909.0 228.0 910.0 204.0 918.0 204.0 small-vehicle 0
886.0 203.0 895.0 203.0 895.0 228.0 884.0 227.0 small-vehicle 0
1208.0 464.0 1217.0 464.0 1217.0 485.0 1207.0 485.0 small-vehicle 0
1186.0 488.0 1196.0 488.0 1196.0 510.0 1186.0 510.0 small-vehicle 0
1125.0 569.0 1134.0 569.0 1133.0 592.0 1124.0 592.0 small-vehicle 0
883.0 729.0 893.0 729.0 892.0 752.0 881.0 752.0 small-vehicle 0
758.0 589.0 767.0 590.0 766.0 614.0 756.0 613.0 small-vehicle 0
917.0 733.0 907.0 733.0 907.0 708.0 917.0 708.0 small-vehicle 0
930.0 728.0 920.0 729.0 920.0 706.0 930.0 706.0 small-vehicle 0
954.0 730.0 945.0 730.0 946.0 707.0 954.0 707.0 small-vehicle 0
991.0 678.0 980.0 678.0 983.0 649.0 993.0 650.0 small-vehicle 0
960.0 626.0 971.0 627.0 969.0 652.0 958.0 652.0 small-vehicle 0
923.0 653.0 933.0 653.0 932.0 676.0 921.0 675.0 small-vehicle 0
889.0 645.0 898.0 645.0 897.0 669.0 888.0 669.0 small-vehicle 0
914.0 569.0 925.0 570.0 925.0 596.0 913.0 595.0 small-vehicle 0
900.0 596.0 890.0 595.0 893.0 568.0 901.0 569.0 small-vehicle 0
886.0 595.0 877.0 595.0 878.0 570.0 887.0 570.0 small-vehicle 0
712.0 587.0 719.0 587.0 719.0 610.0 710.0 609.0 small-vehicle 0
467.0 116.0 457.0 116.0 458.0 92.0 468.0 92.0 small-vehicle 0
89.0 262.0 90.0 253.0 112.0 254.0 112.0 263.0 small-vehicle 0
1196.0 680.0 1204.0 680.0 1203.0 701.0 1195.0 702.0 small-vehicle 0
93.0 249.0 93.0 239.0 113.0 240.0 112.0 250.0 small-vehicle 0
216.0 301.0 216.0 292.0 235.0 293.0 235.0 302.0 small-vehicle 0
219.0 272.0 220.0 264.0 237.0 266.0 236.0 273.0 small-vehicle 0
386.0 89.0 395.0 89.0 395.0 111.0 385.0 111.0 small-vehicle 0
365.0 197.0 355.0 197.0 358.0 175.0 366.0 176.0 small-vehicle 0
355.0 173.0 345.0 173.0 346.0 153.0 354.0 153.0 small-vehicle 0
330.0 193.0 321.0 192.0 323.0 170.0 331.0 171.0 small-vehicle 0
318.0 195.0 308.0 195.0 309.0 172.0 318.0 173.0 small-vehicle 0
305.0 194.0 297.0 194.0 298.0 172.0 305.0 173.0 small-vehicle 0
293.0 195.0 285.0 195.0 285.0 173.0 293.0 173.0 small-vehicle 0
273.0 168.0 281.0 168.0 280.0 189.0 272.0 189.0 small-vehicle 0
262.0 168.0 270.0 169.0 269.0 194.0 261.0 193.0 small-vehicle 0
248.0 167.0 258.0 167.0 259.0 192.0 249.0 192.0 small-vehicle 0
226.0 167.0 234.0 167.0 233.0 187.0 225.0 187.0 small-vehicle 0
215.0 166.0 222.0 166.0 221.0 187.0 213.0 186.0 small-vehicle 0
203.0 166.0 212.0 167.0 211.0 187.0 202.0 186.0 small-vehicle 0
190.0 166.0 199.0 166.0 199.0 183.0 190.0 183.0 small-vehicle 0
176.0 164.0 185.0 164.0 185.0 186.0 176.0 186.0 small-vehicle 0
331.0 169.0 323.0 169.0 324.0 151.0 332.0 152.0 small-vehicle 0
234.0 164.0 225.0 164.0 225.0 140.0 234.0 140.0 small-vehicle 0
319.0 170.0 311.0 169.0 311.0 150.0 319.0 151.0 small-vehicle 0
306.0 166.0 298.0 167.0 298.0 148.0 306.0 148.0 small-vehicle 0
259.0 165.0 250.0 165.0 251.0 143.0 260.0 143.0 small-vehicle 0
247.0 163.0 239.0 163.0 240.0 145.0 248.0 146.0 small-vehicle 0
223.0 165.0 214.0 164.0 215.0 145.0 224.0 145.0 small-vehicle 0
199.0 164.0 190.0 164.0 190.0 145.0 199.0 144.0 small-vehicle 0
236.0 307.0 236.0 317.0 213.0 317.0 214.0 306.0 small-vehicle 0
215.0 341.0 215.0 333.0 233.0 334.0 233.0 341.0 small-vehicle 0
213.0 354.0 213.0 345.0 236.0 345.0 236.0 354.0 small-vehicle 0
275.0 659.0 276.0 668.0 255.0 667.0 255.0 658.0 small-vehicle 0
92.0 234.0 93.0 224.0 114.0 224.0 114.0 234.0 small-vehicle 0
93.0 222.0 93.0 212.0 113.0 212.0 113.0 222.0 small-vehicle 0
92.0 209.0 92.0 199.0 115.0 199.0 115.0 209.0 small-vehicle 0
96.0 196.0 96.0 187.0 116.0 187.0 116.0 196.0 small-vehicle 0
96.0 182.0 96.0 173.0 115.0 173.0 115.0 182.0 small-vehicle 0
93.0 157.0 92.0 147.0 112.0 146.0 113.0 156.0 small-vehicle 0
95.0 144.0 95.0 134.0 115.0 134.0 115.0 144.0 small-vehicle 0
275.0 715.0 275.0 706.0 296.0 707.0 295.0 716.0 small-vehicle 0
288.0 572.0 288.0 562.0 306.0 564.0 305.0 573.0 small-vehicle 0
281.0 538.0 281.0 547.0 261.0 546.0 261.0 537.0 small-vehicle 0
279.0 551.0 279.0 560.0 259.0 560.0 259.0 550.0 small-vehicle 0
276.0 622.0 276.0 632.0 254.0 631.0 254.0 621.0 small-vehicle 0
215.0 365.0 215.0 357.0 235.0 358.0 235.0 366.0 small-vehicle 0
281.0 586.0 280.0 595.0 259.0 595.0 260.0 585.0 small-vehicle 0
282.0 574.0 281.0 583.0 259.0 582.0 260.0 572.0 small-vehicle 0
194.0 711.0 194.0 699.0 214.0 700.0 214.0 711.0 small-vehicle 0
195.0 687.0 195.0 678.0 215.0 679.0 215.0 687.0 small-vehicle 0
195.0 664.0 195.0 655.0 219.0 656.0 219.0 664.0 small-vehicle 0
371.0 257.0 363.0 257.0 363.0 236.0 371.0 236.0 small-vehicle 0
382.0 259.0 374.0 258.0 376.0 237.0 383.0 237.0 small-vehicle 0
267.0 311.0 268.0 301.0 293.0 302.0 293.0 311.0 small-vehicle 0
267.0 298.0 267.0 288.0 292.0 289.0 293.0 299.0 small-vehicle 0
205.0 462.0 206.0 454.0 226.0 456.0 225.0 464.0 small-vehicle 0
214.0 378.0 214.0 369.0 233.0 370.0 233.0 378.0 small-vehicle 0
1145.0 882.0 1145.0 872.0 1164.0 873.0 1164.0 882.0 small-vehicle 0
1116.0 730.0 1125.0 730.0 1124.0 754.0 1115.0 754.0 small-vehicle 0
1183.0 912.0 1184.0 900.0 1205.0 901.0 1204.0 912.0 small-vehicle 1
1216.0 280.0 1228.0 281.0 1226.0 303.0 1216.0 303.0 small-vehicle 0
1252.0 761.0 1244.0 760.0 1247.0 740.0 1257.0 740.0 small-vehicle 1
1322.0 706.0 1312.0 708.0 1308.0 683.0 1316.0 682.0 small-vehicle 1
1341.0 711.0 1330.0 710.0 1331.0 687.0 1343.0 688.0 small-vehicle 1
1242.0 703.0 1230.0 702.0 1232.0 680.0 1244.0 679.0 small-vehicle 1
1273.0 703.0 1263.0 704.0 1264.0 676.0 1274.0 675.0 small-vehicle 1
1371.0 597.0 1371.0 584.0 1399.0 583.0 1398.0 594.0 small-vehicle 1
1369.0 581.0 1369.0 573.0 1395.0 569.0 1396.0 577.0 small-vehicle 1
1371.0 549.0 1370.0 540.0 1394.0 542.0 1394.0 552.0 small-vehicle 1
1369.0 487.0 1369.0 477.0 1393.0 479.0 1393.0 486.0 small-vehicle 1
1316.0 467.0 1316.0 459.0 1338.0 461.0 1337.0 469.0 small-vehicle 1
1372.0 249.0 1373.0 240.0 1398.0 241.0 1397.0 250.0 small-vehicle 1
983.0 206.0 990.0 205.0 989.0 232.0 981.0 231.0 small-vehicle 1
986.0 182.0 993.0 182.0 991.0 204.0 985.0 202.0 small-vehicle 1
965.0 119.0 974.0 119.0 971.0 142.0 963.0 141.0 small-vehicle 1
216.0 284.0 214.0 277.0 238.0 279.0 238.0 286.0 small-vehicle 1
266.0 285.0 267.0 277.0 295.0 278.0 295.0 285.0 small-vehicle 1
270.0 270.0 268.0 263.0 294.0 261.0 295.0 271.0 small-vehicle 1
271.0 367.0 271.0 362.0 290.0 361.0 290.0 368.0 small-vehicle 1
267.0 380.0 268.0 372.0 288.0 374.0 288.0 383.0 small-vehicle 1
93.0 168.0 91.0 157.0 115.0 156.0 115.0 167.0 small-vehicle 1
367.0 172.0 359.0 170.0 360.0 150.0 368.0 150.0 small-vehicle 1
488.0 178.0 476.0 178.0 478.0 151.0 492.0 151.0 small-vehicle 1
295.0 163.0 285.0 164.0 284.0 145.0 295.0 144.0 small-vehicle 1
283.0 164.0 273.0 163.0 277.0 144.0 285.0 142.0 small-vehicle 1
271.0 166.0 261.0 165.0 264.0 144.0 272.0 143.0 small-vehicle 1
1131.0 662.0 1119.0 662.0 1120.0 637.0 1133.0 637.0 small-vehicle 1
777.0 493.0 787.0 492.0 786.0 514.0 777.0 515.0 small-vehicle 1
206.0 426.0 206.0 416.0 230.0 417.0 228.0 427.0 small-vehicle 1
247.0 714.0 245.0 704.0 270.0 705.0 271.0 715.0 small-vehicle 1
679.0 744.0 689.0 743.0 688.0 771.0 679.0 773.0 small-vehicle 1
667.0 741.0 676.0 740.0 674.0 769.0 665.0 768.0 small-vehicle 1
874.0 942.0 882.0 944.0 879.0 965.0 869.0 966.0 small-vehicle 1
763.0 1003.0 774.0 1002.0 772.0 1027.0 761.0 1029.0 small-vehicle 1
798.0 1005.0 811.0 1008.0 808.0 1029.0 798.0 1029.0 small-vehicle 1
703.0 1002.0 714.0 1001.0 713.0 1027.0 704.0 1025.0 small-vehicle 1
711.0 934.0 719.0 934.0 719.0 957.0 711.0 959.0 small-vehicle 1
701.0 936.0 710.0 936.0 709.0 958.0 702.0 958.0 small-vehicle 1
672.0 934.0 684.0 934.0 679.0 962.0 671.0 959.0 small-vehicle 1
145.0 856.0 146.0 847.0 168.0 848.0 170.0 856.0 small-vehicle 1
591.0 882.0 592.0 873.0 617.0 872.0 618.0 880.0 small-vehicle 1
280.0 702.0 280.0 693.0 302.0 693.0 301.0 702.0 small-vehicle 1
266.0 451.0 265.0 443.0 289.0 444.0 287.0 454.0 small-vehicle 1
279.0 680.0 279.0 670.0 300.0 671.0 302.0 679.0 small-vehicle 1
280.0 668.0 280.0 657.0 304.0 660.0 302.0 670.0 small-vehicle 1
280.0 656.0 281.0 646.0 303.0 648.0 302.0 659.0 small-vehicle 1
281.0 645.0 282.0 632.0 305.0 635.0 304.0 645.0 small-vehicle 1
284.0 618.0 284.0 608.0 305.0 610.0 302.0 619.0 small-vehicle 1
283.0 605.0 283.0 597.0 306.0 598.0 306.0 608.0 small-vehicle 1
343.0 569.0 344.0 561.0 368.0 564.0 366.0 573.0 small-vehicle 1
284.0 582.0 285.0 572.0 307.0 575.0 305.0 587.0 small-vehicle 1
269.0 406.0 268.0 397.0 288.0 397.0 286.0 407.0 small-vehicle 1
206.0 440.0 205.0 431.0 231.0 434.0 231.0 442.0 small-vehicle 1
207.0 451.0 207.0 443.0 229.0 445.0 226.0 453.0 small-vehicle 1
1200.0 491.0 1215.0 489.0 1215.0 517.0 1205.0 518.0 small-vehicle 0
434.0 873.0 433.0 861.0 452.0 862.0 453.0 872.0 small-vehicle 0
1134.0 563.0 1125.0 562.0 1127.0 542.0 1136.0 542.0 small-vehicle 0
275.0 670.0 273.0 681.0 259.0 678.0 258.0 669.0 small-vehicle 1
1190.0 792.0 1198.0 792.0 1197.0 812.0 1188.0 811.0 small-vehicle 0
1348.0 936.0 1348.0 928.0 1370.0 929.0 1369.0 938.0 small-vehicle 0
1279.0 819.0 1279.0 810.0 1299.0 811.0 1299.0 820.0 small-vehicle 0
1369.0 611.0 1369.0 601.0 1393.0 602.0 1393.0 612.0 small-vehicle 0
1355.0 410.0 1355.0 420.0 1334.0 419.0 1334.0 409.0 small-vehicle 0
1380.0 412.0 1380.0 421.0 1360.0 420.0 1360.0 411.0 small-vehicle 0
942.0 227.0 934.0 226.0 935.0 206.0 942.0 207.0 small-vehicle 0
1035.0 126.0 1044.0 127.0 1043.0 146.0 1034.0 146.0 small-vehicle 0
1036.0 737.0 1027.0 737.0 1028.0 715.0 1036.0 715.0 small-vehicle 0
871.0 731.0 880.0 732.0 878.0 754.0 869.0 753.0 small-vehicle 0
872.0 703.0 880.0 703.0 879.0 730.0 870.0 729.0 small-vehicle 0
891.0 727.0 884.0 726.0 884.0 710.0 891.0 710.0 small-vehicle 0
904.0 729.0 896.0 729.0 897.0 711.0 904.0 711.0 small-vehicle 0
1076.0 685.0 1066.0 684.0 1067.0 658.0 1077.0 658.0 small-vehicle 0
1014.0 735.0 1005.0 735.0 1005.0 712.0 1014.0 712.0 small-vehicle 0
1102.0 825.0 1092.0 825.0 1092.0 802.0 1102.0 803.0 small-vehicle 0
1078.0 821.0 1068.0 821.0 1069.0 801.0 1078.0 801.0 small-vehicle 0
929.0 226.0 920.0 226.0 920.0 206.0 929.0 206.0 small-vehicle 0
943.0 201.0 934.0 200.0 935.0 181.0 943.0 181.0 small-vehicle 0
946.0 179.0 955.0 179.0 955.0 201.0 946.0 201.0 small-vehicle 0
891.0 121.0 900.0 121.0 899.0 139.0 889.0 138.0 small-vehicle 0
988.0 120.0 997.0 121.0 996.0 142.0 986.0 141.0 small-vehicle 0
1000.0 121.0 1008.0 122.0 1007.0 143.0 998.0 143.0 small-vehicle 0
1012.0 124.0 1020.0 124.0 1020.0 143.0 1011.0 143.0 small-vehicle 0
1136.0 536.0 1127.0 535.0 1130.0 513.0 1138.0 514.0 small-vehicle 0
1323.0 649.0 1322.0 659.0 1295.0 658.0 1295.0 648.0 large-vehicle 0
1257.0 702.0 1248.0 701.0 1248.0 682.0 1257.0 682.0 large-vehicle 0
1215.0 884.0 1216.0 874.0 1240.0 875.0 1240.0 886.0 large-vehicle 0
229.0 406.0 230.0 414.0 207.0 415.0 206.0 407.0 large-vehicle 0
275.0 682.0 272.0 692.0 253.0 690.0 255.0 680.0 small-vehicle 0
220.0 587.0 220.0 597.0 203.0 597.0 203.0 587.0 small-vehicle 0
219.0 576.0 221.0 584.0 203.0 584.0 201.0 574.0 small-vehicle 0
356.0 653.0 357.0 662.0 341.0 662.0 339.0 651.0 small-vehicle 0
292.0 351.0 291.0 359.0 270.0 359.0 270.0 349.0 small-vehicle 0
290.0 338.0 290.0 348.0 271.0 348.0 270.0 339.0 small-vehicle 0
289.0 326.0 289.0 337.0 273.0 337.0 271.0 327.0 small-vehicle 0
288.0 313.0 289.0 322.0 271.0 322.0 272.0 312.0 small-vehicle 0
428.0 179.0 437.0 180.0 435.0 197.0 429.0 197.0 small-vehicle 0
456.0 239.0 468.0 240.0 465.0 262.0 455.0 263.0 small-vehicle 0
710.0 106.0 721.0 107.0 717.0 128.0 708.0 127.0 small-vehicle 0
209.0 394.0 209.0 402.0 231.0 401.0 230.0 394.0 large-vehicle 0
1118.0 901.0 1119.0 911.0 1095.0 910.0 1095.0 901.0 large-vehicle 0
284.0 434.0 283.0 443.0 264.0 441.0 265.0 432.0 large-vehicle 0
265.0 419.0 265.0 410.0 285.0 412.0 285.0 421.0 large-vehicle 0
286.0 385.0 286.0 395.0 261.0 395.0 261.0 385.0 large-vehicle 0
378.0 836.0 379.0 826.0 405.0 828.0 405.0 838.0 large-vehicle 0
366.0 547.0 366.0 557.0 340.0 556.0 340.0 546.0 large-vehicle 0
753.0 492.0 762.0 492.0 762.0 514.0 751.0 514.0 large-vehicle 0
1048.0 126.0 1056.0 126.0 1055.0 152.0 1046.0 151.0 large-vehicle 0
1070.0 433.0 1060.0 432.0 1061.0 411.0 1071.0 411.0 large-vehicle 0
1015.0 377.0 1027.0 377.0 1026.0 407.0 1014.0 406.0 large-vehicle 0
1096.0 439.0 1087.0 439.0 1087.0 414.0 1097.0 414.0 large-vehicle 0
1046.0 895.0 1046.0 907.0 1009.0 906.0 1008.0 894.0 large-vehicle 0
186.0 161.0 176.0 161.0 177.0 140.0 186.0 140.0 small-vehicle 0
