imagesource:GoogleEarth
gsd:0.285148510203
800.0 1119.0 799.0 1112.0 817.0 1112.0 817.0 1118.0 small-vehicle 1
840.0 1133.0 839.0 1124.0 855.0 1124.0 856.0 1131.0 small-vehicle 1
407.0 517.0 387.0 346.0 566.0 322.0 592.0 494.0 baseball-diamond 0
704.0 521.0 723.0 701.0 539.0 719.0 515.0 544.0 baseball-diamond 0
457.0 1013.0 436.0 839.0 616.0 811.0 642.0 986.0 baseball-diamond 0
751.0 1016.0 772.0 1172.0 619.0 1189.0 591.0 1036.0 baseball-diamond 0
505.0 1434.0 488.0 1286.0 646.0 1269.0 667.0 1419.0 baseball-diamond 0
207.0 1737.0 182.0 1553.0 373.0 1536.0 405.0 1719.0 baseball-diamond 0
440.0 1255.0 462.0 1439.0 273.0 1455.0 254.0 1278.0 baseball-diamond 0
157.0 1245.0 136.0 1079.0 306.0 1056.0 337.0 1227.0 baseball-diamond 0
391.0 756.0 413.0 923.0 235.0 946.0 215.0 776.0 baseball-diamond 0
106.0 752.0 82.0 581.0 259.0 552.0 289.0 724.0 baseball-diamond 0
343.0 265.0 360.0 439.0 190.0 459.0 170.0 286.0 baseball-diamond 0
813.0 908.0 814.0 899.0 830.0 900.0 831.0 905.0 small-vehicle 0
798.0 927.0 799.0 935.0 781.0 936.0 781.0 928.0 small-vehicle 0
803.0 980.0 804.0 987.0 788.0 989.0 786.0 981.0 small-vehicle 0
828.0 1028.0 827.0 1020.0 842.0 1021.0 843.0 1027.0 small-vehicle 0
830.0 1055.0 828.0 1048.0 847.0 1046.0 847.0 1053.0 small-vehicle 0
809.0 1042.0 811.0 1048.0 794.0 1049.0 792.0 1044.0 small-vehicle 0
801.0 1154.0 799.0 1147.0 823.0 1146.0 823.0 1152.0 small-vehicle 0
826.0 1199.0 827.0 1204.0 810.0 1206.0 809.0 1200.0 small-vehicle 0
828.0 1232.0 830.0 1240.0 814.0 1241.0 812.0 1235.0 small-vehicle 0
831.0 1260.0 832.0 1267.0 818.0 1269.0 817.0 1264.0 small-vehicle 1
832.0 1277.0 834.0 1284.0 818.0 1287.0 816.0 1282.0 small-vehicle 0
851.0 1238.0 850.0 1232.0 865.0 1230.0 865.0 1235.0 small-vehicle 0
848.0 1210.0 847.0 1204.0 864.0 1204.0 864.0 1209.0 small-vehicle 0
845.0 1202.0 845.0 1197.0 863.0 1195.0 862.0 1202.0 small-vehicle 0
841.0 1161.0 840.0 1153.0 856.0 1151.0 857.0 1160.0 small-vehicle 0
833.0 1090.0 832.0 1082.0 848.0 1082.0 849.0 1087.0 small-vehicle 0
832.0 1079.0 832.0 1074.0 848.0 1072.0 849.0 1080.0 small-vehicle 0
835.0 1109.0 834.0 1099.0 851.0 1099.0 853.0 1105.0 small-vehicle 0
645.0 30.0 662.0 202.0 487.0 216.0 471.0 46.0 baseball-diamond 0
