imagesource:GoogleEarth
gsd:0.126414061821
1049.0 692.0 1051.0 710.0 1021.0 715.0 1016.0 700.0 small-vehicle 0
822.0 1180.0 840.0 1177.0 858.0 1271.0 840.0 1274.0 large-vehicle 0
1077.0 1530.0 1097.0 1527.0 1111.0 1619.0 1089.0 1621.0 large-vehicle 0
1030.0 1665.0 1027.0 1644.0 1120.0 1632.0 1123.0 1654.0 large-vehicle 0
904.0 1355.0 923.0 1352.0 937.0 1443.0 916.0 1445.0 large-vehicle 0
928.0 1350.0 950.0 1346.0 964.0 1437.0 943.0 1440.0 large-vehicle 0
633.0 1206.0 653.0 1202.0 671.0 1296.0 650.0 1299.0 large-vehicle 0
664.0 1202.0 683.0 1200.0 696.0 1295.0 676.0 1297.0 large-vehicle 0
690.0 1199.0 710.0 1196.0 724.0 1289.0 702.0 1291.0 large-vehicle 0
716.0 1195.0 735.0 1193.0 751.0 1286.0 731.0 1289.0 large-vehicle 0
743.0 1191.0 761.0 1187.0 779.0 1282.0 759.0 1286.0 large-vehicle 0
771.0 1185.0 790.0 1182.0 805.0 1278.0 785.0 1280.0 large-vehicle 0
798.0 1182.0 816.0 1180.0 831.0 1273.0 812.0 1276.0 large-vehicle 0
851.0 1171.0 870.0 1168.0 883.0 1263.0 863.0 1266.0 large-vehicle 0
1020.0 1538.0 1039.0 1536.0 1055.0 1626.0 1035.0 1629.0 large-vehicle 0
876.0 1169.0 895.0 1165.0 911.0 1258.0 892.0 1262.0 large-vehicle 0
904.0 1164.0 922.0 1161.0 938.0 1255.0 918.0 1258.0 large-vehicle 0
928.0 1159.0 945.0 1156.0 963.0 1250.0 944.0 1253.0 large-vehicle 0
953.0 1156.0 971.0 1152.0 989.0 1245.0 969.0 1248.0 large-vehicle 0
979.0 1151.0 998.0 1147.0 1015.0 1241.0 994.0 1243.0 large-vehicle 0
750.0 1083.0 770.0 1080.0 784.0 1173.0 762.0 1175.0 large-vehicle 0
775.0 1079.0 795.0 1075.0 812.0 1168.0 792.0 1171.0 large-vehicle 0
911.0 1052.0 933.0 1048.0 950.0 1142.0 925.0 1145.0 large-vehicle 0
576.0 860.0 597.0 857.0 620.0 994.0 598.0 997.0 large-vehicle 0
604.0 854.0 625.0 850.0 649.0 986.0 626.0 989.0 large-vehicle 0
633.0 850.0 654.0 848.0 677.0 985.0 655.0 987.0 large-vehicle 0
1049.0 1534.0 1069.0 1531.0 1083.0 1623.0 1062.0 1627.0 large-vehicle 0
962.0 1547.0 983.0 1545.0 997.0 1637.0 977.0 1639.0 large-vehicle 0
689.0 841.0 709.0 839.0 731.0 976.0 711.0 978.0 large-vehicle 0
737.0 1709.0 756.0 1715.0 727.0 1803.0 707.0 1796.0 large-vehicle 0
382.0 1616.0 393.0 1634.0 304.0 1675.0 296.0 1657.0 large-vehicle 0
421.0 1628.0 431.0 1645.0 345.0 1688.0 334.0 1669.0 large-vehicle 0
459.0 1640.0 469.0 1658.0 382.0 1699.0 373.0 1679.0 large-vehicle 0
519.0 1642.0 541.0 1648.0 514.0 1737.0 493.0 1731.0 large-vehicle 0
547.0 1651.0 567.0 1657.0 540.0 1747.0 519.0 1739.0 large-vehicle 0
576.0 1658.0 596.0 1664.0 569.0 1754.0 548.0 1748.0 large-vehicle 0
602.0 1667.0 621.0 1673.0 595.0 1762.0 574.0 1755.0 large-vehicle 0
628.0 1676.0 648.0 1682.0 622.0 1771.0 600.0 1763.0 large-vehicle 0
654.0 1683.0 675.0 1690.0 648.0 1779.0 627.0 1772.0 large-vehicle 0
682.0 1692.0 703.0 1698.0 676.0 1786.0 655.0 1780.0 large-vehicle 0
711.0 1700.0 731.0 1705.0 703.0 1794.0 682.0 1788.0 large-vehicle 0
761.0 1716.0 781.0 1722.0 756.0 1809.0 736.0 1802.0 large-vehicle 0
933.0 1551.0 954.0 1548.0 968.0 1639.0 947.0 1641.0 large-vehicle 0
790.0 1725.0 809.0 1732.0 782.0 1821.0 762.0 1814.0 large-vehicle 0
815.0 1733.0 834.0 1739.0 809.0 1827.0 789.0 1820.0 large-vehicle 0
841.0 1742.0 859.0 1747.0 835.0 1836.0 815.0 1830.0 large-vehicle 0
866.0 1750.0 886.0 1754.0 861.0 1843.0 840.0 1838.0 large-vehicle 0
919.0 1764.0 940.0 1769.0 913.0 1858.0 892.0 1851.0 large-vehicle 0
975.0 1782.0 994.0 1789.0 966.0 1875.0 947.0 1870.0 large-vehicle 0
1000.0 1791.0 1020.0 1796.0 993.0 1884.0 973.0 1878.0 large-vehicle 0
1029.0 1796.0 1047.0 1802.0 1019.0 1890.0 1001.0 1884.0 large-vehicle 0
1055.0 1804.0 1073.0 1810.0 1043.0 1898.0 1026.0 1891.0 large-vehicle 0
1080.0 1812.0 1098.0 1817.0 1071.0 1905.0 1052.0 1899.0 large-vehicle 0
1106.0 1819.0 1124.0 1825.0 1096.0 1914.0 1077.0 1908.0 large-vehicle 0
661.0 845.0 681.0 842.0 701.0 982.0 681.0 984.0 large-vehicle 0
714.0 834.0 735.0 831.0 760.0 971.0 737.0 974.0 large-vehicle 0
500.0 649.0 497.0 631.0 535.0 626.0 539.0 643.0 large-vehicle 0
1093.0 648.0 1106.0 645.0 1113.0 675.0 1099.0 678.0 small-vehicle 0
778.0 524.0 774.0 503.0 871.0 487.0 876.0 509.0 large-vehicle 0
563.0 597.0 560.0 575.0 706.0 553.0 709.0 574.0 large-vehicle 0
796.0 560.0 793.0 539.0 934.0 513.0 938.0 535.0 large-vehicle 0
44.0 258.0 66.0 254.0 80.0 351.0 55.0 355.0 large-vehicle 0
56.0 358.0 81.0 354.0 94.0 448.0 69.0 454.0 large-vehicle 0
73.0 458.0 97.0 453.0 110.0 548.0 86.0 552.0 large-vehicle 0
35.0 126.0 25.0 118.0 43.0 97.0 51.0 105.0 small-vehicle 0
60.0 91.0 51.0 85.0 65.0 61.0 74.0 67.0 small-vehicle 0
1164.0 639.0 1179.0 636.0 1186.0 667.0 1173.0 670.0 small-vehicle 0
1132.0 654.0 1149.0 651.0 1158.0 688.0 1143.0 693.0 small-vehicle 0
1115.0 656.0 1126.0 653.0 1133.0 680.0 1121.0 683.0 small-vehicle 0
1073.0 656.0 1087.0 652.0 1094.0 685.0 1080.0 688.0 small-vehicle 0
770.0 477.0 765.0 456.0 859.0 434.0 865.0 453.0 large-vehicle 0
1042.0 654.0 1058.0 650.0 1066.0 685.0 1051.0 687.0 small-vehicle 0
866.0 22.0 862.0 35.0 822.0 25.0 827.0 12.0 small-vehicle 0
1097.0 844.0 1080.0 840.0 1087.0 800.0 1103.0 801.0 small-vehicle 1
1115.0 843.0 1102.0 838.0 1110.0 796.0 1127.0 799.0 small-vehicle 1
1139.0 841.0 1124.0 836.0 1136.0 795.0 1154.0 802.0 small-vehicle 1
669.0 2010.0 643.0 2023.0 608.0 1940.0 634.0 1927.0 container-crane 0
226.0 681.0 220.0 661.0 280.0 651.0 282.0 672.0 large-vehicle 0
283.0 668.0 283.0 650.0 323.0 644.0 323.0 662.0 large-vehicle 0
335.0 663.0 331.0 645.0 383.0 635.0 386.0 652.0 large-vehicle 0
391.0 654.0 386.0 637.0 441.0 625.0 444.0 644.0 large-vehicle 0
446.0 646.0 443.0 627.0 488.0 619.0 493.0 636.0 large-vehicle 0
776.0 500.0 772.0 480.0 867.0 460.0 871.0 480.0 large-vehicle 0
647.0 523.0 650.0 544.0 553.0 558.0 551.0 538.0 large-vehicle 0
742.0 831.0 766.0 828.0 783.0 967.0 761.0 970.0 large-vehicle 0
551.0 706.0 572.0 703.0 594.0 842.0 574.0 845.0 large-vehicle 0
770.0 827.0 791.0 824.0 815.0 961.0 794.0 964.0 large-vehicle 0
825.0 818.0 844.0 814.0 871.0 952.0 851.0 956.0 large-vehicle 0
853.0 813.0 874.0 810.0 901.0 948.0 880.0 952.0 large-vehicle 0
853.0 660.0 875.0 657.0 902.0 795.0 878.0 799.0 large-vehicle 0
744.0 673.0 764.0 670.0 791.0 809.0 769.0 812.0 large-vehicle 0
716.0 679.0 737.0 675.0 760.0 813.0 738.0 817.0 large-vehicle 0
687.0 686.0 709.0 682.0 733.0 821.0 710.0 824.0 large-vehicle 0
662.0 688.0 682.0 685.0 706.0 824.0 685.0 828.0 large-vehicle 0
633.0 694.0 652.0 690.0 677.0 830.0 656.0 834.0 large-vehicle 0
605.0 700.0 626.0 696.0 652.0 834.0 630.0 838.0 large-vehicle 0
578.0 703.0 599.0 699.0 623.0 838.0 601.0 842.0 large-vehicle 0
601.0 213.0 604.0 233.0 508.0 248.0 505.0 228.0 large-vehicle 0
644.0 499.0 648.0 520.0 550.0 535.0 548.0 515.0 large-vehicle 0
602.0 236.0 605.0 256.0 510.0 272.0 506.0 252.0 large-vehicle 0
605.0 259.0 609.0 279.0 514.0 295.0 510.0 275.0 large-vehicle 0
610.0 283.0 613.0 304.0 517.0 321.0 513.0 300.0 large-vehicle 0
612.0 311.0 615.0 332.0 522.0 349.0 517.0 328.0 large-vehicle 0
619.0 338.0 624.0 360.0 527.0 378.0 522.0 357.0 large-vehicle 0
624.0 366.0 626.0 387.0 530.0 402.0 527.0 382.0 large-vehicle 0
777.0 287.0 754.0 289.0 741.0 197.0 765.0 194.0 large-vehicle 0
630.0 393.0 634.0 414.0 538.0 431.0 534.0 411.0 large-vehicle 0
630.0 422.0 633.0 442.0 537.0 458.0 535.0 438.0 large-vehicle 0
636.0 445.0 640.0 466.0 543.0 485.0 539.0 464.0 large-vehicle 0
639.0 472.0 643.0 493.0 546.0 509.0 543.0 488.0 large-vehicle 0
355.0 1605.0 358.0 1625.0 260.0 1640.0 259.0 1621.0 large-vehicle 0
