imagesource:GoogleEarth
gsd:0.125680797258
1077.0 661.0 1088.0 666.0 1075.0 702.0 1065.0 696.0 small-vehicle 1
1064.0 785.0 1080.0 787.0 1074.0 825.0 1058.0 823.0 small-vehicle 0
984.0 800.0 994.0 792.0 1013.0 817.0 1003.0 825.0 small-vehicle 0
978.0 793.0 962.0 791.0 968.0 754.0 984.0 756.0 small-vehicle 0
929.0 749.0 929.0 732.0 964.0 731.0 965.0 747.0 small-vehicle 0
918.0 675.0 929.0 668.0 948.0 693.0 938.0 700.0 small-vehicle 0
991.0 671.0 989.0 686.0 950.0 682.0 951.0 666.0 small-vehicle 0
1007.0 695.0 1008.0 710.0 973.0 709.0 972.0 694.0 small-vehicle 0
1030.0 724.0 1029.0 741.0 990.0 739.0 990.0 722.0 small-vehicle 0
1060.0 779.0 1048.0 788.0 1025.0 756.0 1037.0 748.0 small-vehicle 0
1086.0 812.0 1099.0 814.0 1092.0 848.0 1080.0 846.0 small-vehicle 0
870.0 821.0 872.0 836.0 838.0 841.0 835.0 826.0 small-vehicle 0
1110.0 707.0 1122.0 709.0 1115.0 746.0 1102.0 742.0 small-vehicle 0
1133.0 730.0 1142.0 731.0 1134.0 767.0 1125.0 766.0 small-vehicle 0
1148.0 769.0 1158.0 761.0 1177.0 787.0 1166.0 795.0 small-vehicle 0
1232.0 842.0 1231.0 854.0 1201.0 855.0 1202.0 842.0 small-vehicle 0
1250.0 862.0 1251.0 878.0 1216.0 881.0 1214.0 866.0 small-vehicle 0
1298.0 939.0 1288.0 947.0 1264.0 920.0 1274.0 910.0 small-vehicle 0
1329.0 971.0 1318.0 980.0 1293.0 951.0 1304.0 942.0 small-vehicle 0
1228.0 1109.0 1210.0 1104.0 1218.0 1070.0 1234.0 1074.0 small-vehicle 0
1013.0 852.0 1014.0 838.0 1047.0 843.0 1045.0 857.0 small-vehicle 0
1068.0 909.0 1055.0 906.0 1062.0 874.0 1075.0 877.0 small-vehicle 0
1138.0 864.0 1136.0 878.0 1100.0 873.0 1101.0 858.0 small-vehicle 0
1141.0 891.0 1138.0 903.0 1104.0 896.0 1107.0 884.0 small-vehicle 0
958.0 922.0 967.0 934.0 938.0 957.0 928.0 946.0 small-vehicle 0
972.0 938.0 982.0 949.0 954.0 973.0 944.0 961.0 small-vehicle 0
1035.0 1052.0 1047.0 1043.0 1068.0 1072.0 1056.0 1080.0 small-vehicle 0
1013.0 1068.0 1024.0 1057.0 1048.0 1087.0 1034.0 1098.0 small-vehicle 0
995.0 1082.0 1007.0 1074.0 1028.0 1106.0 1016.0 1113.0 small-vehicle 0
979.0 1095.0 990.0 1087.0 1010.0 1116.0 998.0 1123.0 small-vehicle 0
942.0 1122.0 953.0 1114.0 975.0 1144.0 964.0 1152.0 small-vehicle 0
909.0 1151.0 918.0 1144.0 937.0 1171.0 928.0 1178.0 small-vehicle 0
1094.0 1121.0 1080.0 1130.0 1062.0 1102.0 1077.0 1092.0 small-vehicle 0
1075.0 1135.0 1064.0 1144.0 1042.0 1112.0 1054.0 1104.0 small-vehicle 0
1024.0 1172.0 1012.0 1181.0 993.0 1152.0 1004.0 1144.0 small-vehicle 0
978.0 1209.0 965.0 1219.0 943.0 1190.0 955.0 1181.0 small-vehicle 0
959.0 1222.0 946.0 1233.0 924.0 1203.0 936.0 1193.0 small-vehicle 0
941.0 1238.0 928.0 1248.0 905.0 1220.0 916.0 1211.0 small-vehicle 0
901.0 1262.0 889.0 1272.0 864.0 1240.0 876.0 1231.0 small-vehicle 0
924.0 1139.0 937.0 1129.0 958.0 1156.0 946.0 1166.0 small-vehicle 0
1116.0 924.0 1104.0 933.0 1084.0 907.0 1096.0 897.0 small-vehicle 0
1297.0 1067.0 1310.0 1071.0 1296.0 1108.0 1282.0 1102.0 small-vehicle 0
1236.0 1101.0 1248.0 1092.0 1269.0 1120.0 1257.0 1129.0 small-vehicle 0
1299.0 1164.0 1289.0 1173.0 1269.0 1148.0 1279.0 1138.0 small-vehicle 0
1573.0 1548.0 1560.0 1544.0 1574.0 1508.0 1585.0 1512.0 small-vehicle 0
1346.0 1668.0 1359.0 1660.0 1378.0 1691.0 1366.0 1698.0 small-vehicle 0
1338.0 1632.0 1329.0 1619.0 1357.0 1597.0 1366.0 1610.0 small-vehicle 0
1308.0 1613.0 1300.0 1600.0 1328.0 1581.0 1336.0 1594.0 small-vehicle 0
1269.0 1727.0 1279.0 1718.0 1300.0 1747.0 1289.0 1754.0 small-vehicle 0
1153.0 1766.0 1164.0 1758.0 1183.0 1788.0 1171.0 1795.0 small-vehicle 0
1436.0 1737.0 1448.0 1728.0 1468.0 1757.0 1458.0 1765.0 small-vehicle 0
1398.0 1772.0 1410.0 1764.0 1433.0 1795.0 1420.0 1804.0 small-vehicle 0
1358.0 1797.0 1371.0 1786.0 1399.0 1822.0 1385.0 1832.0 small-vehicle 0
1280.0 1860.0 1292.0 1852.0 1312.0 1886.0 1300.0 1894.0 small-vehicle 0
1241.0 1886.0 1252.0 1879.0 1274.0 1911.0 1263.0 1919.0 small-vehicle 0
1202.0 1916.0 1216.0 1907.0 1239.0 1938.0 1225.0 1947.0 small-vehicle 0
1173.0 1946.0 1186.0 1938.0 1206.0 1968.0 1193.0 1977.0 small-vehicle 0
1152.0 1959.0 1165.0 1952.0 1186.0 1985.0 1174.0 1992.0 small-vehicle 0
1133.0 1974.0 1146.0 1966.0 1168.0 1998.0 1155.0 2007.0 small-vehicle 0
1005.0 2075.0 1016.0 2069.0 1034.0 2098.0 1023.0 2105.0 small-vehicle 0
1076.0 1824.0 1088.0 1817.0 1107.0 1844.0 1095.0 1852.0 small-vehicle 0
1058.0 1839.0 1071.0 1828.0 1090.0 1854.0 1079.0 1864.0 small-vehicle 0
1386.0 1643.0 1398.0 1633.0 1416.0 1662.0 1403.0 1670.0 small-vehicle 0
1558.0 1532.0 1545.0 1527.0 1555.0 1490.0 1569.0 1493.0 small-vehicle 0
1175.0 1211.0 1184.0 1220.0 1156.0 1244.0 1149.0 1234.0 small-vehicle 0
1543.0 1512.0 1529.0 1507.0 1542.0 1472.0 1554.0 1476.0 small-vehicle 0
1384.0 1180.0 1392.0 1192.0 1365.0 1211.0 1357.0 1200.0 small-vehicle 0
1398.0 1199.0 1406.0 1211.0 1381.0 1229.0 1372.0 1218.0 small-vehicle 0
1426.0 1238.0 1440.0 1242.0 1427.0 1278.0 1413.0 1273.0 small-vehicle 0
1442.0 1264.0 1457.0 1268.0 1447.0 1305.0 1431.0 1300.0 small-vehicle 0
1456.0 1310.0 1468.0 1302.0 1488.0 1329.0 1476.0 1337.0 small-vehicle 0
1335.0 1250.0 1322.0 1244.0 1335.0 1216.0 1347.0 1222.0 small-vehicle 0
1322.0 1229.0 1309.0 1224.0 1323.0 1189.0 1336.0 1192.0 small-vehicle 0
1442.0 1355.0 1430.0 1364.0 1403.0 1333.0 1416.0 1323.0 small-vehicle 0
1476.0 1421.0 1460.0 1416.0 1472.0 1378.0 1486.0 1383.0 small-vehicle 0
1528.0 1371.0 1541.0 1376.0 1527.0 1410.0 1514.0 1404.0 small-vehicle 0
1519.0 1365.0 1505.0 1375.0 1485.0 1347.0 1498.0 1336.0 small-vehicle 0
1544.0 1395.0 1559.0 1400.0 1543.0 1433.0 1528.0 1427.0 small-vehicle 0
1560.0 1410.0 1572.0 1415.0 1558.0 1448.0 1545.0 1443.0 small-vehicle 0
1574.0 1427.0 1586.0 1433.0 1572.0 1468.0 1560.0 1463.0 small-vehicle 0
1496.0 1449.0 1481.0 1446.0 1492.0 1408.0 1507.0 1411.0 small-vehicle 0
1511.0 1469.0 1498.0 1465.0 1511.0 1430.0 1524.0 1434.0 small-vehicle 0
1527.0 1489.0 1514.0 1484.0 1525.0 1450.0 1538.0 1454.0 small-vehicle 0
944.0 903.0 951.0 913.0 924.0 935.0 916.0 924.0 small-vehicle 0
882.0 844.0 885.0 857.0 851.0 863.0 848.0 850.0 small-vehicle 0
999.0 1882.0 1012.0 1871.0 1034.0 1900.0 1020.0 1912.0 small-vehicle 0
367.0 1120.0 376.0 1132.0 347.0 1155.0 339.0 1143.0 small-vehicle 0
606.0 841.0 592.0 851.0 564.0 812.0 576.0 803.0 small-vehicle 0
624.0 827.0 612.0 836.0 583.0 798.0 595.0 790.0 small-vehicle 0
642.0 812.0 629.0 821.0 599.0 782.0 611.0 772.0 small-vehicle 0
656.0 795.0 648.0 802.0 626.0 772.0 635.0 766.0 small-vehicle 0
675.0 777.0 661.0 788.0 635.0 751.0 647.0 742.0 small-vehicle 0
691.0 764.0 678.0 773.0 652.0 738.0 663.0 728.0 small-vehicle 0
340.0 1086.0 349.0 1101.0 315.0 1127.0 305.0 1112.0 small-vehicle 0
354.0 1107.0 361.0 1119.0 333.0 1138.0 326.0 1125.0 small-vehicle 0
396.0 1162.0 403.0 1174.0 381.0 1189.0 375.0 1179.0 small-vehicle 0
929.0 888.0 938.0 900.0 910.0 923.0 902.0 912.0 small-vehicle 0
409.0 1175.0 418.0 1187.0 394.0 1206.0 385.0 1194.0 small-vehicle 0
422.0 1194.0 429.0 1204.0 399.0 1228.0 391.0 1217.0 small-vehicle 0
437.0 1206.0 447.0 1220.0 412.0 1244.0 404.0 1232.0 small-vehicle 0
447.0 1225.0 456.0 1236.0 429.0 1256.0 421.0 1245.0 small-vehicle 0
459.0 1241.0 469.0 1256.0 436.0 1278.0 427.0 1264.0 small-vehicle 0
476.0 1262.0 485.0 1273.0 462.0 1291.0 453.0 1280.0 small-vehicle 0
404.0 1764.0 414.0 1778.0 376.0 1803.0 368.0 1789.0 small-vehicle 0
417.0 1790.0 425.0 1802.0 397.0 1823.0 390.0 1810.0 small-vehicle 0
568.0 846.0 554.0 854.0 535.0 822.0 548.0 813.0 small-vehicle 0
535.0 872.0 524.0 881.0 502.0 854.0 512.0 845.0 small-vehicle 0
487.0 915.0 475.0 923.0 454.0 895.0 465.0 888.0 small-vehicle 0
470.0 928.0 460.0 937.0 437.0 906.0 447.0 899.0 small-vehicle 0
300.0 681.0 288.0 691.0 266.0 665.0 276.0 655.0 small-vehicle 0
324.0 664.0 314.0 678.0 290.0 655.0 302.0 642.0 small-vehicle 0
340.0 652.0 330.0 661.0 305.0 633.0 316.0 625.0 small-vehicle 0
360.0 634.0 348.0 645.0 326.0 617.0 338.0 607.0 small-vehicle 0
376.0 616.0 364.0 626.0 344.0 598.0 358.0 588.0 small-vehicle 0
398.0 600.0 386.0 613.0 366.0 588.0 377.0 576.0 small-vehicle 0
430.0 573.0 419.0 582.0 399.0 557.0 411.0 547.0 small-vehicle 0
468.0 539.0 455.0 550.0 435.0 523.0 447.0 514.0 small-vehicle 0
486.0 527.0 475.0 535.0 454.0 507.0 464.0 498.0 small-vehicle 0
507.0 509.0 497.0 518.0 475.0 492.0 487.0 483.0 small-vehicle 0
528.0 496.0 519.0 506.0 497.0 480.0 507.0 471.0 small-vehicle 0
564.0 467.0 552.0 475.0 532.0 451.0 544.0 441.0 small-vehicle 0
584.0 450.0 575.0 460.0 551.0 433.0 560.0 424.0 small-vehicle 0
623.0 420.0 614.0 427.0 588.0 400.0 598.0 391.0 small-vehicle 0
645.0 386.0 638.0 399.0 608.0 382.0 616.0 368.0 small-vehicle 0
439.0 951.0 426.0 962.0 402.0 928.0 415.0 919.0 small-vehicle 0
453.0 938.0 444.0 947.0 419.0 916.0 431.0 908.0 small-vehicle 0
430.0 1810.0 438.0 1821.0 412.0 1838.0 405.0 1827.0 small-vehicle 0
444.0 1831.0 451.0 1842.0 427.0 1857.0 421.0 1846.0 small-vehicle 0
460.0 1849.0 468.0 1863.0 442.0 1878.0 433.0 1866.0 small-vehicle 0
651.0 1831.0 660.0 1845.0 629.0 1866.0 620.0 1854.0 small-vehicle 0
672.0 1877.0 680.0 1891.0 650.0 1910.0 642.0 1896.0 small-vehicle 0
686.0 1897.0 696.0 1910.0 666.0 1930.0 658.0 1918.0 small-vehicle 0
699.0 1919.0 707.0 1931.0 682.0 1950.0 674.0 1937.0 small-vehicle 0
713.0 1937.0 724.0 1953.0 690.0 1975.0 678.0 1960.0 small-vehicle 0
686.0 1738.0 675.0 1746.0 656.0 1717.0 670.0 1709.0 small-vehicle 0
690.0 1550.0 704.0 1541.0 729.0 1575.0 714.0 1585.0 small-vehicle 0
790.0 1526.0 778.0 1536.0 755.0 1508.0 766.0 1497.0 small-vehicle 0
725.0 1406.0 712.0 1415.0 686.0 1379.0 699.0 1370.0 small-vehicle 0
743.0 1389.0 732.0 1398.0 712.0 1373.0 724.0 1364.0 small-vehicle 0
761.0 1376.0 749.0 1386.0 727.0 1354.0 739.0 1346.0 small-vehicle 0
776.0 1364.0 765.0 1371.0 746.0 1344.0 758.0 1335.0 small-vehicle 0
607.0 1217.0 618.0 1209.0 641.0 1242.0 629.0 1250.0 small-vehicle 0
757.0 1101.0 770.0 1087.0 793.0 1114.0 779.0 1126.0 small-vehicle 0
536.0 1014.0 525.0 1022.0 503.0 993.0 515.0 984.0 small-vehicle 0
518.0 1028.0 508.0 1036.0 486.0 1008.0 496.0 999.0 small-vehicle 0
502.0 1041.0 492.0 1049.0 470.0 1022.0 480.0 1014.0 small-vehicle 0
674.0 1324.0 684.0 1317.0 708.0 1348.0 697.0 1355.0 small-vehicle 0
661.0 1855.0 668.0 1866.0 640.0 1888.0 631.0 1877.0 small-vehicle 0
636.0 1814.0 644.0 1828.0 609.0 1850.0 602.0 1835.0 small-vehicle 0
473.0 1871.0 480.0 1884.0 450.0 1901.0 444.0 1889.0 small-vehicle 0
623.0 1795.0 630.0 1810.0 597.0 1828.0 590.0 1814.0 small-vehicle 0
487.0 1895.0 495.0 1907.0 464.0 1924.0 458.0 1912.0 small-vehicle 0
347.0 1866.0 356.0 1882.0 318.0 1907.0 309.0 1890.0 small-vehicle 0
363.0 1891.0 371.0 1907.0 334.0 1927.0 326.0 1913.0 small-vehicle 0
383.0 1908.0 390.0 1921.0 360.0 1940.0 353.0 1926.0 small-vehicle 0
448.0 1807.0 440.0 1794.0 469.0 1771.0 478.0 1784.0 small-vehicle 0
463.0 1832.0 452.0 1818.0 482.0 1796.0 491.0 1809.0 small-vehicle 0
480.0 1847.0 468.0 1833.0 495.0 1811.0 506.0 1826.0 small-vehicle 0
487.0 1870.0 480.0 1858.0 510.0 1838.0 518.0 1852.0 small-vehicle 0
502.0 1890.0 495.0 1878.0 523.0 1860.0 531.0 1872.0 small-vehicle 0
517.0 1910.0 508.0 1896.0 539.0 1872.0 549.0 1886.0 small-vehicle 0
550.0 1971.0 542.0 1959.0 573.0 1939.0 579.0 1953.0 small-vehicle 0
572.0 2027.0 581.0 2042.0 544.0 2064.0 536.0 2048.0 small-vehicle 0
580.0 2013.0 572.0 2001.0 593.0 1982.0 602.0 1994.0 small-vehicle 0
591.0 2034.0 583.0 2022.0 616.0 2000.0 624.0 2012.0 small-vehicle 0
611.0 2078.0 604.0 2065.0 633.0 2044.0 641.0 2056.0 small-vehicle 0
624.0 2098.0 617.0 2084.0 645.0 2067.0 652.0 2080.0 small-vehicle 0
583.0 1735.0 592.0 1747.0 561.0 1770.0 553.0 1756.0 small-vehicle 0
1035.0 1848.0 1047.0 1840.0 1071.0 1873.0 1058.0 1881.0 small-vehicle 0
1035.0 2045.0 1048.0 2038.0 1068.0 2068.0 1055.0 2076.0 small-vehicle 0
1208.0 836.0 1209.0 822.0 1238.0 821.0 1240.0 838.0 small-vehicle 1
508.0 902.0 495.0 915.0 472.0 876.0 483.0 868.0 small-vehicle 1
1052.0 1263.0 1062.0 1252.0 1088.0 1283.0 1071.0 1292.0 small-vehicle 0
906.0 701.0 918.0 691.0 942.0 717.0 926.0 729.0 small-vehicle 0
245.0 255.0 254.0 241.0 281.0 265.0 266.0 277.0 small-vehicle 1
602.0 431.0 592.0 440.0 570.0 415.0 577.0 407.0 small-vehicle 1
544.0 480.0 534.0 489.0 512.0 467.0 519.0 456.0 small-vehicle 1
448.0 557.0 438.0 568.0 415.0 542.0 423.0 532.0 small-vehicle 1
413.0 588.0 401.0 597.0 380.0 568.0 392.0 556.0 small-vehicle 1
524.0 883.0 514.0 895.0 490.0 865.0 498.0 854.0 small-vehicle 1
714.0 881.0 701.0 892.0 669.0 853.0 685.0 841.0 small-vehicle 1
1739.0 1695.0 1726.0 1710.0 1695.0 1677.0 1709.0 1662.0 large-vehicle 0
671.0 921.0 657.0 933.0 630.0 893.0 645.0 883.0 small-vehicle 1
651.0 941.0 637.0 949.0 610.0 914.0 625.0 904.0 small-vehicle 1
489.0 1056.0 478.0 1066.0 450.0 1031.0 463.0 1022.0 small-vehicle 1
387.0 1127.0 400.0 1140.0 360.0 1173.0 351.0 1158.0 small-vehicle 1
565.0 1243.0 578.0 1230.0 606.0 1271.0 597.0 1281.0 small-vehicle 1
622.0 1199.0 633.0 1189.0 661.0 1230.0 650.0 1235.0 small-vehicle 1
633.0 1185.0 648.0 1173.0 674.0 1206.0 662.0 1219.0 small-vehicle 1
653.0 1171.0 670.0 1157.0 698.0 1196.0 684.0 1211.0 small-vehicle 1
1114.0 1792.0 1129.0 1777.0 1159.0 1821.0 1147.0 1832.0 small-vehicle 0
1361.0 1855.0 1348.0 1869.0 1304.0 1831.0 1320.0 1811.0 small-vehicle 0
1171.0 1921.0 1159.0 1902.0 1189.0 1871.0 1205.0 1894.0 small-vehicle 0
543.0 1987.0 550.0 2004.0 524.0 2021.0 515.0 2006.0 small-vehicle 0
1783.0 1589.0 1789.0 1605.0 1746.0 1623.0 1739.0 1607.0 small-vehicle 0
1729.0 1479.0 1746.0 1483.0 1734.0 1530.0 1717.0 1526.0 small-vehicle 0
1730.0 1469.0 1715.0 1480.0 1687.0 1443.0 1702.0 1432.0 small-vehicle 0
1671.0 1398.0 1689.0 1400.0 1683.0 1444.0 1665.0 1442.0 small-vehicle 0
1663.0 1397.0 1649.0 1409.0 1623.0 1379.0 1638.0 1367.0 small-vehicle 0
1637.0 1342.0 1639.0 1361.0 1590.0 1363.0 1589.0 1345.0 large-vehicle 0
1616.0 1319.0 1616.0 1335.0 1569.0 1337.0 1569.0 1320.0 large-vehicle 0
1604.0 1299.0 1604.0 1317.0 1557.0 1316.0 1558.0 1299.0 large-vehicle 0
1579.0 1287.0 1564.0 1298.0 1536.0 1260.0 1549.0 1250.0 large-vehicle 0
1506.0 1221.0 1522.0 1210.0 1549.0 1247.0 1533.0 1259.0 large-vehicle 0
1704.0 1091.0 1691.0 1104.0 1661.0 1070.0 1675.0 1057.0 large-vehicle 0
785.0 234.0 773.0 220.0 794.0 195.0 807.0 205.0 small-vehicle 0
887.0 134.0 872.0 120.0 905.0 92.0 916.0 111.0 small-vehicle 0
912.0 2045.0 899.0 2050.0 880.0 2015.0 894.0 2007.0 small-vehicle 0
834.0 1934.0 816.0 1946.0 793.0 1907.0 811.0 1892.0 small-vehicle 0
769.0 1851.0 755.0 1866.0 730.0 1832.0 749.0 1814.0 small-vehicle 0
890.0 2001.0 870.0 2012.0 852.0 1987.0 868.0 1970.0 small-vehicle 0
707.0 1535.0 721.0 1520.0 756.0 1560.0 739.0 1573.0 small-vehicle 1
727.0 1516.0 741.0 1505.0 771.0 1541.0 759.0 1554.0 small-vehicle 1
880.0 1457.0 893.0 1445.0 921.0 1484.0 908.0 1493.0 small-vehicle 1
1381.0 1782.0 1394.0 1772.0 1419.0 1807.0 1405.0 1817.0 small-vehicle 1
1222.0 1898.0 1235.0 1888.0 1258.0 1917.0 1248.0 1930.0 small-vehicle 1
1051.0 2033.0 1065.0 2022.0 1093.0 2059.0 1077.0 2070.0 small-vehicle 1
1075.0 2019.0 1086.0 2009.0 1110.0 2042.0 1096.0 2051.0 small-vehicle 1
1458.0 1334.0 1468.0 1337.0 1456.0 1394.0 1443.0 1389.0 small-vehicle 1
1351.0 1223.0 1364.0 1224.0 1356.0 1270.0 1342.0 1268.0 small-vehicle 1
1308.0 1157.0 1324.0 1165.0 1303.0 1210.0 1289.0 1204.0 small-vehicle 1
1165.0 1266.0 1154.0 1252.0 1189.0 1227.0 1199.0 1241.0 small-vehicle 1
1360.0 1067.0 1361.0 1050.0 1400.0 1052.0 1399.0 1068.0 small-vehicle 1
1141.0 1225.0 1126.0 1219.0 1140.0 1182.0 1154.0 1187.0 small-vehicle 1
1060.0 1144.0 1047.0 1154.0 1024.0 1124.0 1038.0 1112.0 small-vehicle 1
1042.0 1156.0 1031.0 1164.0 1007.0 1138.0 1021.0 1129.0 small-vehicle 1
1011.0 1179.0 1003.0 1192.0 977.0 1161.0 988.0 1153.0 small-vehicle 1
998.0 1189.0 984.0 1205.0 963.0 1173.0 979.0 1162.0 small-vehicle 1
872.0 1178.0 884.0 1168.0 909.0 1199.0 897.0 1212.0 small-vehicle 1
835.0 1204.0 849.0 1193.0 877.0 1227.0 863.0 1238.0 small-vehicle 1
903.0 861.0 906.0 878.0 871.0 883.0 867.0 871.0 small-vehicle 1
1255.0 872.0 1270.0 875.0 1257.0 920.0 1242.0 915.0 small-vehicle 1
1418.0 1754.0 1429.0 1748.0 1450.0 1779.0 1438.0 1787.0 small-vehicle 1
1341.0 1808.0 1351.0 1798.0 1379.0 1836.0 1370.0 1846.0 small-vehicle 1
901.0 1445.0 913.0 1435.0 942.0 1466.0 929.0 1480.0 small-vehicle 1
1298.0 1847.0 1310.0 1841.0 1332.0 1870.0 1319.0 1879.0 small-vehicle 1
817.0 1345.0 802.0 1357.0 775.0 1318.0 789.0 1309.0 small-vehicle 1
428.0 1778.0 416.0 1761.0 460.0 1736.0 470.0 1750.0 small-vehicle 1
615.0 1675.0 632.0 1662.0 659.0 1695.0 643.0 1710.0 small-vehicle 1
572.0 1701.0 581.0 1719.0 542.0 1742.0 534.0 1730.0 small-vehicle 1
594.0 1752.0 604.0 1763.0 568.0 1787.0 560.0 1772.0 small-vehicle 1
679.0 1754.0 696.0 1742.0 719.0 1775.0 701.0 1787.0 small-vehicle 1
543.0 1948.0 529.0 1936.0 569.0 1911.0 579.0 1923.0 small-vehicle 1
501.0 1905.0 508.0 1924.0 463.0 1950.0 457.0 1933.0 small-vehicle 1
509.0 1927.0 523.0 1939.0 479.0 1973.0 472.0 1958.0 small-vehicle 1
736.0 1973.0 745.0 1984.0 711.0 2010.0 700.0 2001.0 small-vehicle 1
750.0 1989.0 762.0 2004.0 717.0 2035.0 707.0 2019.0 small-vehicle 1
887.0 1899.0 904.0 1884.0 931.0 1922.0 916.0 1931.0 small-vehicle 1
926.0 1939.0 939.0 1928.0 958.0 1962.0 944.0 1966.0 small-vehicle 1
942.0 1926.0 958.0 1915.0 985.0 1956.0 969.0 1963.0 small-vehicle 1
958.0 1914.0 971.0 1904.0 1000.0 1939.0 986.0 1948.0 small-vehicle 1
979.0 1898.0 993.0 1885.0 1018.0 1922.0 1003.0 1931.0 small-vehicle 1
1173.0 1745.0 1187.0 1732.0 1216.0 1768.0 1202.0 1782.0 small-vehicle 1
1770.0 1683.0 1753.0 1686.0 1743.0 1640.0 1759.0 1636.0 small-vehicle 0
1696.0 1733.0 1677.0 1734.0 1676.0 1688.0 1694.0 1687.0 large-vehicle 0
1586.0 1452.0 1599.0 1456.0 1587.0 1491.0 1574.0 1485.0 small-vehicle 0
761.0 1258.0 774.0 1249.0 802.0 1287.0 789.0 1296.0 large-vehicle 0
1425.0 1082.0 1423.0 1095.0 1382.0 1092.0 1383.0 1078.0 small-vehicle 0
1377.0 1027.0 1375.0 1042.0 1334.0 1043.0 1333.0 1026.0 small-vehicle 0
1348.0 982.0 1349.0 1000.0 1303.0 1000.0 1304.0 981.0 small-vehicle 0
504.0 1272.0 517.0 1290.0 459.0 1333.0 447.0 1314.0 large-vehicle 0
646.0 309.0 636.0 297.0 664.0 276.0 673.0 288.0 small-vehicle 0
423.0 57.0 434.0 48.0 454.0 75.0 443.0 84.0 small-vehicle 0
721.0 1284.0 736.0 1273.0 763.0 1308.0 748.0 1319.0 small-vehicle 0
742.0 1271.0 756.0 1263.0 787.0 1308.0 773.0 1317.0 large-vehicle 0
834.0 1327.0 820.0 1337.0 793.0 1298.0 806.0 1288.0 large-vehicle 0
1667.0 1766.0 1651.0 1767.0 1647.0 1722.0 1664.0 1721.0 large-vehicle 0
585.0 1230.0 598.0 1220.0 624.0 1256.0 610.0 1266.0 small-vehicle 0
825.0 1049.0 838.0 1039.0 863.0 1073.0 851.0 1083.0 small-vehicle 0
852.0 1192.0 865.0 1182.0 891.0 1215.0 878.0 1224.0 small-vehicle 0
889.0 1164.0 903.0 1154.0 929.0 1190.0 915.0 1199.0 small-vehicle 0
987.0 1361.0 973.0 1371.0 949.0 1337.0 962.0 1327.0 small-vehicle 0
1028.0 1330.0 1015.0 1342.0 984.0 1308.0 998.0 1296.0 small-vehicle 0
742.0 873.0 732.0 859.0 763.0 834.0 774.0 850.0 small-vehicle 0
727.0 853.0 716.0 840.0 743.0 819.0 753.0 832.0 small-vehicle 0
1275.0 315.0 1285.0 307.0 1307.0 337.0 1296.0 344.0 small-vehicle 0
1558.0 655.0 1570.0 647.0 1591.0 674.0 1579.0 682.0 small-vehicle 0
1580.0 908.0 1571.0 918.0 1547.0 892.0 1558.0 883.0 small-vehicle 0
1755.0 1509.0 1770.0 1514.0 1753.0 1558.0 1739.0 1553.0 small-vehicle 0
1602.0 1471.0 1614.0 1475.0 1602.0 1507.0 1588.0 1503.0 small-vehicle 0
1619.0 1490.0 1632.0 1494.0 1619.0 1528.0 1606.0 1523.0 small-vehicle 0
1634.0 1509.0 1646.0 1513.0 1634.0 1548.0 1621.0 1543.0 small-vehicle 0
1646.0 1534.0 1662.0 1539.0 1653.0 1575.0 1636.0 1571.0 small-vehicle 0
1671.0 1548.0 1683.0 1552.0 1671.0 1586.0 1658.0 1583.0 small-vehicle 0
1597.0 1584.0 1584.0 1579.0 1596.0 1551.0 1608.0 1555.0 small-vehicle 0
1663.0 1612.0 1652.0 1622.0 1630.0 1593.0 1642.0 1583.0 small-vehicle 0
1358.0 1998.0 1340.0 1998.0 1343.0 1951.0 1356.0 1951.0 small-vehicle 0
1382.0 1979.0 1365.0 1980.0 1365.0 1937.0 1379.0 1936.0 small-vehicle 0
1409.0 1962.0 1392.0 1962.0 1393.0 1916.0 1410.0 1917.0 small-vehicle 0
1442.0 1932.0 1424.0 1933.0 1424.0 1888.0 1440.0 1888.0 small-vehicle 0
1468.0 1913.0 1451.0 1915.0 1451.0 1870.0 1466.0 1869.0 small-vehicle 0
1495.0 1891.0 1476.0 1892.0 1474.0 1844.0 1491.0 1842.0 small-vehicle 0
1511.0 1865.0 1502.0 1850.0 1535.0 1822.0 1546.0 1837.0 small-vehicle 0
1583.0 1814.0 1580.0 1831.0 1535.0 1819.0 1540.0 1801.0 small-vehicle 0
1608.0 1792.0 1606.0 1810.0 1560.0 1799.0 1565.0 1781.0 small-vehicle 0
1627.0 1738.0 1637.0 1753.0 1602.0 1779.0 1591.0 1766.0 small-vehicle 0
784.0 557.0 798.0 556.0 801.0 594.0 787.0 596.0 small-vehicle 0
810.0 544.0 824.0 543.0 824.0 587.0 809.0 587.0 small-vehicle 0
828.0 531.0 843.0 531.0 846.0 571.0 830.0 572.0 small-vehicle 0
1460.0 1532.0 1443.0 1539.0 1426.0 1493.0 1443.0 1487.0 large-vehicle 0
1491.0 1751.0 1476.0 1759.0 1453.0 1719.0 1468.0 1710.0 large-vehicle 0
1516.0 1732.0 1500.0 1743.0 1473.0 1703.0 1488.0 1693.0 large-vehicle 0
1516.0 1679.0 1532.0 1666.0 1559.0 1702.0 1545.0 1713.0 large-vehicle 0
1326.0 1431.0 1340.0 1437.0 1324.0 1475.0 1310.0 1469.0 small-vehicle 0
1322.0 1408.0 1330.0 1422.0 1299.0 1441.0 1290.0 1428.0 small-vehicle 0
1304.0 1387.0 1313.0 1399.0 1284.0 1420.0 1276.0 1408.0 small-vehicle 0
1293.0 1365.0 1303.0 1380.0 1270.0 1403.0 1260.0 1388.0 large-vehicle 0
1396.0 1318.0 1379.0 1315.0 1388.0 1273.0 1404.0 1276.0 large-vehicle 0
1376.0 1290.0 1357.0 1287.0 1367.0 1236.0 1385.0 1240.0 large-vehicle 0
1415.0 1215.0 1424.0 1230.0 1393.0 1250.0 1384.0 1233.0 small-vehicle 0
1309.0 1099.0 1322.0 1090.0 1344.0 1119.0 1331.0 1128.0 large-vehicle 0
1372.0 1163.0 1357.0 1173.0 1336.0 1140.0 1350.0 1130.0 large-vehicle 0
1509.0 1186.0 1509.0 1204.0 1462.0 1202.0 1462.0 1184.0 large-vehicle 0
1493.0 1161.0 1493.0 1179.0 1445.0 1177.0 1446.0 1158.0 large-vehicle 0
1469.0 1132.0 1468.0 1148.0 1417.0 1144.0 1419.0 1127.0 large-vehicle 0
1451.0 1107.0 1450.0 1126.0 1400.0 1121.0 1402.0 1101.0 large-vehicle 0
1186.0 786.0 1200.0 791.0 1187.0 832.0 1171.0 827.0 large-vehicle 0
1408.0 1622.0 1424.0 1613.0 1446.0 1655.0 1430.0 1664.0 large-vehicle 0
1300.0 1694.0 1315.0 1684.0 1343.0 1718.0 1328.0 1730.0 large-vehicle 0
872.0 502.0 887.0 503.0 885.0 543.0 871.0 542.0 small-vehicle 0
1289.0 1713.0 1302.0 1702.0 1321.0 1731.0 1309.0 1741.0 small-vehicle 0
850.0 521.0 867.0 521.0 866.0 561.0 849.0 560.0 small-vehicle 0
895.0 490.0 912.0 489.0 913.0 527.0 895.0 527.0 small-vehicle 0
918.0 472.0 934.0 471.0 936.0 509.0 918.0 510.0 small-vehicle 0
942.0 511.0 957.0 511.0 954.0 554.0 939.0 553.0 small-vehicle 0
994.0 554.0 994.0 568.0 958.0 569.0 958.0 554.0 small-vehicle 0
1010.0 573.0 1011.0 589.0 971.0 593.0 968.0 576.0 small-vehicle 0
1029.0 594.0 1030.0 609.0 994.0 611.0 993.0 596.0 small-vehicle 0
1050.0 617.0 1052.0 633.0 1010.0 635.0 1008.0 619.0 small-vehicle 0
1073.0 639.0 1073.0 654.0 1035.0 655.0 1034.0 640.0 small-vehicle 0
1096.0 727.0 1083.0 722.0 1098.0 681.0 1111.0 685.0 small-vehicle 0
1076.0 2194.0 1067.0 2178.0 1108.0 2153.0 1117.0 2170.0 small-vehicle 0
1143.0 2164.0 1124.0 2162.0 1130.0 2107.0 1147.0 2108.0 small-vehicle 0
1167.0 2133.0 1156.0 2119.0 1197.0 2087.0 1208.0 2103.0 large-vehicle 0
1253.0 2044.0 1262.0 2057.0 1223.0 2087.0 1211.0 2073.0 large-vehicle 0
1292.0 2020.0 1288.0 2040.0 1241.0 2031.0 1244.0 2010.0 large-vehicle 0
1312.0 2022.0 1293.0 2023.0 1290.0 1979.0 1309.0 1978.0 large-vehicle 0
1336.0 2013.0 1319.0 2015.0 1314.0 1967.0 1333.0 1965.0 large-vehicle 0
224.0 699.0 210.0 692.0 227.0 659.0 239.0 664.0 small-vehicle 0
