imagesource:GoogleEarth
gsd:0.211051365832
5980.0 932.0 6076.0 893.0 6179.0 1166.0 6075.0 1204.0 ship 0
1318.0 4346.0 1305.0 4349.0 1297.0 4324.0 1311.0 4320.0 small-vehicle 0
1478.0 4015.0 1575.0 3984.0 1583.0 4003.0 1483.0 4035.0 large-vehicle 0
1524.0 4731.0 1518.0 4720.0 1544.0 4710.0 1549.0 4723.0 small-vehicle 1
1541.0 4634.0 1547.0 4649.0 1520.0 4660.0 1514.0 4645.0 small-vehicle 0
1545.0 4633.0 1572.0 4623.0 1575.0 4639.0 1548.0 4649.0 small-vehicle 1
1538.0 4618.0 1566.0 4608.0 1572.0 4620.0 1543.0 4632.0 small-vehicle 0
1536.0 4605.0 1561.0 4596.0 1567.0 4611.0 1539.0 4617.0 small-vehicle 0
1534.0 4606.0 1531.0 4594.0 1556.0 4585.0 1563.0 4599.0 small-vehicle 1
1526.0 4584.0 1550.0 4574.0 1556.0 4586.0 1530.0 4596.0 small-vehicle 1
1544.0 4550.0 1549.0 4561.0 1521.0 4570.0 1516.0 4558.0 small-vehicle 1
1541.0 4539.0 1547.0 4551.0 1520.0 4559.0 1514.0 4547.0 small-vehicle 0
1510.0 4534.0 1538.0 4528.0 1545.0 4541.0 1516.0 4548.0 small-vehicle 1
1506.0 4523.0 1535.0 4512.0 1541.0 4527.0 1511.0 4536.0 small-vehicle 1
1499.0 4512.0 1529.0 4502.0 1533.0 4514.0 1504.0 4524.0 small-vehicle 1
1588.0 4560.0 1611.0 4553.0 1616.0 4564.0 1591.0 4573.0 small-vehicle 0
1583.0 4551.0 1612.0 4538.0 1616.0 4553.0 1589.0 4561.0 small-vehicle 0
1578.0 4540.0 1604.0 4530.0 1611.0 4543.0 1584.0 4553.0 small-vehicle 1
1575.0 4528.0 1603.0 4517.0 1608.0 4531.0 1579.0 4541.0 small-vehicle 1
1570.0 4515.0 1596.0 4505.0 1600.0 4517.0 1576.0 4530.0 small-vehicle 1
1568.0 4503.0 1592.0 4495.0 1598.0 4507.0 1571.0 4514.0 small-vehicle 1
1563.0 4492.0 1590.0 4481.0 1595.0 4496.0 1567.0 4505.0 small-vehicle 1
1559.0 4478.0 1586.0 4470.0 1592.0 4485.0 1563.0 4494.0 small-vehicle 1
1433.0 4508.0 1439.0 4519.0 1417.0 4530.0 1409.0 4519.0 small-vehicle 0
1427.0 4484.0 1432.0 4498.0 1408.0 4507.0 1401.0 4492.0 small-vehicle 0
1447.0 4448.0 1452.0 4463.0 1423.0 4473.0 1417.0 4459.0 small-vehicle 0
1437.0 4427.0 1444.0 4438.0 1419.0 4448.0 1412.0 4435.0 small-vehicle 0
1421.0 4455.0 1426.0 4470.0 1403.0 4479.0 1396.0 4467.0 small-vehicle 1
1413.0 4431.0 1419.0 4444.0 1400.0 4457.0 1390.0 4447.0 small-vehicle 1
1404.0 4389.0 1426.0 4381.0 1430.0 4393.0 1407.0 4402.0 small-vehicle 1
1309.0 4318.0 1294.0 4321.0 1284.0 4289.0 1303.0 4286.0 small-vehicle 0
1421.0 4037.0 1476.0 4019.0 1481.0 4036.0 1428.0 4056.0 large-vehicle 0
1594.0 4010.0 1637.0 3994.0 1644.0 4013.0 1598.0 4029.0 large-vehicle 0
1583.0 3837.0 1600.0 3832.0 1615.0 3914.0 1598.0 3916.0 large-vehicle 0
251.0 3619.0 235.0 3623.0 209.0 3554.0 226.0 3545.0 large-vehicle 0
783.0 2091.0 793.0 2089.0 800.0 2114.0 785.0 2114.0 small-vehicle 0
519.0 1095.0 507.0 1091.0 514.0 1066.0 529.0 1071.0 small-vehicle 0
1832.0 3812.0 1800.0 3820.0 1751.0 3683.0 1787.0 3673.0 ship 0
2247.0 3743.0 2261.0 3783.0 2012.0 3864.0 1992.0 3823.0 ship 0
1838.0 3969.0 2010.0 3911.0 2026.0 3952.0 1843.0 4006.0 ship 0
2189.0 4252.0 2176.0 4208.0 2354.0 4154.0 2368.0 4209.0 ship 0
2177.0 4494.0 2561.0 4374.0 2579.0 4414.0 2187.0 4548.0 ship 0
1876.0 4246.0 1946.0 4224.0 1952.0 4245.0 1879.0 4267.0 ship 0
1907.0 4311.0 2098.0 4239.0 2123.0 4299.0 1921.0 4370.0 ship 0
1734.0 3696.0 1757.0 3688.0 1802.0 3822.0 1777.0 3830.0 ship 0
706.0 2244.0 685.0 2244.0 673.0 2180.0 695.0 2173.0 large-vehicle 0
787.0 3323.0 800.0 3317.0 831.0 3395.0 812.0 3400.0 large-vehicle 0
762.0 3317.0 777.0 3312.0 805.0 3377.0 784.0 3380.0 large-vehicle 0
983.0 5099.0 997.0 5095.0 1004.0 5123.0 988.0 5126.0 small-vehicle 1
2230.0 595.0 2273.0 595.0 2273.0 639.0 2230.0 639.0 storage-tank 0
1031.0 5085.0 1045.0 5081.0 1055.0 5109.0 1039.0 5113.0 small-vehicle 1
1144.0 5519.0 1129.0 5522.0 1118.0 5493.0 1134.0 5487.0 small-vehicle 0
1113.0 5490.0 1099.0 5492.0 1087.0 5472.0 1103.0 5465.0 small-vehicle 0
682.0 4868.0 669.0 4870.0 659.0 4843.0 672.0 4838.0 small-vehicle 0
223.0 2901.0 211.0 2907.0 200.0 2880.0 215.0 2872.0 small-vehicle 0
228.0 2851.0 214.0 2855.0 205.0 2825.0 218.0 2819.0 small-vehicle 0
198.0 2829.0 186.0 2832.0 179.0 2808.0 195.0 2803.0 small-vehicle 1
156.0 2613.0 138.0 2618.0 131.0 2587.0 148.0 2579.0 small-vehicle 0
115.0 2553.0 100.0 2558.0 93.0 2526.0 105.0 2519.0 small-vehicle 0
116.0 2470.0 99.0 2475.0 93.0 2447.0 112.0 2439.0 small-vehicle 0
55.0 2197.0 38.0 2200.0 34.0 2173.0 49.0 2167.0 small-vehicle 0
2272.0 544.0 2339.0 544.0 2339.0 614.0 2272.0 614.0 storage-tank 0
2201.0 512.0 2268.0 512.0 2268.0 577.0 2201.0 577.0 storage-tank 0
1295.0 4272.0 1278.0 4276.0 1269.0 4247.0 1286.0 4242.0 small-vehicle 0
1275.0 4219.0 1260.0 4226.0 1247.0 4195.0 1264.0 4185.0 small-vehicle 1
767.0 1851.0 779.0 1846.0 787.0 1873.0 774.0 1874.0 small-vehicle 0
1381.0 4333.0 1386.0 4345.0 1361.0 4357.0 1354.0 4344.0 small-vehicle 1
1225.0 3869.0 1231.0 3882.0 1208.0 3893.0 1201.0 3880.0 small-vehicle 0
1203.0 3881.0 1196.0 3868.0 1225.0 3859.0 1230.0 3872.0 small-vehicle 0
1193.0 3856.0 1216.0 3848.0 1221.0 3861.0 1199.0 3869.0 small-vehicle 1
1185.0 3834.0 1210.0 3825.0 1214.0 3837.0 1188.0 3846.0 small-vehicle 1
1178.0 3821.0 1207.0 3815.0 1211.0 3827.0 1184.0 3834.0 small-vehicle 1
1203.0 3803.0 1210.0 3814.0 1179.0 3824.0 1175.0 3813.0 small-vehicle 0
1171.0 3787.0 1198.0 3780.0 1203.0 3793.0 1172.0 3802.0 small-vehicle 1
1167.0 3776.0 1198.0 3766.0 1203.0 3782.0 1171.0 3789.0 small-vehicle 1
1168.0 3779.0 1163.0 3763.0 1193.0 3755.0 1197.0 3768.0 small-vehicle 0
1989.0 3824.0 2005.0 3867.0 1820.0 3933.0 1799.0 3886.0 ship 0
1258.0 3414.0 1272.0 3408.0 1281.0 3436.0 1266.0 3441.0 small-vehicle 1
1254.0 3444.0 1243.0 3448.0 1234.0 3423.0 1247.0 3417.0 small-vehicle 0
1225.0 3427.0 1237.0 3421.0 1245.0 3447.0 1232.0 3450.0 small-vehicle 0
1211.0 3433.0 1224.0 3428.0 1233.0 3452.0 1217.0 3457.0 small-vehicle 0
1153.0 3373.0 1168.0 3367.0 1179.0 3401.0 1164.0 3405.0 small-vehicle 0
1187.0 3362.0 1203.0 3357.0 1211.0 3385.0 1195.0 3389.0 small-vehicle 0
1225.0 3352.0 1236.0 3345.0 1242.0 3365.0 1230.0 3369.0 small-vehicle 0
1236.0 3344.0 1250.0 3338.0 1258.0 3368.0 1245.0 3371.0 small-vehicle 0
1267.0 3333.0 1280.0 3330.0 1290.0 3355.0 1278.0 3358.0 small-vehicle 0
1283.0 3329.0 1293.0 3323.0 1304.0 3349.0 1290.0 3355.0 small-vehicle 0
1082.0 3289.0 1072.0 3284.0 1087.0 3259.0 1098.0 3268.0 small-vehicle 1
1099.0 3266.0 1087.0 3262.0 1099.0 3239.0 1110.0 3249.0 small-vehicle 1
1113.0 3249.0 1103.0 3242.0 1118.0 3218.0 1131.0 3227.0 small-vehicle 0
1155.0 3201.0 1145.0 3191.0 1166.0 3169.0 1174.0 3182.0 small-vehicle 0
1180.0 3182.0 1167.0 3171.0 1188.0 3155.0 1198.0 3163.0 small-vehicle 1
3049.0 5183.0 3144.0 5144.0 3159.0 5184.0 3064.0 5220.0 ship 1
3521.0 5340.0 3497.0 5348.0 3428.0 5187.0 3460.0 5174.0 ship 0
3567.0 5323.0 3527.0 5334.0 3434.0 5074.0 3474.0 5062.0 ship 0
2925.0 4089.0 3154.0 4017.0 3166.0 4053.0 2938.0 4128.0 ship 1
1233.0 3893.0 1237.0 3906.0 1214.0 3914.0 1213.0 3901.0 small-vehicle 0
1216.0 3914.0 1236.0 3906.0 1240.0 3916.0 1218.0 3926.0 small-vehicle 1
1223.0 3936.0 1247.0 3929.0 1252.0 3941.0 1227.0 3949.0 small-vehicle 1
1333.0 4202.0 1358.0 4195.0 1363.0 4210.0 1338.0 4217.0 small-vehicle 1
1372.0 4322.0 1379.0 4337.0 1357.0 4346.0 1350.0 4333.0 small-vehicle 0
1346.0 4316.0 1368.0 4308.0 1374.0 4322.0 1350.0 4328.0 small-vehicle 1
1391.0 4298.0 1396.0 4313.0 1371.0 4321.0 1365.0 4307.0 small-vehicle 1
1343.0 4318.0 1336.0 4306.0 1363.0 4296.0 1368.0 4310.0 small-vehicle 0
1339.0 4294.0 1360.0 4285.0 1365.0 4296.0 1343.0 4303.0 small-vehicle 1
1352.0 4277.0 1358.0 4286.0 1338.0 4295.0 1332.0 4284.0 small-vehicle 0
1344.0 4255.0 1351.0 4264.0 1331.0 4274.0 1325.0 4264.0 small-vehicle 0
1357.0 4276.0 1379.0 4267.0 1384.0 4279.0 1358.0 4286.0 small-vehicle 1
1353.0 4279.0 1349.0 4265.0 1371.0 4259.0 1376.0 4270.0 small-vehicle 1
1318.0 4234.0 1338.0 4225.0 1344.0 4239.0 1320.0 4247.0 small-vehicle 1
1343.0 4238.0 1347.0 4250.0 1331.0 4257.0 1325.0 4246.0 small-vehicle 0
1345.0 4249.0 1368.0 4245.0 1374.0 4257.0 1352.0 4264.0 small-vehicle 1
1344.0 4233.0 1361.0 4228.0 1367.0 4241.0 1347.0 4249.0 small-vehicle 1
1309.0 4212.0 1334.0 4202.0 1338.0 4215.0 1313.0 4223.0 small-vehicle 1
1231.0 3972.0 1227.0 3958.0 1256.0 3949.0 1261.0 3962.0 small-vehicle 0
1305.0 4198.0 1332.0 4191.0 1334.0 4202.0 1310.0 4212.0 small-vehicle 1
1299.0 4173.0 1319.0 4167.0 1324.0 4180.0 1305.0 4187.0 small-vehicle 1
1329.0 4191.0 1352.0 4182.0 1357.0 4195.0 1334.0 4203.0 small-vehicle 1
1321.0 4168.0 1345.0 4159.0 1349.0 4172.0 1325.0 4179.0 small-vehicle 1
1325.0 4180.0 1351.0 4170.0 1355.0 4183.0 1330.0 4191.0 small-vehicle 1
1227.0 4103.0 1240.0 4098.0 1251.0 4125.0 1236.0 4131.0 small-vehicle 0
1216.0 4075.0 1229.0 4069.0 1241.0 4094.0 1227.0 4100.0 small-vehicle 0
1246.0 4033.0 1239.0 4020.0 1272.0 4004.0 1277.0 4021.0 small-vehicle 0
1193.0 3975.0 1176.0 3981.0 1165.0 3949.0 1181.0 3941.0 small-vehicle 0
1131.0 3815.0 1144.0 3809.0 1151.0 3839.0 1138.0 3842.0 small-vehicle 0
1237.0 3995.0 1265.0 3984.0 1270.0 3997.0 1238.0 4005.0 small-vehicle 1
1237.0 3998.0 1233.0 3983.0 1260.0 3973.0 1266.0 3986.0 small-vehicle 0
1231.0 3970.0 1259.0 3960.0 1265.0 3976.0 1236.0 3983.0 small-vehicle 1
842.0 1852.0 857.0 1847.0 864.0 1875.0 850.0 1876.0 small-vehicle 0
709.0 1872.0 722.0 1867.0 727.0 1889.0 717.0 1893.0 small-vehicle 0
6836.0 1401.0 6829.0 1383.0 6880.0 1371.0 6885.0 1389.0 container-crane 0
3845.0 1158.0 3908.0 1158.0 3908.0 1199.0 3845.0 1199.0 storage-tank 0
1914.0 4894.0 1978.0 4894.0 1978.0 4957.0 1914.0 4957.0 storage-tank 0
1888.0 4827.0 1964.0 4827.0 1964.0 4884.0 1888.0 4884.0 storage-tank 0
1799.0 4846.0 1882.0 4846.0 1882.0 4910.0 1799.0 4910.0 storage-tank 0
1867.0 4754.0 1934.0 4754.0 1934.0 4817.0 1867.0 4817.0 storage-tank 0
1772.0 4777.0 1861.0 4777.0 1861.0 4841.0 1772.0 4841.0 storage-tank 0
1655.0 4571.0 1765.0 4571.0 1765.0 4655.0 1655.0 4655.0 storage-tank 0
1767.0 4532.0 1878.0 4532.0 1878.0 4618.0 1767.0 4618.0 storage-tank 0
1814.0 4487.0 1865.0 4487.0 1865.0 4522.0 1814.0 4522.0 storage-tank 0
1742.0 4449.0 1823.0 4449.0 1823.0 4518.0 1742.0 4518.0 storage-tank 0
1619.0 4474.0 1731.0 4474.0 1731.0 4562.0 1619.0 4562.0 storage-tank 0
1589.0 4373.0 1700.0 4373.0 1700.0 4464.0 1589.0 4464.0 storage-tank 0
1715.0 4379.0 1799.0 4379.0 1799.0 4445.0 1715.0 4445.0 storage-tank 0
1702.0 4310.0 1774.0 4310.0 1774.0 4372.0 1702.0 4372.0 storage-tank 0
1619.0 4300.0 1694.0 4300.0 1694.0 4363.0 1619.0 4363.0 storage-tank 0
2155.0 918.0 2193.0 918.0 2193.0 957.0 2155.0 957.0 storage-tank 0
2068.0 660.0 2104.0 660.0 2104.0 698.0 2068.0 698.0 storage-tank 0
2278.0 493.0 2325.0 493.0 2325.0 539.0 2278.0 539.0 storage-tank 0
4333.0 1801.0 4543.0 1801.0 4543.0 2005.0 4333.0 2005.0 storage-tank 0
4704.0 1866.0 4880.0 1866.0 4880.0 2016.0 4704.0 2016.0 storage-tank 0
4648.0 1719.0 4816.0 1719.0 4816.0 1872.0 4648.0 1872.0 storage-tank 0
4592.0 1577.0 4765.0 1577.0 4765.0 1727.0 4592.0 1727.0 storage-tank 0
4552.0 1432.0 4718.0 1432.0 4718.0 1580.0 4552.0 1580.0 storage-tank 0
4505.0 1298.0 4670.0 1298.0 4670.0 1438.0 4505.0 1438.0 storage-tank 0
4445.0 1140.0 4613.0 1140.0 4613.0 1295.0 4445.0 1295.0 storage-tank 0
4336.0 840.0 4508.0 840.0 4508.0 983.0 4336.0 983.0 storage-tank 0
4286.0 691.0 4458.0 691.0 4458.0 840.0 4286.0 840.0 storage-tank 0
4241.0 547.0 4410.0 547.0 4410.0 686.0 4241.0 686.0 storage-tank 0
4192.0 405.0 4364.0 405.0 4364.0 550.0 4192.0 550.0 storage-tank 0
4131.0 252.0 4302.0 252.0 4302.0 397.0 4131.0 397.0 storage-tank 0
1818.0 4920.0 1907.0 4920.0 1907.0 4983.0 1818.0 4983.0 storage-tank 0
1848.0 4986.0 1931.0 4986.0 1931.0 5052.0 1848.0 5052.0 storage-tank 0
1934.0 4967.0 2007.0 4967.0 2007.0 5026.0 1934.0 5026.0 storage-tank 0
979.0 2556.0 1345.0 2556.0 1345.0 2894.0 979.0 2894.0 storage-tank 0
1985.0 1317.0 2316.0 1317.0 2316.0 1619.0 1985.0 1619.0 storage-tank 0
2295.0 1190.0 2640.0 1190.0 2640.0 1521.0 2295.0 1521.0 storage-tank 0
2703.0 1056.0 3070.0 1056.0 3070.0 1366.0 2703.0 1366.0 storage-tank 0
3140.0 930.0 3485.0 930.0 3485.0 1218.0 3140.0 1218.0 storage-tank 0
3450.0 810.0 3802.0 810.0 3802.0 1120.0 3450.0 1120.0 storage-tank 0
1049.0 1950.0 1380.0 1950.0 1380.0 2267.0 1049.0 2267.0 storage-tank 0
1486.0 1767.0 1831.0 1767.0 1831.0 2119.0 1486.0 2119.0 storage-tank 0
1810.0 1683.0 2169.0 1683.0 2169.0 2014.0 1810.0 2014.0 storage-tank 0
2253.0 1556.0 2570.0 1556.0 2570.0 1852.0 2253.0 1852.0 storage-tank 0
2647.0 1394.0 2992.0 1394.0 2992.0 1718.0 2647.0 1718.0 storage-tank 0
2978.0 1289.0 3323.0 1289.0 3323.0 1619.0 2978.0 1619.0 storage-tank 0
3407.0 1162.0 3745.0 1162.0 3745.0 1451.0 3407.0 1451.0 storage-tank 0
859.0 2239.0 1218.0 2239.0 1218.0 2563.0 859.0 2563.0 storage-tank 0
1914.0 314.0 2042.0 314.0 2042.0 418.0 1914.0 418.0 storage-tank 0
1947.0 5032.0 2031.0 5032.0 2031.0 5099.0 1947.0 5099.0 storage-tank 0
1364.0 489.0 1440.0 489.0 1440.0 549.0 1364.0 549.0 storage-tank 0
1392.0 549.0 1462.0 549.0 1462.0 613.0 1392.0 613.0 storage-tank 0
1214.0 549.0 1324.0 549.0 1324.0 649.0 1214.0 649.0 storage-tank 0
1112.0 651.0 1178.0 651.0 1178.0 711.0 1112.0 711.0 storage-tank 0
935.0 2087.0 973.0 2087.0 973.0 2119.0 935.0 2119.0 storage-tank 0
886.0 2169.0 928.0 2169.0 928.0 2204.0 886.0 2204.0 storage-tank 0
172.0 5080.0 270.0 5080.0 270.0 5162.0 172.0 5162.0 storage-tank 0
345.0 5487.0 420.0 5487.0 420.0 5545.0 345.0 5545.0 storage-tank 0
1883.0 5430.0 2010.0 5430.0 2010.0 5522.0 1883.0 5522.0 storage-tank 0
2038.0 5423.0 2177.0 5423.0 2177.0 5522.0 2038.0 5522.0 storage-tank 0
1893.0 5129.0 1979.0 5129.0 1979.0 5190.0 1893.0 5190.0 storage-tank 0
1970.0 5103.0 2053.0 5103.0 2053.0 5167.0 1970.0 5167.0 storage-tank 0
1864.0 5054.0 1957.0 5054.0 1957.0 5122.0 1864.0 5122.0 storage-tank 0
4091.0 106.0 4253.0 106.0 4253.0 252.0 4091.0 252.0 storage-tank 0
4482.0 5243.0 4535.0 5243.0 4535.0 5288.0 4482.0 5288.0 storage-tank 0
818.0 1861.0 830.0 1856.0 838.0 1880.0 825.0 1882.0 small-vehicle 0
4532.0 5230.0 4587.0 5230.0 4587.0 5273.0 4532.0 5273.0 storage-tank 0
560.0 3688.0 582.0 3681.0 612.0 3767.0 594.0 3769.0 large-vehicle 0
479.0 3639.0 462.0 3644.0 423.0 3534.0 440.0 3527.0 large-vehicle 0
423.0 3474.0 404.0 3477.0 387.0 3424.0 406.0 3419.0 large-vehicle 0
364.0 3304.0 346.0 3309.0 318.0 3232.0 343.0 3225.0 large-vehicle 0
424.0 3284.0 442.0 3276.0 465.0 3348.0 448.0 3352.0 large-vehicle 0
305.0 3135.0 287.0 3142.0 266.0 3081.0 285.0 3073.0 large-vehicle 0
325.0 2996.0 342.0 2990.0 374.0 3076.0 355.0 3082.0 large-vehicle 0
719.0 2159.0 734.0 2155.0 740.0 2183.0 723.0 2185.0 small-vehicle 0
726.0 2114.0 739.0 2111.0 746.0 2142.0 732.0 2143.0 small-vehicle 0
738.0 2110.0 750.0 2108.0 757.0 2135.0 747.0 2140.0 small-vehicle 0
752.0 1886.0 766.0 1880.0 773.0 1904.0 759.0 1907.0 small-vehicle 0
830.0 1752.0 846.0 1745.0 854.0 1769.0 838.0 1773.0 small-vehicle 0
705.0 1708.0 719.0 1705.0 727.0 1734.0 712.0 1735.0 small-vehicle 0
884.0 1757.0 898.0 1754.0 905.0 1780.0 890.0 1782.0 small-vehicle 0
749.0 1803.0 762.0 1799.0 768.0 1826.0 757.0 1829.0 small-vehicle 0
757.0 1750.0 744.0 1754.0 734.0 1731.0 749.0 1723.0 small-vehicle 0
739.0 1729.0 727.0 1731.0 718.0 1706.0 733.0 1700.0 small-vehicle 0
797.0 1840.0 813.0 1835.0 819.0 1860.0 805.0 1863.0 small-vehicle 0
809.0 1865.0 796.0 1871.0 786.0 1843.0 799.0 1839.0 small-vehicle 0
745.0 1862.0 757.0 1859.0 765.0 1880.0 752.0 1884.0 small-vehicle 0
910.0 1725.0 925.0 1721.0 933.0 1744.0 917.0 1746.0 small-vehicle 0
905.0 1749.0 918.0 1745.0 925.0 1772.0 914.0 1774.0 small-vehicle 0
764.0 1772.0 777.0 1767.0 784.0 1794.0 772.0 1796.0 small-vehicle 0
820.0 1831.0 833.0 1827.0 843.0 1854.0 832.0 1856.0 small-vehicle 0
834.0 1831.0 844.0 1826.0 854.0 1846.0 840.0 1851.0 small-vehicle 0
727.0 1783.0 743.0 1778.0 753.0 1805.0 737.0 1810.0 small-vehicle 0
759.0 1801.0 772.0 1795.0 783.0 1821.0 767.0 1823.0 small-vehicle 0
727.0 1812.0 739.0 1807.0 749.0 1831.0 734.0 1835.0 small-vehicle 0
854.0 1820.0 866.0 1816.0 875.0 1840.0 863.0 1842.0 small-vehicle 0
559.0 3869.0 542.0 3874.0 500.0 3755.0 519.0 3749.0 large-vehicle 0
784.0 4520.0 766.0 4525.0 739.0 4450.0 757.0 4440.0 large-vehicle 0
869.0 4774.0 849.0 4776.0 823.0 4704.0 843.0 4694.0 large-vehicle 0
46.0 729.0 64.0 729.0 57.0 809.0 37.0 808.0 large-vehicle 0
4585.0 5213.0 4637.0 5213.0 4637.0 5259.0 4585.0 5259.0 storage-tank 0
4633.0 5190.0 4697.0 5190.0 4697.0 5247.0 4633.0 5247.0 storage-tank 0
4698.0 5174.0 4758.0 5174.0 4758.0 5227.0 4698.0 5227.0 storage-tank 0
4751.0 5147.0 4825.0 5147.0 4825.0 5213.0 4751.0 5213.0 storage-tank 0
4825.0 5159.0 4891.0 5159.0 4891.0 5218.0 4825.0 5218.0 storage-tank 0
4891.0 5149.0 4960.0 5149.0 4960.0 5208.0 4891.0 5208.0 storage-tank 0
4873.0 5210.0 4946.0 5210.0 4946.0 5273.0 4873.0 5273.0 storage-tank 0
4784.0 5268.0 4867.0 5268.0 4867.0 5335.0 4784.0 5335.0 storage-tank 0
4871.0 5283.0 4928.0 5283.0 4928.0 5342.0 4871.0 5342.0 storage-tank 0
4726.0 5264.0 4784.0 5264.0 4784.0 5322.0 4726.0 5322.0 storage-tank 0
4666.0 5285.0 4725.0 5285.0 4725.0 5329.0 4666.0 5329.0 storage-tank 0
175.0 134.0 196.0 137.0 179.0 196.0 162.0 192.0 large-vehicle 0
133.0 286.0 154.0 286.0 129.0 399.0 108.0 396.0 large-vehicle 0
138.0 215.0 150.0 216.0 147.0 245.0 133.0 245.0 small-vehicle 0
962.0 4975.0 942.0 4978.0 914.0 4904.0 935.0 4897.0 large-vehicle 0
109.0 152.0 125.0 152.0 116.0 179.0 104.0 175.0 small-vehicle 0
84.0 180.0 96.0 179.0 90.0 205.0 79.0 204.0 small-vehicle 0
78.0 252.0 65.0 248.0 70.0 224.0 88.0 226.0 small-vehicle 0
72.0 289.0 56.0 287.0 58.0 266.0 75.0 265.0 small-vehicle 0
40.0 422.0 19.0 417.0 44.0 320.0 62.0 322.0 large-vehicle 0
26.0 491.0 12.0 489.0 15.0 457.0 30.0 457.0 small-vehicle 0
44.0 482.0 29.0 480.0 34.0 457.0 48.0 457.0 small-vehicle 0
38.0 1834.0 55.0 1830.0 68.0 1904.0 50.0 1908.0 large-vehicle 0
94.0 2463.0 76.0 2465.0 60.0 2399.0 78.0 2393.0 large-vehicle 0
166.0 2715.0 148.0 2722.0 123.0 2637.0 143.0 2632.0 large-vehicle 0
847.0 5374.0 828.0 5379.0 806.0 5297.0 826.0 5290.0 large-vehicle 0
748.0 5043.0 729.0 5048.0 713.0 5004.0 732.0 4993.0 large-vehicle 0
957.0 5019.0 935.0 5023.0 908.0 4947.0 928.0 4939.0 large-vehicle 0
2885.0 3695.0 3252.0 3652.0 3258.0 3715.0 2886.0 3759.0 ship 0
4557.0 202.0 4589.0 190.0 4680.0 457.0 4648.0 462.0 ship 1
4574.0 2354.0 4583.0 2368.0 4556.0 2384.0 4547.0 2369.0 small-vehicle 0
236.0 2975.0 248.0 2974.0 253.0 2998.0 240.0 3001.0 small-vehicle 1
714.0 1739.0 725.0 1735.0 732.0 1757.0 720.0 1760.0 small-vehicle 1
728.0 1733.0 735.0 1730.0 740.0 1752.0 732.0 1753.0 small-vehicle 1
778.0 1771.0 785.0 1768.0 790.0 1787.0 782.0 1790.0 small-vehicle 1
786.0 1767.0 796.0 1763.0 802.0 1786.0 792.0 1789.0 small-vehicle 1
799.0 1763.0 808.0 1760.0 813.0 1779.0 803.0 1782.0 small-vehicle 1
945.0 1792.0 954.0 1787.0 963.0 1805.0 953.0 1809.0 small-vehicle 1
945.0 1709.0 955.0 1707.0 960.0 1729.0 950.0 1730.0 small-vehicle 1
1025.0 1842.0 1038.0 1839.0 1040.0 1862.0 1029.0 1863.0 small-vehicle 1
913.0 1803.0 922.0 1799.0 930.0 1821.0 920.0 1825.0 small-vehicle 1
921.0 1745.0 930.0 1743.0 937.0 1766.0 926.0 1769.0 small-vehicle 1
782.0 1846.0 788.0 1845.0 793.0 1866.0 787.0 1867.0 small-vehicle 1
685.0 1957.0 700.0 1954.0 703.0 1976.0 690.0 1980.0 small-vehicle 1
724.0 1947.0 736.0 1946.0 742.0 1968.0 728.0 1968.0 small-vehicle 1
742.0 1939.0 755.0 1935.0 760.0 1958.0 750.0 1959.0 small-vehicle 1
812.0 1916.0 822.0 1913.0 830.0 1933.0 818.0 1937.0 small-vehicle 1
848.0 1905.0 857.0 1902.0 865.0 1926.0 855.0 1930.0 small-vehicle 1
879.0 1893.0 892.0 1888.0 897.0 1913.0 885.0 1916.0 small-vehicle 1
878.0 1736.0 889.0 1733.0 892.0 1750.0 880.0 1755.0 small-vehicle 0
840.0 1776.0 850.0 1772.0 856.0 1791.0 848.0 1796.0 small-vehicle 0
790.0 1733.0 778.0 1737.0 772.0 1716.0 784.0 1710.0 small-vehicle 0
794.0 1790.0 805.0 1786.0 811.0 1807.0 802.0 1810.0 small-vehicle 0
832.0 1995.0 840.0 1999.0 829.0 2021.0 821.0 2017.0 small-vehicle 0
661.0 2079.0 672.0 2077.0 670.0 2097.0 662.0 2098.0 small-vehicle 0
770.0 2091.0 780.0 2089.0 779.0 2108.0 771.0 2109.0 small-vehicle 0
715.0 2128.0 724.0 2124.0 726.0 2144.0 719.0 2145.0 small-vehicle 1
758.0 2093.0 766.0 2091.0 770.0 2111.0 761.0 2114.0 small-vehicle 1
49.0 2239.0 61.0 2235.0 65.0 2256.0 53.0 2258.0 small-vehicle 1
163.0 2690.0 174.0 2686.0 179.0 2710.0 169.0 2713.0 small-vehicle 1
185.0 2760.0 193.0 2756.0 199.0 2778.0 189.0 2781.0 small-vehicle 1
744.0 1697.0 750.0 1694.0 758.0 1715.0 750.0 1719.0 small-vehicle 1
734.0 1702.0 743.0 1700.0 745.0 1721.0 735.0 1723.0 small-vehicle 1
732.0 1863.0 740.0 1860.0 747.0 1881.0 739.0 1884.0 small-vehicle 1
2263.0 3832.0 2272.0 3867.0 2067.0 3932.0 2059.0 3896.0 ship 0
4201.0 5023.0 4236.0 5014.0 4309.0 5226.0 4278.0 5236.0 harbor 0
4611.0 4912.0 4634.0 4904.0 4695.0 5091.0 4675.0 5097.0 harbor 0
3877.0 5221.0 3894.0 5213.0 3947.0 5357.0 3926.0 5363.0 harbor 0
4666.0 809.0 4680.0 804.0 4690.0 836.0 4675.0 838.0 small-vehicle 0
4643.0 756.0 4654.0 751.0 4664.0 778.0 4651.0 780.0 small-vehicle 0
4651.0 779.0 4664.0 776.0 4672.0 801.0 4658.0 803.0 small-vehicle 0
4695.0 875.0 4686.0 878.0 4675.0 855.0 4685.0 850.0 small-vehicle 1
1843.0 4296.0 2383.0 4107.0 2400.0 4143.0 1852.0 4327.0 harbor 0
1958.0 4619.0 3867.0 3970.0 3913.0 4100.0 2002.0 4754.0 harbor 0
1722.0 3966.0 2215.0 3807.0 2222.0 3833.0 1731.0 4002.0 harbor 0
908.0 4897.0 895.0 4900.0 884.0 4870.0 897.0 4866.0 small-vehicle 0
900.0 4805.0 887.0 4810.0 879.0 4786.0 891.0 4781.0 small-vehicle 0
1848.0 4025.0 1903.0 4007.0 1959.0 4154.0 1897.0 4171.0 ship 0
2543.0 141.0 2646.0 141.0 2646.0 240.0 2543.0 240.0 storage-tank 0
742.0 1891.0 750.0 1887.0 758.0 1906.0 749.0 1907.0 small-vehicle 1
31.0 735.0 39.0 735.0 35.0 757.0 26.0 757.0 small-vehicle 1
1059.0 1273.0 1056.0 1262.0 1079.0 1253.0 1080.0 1262.0 small-vehicle 1
427.0 1558.0 436.0 1559.0 431.0 1581.0 423.0 1580.0 small-vehicle 1
759.0 1723.0 767.0 1717.0 776.0 1738.0 767.0 1742.0 small-vehicle 1
696.0 1741.0 705.0 1741.0 702.0 1762.0 693.0 1761.0 small-vehicle 1
752.0 1776.0 761.0 1772.0 769.0 1795.0 763.0 1798.0 small-vehicle 1
830.0 1778.0 838.0 1775.0 842.0 1794.0 836.0 1798.0 small-vehicle 1
855.0 1767.0 862.0 1764.0 869.0 1785.0 861.0 1789.0 small-vehicle 1
923.0 1723.0 930.0 1719.0 941.0 1738.0 933.0 1741.0 small-vehicle 1
903.0 1808.0 911.0 1805.0 915.0 1825.0 909.0 1826.0 small-vehicle 1
889.0 1813.0 896.0 1809.0 907.0 1831.0 898.0 1835.0 small-vehicle 1
869.0 1818.0 876.0 1816.0 882.0 1835.0 876.0 1836.0 small-vehicle 1
806.0 1864.0 816.0 1862.0 822.0 1879.0 814.0 1883.0 small-vehicle 1
240.0 2923.0 252.0 2918.0 259.0 2946.0 250.0 2948.0 small-vehicle 1
269.0 3012.0 278.0 3008.0 284.0 3031.0 275.0 3033.0 small-vehicle 1
4520.0 2193.0 4527.0 2208.0 4502.0 2218.0 4494.0 2204.0 small-vehicle 0
323.0 3039.0 335.0 3034.0 342.0 3062.0 328.0 3063.0 small-vehicle 1
1330.0 3079.0 1324.0 3087.0 1307.0 3069.0 1317.0 3060.0 small-vehicle 1
1350.0 3068.0 1346.0 3076.0 1326.0 3063.0 1333.0 3053.0 small-vehicle 1
1465.0 3032.0 1473.0 3034.0 1461.0 3057.0 1454.0 3054.0 small-vehicle 1
1373.0 1798.0 1375.0 1788.0 1396.0 1792.0 1395.0 1802.0 small-vehicle 1
1925.0 1177.0 1931.0 1185.0 1906.0 1198.0 1902.0 1192.0 small-vehicle 1
3514.0 2161.0 3509.0 2148.0 3531.0 2143.0 3534.0 2153.0 small-vehicle 1
1494.0 4486.0 1488.0 4475.0 1512.0 4465.0 1517.0 4477.0 small-vehicle 0
5086.0 4965.0 5105.0 4977.0 5029.0 5064.0 5012.0 5052.0 harbor 0
4984.0 955.0 5077.0 919.0 5233.0 1340.0 5138.0 1371.0 ship 0
3392.0 2948.0 3367.0 2883.0 3531.0 2835.0 3545.0 2893.0 ship 0
4035.0 2744.0 4001.0 2668.0 4144.0 2620.0 4170.0 2696.0 ship 0
3501.0 5292.0 3513.0 5287.0 3575.0 5467.0 3563.0 5474.0 harbor 0
4905.0 2455.0 4965.0 2430.0 5011.0 2570.0 4947.0 2589.0 container-crane 0
4351.0 2626.0 4388.0 2609.0 4427.0 2710.0 4392.0 2727.0 container-crane 0
6128.0 1016.0 6185.0 1036.0 6139.0 1186.0 6077.0 1156.0 container-crane 0
5850.0 264.0 5925.0 245.0 6000.0 473.0 5928.0 499.0 ship 0
5881.0 296.0 5918.0 272.0 6015.0 388.0 5985.0 417.0 container-crane 0
6181.0 518.0 6200.0 504.0 6240.0 556.0 6225.0 568.0 container-crane 0
6086.0 634.0 6134.0 632.0 6146.0 719.0 6094.0 722.0 container-crane 0
6474.0 565.0 6475.0 542.0 6539.0 554.0 6536.0 576.0 container-crane 0
6518.0 292.0 6545.0 292.0 6551.0 361.0 6523.0 363.0 container-crane 0
6766.0 789.0 6797.0 780.0 6817.0 859.0 6792.0 868.0 container-crane 0
6277.0 979.0 6307.0 966.0 6344.0 1025.0 6313.0 1040.0 container-crane 0
6505.0 1068.0 6541.0 1062.0 6558.0 1118.0 6522.0 1127.0 container-crane 0
6696.0 1051.0 6716.0 1046.0 6732.0 1096.0 6713.0 1103.0 container-crane 0
6793.0 422.0 6823.0 422.0 6814.0 495.0 6780.0 492.0 container-crane 0
6468.0 1226.0 6506.0 1206.0 6553.0 1278.0 6524.0 1303.0 container-crane 0
6727.0 1254.0 6762.0 1261.0 6737.0 1319.0 6708.0 1309.0 container-crane 0
6674.0 1388.0 6703.0 1388.0 6699.0 1452.0 6671.0 1451.0 container-crane 0
1233.0 3178.0 1236.0 3186.0 1218.0 3197.0 1214.0 3190.0 small-vehicle 1
1143.0 4320.0 1130.0 4326.0 1119.0 4301.0 1130.0 4295.0 small-vehicle 1
1319.0 4366.0 1311.0 4367.0 1307.0 4346.0 1315.0 4345.0 small-vehicle 1
718.0 4285.0 710.0 4285.0 700.0 4260.0 710.0 4256.0 small-vehicle 1
329.0 3166.0 322.0 3169.0 312.0 3147.0 323.0 3143.0 small-vehicle 0
799.0 3052.0 794.0 3041.0 823.0 3034.0 828.0 3044.0 small-vehicle 0
316.0 3115.0 307.0 3115.0 300.0 3097.0 310.0 3091.0 small-vehicle 0
428.0 3438.0 420.0 3442.0 413.0 3422.0 423.0 3419.0 small-vehicle 0
856.0 3575.0 867.0 3570.0 872.0 3597.0 861.0 3599.0 small-vehicle 0
475.0 3580.0 466.0 3584.0 459.0 3563.0 468.0 3560.0 small-vehicle 0
555.0 3810.0 546.0 3812.0 538.0 3794.0 549.0 3790.0 small-vehicle 0
598.0 3967.0 608.0 3964.0 612.0 3987.0 603.0 3990.0 small-vehicle 0
214.0 4277.0 226.0 4273.0 232.0 4300.0 223.0 4304.0 small-vehicle 0
228.0 4275.0 239.0 4272.0 245.0 4299.0 235.0 4299.0 small-vehicle 0
622.0 4093.0 632.0 4090.0 636.0 4113.0 626.0 4116.0 small-vehicle 1
727.0 4141.0 738.0 4136.0 744.0 4163.0 732.0 4166.0 small-vehicle 1
675.0 4185.0 685.0 4183.0 689.0 4205.0 680.0 4208.0 small-vehicle 1
723.0 4332.0 732.0 4327.0 740.0 4347.0 730.0 4353.0 small-vehicle 1
1380.0 4142.0 1373.0 4145.0 1366.0 4122.0 1372.0 4118.0 small-vehicle 1
769.0 4425.0 761.0 4429.0 752.0 4403.0 759.0 4400.0 small-vehicle 1
514.0 4371.0 501.0 4376.0 490.0 4346.0 501.0 4341.0 small-vehicle 1
619.0 4677.0 607.0 4678.0 594.0 4651.0 608.0 4647.0 small-vehicle 1
839.0 4660.0 830.0 4663.0 823.0 4643.0 831.0 4638.0 small-vehicle 1
914.0 4701.0 922.0 4698.0 930.0 4721.0 922.0 4723.0 small-vehicle 0
789.0 4487.0 780.0 4488.0 772.0 4463.0 779.0 4461.0 small-vehicle 0
827.0 4597.0 818.0 4601.0 809.0 4577.0 815.0 4573.0 small-vehicle 0
862.0 4711.0 855.0 4712.0 850.0 4688.0 857.0 4686.0 small-vehicle 0
716.0 4959.0 706.0 4962.0 698.0 4941.0 706.0 4936.0 small-vehicle 0
1827.0 4682.0 1832.0 4691.0 1814.0 4696.0 1810.0 4687.0 small-vehicle 0
1417.0 4420.0 1412.0 4413.0 1430.0 4406.0 1433.0 4414.0 small-vehicle 0
1366.0 4145.0 1356.0 4149.0 1347.0 4125.0 1357.0 4120.0 small-vehicle 0
1398.0 4140.0 1387.0 4142.0 1376.0 4110.0 1387.0 4107.0 small-vehicle 0
790.0 3457.0 778.0 3462.0 765.0 3432.0 778.0 3424.0 small-vehicle 0
379.0 3290.0 366.0 3297.0 355.0 3265.0 369.0 3257.0 small-vehicle 0
66.0 2342.0 48.0 2347.0 43.0 2321.0 56.0 2318.0 small-vehicle 1
95.0 2392.0 79.0 2394.0 75.0 2365.0 89.0 2362.0 small-vehicle 0
4406.0 2277.0 4432.0 2271.0 4435.0 2284.0 4409.0 2291.0 small-vehicle 0
4411.0 2290.0 4435.0 2280.0 4439.0 2293.0 4415.0 2303.0 small-vehicle 1
4436.0 2293.0 4443.0 2309.0 4420.0 2317.0 4413.0 2304.0 small-vehicle 1
4417.0 2234.0 4443.0 2229.0 4447.0 2240.0 4420.0 2248.0 small-vehicle 1
4424.0 2247.0 4449.0 2240.0 4450.0 2252.0 4427.0 2259.0 small-vehicle 1
4426.0 2257.0 4451.0 2251.0 4452.0 2264.0 4430.0 2269.0 small-vehicle 1
4430.0 2268.0 4454.0 2265.0 4455.0 2274.0 4434.0 2277.0 small-vehicle 1
4439.0 2293.0 4459.0 2286.0 4463.0 2297.0 4442.0 2305.0 small-vehicle 1
4443.0 2302.0 4464.0 2298.0 4468.0 2310.0 4444.0 2314.0 small-vehicle 1
3840.0 3743.0 3875.0 3785.0 3810.0 3839.0 3769.0 3795.0 ship 0
3651.0 3367.0 3677.0 3420.0 3318.0 3563.0 3297.0 3503.0 ship 0
3669.0 3420.0 3691.0 3473.0 3342.0 3611.0 3318.0 3555.0 ship 0
3699.0 3467.0 3721.0 3521.0 3375.0 3668.0 3348.0 3612.0 ship 0
4193.0 3020.0 4209.0 3083.0 3836.0 3150.0 3823.0 3090.0 ship 0
4171.0 3080.0 4185.0 3141.0 3815.0 3208.0 3803.0 3150.0 ship 0
4163.0 3139.0 4172.0 3197.0 3805.0 3267.0 3791.0 3202.0 ship 0
3785.0 4134.0 3813.0 4218.0 3277.0 4395.0 3241.0 4316.0 ship 0
4249.0 4320.0 4269.0 4357.0 3950.0 4497.0 3921.0 4453.0 ship 0
3730.0 3873.0 3786.0 4018.0 2855.0 4329.0 2815.0 4147.0 ship 0
3769.0 5174.0 3728.0 5184.0 3628.0 4909.0 3669.0 4894.0 ship 0
3824.0 5193.0 3780.0 5204.0 3626.0 4790.0 3676.0 4775.0 ship 0
3886.0 5229.0 3839.0 5237.0 3696.0 4843.0 3742.0 4827.0 ship 0
3973.0 5262.0 3912.0 5281.0 3727.0 4785.0 3793.0 4764.0 ship 0
4011.0 5213.0 3955.0 5227.0 3812.0 4816.0 3864.0 4799.0 ship 0
4011.0 5117.0 3980.0 5125.0 3871.0 4822.0 3901.0 4810.0 ship 0
4320.0 5052.0 4279.0 5067.0 4098.0 4683.0 4146.0 4665.0 ship 1
5022.0 4709.0 5044.0 4769.0 4419.0 4978.0 4398.0 4921.0 ship 0
4907.0 4690.0 4922.0 4742.0 4544.0 4876.0 4522.0 4827.0 ship 0
4897.0 4630.0 4918.0 4689.0 4416.0 4864.0 4386.0 4800.0 ship 0
4402.0 2269.0 4428.0 2258.0 4431.0 2271.0 4407.0 2277.0 small-vehicle 1
4399.0 2256.0 4423.0 2250.0 4424.0 2264.0 4400.0 2269.0 small-vehicle 1
4417.0 2240.0 4423.0 2251.0 4398.0 2259.0 4392.0 2248.0 small-vehicle 0
4266.0 2131.0 4259.0 2121.0 4291.0 2109.0 4295.0 2124.0 small-vehicle 0
4530.0 2208.0 4534.0 2222.0 4509.0 2227.0 4506.0 2214.0 small-vehicle 0
4480.0 2167.0 4485.0 2179.0 4466.0 2188.0 4460.0 2174.0 small-vehicle 0
4476.0 2155.0 4482.0 2169.0 4459.0 2175.0 4453.0 2163.0 small-vehicle 1
4473.0 2143.0 4479.0 2157.0 4457.0 2165.0 4452.0 2148.0 small-vehicle 0
4463.0 2119.0 4468.0 2131.0 4449.0 2140.0 4444.0 2128.0 small-vehicle 0
4463.0 2108.0 4467.0 2120.0 4443.0 2126.0 4436.0 2115.0 small-vehicle 0
4458.0 2094.0 4460.0 2105.0 4440.0 2112.0 4434.0 2102.0 small-vehicle 0
4686.0 2496.0 4672.0 2500.0 4659.0 2474.0 4676.0 2469.0 small-vehicle 0
4695.0 2487.0 4684.0 2490.0 4676.0 2464.0 4688.0 2461.0 small-vehicle 0
4728.0 2480.0 4713.0 2484.0 4704.0 2457.0 4717.0 2453.0 small-vehicle 0
4740.0 2477.0 4726.0 2478.0 4719.0 2455.0 4731.0 2452.0 small-vehicle 0
4752.0 2473.0 4739.0 2476.0 4732.0 2451.0 4746.0 2445.0 small-vehicle 0
4766.0 2467.0 4754.0 2471.0 4746.0 2445.0 4758.0 2440.0 small-vehicle 0
4270.0 2142.0 4265.0 2131.0 4288.0 2125.0 4292.0 2135.0 small-vehicle 0
4337.0 2333.0 4360.0 2326.0 4364.0 2339.0 4340.0 2347.0 small-vehicle 1
4276.0 2152.0 4273.0 2142.0 4295.0 2134.0 4300.0 2146.0 small-vehicle 1
4279.0 2161.0 4305.0 2155.0 4308.0 2168.0 4283.0 2177.0 small-vehicle 0
4283.0 2174.0 4309.0 2170.0 4313.0 2181.0 4284.0 2188.0 small-vehicle 0
4287.0 2185.0 4312.0 2179.0 4315.0 2190.0 4289.0 2198.0 small-vehicle 1
4290.0 2195.0 4315.0 2187.0 4320.0 2201.0 4292.0 2210.0 small-vehicle 1
4296.0 2208.0 4319.0 2201.0 4324.0 2211.0 4297.0 2221.0 small-vehicle 1
4298.0 2221.0 4323.0 2211.0 4326.0 2225.0 4302.0 2232.0 small-vehicle 1
4308.0 2240.0 4331.0 2231.0 4336.0 2247.0 4311.0 2254.0 small-vehicle 1
4312.0 2254.0 4338.0 2249.0 4339.0 2259.0 4314.0 2263.0 small-vehicle 1
4316.0 2280.0 4338.0 2268.0 4345.0 2280.0 4320.0 2289.0 small-vehicle 1
4326.0 2287.0 4348.0 2279.0 4350.0 2291.0 4326.0 2299.0 small-vehicle 1
4327.0 2299.0 4350.0 2291.0 4355.0 2302.0 4330.0 2310.0 small-vehicle 0
4330.0 2311.0 4355.0 2303.0 4358.0 2316.0 4333.0 2323.0 small-vehicle 1
4532.0 4834.0 4545.0 4865.0 4401.0 4917.0 4388.0 4878.0 ship 0
5090.0 4968.0 5073.0 4987.0 5017.0 4934.0 5037.0 4915.0 ship 0
5076.0 4983.0 5054.0 4997.0 5001.0 4944.0 5023.0 4928.0 ship 0
6859.0 5283.0 7032.0 5283.0 7032.0 5428.0 6859.0 5428.0 storage-tank 0
6049.0 4209.0 6113.0 4219.0 6020.0 4639.0 5959.0 4627.0 ship 0
6108.0 4192.0 6202.0 4201.0 6101.0 4695.0 6011.0 4681.0 ship 0
5186.0 5354.0 5262.0 5373.0 5219.0 5487.0 5144.0 5466.0 ship 0
6358.0 4967.0 6464.0 4967.0 6464.0 5048.0 6358.0 5048.0 storage-tank 0
6483.0 4987.0 6580.0 4987.0 6580.0 5076.0 6483.0 5076.0 storage-tank 0
6330.0 5090.0 6438.0 5090.0 6438.0 5172.0 6330.0 5172.0 storage-tank 0
6453.0 5113.0 6555.0 5113.0 6555.0 5197.0 6453.0 5197.0 storage-tank 0
6324.0 5230.0 6426.0 5230.0 6426.0 5308.0 6324.0 5308.0 storage-tank 0
6437.0 5250.0 6536.0 5250.0 6536.0 5332.0 6437.0 5332.0 storage-tank 0
6305.0 5343.0 6402.0 5343.0 6402.0 5417.0 6305.0 5417.0 storage-tank 0
6409.0 5362.0 6513.0 5362.0 6513.0 5438.0 6409.0 5438.0 storage-tank 0
6700.0 5017.0 6873.0 5017.0 6873.0 5177.0 6700.0 5177.0 storage-tank 0
6651.0 5234.0 6825.0 5234.0 6825.0 5384.0 6651.0 5384.0 storage-tank 0
6898.0 5065.0 7040.0 5065.0 7040.0 5219.0 6898.0 5219.0 storage-tank 1
5905.0 1089.0 5844.0 1111.0 5703.0 768.0 5764.0 740.0 ship 0
6652.0 4496.0 6808.0 4496.0 6808.0 4649.0 6652.0 4649.0 storage-tank 0
6493.0 4270.0 6662.0 4270.0 6662.0 4417.0 6493.0 4417.0 storage-tank 0
6632.0 3609.0 6886.0 3535.0 6900.0 3580.0 6640.0 3650.0 harbor 0
6715.0 2849.0 6700.0 2829.0 6779.0 2786.0 6792.0 2812.0 ship 0
6607.0 1859.0 6665.0 1840.0 6798.0 2189.0 6738.0 2207.0 ship 0
6665.0 1842.0 6716.0 1825.0 6852.0 2182.0 6800.0 2195.0 ship 0
6715.0 1829.0 6768.0 1813.0 6904.0 2159.0 6851.0 2178.0 ship 0
6894.0 1737.0 6954.0 1714.0 7023.0 1953.0 6962.0 1969.0 ship 0
6271.0 1391.0 6315.0 1378.0 6379.0 1571.0 6332.0 1584.0 ship 0
79.0 269.0 92.0 271.0 87.0 295.0 75.0 292.0 small-vehicle 1
67.0 320.0 78.0 320.0 74.0 347.0 62.0 346.0 small-vehicle 1
104.0 336.0 117.0 337.0 116.0 363.0 103.0 361.0 small-vehicle 0
13.0 842.0 28.0 843.0 28.0 872.0 13.0 874.0 small-vehicle 0
6094.0 947.0 6158.0 923.0 6309.0 1352.0 6240.0 1370.0 ship 0
5755.0 754.0 5721.0 768.0 5685.0 689.0 5722.0 673.0 ship 0
5046.0 4867.0 5058.0 4888.0 4987.0 4930.0 4971.0 4903.0 ship 0
4795.0 5053.0 4814.0 5045.0 4819.0 5057.0 4802.0 5064.0 small-vehicle 1
5160.0 4949.0 5188.0 4971.0 5133.0 5034.0 5103.0 5007.0 ship 0
5218.0 4954.0 5195.0 4975.0 5129.0 4913.0 5154.0 4885.0 ship 0
3732.0 5464.0 3745.0 5457.0 3755.0 5487.0 3742.0 5491.0 small-vehicle 1
3716.0 5470.0 3732.0 5465.0 3739.0 5490.0 3726.0 5493.0 small-vehicle 1
4693.0 5128.0 4689.0 5118.0 4714.0 5111.0 4717.0 5123.0 small-vehicle 1
4725.0 5122.0 4718.0 5108.0 4744.0 5100.0 4749.0 5113.0 small-vehicle 0
4752.0 5113.0 4746.0 5099.0 4768.0 5093.0 4770.0 5105.0 small-vehicle 0
4779.0 5101.0 4774.0 5087.0 4803.0 5078.0 4807.0 5092.0 small-vehicle 1
4843.0 5079.0 4855.0 5077.0 4865.0 5102.0 4850.0 5103.0 small-vehicle 1
4811.0 5078.0 4838.0 5070.0 4843.0 5083.0 4817.0 5093.0 small-vehicle 1
4851.0 5039.0 4872.0 5028.0 4878.0 5042.0 4856.0 5050.0 small-vehicle 1
4747.0 5066.0 4767.0 5060.0 4773.0 5070.0 4748.0 5079.0 small-vehicle 1
4770.0 5060.0 4793.0 5056.0 4797.0 5066.0 4774.0 5074.0 small-vehicle 1
4857.0 5076.0 4871.0 5069.0 4881.0 5096.0 4867.0 5098.0 small-vehicle 1
5965.0 579.0 5905.0 593.0 5749.0 147.0 5810.0 125.0 ship 0
4890.0 5025.0 4896.0 5040.0 4877.0 5045.0 4873.0 5032.0 small-vehicle 0
4891.0 5022.0 4911.0 5016.0 4914.0 5029.0 4893.0 5036.0 small-vehicle 1
4882.0 5068.0 4893.0 5064.0 4903.0 5093.0 4892.0 5095.0 small-vehicle 1
4914.0 5087.0 4905.0 5092.0 4894.0 5064.0 4905.0 5061.0 small-vehicle 0
4927.0 5082.0 4914.0 5087.0 4904.0 5059.0 4915.0 5055.0 small-vehicle 0
5120.0 1367.0 4962.0 1399.0 4678.0 556.0 4856.0 510.0 ship 0
5362.0 1516.0 5304.0 1535.0 5121.0 1030.0 5181.0 1016.0 ship 1
5453.0 1638.0 5424.0 1638.0 5406.0 1515.0 5435.0 1510.0 ship 0
5164.0 1962.0 5211.0 1946.0 5341.0 2326.0 5296.0 2338.0 ship 1
5020.0 2514.0 5038.0 2569.0 4673.0 2689.0 4656.0 2635.0 ship 0
5036.0 2565.0 5056.0 2627.0 4694.0 2748.0 4673.0 2684.0 ship 0
5130.0 104.0 5079.0 119.0 5038.0 30.0 5090.0 12.0 ship 0
5922.0 629.0 5865.0 648.0 5682.0 145.0 5740.0 127.0 ship 0
1570.0 1472.0 1887.0 1472.0 1887.0 1760.0 1570.0 1760.0 storage-tank 0
