imagesource:GoogleEarth
gsd:0.134781396932
2522.0 523.0 2537.0 525.0 2532.0 559.0 2518.0 558.0 small-vehicle 1
1786.0 1003.0 1906.0 1019.0 1880.0 1226.0 1762.0 1210.0 basketball-court 0
1966.0 1220.0 2060.0 1230.0 2036.0 1406.0 1947.0 1394.0 tennis-court 0
2006.0 956.0 2091.0 964.0 2074.0 1144.0 1980.0 1132.0 tennis-court 0
2172.0 971.0 2256.0 980.0 2240.0 1159.0 2154.0 1148.0 tennis-court 0
239.0 494.0 862.0 527.0 782.0 1775.0 94.0 1696.0 ground-track-field 0
288.0 674.0 776.0 722.0 714.0 1526.0 214.0 1474.0 soccer-ball-field 0
2007.0 455.0 2259.0 479.0 2255.0 611.0 1996.0 588.0 basketball-court 0
2015.0 319.0 2275.0 343.0 2258.0 471.0 2007.0 442.0 basketball-court 0
1810.0 770.0 1932.0 786.0 1907.0 994.0 1786.0 978.0 basketball-court 0
1638.0 987.0 1766.0 1002.0 1742.0 1202.0 1616.0 1186.0 basketball-court 0
2338.0 991.0 2430.0 1002.0 2414.0 1174.0 2324.0 1167.0 tennis-court 0
1486.0 962.0 1614.0 984.0 1594.0 1183.0 1456.0 1175.0 basketball-court 0
1666.0 751.0 1786.0 767.0 1768.0 983.0 1638.0 968.0 basketball-court 0
1512.0 739.0 1644.0 750.0 1618.0 970.0 1488.0 948.0 basketball-court 0
1540.0 510.0 1670.0 522.0 1644.0 730.0 1516.0 712.0 basketball-court 0
1686.0 518.0 1818.0 535.0 1795.0 744.0 1666.0 735.0 basketball-court 0
1572.0 267.0 1699.0 284.0 1670.0 503.0 1550.0 483.0 basketball-court 0
1838.0 536.0 1959.0 551.0 1939.0 760.0 1810.0 742.0 basketball-court 0
1866.0 300.0 1987.0 311.0 1968.0 531.0 1842.0 518.0 basketball-court 0
2136.0 1239.0 2228.0 1246.0 2214.0 1420.0 2115.0 1408.0 tennis-court 0
2460.0 999.0 2554.0 1010.0 2536.0 1184.0 2442.0 1178.0 tennis-court 0
2500.0 522.0 2515.0 521.0 2512.0 560.0 2497.0 558.0 small-vehicle 1
506.0 131.0 510.0 119.0 538.0 124.0 533.0 138.0 small-vehicle 1
2428.0 515.0 2447.0 515.0 2442.0 552.0 2425.0 549.0 small-vehicle 1
2590.0 385.0 2606.0 387.0 2598.0 421.0 2583.0 418.0 small-vehicle 1
2571.0 381.0 2586.0 384.0 2581.0 420.0 2565.0 419.0 small-vehicle 1
2552.0 378.0 2569.0 378.0 2564.0 418.0 2550.0 417.0 small-vehicle 1
2530.0 382.0 2544.0 382.0 2542.0 417.0 2528.0 418.0 small-vehicle 1
2501.0 377.0 2517.0 377.0 2514.0 418.0 2497.0 415.0 small-vehicle 1
1523.0 286.0 1538.0 284.0 1537.0 321.0 1523.0 320.0 small-vehicle 1
1520.0 421.0 1508.0 417.0 1514.0 384.0 1527.0 386.0 small-vehicle 1
272.0 85.0 273.0 71.0 312.0 77.0 310.0 90.0 small-vehicle 1
2436.0 1270.0 2518.0 1279.0 2499.0 1459.0 2411.0 1450.0 tennis-court 0
684.0 367.0 690.0 353.0 735.0 384.0 723.0 397.0 small-vehicle 0
2462.0 791.0 2556.0 798.0 2547.0 942.0 2454.0 931.0 tennis-court 0
2475.0 619.0 2571.0 632.0 2551.0 778.0 2460.0 767.0 tennis-court 0
2336.0 776.0 2430.0 784.0 2419.0 931.0 2322.0 922.0 tennis-court 0
2296.0 1255.0 2388.0 1264.0 2368.0 1452.0 2276.0 1436.0 tennis-court 0
2020.0 671.0 2119.0 684.0 2099.0 879.0 1998.0 872.0 tennis-court 0
2192.0 686.0 2294.0 691.0 2274.0 898.0 2170.0 888.0 tennis-court 0
2355.0 604.0 2448.0 615.0 2434.0 754.0 2336.0 746.0 tennis-court 0
1716.0 284.0 1856.0 296.0 1828.0 522.0 1684.0 503.0 basketball-court 0
