imagesource:GoogleEarth
gsd:0.139045950413
1578.0 1762.0 1581.0 1776.0 1551.0 1785.0 1546.0 1769.0 small-vehicle 1
148.0 1633.0 162.0 1627.0 172.0 1657.0 159.0 1661.0 small-vehicle 1
722.0 1880.0 730.0 1868.0 761.0 1892.0 756.0 1900.0 small-vehicle 1
616.0 155.0 1207.0 64.0 1394.0 1320.0 794.0 1434.0 ground-track-field 0
449.0 1343.0 542.0 1326.0 575.0 1515.0 478.0 1530.0 tennis-court 0
292.0 1145.0 384.0 1130.0 415.0 1292.0 326.0 1315.0 tennis-court 0
416.0 1093.0 502.0 1077.0 530.0 1248.0 438.0 1262.0 tennis-court 0
479.0 240.0 596.0 219.0 639.0 434.0 519.0 454.0 basketball-court 0
722.0 436.0 1207.0 361.0 1304.0 1060.0 803.0 1128.0 soccer-ball-field 0
631.0 1373.0 754.0 1355.0 797.0 1574.0 664.0 1598.0 basketball-court 0
598.0 1142.0 720.0 1122.0 755.0 1342.0 629.0 1360.0 basketball-court 0
563.0 920.0 685.0 903.0 717.0 1111.0 595.0 1129.0 basketball-court 0
538.0 690.0 662.0 677.0 686.0 887.0 563.0 906.0 basketball-court 0
522.0 469.0 636.0 450.0 663.0 664.0 541.0 675.0 basketball-court 0
