imagesource:GoogleEarth
gsd:0.1402208636
396.0 2342.0 395.0 2327.0 431.0 2331.0 431.0 2342.0 small-vehicle 0
168.0 2078.0 185.0 2078.0 184.0 2114.0 167.0 2114.0 small-vehicle 0
617.0 196.0 739.0 196.0 739.0 431.0 617.0 431.0 basketball-court 0
488.0 195.0 613.0 195.0 613.0 430.0 488.0 430.0 basketball-court 0
364.0 192.0 484.0 192.0 484.0 429.0 364.0 429.0 basketball-court 0
237.0 195.0 361.0 195.0 361.0 426.0 237.0 426.0 basketball-court 0
619.0 445.0 744.0 445.0 744.0 673.0 619.0 673.0 basketball-court 0
751.0 446.0 875.0 446.0 875.0 675.0 751.0 675.0 basketball-court 0
499.0 447.0 615.0 447.0 615.0 671.0 499.0 671.0 basketball-court 0
376.0 445.0 493.0 445.0 493.0 671.0 376.0 671.0 basketball-court 0
245.0 445.0 370.0 445.0 370.0 667.0 245.0 667.0 basketball-court 0
428.0 687.0 553.0 687.0 553.0 910.0 428.0 910.0 basketball-court 0
1055.0 1175.0 1587.0 1175.0 1587.0 1980.0 1055.0 1980.0 soccer-ball-field 0
978.0 905.0 1671.0 905.0 1671.0 2217.0 978.0 2217.0 ground-track-field 0
1242.0 546.0 1352.0 546.0 1352.0 757.0 1242.0 757.0 basketball-court 0
1124.0 545.0 1233.0 545.0 1233.0 758.0 1124.0 758.0 basketball-court 0
1362.0 546.0 1466.0 546.0 1466.0 754.0 1362.0 754.0 basketball-court 0
1477.0 546.0 1579.0 546.0 1579.0 751.0 1477.0 751.0 basketball-court 0
440.0 929.0 510.0 929.0 510.0 1021.0 440.0 1021.0 tennis-court 0
741.0 701.0 812.0 701.0 812.0 790.0 741.0 790.0 tennis-court 0
824.0 701.0 893.0 701.0 893.0 790.0 824.0 790.0 tennis-court 0
55.0 1877.0 57.0 1857.0 89.0 1862.0 88.0 1879.0 small-vehicle 0
65.0 1901.0 64.0 1880.0 90.0 1882.0 92.0 1902.0 small-vehicle 0
61.0 1951.0 61.0 1932.0 100.0 1933.0 93.0 1949.0 small-vehicle 0
67.0 1970.0 66.0 1954.0 96.0 1955.0 98.0 1970.0 small-vehicle 0
744.0 197.0 878.0 197.0 878.0 430.0 744.0 430.0 basketball-court 0
