imagesource:GoogleEarth
gsd:0.550708458072
1625.0 790.0 1626.0 746.0 1780.0 752.0 1778.0 796.0 container-crane 0
958.0 2526.0 952.0 2526.0 955.0 2512.0 960.0 2512.0 ship 1
1047.0 2485.0 1053.0 2487.0 1044.0 2503.0 1039.0 2499.0 ship 0
1020.0 2476.0 1028.0 2473.0 1032.0 2493.0 1025.0 2493.0 ship 0
1012.0 2481.0 1016.0 2477.0 1025.0 2494.0 1016.0 2496.0 ship 0
1005.0 2483.0 1015.0 2483.0 1010.0 2501.0 1003.0 2502.0 ship 0
993.0 2487.0 999.0 2487.0 994.0 2509.0 988.0 2509.0 ship 0
979.0 2494.0 986.0 2494.0 981.0 2515.0 976.0 2515.0 ship 0
970.0 2502.0 976.0 2502.0 973.0 2520.0 967.0 2519.0 ship 0
962.0 2507.0 968.0 2507.0 964.0 2525.0 960.0 2524.0 ship 0
947.0 2515.0 953.0 2518.0 950.0 2532.0 944.0 2529.0 ship 1
1016.0 1626.0 1027.0 1626.0 1027.0 1639.0 1016.0 1639.0 storage-tank 1
939.0 2524.0 946.0 2525.0 942.0 2542.0 935.0 2541.0 ship 0
932.0 2530.0 939.0 2530.0 934.0 2547.0 929.0 2545.0 ship 0
669.0 2733.0 664.0 2727.0 676.0 2713.0 684.0 2717.0 ship 0
879.0 2601.0 876.0 2597.0 884.0 2586.0 890.0 2591.0 ship 1
872.0 2595.0 867.0 2591.0 883.0 2577.0 888.0 2583.0 ship 0
871.0 2589.0 865.0 2582.0 877.0 2572.0 883.0 2577.0 ship 0
226.0 1528.0 240.0 1528.0 240.0 1541.0 226.0 1541.0 storage-tank 1
213.0 1518.0 226.0 1518.0 226.0 1534.0 213.0 1534.0 storage-tank 0
1053.0 2492.0 1058.0 2496.0 1050.0 2511.0 1043.0 2507.0 ship 0
1058.0 2499.0 1065.0 2504.0 1054.0 2517.0 1048.0 2514.0 ship 0
1079.0 2520.0 1082.0 2525.0 1066.0 2536.0 1061.0 2531.0 ship 0
1084.0 2524.0 1088.0 2530.0 1070.0 2543.0 1064.0 2537.0 ship 0
75.0 1413.0 75.0 1409.0 84.0 1409.0 84.0 1414.0 small-vehicle 1
217.0 1416.0 220.0 1416.0 219.0 1426.0 216.0 1426.0 small-vehicle 1
159.0 1408.0 162.0 1408.0 159.0 1417.0 157.0 1417.0 small-vehicle 1
145.0 1404.0 149.0 1405.0 148.0 1414.0 144.0 1413.0 small-vehicle 1
131.0 1403.0 136.0 1404.0 133.0 1414.0 131.0 1414.0 small-vehicle 1
126.0 1403.0 130.0 1403.0 129.0 1413.0 125.0 1411.0 small-vehicle 1
113.0 1401.0 117.0 1401.0 117.0 1409.0 113.0 1410.0 small-vehicle 1
108.0 1402.0 112.0 1402.0 111.0 1410.0 109.0 1410.0 small-vehicle 1
100.0 1400.0 103.0 1399.0 103.0 1407.0 101.0 1408.0 small-vehicle 1
96.0 1399.0 99.0 1399.0 99.0 1408.0 96.0 1408.0 small-vehicle 1
90.0 1398.0 94.0 1398.0 92.0 1408.0 89.0 1408.0 small-vehicle 1
538.0 1405.0 538.0 1401.0 548.0 1401.0 548.0 1405.0 small-vehicle 1
539.0 1398.0 537.0 1395.0 546.0 1393.0 547.0 1397.0 small-vehicle 1
467.0 1366.0 468.0 1360.0 480.0 1364.0 479.0 1369.0 small-vehicle 1
455.0 1365.0 456.0 1361.0 466.0 1362.0 465.0 1366.0 small-vehicle 1
441.0 1362.0 442.0 1358.0 453.0 1359.0 453.0 1364.0 small-vehicle 1
431.0 1360.0 431.0 1354.0 442.0 1358.0 440.0 1363.0 small-vehicle 1
1488.0 2268.0 1562.0 2268.0 1562.0 2342.0 1488.0 2342.0 storage-tank 0
996.0 1626.0 1008.0 1626.0 1008.0 1639.0 996.0 1639.0 storage-tank 1
944.0 1241.0 964.0 1241.0 964.0 1262.0 944.0 1262.0 storage-tank 0
962.0 1393.0 980.0 1393.0 980.0 1411.0 962.0 1411.0 storage-tank 0
930.0 1477.0 951.0 1477.0 951.0 1498.0 930.0 1498.0 storage-tank 0
1058.0 1401.0 1074.0 1401.0 1074.0 1416.0 1058.0 1416.0 storage-tank 0
1059.0 1383.0 1075.0 1383.0 1075.0 1399.0 1059.0 1399.0 storage-tank 0
1041.0 1400.0 1056.0 1400.0 1056.0 1416.0 1041.0 1416.0 storage-tank 0
1041.0 1381.0 1056.0 1381.0 1056.0 1398.0 1041.0 1398.0 storage-tank 0
1021.0 1398.0 1038.0 1398.0 1038.0 1415.0 1021.0 1415.0 storage-tank 0
1023.0 1381.0 1038.0 1381.0 1038.0 1397.0 1023.0 1397.0 storage-tank 0
987.0 1378.0 1015.0 1378.0 1015.0 1406.0 987.0 1406.0 storage-tank 0
939.0 1393.0 954.0 1393.0 954.0 1410.0 939.0 1410.0 storage-tank 0
989.0 1606.0 1003.0 1606.0 1003.0 1621.0 989.0 1621.0 storage-tank 0
963.0 1370.0 980.0 1370.0 980.0 1387.0 963.0 1387.0 storage-tank 0
940.0 1369.0 957.0 1369.0 957.0 1387.0 940.0 1387.0 storage-tank 0
984.0 1337.0 1002.0 1337.0 1002.0 1356.0 984.0 1356.0 storage-tank 0
951.0 1335.0 966.0 1335.0 966.0 1350.0 951.0 1350.0 storage-tank 0
983.0 1300.0 1001.0 1300.0 1001.0 1320.0 983.0 1320.0 storage-tank 0
950.0 1305.0 965.0 1305.0 965.0 1321.0 950.0 1321.0 storage-tank 0
945.0 1274.0 965.0 1274.0 965.0 1292.0 945.0 1292.0 storage-tank 0
1075.0 1310.0 1085.0 1310.0 1085.0 1321.0 1075.0 1321.0 storage-tank 1
948.0 1452.0 968.0 1452.0 968.0 1473.0 948.0 1473.0 storage-tank 0
958.0 1478.0 973.0 1478.0 973.0 1493.0 958.0 1493.0 storage-tank 0
981.0 1441.0 1020.0 1441.0 1020.0 1481.0 981.0 1481.0 storage-tank 0
1041.0 1451.0 1068.0 1451.0 1068.0 1478.0 1041.0 1478.0 storage-tank 0
1004.0 1601.0 1024.0 1601.0 1024.0 1621.0 1004.0 1621.0 storage-tank 0
1052.0 1584.0 1064.0 1584.0 1064.0 1596.0 1052.0 1596.0 storage-tank 1
1029.0 1582.0 1049.0 1582.0 1049.0 1602.0 1029.0 1602.0 storage-tank 0
1008.0 1585.0 1021.0 1585.0 1021.0 1600.0 1008.0 1600.0 storage-tank 0
987.0 1585.0 1006.0 1585.0 1006.0 1605.0 987.0 1605.0 storage-tank 0
1006.0 1571.0 1018.0 1571.0 1018.0 1584.0 1006.0 1584.0 storage-tank 1
995.0 1574.0 1004.0 1574.0 1004.0 1585.0 995.0 1585.0 storage-tank 1
980.0 1566.0 994.0 1566.0 994.0 1580.0 980.0 1580.0 storage-tank 1
1048.0 1563.0 1069.0 1563.0 1069.0 1583.0 1048.0 1583.0 storage-tank 0
1026.0 1560.0 1046.0 1560.0 1046.0 1580.0 1026.0 1580.0 storage-tank 0
1060.0 1545.0 1081.0 1545.0 1081.0 1565.0 1060.0 1565.0 storage-tank 0
1043.0 1544.0 1058.0 1544.0 1058.0 1561.0 1043.0 1561.0 storage-tank 0
1023.0 1542.0 1039.0 1542.0 1039.0 1559.0 1023.0 1559.0 storage-tank 0
989.0 1544.0 1017.0 1544.0 1017.0 1571.0 989.0 1571.0 storage-tank 0
956.0 1501.0 976.0 1501.0 976.0 1522.0 956.0 1522.0 storage-tank 0
1028.0 1498.0 1070.0 1498.0 1070.0 1541.0 1028.0 1541.0 storage-tank 0
985.0 1486.0 1027.0 1486.0 1027.0 1527.0 985.0 1527.0 storage-tank 0
74.0 1418.0 75.0 1414.0 84.0 1415.0 84.0 1419.0 small-vehicle 1
74.0 1422.0 74.0 1419.0 84.0 1420.0 83.0 1424.0 small-vehicle 1
73.0 1428.0 74.0 1423.0 83.0 1425.0 83.0 1428.0 small-vehicle 1
207.0 1476.0 202.0 1475.0 202.0 1466.0 207.0 1466.0 small-vehicle 1
163.0 1438.0 159.0 1436.0 159.0 1427.0 164.0 1427.0 small-vehicle 1
230.0 1464.0 231.0 1459.0 241.0 1461.0 239.0 1465.0 small-vehicle 1
203.0 1454.0 199.0 1455.0 199.0 1443.0 203.0 1444.0 small-vehicle 1
198.0 1455.0 194.0 1454.0 195.0 1443.0 198.0 1443.0 small-vehicle 1
232.0 1447.0 232.0 1442.0 243.0 1444.0 242.0 1449.0 small-vehicle 1
227.0 1479.0 223.0 1479.0 224.0 1470.0 228.0 1469.0 small-vehicle 1
221.0 1478.0 217.0 1478.0 220.0 1467.0 223.0 1469.0 small-vehicle 1
216.0 1478.0 214.0 1477.0 216.0 1467.0 219.0 1467.0 small-vehicle 1
196.0 1474.0 193.0 1474.0 193.0 1465.0 196.0 1465.0 small-vehicle 1
73.0 1432.0 73.0 1429.0 82.0 1429.0 83.0 1432.0 small-vehicle 1
168.0 1469.0 164.0 1469.0 165.0 1460.0 169.0 1460.0 small-vehicle 1
163.0 1469.0 160.0 1469.0 160.0 1459.0 164.0 1458.0 small-vehicle 1
155.0 1467.0 151.0 1466.0 152.0 1458.0 155.0 1458.0 small-vehicle 1
150.0 1466.0 146.0 1465.0 146.0 1457.0 151.0 1456.0 small-vehicle 1
141.0 1465.0 138.0 1465.0 138.0 1457.0 140.0 1457.0 small-vehicle 1
123.0 1463.0 120.0 1462.0 119.0 1454.0 123.0 1454.0 small-vehicle 1
118.0 1462.0 114.0 1462.0 114.0 1453.0 117.0 1452.0 small-vehicle 1
55.0 1462.0 51.0 1462.0 51.0 1452.0 55.0 1452.0 small-vehicle 1
171.0 1439.0 167.0 1438.0 169.0 1430.0 172.0 1429.0 small-vehicle 1
178.0 1441.0 173.0 1440.0 174.0 1430.0 179.0 1430.0 small-vehicle 1
240.0 1529.0 238.0 1528.0 238.0 1518.0 241.0 1518.0 small-vehicle 1
246.0 1530.0 241.0 1529.0 244.0 1519.0 247.0 1519.0 small-vehicle 1
286.0 1613.0 286.0 1608.0 298.0 1609.0 297.0 1614.0 small-vehicle 1
288.0 1607.0 288.0 1604.0 299.0 1604.0 299.0 1608.0 small-vehicle 1
201.0 1597.0 199.0 1596.0 205.0 1588.0 209.0 1589.0 small-vehicle 1
207.0 1600.0 203.0 1597.0 210.0 1589.0 213.0 1591.0 small-vehicle 1
232.0 1603.0 229.0 1600.0 235.0 1592.0 238.0 1594.0 small-vehicle 1
226.0 1572.0 230.0 1571.0 232.0 1582.0 227.0 1581.0 small-vehicle 1
216.0 1571.0 221.0 1570.0 224.0 1579.0 219.0 1581.0 small-vehicle 1
204.0 1571.0 208.0 1569.0 214.0 1578.0 210.0 1579.0 small-vehicle 1
206.0 1561.0 211.0 1560.0 214.0 1571.0 211.0 1571.0 small-vehicle 1
212.0 1562.0 215.0 1560.0 221.0 1571.0 218.0 1571.0 small-vehicle 1
221.0 1561.0 224.0 1560.0 229.0 1571.0 226.0 1572.0 small-vehicle 1
231.0 1563.0 235.0 1561.0 239.0 1574.0 236.0 1574.0 small-vehicle 1
244.0 1575.0 248.0 1572.0 255.0 1581.0 252.0 1583.0 small-vehicle 1
248.0 1555.0 250.0 1552.0 261.0 1561.0 258.0 1563.0 small-vehicle 1
249.0 1551.0 252.0 1547.0 261.0 1555.0 258.0 1557.0 small-vehicle 1
250.0 1540.0 250.0 1535.0 263.0 1538.0 262.0 1541.0 small-vehicle 1
252.0 1533.0 247.0 1531.0 248.0 1518.0 252.0 1518.0 small-vehicle 1
50.0 1461.0 47.0 1461.0 47.0 1451.0 49.0 1450.0 small-vehicle 1
46.0 1460.0 43.0 1461.0 42.0 1450.0 45.0 1450.0 small-vehicle 1
41.0 1459.0 38.0 1459.0 38.0 1450.0 41.0 1450.0 small-vehicle 1
170.0 1450.0 168.0 1449.0 168.0 1441.0 171.0 1440.0 small-vehicle 1
180.0 1453.0 176.0 1453.0 176.0 1442.0 181.0 1442.0 small-vehicle 1
221.0 1457.0 216.0 1457.0 216.0 1446.0 221.0 1446.0 small-vehicle 1
207.0 1455.0 203.0 1455.0 204.0 1444.0 209.0 1444.0 small-vehicle 1
195.0 1441.0 192.0 1441.0 193.0 1432.0 197.0 1432.0 small-vehicle 1
150.0 1437.0 145.0 1436.0 147.0 1425.0 151.0 1427.0 small-vehicle 1
145.0 1436.0 140.0 1436.0 142.0 1426.0 146.0 1427.0 small-vehicle 1
131.0 1434.0 128.0 1434.0 129.0 1424.0 132.0 1424.0 small-vehicle 1
127.0 1433.0 123.0 1433.0 124.0 1423.0 127.0 1423.0 small-vehicle 1
123.0 1432.0 119.0 1432.0 118.0 1423.0 122.0 1423.0 small-vehicle 1
118.0 1432.0 115.0 1432.0 115.0 1423.0 119.0 1423.0 small-vehicle 1
113.0 1431.0 110.0 1430.0 111.0 1422.0 114.0 1422.0 small-vehicle 1
109.0 1430.0 106.0 1429.0 107.0 1421.0 109.0 1420.0 small-vehicle 1
105.0 1429.0 102.0 1428.0 102.0 1419.0 106.0 1419.0 small-vehicle 1
100.0 1428.0 97.0 1428.0 97.0 1419.0 101.0 1420.0 small-vehicle 1
70.0 1446.0 70.0 1442.0 81.0 1444.0 80.0 1448.0 small-vehicle 1
71.0 1440.0 71.0 1438.0 80.0 1437.0 80.0 1440.0 small-vehicle 1
72.0 1436.0 71.0 1433.0 80.0 1433.0 81.0 1436.0 small-vehicle 1
175.0 1452.0 172.0 1451.0 172.0 1443.0 176.0 1442.0 small-vehicle 1
166.0 1449.0 163.0 1449.0 164.0 1440.0 167.0 1440.0 small-vehicle 1
36.0 1461.0 33.0 1459.0 35.0 1449.0 38.0 1449.0 small-vehicle 1
159.0 1449.0 157.0 1449.0 159.0 1438.0 162.0 1438.0 small-vehicle 1
32.0 1458.0 30.0 1459.0 30.0 1448.0 32.0 1448.0 small-vehicle 1
28.0 1457.0 24.0 1457.0 25.0 1448.0 28.0 1448.0 small-vehicle 1
24.0 1456.0 21.0 1456.0 21.0 1448.0 24.0 1448.0 small-vehicle 1
18.0 1457.0 16.0 1456.0 16.0 1447.0 19.0 1447.0 small-vehicle 1
97.0 1439.0 94.0 1438.0 96.0 1428.0 99.0 1428.0 small-vehicle 1
103.0 1440.0 100.0 1439.0 101.0 1430.0 105.0 1430.0 small-vehicle 1
108.0 1439.0 104.0 1439.0 106.0 1431.0 109.0 1431.0 small-vehicle 1
113.0 1440.0 109.0 1440.0 109.0 1431.0 114.0 1432.0 small-vehicle 1
116.0 1441.0 113.0 1441.0 114.0 1432.0 117.0 1433.0 small-vehicle 1
122.0 1441.0 118.0 1441.0 119.0 1432.0 123.0 1432.0 small-vehicle 1
125.0 1443.0 121.0 1442.0 124.0 1433.0 128.0 1435.0 small-vehicle 1
129.0 1445.0 127.0 1444.0 128.0 1434.0 132.0 1435.0 small-vehicle 1
133.0 1445.0 131.0 1444.0 132.0 1435.0 136.0 1435.0 small-vehicle 1
138.0 1447.0 134.0 1446.0 137.0 1437.0 140.0 1438.0 small-vehicle 1
143.0 1446.0 141.0 1446.0 141.0 1435.0 145.0 1436.0 small-vehicle 1
149.0 1448.0 146.0 1446.0 146.0 1437.0 150.0 1437.0 small-vehicle 1
153.0 1448.0 149.0 1447.0 151.0 1438.0 155.0 1438.0 small-vehicle 1
980.0 1259.0 1008.0 1259.0 1008.0 1289.0 980.0 1289.0 storage-tank 0
971.0 1222.0 995.0 1222.0 995.0 1248.0 971.0 1248.0 storage-tank 0
332.0 1634.0 337.0 1633.0 337.0 1645.0 333.0 1645.0 small-vehicle 1
840.0 327.0 873.0 327.0 873.0 358.0 840.0 358.0 storage-tank 0
845.0 722.0 868.0 722.0 868.0 745.0 845.0 745.0 storage-tank 0
873.0 528.0 904.0 528.0 904.0 562.0 873.0 562.0 storage-tank 0
830.0 530.0 858.0 530.0 858.0 556.0 830.0 556.0 storage-tank 0
907.0 501.0 936.0 501.0 936.0 530.0 907.0 530.0 storage-tank 0
884.0 497.0 899.0 497.0 899.0 515.0 884.0 515.0 storage-tank 0
923.0 441.0 945.0 441.0 945.0 462.0 923.0 462.0 storage-tank 0
925.0 398.0 946.0 398.0 946.0 421.0 925.0 421.0 storage-tank 0
838.0 416.0 869.0 416.0 869.0 451.0 838.0 451.0 storage-tank 0
318.0 2077.0 342.0 2077.0 342.0 2101.0 318.0 2101.0 storage-tank 0
1313.0 508.0 1305.0 501.0 1334.0 467.0 1340.0 471.0 large-vehicle 0
31.0 1670.0 42.0 1670.0 42.0 1682.0 31.0 1682.0 storage-tank 1
46.0 1658.0 58.0 1658.0 58.0 1671.0 46.0 1671.0 storage-tank 1
33.0 1656.0 44.0 1656.0 44.0 1669.0 33.0 1669.0 storage-tank 1
45.0 1672.0 56.0 1672.0 56.0 1684.0 45.0 1684.0 storage-tank 1
59.0 1672.0 71.0 1672.0 71.0 1685.0 59.0 1685.0 storage-tank 1
62.0 1661.0 73.0 1661.0 73.0 1673.0 62.0 1673.0 storage-tank 1
99.0 1687.0 111.0 1687.0 111.0 1700.0 99.0 1700.0 storage-tank 1
103.0 1668.0 115.0 1668.0 115.0 1682.0 103.0 1682.0 storage-tank 1
890.0 723.0 913.0 723.0 913.0 747.0 890.0 747.0 storage-tank 0
926.0 741.0 942.0 741.0 942.0 759.0 926.0 759.0 storage-tank 0
860.0 767.0 876.0 767.0 876.0 785.0 860.0 785.0 storage-tank 0
892.0 768.0 910.0 768.0 910.0 787.0 892.0 787.0 storage-tank 0
917.0 1027.0 935.0 1027.0 935.0 1048.0 917.0 1048.0 storage-tank 0
920.0 1011.0 934.0 1011.0 934.0 1026.0 920.0 1026.0 storage-tank 0
901.0 991.0 922.0 991.0 922.0 1012.0 901.0 1012.0 storage-tank 0
930.0 982.0 944.0 982.0 944.0 998.0 930.0 998.0 storage-tank 0
928.0 957.0 948.0 957.0 948.0 978.0 928.0 978.0 storage-tank 0
904.0 966.0 925.0 966.0 925.0 987.0 904.0 987.0 storage-tank 0
833.0 999.0 864.0 999.0 864.0 1030.0 833.0 1030.0 storage-tank 0
899.0 904.0 922.0 904.0 922.0 928.0 899.0 928.0 storage-tank 0
876.0 909.0 892.0 909.0 892.0 927.0 876.0 927.0 storage-tank 0
913.0 881.0 928.0 881.0 928.0 896.0 913.0 896.0 storage-tank 0
883.0 879.0 898.0 879.0 898.0 895.0 883.0 895.0 storage-tank 0
874.0 853.0 889.0 853.0 889.0 870.0 874.0 870.0 storage-tank 0
903.0 839.0 924.0 839.0 924.0 862.0 903.0 862.0 storage-tank 0
934.0 818.0 947.0 818.0 947.0 833.0 934.0 833.0 storage-tank 0
872.0 824.0 891.0 824.0 891.0 843.0 872.0 843.0 storage-tank 0
902.0 810.0 919.0 810.0 919.0 828.0 902.0 828.0 storage-tank 0
924.0 769.0 941.0 769.0 941.0 788.0 924.0 788.0 storage-tank 0
1321.0 522.0 1315.0 517.0 1333.0 492.0 1338.0 496.0 large-vehicle 0
1332.0 308.0 1326.0 302.0 1342.0 277.0 1348.0 281.0 large-vehicle 0
944.0 1214.0 963.0 1214.0 963.0 1234.0 944.0 1234.0 storage-tank 0
757.0 2596.0 761.0 2601.0 737.0 2626.0 734.0 2622.0 harbor 0
1210.0 1279.0 1205.0 1274.0 1223.0 1250.0 1228.0 1255.0 large-vehicle 0
1200.0 1248.0 1194.0 1241.0 1227.0 1198.0 1232.0 1203.0 large-vehicle 0
1203.0 1221.0 1196.0 1216.0 1227.0 1173.0 1234.0 1177.0 large-vehicle 0
1215.0 1179.0 1209.0 1174.0 1226.0 1151.0 1231.0 1156.0 large-vehicle 0
841.0 2547.0 838.0 2541.0 862.0 2524.0 865.0 2529.0 harbor 0
922.0 2485.0 926.0 2490.0 901.0 2505.0 899.0 2500.0 harbor 0
989.0 2449.0 992.0 2455.0 931.0 2510.0 927.0 2505.0 harbor 0
838.0 269.0 841.0 265.0 866.0 278.0 863.0 283.0 large-vehicle 0
663.0 2730.0 659.0 2725.0 678.0 2706.0 680.0 2709.0 harbor 0
1322.0 294.0 1316.0 290.0 1330.0 271.0 1335.0 276.0 large-vehicle 0
671.0 2745.0 669.0 2742.0 690.0 2719.0 692.0 2721.0 harbor 0
641.0 2715.0 636.0 2711.0 658.0 2687.0 663.0 2691.0 harbor 0
684.0 2661.0 688.0 2664.0 667.0 2686.0 662.0 2684.0 harbor 0
579.0 2735.0 583.0 2738.0 561.0 2762.0 558.0 2759.0 harbor 0
807.0 2425.0 813.0 2434.0 793.0 2448.0 786.0 2439.0 ship 0
706.0 1656.0 764.0 1666.0 711.0 1988.0 657.0 1980.0 ship 0
610.0 1832.0 616.0 1834.0 609.0 1863.0 602.0 1861.0 large-vehicle 0
1.0 2768.0 1.0 2638.0 85.0 2491.0 144.0 2518.0 ship 1
1216.0 1131.0 1211.0 1125.0 1229.0 1100.0 1235.0 1105.0 large-vehicle 0
1222.0 1078.0 1215.0 1072.0 1231.0 1049.0 1238.0 1054.0 large-vehicle 0
1193.0 1083.0 1185.0 1083.0 1186.0 1058.0 1193.0 1058.0 large-vehicle 0
1198.0 1028.0 1190.0 1024.0 1203.0 997.0 1211.0 1000.0 large-vehicle 0
1175.0 215.0 1171.0 220.0 1158.0 210.0 1162.0 205.0 large-vehicle 0
1323.0 271.0 1316.0 266.0 1329.0 245.0 1335.0 250.0 large-vehicle 0
1317.0 453.0 1311.0 448.0 1337.0 410.0 1344.0 414.0 large-vehicle 0
1327.0 388.0 1321.0 384.0 1338.0 356.0 1344.0 361.0 large-vehicle 0
1328.0 338.0 1321.0 333.0 1340.0 308.0 1346.0 313.0 large-vehicle 0
1233.0 991.0 1228.0 986.0 1248.0 958.0 1254.0 962.0 large-vehicle 0
1324.0 417.0 1318.0 411.0 1336.0 387.0 1341.0 392.0 large-vehicle 0
1290.0 524.0 1282.0 524.0 1281.0 495.0 1289.0 495.0 large-vehicle 0
1311.0 564.0 1304.0 558.0 1332.0 515.0 1340.0 521.0 large-vehicle 0
1308.0 617.0 1303.0 611.0 1333.0 566.0 1340.0 569.0 large-vehicle 0
1302.0 643.0 1295.0 643.0 1292.0 613.0 1299.0 613.0 large-vehicle 0
1181.0 700.0 1176.0 700.0 1177.0 655.0 1183.0 655.0 large-vehicle 0
1315.0 658.0 1308.0 652.0 1325.0 628.0 1331.0 633.0 large-vehicle 0
1314.0 730.0 1309.0 725.0 1324.0 702.0 1330.0 707.0 large-vehicle 0
1149.0 739.0 1156.0 739.0 1156.0 769.0 1148.0 769.0 large-vehicle 0
1228.0 956.0 1223.0 952.0 1239.0 929.0 1244.0 932.0 large-vehicle 0
1207.0 1074.0 1202.0 1069.0 1231.0 1025.0 1239.0 1030.0 large-vehicle 0
934.0 1044.0 947.0 1044.0 947.0 1059.0 934.0 1059.0 storage-tank 0
854.0 1084.0 884.0 1084.0 884.0 1114.0 854.0 1114.0 storage-tank 0
697.0 2672.0 706.0 2679.0 686.0 2702.0 676.0 2695.0 ship 0
1058.0 967.0 1075.0 967.0 1075.0 985.0 1058.0 985.0 storage-tank 0
1031.0 1013.0 1053.0 1013.0 1053.0 1035.0 1031.0 1035.0 storage-tank 0
958.0 1030.0 977.0 1030.0 977.0 1050.0 958.0 1050.0 storage-tank 0
945.0 1019.0 958.0 1019.0 958.0 1033.0 945.0 1033.0 storage-tank 1
942.0 994.0 961.0 994.0 961.0 1013.0 942.0 1013.0 storage-tank 0
1074.0 991.0 1097.0 991.0 1097.0 1013.0 1074.0 1013.0 storage-tank 0
1046.0 988.0 1068.0 988.0 1068.0 1011.0 1046.0 1011.0 storage-tank 0
1019.0 989.0 1040.0 989.0 1040.0 1010.0 1019.0 1010.0 storage-tank 0
1079.0 967.0 1098.0 967.0 1098.0 986.0 1079.0 986.0 storage-tank 0
1035.0 966.0 1052.0 966.0 1052.0 984.0 1035.0 984.0 storage-tank 0
701.0 2692.0 708.0 2697.0 694.0 2712.0 688.0 2707.0 ship 0
1013.0 964.0 1031.0 964.0 1031.0 984.0 1013.0 984.0 storage-tank 0
989.0 964.0 1004.0 964.0 1004.0 981.0 989.0 981.0 storage-tank 0
1028.0 915.0 1043.0 915.0 1043.0 933.0 1028.0 933.0 storage-tank 0
1006.0 914.0 1022.0 914.0 1022.0 931.0 1006.0 931.0 storage-tank 0
986.0 914.0 1002.0 914.0 1002.0 930.0 986.0 930.0 storage-tank 0
965.0 913.0 982.0 913.0 982.0 929.0 965.0 929.0 storage-tank 0
939.0 907.0 960.0 907.0 960.0 928.0 939.0 928.0 storage-tank 0
1004.0 887.0 1016.0 887.0 1016.0 901.0 1004.0 901.0 storage-tank 1
1059.0 1015.0 1082.0 1015.0 1082.0 1038.0 1059.0 1038.0 storage-tank 0
1045.0 1038.0 1066.0 1038.0 1066.0 1060.0 1045.0 1060.0 storage-tank 0
1073.0 1039.0 1094.0 1039.0 1094.0 1062.0 1073.0 1062.0 storage-tank 0
1044.0 1067.0 1065.0 1067.0 1065.0 1088.0 1044.0 1088.0 storage-tank 0
1055.0 1184.0 1074.0 1184.0 1074.0 1204.0 1055.0 1204.0 storage-tank 0
1027.0 1191.0 1044.0 1191.0 1044.0 1209.0 1027.0 1209.0 storage-tank 0
973.0 1187.0 997.0 1187.0 997.0 1211.0 973.0 1211.0 storage-tank 0
942.0 1183.0 962.0 1183.0 962.0 1203.0 942.0 1203.0 storage-tank 0
1065.0 1155.0 1085.0 1155.0 1085.0 1177.0 1065.0 1177.0 storage-tank 0
1031.0 1158.0 1054.0 1158.0 1054.0 1182.0 1031.0 1182.0 storage-tank 0
1000.0 1160.0 1015.0 1160.0 1015.0 1177.0 1000.0 1177.0 storage-tank 0
969.0 1159.0 985.0 1159.0 985.0 1177.0 969.0 1177.0 storage-tank 0
941.0 1158.0 953.0 1158.0 953.0 1169.0 941.0 1169.0 storage-tank 1
958.0 1105.0 971.0 1105.0 971.0 1118.0 958.0 1118.0 storage-tank 1
981.0 1099.0 1003.0 1099.0 1003.0 1121.0 981.0 1121.0 storage-tank 0
931.0 1063.0 951.0 1063.0 951.0 1084.0 931.0 1084.0 storage-tank 0
971.0 1065.0 991.0 1065.0 991.0 1086.0 971.0 1086.0 storage-tank 0
1070.0 1096.0 1093.0 1096.0 1093.0 1118.0 1070.0 1118.0 storage-tank 0
1044.0 1094.0 1064.0 1094.0 1064.0 1116.0 1044.0 1116.0 storage-tank 0
958.0 1054.0 972.0 1054.0 972.0 1068.0 958.0 1068.0 storage-tank 1
1072.0 1067.0 1093.0 1067.0 1093.0 1090.0 1072.0 1090.0 storage-tank 0
986.0 884.0 1002.0 884.0 1002.0 900.0 986.0 900.0 storage-tank 0
1002.0 869.0 1017.0 869.0 1017.0 884.0 1002.0 884.0 storage-tank 0
987.0 865.0 1000.0 865.0 1000.0 880.0 987.0 880.0 storage-tank 0
941.0 524.0 980.0 524.0 980.0 563.0 941.0 563.0 storage-tank 0
1067.0 432.0 1094.0 432.0 1094.0 459.0 1067.0 459.0 storage-tank 0
1078.0 369.0 1094.0 369.0 1094.0 384.0 1078.0 384.0 storage-tank 0
1062.0 368.0 1077.0 368.0 1077.0 384.0 1062.0 384.0 storage-tank 0
1078.0 386.0 1094.0 386.0 1094.0 402.0 1078.0 402.0 storage-tank 0
1061.0 386.0 1077.0 386.0 1077.0 402.0 1061.0 402.0 storage-tank 0
1062.0 402.0 1083.0 402.0 1083.0 423.0 1062.0 423.0 storage-tank 0
1040.0 401.0 1060.0 401.0 1060.0 421.0 1040.0 421.0 storage-tank 0
1017.0 391.0 1037.0 391.0 1037.0 411.0 1017.0 411.0 storage-tank 0
1033.0 368.0 1047.0 368.0 1047.0 383.0 1033.0 383.0 storage-tank 0
1014.0 368.0 1029.0 368.0 1029.0 383.0 1014.0 383.0 storage-tank 0
1034.0 350.0 1048.0 350.0 1048.0 365.0 1034.0 365.0 storage-tank 0
1015.0 348.0 1030.0 348.0 1030.0 364.0 1015.0 364.0 storage-tank 0
954.0 420.0 975.0 420.0 975.0 443.0 954.0 443.0 storage-tank 0
540.0 2773.0 533.0 2766.0 558.0 2745.0 564.0 2751.0 ship 0
659.0 2725.0 655.0 2720.0 670.0 2703.0 676.0 2708.0 ship 0
647.0 2724.0 641.0 2718.0 662.0 2692.0 669.0 2699.0 ship 0
680.0 2648.0 689.0 2655.0 662.0 2686.0 654.0 2678.0 ship 0
1099.0 434.0 1125.0 434.0 1125.0 460.0 1099.0 460.0 storage-tank 0
1014.0 552.0 1032.0 552.0 1032.0 571.0 1014.0 571.0 storage-tank 0
938.0 887.0 948.0 887.0 948.0 898.0 938.0 898.0 storage-tank 1
954.0 772.0 971.0 772.0 971.0 791.0 954.0 791.0 storage-tank 0
954.0 866.0 971.0 866.0 971.0 884.0 954.0 884.0 storage-tank 0
934.0 858.0 945.0 858.0 945.0 870.0 934.0 870.0 storage-tank 1
941.0 839.0 953.0 839.0 953.0 852.0 941.0 852.0 storage-tank 1
970.0 840.0 987.0 840.0 987.0 858.0 970.0 858.0 storage-tank 0
998.0 822.0 1015.0 822.0 1015.0 840.0 998.0 840.0 storage-tank 0
958.0 820.0 973.0 820.0 973.0 835.0 958.0 835.0 storage-tank 0
1004.0 791.0 1016.0 791.0 1016.0 803.0 1004.0 803.0 storage-tank 1
1034.0 791.0 1054.0 791.0 1054.0 812.0 1034.0 812.0 storage-tank 0
1035.0 766.0 1055.0 766.0 1055.0 786.0 1035.0 786.0 storage-tank 0
990.0 791.0 1002.0 791.0 1002.0 803.0 990.0 803.0 storage-tank 1
1005.0 776.0 1016.0 776.0 1016.0 789.0 1005.0 789.0 storage-tank 1
991.0 776.0 1003.0 776.0 1003.0 788.0 991.0 788.0 storage-tank 1
1037.0 740.0 1057.0 740.0 1057.0 761.0 1037.0 761.0 storage-tank 0
999.0 732.0 1028.0 732.0 1028.0 761.0 999.0 761.0 storage-tank 0
969.0 743.0 987.0 743.0 987.0 761.0 969.0 761.0 storage-tank 0
975.0 716.0 993.0 716.0 993.0 736.0 975.0 736.0 storage-tank 0
943.0 721.0 967.0 721.0 967.0 744.0 943.0 744.0 storage-tank 0
288.0 1618.0 287.0 1613.0 297.0 1613.0 297.0 1616.0 small-vehicle 1
342.0 1615.0 347.0 1615.0 347.0 1625.0 343.0 1626.0 small-vehicle 1
1620.0 1484.0 1618.0 1445.0 1738.0 1446.0 1739.0 1487.0 container-crane 0
1193.0 649.0 1193.0 647.0 1202.0 647.0 1202.0 650.0 small-vehicle 1
1259.0 648.0 1258.0 644.0 1269.0 644.0 1270.0 648.0 small-vehicle 1
1258.0 654.0 1257.0 649.0 1269.0 650.0 1268.0 654.0 small-vehicle 1
1259.0 658.0 1258.0 654.0 1268.0 654.0 1268.0 657.0 small-vehicle 1
1192.0 621.0 1193.0 618.0 1206.0 622.0 1205.0 626.0 small-vehicle 1
1193.0 628.0 1193.0 623.0 1204.0 626.0 1204.0 628.0 small-vehicle 1
1192.0 636.0 1192.0 631.0 1203.0 634.0 1203.0 637.0 small-vehicle 1
1192.0 641.0 1191.0 638.0 1202.0 638.0 1203.0 642.0 small-vehicle 1
1192.0 645.0 1192.0 643.0 1202.0 644.0 1201.0 647.0 small-vehicle 1
1192.0 655.0 1192.0 651.0 1203.0 651.0 1203.0 656.0 small-vehicle 1
1235.0 670.0 1232.0 669.0 1233.0 661.0 1236.0 661.0 small-vehicle 1
1192.0 658.0 1192.0 655.0 1201.0 656.0 1201.0 659.0 small-vehicle 1
1192.0 663.0 1192.0 659.0 1202.0 660.0 1201.0 664.0 small-vehicle 1
1191.0 668.0 1191.0 664.0 1201.0 666.0 1201.0 668.0 small-vehicle 1
1191.0 672.0 1191.0 668.0 1202.0 670.0 1202.0 674.0 small-vehicle 1
1201.0 675.0 1201.0 679.0 1188.0 678.0 1189.0 675.0 small-vehicle 1
1217.0 671.0 1214.0 671.0 1215.0 663.0 1219.0 662.0 small-vehicle 1
1223.0 670.0 1219.0 670.0 1219.0 662.0 1223.0 661.0 small-vehicle 1
1227.0 670.0 1223.0 669.0 1225.0 659.0 1230.0 661.0 small-vehicle 1
1259.0 643.0 1259.0 639.0 1269.0 640.0 1269.0 642.0 small-vehicle 1
1259.0 635.0 1258.0 632.0 1268.0 632.0 1268.0 634.0 small-vehicle 1
1259.0 630.0 1259.0 626.0 1269.0 626.0 1270.0 629.0 small-vehicle 1
1253.0 626.0 1253.0 630.0 1243.0 630.0 1242.0 626.0 small-vehicle 1
1207.0 575.0 1206.0 578.0 1196.0 578.0 1195.0 575.0 small-vehicle 1
1206.0 570.0 1206.0 574.0 1197.0 574.0 1196.0 570.0 small-vehicle 1
1206.0 566.0 1205.0 569.0 1196.0 569.0 1196.0 567.0 small-vehicle 1
1207.0 561.0 1208.0 565.0 1197.0 564.0 1197.0 562.0 small-vehicle 1
1229.0 650.0 1226.0 650.0 1225.0 640.0 1229.0 640.0 small-vehicle 1
1229.0 641.0 1234.0 642.0 1233.0 650.0 1229.0 650.0 small-vehicle 1
1234.0 640.0 1240.0 640.0 1239.0 649.0 1234.0 650.0 small-vehicle 1
1241.0 641.0 1243.0 641.0 1243.0 650.0 1239.0 650.0 small-vehicle 1
1244.0 641.0 1248.0 642.0 1248.0 651.0 1243.0 652.0 small-vehicle 1
1248.0 640.0 1244.0 640.0 1243.0 631.0 1247.0 631.0 small-vehicle 1
1243.0 640.0 1238.0 640.0 1237.0 632.0 1241.0 631.0 small-vehicle 1
1234.0 639.0 1231.0 640.0 1230.0 631.0 1234.0 631.0 small-vehicle 1
1229.0 640.0 1225.0 640.0 1224.0 630.0 1228.0 629.0 small-vehicle 1
1224.0 640.0 1221.0 640.0 1220.0 630.0 1223.0 630.0 small-vehicle 1
1219.0 640.0 1215.0 640.0 1216.0 630.0 1220.0 630.0 small-vehicle 1
1220.0 651.0 1216.0 652.0 1215.0 642.0 1219.0 642.0 small-vehicle 1
1238.0 625.0 1237.0 629.0 1229.0 629.0 1229.0 625.0 small-vehicle 1
1231.0 670.0 1228.0 670.0 1230.0 661.0 1232.0 661.0 small-vehicle 1
1240.0 671.0 1236.0 670.0 1238.0 662.0 1242.0 662.0 small-vehicle 1
1252.0 788.0 1252.0 785.0 1262.0 786.0 1261.0 788.0 small-vehicle 1
1221.0 711.0 1218.0 710.0 1218.0 701.0 1221.0 700.0 small-vehicle 1
1200.0 696.0 1199.0 701.0 1189.0 701.0 1190.0 695.0 small-vehicle 1
1200.0 702.0 1200.0 705.0 1192.0 706.0 1190.0 702.0 small-vehicle 1
1255.0 731.0 1255.0 727.0 1265.0 726.0 1265.0 730.0 small-vehicle 1
1257.0 712.0 1256.0 707.0 1266.0 707.0 1266.0 711.0 small-vehicle 1
1254.0 707.0 1254.0 704.0 1266.0 703.0 1265.0 706.0 small-vehicle 1
1240.0 711.0 1236.0 711.0 1236.0 703.0 1239.0 703.0 small-vehicle 1
1231.0 712.0 1227.0 712.0 1226.0 702.0 1230.0 701.0 small-vehicle 1
1226.0 710.0 1222.0 710.0 1222.0 701.0 1225.0 702.0 small-vehicle 1
1216.0 710.0 1211.0 710.0 1211.0 700.0 1214.0 700.0 small-vehicle 1
1246.0 670.0 1243.0 670.0 1243.0 661.0 1247.0 662.0 small-vehicle 1
1192.0 719.0 1191.0 716.0 1201.0 715.0 1201.0 719.0 small-vehicle 1
1240.0 732.0 1244.0 732.0 1243.0 740.0 1238.0 741.0 small-vehicle 1
1226.0 731.0 1230.0 732.0 1228.0 742.0 1224.0 742.0 small-vehicle 1
1234.0 732.0 1238.0 731.0 1237.0 741.0 1234.0 741.0 small-vehicle 1
1215.0 741.0 1210.0 740.0 1211.0 729.0 1216.0 729.0 small-vehicle 1
1263.0 750.0 1263.0 753.0 1254.0 754.0 1253.0 749.0 small-vehicle 1
1255.0 770.0 1255.0 767.0 1263.0 767.0 1263.0 771.0 small-vehicle 1
1253.0 774.0 1253.0 771.0 1262.0 773.0 1261.0 775.0 small-vehicle 1
1190.0 691.0 1190.0 686.0 1201.0 687.0 1200.0 691.0 small-vehicle 1
1190.0 684.0 1190.0 679.0 1202.0 680.0 1202.0 684.0 small-vehicle 1
1218.0 723.0 1223.0 723.0 1223.0 734.0 1217.0 734.0 small-vehicle 1
1212.0 689.0 1216.0 689.0 1216.0 697.0 1212.0 697.0 small-vehicle 1
1257.0 666.0 1257.0 661.0 1268.0 662.0 1268.0 665.0 small-vehicle 1
1258.0 671.0 1258.0 667.0 1267.0 668.0 1268.0 671.0 small-vehicle 1
1256.0 674.0 1256.0 672.0 1267.0 672.0 1267.0 675.0 small-vehicle 1
1256.0 680.0 1256.0 677.0 1269.0 676.0 1268.0 680.0 small-vehicle 1
1245.0 682.0 1241.0 680.0 1241.0 672.0 1245.0 672.0 small-vehicle 1
1239.0 681.0 1237.0 680.0 1237.0 670.0 1240.0 670.0 small-vehicle 1
1236.0 680.0 1232.0 680.0 1232.0 669.0 1237.0 669.0 small-vehicle 1
1231.0 682.0 1227.0 681.0 1227.0 670.0 1231.0 670.0 small-vehicle 1
1218.0 681.0 1213.0 681.0 1215.0 670.0 1219.0 670.0 small-vehicle 1
1255.0 688.0 1255.0 685.0 1266.0 685.0 1266.0 689.0 small-vehicle 1
1256.0 693.0 1255.0 689.0 1268.0 690.0 1267.0 695.0 small-vehicle 1
1256.0 699.0 1255.0 695.0 1266.0 694.0 1266.0 698.0 small-vehicle 1
1241.0 701.0 1236.0 702.0 1236.0 692.0 1241.0 692.0 small-vehicle 1
1231.0 692.0 1234.0 692.0 1234.0 702.0 1231.0 702.0 small-vehicle 1
1226.0 691.0 1231.0 691.0 1230.0 701.0 1226.0 701.0 small-vehicle 1
1222.0 692.0 1226.0 692.0 1225.0 700.0 1222.0 700.0 small-vehicle 1
1217.0 690.0 1221.0 690.0 1221.0 699.0 1217.0 699.0 small-vehicle 1
1207.0 580.0 1206.0 583.0 1197.0 584.0 1195.0 580.0 small-vehicle 1
1206.0 586.0 1205.0 588.0 1195.0 589.0 1195.0 585.0 small-vehicle 1
1206.0 590.0 1205.0 595.0 1196.0 594.0 1195.0 590.0 small-vehicle 1
1247.0 545.0 1247.0 549.0 1239.0 549.0 1238.0 546.0 small-vehicle 1
1265.0 471.0 1265.0 468.0 1276.0 468.0 1277.0 471.0 small-vehicle 1
1265.0 466.0 1265.0 463.0 1275.0 463.0 1276.0 467.0 small-vehicle 1
1264.0 449.0 1265.0 446.0 1276.0 448.0 1277.0 452.0 small-vehicle 1
1264.0 461.0 1264.0 457.0 1275.0 457.0 1275.0 461.0 small-vehicle 1
1251.0 507.0 1251.0 510.0 1242.0 511.0 1241.0 507.0 small-vehicle 1
1251.0 512.0 1251.0 516.0 1242.0 516.0 1240.0 512.0 small-vehicle 1
1247.0 531.0 1247.0 535.0 1238.0 534.0 1238.0 532.0 small-vehicle 1
1247.0 540.0 1247.0 546.0 1236.0 545.0 1236.0 541.0 small-vehicle 1
1250.0 560.0 1247.0 560.0 1247.0 551.0 1251.0 551.0 small-vehicle 1
1205.0 595.0 1205.0 599.0 1196.0 599.0 1196.0 595.0 small-vehicle 1
1242.0 550.0 1246.0 550.0 1245.0 560.0 1241.0 560.0 small-vehicle 1
1238.0 550.0 1241.0 550.0 1241.0 560.0 1237.0 560.0 small-vehicle 1
1236.0 561.0 1232.0 561.0 1234.0 551.0 1237.0 550.0 small-vehicle 1
1229.0 549.0 1234.0 550.0 1232.0 560.0 1228.0 560.0 small-vehicle 1
1226.0 548.0 1229.0 548.0 1227.0 560.0 1224.0 560.0 small-vehicle 1
1224.0 558.0 1221.0 558.0 1220.0 548.0 1224.0 548.0 small-vehicle 1
1220.0 559.0 1216.0 559.0 1215.0 549.0 1219.0 548.0 small-vehicle 1
1213.0 559.0 1210.0 559.0 1209.0 548.0 1213.0 548.0 small-vehicle 1
1265.0 476.0 1265.0 472.0 1275.0 472.0 1276.0 476.0 small-vehicle 1
1274.0 479.0 1274.0 481.0 1265.0 482.0 1265.0 479.0 small-vehicle 1
1274.0 482.0 1273.0 487.0 1264.0 485.0 1264.0 481.0 small-vehicle 1
1265.0 492.0 1265.0 488.0 1274.0 488.0 1274.0 492.0 small-vehicle 1
1619.0 1429.0 1621.0 1386.0 1737.0 1392.0 1737.0 1432.0 container-crane 0
637.0 1892.0 648.0 1858.0 737.0 1879.0 732.0 1907.0 container-crane 0
650.0 1835.0 658.0 1809.0 777.0 1837.0 771.0 1858.0 container-crane 0
754.0 1775.0 750.0 1799.0 678.0 1783.0 680.0 1763.0 container-crane 0
761.0 1722.0 758.0 1746.0 697.0 1742.0 697.0 1715.0 container-crane 0
1252.0 367.0 1254.0 364.0 1260.0 372.0 1258.0 375.0 small-vehicle 1
1253.0 348.0 1255.0 345.0 1264.0 351.0 1262.0 354.0 small-vehicle 1
1254.0 341.0 1257.0 337.0 1265.0 346.0 1263.0 349.0 small-vehicle 1
1257.0 328.0 1259.0 325.0 1267.0 333.0 1264.0 336.0 small-vehicle 1
1207.0 395.0 1203.0 395.0 1203.0 384.0 1208.0 384.0 small-vehicle 1
1193.0 442.0 1188.0 443.0 1188.0 432.0 1193.0 431.0 small-vehicle 1
1244.0 472.0 1244.0 470.0 1252.0 470.0 1252.0 473.0 small-vehicle 1
1242.0 478.0 1242.0 474.0 1253.0 476.0 1253.0 477.0 small-vehicle 1
1240.0 484.0 1241.0 481.0 1252.0 482.0 1251.0 485.0 small-vehicle 1
1241.0 490.0 1241.0 486.0 1252.0 487.0 1252.0 490.0 small-vehicle 1
1241.0 499.0 1241.0 494.0 1252.0 495.0 1251.0 499.0 small-vehicle 1
1241.0 505.0 1241.0 501.0 1250.0 501.0 1250.0 504.0 small-vehicle 1
1221.0 580.0 1218.0 578.0 1219.0 568.0 1223.0 569.0 small-vehicle 1
1225.0 580.0 1222.0 579.0 1223.0 571.0 1227.0 571.0 small-vehicle 1
1234.0 580.0 1232.0 580.0 1232.0 572.0 1236.0 571.0 small-vehicle 1
1249.0 621.0 1245.0 621.0 1245.0 612.0 1249.0 613.0 small-vehicle 1
1235.0 619.0 1232.0 619.0 1231.0 612.0 1235.0 612.0 small-vehicle 1
1230.0 619.0 1227.0 619.0 1226.0 612.0 1230.0 611.0 small-vehicle 1
1225.0 620.0 1222.0 618.0 1222.0 611.0 1226.0 611.0 small-vehicle 1
1220.0 619.0 1216.0 619.0 1217.0 610.0 1221.0 610.0 small-vehicle 1
1262.0 585.0 1262.0 580.0 1273.0 582.0 1271.0 584.0 small-vehicle 1
1262.0 580.0 1262.0 577.0 1273.0 577.0 1272.0 581.0 small-vehicle 1
1263.0 576.0 1262.0 572.0 1272.0 573.0 1272.0 576.0 small-vehicle 1
1262.0 571.0 1262.0 567.0 1272.0 567.0 1272.0 570.0 small-vehicle 1
1262.0 566.0 1263.0 561.0 1274.0 563.0 1272.0 565.0 small-vehicle 1
1263.0 562.0 1263.0 560.0 1273.0 559.0 1272.0 562.0 small-vehicle 1
1263.0 558.0 1263.0 554.0 1273.0 555.0 1273.0 558.0 small-vehicle 1
1263.0 553.0 1263.0 549.0 1273.0 550.0 1273.0 554.0 small-vehicle 1
1263.0 548.0 1263.0 545.0 1273.0 546.0 1272.0 549.0 small-vehicle 1
1264.0 544.0 1264.0 541.0 1273.0 541.0 1272.0 544.0 small-vehicle 1
1263.0 539.0 1262.0 535.0 1273.0 536.0 1273.0 540.0 small-vehicle 1
1262.0 535.0 1262.0 531.0 1275.0 531.0 1274.0 536.0 small-vehicle 1
1205.0 600.0 1205.0 605.0 1195.0 604.0 1195.0 600.0 small-vehicle 1
1240.0 620.0 1236.0 620.0 1236.0 610.0 1239.0 610.0 small-vehicle 1
1263.0 589.0 1262.0 586.0 1272.0 587.0 1271.0 590.0 small-vehicle 1
1240.0 580.0 1235.0 580.0 1237.0 571.0 1241.0 570.0 small-vehicle 1
1261.0 594.0 1261.0 590.0 1271.0 591.0 1271.0 594.0 small-vehicle 1
1244.0 581.0 1241.0 580.0 1240.0 573.0 1245.0 572.0 small-vehicle 1
1251.0 580.0 1247.0 579.0 1247.0 569.0 1251.0 570.0 small-vehicle 1
1250.0 592.0 1247.0 592.0 1246.0 583.0 1250.0 582.0 small-vehicle 1
1245.0 590.0 1242.0 590.0 1241.0 581.0 1244.0 581.0 small-vehicle 1
1241.0 590.0 1237.0 590.0 1236.0 580.0 1241.0 581.0 small-vehicle 1
1235.0 590.0 1232.0 590.0 1233.0 580.0 1235.0 580.0 small-vehicle 1
1231.0 590.0 1227.0 589.0 1227.0 579.0 1231.0 579.0 small-vehicle 1
1227.0 590.0 1223.0 590.0 1223.0 580.0 1225.0 580.0 small-vehicle 1
1217.0 580.0 1221.0 580.0 1222.0 590.0 1217.0 590.0 small-vehicle 1
1242.0 601.0 1246.0 601.0 1243.0 611.0 1241.0 610.0 small-vehicle 1
1245.0 602.0 1249.0 602.0 1249.0 612.0 1244.0 611.0 small-vehicle 1
1232.0 601.0 1235.0 601.0 1234.0 611.0 1230.0 611.0 small-vehicle 1
1228.0 601.0 1231.0 601.0 1230.0 610.0 1228.0 610.0 small-vehicle 1
1222.0 602.0 1226.0 601.0 1226.0 611.0 1222.0 610.0 small-vehicle 1
1216.0 601.0 1221.0 601.0 1221.0 609.0 1217.0 610.0 small-vehicle 1
1261.0 602.0 1261.0 599.0 1270.0 599.0 1270.0 602.0 small-vehicle 1
1261.0 599.0 1261.0 594.0 1270.0 594.0 1270.0 598.0 small-vehicle 1
1253.0 781.0 1253.0 777.0 1262.0 776.0 1262.0 781.0 small-vehicle 1
1252.0 795.0 1251.0 790.0 1262.0 790.0 1262.0 795.0 small-vehicle 1
349.0 1619.0 353.0 1619.0 352.0 1630.0 349.0 1630.0 small-vehicle 1
284.0 649.0 280.0 649.0 280.0 640.0 283.0 640.0 small-vehicle 1
140.0 842.0 141.0 837.0 151.0 840.0 149.0 844.0 small-vehicle 1
117.0 811.0 121.0 812.0 119.0 822.0 115.0 822.0 small-vehicle 1
104.0 810.0 107.0 811.0 106.0 822.0 102.0 822.0 small-vehicle 1
95.0 808.0 99.0 808.0 96.0 818.0 92.0 817.0 small-vehicle 1
48.0 698.0 41.0 697.0 43.0 686.0 48.0 686.0 small-vehicle 1
306.0 652.0 302.0 651.0 303.0 642.0 308.0 642.0 small-vehicle 1
297.0 649.0 293.0 649.0 293.0 639.0 297.0 639.0 small-vehicle 1
290.0 649.0 288.0 649.0 288.0 639.0 292.0 639.0 small-vehicle 1
277.0 648.0 274.0 648.0 275.0 638.0 278.0 638.0 small-vehicle 1
140.0 596.0 144.0 596.0 143.0 604.0 139.0 604.0 small-vehicle 1
318.0 653.0 314.0 653.0 315.0 644.0 319.0 644.0 small-vehicle 1
328.0 655.0 324.0 656.0 323.0 648.0 327.0 647.0 small-vehicle 1
336.0 657.0 333.0 656.0 333.0 648.0 337.0 647.0 small-vehicle 1
332.0 658.0 328.0 657.0 329.0 646.0 332.0 646.0 small-vehicle 1
338.0 650.0 341.0 649.0 340.0 658.0 337.0 658.0 small-vehicle 1
394.0 633.0 397.0 633.0 394.0 644.0 391.0 643.0 small-vehicle 1
370.0 630.0 373.0 630.0 372.0 640.0 367.0 639.0 small-vehicle 1
350.0 626.0 355.0 626.0 353.0 635.0 349.0 635.0 small-vehicle 1
167.0 821.0 171.0 820.0 171.0 830.0 167.0 830.0 small-vehicle 1
262.0 834.0 266.0 834.0 265.0 844.0 261.0 843.0 small-vehicle 1
259.0 858.0 259.0 862.0 247.0 861.0 248.0 857.0 small-vehicle 1
262.0 863.0 262.0 859.0 273.0 861.0 272.0 864.0 small-vehicle 1
995.0 318.0 992.0 313.0 1001.0 309.0 1003.0 312.0 small-vehicle 1
1206.0 232.0 1206.0 235.0 1195.0 236.0 1193.0 232.0 small-vehicle 1
1131.0 229.0 1131.0 224.0 1146.0 227.0 1145.0 231.0 small-vehicle 1
1045.0 234.0 1046.0 230.0 1058.0 232.0 1058.0 236.0 small-vehicle 1
997.0 216.0 993.0 219.0 986.0 212.0 988.0 209.0 small-vehicle 1
922.0 175.0 924.0 172.0 933.0 179.0 931.0 181.0 small-vehicle 1
923.0 159.0 927.0 158.0 932.0 168.0 928.0 169.0 small-vehicle 1
916.0 161.0 920.0 159.0 924.0 170.0 919.0 171.0 small-vehicle 1
912.0 142.0 916.0 141.0 917.0 153.0 913.0 154.0 small-vehicle 1
959.0 149.0 963.0 149.0 963.0 160.0 958.0 160.0 small-vehicle 1
946.0 144.0 950.0 145.0 947.0 155.0 943.0 154.0 small-vehicle 1
940.0 143.0 944.0 143.0 942.0 153.0 937.0 153.0 small-vehicle 1
917.0 121.0 922.0 121.0 920.0 133.0 916.0 133.0 small-vehicle 1
911.0 122.0 915.0 122.0 914.0 133.0 910.0 132.0 small-vehicle 1
873.0 111.0 868.0 112.0 867.0 104.0 870.0 102.0 small-vehicle 1
871.0 119.0 867.0 120.0 863.0 111.0 867.0 110.0 small-vehicle 1
350.0 859.0 345.0 858.0 346.0 848.0 351.0 848.0 small-vehicle 1
299.0 620.0 303.0 621.0 301.0 628.0 298.0 628.0 small-vehicle 1
208.0 555.0 205.0 552.0 214.0 545.0 216.0 547.0 small-vehicle 1
1236.0 792.0 1240.0 793.0 1241.0 800.0 1235.0 801.0 small-vehicle 1
376.0 1589.0 381.0 1590.0 378.0 1599.0 374.0 1599.0 small-vehicle 1
292.0 1907.0 296.0 1909.0 290.0 1918.0 287.0 1916.0 small-vehicle 1
287.0 1906.0 289.0 1907.0 286.0 1915.0 283.0 1915.0 small-vehicle 1
281.0 1905.0 284.0 1907.0 279.0 1916.0 276.0 1916.0 small-vehicle 1
275.0 1905.0 277.0 1907.0 272.0 1915.0 269.0 1915.0 small-vehicle 1
382.0 1836.0 383.0 1831.0 394.0 1833.0 394.0 1837.0 small-vehicle 1
362.0 1833.0 363.0 1828.0 376.0 1832.0 375.0 1836.0 small-vehicle 1
339.0 1830.0 339.0 1826.0 351.0 1828.0 350.0 1832.0 small-vehicle 1
381.0 1591.0 385.0 1591.0 382.0 1602.0 378.0 1601.0 small-vehicle 1
369.0 1588.0 374.0 1588.0 373.0 1598.0 368.0 1599.0 small-vehicle 1
203.0 572.0 207.0 572.0 206.0 584.0 202.0 583.0 small-vehicle 1
363.0 1588.0 367.0 1588.0 365.0 1598.0 361.0 1598.0 small-vehicle 1
356.0 1587.0 360.0 1587.0 360.0 1596.0 356.0 1597.0 small-vehicle 1
350.0 1585.0 355.0 1586.0 353.0 1595.0 349.0 1595.0 small-vehicle 1
345.0 1585.0 349.0 1585.0 347.0 1595.0 344.0 1595.0 small-vehicle 1
338.0 1583.0 342.0 1584.0 339.0 1593.0 336.0 1593.0 small-vehicle 1
385.0 1593.0 389.0 1592.0 388.0 1603.0 384.0 1603.0 small-vehicle 1
368.0 1621.0 372.0 1621.0 371.0 1630.0 367.0 1631.0 small-vehicle 1
356.0 1621.0 360.0 1621.0 359.0 1631.0 356.0 1631.0 small-vehicle 1
298.0 1909.0 302.0 1911.0 296.0 1920.0 293.0 1918.0 small-vehicle 1
303.0 1909.0 308.0 1911.0 303.0 1919.0 300.0 1919.0 small-vehicle 1
309.0 1912.0 314.0 1912.0 311.0 1921.0 307.0 1921.0 small-vehicle 1
318.0 1913.0 321.0 1914.0 316.0 1923.0 312.0 1921.0 small-vehicle 1
199.0 573.0 203.0 573.0 202.0 585.0 197.0 584.0 small-vehicle 1
104.0 579.0 102.0 576.0 113.0 568.0 114.0 571.0 small-vehicle 1
609.0 1744.0 615.0 1745.0 614.0 1755.0 609.0 1755.0 small-vehicle 1
469.0 2261.0 465.0 2259.0 471.0 2248.0 475.0 2250.0 small-vehicle 1
197.0 2146.0 193.0 2146.0 193.0 2134.0 196.0 2135.0 small-vehicle 1
190.0 2144.0 186.0 2145.0 186.0 2133.0 192.0 2134.0 small-vehicle 1
162.0 2151.0 159.0 2147.0 170.0 2140.0 172.0 2144.0 small-vehicle 1
245.0 2164.0 243.0 2159.0 258.0 2157.0 258.0 2162.0 small-vehicle 1
262.0 2137.0 264.0 2134.0 275.0 2139.0 273.0 2143.0 small-vehicle 1
294.0 1982.0 296.0 1977.0 308.0 1981.0 306.0 1986.0 small-vehicle 1
280.0 1959.0 284.0 1959.0 282.0 1969.0 278.0 1968.0 small-vehicle 1
268.0 1956.0 273.0 1957.0 273.0 1966.0 269.0 1966.0 small-vehicle 1
267.0 1966.0 262.0 1966.0 264.0 1956.0 268.0 1957.0 small-vehicle 1
250.0 1953.0 256.0 1954.0 254.0 1965.0 249.0 1965.0 small-vehicle 1
269.0 1942.0 264.0 1942.0 264.0 1930.0 270.0 1930.0 small-vehicle 1
259.0 1928.0 264.0 1929.0 261.0 1940.0 257.0 1940.0 small-vehicle 1
334.0 1913.0 340.0 1915.0 335.0 1926.0 331.0 1923.0 small-vehicle 1
1001.0 322.0 999.0 319.0 1005.0 314.0 1007.0 316.0 small-vehicle 1
1007.0 329.0 1003.0 324.0 1011.0 319.0 1014.0 322.0 small-vehicle 1
1009.0 334.0 1007.0 329.0 1015.0 324.0 1017.0 327.0 small-vehicle 1
1224.0 814.0 1228.0 814.0 1228.0 823.0 1225.0 823.0 small-vehicle 1
1197.0 769.0 1197.0 774.0 1189.0 773.0 1188.0 769.0 small-vehicle 1
1197.0 779.0 1197.0 783.0 1187.0 784.0 1187.0 781.0 small-vehicle 1
1197.0 785.0 1197.0 789.0 1188.0 789.0 1186.0 786.0 small-vehicle 1
1197.0 792.0 1197.0 795.0 1188.0 797.0 1187.0 793.0 small-vehicle 1
1198.0 798.0 1197.0 802.0 1187.0 802.0 1186.0 799.0 small-vehicle 1
1187.0 808.0 1187.0 804.0 1197.0 804.0 1197.0 809.0 small-vehicle 1
1233.0 812.0 1239.0 813.0 1237.0 823.0 1232.0 824.0 small-vehicle 1
1229.0 813.0 1232.0 813.0 1233.0 822.0 1228.0 823.0 small-vehicle 1
1220.0 814.0 1224.0 814.0 1223.0 822.0 1220.0 823.0 small-vehicle 1
1149.0 505.0 1152.0 505.0 1152.0 516.0 1148.0 515.0 small-vehicle 1
1214.0 814.0 1218.0 814.0 1217.0 823.0 1213.0 823.0 small-vehicle 1
1209.0 812.0 1214.0 813.0 1213.0 822.0 1208.0 821.0 small-vehicle 1
1206.0 813.0 1208.0 814.0 1208.0 821.0 1205.0 821.0 small-vehicle 1
1199.0 812.0 1205.0 814.0 1202.0 824.0 1198.0 823.0 small-vehicle 1
1424.0 850.0 1424.0 845.0 1434.0 846.0 1433.0 851.0 small-vehicle 1
1424.0 844.0 1424.0 839.0 1436.0 841.0 1436.0 844.0 small-vehicle 1
1424.0 838.0 1424.0 833.0 1436.0 836.0 1435.0 840.0 small-vehicle 1
1414.0 835.0 1419.0 835.0 1418.0 848.0 1414.0 847.0 small-vehicle 1
1188.0 768.0 1187.0 764.0 1198.0 766.0 1198.0 768.0 small-vehicle 1
1186.0 763.0 1186.0 759.0 1198.0 761.0 1197.0 765.0 small-vehicle 1
1188.0 756.0 1188.0 753.0 1199.0 752.0 1199.0 754.0 small-vehicle 1
1215.0 750.0 1219.0 750.0 1219.0 761.0 1214.0 761.0 small-vehicle 1
1233.0 791.0 1235.0 791.0 1234.0 800.0 1230.0 800.0 small-vehicle 1
1228.0 791.0 1230.0 791.0 1229.0 801.0 1226.0 800.0 small-vehicle 1
1223.0 790.0 1226.0 790.0 1225.0 801.0 1222.0 801.0 small-vehicle 1
1218.0 790.0 1222.0 790.0 1222.0 799.0 1218.0 798.0 small-vehicle 1
1213.0 790.0 1217.0 790.0 1216.0 799.0 1213.0 799.0 small-vehicle 1
1209.0 790.0 1213.0 790.0 1211.0 801.0 1208.0 800.0 small-vehicle 1
1237.0 782.0 1242.0 783.0 1241.0 791.0 1236.0 791.0 small-vehicle 1
1233.0 780.0 1236.0 780.0 1236.0 790.0 1232.0 790.0 small-vehicle 1
1226.0 780.0 1230.0 780.0 1230.0 788.0 1227.0 789.0 small-vehicle 1
1223.0 779.0 1226.0 778.0 1226.0 788.0 1223.0 789.0 small-vehicle 1
1209.0 779.0 1214.0 779.0 1211.0 789.0 1207.0 789.0 small-vehicle 1
1235.0 751.0 1239.0 752.0 1236.0 761.0 1232.0 760.0 small-vehicle 1
1241.0 772.0 1238.0 772.0 1238.0 761.0 1242.0 761.0 small-vehicle 1
1234.0 772.0 1230.0 772.0 1229.0 761.0 1232.0 761.0 small-vehicle 1
1216.0 760.0 1220.0 760.0 1220.0 770.0 1215.0 770.0 small-vehicle 1
1210.0 761.0 1215.0 761.0 1214.0 770.0 1210.0 770.0 small-vehicle 1
1221.0 751.0 1224.0 751.0 1224.0 760.0 1219.0 760.0 small-vehicle 1
1412.0 890.0 1414.0 893.0 1407.0 901.0 1405.0 897.0 small-vehicle 1
1402.0 881.0 1406.0 884.0 1398.0 892.0 1395.0 889.0 small-vehicle 1
1449.0 927.0 1452.0 927.0 1452.0 938.0 1448.0 938.0 small-vehicle 1
879.0 1179.0 878.0 1176.0 888.0 1175.0 888.0 1178.0 small-vehicle 1
1118.0 1174.0 1122.0 1174.0 1121.0 1184.0 1117.0 1184.0 small-vehicle 1
1136.0 811.0 1140.0 811.0 1139.0 822.0 1134.0 821.0 small-vehicle 1
1136.0 775.0 1140.0 775.0 1140.0 783.0 1136.0 783.0 small-vehicle 1
1137.0 761.0 1142.0 762.0 1141.0 773.0 1136.0 772.0 small-vehicle 1
1124.0 1027.0 1128.0 1029.0 1127.0 1038.0 1121.0 1038.0 small-vehicle 1
961.0 940.0 961.0 944.0 950.0 944.0 950.0 939.0 small-vehicle 1
1136.0 799.0 1139.0 800.0 1139.0 809.0 1134.0 808.0 small-vehicle 1
1136.0 784.0 1140.0 784.0 1138.0 796.0 1134.0 795.0 small-vehicle 1
1138.0 746.0 1144.0 747.0 1141.0 759.0 1136.0 757.0 small-vehicle 1
1142.0 650.0 1146.0 651.0 1143.0 661.0 1140.0 660.0 small-vehicle 1
1121.0 640.0 1121.0 644.0 1109.0 645.0 1109.0 641.0 small-vehicle 1
1121.0 625.0 1121.0 629.0 1109.0 628.0 1110.0 624.0 small-vehicle 1
1122.0 607.0 1122.0 611.0 1112.0 611.0 1111.0 607.0 small-vehicle 1
1122.0 601.0 1122.0 604.0 1112.0 605.0 1112.0 601.0 small-vehicle 1
1182.0 493.0 1177.0 493.0 1178.0 481.0 1181.0 481.0 small-vehicle 1
1160.0 547.0 1165.0 547.0 1163.0 559.0 1158.0 559.0 small-vehicle 1
1148.0 526.0 1152.0 527.0 1150.0 540.0 1146.0 539.0 small-vehicle 1
882.0 1232.0 879.0 1228.0 885.0 1219.0 888.0 1221.0 small-vehicle 1
877.0 1175.0 877.0 1172.0 886.0 1171.0 886.0 1174.0 small-vehicle 1
1444.0 927.0 1448.0 927.0 1446.0 938.0 1443.0 937.0 small-vehicle 1
876.0 1170.0 876.0 1167.0 886.0 1167.0 886.0 1171.0 small-vehicle 1
1439.0 927.0 1442.0 926.0 1441.0 936.0 1438.0 936.0 small-vehicle 1
1439.0 966.0 1440.0 962.0 1451.0 962.0 1450.0 966.0 small-vehicle 1
1280.0 873.0 1276.0 873.0 1275.0 862.0 1280.0 861.0 small-vehicle 1
1180.0 1224.0 1184.0 1225.0 1182.0 1237.0 1177.0 1236.0 small-vehicle 1
1188.0 1273.0 1193.0 1274.0 1193.0 1284.0 1188.0 1284.0 small-vehicle 1
1167.0 1297.0 1173.0 1298.0 1172.0 1309.0 1167.0 1309.0 small-vehicle 1
988.0 1728.0 985.0 1725.0 993.0 1718.0 996.0 1720.0 small-vehicle 1
985.0 1723.0 984.0 1719.0 991.0 1714.0 993.0 1716.0 small-vehicle 1
982.0 1719.0 980.0 1717.0 989.0 1709.0 991.0 1712.0 small-vehicle 1
980.0 1716.0 977.0 1712.0 986.0 1706.0 988.0 1709.0 small-vehicle 1
977.0 1711.0 975.0 1708.0 982.0 1702.0 984.0 1704.0 small-vehicle 1
977.0 1694.0 979.0 1699.0 971.0 1704.0 968.0 1701.0 small-vehicle 1
810.0 1318.0 815.0 1317.0 817.0 1330.0 811.0 1330.0 small-vehicle 1
1107.0 1403.0 1112.0 1403.0 1112.0 1416.0 1107.0 1417.0 small-vehicle 1
1109.0 1375.0 1114.0 1376.0 1112.0 1390.0 1107.0 1390.0 small-vehicle 1
1112.0 1281.0 1118.0 1281.0 1117.0 1292.0 1111.0 1291.0 small-vehicle 1
876.0 1167.0 876.0 1162.0 886.0 1161.0 887.0 1165.0 small-vehicle 1
130.0 508.0 135.0 514.0 114.0 534.0 108.0 528.0 large-vehicle 0
