imagesource:GoogleEarth
gsd:0.572504062924
1602.0 773.0 1574.0 745.0 1651.0 674.0 1678.0 702.0 ship 0
676.0 885.0 740.0 925.0 559.0 1175.0 494.0 1123.0 bridge 0
852.0 288.0 854.0 277.0 1059.0 317.0 1057.0 328.0 harbor 0
1649.0 781.0 1622.0 754.0 1677.0 701.0 1702.0 728.0 ship 0
1685.0 2315.0 1701.0 2324.0 1664.0 2394.0 1641.0 2393.0 bridge 1
681.0 1967.0 699.0 1967.0 699.0 1988.0 681.0 1988.0 storage-tank 0
404.0 2033.0 431.0 2033.0 431.0 2059.0 404.0 2059.0 storage-tank 0
424.0 2006.0 451.0 2006.0 451.0 2033.0 424.0 2033.0 storage-tank 0
604.0 1395.0 647.0 1395.0 647.0 1436.0 604.0 1436.0 storage-tank 0
654.0 1432.0 695.0 1432.0 695.0 1472.0 654.0 1472.0 storage-tank 0
719.0 1479.0 761.0 1479.0 761.0 1523.0 719.0 1523.0 storage-tank 0
770.0 1516.0 811.0 1516.0 811.0 1558.0 770.0 1558.0 storage-tank 0
835.0 1562.0 877.0 1562.0 877.0 1605.0 835.0 1605.0 storage-tank 0
884.0 1601.0 925.0 1601.0 925.0 1643.0 884.0 1643.0 storage-tank 0
826.0 1273.0 850.0 1273.0 850.0 1296.0 826.0 1296.0 storage-tank 0
815.0 1927.0 831.0 1927.0 831.0 1943.0 815.0 1943.0 storage-tank 0
811.0 2018.0 832.0 2018.0 832.0 2038.0 811.0 2038.0 storage-tank 0
845.0 1984.0 858.0 1984.0 858.0 1998.0 845.0 1998.0 storage-tank 1
837.0 1998.0 847.0 1998.0 847.0 2010.0 837.0 2010.0 storage-tank 1
372.0 1719.0 391.0 1719.0 391.0 1741.0 372.0 1741.0 storage-tank 0
355.0 1744.0 374.0 1744.0 374.0 1763.0 355.0 1763.0 storage-tank 0
400.0 1054.0 424.0 1024.0 507.0 1092.0 482.0 1122.0 ship 0
