imagesource:GoogleEarth
gsd:1.12870654457
920.0 1509.0 910.0 1562.0 1009.0 1592.0 1019.0 1539.0 ground-track-field 0
1607.0 494.0 1614.0 448.0 1577.0 440.0 1567.0 483.0 baseball-diamond 0
1797.0 477.0 1856.0 477.0 1856.0 491.0 1797.0 491.0 bridge 0
1939.0 1753.0 1972.0 1768.0 1939.0 1843.0 1904.0 1827.0 ground-track-field 1
1514.0 814.0 1531.0 766.0 1628.0 801.0 1614.0 849.0 ground-track-field 1
1434.0 1046.0 1451.0 1000.0 1530.0 1030.0 1510.0 1076.0 ground-track-field 1
1537.0 2038.0 1546.0 2037.0 1546.0 2060.0 1537.0 2060.0 bridge 0
1063.0 1794.0 1073.0 1801.0 1064.0 1816.0 1054.0 1810.0 bridge 0
1229.0 1861.0 1248.0 1792.0 1403.0 1835.0 1387.0 1906.0 ground-track-field 1
1276.0 494.0 1299.0 434.0 1411.0 480.0 1390.0 541.0 ground-track-field 1
793.0 746.0 854.0 807.0 748.0 919.0 690.0 864.0 ground-track-field 1
537.0 985.0 568.0 955.0 624.0 1009.0 596.0 1039.0 ground-track-field 1
892.0 1764.0 916.0 1758.0 931.0 1818.0 907.0 1824.0 bridge 0
206.0 1121.0 231.0 1112.0 235.0 1125.0 210.0 1135.0 bridge 0
222.0 476.0 231.0 466.0 246.0 481.0 236.0 492.0 bridge 0
