imagesource:GoogleEarth
gsd:0.128298828186
1405.0 576.0 1404.0 592.0 1366.0 587.0 1368.0 570.0 small-vehicle 0
591.0 855.0 581.0 842.0 611.0 816.0 621.0 829.0 ship 0
677.0 1008.0 656.0 1004.0 669.0 959.0 689.0 966.0 ship 0
531.0 905.0 520.0 891.0 554.0 864.0 566.0 879.0 ship 0
543.0 938.0 531.0 927.0 555.0 898.0 567.0 909.0 ship 0
550.0 963.0 543.0 949.0 581.0 924.0 590.0 941.0 ship 0
581.0 983.0 570.0 974.0 591.0 945.0 603.0 955.0 ship 0
304.0 828.0 288.0 821.0 304.0 782.0 322.0 791.0 ship 0
254.0 818.0 238.0 809.0 256.0 776.0 271.0 786.0 ship 0
232.0 800.0 215.0 799.0 221.0 761.0 239.0 762.0 ship 0
196.0 781.0 184.0 773.0 204.0 739.0 218.0 748.0 ship 0
165.0 770.0 149.0 762.0 166.0 724.0 182.0 733.0 ship 0
96.0 746.0 82.0 737.0 101.0 702.0 115.0 711.0 ship 0
282.0 441.0 298.0 449.0 279.0 484.0 264.0 474.0 ship 0
363.0 708.0 350.0 699.0 375.0 664.0 389.0 673.0 ship 0
342.0 692.0 326.0 686.0 344.0 648.0 360.0 655.0 ship 0
313.0 691.0 304.0 703.0 270.0 680.0 280.0 664.0 ship 0
186.0 642.0 200.0 633.0 225.0 662.0 212.0 673.0 ship 0
185.0 630.0 174.0 643.0 142.0 619.0 151.0 605.0 ship 0
71.0 644.0 79.0 631.0 115.0 652.0 106.0 665.0 ship 0
79.0 612.0 91.0 602.0 117.0 630.0 105.0 641.0 ship 0
91.0 581.0 102.0 568.0 134.0 592.0 122.0 606.0 ship 0
944.0 985.0 941.0 994.0 898.0 976.0 902.0 968.0 harbor 0
697.0 889.0 701.0 879.0 766.0 908.0 762.0 917.0 harbor 0
666.0 856.0 658.0 861.0 548.0 727.0 554.0 720.0 harbor 0
356.0 682.0 350.0 677.0 371.0 645.0 378.0 649.0 harbor 0
284.0 799.0 292.0 803.0 277.0 840.0 269.0 837.0 harbor 0
240.0 774.0 248.0 778.0 232.0 817.0 224.0 814.0 harbor 0
186.0 745.0 193.0 749.0 171.0 794.0 162.0 789.0 harbor 0
605.0 878.0 593.0 865.0 623.0 833.0 635.0 846.0 ship 0
516.0 877.0 507.0 864.0 539.0 841.0 547.0 854.0 ship 0
1191.0 128.0 1206.0 130.0 1199.0 166.0 1183.0 161.0 small-vehicle 0
508.0 852.0 499.0 838.0 530.0 814.0 541.0 828.0 ship 0
986.0 1091.0 974.0 1104.0 944.0 1081.0 953.0 1067.0 ship 0
967.0 1116.0 957.0 1128.0 928.0 1097.0 941.0 1086.0 ship 0
943.0 1140.0 928.0 1148.0 906.0 1113.0 920.0 1103.0 ship 0
803.0 1107.0 789.0 1097.0 810.0 1065.0 824.0 1075.0 ship 0
782.0 1091.0 766.0 1079.0 790.0 1039.0 806.0 1051.0 ship 0
770.0 1073.0 754.0 1071.0 758.0 1031.0 775.0 1033.0 ship 0
911.0 1047.0 896.0 1040.0 917.0 999.0 932.0 1008.0 ship 0
881.0 1038.0 861.0 1029.0 880.0 991.0 899.0 999.0 ship 0
854.0 1022.0 835.0 1014.0 855.0 973.0 873.0 982.0 ship 0
826.0 1005.0 811.0 998.0 827.0 966.0 843.0 974.0 ship 0
808.0 1015.0 793.0 1012.0 799.0 978.0 815.0 979.0 ship 0
785.0 1017.0 766.0 1015.0 775.0 972.0 792.0 975.0 ship 0
732.0 962.0 716.0 956.0 732.0 919.0 746.0 926.0 ship 0
713.0 951.0 699.0 943.0 715.0 907.0 730.0 915.0 ship 0
694.0 944.0 680.0 937.0 696.0 901.0 710.0 908.0 ship 0
973.0 693.0 989.0 696.0 981.0 734.0 965.0 730.0 ship 0
842.0 684.0 856.0 695.0 832.0 723.0 820.0 713.0 ship 0
770.0 672.0 783.0 655.0 817.0 686.0 805.0 699.0 ship 0
782.0 599.0 795.0 607.0 774.0 641.0 763.0 633.0 ship 0
601.0 414.0 618.0 418.0 609.0 455.0 591.0 450.0 ship 0
615.0 384.0 630.0 382.0 637.0 421.0 621.0 422.0 ship 0
398.0 453.0 413.0 462.0 392.0 496.0 378.0 488.0 ship 0
602.0 529.0 617.0 518.0 639.0 550.0 624.0 562.0 ship 0
527.0 778.0 519.0 764.0 550.0 741.0 558.0 755.0 ship 0
546.0 800.0 535.0 789.0 563.0 762.0 575.0 775.0 ship 0
559.0 813.0 551.0 802.0 581.0 778.0 590.0 791.0 ship 0
574.0 834.0 564.0 821.0 596.0 795.0 604.0 807.0 ship 0
110.0 728.0 119.0 734.0 102.0 763.0 93.0 758.0 harbor 0
