imagesource:GoogleEarth
gsd:0.135824659918
2075.0 512.0 2093.0 520.0 2071.0 553.0 2059.0 544.0 small-vehicle 1
533.0 1706.0 532.0 1689.0 566.0 1689.0 566.0 1704.0 small-vehicle 0
516.0 2123.0 519.0 2108.0 546.0 2113.0 543.0 2126.0 small-vehicle 0
611.0 2108.0 612.0 2092.0 644.0 2094.0 643.0 2109.0 small-vehicle 0
522.0 2084.0 522.0 2068.0 554.0 2070.0 553.0 2085.0 small-vehicle 0
427.0 1983.0 414.0 1978.0 426.0 1945.0 439.0 1950.0 small-vehicle 0
503.0 1836.0 490.0 1831.0 501.0 1803.0 513.0 1808.0 small-vehicle 0
437.0 1681.0 452.0 1686.0 441.0 1724.0 424.0 1717.0 small-vehicle 0
552.0 1770.0 553.0 1754.0 586.0 1759.0 584.0 1773.0 small-vehicle 0
520.0 2169.0 520.0 2154.0 551.0 2155.0 551.0 2168.0 small-vehicle 0
531.0 1750.0 519.0 1745.0 528.0 1721.0 541.0 1726.0 small-vehicle 0
605.0 1752.0 595.0 1741.0 617.0 1719.0 626.0 1729.0 small-vehicle 0
666.0 1759.0 652.0 1762.0 648.0 1733.0 661.0 1730.0 small-vehicle 0
529.0 1645.0 517.0 1641.0 529.0 1607.0 541.0 1611.0 small-vehicle 0
574.0 1621.0 560.0 1614.0 572.0 1580.0 584.0 1584.0 small-vehicle 0
586.0 1582.0 573.0 1578.0 583.0 1545.0 598.0 1549.0 small-vehicle 0
517.0 2142.0 518.0 2128.0 550.0 2131.0 549.0 2144.0 small-vehicle 0
580.0 2247.0 567.0 2243.0 577.0 2211.0 590.0 2215.0 large-vehicle 0
2258.0 307.0 2267.0 317.0 2247.0 339.0 2235.0 332.0 small-vehicle 1
597.0 2281.0 593.0 2296.0 560.0 2285.0 565.0 2270.0 small-vehicle 0
119.0 3501.0 111.0 3511.0 86.0 3485.0 95.0 3476.0 small-vehicle 0
433.0 3673.0 437.0 3661.0 467.0 3671.0 463.0 3683.0 small-vehicle 0
436.0 2525.0 431.0 2539.0 399.0 2527.0 404.0 2513.0 small-vehicle 0
443.0 2488.0 438.0 2502.0 410.0 2493.0 415.0 2477.0 small-vehicle 0
449.0 2471.0 444.0 2485.0 411.0 2472.0 416.0 2458.0 small-vehicle 0
461.0 2435.0 456.0 2448.0 430.0 2439.0 435.0 2426.0 small-vehicle 0
643.0 2389.0 631.0 2384.0 640.0 2358.0 654.0 2363.0 small-vehicle 0
642.0 2266.0 632.0 2260.0 645.0 2229.0 657.0 2235.0 small-vehicle 0
662.0 2393.0 649.0 2391.0 658.0 2360.0 669.0 2363.0 small-vehicle 0
677.0 2400.0 665.0 2396.0 677.0 2365.0 688.0 2370.0 small-vehicle 0
698.0 2406.0 683.0 2403.0 695.0 2369.0 708.0 2374.0 small-vehicle 0
716.0 2414.0 702.0 2408.0 714.0 2374.0 728.0 2379.0 small-vehicle 0
734.0 2419.0 719.0 2413.0 730.0 2383.0 743.0 2388.0 small-vehicle 0
703.0 2357.0 707.0 2344.0 735.0 2353.0 731.0 2366.0 small-vehicle 0
504.0 1566.0 518.0 1572.0 506.0 1609.0 490.0 1602.0 small-vehicle 0
497.0 1495.0 512.0 1500.0 498.0 1534.0 485.0 1530.0 small-vehicle 0
618.0 1484.0 603.0 1479.0 615.0 1445.0 629.0 1450.0 small-vehicle 0
952.0 916.0 951.0 901.0 984.0 902.0 983.0 917.0 small-vehicle 0
1108.0 128.0 1120.0 137.0 1101.0 165.0 1089.0 157.0 small-vehicle 0
912.0 156.0 925.0 162.0 911.0 194.0 898.0 186.0 small-vehicle 0
946.0 190.0 950.0 205.0 919.0 218.0 913.0 203.0 small-vehicle 0
957.0 847.0 961.0 830.0 995.0 838.0 992.0 852.0 small-vehicle 0
956.0 871.0 958.0 857.0 992.0 859.0 991.0 874.0 small-vehicle 0
955.0 895.0 956.0 880.0 989.0 883.0 988.0 898.0 small-vehicle 0
1064.0 861.0 1068.0 844.0 1098.0 852.0 1094.0 867.0 small-vehicle 0
632.0 1441.0 618.0 1438.0 630.0 1406.0 643.0 1411.0 small-vehicle 0
1095.0 871.0 1092.0 884.0 1063.0 878.0 1066.0 865.0 small-vehicle 0
1082.0 908.0 1081.0 923.0 1049.0 921.0 1050.0 906.0 small-vehicle 0
1079.0 935.0 1074.0 949.0 1042.0 941.0 1047.0 928.0 small-vehicle 0
933.0 1013.0 921.0 1012.0 922.0 982.0 934.0 982.0 small-vehicle 0
1053.0 1090.0 1040.0 1089.0 1041.0 1065.0 1053.0 1065.0 small-vehicle 0
817.0 1887.0 814.0 1901.0 777.0 1897.0 780.0 1881.0 small-vehicle 0
744.0 560.0 750.0 546.0 778.0 558.0 773.0 571.0 small-vehicle 0
694.0 456.0 710.0 461.0 698.0 496.0 683.0 490.0 small-vehicle 0
679.0 447.0 694.0 452.0 680.0 489.0 666.0 484.0 small-vehicle 0
661.0 446.0 674.0 450.0 665.0 478.0 652.0 473.0 small-vehicle 0
593.0 424.0 605.0 428.0 595.0 458.0 580.0 452.0 small-vehicle 0
555.0 415.0 570.0 420.0 558.0 452.0 544.0 447.0 small-vehicle 0
447.0 384.0 462.0 389.0 450.0 421.0 435.0 417.0 small-vehicle 0
721.0 876.0 735.0 882.0 724.0 913.0 709.0 907.0 small-vehicle 0
398.0 1067.0 404.0 1053.0 436.0 1066.0 431.0 1079.0 small-vehicle 0
454.0 1020.0 449.0 1034.0 414.0 1022.0 420.0 1006.0 small-vehicle 0
463.0 968.0 474.0 980.0 452.0 1003.0 441.0 991.0 small-vehicle 0
483.0 976.0 493.0 988.0 470.0 1012.0 457.0 1001.0 small-vehicle 0
575.0 1055.0 571.0 1069.0 538.0 1059.0 542.0 1044.0 small-vehicle 0
493.0 1100.0 499.0 1086.0 531.0 1100.0 524.0 1114.0 small-vehicle 0
575.0 1249.0 590.0 1253.0 578.0 1287.0 563.0 1282.0 small-vehicle 0
705.0 1212.0 691.0 1207.0 703.0 1176.0 715.0 1181.0 small-vehicle 0
600.0 1435.0 587.0 1432.0 598.0 1402.0 611.0 1405.0 small-vehicle 0
79.0 3162.0 66.0 3158.0 77.0 3129.0 90.0 3132.0 small-vehicle 0
119.0 3035.0 106.0 3030.0 118.0 2996.0 130.0 3001.0 large-vehicle 0
298.0 2946.0 292.0 2960.0 266.0 2948.0 271.0 2935.0 small-vehicle 0
51.0 691.0 58.0 678.0 88.0 694.0 81.0 706.0 small-vehicle 0
1922.0 1509.0 2022.0 1509.0 2022.0 1607.0 1922.0 1607.0 plane 0
2035.0 2606.0 2133.0 2606.0 2133.0 2679.0 2035.0 2679.0 plane 0
2441.0 2050.0 2465.0 2050.0 2465.0 2116.0 2441.0 2116.0 large-vehicle 0
310.0 341.0 322.0 346.0 313.0 371.0 300.0 366.0 small-vehicle 0
64.0 646.0 69.0 632.0 98.0 642.0 93.0 657.0 small-vehicle 0
58.0 666.0 64.0 652.0 95.0 664.0 90.0 678.0 small-vehicle 0
76.0 831.0 64.0 830.0 68.0 800.0 81.0 800.0 small-vehicle 0
288.0 913.0 296.0 925.0 270.0 945.0 261.0 933.0 small-vehicle 0
132.0 862.0 141.0 873.0 113.0 896.0 104.0 882.0 small-vehicle 0
153.0 868.0 163.0 879.0 137.0 907.0 128.0 896.0 small-vehicle 0
171.0 875.0 181.0 885.0 159.0 910.0 147.0 899.0 small-vehicle 0
225.0 872.0 230.0 860.0 263.0 871.0 259.0 884.0 small-vehicle 0
208.0 887.0 217.0 899.0 190.0 920.0 182.0 906.0 small-vehicle 0
225.0 896.0 234.0 906.0 211.0 926.0 201.0 916.0 small-vehicle 0
1811.0 1777.0 2008.0 1777.0 2008.0 1952.0 1811.0 1952.0 plane 0
1851.0 2854.0 1972.0 2854.0 1972.0 2961.0 1851.0 2961.0 plane 0
1687.0 1391.0 1762.0 1391.0 1762.0 1450.0 1687.0 1450.0 plane 0
1605.0 1383.0 1684.0 1383.0 1684.0 1444.0 1605.0 1444.0 plane 0
1524.0 1382.0 1597.0 1382.0 1597.0 1441.0 1524.0 1441.0 plane 0
1686.0 749.0 1752.0 794.0 1723.0 842.0 1656.0 798.0 plane 0
1480.0 343.0 1490.0 329.0 1523.0 352.0 1513.0 366.0 large-vehicle 0
1675.0 530.0 1748.0 580.0 1711.0 639.0 1633.0 588.0 plane 0
1421.0 2983.0 1402.0 2985.0 1398.0 2935.0 1416.0 2934.0 large-vehicle 0
1374.0 558.0 1444.0 620.0 1405.0 662.0 1336.0 606.0 plane 0
1362.0 949.0 1455.0 949.0 1455.0 1029.0 1362.0 1029.0 plane 0
1130.0 3538.0 1147.0 3538.0 1146.0 3581.0 1129.0 3581.0 large-vehicle 0
1155.0 3264.0 1175.0 3266.0 1172.0 3320.0 1151.0 3320.0 large-vehicle 0
742.0 1107.0 722.0 1099.0 758.0 983.0 777.0 989.0 large-vehicle 0
783.0 8.0 881.0 9.0 794.0 138.0 727.0 91.0 tennis-court 0
556.0 1306.0 570.0 1312.0 557.0 1346.0 544.0 1341.0 large-vehicle 0
118.0 2675.0 135.0 2682.0 118.0 2726.0 101.0 2720.0 large-vehicle 0
266.0 906.0 277.0 916.0 251.0 943.0 240.0 931.0 small-vehicle 0
121.0 984.0 126.0 969.0 159.0 979.0 154.0 995.0 small-vehicle 0
308.0 2926.0 304.0 2940.0 272.0 2930.0 278.0 2916.0 small-vehicle 0
215.0 2739.0 203.0 2734.0 214.0 2702.0 226.0 2707.0 small-vehicle 0
228.0 2696.0 215.0 2692.0 226.0 2659.0 239.0 2664.0 small-vehicle 0
255.0 2709.0 259.0 2695.0 290.0 2706.0 285.0 2719.0 small-vehicle 0
369.0 2714.0 367.0 2727.0 335.0 2720.0 338.0 2706.0 small-vehicle 0
363.0 2752.0 358.0 2768.0 324.0 2755.0 330.0 2741.0 small-vehicle 0
359.0 2772.0 355.0 2785.0 322.0 2773.0 326.0 2760.0 small-vehicle 0
243.0 2741.0 250.0 2729.0 277.0 2743.0 271.0 2754.0 small-vehicle 0
114.0 2585.0 108.0 2599.0 80.0 2585.0 86.0 2573.0 small-vehicle 0
191.0 1005.0 196.0 989.0 229.0 1000.0 224.0 1015.0 small-vehicle 0
223.0 2814.0 227.0 2803.0 254.0 2813.0 249.0 2825.0 small-vehicle 0
214.0 2835.0 221.0 2820.0 254.0 2834.0 247.0 2849.0 small-vehicle 0
177.0 2860.0 163.0 2856.0 174.0 2823.0 187.0 2828.0 small-vehicle 0
163.0 2896.0 150.0 2892.0 161.0 2862.0 174.0 2867.0 small-vehicle 0
200.0 2890.0 206.0 2876.0 237.0 2890.0 231.0 2904.0 small-vehicle 0
193.0 2907.0 200.0 2894.0 229.0 2907.0 224.0 2920.0 small-vehicle 0
284.0 2616.0 288.0 2603.0 318.0 2614.0 313.0 2627.0 small-vehicle 0
322.0 2597.0 318.0 2609.0 290.0 2601.0 294.0 2589.0 small-vehicle 0
312.0 2526.0 320.0 2513.0 348.0 2528.0 342.0 2541.0 small-vehicle 0
353.0 2414.0 358.0 2400.0 385.0 2410.0 380.0 2423.0 small-vehicle 0
229.0 2182.0 245.0 2187.0 236.0 2222.0 220.0 2217.0 small-vehicle 0
235.0 2136.0 250.0 2140.0 239.0 2175.0 225.0 2169.0 small-vehicle 0
332.0 2011.0 344.0 2016.0 335.0 2041.0 324.0 2037.0 small-vehicle 0
362.0 1909.0 375.0 1913.0 364.0 1946.0 351.0 1941.0 large-vehicle 0
135.0 1757.0 149.0 1765.0 131.0 1798.0 118.0 1789.0 small-vehicle 0
141.0 1228.0 136.0 1240.0 103.0 1229.0 107.0 1216.0 large-vehicle 0
153.0 1197.0 148.0 1210.0 115.0 1198.0 121.0 1185.0 large-vehicle 0
145.0 1211.0 140.0 1224.0 114.0 1216.0 119.0 1202.0 small-vehicle 0
120.0 1183.0 116.0 1196.0 89.0 1188.0 93.0 1175.0 small-vehicle 0
176.0 1238.0 172.0 1252.0 141.0 1244.0 145.0 1229.0 small-vehicle 0
178.0 1221.0 174.0 1233.0 146.0 1226.0 150.0 1213.0 small-vehicle 0
188.0 1210.0 184.0 1222.0 156.0 1211.0 161.0 1199.0 small-vehicle 0
73.0 1165.0 78.0 1151.0 109.0 1164.0 105.0 1177.0 small-vehicle 0
1024.0 1996.0 1023.0 2010.0 992.0 2009.0 993.0 1994.0 small-vehicle 0
987.0 2084.0 988.0 2070.0 1019.0 2072.0 1018.0 2086.0 small-vehicle 0
778.0 2103.0 778.0 2119.0 748.0 2118.0 749.0 2103.0 small-vehicle 0
1723.0 546.0 1712.0 537.0 1728.0 516.0 1738.0 523.0 small-vehicle 0
1686.0 1497.0 1686.0 1511.0 1657.0 1510.0 1657.0 1495.0 small-vehicle 0
1580.0 368.0 1572.0 378.0 1543.0 355.0 1552.0 345.0 large-vehicle 0
1557.0 375.0 1548.0 388.0 1520.0 369.0 1528.0 355.0 large-vehicle 0
1555.0 340.0 1564.0 329.0 1592.0 350.0 1585.0 361.0 small-vehicle 0
1737.0 90.0 1746.0 78.0 1772.0 97.0 1764.0 109.0 small-vehicle 0
1893.0 79.0 1886.0 90.0 1856.0 71.0 1865.0 58.0 small-vehicle 0
1760.0 563.0 1748.0 556.0 1767.0 524.0 1779.0 533.0 small-vehicle 0
2163.0 247.0 2170.0 260.0 2141.0 277.0 2132.0 263.0 large-vehicle 0
2037.0 707.0 2048.0 694.0 2071.0 715.0 2064.0 727.0 small-vehicle 0
2023.0 781.0 2010.0 773.0 2029.0 743.0 2042.0 751.0 small-vehicle 0
2043.0 789.0 2031.0 784.0 2043.0 757.0 2056.0 762.0 small-vehicle 0
1758.0 3884.0 1761.0 3900.0 1730.0 3909.0 1726.0 3894.0 small-vehicle 0
1773.0 4154.0 1760.0 4145.0 1776.0 4116.0 1788.0 4124.0 small-vehicle 0
1854.0 4195.0 1840.0 4186.0 1861.0 4151.0 1873.0 4160.0 large-vehicle 0
1460.0 1650.0 1451.0 1663.0 1425.0 1645.0 1433.0 1632.0 small-vehicle 0
1458.0 1672.0 1450.0 1682.0 1424.0 1665.0 1431.0 1654.0 small-vehicle 0
1417.0 1688.0 1426.0 1674.0 1454.0 1693.0 1445.0 1707.0 small-vehicle 0
1455.0 1715.0 1447.0 1729.0 1420.0 1714.0 1429.0 1700.0 small-vehicle 0
1529.0 1789.0 1528.0 1805.0 1493.0 1804.0 1494.0 1787.0 small-vehicle 0
1526.0 1832.0 1524.0 1846.0 1494.0 1846.0 1494.0 1830.0 small-vehicle 0
1485.0 1919.0 1486.0 1903.0 1520.0 1906.0 1518.0 1921.0 small-vehicle 0
1521.0 1923.0 1520.0 1940.0 1491.0 1938.0 1492.0 1922.0 small-vehicle 0
1518.0 1966.0 1518.0 1981.0 1484.0 1981.0 1485.0 1965.0 small-vehicle 0
1520.0 1946.0 1519.0 1957.0 1486.0 1957.0 1487.0 1944.0 small-vehicle 0
1442.0 2109.0 1444.0 2095.0 1472.0 2099.0 1470.0 2113.0 small-vehicle 0
1437.0 2133.0 1438.0 2116.0 1472.0 2118.0 1472.0 2132.0 small-vehicle 0
1439.0 2151.0 1440.0 2135.0 1474.0 2136.0 1472.0 2151.0 small-vehicle 0
1439.0 2184.0 1441.0 2170.0 1472.0 2175.0 1469.0 2189.0 small-vehicle 0
1435.0 2204.0 1437.0 2189.0 1472.0 2193.0 1470.0 2207.0 small-vehicle 0
1436.0 2224.0 1439.0 2209.0 1471.0 2212.0 1469.0 2227.0 small-vehicle 0
1548.0 2298.0 1547.0 2315.0 1521.0 2312.0 1521.0 2296.0 small-vehicle 0
2171.0 64.0 2159.0 54.0 2178.0 24.0 2190.0 33.0 large-vehicle 0
2279.0 318.0 2290.0 330.0 2266.0 356.0 2255.0 344.0 large-vehicle 0
1429.0 2338.0 1431.0 2324.0 1463.0 2329.0 1461.0 2344.0 small-vehicle 0
1723.0 176.0 1738.0 188.0 1716.0 214.0 1703.0 210.0 small-vehicle 1
283.0 2039.0 305.0 2047.0 285.0 2081.0 268.0 2073.0 small-vehicle 0
564.0 2322.0 573.0 2341.0 544.0 2352.0 534.0 2337.0 small-vehicle 0
558.0 1041.0 544.0 1031.0 564.0 1000.0 579.0 1008.0 small-vehicle 1
1089.0 1056.0 1104.0 1056.0 1102.0 1092.0 1092.0 1092.0 small-vehicle 1
880.0 978.0 894.0 978.0 892.0 1017.0 876.0 1017.0 small-vehicle 1
978.0 1115.0 988.0 1115.0 988.0 1144.0 977.0 1144.0 small-vehicle 1
586.0 1209.0 599.0 1212.0 590.0 1250.0 577.0 1249.0 small-vehicle 1
2314.0 350.0 2325.0 360.0 2305.0 384.0 2293.0 374.0 large-vehicle 0
583.0 1673.0 581.0 1656.0 614.0 1654.0 613.0 1668.0 small-vehicle 1
840.0 2334.0 838.0 2318.0 872.0 2323.0 867.0 2333.0 small-vehicle 1
874.0 2333.0 878.0 2318.0 906.0 2324.0 902.0 2335.0 small-vehicle 1
420.0 2452.0 425.0 2441.0 458.0 2452.0 454.0 2466.0 small-vehicle 1
300.0 2560.0 304.0 2549.0 333.0 2558.0 331.0 2574.0 small-vehicle 1
310.0 2808.0 315.0 2795.0 343.0 2803.0 340.0 2819.0 small-vehicle 1
316.0 2048.0 334.0 2052.0 324.0 2094.0 308.0 2090.0 small-vehicle 0
146.0 1777.0 156.0 1769.0 170.0 1796.0 156.0 1798.0 small-vehicle 0
90.0 1788.0 105.0 1795.0 96.0 1828.0 81.0 1829.0 small-vehicle 0
459.0 1608.0 473.0 1612.0 466.0 1646.0 447.0 1644.0 small-vehicle 0
473.0 1570.0 488.0 1574.0 472.0 1605.0 461.0 1603.0 small-vehicle 0
483.0 1534.0 497.0 1539.0 484.0 1571.0 472.0 1567.0 small-vehicle 0
2442.0 434.0 2454.0 442.0 2436.0 469.0 2424.0 461.0 small-vehicle 0
2071.0 800.0 2056.0 795.0 2071.0 757.0 2086.0 762.0 small-vehicle 0
2139.0 593.0 2153.0 602.0 2133.0 634.0 2120.0 625.0 small-vehicle 0
2180.0 541.0 2191.0 548.0 2173.0 574.0 2161.0 567.0 small-vehicle 0
2374.0 510.0 2383.0 497.0 2411.0 518.0 2403.0 530.0 small-vehicle 0
2233.0 456.0 2246.0 465.0 2229.0 490.0 2215.0 481.0 small-vehicle 0
2405.0 411.0 2417.0 419.0 2399.0 448.0 2386.0 439.0 small-vehicle 0
2390.0 396.0 2402.0 406.0 2381.0 436.0 2369.0 426.0 small-vehicle 0
2372.0 388.0 2385.0 396.0 2368.0 421.0 2357.0 413.0 small-vehicle 0
2089.0 321.0 2098.0 310.0 2126.0 330.0 2116.0 343.0 small-vehicle 0
2328.0 366.0 2338.0 377.0 2310.0 406.0 2299.0 396.0 large-vehicle 0
1430.0 2301.0 1432.0 2284.0 1467.0 2290.0 1464.0 2306.0 small-vehicle 0
1428.0 2358.0 1429.0 2341.0 1464.0 2345.0 1461.0 2362.0 small-vehicle 0
761.0 2141.0 760.0 2156.0 724.0 2156.0 725.0 2138.0 small-vehicle 0
1001.0 2382.0 1004.0 2368.0 1042.0 2374.0 1040.0 2388.0 large-vehicle 0
1003.0 2306.0 1002.0 2322.0 970.0 2323.0 970.0 2305.0 small-vehicle 0
1006.0 2323.0 1007.0 2308.0 1041.0 2311.0 1039.0 2327.0 small-vehicle 0
1006.0 2343.0 1008.0 2329.0 1034.0 2331.0 1032.0 2344.0 small-vehicle 0
967.0 2340.0 967.0 2325.0 999.0 2328.0 999.0 2341.0 small-vehicle 0
998.0 2349.0 998.0 2363.0 969.0 2362.0 970.0 2346.0 small-vehicle 0
1001.0 2367.0 999.0 2383.0 962.0 2378.0 964.0 2362.0 small-vehicle 0
875.0 2355.0 876.0 2339.0 909.0 2342.0 908.0 2356.0 small-vehicle 0
979.0 2497.0 966.0 2492.0 978.0 2463.0 990.0 2467.0 small-vehicle 0
874.0 2304.0 873.0 2319.0 841.0 2318.0 842.0 2302.0 small-vehicle 0
754.0 2282.0 753.0 2295.0 724.0 2295.0 725.0 2281.0 small-vehicle 0
753.0 2424.0 739.0 2419.0 750.0 2387.0 764.0 2391.0 small-vehicle 0
809.0 2412.0 815.0 2398.0 852.0 2413.0 846.0 2427.0 large-vehicle 0
907.0 2475.0 892.0 2470.0 904.0 2440.0 918.0 2444.0 small-vehicle 0
926.0 2479.0 913.0 2474.0 924.0 2443.0 937.0 2448.0 small-vehicle 0
1005.0 2305.0 1008.0 2288.0 1044.0 2295.0 1040.0 2310.0 small-vehicle 0
880.0 2317.0 882.0 2301.0 918.0 2309.0 914.0 2324.0 small-vehicle 0
847.0 2295.0 848.0 2280.0 879.0 2284.0 878.0 2297.0 small-vehicle 0
753.0 2311.0 754.0 2297.0 789.0 2299.0 788.0 2313.0 small-vehicle 0
793.0 2280.0 792.0 2295.0 759.0 2294.0 761.0 2279.0 small-vehicle 0
754.0 2264.0 753.0 2276.0 725.0 2276.0 726.0 2263.0 small-vehicle 0
760.0 2239.0 758.0 2254.0 724.0 2254.0 724.0 2238.0 small-vehicle 0
885.0 2241.0 886.0 2226.0 918.0 2230.0 915.0 2244.0 small-vehicle 0
968.0 2283.0 970.0 2268.0 1000.0 2271.0 998.0 2285.0 small-vehicle 0
1009.0 2264.0 1011.0 2252.0 1040.0 2255.0 1039.0 2266.0 small-vehicle 0
761.0 2220.0 759.0 2234.0 724.0 2233.0 724.0 2217.0 small-vehicle 0
795.0 2204.0 794.0 2217.0 771.0 2215.0 772.0 2203.0 small-vehicle 0
800.0 2182.0 799.0 2197.0 765.0 2196.0 765.0 2180.0 small-vehicle 0
849.0 2217.0 850.0 2202.0 880.0 2205.0 877.0 2220.0 small-vehicle 0
884.0 2165.0 883.0 2180.0 850.0 2179.0 851.0 2163.0 small-vehicle 0
1011.0 2191.0 1010.0 2204.0 982.0 2203.0 982.0 2190.0 small-vehicle 0
1067.0 2147.0 1081.0 2150.0 1076.0 2189.0 1062.0 2187.0 small-vehicle 0
944.0 2485.0 930.0 2482.0 939.0 2449.0 953.0 2454.0 small-vehicle 0
999.0 2501.0 986.0 2498.0 996.0 2465.0 1008.0 2469.0 small-vehicle 0
1619.0 2546.0 1604.0 2546.0 1606.0 2514.0 1621.0 2514.0 large-vehicle 0
1545.0 4098.0 1532.0 4096.0 1541.0 4063.0 1554.0 4066.0 small-vehicle 0
1405.0 4068.0 1393.0 4066.0 1401.0 4039.0 1414.0 4041.0 small-vehicle 0
1398.0 3573.0 1399.0 3560.0 1432.0 3564.0 1431.0 3576.0 small-vehicle 0
1394.0 3628.0 1395.0 3612.0 1427.0 3615.0 1426.0 3630.0 small-vehicle 0
1429.0 4079.0 1415.0 4076.0 1424.0 4042.0 1437.0 4046.0 small-vehicle 0
1450.0 4079.0 1434.0 4076.0 1442.0 4042.0 1458.0 4045.0 small-vehicle 0
1478.0 4086.0 1463.0 4085.0 1469.0 4047.0 1484.0 4049.0 small-vehicle 0
1563.0 4105.0 1549.0 4101.0 1560.0 4069.0 1573.0 4073.0 small-vehicle 0
1017.0 2505.0 1005.0 2500.0 1015.0 2468.0 1029.0 2472.0 small-vehicle 0
1618.0 4120.0 1603.0 4115.0 1613.0 4081.0 1628.0 4086.0 small-vehicle 0
1649.0 4128.0 1637.0 4123.0 1649.0 4096.0 1661.0 4101.0 small-vehicle 0
1628.0 3961.0 1624.0 3977.0 1586.0 3966.0 1591.0 3951.0 large-vehicle 0
1700.0 3892.0 1688.0 3892.0 1687.0 3865.0 1699.0 3865.0 small-vehicle 0
1659.0 2550.0 1645.0 2550.0 1647.0 2516.0 1661.0 2516.0 small-vehicle 0
1690.0 2554.0 1674.0 2552.0 1678.0 2520.0 1693.0 2521.0 small-vehicle 0
1380.0 4069.0 1367.0 4065.0 1379.0 4032.0 1393.0 4038.0 small-vehicle 0
1305.0 4043.0 1294.0 4033.0 1314.0 4008.0 1325.0 4017.0 small-vehicle 0
1170.0 2999.0 1178.0 2988.0 1205.0 3011.0 1195.0 3021.0 small-vehicle 0
1171.0 2956.0 1178.0 2945.0 1206.0 2966.0 1196.0 2977.0 small-vehicle 0
1186.0 2720.0 1194.0 2708.0 1222.0 2729.0 1215.0 2741.0 large-vehicle 0
1189.0 2699.0 1196.0 2690.0 1215.0 2707.0 1207.0 2715.0 small-vehicle 0
1188.0 2676.0 1195.0 2666.0 1222.0 2685.0 1214.0 2696.0 small-vehicle 0
1191.0 2655.0 1199.0 2645.0 1221.0 2664.0 1211.0 2675.0 small-vehicle 0
1195.0 2611.0 1203.0 2601.0 1229.0 2622.0 1221.0 2633.0 small-vehicle 0
1307.0 2669.0 1299.0 2681.0 1274.0 2658.0 1281.0 2646.0 small-vehicle 0
1309.0 2650.0 1300.0 2659.0 1274.0 2634.0 1283.0 2626.0 small-vehicle 0
1310.0 2626.0 1302.0 2634.0 1279.0 2611.0 1288.0 2602.0 small-vehicle 0
1109.0 2515.0 1095.0 2512.0 1102.0 2480.0 1113.0 2482.0 small-vehicle 0
1398.0 2150.0 1415.0 2154.0 1404.0 2198.0 1387.0 2193.0 large-vehicle 0
1056.0 2054.0 1055.0 2070.0 1022.0 2068.0 1024.0 2051.0 small-vehicle 0
1066.0 2514.0 1051.0 2512.0 1055.0 2479.0 1068.0 2481.0 small-vehicle 0
1045.0 2509.0 1031.0 2508.0 1036.0 2480.0 1049.0 2481.0 small-vehicle 0
276.0 2.0 386.0 25.0 319.0 239.0 212.0 201.0 basketball-court 1
