imagesource:GoogleEarth
gsd:0.541440058687
2168.0 1790.0 2191.0 1750.0 2295.0 1805.0 2277.0 1836.0 container-crane 0
874.0 251.0 888.0 241.0 948.0 328.0 930.0 337.0 ship 0
700.0 566.0 718.0 559.0 743.0 630.0 728.0 637.0 ship 0
683.0 572.0 701.0 567.0 726.0 635.0 708.0 641.0 ship 0
648.0 451.0 665.0 445.0 694.0 514.0 679.0 522.0 ship 0
610.0 420.0 636.0 411.0 691.0 556.0 665.0 566.0 ship 0
609.0 336.0 594.0 343.0 563.0 261.0 576.0 254.0 ship 0
611.0 381.0 582.0 395.0 507.0 236.0 542.0 224.0 ship 0
580.0 397.0 556.0 407.0 486.0 250.0 509.0 239.0 ship 0
922.0 219.0 941.0 208.0 996.0 300.0 977.0 311.0 ship 0
909.0 234.0 923.0 223.0 972.0 303.0 956.0 311.0 ship 0
890.0 240.0 905.0 230.0 958.0 314.0 943.0 323.0 ship 0
952.0 323.0 959.0 316.0 982.0 344.0 973.0 349.0 ship 0
2230.0 1587.0 2274.0 1618.0 2202.0 1694.0 2167.0 1663.0 container-crane 0
1189.0 1419.0 1206.0 1412.0 1246.0 1498.0 1229.0 1507.0 ship 0
1206.0 1412.0 1222.0 1406.0 1257.0 1481.0 1241.0 1489.0 ship 0
1221.0 1404.0 1237.0 1397.0 1269.0 1469.0 1256.0 1475.0 ship 0
1238.0 1398.0 1252.0 1391.0 1282.0 1462.0 1270.0 1469.0 ship 0
1245.0 1373.0 1273.0 1362.0 1329.0 1494.0 1302.0 1506.0 ship 0
1276.0 1370.0 1298.0 1361.0 1346.0 1477.0 1326.0 1487.0 ship 0
1299.0 1361.0 1319.0 1352.0 1361.0 1453.0 1340.0 1464.0 ship 0
1013.0 654.0 1033.0 642.0 1091.0 746.0 1071.0 758.0 ship 0
1038.0 650.0 1053.0 641.0 1097.0 718.0 1083.0 726.0 ship 0
1048.0 631.0 1065.0 620.0 1115.0 708.0 1100.0 720.0 ship 0
757.0 623.0 744.0 629.0 719.0 562.0 735.0 556.0 ship 0
765.0 611.0 756.0 615.0 736.0 563.0 746.0 559.0 ship 0
772.0 602.0 764.0 606.0 750.0 575.0 758.0 571.0 ship 0
861.0 1175.0 842.0 1179.0 765.0 931.0 785.0 926.0 harbor 0
422.0 10.0 439.0 6.0 471.0 71.0 454.0 79.0 ship 0
462.0 6.0 483.0 6.0 513.0 63.0 494.0 71.0 ship 0
484.0 6.0 508.0 7.0 532.0 51.0 513.0 60.0 ship 0
976.0 1753.0 1017.0 1753.0 1020.0 2004.0 980.0 2004.0 ship 0
1041.0 1626.0 1064.0 1621.0 1086.0 1732.0 1062.0 1738.0 ship 0
933.0 1681.0 912.0 1684.0 906.0 1602.0 928.0 1601.0 ship 0
919.0 1506.0 902.0 1502.0 913.0 1431.0 931.0 1434.0 ship 0
913.0 1340.0 937.0 1338.0 943.0 1432.0 921.0 1434.0 ship 0
939.0 1341.0 961.0 1338.0 966.0 1432.0 943.0 1434.0 ship 0
961.0 1354.0 978.0 1348.0 1003.0 1439.0 982.0 1445.0 ship 0
904.0 1366.0 915.0 1366.0 920.0 1416.0 908.0 1417.0 ship 0
886.0 1366.0 901.0 1363.0 911.0 1439.0 896.0 1441.0 ship 0
867.0 1270.0 886.0 1268.0 895.0 1320.0 877.0 1323.0 ship 0
854.0 1271.0 867.0 1270.0 883.0 1346.0 867.0 1348.0 ship 0
840.0 1266.0 855.0 1263.0 870.0 1372.0 858.0 1375.0 ship 0
818.0 1042.0 840.0 1036.0 881.0 1165.0 858.0 1171.0 ship 0
851.0 1072.0 867.0 1066.0 896.0 1157.0 881.0 1165.0 ship 0
755.0 831.0 781.0 823.0 840.0 1021.0 814.0 1030.0 ship 0
787.0 841.0 811.0 834.0 856.0 986.0 832.0 993.0 ship 0
828.0 893.0 847.0 888.0 871.0 977.0 856.0 982.0 ship 0
760.0 910.0 751.0 913.0 742.0 887.0 752.0 882.0 ship 0
1065.0 620.0 1081.0 611.0 1124.0 691.0 1111.0 699.0 ship 0
1078.0 606.0 1095.0 596.0 1159.0 705.0 1141.0 718.0 ship 0
1090.0 586.0 1114.0 575.0 1185.0 696.0 1161.0 711.0 ship 0
2079.0 1137.0 2118.0 1137.0 2118.0 1176.0 2079.0 1176.0 storage-tank 0
2236.0 1114.0 2274.0 1114.0 2274.0 1153.0 2236.0 1153.0 storage-tank 0
2179.0 1198.0 2219.0 1198.0 2219.0 1238.0 2179.0 1238.0 storage-tank 0
2247.0 1187.0 2286.0 1187.0 2286.0 1226.0 2247.0 1226.0 storage-tank 0
2193.0 1271.0 2231.0 1271.0 2231.0 1311.0 2193.0 1311.0 storage-tank 0
2260.0 1261.0 2299.0 1261.0 2299.0 1301.0 2260.0 1301.0 storage-tank 0
2418.0 792.0 2420.0 809.0 2373.0 811.0 2368.0 796.0 ship 0
2396.0 775.0 2400.0 791.0 2368.0 795.0 2359.0 779.0 ship 0
2390.0 761.0 2392.0 774.0 2358.0 779.0 2351.0 764.0 ship 0
2376.0 752.0 2378.0 760.0 2350.0 764.0 2346.0 753.0 ship 0
2070.0 285.0 2142.0 248.0 2212.0 393.0 2140.0 425.0 ground-track-field 0
2095.0 312.0 2151.0 283.0 2186.0 353.0 2130.0 383.0 soccer-ball-field 0
2198.0 726.0 2256.0 705.0 2352.0 904.0 2293.0 930.0 bridge 0
837.0 1487.0 857.0 1465.0 904.0 1532.0 883.0 1549.0 container-crane 0
844.0 1566.0 857.0 1551.0 904.0 1598.0 890.0 1611.0 container-crane 0
882.0 1721.0 904.0 1707.0 982.0 1805.0 958.0 1828.0 container-crane 0
1804.0 2204.0 1819.0 2160.0 2007.0 2214.0 1998.0 2262.0 container-crane 0
1812.0 1566.0 1815.0 1540.0 1931.0 1562.0 1927.0 1594.0 container-crane 0
1815.0 1603.0 1818.0 1573.0 1927.0 1605.0 1921.0 1631.0 container-crane 0
1823.0 1657.0 1831.0 1623.0 1918.0 1649.0 1911.0 1682.0 container-crane 0
1819.0 1703.0 1825.0 1679.0 1919.0 1712.0 1915.0 1736.0 container-crane 0
2293.0 1563.0 2268.0 1523.0 2386.0 1474.0 2409.0 1512.0 container-crane 0
2169.0 1125.0 2207.0 1125.0 2207.0 1163.0 2169.0 1163.0 storage-tank 0
2088.0 1210.0 2129.0 1210.0 2129.0 1251.0 2088.0 1251.0 storage-tank 0
1118.0 582.0 1134.0 573.0 1174.0 645.0 1161.0 653.0 ship 0
2099.0 1283.0 2140.0 1283.0 2140.0 1324.0 2099.0 1324.0 storage-tank 0
1083.0 729.0 1092.0 724.0 1110.0 754.0 1100.0 761.0 ship 0
1397.0 166.0 1496.0 123.0 1703.0 635.0 1604.0 679.0 ship 0
1762.0 1686.0 1783.0 1698.0 1740.0 1783.0 1716.0 1769.0 ship 0
1803.0 1862.0 1824.0 1871.0 1790.0 1961.0 1767.0 1951.0 ship 0
1815.0 1999.0 1896.0 2002.0 1875.0 2273.0 1799.0 2273.0 ship 0
1837.0 1891.0 1859.0 1893.0 1852.0 1977.0 1828.0 1976.0 ship 0
1873.0 1889.0 1852.0 1888.0 1861.0 1795.0 1882.0 1797.0 ship 0
1901.0 1966.0 1881.0 1967.0 1875.0 1875.0 1896.0 1872.0 ship 0
1889.0 1771.0 1829.0 1776.0 1816.0 1456.0 1884.0 1455.0 ship 0
1931.0 806.0 1918.0 826.0 1808.0 750.0 1822.0 729.0 ship 0
1878.0 767.0 1883.0 758.0 1929.0 792.0 1923.0 801.0 ship 0
1849.0 1006.0 1850.0 1014.0 1813.0 1019.0 1812.0 1011.0 harbor 0
1861.0 1080.0 1862.0 1086.0 1825.0 1092.0 1824.0 1086.0 harbor 0
1869.0 1122.0 1870.0 1128.0 1832.0 1134.0 1831.0 1128.0 harbor 0
1880.0 1188.0 1881.0 1194.0 1843.0 1201.0 1841.0 1194.0 harbor 0
1888.0 1232.0 1889.0 1239.0 1851.0 1244.0 1849.0 1236.0 harbor 0
1902.0 1299.0 1903.0 1305.0 1865.0 1309.0 1864.0 1304.0 harbor 0
1906.0 1324.0 1908.0 1331.0 1871.0 1341.0 1868.0 1333.0 harbor 0
1888.0 1383.0 1899.0 1383.0 1900.0 1423.0 1888.0 1424.0 harbor 0
2010.0 1270.0 2027.0 1270.0 2027.0 1287.0 2010.0 1287.0 storage-tank 0
2039.0 1266.0 2055.0 1266.0 2055.0 1283.0 2039.0 1283.0 storage-tank 0
440.0 6.0 460.0 6.0 489.0 63.0 472.0 71.0 ship 0
