imagesource:GoogleEarth
gsd:0.287955289954
1619.0 1098.0 1628.0 1105.0 1590.0 1152.0 1582.0 1146.0 large-vehicle 0
1094.0 657.0 1171.0 657.0 1171.0 734.0 1094.0 734.0 storage-tank 0
709.0 1765.0 688.0 1768.0 666.0 1651.0 688.0 1646.0 ship 0
686.0 1760.0 661.0 1764.0 641.0 1653.0 664.0 1648.0 ship 0
762.0 2019.0 738.0 2026.0 697.0 1867.0 724.0 1861.0 ship 0
758.0 2139.0 787.0 2136.0 807.0 2260.0 775.0 2266.0 ship 0
1074.0 551.0 1151.0 551.0 1151.0 630.0 1074.0 630.0 storage-tank 0
1177.0 536.0 1218.0 536.0 1218.0 577.0 1177.0 577.0 storage-tank 0
1187.0 597.0 1229.0 597.0 1229.0 638.0 1187.0 638.0 storage-tank 0
1551.0 1111.0 1558.0 1117.0 1522.0 1158.0 1514.0 1151.0 large-vehicle 0
1200.0 658.0 1242.0 658.0 1242.0 699.0 1200.0 699.0 storage-tank 0
1114.0 762.0 1192.0 762.0 1192.0 839.0 1114.0 839.0 storage-tank 0
1212.0 720.0 1253.0 720.0 1253.0 759.0 1212.0 759.0 storage-tank 0
1224.0 779.0 1266.0 779.0 1266.0 821.0 1224.0 821.0 storage-tank 0
1309.0 1221.0 1371.0 1221.0 1371.0 1282.0 1309.0 1282.0 storage-tank 0
1366.0 108.0 1356.0 108.0 1352.0 73.0 1361.0 72.0 large-vehicle 0
740.0 1596.0 741.0 1609.0 672.0 1619.0 670.0 1604.0 ship 0
740.0 1581.0 741.0 1594.0 670.0 1602.0 669.0 1588.0 ship 0
737.0 1567.0 737.0 1580.0 669.0 1585.0 669.0 1572.0 ship 0
739.0 1551.0 739.0 1565.0 669.0 1570.0 670.0 1555.0 ship 0
739.0 1536.0 740.0 1549.0 670.0 1553.0 669.0 1537.0 ship 0
797.0 1533.0 800.0 1547.0 754.0 1561.0 751.0 1547.0 ship 0
788.0 1519.0 792.0 1534.0 751.0 1547.0 747.0 1530.0 ship 0
784.0 1502.0 788.0 1516.0 746.0 1527.0 742.0 1513.0 ship 0
904.0 1305.0 947.0 1305.0 947.0 1349.0 904.0 1349.0 storage-tank 0
952.0 796.0 1031.0 796.0 1031.0 873.0 952.0 873.0 storage-tank 0
839.0 820.0 917.0 820.0 917.0 898.0 839.0 898.0 storage-tank 0
934.0 690.0 1011.0 690.0 1011.0 769.0 934.0 769.0 storage-tank 0
911.0 585.0 991.0 585.0 991.0 662.0 911.0 662.0 storage-tank 0
808.0 244.0 844.0 244.0 844.0 282.0 808.0 282.0 storage-tank 0
746.0 266.0 784.0 266.0 784.0 307.0 746.0 307.0 storage-tank 0
688.0 291.0 725.0 291.0 725.0 330.0 688.0 330.0 storage-tank 0
589.0 314.0 664.0 314.0 664.0 390.0 589.0 390.0 storage-tank 0
1393.0 100.0 1383.0 103.0 1375.0 67.0 1383.0 65.0 large-vehicle 0
1403.0 93.0 1395.0 95.0 1387.0 61.0 1395.0 60.0 large-vehicle 0
1484.0 110.0 1483.0 100.0 1528.0 92.0 1529.0 101.0 large-vehicle 0
1501.0 1110.0 1506.0 1114.0 1488.0 1149.0 1480.0 1145.0 large-vehicle 0
1704.0 359.0 1713.0 361.0 1708.0 400.0 1699.0 398.0 large-vehicle 0
1692.0 485.0 1681.0 486.0 1674.0 412.0 1683.0 411.0 large-vehicle 0
1738.0 306.0 1730.0 300.0 1760.0 258.0 1768.0 263.0 large-vehicle 0
1669.0 316.0 1659.0 322.0 1623.0 259.0 1632.0 253.0 large-vehicle 0
1772.0 202.0 1767.0 192.0 1830.0 160.0 1835.0 171.0 large-vehicle 0
1717.0 261.0 1710.0 255.0 1757.0 205.0 1764.0 211.0 large-vehicle 0
1782.0 571.0 1791.0 570.0 1801.0 628.0 1791.0 629.0 large-vehicle 0
1699.0 592.0 1710.0 591.0 1723.0 666.0 1713.0 666.0 large-vehicle 0
1737.0 750.0 1728.0 752.0 1720.0 694.0 1730.0 692.0 large-vehicle 0
1580.0 1088.0 1574.0 1081.0 1613.0 1043.0 1619.0 1051.0 large-vehicle 0
1818.0 887.0 1827.0 892.0 1805.0 940.0 1796.0 936.0 large-vehicle 0
1736.0 853.0 1747.0 856.0 1735.0 908.0 1724.0 906.0 large-vehicle 0
1722.0 919.0 1731.0 924.0 1703.0 974.0 1695.0 968.0 large-vehicle 0
1689.0 986.0 1692.0 994.0 1657.0 1016.0 1652.0 1007.0 large-vehicle 0
1487.0 1069.0 1488.0 1078.0 1444.0 1087.0 1442.0 1078.0 large-vehicle 0
1544.0 1556.0 1553.0 1554.0 1566.0 1605.0 1556.0 1608.0 large-vehicle 0
1478.0 1057.0 1480.0 1066.0 1441.0 1076.0 1439.0 1065.0 large-vehicle 0
1489.0 1035.0 1490.0 1045.0 1445.0 1053.0 1443.0 1045.0 large-vehicle 0
1477.0 1026.0 1477.0 1034.0 1439.0 1042.0 1438.0 1034.0 large-vehicle 0
1471.0 1015.0 1471.0 1024.0 1431.0 1031.0 1430.0 1022.0 large-vehicle 0
1468.0 992.0 1470.0 1002.0 1431.0 1010.0 1429.0 999.0 large-vehicle 0
1471.0 977.0 1472.0 986.0 1426.0 996.0 1422.0 986.0 large-vehicle 0
1496.0 951.0 1499.0 960.0 1463.0 967.0 1461.0 958.0 large-vehicle 0
1540.0 932.0 1541.0 940.0 1505.0 948.0 1503.0 940.0 large-vehicle 0
1571.0 939.0 1573.0 948.0 1538.0 955.0 1536.0 945.0 large-vehicle 0
1547.0 1073.0 1539.0 1067.0 1566.0 1037.0 1574.0 1041.0 large-vehicle 0
1456.0 1451.0 1447.0 1450.0 1446.0 1394.0 1455.0 1393.0 large-vehicle 0
1485.0 1230.0 1477.0 1225.0 1505.0 1180.0 1514.0 1185.0 large-vehicle 0
1458.0 1301.0 1449.0 1296.0 1466.0 1248.0 1477.0 1251.0 large-vehicle 0
1610.0 1805.0 1620.0 1803.0 1629.0 1852.0 1621.0 1855.0 large-vehicle 0
494.0 352.0 572.0 352.0 572.0 429.0 494.0 429.0 storage-tank 0
