imagesource:GoogleEarth
gsd:2.24028250445
1271.0 36.0 1279.0 32.0 1286.0 46.0 1279.0 48.0 soccer-ball-field 0
3646.0 192.0 3676.0 192.0 3676.0 239.0 3646.0 239.0 soccer-ball-field 1
1230.0 88.0 1246.0 80.0 1230.0 48.0 1213.0 55.0 soccer-ball-field 1
1262.0 28.0 1278.0 20.0 1295.0 51.0 1278.0 59.0 ground-track-field 0
1651.0 2428.0 1662.0 2428.0 1662.0 2441.0 1651.0 2441.0 storage-tank 1
1662.0 2429.0 1672.0 2429.0 1672.0 2442.0 1662.0 2442.0 storage-tank 1
1673.0 2428.0 1683.0 2428.0 1683.0 2442.0 1673.0 2442.0 storage-tank 1
1684.0 2429.0 1695.0 2429.0 1695.0 2442.0 1684.0 2442.0 storage-tank 1
1695.0 2429.0 1706.0 2429.0 1706.0 2442.0 1695.0 2442.0 storage-tank 1
1816.0 786.0 1854.0 811.0 1814.0 871.0 1777.0 848.0 ground-track-field 0
1815.0 803.0 1839.0 818.0 1815.0 857.0 1789.0 840.0 soccer-ball-field 1
2191.0 462.0 2213.0 493.0 2156.0 535.0 2134.0 502.0 ground-track-field 0
2185.0 476.0 2199.0 494.0 2160.0 521.0 2147.0 503.0 soccer-ball-field 1
1330.0 711.0 1358.0 708.0 1366.0 767.0 1336.0 771.0 ground-track-field 0
1337.0 722.0 1356.0 720.0 1360.0 756.0 1341.0 759.0 soccer-ball-field 1
3636.0 1253.0 3642.0 1246.0 3658.0 1266.0 3653.0 1270.0 bridge 0
3639.0 175.0 3682.0 175.0 3682.0 253.0 3639.0 253.0 ground-track-field 0
1203.0 47.0 1227.0 36.0 1255.0 86.0 1232.0 100.0 ground-track-field 0
