imagesource:GoogleEarth
gsd:0.282076940311
1916.0 518.0 1911.0 506.0 1954.0 489.0 1959.0 501.0 ship 0
827.0 1181.0 835.0 1180.0 838.0 1210.0 831.0 1211.0 ship 0
541.0 1169.0 546.0 1168.0 551.0 1189.0 546.0 1190.0 ship 0
523.0 1152.0 530.0 1150.0 534.0 1177.0 528.0 1179.0 ship 0
591.0 1158.0 588.0 1166.0 560.0 1156.0 562.0 1147.0 ship 0
584.0 1165.0 590.0 1168.0 585.0 1189.0 579.0 1188.0 ship 0
591.0 1171.0 597.0 1173.0 590.0 1192.0 585.0 1191.0 ship 0
598.0 1173.0 603.0 1175.0 595.0 1204.0 589.0 1203.0 ship 0
603.0 1176.0 610.0 1178.0 604.0 1204.0 597.0 1203.0 ship 0
618.0 1182.0 624.0 1185.0 617.0 1203.0 611.0 1200.0 ship 0
633.0 1181.0 640.0 1184.0 630.0 1208.0 624.0 1206.0 ship 0
640.0 1184.0 646.0 1187.0 638.0 1208.0 632.0 1205.0 ship 0
624.0 1186.0 629.0 1188.0 622.0 1206.0 618.0 1203.0 ship 0
793.0 1168.0 799.0 1171.0 790.0 1195.0 784.0 1193.0 ship 0
799.0 1172.0 804.0 1174.0 800.0 1195.0 793.0 1194.0 ship 0
806.0 1172.0 811.0 1174.0 807.0 1196.0 801.0 1194.0 ship 0
834.0 1174.0 843.0 1172.0 850.0 1211.0 841.0 1214.0 ship 0
516.0 1153.0 523.0 1154.0 521.0 1190.0 515.0 1190.0 ship 0
583.0 930.0 561.0 930.0 558.0 858.0 580.0 857.0 ship 0
610.0 939.0 586.0 942.0 580.0 830.0 607.0 829.0 ship 0
636.0 932.0 612.0 934.0 610.0 843.0 634.0 843.0 ship 0
663.0 938.0 639.0 939.0 637.0 838.0 659.0 837.0 ship 0
681.0 908.0 663.0 909.0 661.0 846.0 680.0 845.0 ship 0
704.0 915.0 683.0 917.0 683.0 845.0 704.0 845.0 ship 0
672.0 824.0 649.0 822.0 655.0 688.0 681.0 689.0 ship 0
697.0 811.0 673.0 810.0 681.0 696.0 705.0 696.0 ship 0
704.0 717.0 724.0 718.0 720.0 804.0 699.0 804.0 ship 0
724.0 697.0 744.0 696.0 741.0 801.0 721.0 801.0 ship 0
744.0 717.0 763.0 718.0 763.0 796.0 741.0 797.0 ship 0
659.0 761.0 618.0 768.0 585.0 547.0 629.0 541.0 ship 0
605.0 681.0 579.0 687.0 556.0 562.0 585.0 556.0 ship 0
577.0 679.0 555.0 684.0 531.0 565.0 553.0 559.0 ship 0
549.0 1163.0 556.0 1162.0 561.0 1195.0 554.0 1197.0 ship 0
524.0 1096.0 533.0 1099.0 515.0 1148.0 507.0 1144.0 ship 0
842.0 608.0 844.0 634.0 741.0 644.0 739.0 617.0 ship 0
666.0 995.0 696.0 1005.0 627.0 1183.0 599.0 1172.0 ship 0
250.0 724.0 274.0 761.0 164.0 842.0 137.0 805.0 ship 0
231.0 814.0 221.0 802.0 265.0 771.0 274.0 783.0 ship 0
335.0 1222.0 327.0 1220.0 335.0 1194.0 342.0 1196.0 ship 0
540.0 1285.0 533.0 1284.0 540.0 1253.0 548.0 1254.0 ship 0
548.0 1288.0 541.0 1286.0 551.0 1255.0 557.0 1257.0 ship 0
555.0 1289.0 550.0 1283.0 566.0 1263.0 572.0 1269.0 ship 0
583.0 1294.0 577.0 1289.0 598.0 1261.0 605.0 1267.0 ship 0
591.0 1298.0 587.0 1292.0 605.0 1272.0 610.0 1278.0 ship 0
617.0 1265.0 626.0 1268.0 614.0 1303.0 604.0 1300.0 ship 0
621.0 1282.0 633.0 1285.0 621.0 1323.0 609.0 1320.0 ship 0
644.0 1325.0 634.0 1325.0 633.0 1286.0 642.0 1285.0 ship 0
584.0 958.0 619.0 972.0 567.0 1104.0 534.0 1094.0 ship 0
535.0 1088.0 513.0 1076.0 551.0 976.0 572.0 985.0 ship 0
622.0 971.0 662.0 984.0 600.0 1159.0 557.0 1141.0 ship 0
694.0 1021.0 720.0 1031.0 664.0 1181.0 638.0 1173.0 ship 0
536.0 1095.0 551.0 1101.0 534.0 1143.0 521.0 1137.0 ship 0
674.0 1273.0 638.0 1255.0 746.0 994.0 786.0 1011.0 ship 0
785.0 1037.0 814.0 1051.0 741.0 1203.0 713.0 1191.0 ship 0
816.0 1057.0 842.0 1071.0 778.0 1195.0 753.0 1182.0 ship 0
681.0 1335.0 674.0 1331.0 695.0 1295.0 703.0 1300.0 ship 0
705.0 1339.0 695.0 1337.0 705.0 1298.0 715.0 1301.0 ship 0
720.0 1290.0 730.0 1293.0 717.0 1333.0 708.0 1329.0 ship 0
718.0 1348.0 712.0 1344.0 727.0 1316.0 732.0 1320.0 ship 0
746.0 1349.0 737.0 1349.0 733.0 1313.0 744.0 1311.0 ship 0
775.0 1218.0 780.0 1224.0 749.0 1248.0 745.0 1242.0 ship 0
780.0 1226.0 784.0 1233.0 761.0 1252.0 755.0 1245.0 ship 0
716.0 1250.0 709.0 1243.0 738.0 1213.0 746.0 1221.0 ship 0
726.0 1214.0 731.0 1219.0 710.0 1241.0 705.0 1237.0 ship 0
718.0 1208.0 723.0 1214.0 704.0 1237.0 699.0 1232.0 ship 0
553.0 1101.0 570.0 1108.0 546.0 1159.0 530.0 1153.0 ship 0
553.0 681.0 523.0 686.0 486.0 534.0 521.0 524.0 ship 0
613.0 808.0 591.0 808.0 596.0 748.0 618.0 749.0 ship 0
1906.0 507.0 1895.0 481.0 1963.0 454.0 1976.0 478.0 ship 0
1682.0 713.0 1670.0 727.0 1629.0 688.0 1643.0 674.0 ship 0
876.0 1017.0 902.0 1030.0 821.0 1175.0 797.0 1161.0 ship 0
907.0 1021.0 933.0 1037.0 851.0 1176.0 829.0 1161.0 ship 0
941.0 1030.0 964.0 1047.0 884.0 1169.0 863.0 1156.0 ship 0
982.0 1022.0 1010.0 1041.0 895.0 1211.0 868.0 1189.0 ship 0
1011.0 1046.0 1035.0 1064.0 923.0 1224.0 901.0 1204.0 ship 0
1041.0 1064.0 1078.0 1094.0 965.0 1243.0 931.0 1217.0 ship 0
1069.0 1110.0 1095.0 1132.0 974.0 1285.0 949.0 1263.0 ship 0
981.0 737.0 1015.0 747.0 961.0 940.0 928.0 929.0 ship 0
1014.0 754.0 1044.0 762.0 992.0 956.0 960.0 947.0 ship 0
1042.0 774.0 1077.0 784.0 1022.0 972.0 988.0 964.0 ship 0
902.0 337.0 883.0 351.0 830.0 269.0 850.0 257.0 ship 0
906.0 317.0 894.0 325.0 867.0 282.0 878.0 274.0 ship 0
1105.0 1120.0 1134.0 1141.0 1012.0 1293.0 986.0 1272.0 ship 0
1116.0 188.0 1119.0 214.0 1049.0 221.0 1047.0 196.0 ship 0
1673.0 731.0 1660.0 745.0 1619.0 706.0 1631.0 693.0 ship 0
477.0 725.0 470.0 721.0 483.0 687.0 490.0 689.0 ship 0
1587.0 710.0 1603.0 691.0 1692.0 770.0 1673.0 791.0 ship 0
1630.0 1063.0 1596.0 1057.0 1630.0 820.0 1668.0 824.0 ship 0
1613.0 937.0 1597.0 933.0 1606.0 864.0 1622.0 865.0 ship 0
1924.0 804.0 1918.0 827.0 1817.0 801.0 1822.0 781.0 ship 0
1801.0 774.0 1798.0 784.0 1766.0 774.0 1768.0 764.0 ship 0
1798.0 763.0 1795.0 771.0 1767.0 763.0 1770.0 754.0 ship 0
1864.0 784.0 1862.0 790.0 1823.0 781.0 1824.0 776.0 ship 0
1864.0 774.0 1862.0 784.0 1822.0 774.0 1824.0 764.0 ship 0
1854.0 761.0 1851.0 770.0 1824.0 761.0 1826.0 752.0 ship 0
1912.0 691.0 1925.0 695.0 1914.0 731.0 1901.0 727.0 ship 0
1925.0 755.0 1915.0 755.0 1918.0 717.0 1928.0 717.0 ship 0
1965.0 810.0 1964.0 819.0 1923.0 818.0 1924.0 807.0 ship 0
1970.0 768.0 1962.0 765.0 1971.0 731.0 1979.0 733.0 ship 0
1979.0 769.0 1971.0 766.0 1980.0 734.0 1987.0 735.0 ship 0
468.0 722.0 461.0 718.0 474.0 681.0 483.0 683.0 ship 0
488.0 726.0 478.0 722.0 494.0 679.0 504.0 683.0 ship 0
589.0 827.0 572.0 826.0 580.0 755.0 595.0 756.0 ship 0
594.0 321.0 581.0 317.0 591.0 268.0 604.0 270.0 ship 0
571.0 840.0 552.0 838.0 560.0 750.0 579.0 750.0 ship 0
593.0 709.0 605.0 714.0 591.0 755.0 578.0 750.0 ship 0
583.0 699.0 594.0 703.0 577.0 750.0 565.0 744.0 ship 0
563.0 704.0 577.0 708.0 562.0 753.0 548.0 748.0 ship 0
545.0 707.0 557.0 711.0 543.0 755.0 530.0 750.0 ship 0
544.0 772.0 553.0 773.0 543.0 823.0 533.0 821.0 ship 0
533.0 768.0 544.0 770.0 533.0 823.0 522.0 821.0 ship 0
550.0 826.0 543.0 824.0 547.0 806.0 554.0 807.0 ship 0
538.0 687.0 549.0 691.0 530.0 746.0 518.0 741.0 ship 0
554.0 938.0 564.0 934.0 577.0 977.0 568.0 981.0 ship 0
514.0 1070.0 501.0 1062.0 528.0 993.0 540.0 998.0 ship 0
508.0 1120.0 515.0 1123.0 506.0 1142.0 499.0 1139.0 ship 0
697.0 1238.0 704.0 1241.0 695.0 1261.0 689.0 1258.0 ship 0
557.0 25.0 555.0 41.0 519.0 39.0 520.0 21.0 ship 0
610.0 357.0 588.0 351.0 608.0 267.0 628.0 271.0 ship 0
496.0 737.0 485.0 733.0 505.0 683.0 515.0 686.0 ship 0
636.0 370.0 611.0 364.0 629.0 267.0 655.0 271.0 ship 0
656.0 387.0 634.0 383.0 655.0 274.0 677.0 278.0 ship 0
680.0 361.0 662.0 358.0 678.0 284.0 695.0 289.0 ship 0
699.0 349.0 684.0 344.0 699.0 282.0 716.0 286.0 ship 0
710.0 350.0 700.0 347.0 714.0 296.0 725.0 299.0 ship 0
733.0 294.0 748.0 299.0 735.0 337.0 721.0 333.0 ship 0
711.0 374.0 702.0 368.0 721.0 342.0 730.0 348.0 ship 0
428.0 177.0 439.0 177.0 437.0 218.0 425.0 217.0 ship 0
452.0 187.0 445.0 180.0 473.0 150.0 479.0 156.0 ship 0
338.0 15.0 342.0 22.0 319.0 38.0 314.0 31.0 ship 0
339.0 24.0 344.0 32.0 322.0 48.0 317.0 40.0 ship 0
516.0 61.0 523.0 63.0 520.0 82.0 513.0 81.0 ship 0
521.0 730.0 511.0 725.0 528.0 689.0 536.0 692.0 ship 0
511.0 724.0 503.0 721.0 517.0 686.0 526.0 690.0 ship 0
285.0 641.0 312.0 681.0 164.0 782.0 140.0 747.0 ship 0
