imagesource:GoogleEarth
gsd:0.261366516353
699.0 456.0 694.0 444.0 724.0 431.0 729.0 444.0 ship 0
756.0 1675.0 767.0 1661.0 829.0 1716.0 819.0 1731.0 ship 0
824.0 1749.0 837.0 1734.0 899.0 1795.0 887.0 1811.0 ship 0
806.0 1767.0 821.0 1751.0 887.0 1812.0 874.0 1829.0 ship 0
794.0 1782.0 806.0 1767.0 871.0 1827.0 861.0 1841.0 ship 0
775.0 1794.0 786.0 1779.0 864.0 1844.0 851.0 1860.0 ship 0
771.0 1817.0 783.0 1802.0 844.0 1854.0 833.0 1871.0 ship 0
757.0 1834.0 770.0 1818.0 834.0 1870.0 822.0 1883.0 ship 0
788.0 1651.0 799.0 1637.0 850.0 1680.0 839.0 1694.0 ship 0
764.0 1658.0 776.0 1642.0 841.0 1700.0 831.0 1715.0 ship 0
741.0 1689.0 752.0 1675.0 817.0 1733.0 806.0 1746.0 ship 0
856.0 1896.0 870.0 1876.0 955.0 1938.0 940.0 1959.0 ship 0
723.0 1701.0 735.0 1686.0 807.0 1747.0 795.0 1765.0 ship 0
713.0 1719.0 726.0 1704.0 794.0 1763.0 783.0 1779.0 ship 0
701.0 1738.0 715.0 1721.0 783.0 1779.0 771.0 1796.0 ship 0
688.0 1752.0 700.0 1737.0 767.0 1793.0 756.0 1808.0 ship 0
671.0 1768.0 682.0 1751.0 760.0 1811.0 746.0 1828.0 ship 0
525.0 1009.0 511.0 1011.0 498.0 962.0 512.0 958.0 ship 0
481.0 976.0 494.0 971.0 519.0 1026.0 505.0 1033.0 ship 0
533.0 1051.0 526.0 1034.0 634.0 995.0 642.0 1016.0 ship 0
847.0 1743.0 856.0 1729.0 911.0 1771.0 901.0 1786.0 ship 0
869.0 1872.0 881.0 1853.0 965.0 1913.0 954.0 1933.0 ship 0
794.0 391.0 786.0 379.0 834.0 354.0 840.0 367.0 ship 0
794.0 486.0 808.0 481.0 837.0 544.0 822.0 551.0 ship 0
911.0 531.0 898.0 537.0 850.0 436.0 862.0 430.0 harbor 0
831.0 569.0 819.0 575.0 772.0 471.0 784.0 465.0 harbor 0
750.0 607.0 738.0 612.0 689.0 507.0 701.0 500.0 harbor 0
887.0 480.0 906.0 473.0 924.0 518.0 907.0 527.0 ship 0
876.0 426.0 888.0 420.0 905.0 459.0 893.0 465.0 ship 0
863.0 431.0 875.0 425.0 891.0 462.0 881.0 467.0 ship 0
844.0 458.0 858.0 451.0 888.0 519.0 876.0 525.0 ship 0
837.0 479.0 847.0 473.0 866.0 516.0 855.0 521.0 ship 0
790.0 474.0 787.0 463.0 826.0 447.0 830.0 457.0 ship 0
701.0 572.0 719.0 566.0 743.0 626.0 726.0 632.0 ship 0
721.0 506.0 717.0 496.0 750.0 481.0 755.0 490.0 ship 0
704.0 513.0 709.0 505.0 725.0 518.0 719.0 526.0 ship 0
717.0 536.0 729.0 531.0 741.0 555.0 729.0 562.0 ship 0
732.0 567.0 745.0 561.0 766.0 602.0 754.0 611.0 ship 0
780.0 522.0 791.0 516.0 812.0 562.0 800.0 571.0 ship 0
754.0 505.0 769.0 499.0 798.0 566.0 781.0 575.0 ship 0
761.0 476.0 770.0 473.0 779.0 499.0 770.0 503.0 ship 0
688.0 534.0 698.0 528.0 715.0 561.0 706.0 567.0 ship 0
533.0 1219.0 544.0 1210.0 572.0 1252.0 561.0 1262.0 ship 0
541.0 1204.0 552.0 1197.0 577.0 1235.0 566.0 1243.0 ship 0
547.0 1190.0 560.0 1181.0 588.0 1223.0 577.0 1231.0 ship 0
49.0 1071.0 131.0 1071.0 131.0 1151.0 49.0 1151.0 storage-tank 0
416.0 822.0 429.0 816.0 457.0 869.0 443.0 878.0 ship 0
595.0 1530.0 606.0 1550.0 484.0 1618.0 472.0 1593.0 harbor 0
512.0 1547.0 504.0 1530.0 581.0 1487.0 591.0 1505.0 ship 0
523.0 1567.0 515.0 1550.0 591.0 1509.0 600.0 1526.0 ship 0
108.0 1017.0 147.0 1017.0 147.0 1057.0 108.0 1057.0 storage-tank 0
172.0 1147.0 221.0 1147.0 221.0 1195.0 172.0 1195.0 storage-tank 0
152.0 1207.0 232.0 1207.0 232.0 1285.0 152.0 1285.0 storage-tank 0
110.0 1182.0 134.0 1182.0 134.0 1207.0 110.0 1207.0 storage-tank 0
518.0 2176.0 531.0 2189.0 485.0 2249.0 470.0 2236.0 ship 0
567.0 1190.0 577.0 1182.0 603.0 1217.0 593.0 1226.0 ship 0
504.0 2162.0 518.0 2175.0 464.0 2243.0 450.0 2231.0 ship 0
491.0 2143.0 508.0 2157.0 451.0 2228.0 437.0 2215.0 ship 0
420.0 2036.0 425.0 2027.0 472.0 2059.0 466.0 2067.0 large-vehicle 0
383.0 2049.0 388.0 2041.0 440.0 2072.0 436.0 2080.0 large-vehicle 0
328.0 1921.0 339.0 1914.0 368.0 1946.0 359.0 1954.0 large-vehicle 0
346.0 2082.0 413.0 2082.0 413.0 2151.0 346.0 2151.0 storage-tank 0
241.0 2255.0 273.0 2255.0 273.0 2288.0 241.0 2288.0 storage-tank 0
274.0 2240.0 300.0 2240.0 300.0 2267.0 274.0 2267.0 storage-tank 0
428.0 810.0 441.0 803.0 475.0 859.0 461.0 868.0 ship 0
443.0 806.0 455.0 797.0 491.0 847.0 480.0 856.0 ship 0
453.0 792.0 466.0 784.0 506.0 833.0 494.0 843.0 ship 0
467.0 782.0 477.0 774.0 513.0 816.0 504.0 825.0 ship 0
526.0 1089.0 546.0 1077.0 601.0 1179.0 582.0 1190.0 ship 0
558.0 1095.0 551.0 1078.0 649.0 1042.0 655.0 1060.0 ship 0
792.0 1318.0 783.0 1339.0 688.0 1300.0 698.0 1276.0 ship 0
758.0 2175.0 769.0 2159.0 836.0 2211.0 823.0 2226.0 ship 0
770.0 2158.0 781.0 2143.0 844.0 2193.0 833.0 2205.0 ship 0
558.0 2109.0 545.0 2095.0 602.0 2040.0 618.0 2055.0 ship 0
552.0 2088.0 540.0 2074.0 586.0 2030.0 599.0 2041.0 ship 0
570.0 877.0 554.0 884.0 528.0 829.0 543.0 821.0 ship 0
555.0 887.0 543.0 894.0 516.0 844.0 528.0 836.0 ship 0
543.0 895.0 531.0 902.0 505.0 856.0 516.0 848.0 ship 0
536.0 910.0 521.0 922.0 486.0 867.0 501.0 856.0 ship 0
531.0 939.0 516.0 950.0 470.0 874.0 484.0 863.0 ship 0
506.0 941.0 490.0 950.0 459.0 889.0 474.0 881.0 ship 0
488.0 953.0 475.0 960.0 449.0 904.0 462.0 897.0 ship 0
481.0 741.0 488.0 726.0 557.0 763.0 547.0 781.0 ship 0
481.0 755.0 494.0 745.0 540.0 789.0 528.0 801.0 ship 0
477.0 771.0 488.0 762.0 526.0 805.0 516.0 815.0 ship 0
782.0 376.0 776.0 363.0 831.0 337.0 837.0 350.0 ship 0
803.0 401.0 798.0 390.0 841.0 368.0 846.0 380.0 ship 0
1121.0 445.0 1085.0 451.0 1046.0 307.0 1083.0 300.0 ship 0
1738.0 2467.0 1755.0 2449.0 1836.0 2519.0 1818.0 2537.0 ship 0
2398.0 1797.0 2346.0 1826.0 2250.0 1620.0 2301.0 1596.0 ship 0
2381.0 1679.0 2347.0 1692.0 2228.0 1417.0 2260.0 1402.0 harbor 0
1777.0 2397.0 1788.0 2380.0 1849.0 2423.0 1838.0 2437.0 ship 0
1864.0 2525.0 1877.0 2506.0 1985.0 2574.0 1973.0 2593.0 ship 0
1856.0 2548.0 1868.0 2529.0 1972.0 2596.0 1956.0 2615.0 ship 0
1841.0 2566.0 1853.0 2547.0 1956.0 2616.0 1928.0 2626.0 ship 0
1830.0 2589.0 1843.0 2568.0 1924.0 2624.0 1886.0 2625.0 ship 0
1758.0 2452.0 1773.0 2438.0 1841.0 2496.0 1829.0 2509.0 ship 0
1731.0 2484.0 1743.0 2471.0 1821.0 2543.0 1810.0 2556.0 ship 0
2387.0 1582.0 2417.0 1570.0 2461.0 1659.0 2434.0 1675.0 ship 0
1722.0 2506.0 1735.0 2490.0 1808.0 2556.0 1797.0 2569.0 ship 0
1709.0 2525.0 1721.0 2508.0 1792.0 2565.0 1777.0 2582.0 ship 0
1700.0 2547.0 1713.0 2530.0 1786.0 2586.0 1773.0 2605.0 ship 0
1938.0 1197.0 1981.0 1181.0 2071.0 1406.0 2034.0 1424.0 ship 0
1867.0 1198.0 1928.0 1176.0 2051.0 1475.0 1983.0 1499.0 ship 0
1470.0 884.0 1474.0 897.0 1436.0 911.0 1430.0 899.0 ship 0
1475.0 871.0 1470.0 886.0 1414.0 864.0 1419.0 850.0 ship 0
1524.0 1026.0 1536.0 1050.0 1427.0 1109.0 1413.0 1083.0 ship 0
2318.0 1531.0 2353.0 1516.0 2439.0 1689.0 2401.0 1708.0 ship 0
2406.0 1560.0 2433.0 1543.0 2494.0 1630.0 2471.0 1647.0 ship 0
852.0 376.0 858.0 389.0 814.0 411.0 809.0 399.0 ship 0
2843.0 1229.0 2866.0 1227.0 2876.0 1348.0 2854.0 1351.0 ship 0
687.0 442.0 683.0 431.0 724.0 411.0 729.0 424.0 ship 0
1764.0 2436.0 1774.0 2419.0 1842.0 2468.0 1835.0 2478.0 ship 0
1763.0 2421.0 1771.0 2405.0 1851.0 2451.0 1845.0 2466.0 ship 0
2970.0 1227.0 2990.0 1226.0 2997.0 1350.0 2975.0 1353.0 ship 0
2945.0 1231.0 2970.0 1231.0 2974.0 1356.0 2951.0 1358.0 ship 0
2919.0 1222.0 2946.0 1222.0 2947.0 1352.0 2926.0 1356.0 ship 0
2892.0 1221.0 2919.0 1221.0 2923.0 1346.0 2900.0 1348.0 ship 0
2866.0 1227.0 2891.0 1226.0 2899.0 1349.0 2877.0 1352.0 ship 0
2816.0 1235.0 2841.0 1232.0 2855.0 1358.0 2832.0 1361.0 ship 0
2446.0 1541.0 2462.0 1533.0 2490.0 1584.0 2473.0 1595.0 ship 0
2790.0 1238.0 2815.0 1234.0 2831.0 1362.0 2809.0 1366.0 ship 0
2761.0 1246.0 2789.0 1242.0 2810.0 1374.0 2783.0 1380.0 ship 0
2734.0 1246.0 2759.0 1241.0 2783.0 1380.0 2761.0 1386.0 ship 0
2707.0 1253.0 2733.0 1250.0 2761.0 1388.0 2737.0 1392.0 ship 0
2682.0 1257.0 2706.0 1251.0 2733.0 1393.0 2712.0 1398.0 ship 0
2662.0 1271.0 2685.0 1268.0 2710.0 1391.0 2687.0 1400.0 ship 0
2640.0 1277.0 2664.0 1275.0 2685.0 1392.0 2663.0 1397.0 ship 0
2611.0 1268.0 2637.0 1263.0 2661.0 1401.0 2636.0 1409.0 ship 0
1551.0 2408.0 1566.0 2390.0 1659.0 2466.0 1642.0 2486.0 ship 0
1545.0 2431.0 1558.0 2415.0 1631.0 2476.0 1621.0 2489.0 ship 0
1466.0 2207.0 1476.0 2187.0 1593.0 2247.0 1582.0 2269.0 ship 0
1200.0 195.0 1206.0 218.0 1088.0 253.0 1081.0 231.0 ship 0
1030.0 1810.0 1046.0 1791.0 1132.0 1852.0 1120.0 1872.0 ship 0
1014.0 1833.0 1027.0 1812.0 1117.0 1872.0 1105.0 1894.0 ship 0
1002.0 1853.0 1014.0 1835.0 1118.0 1903.0 1106.0 1923.0 ship 0
989.0 1878.0 1002.0 1854.0 1109.0 1926.0 1097.0 1949.0 ship 0
991.0 1909.0 1001.0 1891.0 1087.0 1942.0 1076.0 1964.0 ship 0
977.0 1934.0 991.0 1913.0 1077.0 1966.0 1066.0 1986.0 ship 0
959.0 1954.0 972.0 1933.0 1063.0 1985.0 1052.0 2005.0 ship 0
951.0 1979.0 960.0 1958.0 1056.0 2009.0 1045.0 2034.0 ship 0
1099.0 300.0 1119.0 292.0 1147.0 388.0 1129.0 396.0 ship 0
1455.0 2226.0 1465.0 2208.0 1582.0 2271.0 1572.0 2289.0 ship 0
1075.0 281.0 1091.0 276.0 1127.0 393.0 1108.0 401.0 ship 0
1024.0 301.0 1043.0 296.0 1068.0 394.0 1051.0 401.0 ship 0
1006.0 308.0 1024.0 303.0 1050.0 400.0 1030.0 407.0 ship 0
891.0 365.0 882.0 346.0 980.0 308.0 986.0 325.0 ship 0
868.0 352.0 858.0 328.0 968.0 280.0 981.0 307.0 ship 0
827.0 418.0 824.0 408.0 856.0 394.0 859.0 406.0 ship 0
724.0 396.0 730.0 410.0 679.0 433.0 674.0 421.0 ship 0
714.0 388.0 716.0 399.0 668.0 420.0 664.0 409.0 ship 0
1051.0 2054.0 1066.0 2033.0 1151.0 2089.0 1138.0 2112.0 ship 0
1136.0 2121.0 1147.0 2103.0 1248.0 2172.0 1236.0 2191.0 ship 0
1147.0 2101.0 1162.0 2081.0 1261.0 2151.0 1248.0 2170.0 ship 0
1161.0 2080.0 1174.0 2061.0 1275.0 2131.0 1264.0 2151.0 ship 0
1448.0 2249.0 1460.0 2231.0 1570.0 2292.0 1559.0 2313.0 ship 0
1444.0 2271.0 1456.0 2254.0 1550.0 2316.0 1537.0 2336.0 ship 0
1435.0 2286.0 1445.0 2272.0 1536.0 2338.0 1525.0 2354.0 ship 0
1413.0 2301.0 1429.0 2283.0 1527.0 2356.0 1512.0 2377.0 ship 0
1396.0 2321.0 1413.0 2301.0 1514.0 2378.0 1499.0 2396.0 ship 0
1354.0 2139.0 1367.0 2121.0 1466.0 2189.0 1450.0 2209.0 ship 0
1339.0 2159.0 1354.0 2139.0 1455.0 2215.0 1441.0 2234.0 ship 0
1329.0 2176.0 1341.0 2161.0 1442.0 2235.0 1426.0 2254.0 ship 0
1312.0 2199.0 1328.0 2179.0 1428.0 2256.0 1416.0 2274.0 ship 0
1301.0 2218.0 1313.0 2201.0 1416.0 2275.0 1403.0 2294.0 ship 0
1287.0 2240.0 1303.0 2221.0 1404.0 2295.0 1390.0 2314.0 ship 0
1262.0 2282.0 1309.0 2282.0 1309.0 2331.0 1262.0 2331.0 storage-tank 0
1209.0 1973.0 1217.0 1951.0 1319.0 1991.0 1310.0 2015.0 ship 0
1209.0 1996.0 1218.0 1978.0 1304.0 2016.0 1296.0 2036.0 ship 0
1184.0 2015.0 1195.0 1991.0 1296.0 2038.0 1286.0 2061.0 ship 0
1179.0 2040.0 1187.0 2019.0 1287.0 2065.0 1276.0 2087.0 ship 0
1172.0 2058.0 1186.0 2040.0 1288.0 2108.0 1274.0 2131.0 ship 0
246.0 2220.0 271.0 2220.0 271.0 2248.0 246.0 2248.0 storage-tank 0
