imagesource:GoogleEarth
gsd:1.05007061373
1047.0 881.0 1041.0 874.0 1064.0 849.0 1071.0 854.0 ship 0
655.0 776.0 663.0 784.0 603.0 858.0 595.0 851.0 ship 0
749.0 116.0 760.0 129.0 645.0 216.0 633.0 201.0 ship 0
404.0 40.0 418.0 51.0 366.0 118.0 351.0 107.0 harbor 0
572.0 355.0 581.0 362.0 537.0 417.0 526.0 408.0 ship 0
600.0 425.0 608.0 433.0 585.0 460.0 577.0 453.0 ship 0
546.0 474.0 557.0 481.0 477.0 582.0 465.0 574.0 ship 0
386.0 593.0 400.0 602.0 318.0 703.0 304.0 691.0 ship 0
436.0 608.0 447.0 616.0 355.0 731.0 343.0 722.0 ship 0
1160.0 676.0 1169.0 662.0 1193.0 678.0 1185.0 693.0 basketball-court 1
1171.0 658.0 1180.0 644.0 1204.0 661.0 1195.0 673.0 basketball-court 1
790.0 1161.0 758.0 1136.0 1107.0 715.0 1136.0 741.0 harbor 0
792.0 370.0 805.0 384.0 777.0 406.0 764.0 392.0 tennis-court 1
889.0 535.0 908.0 507.0 973.0 546.0 954.0 576.0 soccer-ball-field 1
854.0 523.0 884.0 478.0 1004.0 554.0 977.0 600.0 ground-track-field 0
477.0 993.0 446.0 968.0 811.0 529.0 838.0 555.0 harbor 0
336.0 730.0 311.0 710.0 607.0 351.0 631.0 371.0 harbor 0
541.0 805.0 566.0 822.0 455.0 956.0 436.0 937.0 ship 0
648.0 704.0 657.0 714.0 614.0 765.0 601.0 755.0 ship 0
744.0 706.0 739.0 701.0 755.0 682.0 760.0 685.0 ship 0
734.0 604.0 741.0 612.0 721.0 634.0 714.0 628.0 ship 0
575.0 372.0 583.0 382.0 546.0 425.0 537.0 418.0 ship 0
572.0 461.0 564.0 455.0 600.0 408.0 609.0 414.0 ship 0
1215.0 1081.0 1224.0 1089.0 1181.0 1142.0 1170.0 1131.0 ship 0
1291.0 997.0 1295.0 1001.0 1258.0 1044.0 1254.0 1040.0 ship 0
1130.0 1174.0 1144.0 1184.0 1099.0 1241.0 1084.0 1230.0 ship 0
1052.0 1260.0 1067.0 1270.0 1016.0 1334.0 1005.0 1324.0 ship 0
977.0 1355.0 988.0 1365.0 941.0 1423.0 929.0 1413.0 ship 0
781.0 626.0 792.0 636.0 736.0 705.0 723.0 695.0 ship 0
1038.0 781.0 1047.0 788.0 1008.0 835.0 1000.0 827.0 ship 0
1057.0 838.0 1065.0 844.0 1035.0 881.0 1028.0 874.0 ship 0
888.0 1041.0 898.0 1049.0 813.0 1155.0 804.0 1146.0 ship 0
841.0 1006.0 856.0 1017.0 769.0 1122.0 755.0 1109.0 ship 0
943.0 862.0 968.0 882.0 887.0 980.0 865.0 960.0 ship 0
996.0 912.0 1006.0 922.0 926.0 1021.0 915.0 1011.0 ship 0
723.0 599.0 731.0 607.0 714.0 627.0 705.0 621.0 ship 0
159.0 375.0 142.0 362.0 331.0 131.0 347.0 146.0 harbor 0
