imagesource:GoogleEarth
gsd:2.2440020334
510.0 1603.0 525.0 1603.0 525.0 1632.0 510.0 1632.0 soccer-ball-field 1
504.0 1594.0 531.0 1594.0 531.0 1640.0 504.0 1640.0 ground-track-field 1
623.0 1968.0 635.0 1968.0 635.0 1984.0 623.0 1984.0 soccer-ball-field 1
566.0 1763.0 609.0 1763.0 609.0 1839.0 566.0 1839.0 ground-track-field 0
574.0 1781.0 602.0 1781.0 602.0 1825.0 574.0 1825.0 soccer-ball-field 1
873.0 1506.0 902.0 1501.0 914.0 1566.0 884.0 1571.0 ground-track-field 0
880.0 1522.0 900.0 1518.0 906.0 1550.0 885.0 1553.0 soccer-ball-field 1
657.0 1145.0 685.0 1125.0 717.0 1172.0 688.0 1191.0 ground-track-field 0
671.0 1151.0 687.0 1142.0 703.0 1163.0 687.0 1175.0 soccer-ball-field 1
1336.0 1838.0 1372.0 1854.0 1364.0 1874.0 1326.0 1859.0 ground-track-field 0
1340.0 1846.0 1362.0 1856.0 1357.0 1864.0 1335.0 1856.0 soccer-ball-field 1
1929.0 1832.0 1954.0 1826.0 1965.0 1876.0 1939.0 1881.0 ground-track-field 0
1937.0 1845.0 1951.0 1842.0 1956.0 1866.0 1942.0 1870.0 soccer-ball-field 1
2140.0 602.0 2156.0 613.0 2134.0 651.0 2118.0 640.0 ground-track-field 0
2139.0 614.0 2148.0 620.0 2137.0 638.0 2128.0 632.0 soccer-ball-field 1
2306.0 216.0 2327.0 222.0 2317.0 257.0 2296.0 252.0 ground-track-field 0
2309.0 224.0 2319.0 227.0 2314.0 248.0 2303.0 247.0 soccer-ball-field 1
2515.0 740.0 2557.0 751.0 2538.0 820.0 2496.0 808.0 ground-track-field 0
2518.0 751.0 2547.0 759.0 2535.0 806.0 2505.0 798.0 soccer-ball-field 1
620.0 1956.0 639.0 1956.0 639.0 1992.0 620.0 1992.0 ground-track-field 0
