imagesource:GoogleEarth
gsd:2.08959095246
693.0 1862.0 705.0 1848.0 758.0 1898.0 749.0 1909.0 container-crane 0
2852.0 2003.0 2874.0 2012.0 2839.0 2111.0 2817.0 2104.0 ship 0
2797.0 2169.0 2819.0 2177.0 2782.0 2278.0 2763.0 2271.0 ship 0
2892.0 427.0 2900.0 425.0 2905.0 454.0 2898.0 457.0 ship 0
3079.0 1537.0 3084.0 1551.0 3068.0 1582.0 3057.0 1575.0 ship 0
3048.0 1890.0 3039.0 1892.0 3030.0 1848.0 3039.0 1845.0 ship 0
2772.0 1870.0 2769.0 1862.0 2814.0 1847.0 2816.0 1855.0 ship 0
2841.0 1859.0 2836.0 1853.0 2862.0 1824.0 2866.0 1829.0 ship 0
2831.0 1854.0 2824.0 1854.0 2823.0 1819.0 2830.0 1819.0 ship 0
2608.0 836.0 2602.0 840.0 2580.0 804.0 2587.0 800.0 ship 0
2316.0 1163.0 2320.0 1167.0 2305.0 1178.0 2301.0 1174.0 ship 0
2296.0 1179.0 2298.0 1183.0 2285.0 1194.0 2281.0 1190.0 ship 0
2292.0 1174.0 2296.0 1179.0 2282.0 1189.0 2278.0 1184.0 ship 0
2266.0 1209.0 2263.0 1204.0 2278.0 1193.0 2281.0 1197.0 ship 0
2244.0 1187.0 2240.0 1191.0 2229.0 1178.0 2233.0 1174.0 ship 0
2260.0 1206.0 2256.0 1209.0 2245.0 1197.0 2248.0 1193.0 ship 0
2246.0 1210.0 2242.0 1213.0 2233.0 1202.0 2237.0 1198.0 ship 1
2225.0 1185.0 2230.0 1181.0 2259.0 1213.0 2254.0 1216.0 harbor 0
782.0 2100.0 799.0 2097.0 805.0 2170.0 788.0 2170.0 container-crane 0
798.0 2097.0 812.0 2095.0 822.0 2166.0 806.0 2170.0 container-crane 0
814.0 2097.0 825.0 2095.0 834.0 2169.0 821.0 2169.0 container-crane 0
827.0 2094.0 840.0 2092.0 852.0 2167.0 836.0 2168.0 container-crane 0
926.0 2104.0 944.0 2098.0 951.0 2146.0 934.0 2151.0 container-crane 0
939.0 2084.0 955.0 2079.0 967.0 2149.0 954.0 2150.0 container-crane 0
962.0 2110.0 975.0 2108.0 979.0 2144.0 966.0 2149.0 container-crane 0
1031.0 2070.0 1050.0 2068.0 1055.0 2133.0 1036.0 2134.0 container-crane 0
1055.0 2068.0 1070.0 2066.0 1078.0 2140.0 1064.0 2142.0 container-crane 0
1070.0 2069.0 1088.0 2065.0 1096.0 2132.0 1080.0 2138.0 container-crane 0
1120.0 2054.0 1133.0 2041.0 1176.0 2095.0 1167.0 2106.0 container-crane 0
1135.0 2044.0 1145.0 2035.0 1188.0 2093.0 1180.0 2099.0 container-crane 0
1147.0 2035.0 1156.0 2027.0 1200.0 2087.0 1191.0 2094.0 container-crane 0
2736.0 2354.0 2764.0 2367.0 2718.0 2505.0 2688.0 2493.0 ship 0
2824.0 215.0 2833.0 228.0 2756.0 284.0 2744.0 268.0 ship 0
1205.0 1990.0 1219.0 1977.0 1261.0 2034.0 1253.0 2046.0 container-crane 0
2266.0 473.0 2256.0 481.0 2042.0 316.0 2047.0 308.0 harbor 0
378.0 1481.0 381.0 1487.0 291.0 1544.0 286.0 1536.0 bridge 0
458.0 2006.0 469.0 1992.0 542.0 2057.0 531.0 2071.0 ship 0
551.0 2086.0 561.0 2075.0 626.0 2131.0 615.0 2142.0 ship 0
639.0 2149.0 637.0 2134.0 736.0 2124.0 737.0 2140.0 ship 0
768.0 2136.0 767.0 2121.0 861.0 2111.0 863.0 2126.0 ship 0
648.0 1887.0 653.0 1880.0 697.0 1921.0 691.0 1926.0 ship 0
747.0 1918.0 725.0 1899.0 850.0 1757.0 875.0 1778.0 ship 0
886.0 1754.0 867.0 1740.0 985.0 1609.0 1002.0 1625.0 ship 0
1038.0 2107.0 1036.0 2096.0 1104.0 2090.0 1105.0 2101.0 ship 0
1130.0 2092.0 1122.0 2082.0 1189.0 2028.0 1199.0 2040.0 ship 0
1220.0 2022.0 1215.0 2015.0 1240.0 1995.0 1246.0 2003.0 ship 0
1260.0 1992.0 1253.0 1981.0 1315.0 1930.0 1325.0 1941.0 ship 0
1358.0 1916.0 1354.0 1909.0 1390.0 1880.0 1396.0 1885.0 ship 0
1025.0 1591.0 1011.0 1580.0 1107.0 1472.0 1124.0 1486.0 ship 0
1289.0 1294.0 1275.0 1283.0 1358.0 1189.0 1373.0 1201.0 ship 0
1395.0 1175.0 1384.0 1164.0 1453.0 1086.0 1465.0 1096.0 ship 0
1552.0 1107.0 1543.0 1098.0 1589.0 1052.0 1597.0 1061.0 ship 0
1439.0 1853.0 1425.0 1833.0 1552.0 1736.0 1568.0 1754.0 ship 0
1595.0 1731.0 1590.0 1725.0 1632.0 1691.0 1638.0 1697.0 ship 0
1651.0 1689.0 1646.0 1682.0 1686.0 1651.0 1691.0 1656.0 ship 0
1557.0 970.0 1565.0 962.0 1603.0 1003.0 1595.0 1009.0 ship 0
1487.0 899.0 1496.0 890.0 1547.0 942.0 1538.0 952.0 ship 0
1428.0 837.0 1436.0 830.0 1464.0 862.0 1456.0 868.0 ship 0
1445.0 822.0 1438.0 814.0 1487.0 772.0 1495.0 781.0 ship 0
1646.0 661.0 1638.0 651.0 1691.0 607.0 1696.0 618.0 ship 0
1854.0 477.0 1861.0 490.0 1776.0 559.0 1766.0 546.0 ship 0
2024.0 336.0 2036.0 354.0 1930.0 441.0 1914.0 424.0 ship 0
1747.0 1603.0 1752.0 1610.0 1704.0 1646.0 1699.0 1640.0 ship 0
2248.0 318.0 2257.0 296.0 2391.0 346.0 2383.0 370.0 ship 0
1163.0 2024.0 1173.0 2015.0 1219.0 2069.0 1211.0 2080.0 container-crane 0
1251.0 1957.0 1263.0 1944.0 1309.0 2004.0 1300.0 2011.0 container-crane 0
727.0 1824.0 737.0 1814.0 793.0 1865.0 785.0 1874.0 container-crane 0
1430.0 774.0 1442.0 762.0 1485.0 814.0 1476.0 823.0 container-crane 0
1522.0 1073.0 1532.0 1065.0 1571.0 1106.0 1563.0 1111.0 container-crane 0
1506.0 1093.0 1514.0 1083.0 1551.0 1118.0 1542.0 1127.0 container-crane 0
1368.0 1119.0 1379.0 1104.0 1441.0 1159.0 1431.0 1170.0 container-crane 0
1336.0 1148.0 1345.0 1138.0 1410.0 1197.0 1401.0 1206.0 container-crane 0
1310.0 1181.0 1315.0 1170.0 1380.0 1226.0 1373.0 1233.0 container-crane 0
1297.0 1196.0 1303.0 1188.0 1359.0 1242.0 1352.0 1248.0 container-crane 0
1287.0 1206.0 1294.0 1198.0 1356.0 1253.0 1348.0 1263.0 container-crane 0
1271.0 1226.0 1279.0 1214.0 1341.0 1269.0 1336.0 1278.0 container-crane 0
1251.0 1246.0 1263.0 1236.0 1326.0 1289.0 1317.0 1296.0 container-crane 0
1191.0 1308.0 1199.0 1300.0 1243.0 1334.0 1237.0 1344.0 container-crane 0
1184.0 1320.0 1190.0 1313.0 1229.0 1344.0 1224.0 1351.0 container-crane 0
1162.0 1333.0 1172.0 1324.0 1213.0 1364.0 1206.0 1371.0 container-crane 0
1149.0 1350.0 1156.0 1339.0 1202.0 1379.0 1193.0 1387.0 container-crane 0
1129.0 1382.0 1135.0 1373.0 1177.0 1409.0 1169.0 1417.0 container-crane 0
1072.0 1447.0 1079.0 1435.0 1144.0 1493.0 1136.0 1502.0 container-crane 0
1034.0 1486.0 1042.0 1477.0 1109.0 1536.0 1102.0 1543.0 container-crane 0
1027.0 1498.0 1034.0 1486.0 1095.0 1544.0 1089.0 1551.0 container-crane 0
1018.0 1506.0 1028.0 1498.0 1088.0 1555.0 1083.0 1561.0 container-crane 0
1004.0 1517.0 1013.0 1507.0 1083.0 1566.0 1074.0 1576.0 container-crane 0
934.0 1594.0 941.0 1584.0 1009.0 1643.0 1003.0 1652.0 container-crane 0
904.0 1628.0 912.0 1618.0 977.0 1673.0 969.0 1683.0 container-crane 0
899.0 1638.0 905.0 1631.0 969.0 1685.0 960.0 1693.0 container-crane 0
887.0 1646.0 896.0 1638.0 956.0 1694.0 951.0 1702.0 container-crane 0
879.0 1659.0 888.0 1648.0 951.0 1707.0 941.0 1717.0 container-crane 0
808.0 1731.0 816.0 1721.0 878.0 1775.0 869.0 1781.0 container-crane 0
782.0 1762.0 791.0 1753.0 849.0 1806.0 843.0 1814.0 container-crane 0
771.0 1770.0 779.0 1759.0 843.0 1817.0 833.0 1825.0 container-crane 0
746.0 1799.0 756.0 1788.0 811.0 1835.0 807.0 1845.0 container-crane 0
735.0 1815.0 743.0 1800.0 803.0 1853.0 798.0 1862.0 container-crane 0
1408.0 1073.0 1416.0 1059.0 1478.0 1116.0 1471.0 1125.0 container-crane 0
1457.0 747.0 1466.0 739.0 1512.0 794.0 1504.0 802.0 container-crane 0
1268.0 1942.0 1279.0 1932.0 1325.0 1990.0 1318.0 2000.0 container-crane 0
1481.0 732.0 1492.0 721.0 1532.0 774.0 1523.0 783.0 container-crane 0
1296.0 1917.0 1308.0 1906.0 1355.0 1966.0 1345.0 1976.0 container-crane 0
1346.0 1880.0 1356.0 1870.0 1403.0 1929.0 1393.0 1936.0 container-crane 0
1425.0 1818.0 1435.0 1803.0 1487.0 1865.0 1477.0 1875.0 container-crane 0
1445.0 1805.0 1456.0 1795.0 1502.0 1858.0 1493.0 1867.0 container-crane 0
1462.0 1772.0 1472.0 1762.0 1528.0 1830.0 1519.0 1838.0 container-crane 0
1477.0 1767.0 1484.0 1757.0 1540.0 1825.0 1532.0 1831.0 container-crane 0
1490.0 1755.0 1497.0 1747.0 1550.0 1812.0 1542.0 1820.0 container-crane 0
1518.0 1745.0 1529.0 1737.0 1575.0 1791.0 1562.0 1799.0 container-crane 0
1544.0 1740.0 1552.0 1734.0 1592.0 1779.0 1587.0 1787.0 container-crane 0
1587.0 1673.0 1597.0 1667.0 1655.0 1738.0 1647.0 1747.0 container-crane 0
1620.0 1649.0 1627.0 1642.0 1689.0 1715.0 1680.0 1723.0 container-crane 0
1631.0 1639.0 1641.0 1628.0 1702.0 1701.0 1691.0 1710.0 container-crane 0
1681.0 1616.0 1689.0 1608.0 1741.0 1667.0 1735.0 1674.0 container-crane 0
1693.0 1595.0 1702.0 1588.0 1761.0 1655.0 1752.0 1663.0 container-crane 0
1755.0 1539.0 1767.0 1529.0 1823.0 1603.0 1816.0 1609.0 container-crane 0
1863.0 1461.0 1871.0 1451.0 1931.0 1524.0 1922.0 1531.0 container-crane 0
1878.0 1449.0 1885.0 1441.0 1943.0 1516.0 1935.0 1521.0 container-crane 0
1945.0 1399.0 1956.0 1389.0 2012.0 1454.0 2002.0 1462.0 container-crane 0
1978.0 1391.0 1987.0 1381.0 2037.0 1439.0 2028.0 1446.0 container-crane 0
2058.0 1330.0 2068.0 1321.0 2113.0 1375.0 2106.0 1383.0 container-crane 0
2083.0 1312.0 2091.0 1305.0 2137.0 1362.0 2131.0 1371.0 container-crane 0
2092.0 1278.0 2100.0 1270.0 2158.0 1345.0 2152.0 1354.0 container-crane 0
2108.0 1267.0 2116.0 1259.0 2173.0 1332.0 2166.0 1340.0 container-crane 0
2130.0 1252.0 2139.0 1243.0 2193.0 1316.0 2183.0 1322.0 container-crane 0
2416.0 378.0 2407.0 399.0 1955.0 232.0 1962.0 212.0 harbor 0
1646.0 596.0 1652.0 588.0 1701.0 646.0 1696.0 653.0 container-crane 0
1627.0 612.0 1640.0 603.0 1682.0 654.0 1671.0 663.0 container-crane 0
1556.0 668.0 1567.0 659.0 1598.0 699.0 1587.0 707.0 container-crane 0
1531.0 687.0 1541.0 678.0 1574.0 719.0 1564.0 725.0 container-crane 0
76.0 1166.0 138.0 1126.0 149.0 1147.0 87.0 1187.0 bridge 0
