imagesource:GoogleEarth
gsd:0.133116390678
851.0 1030.0 866.0 1045.0 816.0 1091.0 799.0 1076.0 ship 0
418.0 858.0 392.0 887.0 286.0 793.0 309.0 763.0 ship 0
558.0 300.0 539.0 319.0 487.0 274.0 504.0 253.0 ship 0
511.0 355.0 496.0 374.0 441.0 331.0 456.0 311.0 ship 0
493.0 383.0 477.0 404.0 417.0 357.0 434.0 339.0 ship 0
461.0 410.0 446.0 429.0 396.0 386.0 411.0 370.0 ship 0
365.0 239.0 383.0 216.0 437.0 265.0 421.0 284.0 ship 0
346.0 260.0 364.0 239.0 422.0 285.0 405.0 308.0 ship 0
174.0 945.0 195.0 921.0 305.0 1014.0 281.0 1041.0 ship 0
531.0 949.0 519.0 975.0 443.0 930.0 458.0 904.0 ship 0
291.0 766.0 271.0 793.0 170.0 712.0 191.0 685.0 ship 0
866.0 1048.0 881.0 1063.0 832.0 1110.0 816.0 1096.0 ship 0
356.0 554.0 339.0 574.0 284.0 532.0 300.0 511.0 ship 0
295.0 643.0 280.0 666.0 222.0 625.0 237.0 601.0 ship 0
280.0 363.0 296.0 344.0 346.0 386.0 331.0 404.0 ship 0
264.0 384.0 278.0 366.0 327.0 407.0 315.0 423.0 ship 0
226.0 437.0 237.0 420.0 289.0 459.0 275.0 479.0 ship 0
208.0 461.0 222.0 444.0 270.0 481.0 255.0 500.0 ship 0
184.0 487.0 198.0 470.0 248.0 509.0 233.0 527.0 ship 0
130.0 562.0 145.0 546.0 192.0 586.0 176.0 601.0 ship 0
587.0 271.0 572.0 291.0 513.0 249.0 527.0 229.0 ship 0
605.0 243.0 587.0 263.0 532.0 218.0 548.0 198.0 ship 0
625.0 214.0 608.0 230.0 557.0 190.0 571.0 170.0 ship 0
648.0 188.0 631.0 207.0 574.0 165.0 590.0 145.0 ship 0
923.0 994.0 935.0 1011.0 887.0 1055.0 871.0 1041.0 ship 0
907.0 975.0 922.0 993.0 870.0 1037.0 853.0 1021.0 ship 0
559.0 283.0 551.0 293.0 504.0 252.0 510.0 244.0 harbor 0
605.0 227.0 596.0 236.0 549.0 198.0 557.0 189.0 harbor 0
515.0 339.0 506.0 350.0 456.0 309.0 465.0 297.0 harbor 0
467.0 397.0 457.0 406.0 410.0 368.0 418.0 357.0 harbor 0
604.0 587.0 588.0 606.0 361.0 429.0 376.0 411.0 harbor 0
375.0 506.0 365.0 519.0 319.0 486.0 331.0 470.0 harbor 0
330.0 566.0 320.0 577.0 275.0 541.0 283.0 531.0 harbor 0
292.0 624.0 284.0 635.0 235.0 600.0 241.0 588.0 harbor 0
364.0 1230.0 338.0 1244.0 294.0 1152.0 324.0 1137.0 ship 0
247.0 682.0 235.0 696.0 192.0 662.0 201.0 647.0 harbor 0
1140.0 673.0 1171.0 697.0 1094.0 819.0 1061.0 796.0 ship 0
1201.0 656.0 1236.0 676.0 1126.0 846.0 1094.0 821.0 ship 0
1071.0 527.0 1046.0 556.0 931.0 471.0 951.0 445.0 ship 0
1087.0 505.0 1072.0 526.0 950.0 443.0 970.0 417.0 ship 0
684.0 1025.0 662.0 1059.0 526.0 976.0 547.0 945.0 ship 0
113.0 588.0 128.0 571.0 176.0 610.0 161.0 626.0 ship 0
