imagesource:GoogleEarth
gsd:0.529686817461
2021.0 908.0 2046.0 934.0 1528.0 1399.0 1508.0 1377.0 harbor 0
1858.0 999.0 1874.0 1016.0 1783.0 1097.0 1769.0 1081.0 ship 0
1874.0 1017.0 1888.0 1031.0 1797.0 1113.0 1783.0 1097.0 ship 0
1648.0 1214.0 1635.0 1197.0 1719.0 1126.0 1733.0 1141.0 ship 0
1662.0 1231.0 1649.0 1216.0 1731.0 1142.0 1745.0 1156.0 ship 0
1448.0 1391.0 1466.0 1372.0 1501.0 1411.0 1484.0 1430.0 basketball-court 0
1319.0 1048.0 1336.0 1061.0 1257.0 1175.0 1238.0 1162.0 harbor 0
961.0 1810.0 1098.0 1780.0 1114.0 1866.0 979.0 1894.0 soccer-ball-field 0
1152.0 1749.0 1177.0 1872.0 921.0 1928.0 894.0 1801.0 ground-track-field 0
815.0 1444.0 818.0 1450.0 804.0 1460.0 800.0 1455.0 large-vehicle 0
809.0 1438.0 813.0 1443.0 798.0 1453.0 794.0 1448.0 large-vehicle 0
883.0 1426.0 906.0 1458.0 851.0 1496.0 829.0 1464.0 basketball-court 0
868.0 1176.0 861.0 1172.0 888.0 1125.0 894.0 1128.0 ship 0
1017.0 318.0 1035.0 334.0 785.0 632.0 767.0 616.0 harbor 0
899.0 1119.0 914.0 1127.0 856.0 1243.0 836.0 1233.0 harbor 0
