imagesource:GoogleEarth
gsd:0.561003962929
1594.0 1111.0 1598.0 1106.0 1609.0 1116.0 1603.0 1121.0 large-vehicle 1
2555.0 367.0 2637.0 296.0 2727.0 399.0 2640.0 481.0 plane 0
1870.0 973.0 1952.0 900.0 2045.0 1006.0 1958.0 1086.0 plane 0
2029.0 1126.0 2073.0 1164.0 2015.0 1219.0 1973.0 1174.0 plane 0
1345.0 1346.0 1420.0 1279.0 1491.0 1354.0 1409.0 1427.0 plane 0
1421.0 1385.0 1339.0 1459.0 1267.0 1371.0 1351.0 1302.0 plane 0
1301.0 1502.0 1223.0 1576.0 1136.0 1477.0 1223.0 1405.0 plane 0
977.0 1648.0 1066.0 1575.0 1146.0 1674.0 1063.0 1751.0 plane 0
972.0 1727.0 1018.0 1683.0 1070.0 1741.0 1021.0 1786.0 plane 0
855.0 1752.0 941.0 1680.0 1028.0 1778.0 940.0 1859.0 plane 0
643.0 1946.0 737.0 1868.0 825.0 1965.0 730.0 2045.0 plane 0
723.0 2044.0 806.0 2136.0 699.0 2230.0 621.0 2140.0 plane 0
306.0 1472.0 340.0 1519.0 286.0 1565.0 250.0 1520.0 bridge 0
