imagesource:GoogleEarth
gsd:0.268925052168
2412.0 1327.0 2408.0 1354.0 2256.0 1325.0 2261.0 1297.0 ship 0
641.0 993.0 681.0 1004.0 624.0 1199.0 586.0 1187.0 ship 0
1631.0 1072.0 1648.0 1074.0 1641.0 1174.0 1622.0 1172.0 ship 0
1663.0 677.0 1698.0 691.0 1627.0 883.0 1591.0 866.0 ship 0
1131.0 2157.0 1165.0 2158.0 1154.0 2290.0 1116.0 2290.0 ship 0
1097.0 854.0 1052.0 851.0 1081.0 629.0 1127.0 636.0 ship 0
1192.0 154.0 1160.0 144.0 1193.0 24.0 1230.0 23.0 ship 0
1092.0 162.0 1062.0 153.0 1098.0 26.0 1129.0 28.0 ship 0
699.0 2174.0 651.0 2166.0 690.0 1831.0 741.0 1836.0 ship 0
932.0 1978.0 889.0 1977.0 905.0 1732.0 947.0 1734.0 ship 0
971.0 1630.0 932.0 1629.0 946.0 1436.0 984.0 1436.0 ship 0
961.0 864.0 924.0 853.0 977.0 682.0 1015.0 696.0 ship 0
1011.0 1247.0 976.0 1246.0 994.0 1048.0 1030.0 1051.0 ship 0
904.0 1356.0 871.0 1351.0 896.0 1171.0 932.0 1177.0 ship 0
870.0 1142.0 831.0 1132.0 889.0 914.0 929.0 925.0 ship 0
764.0 1283.0 800.0 1293.0 776.0 1484.0 741.0 1480.0 ship 0
582.0 892.0 540.0 879.0 571.0 778.0 613.0 791.0 ship 0
2407.0 1291.0 2401.0 1325.0 2249.0 1294.0 2256.0 1259.0 ship 0
919.0 248.0 953.0 260.0 911.0 422.0 874.0 411.0 ship 0
660.0 406.0 637.0 401.0 671.0 281.0 697.0 291.0 ship 0
558.0 752.0 536.0 746.0 576.0 618.0 601.0 625.0 ship 0
536.0 883.0 494.0 871.0 526.0 766.0 568.0 781.0 ship 0
493.0 1026.0 467.0 1021.0 495.0 884.0 524.0 893.0 ship 0
471.0 1196.0 441.0 1191.0 472.0 1047.0 504.0 1053.0 ship 0
463.0 1329.0 449.0 1329.0 455.0 1232.0 471.0 1234.0 ship 0
448.0 1331.0 431.0 1330.0 436.0 1234.0 454.0 1233.0 ship 0
391.0 1476.0 374.0 1464.0 427.0 1381.0 444.0 1392.0 ship 0
400.0 1362.0 425.0 1381.0 369.0 1464.0 341.0 1445.0 ship 0
281.0 1564.0 268.0 1556.0 311.0 1501.0 320.0 1511.0 ship 0
311.0 1582.0 301.0 1575.0 340.0 1521.0 350.0 1528.0 ship 0
293.0 1586.0 276.0 1574.0 324.0 1507.0 340.0 1520.0 ship 0
182.0 1594.0 211.0 1620.0 80.0 1756.0 51.0 1725.0 ship 0
1964.0 1897.0 1986.0 1899.0 1980.0 1997.0 1958.0 1997.0 ship 0
1987.0 1898.0 2008.0 1899.0 2001.0 2011.0 1978.0 2011.0 ship 0
2028.0 1915.0 2048.0 1915.0 2044.0 2020.0 2022.0 2019.0 ship 0
2008.0 1904.0 2029.0 1906.0 2021.0 2011.0 2001.0 2009.0 ship 0
2371.0 1239.0 2355.0 1283.0 2221.0 1242.0 2236.0 1198.0 ship 0
2386.0 1209.0 2377.0 1238.0 2229.0 1196.0 2237.0 1166.0 ship 0
2347.0 1174.0 2339.0 1195.0 2213.0 1151.0 2223.0 1127.0 ship 0
2306.0 1393.0 2298.0 1412.0 2180.0 1372.0 2188.0 1349.0 ship 0
2295.0 1413.0 2288.0 1432.0 2174.0 1397.0 2183.0 1375.0 ship 0
2180.0 1448.0 2203.0 1446.0 2215.0 1573.0 2190.0 1576.0 ship 0
2152.0 1431.0 2181.0 1431.0 2165.0 1606.0 2135.0 1602.0 ship 0
2310.0 1731.0 2309.0 1746.0 2196.0 1742.0 2195.0 1724.0 ship 0
2201.0 1695.0 2198.0 1711.0 2110.0 1694.0 2112.0 1677.0 ship 0
2309.0 1710.0 2306.0 1731.0 2232.0 1723.0 2235.0 1703.0 ship 0
2280.0 1753.0 2283.0 1776.0 2170.0 1790.0 2168.0 1764.0 ship 0
2241.0 1945.0 2241.0 1957.0 2172.0 1959.0 2172.0 1943.0 ship 0
2246.0 1931.0 2246.0 1944.0 2169.0 1942.0 2170.0 1927.0 ship 0
2242.0 1915.0 2241.0 1930.0 2181.0 1925.0 2183.0 1911.0 ship 0
2242.0 1899.0 2241.0 1912.0 2170.0 1908.0 2171.0 1893.0 ship 0
2247.0 1886.0 2246.0 1899.0 2165.0 1886.0 2167.0 1871.0 ship 0
2251.0 1867.0 2249.0 1885.0 2149.0 1861.0 2154.0 1842.0 ship 0
2256.0 1842.0 2252.0 1868.0 2148.0 1837.0 2156.0 1813.0 ship 0
2108.0 1813.0 2120.0 1813.0 2120.0 1853.0 2109.0 1854.0 ship 0
2096.0 1809.0 2108.0 1810.0 2108.0 1854.0 2096.0 1855.0 ship 0
2081.0 1801.0 2096.0 1802.0 2095.0 1861.0 2081.0 1861.0 ship 0
2066.0 1804.0 2081.0 1804.0 2080.0 1869.0 2063.0 1869.0 ship 0
2026.0 1691.0 2044.0 1690.0 2044.0 1787.0 2026.0 1788.0 ship 0
2200.0 2042.0 2191.0 2058.0 2112.0 2014.0 2121.0 1996.0 ship 0
2002.0 1765.0 2028.0 1768.0 2018.0 1882.0 1991.0 1879.0 ship 0
1977.0 1759.0 2001.0 1761.0 1990.0 1876.0 1965.0 1872.0 ship 0
1959.0 1769.0 1974.0 1771.0 1970.0 1844.0 1954.0 1842.0 ship 0
1942.0 1767.0 1957.0 1768.0 1955.0 1847.0 1939.0 1846.0 ship 0
1937.0 1677.0 1958.0 1670.0 1984.0 1758.0 1963.0 1765.0 ship 0
96.0 1785.0 73.0 1764.0 216.0 1617.0 242.0 1642.0 ship 0
