imagesource:GoogleEarth
gsd:0.265526265059
614.0 2524.0 593.0 2464.0 1838.0 2254.0 1851.0 2308.0 bridge 0
704.0 396.0 693.0 397.0 688.0 365.0 698.0 361.0 ship 0
799.0 892.0 806.0 899.0 793.0 915.0 785.0 908.0 ship 0
845.0 146.0 834.0 144.0 838.0 115.0 847.0 115.0 ship 0
942.0 406.0 931.0 411.0 916.0 380.0 926.0 373.0 ship 0
841.0 476.0 831.0 480.0 819.0 452.0 827.0 447.0 ship 0
807.0 470.0 797.0 474.0 786.0 443.0 795.0 439.0 ship 0
724.0 425.0 714.0 428.0 704.0 401.0 712.0 396.0 ship 0
749.0 41.0 740.0 41.0 739.0 9.0 748.0 8.0 ship 0
665.0 90.0 656.0 90.0 654.0 66.0 663.0 65.0 ship 0
683.0 41.0 693.0 36.0 706.0 65.0 697.0 69.0 ship 0
793.0 549.0 786.0 553.0 771.0 531.0 779.0 526.0 ship 0
738.0 351.0 729.0 353.0 720.0 329.0 729.0 326.0 ship 0
877.0 569.0 865.0 573.0 854.0 530.0 867.0 526.0 ship 0
693.0 261.0 686.0 264.0 672.0 240.0 678.0 234.0 ship 0
735.0 257.0 725.0 262.0 711.0 236.0 719.0 231.0 ship 0
566.0 439.0 562.0 447.0 545.0 437.0 549.0 429.0 ship 0
668.0 321.0 658.0 325.0 646.0 297.0 657.0 291.0 ship 0
633.0 476.0 625.0 482.0 611.0 462.0 618.0 455.0 ship 0
664.0 432.0 655.0 436.0 641.0 407.0 650.0 402.0 ship 0
625.0 437.0 614.0 437.0 611.0 407.0 623.0 405.0 ship 0
645.0 378.0 641.0 366.0 674.0 356.0 676.0 366.0 ship 0
721.0 312.0 711.0 315.0 704.0 284.0 714.0 280.0 ship 0
821.0 531.0 812.0 535.0 800.0 509.0 808.0 503.0 ship 0
870.0 396.0 859.0 396.0 859.0 371.0 869.0 370.0 ship 0
821.0 369.0 816.0 375.0 794.0 356.0 800.0 349.0 ship 0
781.0 384.0 772.0 386.0 766.0 365.0 773.0 362.0 ship 0
805.0 437.0 796.0 440.0 782.0 405.0 790.0 400.0 ship 0
884.0 472.0 874.0 467.0 882.0 443.0 893.0 446.0 ship 0
699.0 214.0 696.0 200.0 726.0 194.0 729.0 206.0 ship 0
687.0 486.0 678.0 488.0 675.0 467.0 682.0 465.0 ship 0
716.0 541.0 708.0 539.0 714.0 511.0 722.0 512.0 ship 0
739.0 475.0 746.0 484.0 715.0 508.0 707.0 497.0 ship 0
733.0 479.0 724.0 485.0 709.0 466.0 717.0 458.0 ship 0
901.0 367.0 899.0 357.0 936.0 348.0 939.0 358.0 ship 0
933.0 254.0 924.0 257.0 916.0 236.0 925.0 231.0 ship 0
790.0 257.0 784.0 261.0 766.0 244.0 772.0 238.0 ship 0
913.0 121.0 905.0 126.0 893.0 109.0 900.0 103.0 ship 0
944.0 72.0 935.0 76.0 927.0 53.0 936.0 49.0 ship 0
868.0 277.0 860.0 280.0 848.0 257.0 855.0 251.0 ship 0
781.0 345.0 773.0 347.0 762.0 323.0 769.0 319.0 ship 0
792.0 343.0 782.0 347.0 772.0 320.0 780.0 316.0 ship 0
771.0 306.0 762.0 309.0 751.0 285.0 759.0 281.0 ship 0
783.0 228.0 773.0 232.0 763.0 211.0 771.0 206.0 ship 0
852.0 226.0 844.0 230.0 831.0 206.0 840.0 201.0 ship 0
829.0 187.0 820.0 190.0 811.0 170.0 819.0 165.0 ship 0
878.0 319.0 871.0 323.0 859.0 303.0 866.0 297.0 ship 0
851.0 339.0 843.0 343.0 831.0 322.0 841.0 317.0 ship 0
907.0 335.0 898.0 337.0 891.0 316.0 899.0 311.0 ship 0
941.0 536.0 931.0 540.0 922.0 511.0 931.0 506.0 ship 0
674.0 578.0 671.0 591.0 641.0 584.0 644.0 573.0 ship 0
1479.0 1894.0 1476.0 1863.0 1761.0 1815.0 1766.0 1846.0 harbor 0
314.0 546.0 306.0 552.0 290.0 537.0 296.0 531.0 ship 0
408.0 411.0 396.0 410.0 402.0 377.0 414.0 378.0 ship 0
498.0 251.0 486.0 254.0 482.0 223.0 492.0 220.0 ship 0
557.0 264.0 548.0 254.0 575.0 221.0 584.0 231.0 ship 0
561.0 122.0 549.0 123.0 544.0 82.0 556.0 80.0 ship 0
539.0 197.0 527.0 198.0 529.0 167.0 540.0 167.0 ship 0
507.0 119.0 485.0 129.0 467.0 92.0 490.0 81.0 ship 0
484.0 127.0 467.0 136.0 451.0 102.0 467.0 92.0 ship 0
399.0 106.0 388.0 108.0 383.0 71.0 394.0 68.0 ship 0
307.0 58.0 296.0 58.0 296.0 30.0 307.0 28.0 ship 0
144.0 393.0 126.0 401.0 111.0 366.0 128.0 357.0 ship 0
286.0 487.0 276.0 491.0 263.0 463.0 272.0 458.0 ship 0
649.0 638.0 640.0 645.0 618.0 615.0 626.0 608.0 ship 0
251.0 460.0 225.0 452.0 240.0 391.0 267.0 397.0 ship 0
327.0 398.0 316.0 403.0 299.0 372.0 309.0 365.0 ship 0
431.0 269.0 421.0 272.0 411.0 243.0 421.0 238.0 ship 0
391.0 290.0 384.0 295.0 369.0 274.0 376.0 269.0 ship 0
298.0 311.0 286.0 316.0 267.0 282.0 278.0 275.0 ship 0
464.0 196.0 453.0 192.0 461.0 163.0 472.0 165.0 ship 0
376.0 161.0 364.0 163.0 351.0 125.0 363.0 121.0 ship 0
294.0 155.0 282.0 160.0 266.0 114.0 277.0 109.0 ship 0
509.0 664.0 501.0 679.0 450.0 646.0 459.0 630.0 ship 0
85.0 1756.0 93.0 1752.0 101.0 1773.0 93.0 1776.0 ship 0
499.0 314.0 490.0 318.0 480.0 293.0 489.0 288.0 ship 0
507.0 398.0 497.0 402.0 488.0 379.0 497.0 375.0 ship 0
540.0 366.0 530.0 370.0 520.0 338.0 529.0 334.0 ship 0
535.0 519.0 528.0 528.0 496.0 502.0 504.0 494.0 ship 0
751.0 724.0 742.0 723.0 743.0 695.0 752.0 694.0 ship 0
768.0 731.0 754.0 732.0 755.0 683.0 770.0 682.0 ship 0
772.0 686.0 784.0 686.0 781.0 732.0 769.0 732.0 ship 0
787.0 670.0 803.0 665.0 827.0 744.0 809.0 750.0 ship 0
806.0 671.0 821.0 665.0 845.0 739.0 830.0 744.0 ship 0
823.0 663.0 837.0 656.0 861.0 732.0 847.0 738.0 ship 0
838.0 655.0 853.0 649.0 875.0 724.0 861.0 731.0 ship 0
620.0 124.0 611.0 121.0 617.0 98.0 627.0 101.0 ship 0
602.0 565.0 591.0 568.0 582.0 535.0 591.0 531.0 ship 0
589.0 513.0 581.0 517.0 569.0 495.0 577.0 489.0 ship 0
580.0 481.0 569.0 482.0 565.0 455.0 574.0 452.0 ship 0
591.0 384.0 578.0 382.0 584.0 346.0 596.0 347.0 ship 0
597.0 274.0 587.0 271.0 594.0 244.0 604.0 245.0 ship 0
578.0 318.0 568.0 322.0 558.0 298.0 567.0 292.0 ship 0
498.0 469.0 487.0 471.0 481.0 442.0 490.0 439.0 ship 0
466.0 503.0 457.0 505.0 449.0 481.0 457.0 477.0 ship 0
392.0 482.0 386.0 489.0 367.0 474.0 373.0 466.0 ship 0
391.0 457.0 384.0 463.0 370.0 445.0 377.0 440.0 ship 0
392.0 447.0 384.0 450.0 369.0 418.0 378.0 413.0 ship 0
395.0 434.0 387.0 436.0 380.0 417.0 387.0 413.0 ship 0
359.0 523.0 347.0 523.0 347.0 490.0 361.0 489.0 ship 0
638.0 524.0 648.0 521.0 654.0 545.0 645.0 548.0 ship 0
696.0 500.0 705.0 494.0 714.0 512.0 705.0 516.0 ship 0
813.0 430.0 804.0 434.0 794.0 410.0 802.0 406.0 ship 0
1363.0 355.0 1360.0 346.0 1380.0 339.0 1383.0 346.0 ship 0
1769.0 139.0 1761.0 147.0 1734.0 122.0 1741.0 114.0 large-vehicle 0
1778.0 130.0 1772.0 138.0 1740.0 111.0 1747.0 102.0 large-vehicle 0
1431.0 613.0 1423.0 597.0 1551.0 523.0 1564.0 541.0 harbor 0
1500.0 600.0 1509.0 618.0 1449.0 653.0 1439.0 636.0 ship 0
1502.0 576.0 1512.0 590.0 1440.0 634.0 1429.0 615.0 ship 0
1475.0 550.0 1476.0 566.0 1401.0 573.0 1400.0 555.0 ship 0
1818.0 75.0 1809.0 82.0 1782.0 48.0 1791.0 41.0 large-vehicle 0
1336.0 355.0 1332.0 349.0 1348.0 336.0 1353.0 341.0 ship 0
1370.0 375.0 1366.0 366.0 1383.0 357.0 1388.0 366.0 ship 0
1365.0 364.0 1362.0 357.0 1380.0 350.0 1382.0 357.0 ship 0
1454.0 315.0 1449.0 323.0 1430.0 313.0 1434.0 305.0 ship 0
931.0 183.0 921.0 184.0 915.0 162.0 924.0 158.0 ship 0
1450.0 289.0 1446.0 298.0 1426.0 289.0 1430.0 279.0 ship 0
1241.0 502.0 1237.0 491.0 1258.0 482.0 1261.0 493.0 ship 0
1364.0 600.0 1354.0 616.0 1287.0 569.0 1299.0 552.0 ship 0
1339.0 455.0 1350.0 472.0 1297.0 512.0 1284.0 496.0 ship 0
1331.0 438.0 1343.0 452.0 1281.0 499.0 1270.0 484.0 ship 0
1318.0 431.0 1326.0 444.0 1268.0 485.0 1259.0 471.0 ship 0
1254.0 427.0 1261.0 438.0 1225.0 463.0 1219.0 453.0 ship 0
1247.0 419.0 1253.0 428.0 1221.0 450.0 1215.0 441.0 ship 0
1246.0 404.0 1251.0 414.0 1217.0 437.0 1211.0 427.0 ship 0
1231.0 400.0 1238.0 408.0 1221.0 421.0 1216.0 413.0 ship 0
1738.0 185.0 1731.0 192.0 1701.0 164.0 1708.0 154.0 large-vehicle 0
1719.0 203.0 1712.0 211.0 1684.0 183.0 1691.0 176.0 large-vehicle 0
1708.0 213.0 1699.0 221.0 1676.0 197.0 1683.0 190.0 large-vehicle 0
1714.0 2156.0 1705.0 2160.0 1699.0 2136.0 1707.0 2132.0 ship 0
1101.0 1606.0 1098.0 1572.0 1710.0 1480.0 1716.0 1519.0 harbor 0
1205.0 1217.0 1202.0 1183.0 1655.0 1113.0 1659.0 1149.0 harbor 0
1485.0 1093.0 1492.0 1139.0 1135.0 1200.0 1128.0 1141.0 ship 0
1112.0 1921.0 1104.0 1868.0 1522.0 1811.0 1529.0 1860.0 ship 0
1946.0 2078.0 1947.0 1965.0 2022.0 1964.0 2024.0 2084.0 plane 0
1949.0 2127.0 1973.0 2052.0 2033.0 2069.0 2013.0 2146.0 plane 0
1957.0 2179.0 1984.0 2106.0 2043.0 2131.0 2015.0 2203.0 plane 0
2082.0 2107.0 2059.0 2174.0 2015.0 2152.0 2038.0 2088.0 plane 0
2116.0 2125.0 2112.0 2231.0 2030.0 2230.0 2033.0 2118.0 plane 0
1928.0 1973.0 1930.0 1848.0 2016.0 1851.0 2016.0 1975.0 plane 0
1927.0 2027.0 1907.0 2032.0 1889.0 1953.0 1909.0 1947.0 ship 0
1954.0 2122.0 1931.0 2129.0 1910.0 2035.0 1930.0 2029.0 ship 0
1960.0 2194.0 1942.0 2196.0 1934.0 2136.0 1949.0 2133.0 ship 0
1905.0 1939.0 1884.0 1942.0 1864.0 1841.0 1886.0 1838.0 ship 0
1822.0 36.0 1816.0 29.0 1842.0 1.0 1848.0 7.0 large-vehicle 0
1863.0 77.0 1855.0 68.0 1883.0 38.0 1890.0 45.0 large-vehicle 0
1833.0 49.0 1826.0 42.0 1855.0 12.0 1861.0 19.0 large-vehicle 0
1839.0 1768.0 1795.0 1775.0 1781.0 1659.0 1823.0 1654.0 ship 0
1792.0 252.0 1786.0 259.0 1760.0 237.0 1765.0 229.0 large-vehicle 0
1785.0 265.0 1780.0 271.0 1752.0 249.0 1758.0 241.0 large-vehicle 0
1758.0 1507.0 1787.0 1502.0 1811.0 1641.0 1777.0 1649.0 ship 0
1299.0 392.0 1309.0 406.0 1269.0 432.0 1260.0 421.0 ship 0
1284.0 389.0 1292.0 399.0 1261.0 419.0 1254.0 409.0 ship 0
1181.0 471.0 1192.0 471.0 1186.0 529.0 1173.0 527.0 ship 0
1020.0 150.0 1030.0 146.0 1038.0 173.0 1028.0 176.0 ship 0
1027.0 336.0 1016.0 333.0 1021.0 312.0 1031.0 313.0 ship 0
1028.0 380.0 1017.0 380.0 1017.0 359.0 1028.0 357.0 ship 0
1027.0 418.0 1017.0 421.0 1012.0 399.0 1021.0 396.0 ship 0
1144.0 140.0 1137.0 141.0 1136.0 126.0 1142.0 123.0 ship 0
1116.0 253.0 1106.0 255.0 1101.0 232.0 1111.0 228.0 ship 0
1084.0 276.0 1074.0 276.0 1077.0 252.0 1086.0 252.0 ship 0
1058.0 272.0 1046.0 273.0 1047.0 241.0 1058.0 240.0 ship 0
1045.0 251.0 1032.0 251.0 1034.0 223.0 1046.0 223.0 ship 0
1041.0 179.0 1049.0 172.0 1069.0 192.0 1060.0 199.0 ship 0
998.0 188.0 988.0 189.0 987.0 166.0 996.0 164.0 ship 0
982.0 172.0 973.0 173.0 972.0 150.0 980.0 149.0 ship 0
984.0 223.0 971.0 223.0 969.0 194.0 980.0 191.0 ship 0
959.0 236.0 951.0 239.0 945.0 220.0 952.0 216.0 ship 0
984.0 404.0 973.0 405.0 970.0 366.0 981.0 365.0 ship 0
1016.0 499.0 1007.0 502.0 995.0 469.0 1005.0 465.0 ship 0
974.0 655.0 985.0 651.0 1002.0 686.0 993.0 691.0 ship 0
965.0 661.0 974.0 656.0 991.0 691.0 981.0 695.0 ship 0
983.0 701.0 975.0 706.0 955.0 666.0 965.0 660.0 ship 0
926.0 1596.0 917.0 1534.0 1408.0 1469.0 1416.0 1523.0 ship 0
1000.0 1664.0 995.0 1619.0 1379.0 1572.0 1388.0 1625.0 ship 0
915.0 83.0 903.0 82.0 906.0 55.0 915.0 55.0 ship 0
1031.0 141.0 1022.0 145.0 1014.0 128.0 1021.0 123.0 ship 0
1054.0 138.0 1063.0 135.0 1074.0 166.0 1064.0 169.0 ship 0
1173.0 508.0 1161.0 504.0 1171.0 465.0 1183.0 466.0 ship 0
1036.0 119.0 1049.0 115.0 1061.0 171.0 1050.0 173.0 ship 0
1196.0 411.0 1213.0 412.0 1210.0 528.0 1190.0 528.0 ship 0
1149.0 511.0 1165.0 506.0 1195.0 591.0 1179.0 598.0 ship 0
1136.0 525.0 1152.0 521.0 1176.0 593.0 1163.0 600.0 ship 0
1126.0 539.0 1140.0 534.0 1160.0 595.0 1146.0 600.0 ship 0
1111.0 540.0 1126.0 535.0 1145.0 599.0 1130.0 604.0 ship 0
1096.0 545.0 1111.0 541.0 1128.0 609.0 1114.0 614.0 ship 0
1076.0 538.0 1094.0 533.0 1113.0 616.0 1093.0 622.0 ship 0
1006.0 587.0 1015.0 576.0 1049.0 608.0 1041.0 617.0 ship 0
1093.0 403.0 1084.0 399.0 1092.0 379.0 1101.0 381.0 ship 0
1144.0 366.0 1134.0 365.0 1138.0 343.0 1147.0 344.0 ship 0
1086.0 387.0 1076.0 385.0 1083.0 360.0 1092.0 361.0 ship 0
1125.0 341.0 1116.0 346.0 1106.0 326.0 1115.0 321.0 ship 0
1087.0 346.0 1076.0 344.0 1081.0 322.0 1091.0 323.0 ship 0
1107.0 316.0 1096.0 317.0 1095.0 294.0 1104.0 291.0 ship 0
1156.0 289.0 1144.0 289.0 1144.0 265.0 1155.0 264.0 ship 0
1160.0 275.0 1166.0 266.0 1186.0 280.0 1181.0 288.0 ship 0
1300.0 284.0 1301.0 294.0 1280.0 299.0 1276.0 288.0 ship 0
1211.0 304.0 1220.0 299.0 1233.0 326.0 1221.0 332.0 ship 0
1173.0 231.0 1184.0 231.0 1185.0 259.0 1176.0 260.0 ship 0
1173.0 171.0 1166.0 175.0 1158.0 159.0 1166.0 155.0 ship 0
1024.0 124.0 1035.0 121.0 1048.0 170.0 1040.0 172.0 ship 0
280.0 1126.0 381.0 1123.0 392.0 1899.0 301.0 1899.0 harbor 0
