imagesource:GoogleEarth
gsd:0.146812101224
687.0 1624.0 691.0 1609.0 725.0 1612.0 724.0 1624.0 ship 0
738.0 1407.0 733.0 1421.0 704.0 1407.0 709.0 1396.0 small-vehicle 0
630.0 1742.0 642.0 1741.0 645.0 1773.0 631.0 1774.0 small-vehicle 0
654.0 1491.0 660.0 1481.0 687.0 1496.0 680.0 1508.0 small-vehicle 0
694.0 1482.0 690.0 1493.0 668.0 1481.0 673.0 1471.0 small-vehicle 0
708.0 1470.0 704.0 1481.0 676.0 1468.0 680.0 1457.0 small-vehicle 0
721.0 1441.0 716.0 1451.0 688.0 1440.0 693.0 1430.0 small-vehicle 0
731.0 1424.0 726.0 1436.0 696.0 1423.0 701.0 1411.0 small-vehicle 0
742.0 1395.0 738.0 1404.0 711.0 1393.0 717.0 1382.0 small-vehicle 0
633.0 3629.0 633.0 3642.0 603.0 3643.0 603.0 3630.0 small-vehicle 0
750.0 1377.0 746.0 1390.0 718.0 1379.0 726.0 1366.0 small-vehicle 0
763.0 1366.0 760.0 1378.0 735.0 1366.0 741.0 1356.0 small-vehicle 0
771.0 1350.0 767.0 1362.0 737.0 1351.0 742.0 1338.0 small-vehicle 0
747.0 1181.0 761.0 1181.0 761.0 1211.0 747.0 1211.0 small-vehicle 0
744.0 1132.0 759.0 1132.0 759.0 1166.0 744.0 1166.0 small-vehicle 0
743.0 1089.0 757.0 1089.0 757.0 1121.0 743.0 1121.0 small-vehicle 0
631.0 1783.0 646.0 1782.0 646.0 1812.0 633.0 1812.0 small-vehicle 0
635.0 1821.0 647.0 1821.0 648.0 1846.0 636.0 1847.0 small-vehicle 0
636.0 1860.0 649.0 1858.0 651.0 1891.0 636.0 1890.0 small-vehicle 0
641.0 1933.0 654.0 1931.0 656.0 1959.0 644.0 1960.0 small-vehicle 0
642.0 2007.0 656.0 2007.0 656.0 2036.0 643.0 2036.0 small-vehicle 0
641.0 1969.0 655.0 1968.0 656.0 2000.0 643.0 2001.0 small-vehicle 0
766.0 2024.0 751.0 2024.0 751.0 1979.0 766.0 1979.0 ship 0
751.0 2045.0 730.0 2046.0 730.0 1971.0 751.0 1971.0 ship 0
546.0 2118.0 546.0 2141.0 464.0 2144.0 463.0 2119.0 ship 0
729.0 2455.0 746.0 2454.0 750.0 2495.0 731.0 2496.0 ship 0
708.0 2336.0 747.0 2334.0 751.0 2441.0 712.0 2445.0 ship 0
738.0 2142.0 758.0 2146.0 751.0 2187.0 731.0 2185.0 ship 0
581.0 2324.0 568.0 2327.0 565.0 2297.0 577.0 2296.0 small-vehicle 0
665.0 2456.0 676.0 2460.0 671.0 2491.0 658.0 2486.0 small-vehicle 0
592.0 2862.0 604.0 2861.0 606.0 2886.0 594.0 2887.0 small-vehicle 0
634.0 3701.0 635.0 3714.0 604.0 3717.0 604.0 3703.0 small-vehicle 0
634.0 3681.0 636.0 3694.0 603.0 3696.0 602.0 3682.0 small-vehicle 0
736.0 1001.0 751.0 1001.0 751.0 1033.0 736.0 1033.0 small-vehicle 0
735.0 959.0 749.0 959.0 749.0 992.0 735.0 992.0 small-vehicle 0
727.0 841.0 741.0 841.0 741.0 875.0 727.0 875.0 small-vehicle 0
649.0 322.0 635.0 324.0 635.0 296.0 648.0 296.0 small-vehicle 0
682.0 1711.0 681.0 1700.0 715.0 1699.0 715.0 1711.0 ship 0
682.0 1726.0 680.0 1714.0 711.0 1711.0 714.0 1721.0 ship 0
684.0 1751.0 682.0 1737.0 726.0 1730.0 729.0 1744.0 ship 0
697.0 1774.0 698.0 1762.0 730.0 1767.0 728.0 1777.0 ship 0
695.0 1787.0 695.0 1775.0 730.0 1778.0 729.0 1790.0 ship 0
688.0 1805.0 691.0 1794.0 726.0 1803.0 723.0 1815.0 ship 0
691.0 1831.0 691.0 1820.0 726.0 1820.0 727.0 1830.0 ship 0
694.0 1844.0 693.0 1832.0 728.0 1831.0 728.0 1843.0 ship 0
698.0 1866.0 697.0 1854.0 732.0 1853.0 732.0 1865.0 ship 0
698.0 1877.0 698.0 1866.0 734.0 1867.0 734.0 1878.0 ship 0
698.0 1898.0 701.0 1886.0 736.0 1895.0 733.0 1905.0 ship 0
700.0 1913.0 703.0 1901.0 738.0 1913.0 734.0 1923.0 ship 0
722.0 1955.0 720.0 1939.0 766.0 1940.0 766.0 1956.0 ship 0
660.0 418.0 647.0 419.0 647.0 387.0 659.0 387.0 small-vehicle 0
647.0 266.0 633.0 267.0 633.0 235.0 646.0 236.0 small-vehicle 0
732.0 881.0 743.0 881.0 743.0 905.0 732.0 905.0 small-vehicle 0
673.0 99.0 685.0 99.0 685.0 128.0 673.0 128.0 small-vehicle 0
699.0 84.0 710.0 84.0 710.0 111.0 699.0 111.0 small-vehicle 0
694.0 246.0 707.0 246.0 707.0 272.0 694.0 272.0 small-vehicle 0
691.0 208.0 706.0 208.0 706.0 236.0 691.0 236.0 small-vehicle 0
697.0 321.0 709.0 321.0 709.0 348.0 697.0 348.0 small-vehicle 0
700.0 361.0 714.0 361.0 714.0 395.0 700.0 395.0 small-vehicle 0
701.0 401.0 715.0 401.0 715.0 431.0 701.0 431.0 small-vehicle 0
681.0 446.0 695.0 446.0 695.0 476.0 681.0 476.0 small-vehicle 0
706.0 477.0 719.0 477.0 719.0 505.0 706.0 505.0 small-vehicle 0
711.0 553.0 724.0 553.0 724.0 579.0 711.0 579.0 small-vehicle 0
715.0 587.0 727.0 587.0 727.0 613.0 715.0 613.0 small-vehicle 0
720.0 687.0 731.0 687.0 731.0 712.0 720.0 712.0 small-vehicle 0
724.0 760.0 736.0 760.0 736.0 790.0 724.0 790.0 small-vehicle 0
720.0 723.0 734.0 723.0 734.0 754.0 720.0 754.0 small-vehicle 0
635.0 3646.0 636.0 3659.0 606.0 3661.0 606.0 3649.0 small-vehicle 0
680.0 3697.0 679.0 3669.0 798.0 3662.0 801.0 3695.0 ship 0
1509.0 2132.0 1516.0 2121.0 1539.0 2134.0 1528.0 2142.0 small-vehicle 0
970.0 633.0 998.0 634.0 993.0 745.0 966.0 746.0 ship 0
671.0 183.0 686.0 183.0 686.0 218.0 671.0 218.0 large-vehicle 0
982.0 330.0 1005.0 330.0 1005.0 405.0 982.0 405.0 ship 0
963.0 345.0 982.0 345.0 982.0 407.0 963.0 407.0 ship 0
943.0 343.0 964.0 343.0 964.0 416.0 943.0 416.0 ship 0
985.0 428.0 1006.0 427.0 1011.0 495.0 991.0 496.0 ship 0
732.0 429.0 732.0 411.0 801.0 409.0 801.0 426.0 ship 0
997.0 640.0 1019.0 641.0 1024.0 741.0 996.0 744.0 ship 0
696.0 3752.0 698.0 3726.0 780.0 3733.0 776.0 3757.0 ship 0
1017.0 1031.0 1040.0 1031.0 1040.0 1115.0 1017.0 1115.0 ship 0
1027.0 1131.0 1047.0 1131.0 1047.0 1200.0 1027.0 1200.0 ship 0
1052.0 1707.0 1077.0 1707.0 1077.0 1793.0 1052.0 1793.0 ship 0
1097.0 2163.0 1069.0 2164.0 1061.0 2068.0 1092.0 2068.0 ship 0
1107.0 2331.0 1074.0 2336.0 1059.0 2249.0 1095.0 2245.0 ship 0
1109.0 2349.0 1099.0 2380.0 1000.0 2344.0 1014.0 2309.0 ship 0
743.0 556.0 767.0 556.0 771.0 639.0 747.0 641.0 large-vehicle 0
814.0 1013.0 791.0 1014.0 791.0 926.0 814.0 926.0 ship 0
788.0 1016.0 766.0 1013.0 765.0 919.0 789.0 918.0 ship 0
827.0 1354.0 806.0 1349.0 816.0 1258.0 840.0 1261.0 ship 0
808.0 1344.0 788.0 1344.0 787.0 1259.0 814.0 1259.0 ship 0
808.0 1227.0 783.0 1229.0 781.0 1139.0 805.0 1137.0 ship 0
791.0 1388.0 815.0 1386.0 822.0 1473.0 799.0 1476.0 ship 0
681.0 1920.0 716.0 1917.0 723.0 2023.0 690.0 2027.0 ship 0
695.0 2066.0 731.0 2065.0 734.0 2193.0 701.0 2196.0 ship 0
719.0 2507.0 749.0 2505.0 758.0 2622.0 725.0 2624.0 ship 0
671.0 2732.0 704.0 2732.0 706.0 2829.0 672.0 2832.0 ship 0
731.0 3520.0 698.0 3516.0 709.0 3409.0 741.0 3412.0 ship 0
806.0 3640.0 807.0 3658.0 693.0 3661.0 693.0 3642.0 harbor 0
811.0 3754.0 812.0 3773.0 692.0 3777.0 691.0 3756.0 harbor 0
817.0 3869.0 818.0 3889.0 700.0 3891.0 699.0 3871.0 harbor 0
822.0 3984.0 823.0 4002.0 701.0 4008.0 701.0 3988.0 harbor 0
827.0 4097.0 829.0 4116.0 706.0 4124.0 704.0 4102.0 harbor 0
701.0 2211.0 734.0 2208.0 742.0 2310.0 706.0 2312.0 ship 0
1112.0 2393.0 1103.0 2423.0 1017.0 2392.0 1029.0 2361.0 ship 0
1123.0 2580.0 1108.0 2605.0 1013.0 2541.0 1032.0 2516.0 ship 0
151.0 3245.0 139.0 3246.0 136.0 3216.0 148.0 3214.0 small-vehicle 0
707.0 3816.0 704.0 3784.0 801.0 3774.0 806.0 3806.0 ship 0
807.0 3850.0 808.0 3868.0 759.0 3870.0 758.0 3848.0 ship 0
747.0 3848.0 748.0 3871.0 700.0 3871.0 700.0 3848.0 ship 0
778.0 3891.0 778.0 3907.0 730.0 3908.0 729.0 3892.0 ship 0
704.0 3985.0 701.0 3958.0 780.0 3956.0 781.0 3982.0 ship 0
756.0 4007.0 756.0 4025.0 710.0 4028.0 709.0 4009.0 ship 0
76.0 4559.0 91.0 4559.0 91.0 4576.0 76.0 4576.0 storage-tank 0
36.0 4574.0 58.0 4574.0 58.0 4594.0 36.0 4594.0 storage-tank 0
14.0 4585.0 37.0 4585.0 37.0 4609.0 14.0 4609.0 storage-tank 0
264.0 3932.0 276.0 3931.0 278.0 3961.0 266.0 3962.0 small-vehicle 0
253.0 3850.0 266.0 3850.0 266.0 3881.0 255.0 3881.0 small-vehicle 0
224.0 3832.0 213.0 3834.0 208.0 3802.0 220.0 3801.0 small-vehicle 0
177.0 3615.0 165.0 3608.0 178.0 3583.0 191.0 3589.0 small-vehicle 0
157.0 3278.0 143.0 3280.0 141.0 3253.0 154.0 3252.0 small-vehicle 0
197.0 3186.0 184.0 3189.0 182.0 3156.0 194.0 3156.0 small-vehicle 0
1128.0 2549.0 1098.0 2569.0 1038.0 2488.0 1072.0 2466.0 ship 0
192.0 3149.0 180.0 3151.0 177.0 3121.0 190.0 3120.0 small-vehicle 0
132.0 3102.0 144.0 3101.0 147.0 3131.0 134.0 3131.0 small-vehicle 0
748.0 656.0 768.0 655.0 772.0 733.0 752.0 734.0 ship 0
786.0 860.0 759.0 861.0 755.0 772.0 782.0 772.0 ship 0
1882.0 3820.0 1886.0 3841.0 1816.0 3853.0 1811.0 3831.0 ship 0
1882.0 3795.0 1885.0 3820.0 1799.0 3832.0 1796.0 3806.0 ship 0
1630.0 3881.0 1626.0 3856.0 1729.0 3844.0 1731.0 3872.0 ship 0
1619.0 3856.0 1614.0 3822.0 1730.0 3811.0 1734.0 3841.0 ship 0
1656.0 3975.0 1705.0 3967.0 1720.0 4051.0 1676.0 4058.0 ship 0
1629.0 3982.0 1657.0 3976.0 1676.0 4066.0 1648.0 4071.0 ship 0
1601.0 3979.0 1627.0 3974.0 1648.0 4079.0 1622.0 4086.0 ship 0
1576.0 3996.0 1604.0 3991.0 1624.0 4094.0 1594.0 4100.0 ship 0
1158.0 3699.0 1094.0 3701.0 1086.0 3547.0 1149.0 3543.0 ship 0
1101.0 2851.0 1135.0 2851.0 1136.0 2956.0 1100.0 2957.0 ship 0
680.0 1688.0 681.0 1677.0 716.0 1684.0 714.0 1696.0 ship 0
682.0 1676.0 685.0 1664.0 719.0 1672.0 717.0 1685.0 ship 0
684.0 1661.0 680.0 1652.0 711.0 1644.0 715.0 1654.0 ship 0
1041.0 1362.0 1042.0 1374.0 1007.0 1374.0 1007.0 1361.0 ship 0
1055.0 1486.0 1055.0 1501.0 1007.0 1506.0 1007.0 1490.0 ship 0
1057.0 1455.0 1058.0 1475.0 1006.0 1477.0 1006.0 1457.0 ship 0
1051.0 1419.0 1052.0 1436.0 1011.0 1442.0 1008.0 1426.0 ship 0
1052.0 1396.0 1054.0 1411.0 1018.0 1416.0 1017.0 1401.0 ship 0
1054.0 1331.0 1052.0 1344.0 1012.0 1338.0 1015.0 1326.0 ship 0
1047.0 1344.0 1046.0 1356.0 1010.0 1350.0 1011.0 1338.0 ship 0
1046.0 1379.0 1043.0 1391.0 1010.0 1384.0 1012.0 1374.0 ship 0
682.0 1652.0 677.0 1639.0 707.0 1630.0 711.0 1640.0 ship 0
1427.0 87.0 1434.0 77.0 1462.0 94.0 1455.0 105.0 small-vehicle 0
1551.0 51.0 1558.0 41.0 1581.0 56.0 1576.0 66.0 small-vehicle 0
1480.0 129.0 1486.0 119.0 1515.0 136.0 1510.0 148.0 small-vehicle 0
1518.0 137.0 1524.0 126.0 1551.0 143.0 1542.0 155.0 small-vehicle 0
1521.0 232.0 1510.0 226.0 1526.0 201.0 1537.0 207.0 small-vehicle 0
1503.0 264.0 1493.0 258.0 1508.0 231.0 1520.0 236.0 small-vehicle 0
1025.0 1534.0 1037.0 1534.0 1037.0 1590.0 1025.0 1590.0 ship 0
1036.0 1530.0 1051.0 1530.0 1051.0 1589.0 1036.0 1589.0 ship 0
1051.0 1529.0 1068.0 1529.0 1068.0 1589.0 1051.0 1589.0 ship 0
1050.0 1603.0 1071.0 1604.0 1067.0 1686.0 1045.0 1684.0 ship 0
1033.0 1738.0 1044.0 1740.0 1042.0 1774.0 1030.0 1773.0 ship 0
1043.0 1736.0 1051.0 1735.0 1053.0 1766.0 1045.0 1767.0 ship 0
1026.0 1828.0 1040.0 1824.0 1049.0 1869.0 1036.0 1871.0 ship 0
1039.0 1818.0 1050.0 1815.0 1058.0 1862.0 1048.0 1865.0 ship 0
1071.0 1857.0 1059.0 1860.0 1051.0 1817.0 1064.0 1815.0 ship 0
1051.0 1884.0 1067.0 1884.0 1067.0 1936.0 1051.0 1936.0 ship 0
1033.0 1887.0 1050.0 1887.0 1050.0 1934.0 1033.0 1934.0 ship 0
1070.0 2154.0 1046.0 2156.0 1038.0 2081.0 1060.0 2079.0 ship 0
1080.0 2856.0 1104.0 2862.0 1094.0 2942.0 1067.0 2938.0 ship 0
1079.0 2983.0 1112.0 2983.0 1112.0 3070.0 1079.0 3070.0 ship 0
1114.0 2979.0 1143.0 2979.0 1143.0 3080.0 1114.0 3080.0 ship 0
1231.0 3106.0 1217.0 3106.0 1215.0 3074.0 1228.0 3074.0 small-vehicle 0
1296.0 3044.0 1281.0 3043.0 1281.0 3012.0 1295.0 3012.0 small-vehicle 0
1482.0 297.0 1471.0 290.0 1489.0 265.0 1500.0 272.0 small-vehicle 0
1340.0 517.0 1331.0 512.0 1349.0 485.0 1358.0 491.0 small-vehicle 0
1662.0 1067.0 1650.0 1061.0 1667.0 1033.0 1679.0 1041.0 small-vehicle 0
716.0 651.0 730.0 651.0 733.0 681.0 714.0 683.0 small-vehicle 0
1515.0 2117.0 1528.0 2104.0 1548.0 2115.0 1541.0 2132.0 small-vehicle 0
1847.0 2242.0 1840.0 2258.0 1813.0 2246.0 1818.0 2229.0 small-vehicle 0
1819.0 2179.0 1809.0 2195.0 1786.0 2175.0 1792.0 2163.0 small-vehicle 0
1878.0 2230.0 1883.0 2216.0 1906.0 2228.0 1899.0 2242.0 small-vehicle 0
320.0 4409.0 325.0 4429.0 291.0 4424.0 291.0 4406.0 small-vehicle 0
338.0 4397.0 339.0 4411.0 304.0 4400.0 305.0 4387.0 small-vehicle 0
336.0 4348.0 329.0 4359.0 309.0 4354.0 311.0 4340.0 small-vehicle 0
336.0 4366.0 335.0 4378.0 313.0 4370.0 311.0 4360.0 small-vehicle 0
639.0 1683.0 625.0 1682.0 618.0 1654.0 630.0 1651.0 small-vehicle 0
649.0 1505.0 658.0 1496.0 679.0 1509.0 671.0 1522.0 small-vehicle 0
643.0 1518.0 649.0 1510.0 672.0 1525.0 664.0 1538.0 small-vehicle 0
635.0 1537.0 643.0 1523.0 668.0 1541.0 664.0 1555.0 small-vehicle 0
1196.0 1537.0 1176.0 1537.0 1175.0 1499.0 1193.0 1498.0 small-vehicle 0
1178.0 1421.0 1193.0 1422.0 1192.0 1456.0 1175.0 1458.0 small-vehicle 0
730.0 644.0 716.0 647.0 710.0 619.0 726.0 619.0 small-vehicle 0
1500.0 1045.0 1506.0 1034.0 1531.0 1052.0 1524.0 1061.0 small-vehicle 0
692.0 277.0 708.0 277.0 711.0 311.0 694.0 311.0 small-vehicle 0
691.0 161.0 707.0 159.0 706.0 190.0 690.0 189.0 small-vehicle 0
1063.0 372.0 1047.0 367.0 1051.0 334.0 1062.0 335.0 small-vehicle 0
1738.0 1011.0 1727.0 1003.0 1741.0 978.0 1753.0 986.0 small-vehicle 0
1758.0 978.0 1746.0 973.0 1764.0 946.0 1776.0 954.0 small-vehicle 0
1454.0 3208.0 1456.0 3218.0 1423.0 3221.0 1423.0 3210.0 small-vehicle 0
1520.0 2421.0 1509.0 2414.0 1523.0 2395.0 1532.0 2401.0 small-vehicle 0
1557.0 2111.0 1551.0 2121.0 1526.0 2106.0 1532.0 2096.0 small-vehicle 0
1591.0 2124.0 1598.0 2113.0 1622.0 2130.0 1616.0 2140.0 small-vehicle 0
1660.0 2017.0 1666.0 2008.0 1692.0 2026.0 1685.0 2035.0 small-vehicle 0
1520.0 1361.0 1509.0 1353.0 1526.0 1330.0 1535.0 1336.0 small-vehicle 0
1591.0 1246.0 1580.0 1240.0 1596.0 1215.0 1607.0 1222.0 small-vehicle 0
1573.0 1092.0 1578.0 1081.0 1604.0 1097.0 1598.0 1106.0 small-vehicle 0
1531.0 1070.0 1537.0 1058.0 1563.0 1072.0 1558.0 1082.0 small-vehicle 0
1227.0 3060.0 1214.0 3061.0 1212.0 3032.0 1225.0 3031.0 small-vehicle 0
1225.0 3024.0 1210.0 3025.0 1209.0 2992.0 1222.0 2992.0 small-vehicle 0
1289.0 2928.0 1276.0 2930.0 1275.0 2900.0 1287.0 2899.0 small-vehicle 0
991.0 260.0 991.0 270.0 961.0 274.0 958.0 262.0 ship 0
1143.0 541.0 1131.0 542.0 1129.0 512.0 1141.0 512.0 small-vehicle 0
1233.0 767.0 1223.0 761.0 1238.0 738.0 1247.0 745.0 small-vehicle 0
1151.0 691.0 1140.0 693.0 1136.0 665.0 1149.0 664.0 small-vehicle 0
1056.0 131.0 1055.0 143.0 1027.0 139.0 1029.0 125.0 small-vehicle 0
1126.0 205.0 1112.0 205.0 1114.0 173.0 1127.0 174.0 small-vehicle 0
1076.0 57.0 1063.0 55.0 1068.0 21.0 1082.0 23.0 small-vehicle 0
1053.0 51.0 1042.0 49.0 1052.0 17.0 1064.0 20.0 small-vehicle 0
1040.0 44.0 1028.0 43.0 1033.0 11.0 1045.0 12.0 small-vehicle 0
1026.0 976.0 1010.0 976.0 1000.0 910.0 1016.0 907.0 ship 0
1037.0 967.0 1025.0 969.0 1016.0 907.0 1032.0 905.0 ship 0
994.0 309.0 994.0 320.0 960.0 324.0 957.0 313.0 ship 0
996.0 298.0 995.0 309.0 958.0 311.0 958.0 300.0 ship 0
994.0 286.0 993.0 297.0 960.0 298.0 960.0 287.0 ship 0
993.0 272.0 992.0 286.0 956.0 287.0 957.0 275.0 ship 0
992.0 250.0 991.0 259.0 959.0 260.0 959.0 250.0 ship 0
1173.0 1083.0 1160.0 1083.0 1160.0 1050.0 1173.0 1049.0 small-vehicle 0
991.0 241.0 989.0 250.0 958.0 246.0 960.0 237.0 ship 0
992.0 231.0 991.0 241.0 956.0 235.0 957.0 224.0 ship 0
945.0 197.0 937.0 219.0 876.0 195.0 886.0 172.0 ship 0
879.0 170.0 873.0 188.0 824.0 171.0 831.0 151.0 ship 0
764.0 139.0 770.0 123.0 823.0 149.0 815.0 164.0 ship 0
725.0 152.0 744.0 153.0 744.0 213.0 726.0 211.0 ship 0
735.0 396.0 734.0 384.0 771.0 384.0 771.0 395.0 ship 0
741.0 410.0 741.0 397.0 789.0 396.0 791.0 409.0 ship 0
746.0 470.0 745.0 457.0 780.0 455.0 780.0 468.0 ship 0
741.0 456.0 740.0 441.0 785.0 438.0 784.0 453.0 ship 0
737.0 441.0 737.0 430.0 781.0 428.0 781.0 437.0 ship 0
797.0 1104.0 776.0 1107.0 771.0 1041.0 793.0 1040.0 ship 0
815.0 1405.0 832.0 1402.0 841.0 1468.0 824.0 1471.0 ship 0
772.0 1608.0 785.0 1607.0 789.0 1645.0 776.0 1647.0 ship 0
1131.0 858.0 1119.0 859.0 1117.0 830.0 1130.0 830.0 small-vehicle 0
1120.0 1134.0 1106.0 1135.0 1104.0 1106.0 1117.0 1104.0 small-vehicle 0
1214.0 2883.0 1200.0 2884.0 1198.0 2853.0 1211.0 2853.0 small-vehicle 0
1279.0 2510.0 1277.0 2495.0 1310.0 2494.0 1310.0 2508.0 small-vehicle 0
1273.0 2879.0 1260.0 2879.0 1257.0 2852.0 1272.0 2851.0 small-vehicle 0
1211.0 2843.0 1198.0 2844.0 1196.0 2812.0 1209.0 2811.0 small-vehicle 0
1208.0 2807.0 1194.0 2808.0 1192.0 2776.0 1206.0 2776.0 small-vehicle 0
1203.0 2768.0 1191.0 2769.0 1190.0 2737.0 1203.0 2737.0 small-vehicle 0
1148.0 2774.0 1146.0 2762.0 1176.0 2758.0 1177.0 2770.0 small-vehicle 0
1147.0 2760.0 1146.0 2746.0 1176.0 2743.0 1179.0 2756.0 small-vehicle 0
1203.0 2730.0 1189.0 2730.0 1189.0 2700.0 1203.0 2701.0 small-vehicle 0
1200.0 2690.0 1186.0 2691.0 1183.0 2661.0 1197.0 2661.0 small-vehicle 0
1310.0 2759.0 1299.0 2753.0 1316.0 2727.0 1326.0 2734.0 small-vehicle 0
1195.0 2653.0 1181.0 2655.0 1179.0 2623.0 1192.0 2622.0 small-vehicle 0
1187.0 2610.0 1174.0 2611.0 1170.0 2580.0 1184.0 2579.0 small-vehicle 0
1183.0 2575.0 1170.0 2575.0 1167.0 2542.0 1182.0 2542.0 small-vehicle 0
1373.0 2649.0 1363.0 2643.0 1377.0 2618.0 1389.0 2625.0 small-vehicle 0
1306.0 2683.0 1296.0 2676.0 1312.0 2651.0 1321.0 2658.0 small-vehicle 0
1184.0 2526.0 1170.0 2528.0 1169.0 2496.0 1183.0 2496.0 small-vehicle 0
1148.0 1155.0 1136.0 1156.0 1133.0 1125.0 1146.0 1124.0 small-vehicle 0
1246.0 2501.0 1233.0 2501.0 1232.0 2474.0 1244.0 2474.0 small-vehicle 0
1214.0 2476.0 1201.0 2477.0 1201.0 2445.0 1213.0 2443.0 small-vehicle 0
1228.0 2395.0 1241.0 2395.0 1242.0 2421.0 1229.0 2420.0 small-vehicle 0
1239.0 2390.0 1226.0 2391.0 1226.0 2361.0 1238.0 2359.0 small-vehicle 0
1283.0 2139.0 1295.0 2146.0 1275.0 2173.0 1265.0 2165.0 small-vehicle 0
1220.0 1981.0 1207.0 1982.0 1206.0 1952.0 1218.0 1952.0 small-vehicle 0
1318.0 1909.0 1312.0 1919.0 1289.0 1905.0 1295.0 1895.0 small-vehicle 0
1225.0 1809.0 1236.0 1801.0 1251.0 1823.0 1239.0 1829.0 small-vehicle 0
1197.0 1619.0 1185.0 1618.0 1186.0 1590.0 1198.0 1591.0 small-vehicle 0
1195.0 1572.0 1181.0 1572.0 1182.0 1545.0 1194.0 1544.0 small-vehicle 0
1188.0 1325.0 1174.0 1325.0 1173.0 1296.0 1186.0 1296.0 small-vehicle 0
1180.0 1202.0 1166.0 1204.0 1167.0 1176.0 1179.0 1176.0 small-vehicle 0
1185.0 1293.0 1171.0 1294.0 1171.0 1266.0 1184.0 1265.0 small-vehicle 0
1177.0 1169.0 1163.0 1169.0 1164.0 1140.0 1177.0 1141.0 small-vehicle 0
744.0 4139.0 743.0 4119.0 815.0 4117.0 814.0 4138.0 ship 0
