imagesource:GoogleEarth
gsd:0.109133129799
3665.0 1832.0 3682.0 1847.0 3658.0 1877.0 3639.0 1863.0 small-vehicle 0
1659.0 1713.0 1681.0 1731.0 1651.0 1769.0 1631.0 1754.0 small-vehicle 0
2633.0 1953.0 2615.0 1969.0 2585.0 1938.0 2602.0 1922.0 small-vehicle 0
2956.0 2157.0 2978.0 2164.0 2961.0 2208.0 2938.0 2199.0 small-vehicle 0
2998.0 2173.0 3020.0 2182.0 3001.0 2229.0 2981.0 2223.0 small-vehicle 0
3040.0 2197.0 3065.0 2209.0 3044.0 2252.0 3021.0 2243.0 small-vehicle 0
532.0 1448.0 548.0 1430.0 581.0 1461.0 565.0 1478.0 small-vehicle 0
547.0 1430.0 565.0 1412.0 597.0 1443.0 580.0 1460.0 small-vehicle 0
1530.0 1502.0 1510.0 1523.0 1407.0 1425.0 1426.0 1404.0 large-vehicle 0
1623.0 1536.0 1643.0 1515.0 1709.0 1575.0 1688.0 1596.0 large-vehicle 0
1463.0 1614.0 1443.0 1598.0 1469.0 1565.0 1489.0 1582.0 small-vehicle 0
1483.0 1627.0 1464.0 1611.0 1493.0 1574.0 1513.0 1593.0 small-vehicle 0
1515.0 1658.0 1501.0 1645.0 1528.0 1614.0 1541.0 1625.0 small-vehicle 0
1501.0 1643.0 1528.0 1613.0 1511.0 1598.0 1483.0 1628.0 small-vehicle 0
2023.0 1566.0 2049.0 1588.0 1935.0 1703.0 1912.0 1675.0 large-vehicle 0
2090.0 1861.0 2130.0 1905.0 2147.0 1887.0 2108.0 1845.0 small-vehicle 0
2072.0 1451.0 2049.0 1479.0 1937.0 1373.0 1961.0 1348.0 large-vehicle 0
2178.0 1333.0 2157.0 1359.0 2039.0 1258.0 2062.0 1231.0 large-vehicle 0
2146.0 1672.0 2166.0 1692.0 2129.0 1725.0 2110.0 1706.0 small-vehicle 0
2171.0 1699.0 2187.0 1717.0 2149.0 1752.0 2132.0 1734.0 small-vehicle 0
2652.0 1939.0 2635.0 1955.0 2604.0 1924.0 2622.0 1908.0 small-vehicle 0
2668.0 1924.0 2650.0 1939.0 2622.0 1908.0 2638.0 1894.0 small-vehicle 0
2701.0 1893.0 2684.0 1907.0 2656.0 1879.0 2675.0 1863.0 small-vehicle 0
2956.0 2155.0 2945.0 2177.0 2903.0 2160.0 2914.0 2138.0 small-vehicle 0
2948.0 2179.0 2937.0 2200.0 2896.0 2181.0 2904.0 2161.0 small-vehicle 0
2836.0 2184.0 2854.0 2201.0 2826.0 2228.0 2811.0 2214.0 small-vehicle 0
2853.0 2204.0 2867.0 2218.0 2841.0 2249.0 2825.0 2238.0 small-vehicle 0
2888.0 2231.0 2903.0 2248.0 2876.0 2275.0 2858.0 2259.0 small-vehicle 0
1568.0 1537.0 1587.0 1520.0 1618.0 1553.0 1600.0 1572.0 small-vehicle 0
1642.0 1698.0 1660.0 1715.0 1630.0 1755.0 1608.0 1737.0 small-vehicle 0
4095.0 1917.0 4107.0 1901.0 4199.0 1977.0 4183.0 1996.0 large-vehicle 0
4068.0 1946.0 4089.0 1926.0 4200.0 2030.0 4184.0 2046.0 large-vehicle 0
2667.0 1140.0 2685.0 1154.0 2774.0 1042.0 2758.0 1027.0 large-vehicle 0
2702.0 1142.0 2715.0 1157.0 2783.0 1080.0 2766.0 1063.0 large-vehicle 0
2700.0 1187.0 2716.0 1204.0 2804.0 1104.0 2786.0 1086.0 large-vehicle 0
2650.0 1410.0 2669.0 1427.0 2754.0 1338.0 2733.0 1318.0 large-vehicle 0
2637.0 1343.0 2652.0 1356.0 2715.0 1286.0 2700.0 1271.0 large-vehicle 0
2691.0 1416.0 2711.0 1435.0 2786.0 1350.0 2768.0 1329.0 large-vehicle 0
2998.0 921.0 2985.0 936.0 2892.0 845.0 2906.0 827.0 large-vehicle 0
2965.0 928.0 2950.0 944.0 2873.0 880.0 2888.0 862.0 large-vehicle 0
2945.0 949.0 2931.0 964.0 2855.0 901.0 2873.0 882.0 large-vehicle 0
2917.0 967.0 2900.0 987.0 2831.0 926.0 2850.0 906.0 large-vehicle 0
3369.0 1143.0 3382.0 1123.0 3479.0 1208.0 3460.0 1227.0 large-vehicle 0
3416.0 1101.0 3434.0 1081.0 3528.0 1164.0 3513.0 1181.0 large-vehicle 0
3440.0 1073.0 3454.0 1058.0 3552.0 1139.0 3532.0 1157.0 large-vehicle 0
3458.0 1053.0 3474.0 1034.0 3565.0 1114.0 3550.0 1133.0 large-vehicle 0
3476.0 1028.0 3492.0 1011.0 3585.0 1092.0 3571.0 1110.0 large-vehicle 0
3876.0 1521.0 3893.0 1536.0 3963.0 1451.0 3946.0 1436.0 large-vehicle 0
3927.0 1562.0 3950.0 1579.0 4019.0 1498.0 3996.0 1475.0 large-vehicle 0
3957.0 1587.0 3974.0 1599.0 4046.0 1520.0 4026.0 1505.0 large-vehicle 0
3983.0 1608.0 3999.0 1625.0 4070.0 1544.0 4053.0 1528.0 large-vehicle 0
4013.0 1631.0 4031.0 1646.0 4099.0 1562.0 4080.0 1546.0 large-vehicle 0
4031.0 1659.0 4053.0 1675.0 4133.0 1581.0 4109.0 1567.0 large-vehicle 0
4061.0 1680.0 4079.0 1694.0 4152.0 1603.0 4133.0 1592.0 large-vehicle 0
3946.0 2084.0 3965.0 2067.0 4068.0 2161.0 4053.0 2179.0 large-vehicle 0
4016.0 2001.0 4036.0 1981.0 4130.0 2066.0 4109.0 2086.0 large-vehicle 0
4045.0 1974.0 4062.0 1956.0 4157.0 2041.0 4141.0 2060.0 large-vehicle 0
2923.0 2257.0 2940.0 2276.0 2906.0 2308.0 2890.0 2291.0 small-vehicle 0
2954.0 2292.0 2969.0 2308.0 2938.0 2337.0 2924.0 2324.0 small-vehicle 0
2971.0 2308.0 2986.0 2323.0 2957.0 2354.0 2941.0 2338.0 small-vehicle 0
2874.0 2212.0 2889.0 2226.0 2858.0 2255.0 2846.0 2243.0 large-vehicle 0
2340.0 2108.0 2356.0 2094.0 2394.0 2128.0 2378.0 2143.0 small-vehicle 0
2216.0 2265.0 2200.0 2252.0 2225.0 2224.0 2238.0 2236.0 small-vehicle 0
2191.0 2258.0 2173.0 2244.0 2200.0 2211.0 2216.0 2223.0 small-vehicle 0
2171.0 2238.0 2157.0 2227.0 2181.0 2198.0 2196.0 2211.0 small-vehicle 0
2146.0 2218.0 2131.0 2205.0 2155.0 2176.0 2171.0 2189.0 small-vehicle 0
2130.0 2201.0 2114.0 2189.0 2135.0 2164.0 2149.0 2175.0 small-vehicle 0
2072.0 2150.0 2055.0 2137.0 2080.0 2099.0 2097.0 2111.0 small-vehicle 0
1894.0 1936.0 1908.0 1951.0 1878.0 1979.0 1863.0 1961.0 small-vehicle 0
1899.0 2000.0 1883.0 1987.0 1910.0 1958.0 1924.0 1970.0 small-vehicle 0
1940.0 1982.0 1955.0 1995.0 1929.0 2026.0 1913.0 2012.0 small-vehicle 0
2030.0 2016.0 2015.0 2028.0 1982.0 1993.0 1998.0 1981.0 small-vehicle 0
2051.0 1990.0 2037.0 2004.0 2004.0 1971.0 2020.0 1956.0 small-vehicle 0
2073.0 1951.0 2065.0 1970.0 2022.0 1949.0 2029.0 1929.0 small-vehicle 0
2092.0 1935.0 2081.0 1950.0 2046.0 1924.0 2057.0 1908.0 small-vehicle 0
1100.0 2026.0 1083.0 2040.0 1056.0 2003.0 1073.0 1992.0 small-vehicle 0
1038.0 2027.0 1051.0 2012.0 1081.0 2039.0 1068.0 2052.0 small-vehicle 0
1073.0 2063.0 1059.0 2080.0 1022.0 2049.0 1035.0 2033.0 small-vehicle 0
1060.0 2089.0 1045.0 2103.0 1018.0 2071.0 1031.0 2059.0 small-vehicle 0
997.0 2083.0 1008.0 2071.0 1036.0 2098.0 1024.0 2111.0 small-vehicle 0
1181.0 2224.0 1166.0 2242.0 1120.0 2202.0 1137.0 2185.0 small-vehicle 0
1289.0 2247.0 1276.0 2265.0 1241.0 2234.0 1255.0 2217.0 small-vehicle 0
1225.0 2250.0 1239.0 2234.0 1272.0 2266.0 1257.0 2281.0 small-vehicle 0
1256.0 2284.0 1241.0 2300.0 1205.0 2268.0 1218.0 2251.0 small-vehicle 0
1203.0 2295.0 1192.0 2310.0 1158.0 2281.0 1172.0 2265.0 small-vehicle 0
2171.0 1767.0 2155.0 1751.0 2185.0 1725.0 2199.0 1740.0 small-vehicle 0
2488.0 2213.0 2480.0 2230.0 2444.0 2216.0 2451.0 2198.0 small-vehicle 0
3052.0 2277.0 3035.0 2259.0 3068.0 2222.0 3087.0 2239.0 large-vehicle 0
2985.0 2324.0 3000.0 2339.0 2973.0 2371.0 2957.0 2357.0 small-vehicle 0
3104.0 2144.0 3095.0 2114.0 3224.0 2073.0 3236.0 2101.0 large-vehicle 0
3006.0 2341.0 3020.0 2355.0 2990.0 2387.0 2975.0 2375.0 small-vehicle 0
2938.0 2277.0 2955.0 2293.0 2925.0 2325.0 2906.0 2308.0 small-vehicle 0
2980.0 2165.0 2998.0 2173.0 2977.0 2220.0 2957.0 2210.0 small-vehicle 0
3021.0 2184.0 3043.0 2192.0 3021.0 2238.0 3004.0 2231.0 small-vehicle 0
3095.0 2145.0 3122.0 2168.0 3083.0 2213.0 3057.0 2192.0 large-vehicle 0
3121.0 2169.0 3151.0 2196.0 3110.0 2238.0 3084.0 2215.0 large-vehicle 0
3232.0 2169.0 3263.0 2194.0 3218.0 2244.0 3190.0 2217.0 large-vehicle 0
3283.0 2114.0 3313.0 2137.0 3275.0 2179.0 3247.0 2156.0 large-vehicle 0
355.0 591.0 367.0 560.0 515.0 624.0 502.0 652.0 large-vehicle 0
602.0 815.0 596.0 792.0 642.0 783.0 646.0 802.0 small-vehicle 0
647.0 806.0 655.0 826.0 623.0 843.0 613.0 820.0 small-vehicle 0
637.0 1402.0 619.0 1385.0 659.0 1347.0 677.0 1364.0 small-vehicle 0
706.0 1393.0 723.0 1409.0 698.0 1440.0 682.0 1425.0 small-vehicle 0
739.0 1420.0 756.0 1437.0 732.0 1464.0 715.0 1450.0 small-vehicle 0
1545.0 1623.0 1562.0 1637.0 1532.0 1671.0 1517.0 1659.0 small-vehicle 0
1565.0 1638.0 1579.0 1650.0 1552.0 1681.0 1538.0 1668.0 small-vehicle 0
1587.0 1652.0 1602.0 1667.0 1576.0 1698.0 1561.0 1683.0 small-vehicle 0
1607.0 1665.0 1621.0 1680.0 1593.0 1712.0 1578.0 1698.0 small-vehicle 0
1620.0 1695.0 1634.0 1707.0 1607.0 1737.0 1593.0 1723.0 small-vehicle 0
1696.0 1776.0 1679.0 1765.0 1700.0 1734.0 1716.0 1745.0 small-vehicle 0
1718.0 1782.0 1700.0 1768.0 1725.0 1733.0 1742.0 1744.0 small-vehicle 0
2883.0 1031.0 2866.0 1052.0 2772.0 977.0 2791.0 956.0 large-vehicle 0
3226.0 978.0 3200.0 966.0 3254.0 847.0 3280.0 859.0 large-vehicle 0
3288.0 1052.0 3266.0 1035.0 3346.0 935.0 3369.0 952.0 large-vehicle 0
3309.0 1070.0 3290.0 1054.0 3370.0 952.0 3392.0 971.0 large-vehicle 0
2700.0 1661.0 2677.0 1668.0 2644.0 1528.0 2669.0 1523.0 large-vehicle 0
