imagesource:GoogleEarth
gsd:0.271503160256
1878.0 3415.0 1872.0 3416.0 1869.0 3396.0 1875.0 3393.0 small-vehicle 0
1431.0 173.0 1424.0 172.0 1425.0 157.0 1431.0 158.0 small-vehicle 0
1451.0 175.0 1446.0 175.0 1446.0 160.0 1452.0 159.0 small-vehicle 0
1461.0 174.0 1453.0 175.0 1455.0 158.0 1461.0 158.0 small-vehicle 0
1471.0 174.0 1463.0 175.0 1463.0 158.0 1469.0 157.0 small-vehicle 0
1481.0 161.0 1489.0 160.0 1489.0 175.0 1482.0 175.0 small-vehicle 0
1513.0 176.0 1508.0 176.0 1506.0 159.0 1514.0 160.0 small-vehicle 0
1549.0 175.0 1542.0 176.0 1543.0 159.0 1549.0 159.0 small-vehicle 0
1601.0 176.0 1594.0 176.0 1592.0 160.0 1599.0 160.0 small-vehicle 0
1577.0 175.0 1569.0 175.0 1568.0 157.0 1575.0 157.0 small-vehicle 0
1587.0 24.0 1588.0 32.0 1574.0 32.0 1573.0 24.0 small-vehicle 1
1606.0 23.0 1607.0 33.0 1590.0 33.0 1589.0 24.0 small-vehicle 0
1676.0 26.0 1677.0 34.0 1663.0 34.0 1662.0 26.0 small-vehicle 1
1760.0 26.0 1761.0 36.0 1747.0 34.0 1747.0 26.0 small-vehicle 1
1942.0 68.0 1949.0 68.0 1948.0 85.0 1942.0 86.0 small-vehicle 0
1975.0 178.0 1969.0 179.0 1967.0 161.0 1975.0 159.0 small-vehicle 0
1972.0 124.0 1964.0 124.0 1965.0 109.0 1972.0 107.0 small-vehicle 0
1898.0 143.0 1890.0 143.0 1891.0 125.0 1897.0 124.0 small-vehicle 0
1877.0 177.0 1870.0 178.0 1870.0 161.0 1875.0 160.0 small-vehicle 0
1867.0 176.0 1861.0 175.0 1859.0 161.0 1866.0 159.0 small-vehicle 1
1850.0 175.0 1841.0 176.0 1842.0 158.0 1850.0 158.0 small-vehicle 0
1833.0 177.0 1824.0 177.0 1823.0 157.0 1830.0 157.0 small-vehicle 0
1839.0 140.0 1830.0 139.0 1831.0 121.0 1838.0 121.0 small-vehicle 0
1442.0 174.0 1434.0 174.0 1434.0 160.0 1442.0 158.0 small-vehicle 1
1417.0 170.0 1409.0 168.0 1415.0 153.0 1422.0 156.0 small-vehicle 0
1795.0 124.0 1788.0 124.0 1787.0 108.0 1795.0 107.0 small-vehicle 0
1404.0 167.0 1397.0 164.0 1407.0 150.0 1413.0 156.0 small-vehicle 0
1270.0 2574.0 1277.0 2574.0 1276.0 2591.0 1269.0 2590.0 small-vehicle 0
1247.0 1289.0 1239.0 1290.0 1236.0 1273.0 1244.0 1271.0 small-vehicle 0
1187.0 666.0 1194.0 663.0 1199.0 678.0 1194.0 680.0 small-vehicle 0
1231.0 643.0 1239.0 646.0 1233.0 657.0 1226.0 656.0 small-vehicle 1
1265.0 552.0 1257.0 551.0 1257.0 536.0 1264.0 535.0 small-vehicle 0
1298.0 547.0 1291.0 547.0 1293.0 531.0 1299.0 532.0 small-vehicle 0
1296.0 85.0 1291.0 79.0 1301.0 70.0 1307.0 76.0 small-vehicle 1
1295.0 31.0 1290.0 23.0 1303.0 14.0 1308.0 19.0 small-vehicle 0
1297.0 18.0 1292.0 13.0 1302.0 3.0 1308.0 8.0 small-vehicle 1
1385.0 46.0 1386.0 55.0 1370.0 54.0 1370.0 46.0 small-vehicle 0
1371.0 65.0 1370.0 56.0 1386.0 58.0 1385.0 64.0 small-vehicle 0
1370.0 73.0 1371.0 66.0 1385.0 66.0 1385.0 74.0 small-vehicle 1
1372.0 82.0 1372.0 75.0 1385.0 74.0 1386.0 81.0 small-vehicle 1
1372.0 91.0 1372.0 83.0 1385.0 84.0 1385.0 91.0 small-vehicle 1
1369.0 99.0 1370.0 92.0 1386.0 92.0 1385.0 100.0 small-vehicle 0
1370.0 108.0 1369.0 101.0 1385.0 100.0 1385.0 109.0 small-vehicle 0
1370.0 117.0 1370.0 110.0 1386.0 110.0 1386.0 118.0 small-vehicle 0
1379.0 143.0 1374.0 138.0 1386.0 130.0 1390.0 137.0 small-vehicle 1
1372.0 125.0 1371.0 117.0 1386.0 118.0 1387.0 126.0 small-vehicle 0
1387.0 153.0 1382.0 148.0 1390.0 139.0 1395.0 143.0 small-vehicle 1
1395.0 159.0 1389.0 154.0 1395.0 142.0 1401.0 145.0 small-vehicle 1
1806.0 125.0 1799.0 124.0 1801.0 105.0 1806.0 105.0 small-vehicle 0
1769.0 121.0 1761.0 122.0 1761.0 105.0 1769.0 105.0 small-vehicle 0
1887.0 3411.0 1879.0 3411.0 1877.0 3395.0 1884.0 3393.0 small-vehicle 0
1644.0 122.0 1651.0 122.0 1651.0 137.0 1645.0 138.0 small-vehicle 0
1617.0 122.0 1609.0 122.0 1609.0 107.0 1618.0 107.0 small-vehicle 0
1633.0 139.0 1624.0 139.0 1624.0 123.0 1632.0 122.0 small-vehicle 0
1705.0 86.0 1696.0 86.0 1697.0 70.0 1705.0 70.0 small-vehicle 0
1701.0 53.0 1708.0 53.0 1707.0 70.0 1701.0 70.0 small-vehicle 0
1686.0 88.0 1677.0 88.0 1677.0 70.0 1685.0 70.0 small-vehicle 0
1667.0 71.0 1675.0 71.0 1674.0 87.0 1667.0 87.0 small-vehicle 0
1645.0 86.0 1638.0 86.0 1637.0 67.0 1644.0 66.0 small-vehicle 0
1636.0 65.0 1629.0 66.0 1629.0 52.0 1637.0 52.0 small-vehicle 1
1628.0 68.0 1634.0 68.0 1635.0 85.0 1629.0 85.0 small-vehicle 0
1612.0 50.0 1618.0 50.0 1618.0 68.0 1611.0 68.0 small-vehicle 0
1594.0 54.0 1603.0 53.0 1602.0 69.0 1596.0 69.0 small-vehicle 0
1592.0 69.0 1586.0 70.0 1585.0 52.0 1592.0 51.0 small-vehicle 0
1575.0 68.0 1567.0 68.0 1567.0 52.0 1575.0 51.0 small-vehicle 0
1558.0 52.0 1564.0 52.0 1564.0 67.0 1557.0 67.0 small-vehicle 0
1558.0 68.0 1564.0 67.0 1565.0 84.0 1558.0 84.0 small-vehicle 0
1516.0 52.0 1521.0 51.0 1521.0 66.0 1515.0 68.0 small-vehicle 0
1522.0 70.0 1528.0 70.0 1528.0 84.0 1521.0 83.0 small-vehicle 1
1519.0 88.0 1512.0 88.0 1512.0 72.0 1519.0 71.0 small-vehicle 0
1488.0 52.0 1495.0 51.0 1494.0 67.0 1489.0 67.0 small-vehicle 0
1492.0 68.0 1499.0 68.0 1500.0 81.0 1494.0 83.0 small-vehicle 1
1483.0 70.0 1490.0 70.0 1489.0 84.0 1482.0 84.0 small-vehicle 1
1638.0 122.0 1629.0 121.0 1629.0 106.0 1637.0 105.0 small-vehicle 0
1662.0 136.0 1655.0 135.0 1654.0 122.0 1661.0 121.0 small-vehicle 1
1769.0 137.0 1761.0 137.0 1763.0 123.0 1769.0 123.0 small-vehicle 1
1672.0 137.0 1663.0 137.0 1664.0 121.0 1670.0 120.0 small-vehicle 0
1789.0 177.0 1783.0 178.0 1782.0 161.0 1788.0 161.0 small-vehicle 0
1778.0 177.0 1772.0 177.0 1771.0 161.0 1779.0 161.0 small-vehicle 0
1744.0 177.0 1736.0 177.0 1736.0 159.0 1742.0 158.0 small-vehicle 0
1734.0 177.0 1727.0 176.0 1726.0 158.0 1734.0 158.0 small-vehicle 0
1760.0 176.0 1755.0 177.0 1754.0 159.0 1761.0 159.0 small-vehicle 0
1760.0 138.0 1753.0 138.0 1753.0 122.0 1759.0 122.0 small-vehicle 0
1750.0 140.0 1744.0 140.0 1743.0 124.0 1750.0 123.0 small-vehicle 0
1750.0 121.0 1745.0 121.0 1745.0 103.0 1750.0 105.0 small-vehicle 0
1735.0 121.0 1728.0 120.0 1729.0 105.0 1734.0 105.0 small-vehicle 0
1741.0 142.0 1734.0 142.0 1733.0 125.0 1739.0 124.0 small-vehicle 0
1731.0 140.0 1724.0 139.0 1723.0 122.0 1732.0 123.0 small-vehicle 0
1725.0 122.0 1719.0 122.0 1719.0 107.0 1724.0 106.0 small-vehicle 0
1715.0 120.0 1707.0 120.0 1707.0 103.0 1714.0 104.0 small-vehicle 0
1721.0 142.0 1713.0 141.0 1712.0 125.0 1720.0 123.0 small-vehicle 0
1710.0 139.0 1702.0 139.0 1703.0 119.0 1710.0 119.0 small-vehicle 0
1699.0 122.0 1691.0 122.0 1692.0 104.0 1698.0 105.0 small-vehicle 0
1690.0 121.0 1683.0 121.0 1681.0 103.0 1691.0 103.0 small-vehicle 0
1680.0 121.0 1671.0 119.0 1673.0 105.0 1679.0 103.0 small-vehicle 1
1654.0 122.0 1646.0 123.0 1647.0 106.0 1654.0 105.0 small-vehicle 0
1690.0 137.0 1684.0 138.0 1684.0 122.0 1690.0 122.0 small-vehicle 0
1681.0 136.0 1673.0 135.0 1673.0 119.0 1680.0 119.0 small-vehicle 0
1262.0 2580.0 1254.0 2580.0 1251.0 2565.0 1261.0 2564.0 small-vehicle 0
1904.0 2701.0 1903.0 2694.0 1919.0 2695.0 1918.0 2703.0 small-vehicle 0
1936.0 2744.0 1936.0 2735.0 1949.0 2736.0 1949.0 2743.0 small-vehicle 1
123.0 95.0 124.0 103.0 108.0 104.0 107.0 96.0 small-vehicle 0
229.0 366.0 236.0 366.0 237.0 384.0 228.0 384.0 small-vehicle 0
333.0 22.0 327.0 28.0 317.0 15.0 321.0 8.0 small-vehicle 0
402.0 74.0 397.0 80.0 385.0 69.0 388.0 62.0 small-vehicle 0
402.0 93.0 396.0 97.0 386.0 86.0 392.0 80.0 small-vehicle 1
420.0 109.0 415.0 114.0 403.0 103.0 406.0 97.0 small-vehicle 0
392.0 122.0 385.0 129.0 372.0 115.0 377.0 108.0 small-vehicle 0
436.0 64.0 431.0 70.0 415.0 58.0 421.0 52.0 small-vehicle 0
454.0 81.0 450.0 87.0 437.0 77.0 439.0 71.0 small-vehicle 0
323.0 199.0 323.0 210.0 299.0 208.0 299.0 200.0 small-vehicle 0
421.0 93.0 415.0 99.0 403.0 86.0 408.0 81.0 small-vehicle 0
567.0 61.0 568.0 70.0 544.0 70.0 543.0 61.0 small-vehicle 0
538.0 148.0 539.0 156.0 521.0 157.0 521.0 150.0 small-vehicle 0
518.0 150.0 517.0 158.0 502.0 156.0 501.0 150.0 small-vehicle 0
516.0 162.0 515.0 169.0 499.0 168.0 499.0 160.0 small-vehicle 0
575.0 162.0 579.0 171.0 565.0 175.0 560.0 168.0 small-vehicle 1
549.0 169.0 551.0 175.0 536.0 175.0 535.0 170.0 small-vehicle 0
651.0 184.0 657.0 190.0 648.0 201.0 641.0 196.0 small-vehicle 1
664.0 233.0 657.0 237.0 647.0 224.0 654.0 220.0 small-vehicle 0
635.0 231.0 630.0 237.0 618.0 227.0 622.0 221.0 small-vehicle 0
649.0 230.0 644.0 236.0 632.0 223.0 638.0 217.0 small-vehicle 0
618.0 231.0 613.0 236.0 606.0 227.0 611.0 222.0 small-vehicle 1
344.0 157.0 350.0 160.0 343.0 172.0 336.0 170.0 small-vehicle 1
105.0 54.0 113.0 54.0 111.0 71.0 105.0 70.0 small-vehicle 0
1689.0 2943.0 1687.0 2934.0 1704.0 2935.0 1703.0 2943.0 small-vehicle 0
48.0 221.0 53.0 229.0 42.0 235.0 37.0 229.0 small-vehicle 1
665.0 615.0 763.0 616.0 765.0 733.0 664.0 734.0 plane 0
1010.0 605.0 1144.0 607.0 1142.0 777.0 1004.0 774.0 plane 0
1227.0 601.0 1334.0 601.0 1334.0 719.0 1227.0 719.0 plane 0
746.0 896.0 743.0 1032.0 607.0 1033.0 609.0 897.0 plane 0
752.0 1447.0 623.0 1447.0 619.0 1576.0 753.0 1574.0 plane 0
754.0 1787.0 619.0 1786.0 615.0 1912.0 753.0 1914.0 plane 0
744.0 1948.0 622.0 1949.0 617.0 2079.0 747.0 2079.0 plane 0
747.0 2131.0 632.0 2133.0 631.0 2228.0 748.0 2229.0 plane 0
745.0 2417.0 627.0 2421.0 627.0 2519.0 746.0 2518.0 plane 0
743.0 2548.0 625.0 2547.0 622.0 2648.0 745.0 2648.0 plane 0
1260.0 1306.0 1121.0 1302.0 1121.0 1429.0 1263.0 1432.0 plane 0
1258.0 1621.0 1112.0 1622.0 1109.0 1755.0 1261.0 1761.0 plane 0
1267.0 1848.0 1123.0 1849.0 1121.0 1977.0 1267.0 1980.0 plane 0
1254.0 2318.0 1104.0 2317.0 1109.0 2444.0 1252.0 2445.0 plane 0
1248.0 2518.0 1114.0 2519.0 1118.0 2649.0 1255.0 2651.0 plane 0
1129.0 3199.0 1254.0 3198.0 1254.0 3065.0 1126.0 3062.0 plane 0
1683.0 3410.0 1521.0 3330.0 1433.0 3489.0 1597.0 3574.0 plane 0
81.0 79.0 90.0 78.0 90.0 93.0 83.0 94.0 small-vehicle 0
74.0 185.0 76.0 178.0 89.0 188.0 85.0 193.0 small-vehicle 0
73.0 204.0 77.0 199.0 89.0 211.0 84.0 215.0 small-vehicle 0
33.0 225.0 34.0 232.0 22.0 232.0 22.0 225.0 small-vehicle 1
565.0 185.0 571.0 189.0 562.0 203.0 556.0 199.0 small-vehicle 0
540.0 184.0 546.0 187.0 537.0 200.0 531.0 196.0 small-vehicle 0
578.0 257.0 578.0 266.0 559.0 267.0 559.0 256.0 small-vehicle 0
123.0 102.0 123.0 111.0 109.0 111.0 107.0 103.0 small-vehicle 1
373.0 362.0 378.0 366.0 366.0 380.0 360.0 374.0 small-vehicle 1
348.0 365.0 354.0 371.0 344.0 380.0 340.0 374.0 small-vehicle 1
338.0 362.0 344.0 368.0 332.0 381.0 325.0 375.0 small-vehicle 1
264.0 391.0 260.0 383.0 275.0 375.0 279.0 384.0 small-vehicle 0
391.0 322.0 396.0 319.0 404.0 333.0 398.0 335.0 small-vehicle 0
441.0 351.0 445.0 355.0 437.0 367.0 431.0 364.0 small-vehicle 1
404.0 369.0 398.0 362.0 407.0 352.0 413.0 354.0 small-vehicle 1
364.0 414.0 356.0 416.0 348.0 402.0 353.0 397.0 small-vehicle 0
169.0 427.0 177.0 428.0 177.0 444.0 170.0 443.0 small-vehicle 0
391.0 457.0 401.0 457.0 400.0 480.0 391.0 479.0 small-vehicle 0
402.0 457.0 411.0 457.0 410.0 479.0 401.0 478.0 small-vehicle 0
550.0 555.0 550.0 548.0 563.0 550.0 562.0 557.0 small-vehicle 1
702.0 471.0 711.0 472.0 710.0 494.0 701.0 494.0 small-vehicle 0
715.0 474.0 722.0 475.0 722.0 495.0 713.0 494.0 small-vehicle 0
706.0 572.0 698.0 573.0 697.0 556.0 706.0 556.0 small-vehicle 0
760.0 1431.0 753.0 1430.0 754.0 1415.0 762.0 1415.0 small-vehicle 0
771.0 1431.0 763.0 1429.0 764.0 1414.0 771.0 1415.0 small-vehicle 0
1712.0 3903.0 1714.0 3912.0 1700.0 3914.0 1697.0 3906.0 small-vehicle 1
1670.0 3868.0 1670.0 3859.0 1687.0 3861.0 1687.0 3870.0 small-vehicle 0
1700.0 3831.0 1710.0 3831.0 1708.0 3847.0 1698.0 3845.0 small-vehicle 0
1612.0 3922.0 1616.0 3916.0 1627.0 3927.0 1621.0 3930.0 small-vehicle 0
362.0 348.0 369.0 355.0 358.0 368.0 350.0 362.0 small-vehicle 1
395.0 349.0 399.0 354.0 388.0 367.0 384.0 360.0 small-vehicle 1
418.0 349.0 424.0 356.0 412.0 369.0 406.0 363.0 small-vehicle 1
575.0 44.0 569.0 49.0 557.0 33.0 562.0 28.0 small-vehicle 1
123.0 111.0 124.0 121.0 110.0 121.0 109.0 112.0 small-vehicle 1
125.0 123.0 125.0 135.0 111.0 135.0 110.0 123.0 small-vehicle 1
126.0 135.0 126.0 144.0 111.0 145.0 110.0 136.0 small-vehicle 1
611.0 184.0 618.0 187.0 611.0 202.0 603.0 199.0 small-vehicle 1
623.0 185.0 632.0 190.0 623.0 201.0 615.0 197.0 small-vehicle 1
549.0 183.0 557.0 188.0 551.0 201.0 543.0 199.0 small-vehicle 1
549.0 207.0 549.0 214.0 534.0 213.0 533.0 207.0 small-vehicle 1
603.0 40.0 596.0 47.0 585.0 34.0 590.0 29.0 small-vehicle 1
590.0 42.0 583.0 47.0 573.0 35.0 579.0 29.0 small-vehicle 1
561.0 44.0 554.0 48.0 542.0 32.0 547.0 27.0 small-vehicle 1
426.0 354.0 431.0 357.0 426.0 368.0 421.0 364.0 small-vehicle 1
282.0 320.0 288.0 317.0 295.0 329.0 288.0 332.0 small-vehicle 1
294.0 321.0 299.0 319.0 310.0 332.0 304.0 337.0 small-vehicle 1
314.0 320.0 320.0 318.0 331.0 333.0 326.0 336.0 small-vehicle 1
465.0 293.0 472.0 293.0 474.0 309.0 466.0 309.0 small-vehicle 1
481.0 294.0 488.0 294.0 488.0 312.0 480.0 310.0 small-vehicle 1
505.0 307.0 510.0 318.0 494.0 326.0 489.0 318.0 small-vehicle 1
502.0 322.0 509.0 329.0 498.0 341.0 491.0 335.0 small-vehicle 1
439.0 365.0 446.0 370.0 435.0 382.0 429.0 376.0 small-vehicle 1
448.0 352.0 455.0 356.0 448.0 369.0 441.0 366.0 small-vehicle 1
1470.0 53.0 1478.0 52.0 1479.0 69.0 1471.0 69.0 small-vehicle 0
1452.0 52.0 1460.0 51.0 1460.0 65.0 1452.0 66.0 small-vehicle 1
1425.0 69.0 1432.0 69.0 1432.0 84.0 1424.0 84.0 small-vehicle 0
1941.0 604.0 1941.0 597.0 1956.0 597.0 1958.0 602.0 small-vehicle 0
1696.0 673.0 1706.0 673.0 1704.0 691.0 1696.0 690.0 small-vehicle 0
1449.0 1042.0 1457.0 1046.0 1447.0 1059.0 1441.0 1054.0 small-vehicle 0
1472.0 1044.0 1480.0 1043.0 1481.0 1058.0 1472.0 1058.0 small-vehicle 0
1481.0 1039.0 1488.0 1039.0 1489.0 1054.0 1482.0 1054.0 small-vehicle 0
1493.0 1039.0 1500.0 1040.0 1499.0 1056.0 1492.0 1057.0 small-vehicle 0
1533.0 1043.0 1541.0 1043.0 1542.0 1058.0 1535.0 1059.0 small-vehicle 0
1546.0 1042.0 1554.0 1042.0 1553.0 1058.0 1547.0 1058.0 small-vehicle 0
1558.0 1043.0 1567.0 1043.0 1566.0 1058.0 1558.0 1058.0 small-vehicle 0
1577.0 1041.0 1583.0 1041.0 1584.0 1055.0 1578.0 1055.0 small-vehicle 1
1608.0 1040.0 1615.0 1040.0 1616.0 1054.0 1609.0 1054.0 small-vehicle 1
1601.0 1041.0 1606.0 1041.0 1606.0 1055.0 1600.0 1054.0 small-vehicle 1
1628.0 1039.0 1636.0 1038.0 1638.0 1054.0 1631.0 1054.0 small-vehicle 0
1640.0 1036.0 1650.0 1037.0 1648.0 1052.0 1642.0 1052.0 small-vehicle 0
1668.0 1031.0 1672.0 1023.0 1686.0 1031.0 1683.0 1037.0 small-vehicle 0
1663.0 1039.0 1672.0 1039.0 1672.0 1054.0 1664.0 1055.0 small-vehicle 0
1672.0 1039.0 1679.0 1036.0 1683.0 1052.0 1676.0 1056.0 small-vehicle 0
1597.0 1128.0 1590.0 1126.0 1591.0 1111.0 1598.0 1110.0 small-vehicle 0
1554.0 1125.0 1546.0 1125.0 1544.0 1103.0 1553.0 1102.0 small-vehicle 0
1545.0 1125.0 1535.0 1125.0 1532.0 1104.0 1542.0 1103.0 small-vehicle 0
1521.0 1126.0 1512.0 1127.0 1510.0 1106.0 1519.0 1105.0 small-vehicle 0
1468.0 1113.0 1459.0 1116.0 1454.0 1095.0 1463.0 1093.0 small-vehicle 0
1945.0 631.0 1945.0 624.0 1958.0 624.0 1958.0 630.0 small-vehicle 1
1941.0 595.0 1940.0 588.0 1956.0 587.0 1956.0 594.0 small-vehicle 0
1951.0 355.0 1944.0 353.0 1944.0 336.0 1951.0 336.0 small-vehicle 0
1707.0 617.0 1706.0 624.0 1692.0 623.0 1692.0 616.0 small-vehicle 1
1969.0 359.0 1976.0 363.0 1970.0 377.0 1964.0 375.0 small-vehicle 0
1926.0 356.0 1921.0 362.0 1908.0 348.0 1913.0 342.0 small-vehicle 1
1920.0 362.0 1916.0 366.0 1905.0 355.0 1909.0 349.0 small-vehicle 1
1943.0 344.0 1939.0 350.0 1926.0 341.0 1931.0 334.0 small-vehicle 1
1958.0 362.0 1951.0 361.0 1951.0 343.0 1958.0 342.0 small-vehicle 1
1799.0 335.0 1799.0 344.0 1778.0 345.0 1777.0 335.0 small-vehicle 1
1871.0 485.0 1870.0 478.0 1883.0 478.0 1883.0 484.0 small-vehicle 1
1943.0 557.0 1944.0 549.0 1956.0 551.0 1956.0 558.0 small-vehicle 1
1944.0 576.0 1943.0 569.0 1956.0 570.0 1957.0 578.0 small-vehicle 1
1942.0 586.0 1941.0 576.0 1960.0 579.0 1959.0 587.0 small-vehicle 1
1942.0 612.0 1941.0 604.0 1955.0 603.0 1956.0 612.0 small-vehicle 1
1941.0 638.0 1940.0 630.0 1955.0 630.0 1955.0 639.0 small-vehicle 1
1870.0 472.0 1869.0 465.0 1883.0 466.0 1883.0 472.0 small-vehicle 1
1863.0 517.0 1864.0 510.0 1880.0 512.0 1880.0 518.0 small-vehicle 0
1863.0 533.0 1864.0 525.0 1881.0 527.0 1882.0 535.0 small-vehicle 0
1943.0 568.0 1942.0 559.0 1958.0 561.0 1956.0 570.0 small-vehicle 0
1706.0 549.0 1707.0 556.0 1692.0 558.0 1690.0 551.0 small-vehicle 0
1708.0 584.0 1708.0 593.0 1692.0 592.0 1692.0 585.0 small-vehicle 0
1707.0 560.0 1707.0 568.0 1692.0 568.0 1692.0 559.0 small-vehicle 0
1708.0 595.0 1708.0 603.0 1692.0 601.0 1693.0 594.0 small-vehicle 0
1708.0 605.0 1708.0 613.0 1692.0 612.0 1691.0 603.0 small-vehicle 0
1666.0 1019.0 1666.0 1011.0 1681.0 1012.0 1680.0 1020.0 small-vehicle 0
1663.0 965.0 1663.0 957.0 1676.0 958.0 1676.0 965.0 small-vehicle 1
1897.0 920.0 1897.0 928.0 1881.0 928.0 1880.0 921.0 small-vehicle 0
1828.0 921.0 1836.0 920.0 1838.0 939.0 1829.0 939.0 small-vehicle 0
1780.0 1249.0 1781.0 1257.0 1766.0 1258.0 1764.0 1252.0 small-vehicle 0
1763.0 1266.0 1763.0 1259.0 1778.0 1260.0 1779.0 1267.0 small-vehicle 0
1779.0 1269.0 1780.0 1278.0 1765.0 1277.0 1764.0 1269.0 small-vehicle 0
1764.0 1285.0 1763.0 1278.0 1780.0 1278.0 1780.0 1286.0 small-vehicle 0
1766.0 1294.0 1766.0 1287.0 1780.0 1287.0 1780.0 1294.0 small-vehicle 1
1766.0 1304.0 1765.0 1298.0 1779.0 1298.0 1780.0 1304.0 small-vehicle 1
1823.0 1236.0 1823.0 1243.0 1807.0 1241.0 1806.0 1234.0 small-vehicle 0
1828.0 1226.0 1826.0 1234.0 1809.0 1229.0 1811.0 1221.0 small-vehicle 0
1879.0 1240.0 1872.0 1240.0 1870.0 1222.0 1878.0 1222.0 small-vehicle 0
1785.0 1424.0 1785.0 1413.0 1807.0 1415.0 1808.0 1423.0 small-vehicle 0
1968.0 1543.0 1961.0 1540.0 1968.0 1527.0 1974.0 1530.0 small-vehicle 1
1961.0 1545.0 1969.0 1542.0 1976.0 1557.0 1968.0 1560.0 small-vehicle 0
1972.0 1544.0 1978.0 1541.0 1984.0 1557.0 1977.0 1559.0 small-vehicle 0
1958.0 1541.0 1950.0 1537.0 1956.0 1520.0 1965.0 1524.0 small-vehicle 0
1950.0 1542.0 1958.0 1538.0 1964.0 1554.0 1956.0 1555.0 small-vehicle 0
1936.0 1568.0 1935.0 1558.0 1952.0 1556.0 1954.0 1566.0 small-vehicle 0
1935.0 1574.0 1935.0 1567.0 1953.0 1568.0 1953.0 1575.0 small-vehicle 0
1937.0 1623.0 1937.0 1616.0 1953.0 1618.0 1952.0 1625.0 small-vehicle 0
1937.0 1614.0 1937.0 1607.0 1953.0 1608.0 1953.0 1614.0 small-vehicle 0
1719.0 1909.0 1726.0 1910.0 1724.0 1924.0 1716.0 1924.0 small-vehicle 1
1278.0 2266.0 1269.0 2265.0 1270.0 2249.0 1278.0 2249.0 small-vehicle 0
1764.0 1250.0 1765.0 1240.0 1782.0 1240.0 1782.0 1250.0 small-vehicle 0
1765.0 1304.0 1764.0 1315.0 1746.0 1314.0 1746.0 1304.0 small-vehicle 0
1765.0 1240.0 1764.0 1232.0 1778.0 1232.0 1779.0 1239.0 small-vehicle 1
1681.0 1342.0 1680.0 1333.0 1698.0 1336.0 1697.0 1343.0 small-vehicle 0
1840.0 923.0 1848.0 922.0 1847.0 938.0 1841.0 938.0 small-vehicle 0
1800.0 934.0 1792.0 934.0 1793.0 918.0 1802.0 918.0 small-vehicle 0
1817.0 978.0 1809.0 977.0 1810.0 959.0 1816.0 959.0 small-vehicle 0
1819.0 962.0 1826.0 962.0 1827.0 979.0 1820.0 979.0 small-vehicle 0
1830.0 961.0 1839.0 961.0 1837.0 976.0 1831.0 976.0 small-vehicle 0
1800.0 976.0 1792.0 976.0 1792.0 954.0 1799.0 953.0 small-vehicle 0
1852.0 1145.0 1858.0 1149.0 1852.0 1168.0 1844.0 1164.0 small-vehicle 0
1970.0 1188.0 1971.0 1198.0 1950.0 1198.0 1949.0 1189.0 small-vehicle 0
1784.0 1198.0 1782.0 1206.0 1769.0 1201.0 1771.0 1193.0 small-vehicle 1
1694.0 1353.0 1694.0 1345.0 1711.0 1347.0 1710.0 1355.0 small-vehicle 0
1776.0 1220.0 1778.0 1228.0 1763.0 1230.0 1764.0 1223.0 small-vehicle 0
1730.0 1271.0 1737.0 1271.0 1736.0 1286.0 1728.0 1286.0 small-vehicle 0
1760.0 1213.0 1760.0 1221.0 1746.0 1219.0 1745.0 1212.0 small-vehicle 1
1760.0 1221.0 1761.0 1230.0 1747.0 1230.0 1746.0 1221.0 small-vehicle 1
1761.0 1231.0 1762.0 1240.0 1748.0 1239.0 1749.0 1231.0 small-vehicle 1
1764.0 1241.0 1763.0 1248.0 1748.0 1248.0 1747.0 1242.0 small-vehicle 0
1762.0 1260.0 1762.0 1267.0 1747.0 1268.0 1747.0 1260.0 small-vehicle 0
1760.0 1269.0 1760.0 1275.0 1743.0 1274.0 1743.0 1268.0 small-vehicle 0
1762.0 1294.0 1763.0 1303.0 1746.0 1304.0 1745.0 1295.0 small-vehicle 0
1763.0 1221.0 1762.0 1213.0 1775.0 1212.0 1776.0 1221.0 small-vehicle 1
1966.0 367.0 1959.0 368.0 1961.0 349.0 1967.0 350.0 small-vehicle 0
1923.0 347.0 1926.0 342.0 1937.0 353.0 1933.0 357.0 small-vehicle 0
1417.0 68.0 1424.0 69.0 1423.0 82.0 1416.0 82.0 small-vehicle 1
1572.0 118.0 1564.0 118.0 1564.0 102.0 1572.0 101.0 small-vehicle 1
1590.0 121.0 1582.0 120.0 1583.0 102.0 1588.0 101.0 small-vehicle 1
1599.0 120.0 1592.0 119.0 1591.0 101.0 1599.0 101.0 small-vehicle 1
1442.0 50.0 1450.0 49.0 1449.0 65.0 1442.0 65.0 small-vehicle 1
1432.0 66.0 1440.0 66.0 1440.0 84.0 1433.0 84.0 small-vehicle 1
1451.0 66.0 1460.0 67.0 1459.0 84.0 1452.0 84.0 small-vehicle 1
1461.0 68.0 1468.0 68.0 1468.0 86.0 1461.0 85.0 small-vehicle 1
1461.0 49.0 1468.0 49.0 1467.0 67.0 1462.0 66.0 small-vehicle 1
1479.0 51.0 1486.0 50.0 1486.0 69.0 1479.0 69.0 small-vehicle 1
1501.0 67.0 1509.0 67.0 1508.0 84.0 1502.0 84.0 small-vehicle 1
1497.0 50.0 1503.0 49.0 1503.0 67.0 1495.0 67.0 small-vehicle 1
1504.0 50.0 1512.0 49.0 1513.0 66.0 1505.0 65.0 small-vehicle 1
1523.0 48.0 1531.0 48.0 1531.0 68.0 1523.0 67.0 small-vehicle 1
1533.0 48.0 1539.0 48.0 1539.0 66.0 1531.0 67.0 small-vehicle 1
1538.0 50.0 1547.0 49.0 1547.0 67.0 1540.0 66.0 small-vehicle 1
1548.0 48.0 1558.0 48.0 1555.0 65.0 1547.0 65.0 small-vehicle 1
1536.0 69.0 1545.0 68.0 1544.0 85.0 1538.0 84.0 small-vehicle 1
1549.0 65.0 1558.0 64.0 1557.0 86.0 1548.0 86.0 small-vehicle 1
1584.0 67.0 1575.0 68.0 1577.0 49.0 1582.0 49.0 small-vehicle 1
1588.0 70.0 1596.0 70.0 1596.0 88.0 1589.0 88.0 small-vehicle 1
1619.0 52.0 1625.0 51.0 1626.0 68.0 1618.0 69.0 small-vehicle 1
1638.0 48.0 1646.0 48.0 1645.0 66.0 1638.0 66.0 small-vehicle 1
1556.0 120.0 1549.0 120.0 1548.0 105.0 1556.0 104.0 small-vehicle 1
1572.0 137.0 1565.0 137.0 1564.0 120.0 1571.0 119.0 small-vehicle 1
1913.0 365.0 1910.0 372.0 1898.0 358.0 1902.0 354.0 small-vehicle 0
1564.0 138.0 1556.0 137.0 1555.0 120.0 1563.0 119.0 small-vehicle 1
1442.0 68.0 1449.0 68.0 1450.0 85.0 1443.0 84.0 small-vehicle 0
1548.0 123.0 1540.0 123.0 1540.0 106.0 1548.0 106.0 small-vehicle 0
1530.0 121.0 1523.0 121.0 1523.0 106.0 1531.0 106.0 small-vehicle 0
1526.0 124.0 1533.0 125.0 1533.0 139.0 1525.0 139.0 small-vehicle 1
1486.0 121.0 1478.0 119.0 1478.0 106.0 1484.0 105.0 small-vehicle 1
1503.0 121.0 1497.0 121.0 1496.0 106.0 1502.0 104.0 small-vehicle 0
1444.0 106.0 1450.0 106.0 1450.0 122.0 1442.0 123.0 small-vehicle 0
1441.0 121.0 1434.0 121.0 1433.0 106.0 1439.0 106.0 small-vehicle 0
1437.0 122.0 1444.0 122.0 1445.0 139.0 1437.0 139.0 small-vehicle 0
1447.0 124.0 1456.0 124.0 1455.0 140.0 1446.0 139.0 small-vehicle 0
1452.0 106.0 1457.0 106.0 1458.0 123.0 1452.0 122.0 small-vehicle 0
1422.0 118.0 1416.0 118.0 1414.0 101.0 1421.0 99.0 small-vehicle 1
1432.0 118.0 1424.0 118.0 1425.0 100.0 1432.0 99.0 small-vehicle 1
1433.0 120.0 1433.0 128.0 1416.0 128.0 1416.0 119.0 small-vehicle 1
1456.0 123.0 1465.0 122.0 1466.0 140.0 1457.0 140.0 small-vehicle 1
1475.0 121.0 1483.0 120.0 1483.0 139.0 1476.0 139.0 small-vehicle 1
1467.0 120.0 1460.0 120.0 1459.0 103.0 1465.0 102.0 small-vehicle 1
1476.0 121.0 1469.0 119.0 1469.0 103.0 1475.0 103.0 small-vehicle 1
1494.0 121.0 1486.0 121.0 1485.0 102.0 1494.0 102.0 small-vehicle 1
1512.0 121.0 1505.0 120.0 1505.0 102.0 1511.0 102.0 small-vehicle 1
1520.0 120.0 1513.0 118.0 1513.0 104.0 1521.0 104.0 small-vehicle 1
1645.0 66.0 1654.0 66.0 1654.0 84.0 1645.0 83.0 small-vehicle 1
1683.0 50.0 1690.0 50.0 1689.0 68.0 1682.0 68.0 small-vehicle 1
1633.0 25.0 1633.0 33.0 1615.0 31.0 1616.0 23.0 small-vehicle 1
1743.0 24.0 1743.0 34.0 1724.0 34.0 1724.0 25.0 small-vehicle 1
1942.0 284.0 1949.0 286.0 1947.0 302.0 1941.0 300.0 small-vehicle 0
1949.0 289.0 1955.0 289.0 1953.0 305.0 1948.0 305.0 small-vehicle 0
1956.0 293.0 1963.0 295.0 1960.0 313.0 1953.0 313.0 small-vehicle 0
1965.0 302.0 1973.0 304.0 1968.0 322.0 1961.0 319.0 small-vehicle 0
1975.0 311.0 1981.0 318.0 1975.0 330.0 1968.0 326.0 small-vehicle 1
1877.0 284.0 1870.0 284.0 1872.0 267.0 1877.0 268.0 small-vehicle 0
1877.0 311.0 1870.0 311.0 1870.0 297.0 1876.0 296.0 small-vehicle 1
1878.0 328.0 1869.0 327.0 1869.0 311.0 1877.0 312.0 small-vehicle 0
1885.0 331.0 1891.0 325.0 1900.0 337.0 1895.0 341.0 small-vehicle 0
1899.0 321.0 1894.0 326.0 1883.0 316.0 1890.0 310.0 small-vehicle 1
1912.0 334.0 1906.0 340.0 1894.0 327.0 1899.0 322.0 small-vehicle 0
1909.0 293.0 1905.0 299.0 1895.0 288.0 1900.0 282.0 small-vehicle 1
1934.0 316.0 1929.0 321.0 1920.0 310.0 1924.0 305.0 small-vehicle 1
1927.0 324.0 1922.0 329.0 1911.0 318.0 1915.0 312.0 small-vehicle 0
1915.0 308.0 1909.0 315.0 1897.0 303.0 1902.0 298.0 small-vehicle 0
1922.0 303.0 1918.0 307.0 1906.0 299.0 1912.0 293.0 small-vehicle 1
1903.0 309.0 1898.0 313.0 1888.0 306.0 1891.0 299.0 small-vehicle 1
1877.0 350.0 1871.0 349.0 1871.0 333.0 1875.0 331.0 small-vehicle 0
1882.0 384.0 1875.0 384.0 1874.0 366.0 1881.0 366.0 small-vehicle 0
1892.0 384.0 1884.0 386.0 1884.0 366.0 1891.0 367.0 small-vehicle 0
1907.0 375.0 1902.0 381.0 1892.0 367.0 1896.0 362.0 small-vehicle 0
1933.0 277.0 1942.0 279.0 1938.0 295.0 1930.0 294.0 small-vehicle 0
1925.0 271.0 1931.0 272.0 1930.0 289.0 1924.0 287.0 small-vehicle 0
1917.0 267.0 1923.0 267.0 1924.0 282.0 1918.0 282.0 small-vehicle 0
1441.0 195.0 1441.0 189.0 1453.0 191.0 1453.0 195.0 small-vehicle 1
1294.0 115.0 1291.0 105.0 1302.0 98.0 1306.0 109.0 small-vehicle 1
1296.0 71.0 1290.0 65.0 1299.0 56.0 1305.0 64.0 small-vehicle 1
1294.0 62.0 1287.0 58.0 1300.0 43.0 1306.0 49.0 small-vehicle 1
1324.0 46.0 1316.0 47.0 1315.0 27.0 1322.0 26.0 small-vehicle 1
1733.0 82.0 1726.0 82.0 1726.0 65.0 1733.0 65.0 small-vehicle 1
1810.0 140.0 1802.0 140.0 1802.0 122.0 1810.0 123.0 small-vehicle 1
1820.0 141.0 1813.0 140.0 1811.0 122.0 1819.0 121.0 small-vehicle 1
1829.0 141.0 1822.0 140.0 1821.0 121.0 1829.0 121.0 small-vehicle 1
1857.0 140.0 1850.0 139.0 1849.0 122.0 1857.0 121.0 small-vehicle 1
1661.0 198.0 1660.0 187.0 1689.0 187.0 1689.0 198.0 large-vehicle 0
1908.0 264.0 1915.0 264.0 1915.0 279.0 1909.0 278.0 small-vehicle 0
1657.0 234.0 1664.0 233.0 1667.0 251.0 1657.0 251.0 small-vehicle 0
1669.0 228.0 1677.0 229.0 1675.0 246.0 1668.0 246.0 small-vehicle 0
1812.0 277.0 1814.0 286.0 1800.0 289.0 1797.0 281.0 small-vehicle 1
1706.0 446.0 1698.0 446.0 1699.0 424.0 1706.0 424.0 small-vehicle 0
1709.0 496.0 1704.0 503.0 1689.0 489.0 1695.0 484.0 small-vehicle 0
1871.0 239.0 1878.0 239.0 1880.0 252.0 1874.0 253.0 small-vehicle 1
1881.0 246.0 1890.0 247.0 1890.0 259.0 1883.0 259.0 small-vehicle 1
1889.0 254.0 1897.0 255.0 1896.0 267.0 1890.0 266.0 small-vehicle 1
1900.0 257.0 1907.0 257.0 1905.0 271.0 1899.0 271.0 small-vehicle 1
492.0 611.0 620.0 613.0 618.0 739.0 489.0 741.0 plane 0
