imagesource:GoogleEarth
gsd:0.971308636138
430.0 351.0 534.0 362.0 509.0 543.0 405.0 534.0 ground-track-field 0
1380.0 481.0 1381.0 459.0 1423.0 462.0 1422.0 484.0 soccer-ball-field 1
919.0 547.0 928.0 547.0 926.0 565.0 917.0 565.0 tennis-court 1
907.0 545.0 917.0 546.0 915.0 564.0 906.0 563.0 tennis-court 1
895.0 544.0 904.0 545.0 903.0 564.0 894.0 563.0 tennis-court 1
921.0 520.0 930.0 522.0 929.0 539.0 920.0 538.0 tennis-court 1
909.0 521.0 918.0 521.0 917.0 538.0 908.0 538.0 tennis-court 1
897.0 519.0 906.0 519.0 904.0 537.0 896.0 536.0 tennis-court 1
923.0 496.0 932.0 497.0 931.0 513.0 923.0 512.0 tennis-court 1
912.0 494.0 921.0 495.0 919.0 512.0 910.0 511.0 tennis-court 1
899.0 493.0 908.0 493.0 907.0 511.0 898.0 510.0 tennis-court 1
923.0 460.0 933.0 461.0 931.0 484.0 922.0 484.0 tennis-court 1
904.0 457.0 914.0 458.0 912.0 484.0 902.0 483.0 tennis-court 1
824.0 445.0 900.0 452.0 892.0 565.0 816.0 558.0 soccer-ball-field 0
442.0 393.0 511.0 398.0 504.0 508.0 432.0 501.0 soccer-ball-field 0
