imagesource:GoogleEarth
gsd:0.224737260932
557.0 1676.0 548.0 1674.0 551.0 1651.0 562.0 1653.0 small-vehicle 0
3081.0 3032.0 2894.0 2976.0 2975.0 2782.0 3149.0 2843.0 plane 0
1675.0 1846.0 1675.0 1858.0 1652.0 1857.0 1652.0 1845.0 small-vehicle 0
1671.0 1835.0 1664.0 1840.0 1656.0 1821.0 1664.0 1818.0 small-vehicle 0
1675.0 1801.0 1675.0 1810.0 1654.0 1808.0 1654.0 1801.0 small-vehicle 0
1677.0 1789.0 1679.0 1799.0 1657.0 1799.0 1657.0 1790.0 small-vehicle 0
1279.0 1811.0 1277.0 1799.0 1308.0 1802.0 1307.0 1815.0 small-vehicle 0
1228.0 1719.0 1239.0 1721.0 1235.0 1741.0 1226.0 1738.0 small-vehicle 0
1021.0 1742.0 1020.0 1751.0 1001.0 1747.0 1002.0 1739.0 small-vehicle 0
1025.0 1731.0 1024.0 1740.0 1004.0 1737.0 1006.0 1728.0 small-vehicle 0
711.0 1259.0 717.0 1251.0 736.0 1262.0 730.0 1269.0 small-vehicle 1
1630.0 1740.0 1605.0 2094.0 1891.0 2115.0 1916.0 1764.0 plane 0
509.0 1556.0 501.0 1561.0 488.0 1537.0 497.0 1532.0 small-vehicle 0
3349.0 2126.0 3177.0 2110.0 3206.0 1901.0 3369.0 1921.0 plane 0
4380.0 3171.0 4245.0 3154.0 4258.0 3014.0 4402.0 3029.0 plane 0
2171.0 2317.0 2004.0 2290.0 1988.0 2459.0 2157.0 2477.0 plane 0
2090.0 1471.0 1812.0 1442.0 1839.0 1134.0 2131.0 1176.0 plane 0
1322.0 1733.0 1285.0 2038.0 1565.0 2066.0 1582.0 1759.0 plane 0
983.0 1708.0 944.0 2009.0 1245.0 2045.0 1269.0 1728.0 plane 0
490.0 1563.0 328.0 1624.0 392.0 1766.0 546.0 1686.0 plane 0
1088.0 1351.0 782.0 1315.0 823.0 1034.0 1115.0 1061.0 plane 0
754.0 1327.0 470.0 1300.0 501.0 1011.0 784.0 1042.0 plane 0
1708.0 1946.0 1718.0 1946.0 1715.0 1972.0 1705.0 1972.0 small-vehicle 0
1763.0 1958.0 1772.0 1960.0 1769.0 1983.0 1759.0 1983.0 small-vehicle 0
2968.0 1958.0 2958.0 1959.0 2956.0 1939.0 2967.0 1937.0 small-vehicle 0
2967.0 2034.0 2957.0 2031.0 2963.0 2012.0 2973.0 2013.0 small-vehicle 0
2331.0 1827.0 2331.0 1838.0 2309.0 1837.0 2310.0 1826.0 small-vehicle 0
2083.0 1453.0 2073.0 1452.0 2072.0 1432.0 2084.0 1432.0 small-vehicle 0
605.0 1389.0 607.0 1380.0 629.0 1383.0 626.0 1391.0 small-vehicle 0
633.0 1374.0 622.0 1373.0 625.0 1351.0 636.0 1352.0 small-vehicle 0
614.0 1347.0 624.0 1347.0 619.0 1370.0 610.0 1369.0 small-vehicle 0
624.0 1343.0 615.0 1343.0 616.0 1323.0 625.0 1323.0 small-vehicle 0
693.0 1298.0 695.0 1288.0 721.0 1294.0 720.0 1304.0 small-vehicle 0
1249.0 474.0 1249.0 481.0 1226.0 479.0 1226.0 471.0 small-vehicle 0
1490.0 637.0 1481.0 636.0 1485.0 614.0 1495.0 615.0 small-vehicle 0
1522.0 658.0 1514.0 657.0 1516.0 639.0 1525.0 639.0 small-vehicle 0
1533.0 663.0 1525.0 664.0 1526.0 645.0 1535.0 644.0 small-vehicle 0
1565.0 664.0 1556.0 662.0 1560.0 642.0 1569.0 644.0 small-vehicle 0
1562.0 622.0 1572.0 622.0 1565.0 643.0 1558.0 642.0 small-vehicle 0
1628.0 613.0 1637.0 613.0 1635.0 634.0 1626.0 634.0 small-vehicle 0
1646.0 607.0 1654.0 607.0 1651.0 630.0 1644.0 628.0 small-vehicle 0
1651.0 649.0 1642.0 649.0 1645.0 630.0 1653.0 630.0 small-vehicle 0
1650.0 666.0 1642.0 665.0 1643.0 650.0 1650.0 650.0 small-vehicle 0
1877.0 600.0 1868.0 600.0 1870.0 576.0 1878.0 576.0 small-vehicle 0
1905.0 580.0 1913.0 580.0 1911.0 604.0 1902.0 603.0 small-vehicle 0
999.0 456.0 978.0 623.0 1116.0 640.0 1133.0 467.0 plane 0
