imagesource:GoogleEarth
gsd:0.269650149514
632.0 1923.0 646.0 1920.0 654.0 1946.0 643.0 1947.0 large-vehicle 0
296.0 1261.0 287.0 1257.0 293.0 1242.0 301.0 1245.0 small-vehicle 0
254.0 1179.0 258.0 1187.0 238.0 1194.0 234.0 1186.0 small-vehicle 0
900.0 411.0 907.0 405.0 913.0 424.0 907.0 428.0 small-vehicle 0
907.0 408.0 912.0 402.0 922.0 422.0 912.0 422.0 small-vehicle 0
939.0 414.0 932.0 417.0 924.0 403.0 936.0 396.0 small-vehicle 0
957.0 405.0 948.0 405.0 942.0 393.0 953.0 387.0 small-vehicle 1
939.0 415.0 949.0 413.0 958.0 427.0 947.0 430.0 small-vehicle 0
718.0 244.0 582.0 310.0 632.0 416.0 769.0 357.0 plane 0
233.0 1181.0 184.0 1049.0 319.0 993.0 375.0 1124.0 plane 0
456.0 1651.0 390.0 1496.0 557.0 1417.0 624.0 1559.0 plane 0
325.0 1345.0 261.0 1210.0 418.0 1140.0 478.0 1271.0 plane 0
