imagesource:GoogleEarth
gsd:0.111323825396
1695.0 938.0 1697.0 927.0 1735.0 931.0 1733.0 946.0 small-vehicle 0
961.0 1380.0 978.0 1384.0 984.0 1346.0 966.0 1342.0 small-vehicle 0
900.0 1240.0 918.0 1242.0 924.0 1202.0 902.0 1198.0 small-vehicle 0
852.0 1193.0 870.0 1195.0 866.0 1233.0 848.0 1231.0 small-vehicle 0
830.0 1192.0 849.0 1194.0 844.0 1230.0 825.0 1229.0 small-vehicle 0
626.0 403.0 627.0 375.0 773.0 384.0 772.0 417.0 large-vehicle 0
991.0 858.0 993.0 839.0 1035.0 846.0 1032.0 867.0 small-vehicle 0
782.0 1056.0 786.0 1040.0 829.0 1049.0 826.0 1068.0 small-vehicle 0
769.0 1144.0 772.0 1130.0 814.0 1138.0 812.0 1154.0 small-vehicle 0
729.0 850.0 727.0 870.0 685.0 860.0 688.0 844.0 small-vehicle 0
682.0 817.0 682.0 800.0 725.0 806.0 725.0 822.0 small-vehicle 0
624.0 1157.0 626.0 1139.0 671.0 1146.0 669.0 1163.0 small-vehicle 0
638.0 1282.0 654.0 1283.0 660.0 1248.0 641.0 1244.0 small-vehicle 0
546.0 1496.0 566.0 1490.0 581.0 1531.0 564.0 1538.0 small-vehicle 0
192.0 1653.0 208.0 1648.0 224.0 1682.0 208.0 1687.0 small-vehicle 0
398.0 1058.0 412.0 1060.0 410.0 1091.0 395.0 1090.0 small-vehicle 0
155.0 875.0 172.0 876.0 175.0 841.0 157.0 839.0 small-vehicle 0
175.0 742.0 174.0 728.0 202.0 727.0 200.0 745.0 small-vehicle 0
316.0 931.0 332.0 923.0 351.0 953.0 337.0 963.0 small-vehicle 0
352.0 909.0 365.0 901.0 385.0 928.0 372.0 938.0 small-vehicle 0
372.0 897.0 384.0 888.0 403.0 915.0 391.0 922.0 small-vehicle 0
387.0 880.0 398.0 871.0 420.0 897.0 410.0 907.0 small-vehicle 0
410.0 863.0 423.0 856.0 442.0 884.0 430.0 892.0 small-vehicle 0
495.0 787.0 512.0 787.0 513.0 822.0 497.0 824.0 small-vehicle 0
266.0 752.0 283.0 755.0 280.0 788.0 263.0 786.0 small-vehicle 0
473.0 623.0 488.0 624.0 486.0 660.0 470.0 659.0 small-vehicle 0
469.0 290.0 487.0 270.0 567.0 342.0 549.0 364.0 large-vehicle 0
527.0 145.0 550.0 131.0 596.0 198.0 573.0 213.0 large-vehicle 0
337.0 353.0 331.0 340.0 363.0 317.0 373.0 333.0 small-vehicle 0
66.0 80.0 67.0 96.0 37.0 96.0 35.0 81.0 small-vehicle 0
199.0 99.0 217.0 101.0 213.0 139.0 195.0 136.0 small-vehicle 0
958.0 1209.0 977.0 1211.0 973.0 1248.0 954.0 1246.0 small-vehicle 0
1021.0 1405.0 1044.0 1406.0 1041.0 1451.0 1017.0 1449.0 small-vehicle 0
1750.0 1168.0 1752.0 1153.0 1785.0 1158.0 1784.0 1174.0 small-vehicle 0
1112.0 866.0 1112.0 852.0 1151.0 856.0 1151.0 873.0 small-vehicle 0
1760.0 1081.0 1762.0 1066.0 1797.0 1069.0 1796.0 1087.0 small-vehicle 0
1718.0 1076.0 1718.0 1060.0 1759.0 1065.0 1756.0 1082.0 small-vehicle 0
1752.0 1099.0 1753.0 1085.0 1795.0 1090.0 1793.0 1105.0 small-vehicle 0
1712.0 1094.0 1712.0 1080.0 1750.0 1085.0 1748.0 1099.0 small-vehicle 0
1755.0 1120.0 1755.0 1105.0 1792.0 1108.0 1791.0 1124.0 small-vehicle 0
1718.0 1112.0 1718.0 1101.0 1750.0 1104.0 1750.0 1117.0 small-vehicle 0
1698.0 1132.0 1698.0 1114.0 1754.0 1122.0 1752.0 1141.0 large-vehicle 0
1710.0 1164.0 1709.0 1149.0 1747.0 1151.0 1746.0 1166.0 small-vehicle 0
1707.0 1183.0 1707.0 1170.0 1745.0 1173.0 1744.0 1188.0 small-vehicle 0
1691.0 1200.0 1694.0 1186.0 1733.0 1194.0 1731.0 1208.0 small-vehicle 0
1692.0 1135.0 1710.0 1138.0 1702.0 1166.0 1685.0 1160.0 small-vehicle 0
1669.0 1177.0 1670.0 1164.0 1700.0 1170.0 1699.0 1184.0 small-vehicle 0
1655.0 1196.0 1655.0 1182.0 1687.0 1185.0 1686.0 1200.0 small-vehicle 0
1639.0 1213.0 1642.0 1196.0 1679.0 1204.0 1676.0 1218.0 small-vehicle 0
1604.0 932.0 1480.0 910.0 1472.0 939.0 1601.0 957.0 large-vehicle 0
1451.0 1372.0 1470.0 1376.0 1478.0 1344.0 1456.0 1338.0 small-vehicle 0
1397.0 1357.0 1417.0 1360.0 1413.0 1390.0 1395.0 1390.0 small-vehicle 0
1340.0 1368.0 1363.0 1370.0 1362.0 1415.0 1336.0 1412.0 small-vehicle 0
1307.0 1484.0 1329.0 1486.0 1324.0 1518.0 1303.0 1516.0 small-vehicle 0
1286.0 1474.0 1306.0 1478.0 1299.0 1514.0 1281.0 1511.0 small-vehicle 0
1315.0 1426.0 1334.0 1431.0 1329.0 1477.0 1309.0 1475.0 small-vehicle 0
1299.0 1378.0 1322.0 1381.0 1316.0 1422.0 1297.0 1417.0 small-vehicle 0
1268.0 1436.0 1287.0 1441.0 1292.0 1403.0 1273.0 1398.0 small-vehicle 0
1258.0 1448.0 1283.0 1452.0 1273.0 1512.0 1248.0 1509.0 small-vehicle 0
1267.0 1340.0 1264.0 1356.0 1230.0 1351.0 1230.0 1335.0 small-vehicle 0
1283.0 1266.0 1281.0 1279.0 1253.0 1275.0 1257.0 1260.0 small-vehicle 0
1056.0 1481.0 1078.0 1484.0 1083.0 1444.0 1060.0 1441.0 small-vehicle 0
1075.0 1355.0 1096.0 1359.0 1089.0 1392.0 1070.0 1389.0 small-vehicle 0
1093.0 944.0 1091.0 958.0 1056.0 955.0 1058.0 940.0 small-vehicle 0
377.0 147.0 398.0 179.0 261.0 277.0 235.0 238.0 large-vehicle 0
